horizon_start,horizon_end,request_id,batch_id,planned_visit,planned_pickup_time,committed,drop_penalty
0,60,R1,B1,True,22.0,False,335400
0,60,R2,B2,True,23.0,False,337350
0,60,R3,B3,True,26.0,False,337350
0,60,R4,B4,True,24.0,False,334050
0,60,R5,B5,True,24.0,False,329000
0,60,R6,B6,True,25.0,False,337250
0,60,R7,B7,True,27.0,False,337250
0,60,R8,B8,True,29.0,False,337250
0,60,R9,B9,True,30.0,False,334050
0,60,R10,B10,True,30.0,False,337350
0,60,R11,B11,True,33.0,False,668100
0,60,R12,B12,True,32.0,False,336300
0,60,R13,B13,True,36.0,False,337250
0,60,R14,B14,True,36.0,False,335400
0,60,R15,B15,True,37.0,False,337150
0,60,R16,B16,True,38.0,False,334050
0,60,R17,B17,True,40.0,False,329100
0,60,R18,B18,True,40.0,False,336250
0,60,R19,B19,True,41.0,False,334050
0,60,R20,B20,True,44.0,False,335400
0,60,R21,B21,True,48.0,False,329100
0,60,R22,B22,True,49.0,False,335400
0,60,R23,B23,True,50.0,False,334050
0,60,R24,B24,True,52.0,False,335400
0,60,R25,B25,True,53.0,False,334500
0,60,R26,B26,True,53.0,False,337350
0,60,R27,B27,True,54.0,False,334050
0,60,R28,B28,True,55.0,False,337350
0,60,R29,B29,True,55.0,False,674500
0,60,R30,B30,True,57.0,False,337350
0,60,R31,B31,True,60.0,False,336250
0,60,R32,B32,True,60.0,False,337250
20,80,R1,B1,True,22.0,True,347743
20,80,R2,B2,True,23.0,True,347194
20,80,R3,B3,True,26.0,True,347311
20,80,R4,B4,True,24.0,True,344842
20,80,R5,B5,True,24.0,True,341619
20,80,R6,B6,True,30.0,True,347205
20,80,R7,B7,True,27.0,True,347448
20,80,R8,B8,True,30.0,True,347205
20,80,R9,B9,True,30.0,True,344842
20,80,R10,B10,True,30.0,True,353441
20,80,R11,B11,True,33.0,True,689685
20,80,R12,B12,True,32.0,True,350887
20,80,R13,B13,True,36.0,True,346973
20,80,R14,B14,True,36.0,True,356605
20,80,R15,B15,True,37.0,True,347099
20,80,R16,B16,True,38.0,True,344842
20,80,R17,B17,True,40.0,False,347179
20,80,R18,B18,True,40.0,False,347187
20,80,R19,B19,True,41.0,False,344842
20,80,R20,B20,True,44.0,False,356605
20,80,R21,B21,True,48.0,False,347179
20,80,R22,B22,True,49.0,False,356075
20,80,R23,B23,True,50.0,False,344842
20,80,R24,B24,True,52.0,False,356605
20,80,R25,B25,True,55.0,False,342259
20,80,R26,B26,True,53.0,False,353441
20,80,R27,B27,True,54.0,False,344842
20,80,R28,B28,True,55.0,False,347194
20,80,R29,B29,True,55.0,False,694410
20,80,R30,B30,True,57.0,False,353441
20,80,R31,B31,True,60.0,False,347187
20,80,R32,B32,True,60.0,False,347205
20,80,R33,B33,True,62.0,False,335400
20,80,R34,B34,True,63.0,False,334050
20,80,R35,B35,True,67.0,False,337250
20,80,R36,B36,True,64.0,False,674700
20,80,R37,B37,True,64.0,False,322250
20,80,R38,B38,True,64.0,False,337250
20,80,R39,B39,True,65.0,False,335400
20,80,R40,B40,True,73.0,False,337250
20,80,R41,B41,True,70.0,False,337350
20,80,R42,B42,True,70.0,False,337250
20,80,R43,B43,True,71.0,False,337250
20,80,R44,B44,True,71.0,False,674700
20,80,R45,B45,True,73.0,False,674700
20,80,R46,B46,True,72.0,False,337350
20,80,R47,B47,True,73.0,False,334050
20,80,R48,B48,True,74.0,False,336300
40,100,R17,B17,True,40.0,True,365259
40,100,R18,B18,True,40.0,True,358125
40,100,R19,B19,False,,False,355635
40,100,R20,B20,True,44.0,True,377810
40,100,R21,B21,True,48.0,True,365259
40,100,R22,B22,True,49.0,True,376750
40,100,R23,B23,True,50.0,True,355635
40,100,R24,B24,True,52.0,True,377810
40,100,R25,B25,True,53.0,True,350018
40,100,R26,B26,True,53.0,True,369532
40,100,R27,B27,True,54.0,True,355635
40,100,R28,B28,True,55.0,True,357038
40,100,R29,B29,True,55.0,True,714321
40,100,R30,B30,True,57.0,True,369532
40,100,R31,B31,True,60.0,False,358125
40,100,R32,B32,True,60.0,False,357160
40,100,R33,B33,True,62.0,False,356605
40,100,R34,B34,True,63.0,False,344986
40,100,R35,B35,True,67.0,False,347205
40,100,R36,B36,True,64.0,False,694622
40,100,R37,B37,True,64.0,False,331101
40,100,R38,B38,True,64.0,False,347205
40,100,R39,B39,True,65.0,False,356075
40,100,R40,B40,True,73.0,False,347205
40,100,R41,B41,True,70.0,False,347311
40,100,R42,B42,True,70.0,False,347205
40,100,R43,B43,True,71.0,False,347205
40,100,R44,B44,True,71.0,False,706882
40,100,R45,B45,True,73.0,False,694622
40,100,R46,B46,True,72.0,False,353441
40,100,R47,B47,True,73.0,False,344986
40,100,R48,B48,True,74.0,False,346565
40,100,R49,B49,True,81.0,False,336400
40,100,R50,B50,True,82.0,False,336100
40,100,R51,B51,True,82.0,False,335550
40,100,R52,B52,True,84.0,False,335500
40,100,R53,B53,True,85.0,False,334050
40,100,R54,B54,True,84.0,False,317500
40,100,R55,B55,True,87.0,False,317500
40,100,R56,B56,True,86.0,False,337250
40,100,R57,B57,True,88.0,False,335500
40,100,R58,B58,True,90.0,False,338150
40,100,R59,B59,True,90.0,False,336800
40,100,R60,B60,True,90.0,False,335550
40,100,R61,B61,True,90.0,False,317500
40,100,R62,B62,True,91.0,False,338150
40,100,R63,B63,True,91.0,False,335500
40,100,R64,B64,True,94.0,False,334050
40,100,R65,B65,True,93.0,False,335800
40,100,R66,B66,True,94.0,False,337250
40,100,R67,B67,True,94.0,False,317500
40,100,R68,B68,True,97.0,False,335800
40,100,R69,B69,True,97.0,False,334050
40,100,R70,B70,True,98.0,False,335550
40,100,R71,B71,True,100.0,False,334500
40,100,R72,B72,True,100.0,False,333600
40,100,R73,B73,True,100.0,False,335550
60,120,R31,B31,True,60.0,True,369062
60,120,R32,B32,True,66.0,True,367116
60,120,R33,B33,True,62.0,True,377810
60,120,R34,B34,True,67.0,True,355923
60,120,R35,B35,True,63.0,True,357160
60,120,R36,B36,True,64.0,True,714545
60,120,R37,B37,True,64.0,True,339953
60,120,R38,B38,True,64.0,True,357160
60,120,R39,B39,True,65.0,True,376750
60,120,R40,B40,True,74.0,True,357160
60,120,R41,B41,True,70.0,True,357272
60,120,R42,B42,True,70.0,True,357160
60,120,R43,B43,True,71.0,True,357160
60,120,R44,B44,True,71.0,True,739065
60,120,R45,B45,True,73.0,True,714545
60,120,R46,B46,True,72.0,True,369532
60,120,R47,B47,True,73.0,True,355923
60,120,R48,B48,True,74.0,True,356830
60,120,R49,B49,True,81.0,False,355309
60,120,R50,B50,True,82.0,False,375647
60,120,R51,B51,True,82.0,False,368660
60,120,R52,B52,True,85.0,False,346835
60,120,R53,B53,True,84.0,False,344842
60,120,R54,B54,True,84.0,False,326176
60,120,R55,B55,True,87.0,False,326176
60,120,R56,B56,True,86.0,False,347205
60,120,R57,B57,True,88.0,False,346835
60,120,R58,B58,True,90.0,False,356038
60,120,R59,B59,True,90.0,False,350935
60,120,R60,B60,True,90.0,False,368660
60,120,R61,B61,True,90.0,False,326176
60,120,R62,B62,True,91.0,False,356038
60,120,R63,B63,True,91.0,False,346835
60,120,R64,B64,True,97.0,False,344986
60,120,R65,B65,True,93.0,False,347313
60,120,R66,B66,True,94.0,False,346973
60,120,R67,B67,True,94.0,False,326176
60,120,R68,B68,True,97.0,False,381855
60,120,R69,B69,True,98.0,False,344986
60,120,R70,B70,True,98.0,False,368660
60,120,R71,B71,True,100.0,False,342259
60,120,R72,B72,True,100.0,False,344961
60,120,R73,B73,True,100.0,False,368660
60,120,R74,B74,True,101.0,False,338150
60,120,R75,B75,True,101.0,False,317500
60,120,R76,B76,True,104.0,False,317500
60,120,R77,B77,True,103.0,False,1006650
60,120,R78,B78,True,107.0,False,335900
60,120,R79,B79,True,108.0,False,676300
60,120,R80,B80,True,108.0,False,335800
60,120,R81,B81,True,108.0,False,317500
60,120,R82,B82,True,110.0,False,335800
60,120,R83,B83,True,109.0,False,334050
60,120,R84,B84,True,109.0,False,335550
60,120,R85,B85,True,110.0,False,337250
60,120,R86,B86,True,111.0,False,336400
60,120,R87,B87,True,111.0,False,336700
60,120,R88,B88,True,112.0,False,335550
60,120,R89,B89,True,111.0,False,317500
60,120,R90,B90,True,113.0,False,335800
60,120,R91,B91,True,113.0,False,335550
60,120,R92,B92,True,116.0,False,334200
60,120,R93,B93,True,117.0,False,334200
60,120,R94,B94,True,118.0,False,332700
60,120,R95,B95,True,119.0,False,336700
60,120,R96,B96,True,119.0,False,332700
60,120,R97,B97,True,120.0,False,671600
80,140,R49,B49,True,81.0,True,374218
80,140,R50,B50,True,82.0,True,415195
80,140,R51,B51,True,82.0,True,401770
80,140,R52,B52,True,87.0,True,358171
80,140,R53,B53,False,,False,355635
80,140,R54,B54,True,84.0,True,334852
80,140,R55,B55,True,87.0,True,334852
80,140,R56,B56,True,89.0,True,357160
80,140,R57,B57,True,88.0,True,358171
80,140,R58,B58,True,90.0,True,373926
80,140,R59,B59,True,90.0,True,365071
80,140,R60,B60,True,90.0,True,401770
80,140,R61,B61,True,90.0,True,334852
80,140,R62,B62,True,91.0,True,373926
80,140,R63,B63,True,91.0,True,358171
80,140,R64,B64,True,91.0,True,355923
80,140,R65,B65,True,93.0,True,358827
80,140,R66,B66,True,94.0,True,356697
80,140,R67,B67,True,94.0,True,334852
80,140,R68,B68,True,97.0,True,427911
80,140,R69,B69,True,97.0,True,355923
80,140,R70,B70,True,98.0,True,401770
80,140,R71,B71,True,100.0,False,350018
80,140,R72,B72,True,100.0,False,356322
80,140,R73,B73,True,100.0,False,401770
80,140,R74,B74,True,101.0,False,356038
80,140,R75,B75,True,101.0,False,326176
80,140,R76,B76,True,104.0,False,326176
80,140,R77,B77,True,103.0,False,1105980
80,140,R78,B78,True,104.0,False,345015
80,140,R79,B79,True,108.0,False,712076
80,140,R80,B80,True,108.0,False,381855
80,140,R81,B81,True,108.0,False,326176
80,140,R82,B82,True,110.0,False,381855
80,140,R83,B83,True,110.0,False,344986
80,140,R84,B84,True,109.0,False,368660
80,140,R85,B85,True,110.0,False,346973
80,140,R86,B86,True,111.0,False,355309
80,140,R87,B87,True,111.0,False,349140
80,140,R88,B88,True,112.0,False,368660
80,140,R89,B89,True,111.0,False,326176
80,140,R90,B90,True,113.0,False,381855
80,140,R91,B91,True,113.0,False,368660
80,140,R92,B92,True,116.0,False,354725
80,140,R93,B93,True,117.0,False,354725
80,140,R94,B94,True,118.0,False,340598
80,140,R95,B95,True,119.0,False,349140
80,140,R96,B96,True,119.0,False,340598
80,140,R97,B97,True,120.0,False,763711
80,140,R98,B98,True,121.0,False,335800
80,140,R99,B99,True,122.0,False,334200
80,140,R100,B100,True,122.0,False,665400
80,140,R101,B101,True,123.0,False,671600
80,140,R102,B102,True,127.0,False,334500
80,140,R103,B103,True,123.0,False,336700
80,140,R104,B104,True,124.0,False,336700
80,140,R105,B105,True,125.0,False,336700
80,140,R106,B106,True,125.0,False,335550
80,140,R107,B107,True,126.0,False,337250
80,140,R108,B108,True,132.0,False,334050
80,140,R109,B109,True,128.0,False,332700
80,140,R110,B110,True,129.0,False,338150
80,140,R111,B111,True,129.0,False,334050
80,140,R112,B112,True,129.0,False,336800
80,140,R113,B113,True,129.0,False,335550
80,140,R114,B114,True,132.0,False,336300
80,140,R115,B115,True,134.0,False,337950
80,140,R116,B116,True,134.0,False,334500
80,140,R117,B117,True,138.0,False,337950
80,140,R118,B118,True,138.0,False,335800
80,140,R119,B119,True,138.0,False,337150
80,140,R120,B120,False,,False,317500
80,140,R121,B121,True,140.0,False,338150
80,140,R122,B122,True,140.0,False,676500
80,140,R123,B123,True,140.0,False,335450
80,140,R124,B124,True,140.0,False,337150
80,140,R125,B125,True,140.0,False,332700
100,160,R53,B53,False,,False,463563
100,160,R71,B71,False,,False,357778
100,160,R72,B72,True,100.0,True,367683
100,160,R73,B73,True,100.0,True,434880
100,160,R74,B74,True,101.0,True,409703
100,160,R75,B75,True,101.0,True,334852
100,160,R76,B76,True,104.0,True,334852
100,160,R77,B77,True,103.0,True,1205310
100,160,R78,B78,True,104.0,True,354130
100,160,R79,B79,True,108.0,True,747853
100,160,R80,B80,True,108.0,True,427911
100,160,R81,B81,True,108.0,True,334852
100,160,R82,B82,True,109.0,True,427911
100,160,R83,B83,True,110.0,True,355923
100,160,R84,B84,True,109.0,True,401770
100,160,R85,B85,True,110.0,True,356697
100,160,R86,B86,True,111.0,True,374218
100,160,R87,B87,True,111.0,True,361580
100,160,R88,B88,True,111.0,True,401770
100,160,R89,B89,True,111.0,True,334852
100,160,R90,B90,True,113.0,True,427911
100,160,R91,B91,True,114.0,True,401770
100,160,R92,B92,True,116.0,True,375250
100,160,R93,B93,True,117.0,True,375250
100,160,R94,B94,True,118.0,True,348496
100,160,R95,B95,True,119.0,True,361580
100,160,R96,B96,True,119.0,True,348496
100,160,R97,B97,True,120.0,False,855822
100,160,R98,B98,True,121.0,False,381855
100,160,R99,B99,True,122.0,False,354725
100,160,R100,B100,True,122.0,False,681196
100,160,R101,B101,True,123.0,False,763711
100,160,R102,B102,True,123.0,False,342259
100,160,R103,B103,True,123.0,False,349140
100,160,R104,B104,True,124.0,False,349140
100,160,R105,B105,True,125.0,False,349140
100,160,R106,B106,True,125.0,False,368660
100,160,R107,B107,True,126.0,False,347205
100,160,R108,B108,True,132.0,False,344986
100,160,R109,B109,True,132.0,False,340598
100,160,R110,B110,True,129.0,False,356038
100,160,R111,B111,True,129.0,False,344986
100,160,R112,B112,True,129.0,False,350935
100,160,R113,B113,True,129.0,False,368660
100,160,R114,B114,True,132.0,False,346565
100,160,R115,B115,True,134.0,False,352183
100,160,R116,B116,False,,False,342259
100,160,R117,B117,True,135.0,False,353218
100,160,R118,B118,True,138.0,False,381855
100,160,R119,B119,True,143.0,False,347099
100,160,R120,B120,False,,False,326176
100,160,R121,B121,True,140.0,False,356038
100,160,R122,B122,True,140.0,False,724571
100,160,R123,B123,True,140.0,False,355146
100,160,R124,B124,True,140.0,False,347099
100,160,R125,B125,False,,False,340598
100,160,R126,B126,True,141.0,False,338150
100,160,R127,B127,True,141.0,False,338050
100,160,R128,B128,True,141.0,False,335500
100,160,R129,B129,True,141.0,False,334150
100,160,R130,B130,True,141.0,False,336800
100,160,R131,B131,False,,False,332700
100,160,R132,B132,False,,False,337250
100,160,R133,B133,True,142.0,False,338050
100,160,R134,B134,True,142.0,False,336300
100,160,R135,B135,False,,False,329300
100,160,R136,B136,True,144.0,False,335800
100,160,R137,B137,True,144.0,False,338250
100,160,R138,B138,True,144.0,False,334200
100,160,R139,B139,True,144.0,False,676100
100,160,R140,B140,True,144.0,False,334050
100,160,R141,B141,True,144.0,False,336800
100,160,R142,B142,True,144.0,False,336700
100,160,R143,B143,True,145.0,False,338150
100,160,R144,B144,True,147.0,False,676100
100,160,R145,B145,True,145.0,False,335800
100,160,R146,B146,True,145.0,False,335500
100,160,R147,B147,True,145.0,False,336700
100,160,R148,B148,True,145.0,False,335550
100,160,R149,B149,True,146.0,False,338150
100,160,R150,B150,True,146.0,False,338400
100,160,R151,B151,True,146.0,False,334200
100,160,R152,B152,True,146.0,False,1014150
100,160,R153,B153,True,147.0,False,335800
100,160,R154,B154,True,146.0,False,336300
100,160,R155,B155,True,147.0,False,671600
100,160,R156,B156,True,149.0,False,338150
100,160,R157,B157,True,149.0,False,338400
100,160,R158,B158,True,148.0,False,338050
100,160,R159,B159,True,148.0,False,671600
100,160,R160,B160,False,,False,329300
100,160,R161,B161,True,149.0,False,337950
100,160,R162,B162,True,149.0,False,335500
100,160,R163,B163,True,151.0,False,336800
100,160,R164,B164,True,150.0,False,338250
100,160,R165,B165,True,150.0,False,338250
100,160,R166,B166,True,150.0,False,335800
100,160,R167,B167,True,150.0,False,668100
100,160,R168,B168,False,,False,334500
100,160,R169,B169,False,,False,332700
100,160,R170,B170,True,156.0,False,676100
100,160,R171,B171,True,151.0,False,335800
100,160,R172,B172,False,,False,335400
100,160,R173,B173,False,,False,335500
100,160,R174,B174,True,151.0,False,335450
100,160,R175,B175,True,153.0,False,338250
100,160,R176,B176,True,152.0,False,336400
100,160,R177,B177,True,153.0,False,338250
100,160,R178,B178,False,,False,334200
100,160,R179,B179,True,153.0,False,1014150
100,160,R180,B180,True,155.0,False,336400
100,160,R181,B181,True,154.0,False,338250
100,160,R182,B182,True,154.0,False,338250
100,160,R183,B183,True,154.0,False,334050
100,160,R184,B184,True,154.0,False,673400
100,160,R185,B185,True,154.0,False,337150
100,160,R186,B186,True,155.0,False,335800
100,160,R187,B187,True,157.0,False,668100
100,160,R188,B188,True,155.0,False,336800
100,160,R189,B189,False,,False,333600
100,160,R190,B190,True,155.0,False,336300
100,160,R191,B191,True,156.0,False,338050
100,160,R192,B192,True,156.0,False,335800
100,160,R193,B193,True,156.0,False,335500
100,160,R194,B194,True,158.0,False,334050
100,160,R195,B195,True,156.0,False,336800
100,160,R196,B196,True,156.0,False,335550
100,160,R197,B197,True,157.0,False,338050
100,160,R198,B198,True,157.0,False,336700
100,160,R199,B199,True,159.0,False,336400
100,160,R200,B200,False,,False,317500
100,160,R201,B201,True,158.0,False,338400
100,160,R202,B202,False,,False,335900
100,160,R203,B203,True,159.0,False,336300
100,160,R204,B204,True,158.0,False,673400
100,160,R205,B205,True,159.0,False,338250
100,160,R206,B206,True,159.0,False,338250
100,160,R207,B207,True,159.0,False,335800
100,160,R208,B208,True,160.0,False,338250
100,160,R209,B209,True,160.0,False,338050
100,160,R210,B210,True,160.0,False,335800
100,160,R211,B211,True,160.0,False,335500
100,160,R212,B212,False,,False,334050
100,160,R213,B213,True,160.0,False,336800
100,160,R214,B214,True,160.0,False,336400
120,180,R71,B71,False,,False,427613
120,180,R97,B97,True,120.0,True,1224266
120,180,R98,B98,True,121.0,True,520022
120,180,R99,B99,True,122.0,True,375250
120,180,R100,B100,True,122.0,True,696992
120,180,R101,B101,True,123.0,True,855822
120,180,R102,B102,False,,False,350018
120,180,R103,B103,True,123.0,True,361580
120,180,R104,B104,True,124.0,True,361580
120,180,R105,B105,True,125.0,True,361580
120,180,R106,B106,True,126.0,True,401770
120,180,R107,B107,True,126.0,True,357160
120,180,R108,B108,True,127.0,True,355923
120,180,R109,B109,False,,False,348496
120,180,R110,B110,True,129.0,True,373926
120,180,R111,B111,True,132.0,True,355923
120,180,R112,B112,True,129.0,True,365071
120,180,R113,B113,True,133.0,True,401770
120,180,R114,B114,True,132.0,True,356830
120,180,R115,B115,True,134.0,True,366416
120,180,R116,B116,False,,False,350018
120,180,R117,B117,True,135.0,True,368486
120,180,R118,B118,True,138.0,True,427911
120,180,R119,B119,True,143.0,False,357048
120,180,R120,B120,False,,False,334852
120,180,R121,B121,True,140.0,False,373926
120,180,R122,B122,True,140.0,False,772642
120,180,R123,B123,True,140.0,False,374842
120,180,R124,B124,True,140.0,False,357048
120,180,R125,B125,False,,False,348496
120,180,R126,B126,True,141.0,False,356038
120,180,R127,B127,True,141.0,False,354208
120,180,R128,B128,True,141.0,False,346835
120,180,R129,B129,True,145.0,False,350900
120,180,R130,B130,True,141.0,False,350935
120,180,R131,B131,False,,False,340598
120,180,R132,B132,False,,False,346973
120,180,R133,B133,True,142.0,False,355555
120,180,R134,B134,True,142.0,False,346565
120,180,R135,B135,False,,False,342146
120,180,R136,B136,True,145.0,False,381855
120,180,R137,B137,True,144.0,False,362285
120,180,R138,B138,True,144.0,False,354725
120,180,R139,B139,True,144.0,False,708417
120,180,R140,B140,False,,False,344842
120,180,R141,B141,True,144.0,False,350935
120,180,R142,B142,True,144.0,False,349140
120,180,R143,B143,True,145.0,False,356038
120,180,R144,B144,True,147.0,False,708417
120,180,R145,B145,True,145.0,False,381855
120,180,R146,B146,True,145.0,False,346835
120,180,R147,B147,True,145.0,False,349140
120,180,R148,B148,True,145.0,False,368660
120,180,R149,B149,True,146.0,False,356038
120,180,R150,B150,True,146.0,False,357111
120,180,R151,B151,True,146.0,False,354725
120,180,R152,B152,True,146.0,False,1062625
120,180,R153,B153,True,146.0,False,381855
120,180,R154,B154,True,146.0,False,346565
120,180,R155,B155,True,148.0,False,763711
120,180,R156,B156,True,149.0,False,356038
120,180,R157,B157,True,149.0,False,357111
120,180,R158,B158,True,148.0,False,354208
120,180,R159,B159,True,148.0,False,763711
120,180,R160,B160,False,,False,342146
120,180,R161,B161,True,149.0,False,352428
120,180,R162,B162,False,,False,346835
120,180,R163,B163,True,149.0,False,350935
120,180,R164,B164,True,150.0,False,357369
120,180,R165,B165,True,150.0,False,362285
120,180,R166,B166,True,151.0,False,381855
120,180,R167,B167,True,150.0,False,689685
120,180,R168,B168,False,,False,342259
120,180,R169,B169,False,,False,340598
120,180,R170,B170,True,151.0,False,708417
120,180,R171,B171,True,151.0,False,381855
120,180,R172,B172,False,,False,347743
120,180,R173,B173,False,,False,346835
120,180,R174,B174,True,151.0,False,355146
120,180,R175,B175,True,153.0,False,362285
120,180,R176,B176,True,152.0,False,350501
120,180,R177,B177,True,157.0,False,362285
120,180,R178,B178,True,153.0,False,354725
120,180,R179,B179,True,155.0,False,1062625
120,180,R180,B180,True,155.0,False,350501
120,180,R181,B181,True,154.0,False,357369
120,180,R182,B182,True,154.0,False,362285
120,180,R183,B183,False,,False,344842
120,180,R184,B184,True,154.0,False,698280
120,180,R185,B185,True,154.0,False,347099
120,180,R186,B186,True,155.0,False,381855
120,180,R187,B187,True,155.0,False,689973
120,180,R188,B188,True,155.0,False,350935
120,180,R189,B189,False,,False,345121
120,180,R190,B190,True,160.0,False,346440
120,180,R191,B191,True,156.0,False,355555
120,180,R192,B192,True,156.0,False,381855
120,180,R193,B193,False,,False,346835
120,180,R194,B194,False,,False,344842
120,180,R195,B195,True,159.0,False,350935
120,180,R196,B196,True,156.0,False,368660
120,180,R197,B197,True,158.0,False,354208
120,180,R198,B198,True,157.0,False,349140
120,180,R199,B199,True,157.0,False,350501
120,180,R200,B200,False,,False,326176
120,180,R201,B201,True,158.0,False,357111
120,180,R202,B202,False,,False,345015
120,180,R203,B203,False,,False,350887
120,180,R204,B204,True,158.0,False,698280
120,180,R205,B205,True,159.0,False,357369
120,180,R206,B206,True,163.0,False,362285
120,180,R207,B207,True,159.0,False,381855
120,180,R208,B208,True,164.0,False,362285
120,180,R209,B209,True,160.0,False,354208
120,180,R210,B210,True,160.0,False,381855
120,180,R211,B211,False,,False,346835
120,180,R212,B212,False,,False,344842
120,180,R213,B213,True,160.0,False,350935
120,180,R214,B214,True,160.0,False,347955
120,180,R215,B215,True,161.0,False,338400
120,180,R216,B216,True,164.0,False,338250
120,180,R217,B217,False,,False,335800
120,180,R218,B218,False,,False,336700
120,180,R219,B219,False,,False,329300
120,180,R220,B220,True,162.0,False,338250
120,180,R221,B221,True,163.0,False,338050
120,180,R222,B222,True,162.0,False,336400
120,180,R223,B223,True,162.0,False,336300
120,180,R224,B224,True,163.0,False,336400
120,180,R225,B225,True,166.0,False,338250
120,180,R226,B226,True,163.0,False,338050
120,180,R227,B227,False,,False,335500
120,180,R228,B228,True,163.0,False,336800
120,180,R229,B229,True,168.0,False,338400
120,180,R230,B230,True,164.0,False,337950
120,180,R231,B231,False,,False,334150
120,180,R232,B232,True,164.0,False,334050
120,180,R233,B233,False,,False,335800
120,180,R234,B234,True,165.0,False,336300
120,180,R235,B235,False,,False,329300
120,180,R236,B236,True,166.0,False,338250
120,180,R237,B237,True,166.0,False,676100
120,180,R238,B238,True,166.0,False,335800
120,180,R239,B239,True,169.0,False,336800
120,180,R240,B240,True,166.0,False,336700
120,180,R241,B241,True,167.0,False,335900
120,180,R242,B242,True,167.0,False,1014150
120,180,R243,B243,True,171.0,False,335800
120,180,R244,B244,False,,False,334500
120,180,R245,B245,True,170.0,False,335900
120,180,R246,B246,True,173.0,False,335800
120,180,R247,B247,True,169.0,False,673400
120,180,R248,B248,True,170.0,False,338150
120,180,R249,B249,True,170.0,False,338250
120,180,R250,B250,True,170.0,False,671600
120,180,R251,B251,True,170.0,False,673400
120,180,R252,B252,False,,False,335900
120,180,R253,B253,True,175.0,False,335800
120,180,R254,B254,False,,False,332700
120,180,R255,B255,True,172.0,False,337250
120,180,R256,B256,False,,False,335900
120,180,R257,B257,False,,False,335400
120,180,R258,B258,True,178.0,False,336400
120,180,R259,B259,True,174.0,False,676800
120,180,R260,B260,True,173.0,False,338250
120,180,R261,B261,True,179.0,False,334500
120,180,R262,B262,True,173.0,False,336800
120,180,R263,B263,True,178.0,False,338250
120,180,R264,B264,True,174.0,False,338250
120,180,R265,B265,True,174.0,False,337950
120,180,R266,B266,True,174.0,False,335800
120,180,R267,B267,True,174.0,False,336300
120,180,R268,B268,True,175.0,False,338150
120,180,R269,B269,True,175.0,False,676500
120,180,R270,B270,False,,False,329300
120,180,R271,B271,False,,False,317500
120,180,R272,B272,True,178.0,False,338150
120,180,R273,B273,True,177.0,False,338400
120,180,R274,B274,True,176.0,False,338250
120,180,R275,B275,True,176.0,False,1014150
120,180,R276,B276,False,,False,329300
120,180,R277,B277,True,178.0,False,676500
120,180,R278,B278,True,180.0,False,676100
120,180,R279,B279,True,177.0,False,334050
120,180,R280,B280,True,177.0,False,336700
120,180,R281,B281,False,,False,332700
120,180,R282,B282,True,180.0,False,338250
120,180,R283,B283,True,179.0,False,338050
120,180,R284,B284,True,179.0,False,335500
120,180,R285,B285,True,179.0,False,334150
120,180,R286,B286,True,179.0,False,336300
120,180,R287,B287,True,180.0,False,334150
140,200,R102,B102,False,,False,381056
140,200,R109,B109,False,,False,380088
140,200,R116,B116,False,,False,357778
140,200,R119,B119,True,143.0,True,366998
140,200,R120,B120,False,,False,343529
140,200,R121,B121,True,140.0,True,445479
140,200,R122,B122,True,140.0,True,964928
140,200,R123,B123,False,,False,394539
140,200,R124,B124,True,140.0,True,366998
140,200,R125,B125,False,,False,356394
140,200,R126,B126,True,141.0,True,409703
140,200,R127,B127,True,146.0,True,370367
140,200,R128,B128,False,,False,358171
140,200,R129,B129,False,,False,401150
140,200,R130,B130,True,141.0,True,393342
140,200,R131,B131,False,,False,348496
140,200,R132,B132,False,,False,356697
140,200,R133,B133,True,143.0,True,373060
140,200,R134,B134,True,146.0,True,356830
140,200,R135,B135,False,,False,354993
140,200,R136,B136,True,147.0,True,427911
140,200,R137,B137,True,144.0,True,386321
140,200,R138,B138,False,,False,375250
140,200,R139,B139,True,146.0,True,740734
140,200,R140,B140,False,,False,355635
140,200,R141,B141,True,144.0,True,365071
140,200,R142,B142,True,146.0,True,361580
140,200,R143,B143,True,145.0,True,373926
140,200,R144,B144,True,146.0,True,740734
140,200,R145,B145,True,147.0,True,427911
140,200,R146,B146,False,,False,358171
140,200,R147,B147,True,145.0,True,361580
140,200,R148,B148,True,145.0,True,401770
140,200,R149,B149,True,149.0,True,373926
140,200,R150,B150,True,146.0,True,375822
140,200,R151,B151,False,,False,375250
140,200,R152,B152,True,148.0,True,1111101
140,200,R153,B153,True,149.0,True,427911
140,200,R154,B154,True,146.0,True,356830
140,200,R155,B155,True,147.0,True,855822
140,200,R156,B156,True,152.0,True,373926
140,200,R157,B157,True,149.0,True,375822
140,200,R158,B158,True,148.0,True,370367
140,200,R159,B159,True,148.0,True,855822
140,200,R160,B160,False,,False,354993
140,200,R161,B161,True,149.0,True,366906
140,200,R162,B162,False,,False,358171
140,200,R163,B163,True,149.0,True,365071
140,200,R164,B164,True,150.0,True,376488
140,200,R165,B165,True,150.0,True,386321
140,200,R166,B166,True,151.0,True,427911
140,200,R167,B167,True,150.0,True,711271
140,200,R168,B168,False,,False,350018
140,200,R169,B169,False,,False,348496
140,200,R170,B170,True,155.0,True,740734
140,200,R171,B171,True,151.0,True,427911
140,200,R172,B172,False,,False,360086
140,200,R173,B173,False,,False,358171
140,200,R174,B174,True,151.0,True,374842
140,200,R175,B175,True,152.0,True,386321
140,200,R176,B176,True,152.0,True,364603
140,200,R177,B177,True,153.0,True,386321
140,200,R178,B178,True,155.0,True,375250
140,200,R179,B179,True,153.0,True,1111101
140,200,R180,B180,True,155.0,True,364603
140,200,R181,B181,True,154.0,True,376488
140,200,R182,B182,True,155.0,True,386321
140,200,R183,B183,False,,False,355635
140,200,R184,B184,True,154.0,True,723161
140,200,R185,B185,True,154.0,True,357048
140,200,R186,B186,True,155.0,True,427911
140,200,R187,B187,True,155.0,True,711846
140,200,R188,B188,True,155.0,True,365071
140,200,R189,B189,True,156.0,True,356642
140,200,R190,B190,True,155.0,True,356580
140,200,R191,B191,True,160.0,False,373060
140,200,R192,B192,True,158.0,True,427911
140,200,R193,B193,False,,False,358171
140,200,R194,B194,False,,False,355635
140,200,R195,B195,True,156.0,True,365071
140,200,R196,B196,True,156.0,True,401770
140,200,R197,B197,True,157.0,True,370367
140,200,R198,B198,False,,False,361580
140,200,R199,B199,False,,False,364603
140,200,R200,B200,False,,False,334852
140,200,R201,B201,True,159.0,True,375822
140,200,R202,B202,True,158.0,True,354130
140,200,R203,B203,False,,False,365475
140,200,R204,B204,True,158.0,True,723161
140,200,R205,B205,True,159.0,True,376488
140,200,R206,B206,True,160.0,False,386321
140,200,R207,B207,True,159.0,True,427911
140,200,R208,B208,True,160.0,False,386321
140,200,R209,B209,True,160.0,False,370367
140,200,R210,B210,True,160.0,False,427911
140,200,R211,B211,False,,False,358171
140,200,R212,B212,False,,False,355635
140,200,R213,B213,True,160.0,False,365071
140,200,R214,B214,True,160.0,False,359511
140,200,R215,B215,False,,False,357111
140,200,R216,B216,False,,False,362285
140,200,R217,B217,False,,False,381855
140,200,R218,B218,False,,False,349140
140,200,R219,B219,False,,False,341942
140,200,R220,B220,True,162.0,False,357369
140,200,R221,B221,True,162.0,False,354208
140,200,R222,B222,True,163.0,False,350501
140,200,R223,B223,False,,False,346565
140,200,R224,B224,True,163.0,False,347955
140,200,R225,B225,True,163.0,False,362285
140,200,R226,B226,True,163.0,False,354208
140,200,R227,B227,False,,False,346835
140,200,R228,B228,False,,False,350935
140,200,R229,B229,True,168.0,False,357111
140,200,R230,B230,True,165.0,False,352945
140,200,R231,B231,False,,False,350900
140,200,R232,B232,True,164.0,False,344842
140,200,R233,B233,True,167.0,False,381855
140,200,R234,B234,False,,False,346440
140,200,R235,B235,False,,False,341942
140,200,R236,B236,True,169.0,False,357369
140,200,R237,B237,True,166.0,False,708417
140,200,R238,B238,True,167.0,False,381855
140,200,R239,B239,True,170.0,False,350935
140,200,R240,B240,True,166.0,False,349140
140,200,R241,B241,True,167.0,False,345015
140,200,R242,B242,True,167.0,False,1062625
140,200,R243,B243,True,167.0,False,381855
140,200,R244,B244,False,,False,342259
140,200,R245,B245,True,170.0,False,345015
140,200,R246,B246,True,170.0,False,381855
140,200,R247,B247,True,169.0,False,698280
140,200,R248,B248,True,174.0,False,356038
140,200,R249,B249,True,170.0,False,362285
140,200,R250,B250,True,170.0,False,763711
140,200,R251,B251,True,170.0,False,698280
140,200,R252,B252,True,174.0,False,345015
140,200,R253,B253,True,171.0,False,381855
140,200,R254,B254,False,,False,340598
140,200,R255,B255,True,176.0,False,346973
140,200,R256,B256,False,,False,345015
140,200,R257,B257,False,,False,347743
140,200,R258,B258,True,172.0,False,355309
140,200,R259,B259,True,173.0,False,714222
140,200,R260,B260,True,173.0,False,362285
140,200,R261,B261,False,,False,342259
140,200,R262,B262,True,173.0,False,350935
140,200,R263,B263,True,174.0,False,357369
140,200,R264,B264,True,174.0,False,362285
140,200,R265,B265,True,174.0,False,352945
140,200,R266,B266,True,174.0,False,381855
140,200,R267,B267,False,,False,346565
140,200,R268,B268,True,179.0,False,356038
140,200,R269,B269,True,175.0,False,724571
140,200,R270,B270,False,,False,341942
140,200,R271,B271,False,,False,326176
140,200,R272,B272,True,176.0,False,356038
140,200,R273,B273,True,176.0,False,357111
140,200,R274,B274,True,177.0,False,362285
140,200,R275,B275,True,176.0,False,1062625
140,200,R276,B276,False,,False,342146
140,200,R277,B277,True,178.0,False,724571
140,200,R278,B278,True,177.0,False,708417
140,200,R279,B279,False,,False,344986
140,200,R280,B280,True,178.0,False,349140
140,200,R281,B281,False,,False,340598
140,200,R282,B282,True,183.0,False,362285
140,200,R283,B283,True,179.0,False,354208
140,200,R284,B284,True,179.0,False,346835
140,200,R285,B285,True,179.0,False,350900
140,200,R286,B286,False,,False,346440
140,200,R287,B287,True,180.0,False,350900
140,200,R288,B288,True,184.0,False,338400
140,200,R289,B289,True,181.0,False,675900
140,200,R290,B290,True,182.0,False,335800
140,200,R291,B291,True,182.0,False,336400
140,200,R292,B292,False,,False,317500
140,200,R293,B293,True,183.0,False,338250
140,200,R294,B294,False,,False,335900
140,200,R295,B295,True,183.0,False,1343200
140,200,R296,B296,True,183.0,False,334050
140,200,R297,B297,True,185.0,False,338150
140,200,R298,B298,True,184.0,False,338250
140,200,R299,B299,False,,False,334200
140,200,R300,B300,True,185.0,False,671600
140,200,R301,B301,True,186.0,False,335400
140,200,R302,B302,True,185.0,False,337150
140,200,R303,B303,True,186.0,False,336400
140,200,R304,B304,True,186.0,False,335500
140,200,R305,B305,True,187.0,False,338250
140,200,R306,B306,True,187.0,False,336400
140,200,R307,B307,True,188.0,False,338400
140,200,R308,B308,False,,False,335900
140,200,R309,B309,True,189.0,False,335500
140,200,R310,B310,False,,False,335550
140,200,R311,B311,True,189.0,False,338150
140,200,R312,B312,True,189.0,False,338050
140,200,R313,B313,False,,False,335500
140,200,R314,B314,False,,False,336400
140,200,R315,B315,True,192.0,False,338050
140,200,R316,B316,True,191.0,False,335800
140,200,R317,B317,True,191.0,False,676100
140,200,R318,B318,True,191.0,False,671600
140,200,R319,B319,False,,False,336300
140,200,R320,B320,True,192.0,False,338250
140,200,R321,B321,True,193.0,False,335800
140,200,R322,B322,True,193.0,False,334150
140,200,R323,B323,True,192.0,False,336700
140,200,R324,B324,False,,False,336400
140,200,R325,B325,True,193.0,False,337250
140,200,R326,B326,True,195.0,False,338050
140,200,R327,B327,True,194.0,False,335500
140,200,R328,B328,True,194.0,False,334050
140,200,R329,B329,True,195.0,False,337150
140,200,R330,B330,False,,False,332700
140,200,R331,B331,True,196.0,False,338400
140,200,R332,B332,True,195.0,False,676500
140,200,R333,B333,True,194.0,False,671600
140,200,R334,B334,True,197.0,False,335500
140,200,R335,B335,True,195.0,False,338250
140,200,R336,B336,True,195.0,False,338250
140,200,R337,B337,True,197.0,False,335900
140,200,R338,B338,True,195.0,False,676100
140,200,R339,B339,True,199.0,False,336300
140,200,R340,B340,True,196.0,False,338150
140,200,R341,B341,True,196.0,False,336400
140,200,R342,B342,True,197.0,False,338050
140,200,R343,B343,True,197.0,False,334150
140,200,R344,B344,True,198.0,False,673400
140,200,R345,B345,True,199.0,False,338150
140,200,R346,B346,True,198.0,False,676500
140,200,R347,B347,True,198.0,False,336200
140,200,R348,B348,True,199.0,False,338150
140,200,R349,B349,True,199.0,False,338250
140,200,R350,B350,True,199.0,False,334200
140,200,R351,B351,True,200.0,False,338050
140,200,R352,B352,True,199.0,False,1343200
140,200,R353,B353,True,200.0,False,334150
140,200,R354,B354,False,,False,329300
140,200,R355,B355,True,200.0,False,338150
140,200,R356,B356,True,200.0,False,338250
140,200,R357,B357,True,200.0,False,335500
140,200,R358,B358,False,,False,336400
160,220,R116,B116,False,,False,458650
160,220,R120,B120,False,,False,421617
160,220,R125,B125,False,,False,427476
160,220,R131,B131,False,,False,403782
160,220,R132,B132,False,,False,424764
160,220,R135,B135,False,,False,483461
160,220,R138,B138,False,,False,580500
160,220,R140,B140,False,,False,463563
160,220,R146,B146,False,,False,471527
160,220,R151,B151,False,,False,580500
160,220,R160,B160,False,,False,444920
160,220,R162,B162,False,,False,437520
160,220,R168,B168,False,,False,357778
160,220,R169,B169,False,,False,356394
160,220,R172,B172,False,,False,446489
160,220,R173,B173,False,,False,437520
160,220,R183,B183,False,,False,398806
160,220,R191,B191,False,,False,443081
160,220,R193,B193,False,,False,403513
160,220,R194,B194,False,,False,366428
160,220,R198,B198,False,,False,411341
160,220,R199,B199,False,,False,378705
160,220,R200,B200,False,,False,343529
160,220,R203,B203,False,,False,423826
160,220,R206,B206,True,160.0,True,482464
160,220,R208,B208,True,160.0,True,482464
160,220,R209,B209,False,,False,386525
160,220,R210,B210,False,,False,612133
160,220,R211,B211,False,,False,369506
160,220,R212,B212,False,,False,366428
160,220,R213,B213,False,,False,421613
160,220,R214,B214,True,160.0,True,371066
160,220,R215,B215,False,,False,413244
160,220,R216,B216,True,164.0,True,434392
160,220,R217,B217,False,,False,520022
160,220,R218,B218,False,,False,386461
160,220,R219,B219,False,,False,354585
160,220,R220,B220,True,166.0,True,376488
160,220,R221,B221,False,,False,370367
160,220,R222,B222,False,,False,364603
160,220,R223,B223,False,,False,356830
160,220,R224,B224,True,163.0,True,359511
160,220,R225,B225,True,163.0,True,386321
160,220,R226,B226,True,168.0,True,370367
160,220,R227,B227,False,,False,358171
160,220,R228,B228,False,,False,365071
160,220,R229,B229,True,167.0,True,375822
160,220,R230,B230,True,166.0,True,367941
160,220,R231,B231,False,,False,367650
160,220,R232,B232,False,,False,355635
160,220,R233,B233,True,167.0,True,427911
160,220,R234,B234,False,,False,356580
160,220,R235,B235,False,,False,354585
160,220,R236,B236,True,166.0,True,376488
160,220,R237,B237,True,166.0,True,740734
160,220,R238,B238,True,167.0,True,427911
160,220,R239,B239,True,169.0,True,365071
160,220,R240,B240,True,166.0,True,361580
160,220,R241,B241,False,,False,354130
160,220,R242,B242,True,167.0,True,1111101
160,220,R243,B243,True,171.0,True,427911
160,220,R244,B244,False,,False,350018
160,220,R245,B245,False,,False,354130
160,220,R246,B246,True,170.0,True,427911
160,220,R247,B247,True,169.0,True,723161
160,220,R248,B248,True,172.0,True,373926
160,220,R249,B249,True,171.0,True,386321
160,220,R250,B250,True,174.0,True,855822
160,220,R251,B251,True,173.0,True,723161
160,220,R252,B252,True,175.0,True,354130
160,220,R253,B253,True,171.0,True,427911
160,220,R254,B254,False,,False,348496
160,220,R255,B255,False,,False,356697
160,220,R256,B256,False,,False,354130
160,220,R257,B257,True,173.0,True,360086
160,220,R258,B258,True,172.0,True,374218
160,220,R259,B259,True,173.0,True,751644
160,220,R260,B260,True,174.0,True,386321
160,220,R261,B261,False,,False,350018
160,220,R262,B262,True,173.0,True,365071
160,220,R263,B263,True,178.0,True,376488
160,220,R264,B264,True,174.0,True,386321
160,220,R265,B265,True,174.0,True,367941
160,220,R266,B266,True,174.0,True,427911
160,220,R267,B267,False,,False,356830
160,220,R268,B268,True,175.0,True,373926
160,220,R269,B269,True,175.0,True,772642
160,220,R270,B270,False,,False,354585
160,220,R271,B271,False,,False,334852
160,220,R272,B272,True,180.0,False,373926
160,220,R273,B273,True,176.0,True,375822
160,220,R274,B274,True,177.0,True,386321
160,220,R275,B275,True,176.0,True,1111101
160,220,R276,B276,False,,False,354993
160,220,R277,B277,True,178.0,True,772642
160,220,R278,B278,True,177.0,True,740734
160,220,R279,B279,False,,False,355923
160,220,R280,B280,True,178.0,True,361580
160,220,R281,B281,False,,False,348496
160,220,R282,B282,True,179.0,True,386321
160,220,R283,B283,True,179.0,True,370367
160,220,R284,B284,True,179.0,True,358171
160,220,R285,B285,True,179.0,True,367650
160,220,R286,B286,False,,False,356580
160,220,R287,B287,True,182.0,False,367650
160,220,R288,B288,True,181.0,False,357111
160,220,R289,B289,True,181.0,False,706436
160,220,R290,B290,True,182.0,False,381855
160,220,R291,B291,True,182.0,False,347955
160,220,R292,B292,False,,False,326176
160,220,R293,B293,True,183.0,False,357369
160,220,R294,B294,False,,False,345015
160,220,R295,B295,True,183.0,False,1527422
160,220,R296,B296,True,183.0,False,344986
160,220,R297,B297,True,188.0,False,356038
160,220,R298,B298,True,184.0,False,362285
160,220,R299,B299,False,,False,354725
160,220,R300,B300,True,185.0,False,763711
160,220,R301,B301,True,184.0,False,347743
160,220,R302,B302,True,185.0,False,347099
160,220,R303,B303,False,,False,355309
160,220,R304,B304,True,186.0,False,346835
160,220,R305,B305,True,187.0,False,362285
160,220,R306,B306,True,187.0,False,347955
160,220,R307,B307,True,188.0,False,357111
160,220,R308,B308,False,,False,345015
160,220,R309,B309,True,191.0,False,346835
160,220,R310,B310,True,188.0,False,368660
160,220,R311,B311,True,189.0,False,356038
160,220,R312,B312,True,189.0,False,355555
160,220,R313,B313,False,,False,346835
160,220,R314,B314,False,,False,350501
160,220,R315,B315,True,190.0,False,354208
160,220,R316,B316,True,190.0,False,381855
160,220,R317,B317,True,191.0,False,708417
160,220,R318,B318,True,191.0,False,763711
160,220,R319,B319,False,,False,346440
160,220,R320,B320,True,192.0,False,362285
160,220,R321,B321,True,193.0,False,381855
160,220,R322,B322,True,192.0,False,350900
160,220,R323,B323,True,192.0,False,349140
160,220,R324,B324,False,,False,350501
160,220,R325,B325,True,193.0,False,346973
160,220,R326,B326,True,193.0,False,354208
160,220,R327,B327,True,197.0,False,346835
160,220,R328,B328,True,193.0,False,344986
160,220,R329,B329,False,,False,347099
160,220,R330,B330,False,,False,340598
160,220,R331,B331,True,196.0,False,357111
160,220,R332,B332,True,194.0,False,724571
160,220,R333,B333,True,194.0,False,763711
160,220,R334,B334,True,198.0,False,346835
160,220,R335,B335,True,195.0,False,357369
160,220,R336,B336,True,195.0,False,362285
160,220,R337,B337,False,,False,345015
160,220,R338,B338,True,195.0,False,708417
160,220,R339,B339,False,,False,346440
160,220,R340,B340,True,196.0,False,356038
160,220,R341,B341,True,196.0,False,347955
160,220,R342,B342,True,199.0,False,354208
160,220,R343,B343,True,197.0,False,350900
160,220,R344,B344,True,198.0,False,698280
160,220,R345,B345,True,199.0,False,356038
160,220,R346,B346,True,198.0,False,724571
160,220,R347,B347,False,,False,345433
160,220,R348,B348,True,199.0,False,356038
160,220,R349,B349,True,199.0,False,362285
160,220,R350,B350,True,199.0,False,354725
160,220,R351,B351,True,200.0,False,354208
160,220,R352,B352,True,200.0,False,1527422
160,220,R353,B353,True,200.0,False,350900
160,220,R354,B354,False,,False,341942
160,220,R355,B355,True,201.0,False,356038
160,220,R356,B356,True,200.0,False,362285
160,220,R357,B357,True,201.0,False,346835
160,220,R358,B358,False,,False,350501
160,220,R359,B359,True,201.0,False,338050
160,220,R360,B360,True,206.0,False,336700
160,220,R361,B361,True,203.0,False,334500
160,220,R362,B362,False,,False,335550
160,220,R363,B363,True,204.0,False,338150
160,220,R364,B364,True,204.0,False,676500
160,220,R365,B365,True,205.0,False,676300
160,220,R366,B366,True,205.0,False,338400
160,220,R367,B367,True,205.0,False,338250
160,220,R368,B368,True,205.0,False,338050
160,220,R369,B369,True,207.0,False,676300
160,220,R370,B370,True,206.0,False,336400
160,220,R371,B371,True,211.0,False,336700
160,220,R372,B372,True,208.0,False,335800
160,220,R373,B373,True,213.0,False,335550
160,220,R374,B374,False,,False,337250
160,220,R375,B375,False,,False,317500
160,220,R376,B376,True,209.0,False,338150
160,220,R377,B377,True,209.0,False,676500
160,220,R378,B378,True,209.0,False,335500
160,220,R379,B379,True,213.0,False,676500
160,220,R380,B380,True,212.0,False,676300
160,220,R381,B381,True,211.0,False,336250
160,220,R382,B382,True,212.0,False,335500
160,220,R383,B383,True,212.0,False,336400
160,220,R384,B384,True,216.0,False,338150
160,220,R385,B385,True,212.0,False,338250
160,220,R386,B386,True,212.0,False,337950
160,220,R387,B387,True,212.0,False,335800
160,220,R388,B388,True,214.0,False,338150
160,220,R389,B389,True,217.0,False,336400
160,220,R390,B390,True,214.0,False,338250
160,220,R391,B391,True,214.0,False,335500
160,220,R392,B392,True,215.0,False,335400
160,220,R393,B393,True,216.0,False,676500
160,220,R394,B394,True,216.0,False,336250
160,220,R395,B395,True,220.0,False,336200
160,220,R396,B396,True,220.0,False,338250
160,220,R397,B397,True,217.0,False,338050
160,220,R398,B398,True,218.0,False,338250
160,220,R399,B399,True,218.0,False,335550
160,220,R400,B400,True,219.0,False,336400
160,220,R401,B401,True,219.0,False,336800
160,220,R402,B402,True,219.0,False,336700
180,240,R200,B200,False,,False,421617
180,240,R212,B212,False,,False,506734
180,240,R219,B219,False,,False,481014
180,240,R222,B222,False,,False,505620
180,240,R223,B223,False,,False,459485
180,240,R227,B227,False,,False,471527
180,240,R232,B232,False,,False,463563
180,240,R234,B234,False,,False,457982
180,240,R235,B235,False,,False,443085
180,240,R241,B241,False,,False,417938
180,240,R244,B244,False,,False,357778
180,240,R245,B245,False,,False,390592
180,240,R254,B254,False,,False,356394
180,240,R255,B255,False,,False,366421
180,240,R256,B256,False,,False,390592
180,240,R261,B261,False,,False,357778
180,240,R267,B267,False,,False,397892
180,240,R270,B270,False,,False,367228
180,240,R271,B271,False,,False,343529
180,240,R272,B272,True,180.0,True,499144
180,240,R276,B276,False,,False,367840
180,240,R279,B279,False,,False,366860
180,240,R281,B281,False,,False,356394
180,240,R286,B286,False,,False,366720
180,240,R287,B287,False,,False,434650
180,240,R288,B288,True,182.0,True,413244
180,240,R289,B289,True,186.0,True,736972
180,240,R290,B290,False,,False,427911
180,240,R291,B291,True,182.0,True,359511
180,240,R292,B292,False,,False,334852
180,240,R293,B293,True,186.0,True,376488
180,240,R294,B294,False,,False,354130
180,240,R295,B295,True,183.0,True,1711644
180,240,R296,B296,False,,False,355923
180,240,R297,B297,True,188.0,True,373926
180,240,R298,B298,True,186.0,True,386321
180,240,R299,B299,True,186.0,True,375250
180,240,R300,B300,True,187.0,True,855822
180,240,R301,B301,True,187.0,True,360086
180,240,R302,B302,True,185.0,True,357048
180,240,R303,B303,False,,False,374218
180,240,R304,B304,True,187.0,True,358171
180,240,R305,B305,True,190.0,True,386321
180,240,R306,B306,True,187.0,True,359511
180,240,R307,B307,True,188.0,True,375822
180,240,R308,B308,False,,False,354130
180,240,R309,B309,True,190.0,True,358171
180,240,R310,B310,True,188.0,True,401770
180,240,R311,B311,True,191.0,True,373926
180,240,R312,B312,True,189.0,True,373060
180,240,R313,B313,True,190.0,True,358171
180,240,R314,B314,False,,False,364603
180,240,R315,B315,True,192.0,True,370367
180,240,R316,B316,True,190.0,True,427911
180,240,R317,B317,True,191.0,True,740734
180,240,R318,B318,True,194.0,True,855822
180,240,R319,B319,False,,False,356580
180,240,R320,B320,True,195.0,True,386321
180,240,R321,B321,True,192.0,True,427911
180,240,R322,B322,True,192.0,True,367650
180,240,R323,B323,True,193.0,True,361580
180,240,R324,B324,False,,False,364603
180,240,R325,B325,True,200.0,False,356697
180,240,R326,B326,True,193.0,True,370367
180,240,R327,B327,True,193.0,True,358171
180,240,R328,B328,False,,False,355923
180,240,R329,B329,False,,False,357048
180,240,R330,B330,False,,False,348496
180,240,R331,B331,True,196.0,True,375822
180,240,R332,B332,True,194.0,True,772642
180,240,R333,B333,True,194.0,True,855822
180,240,R334,B334,True,198.0,True,358171
180,240,R335,B335,True,195.0,True,376488
180,240,R336,B336,True,195.0,True,386321
180,240,R337,B337,False,,False,354130
180,240,R338,B338,True,195.0,True,740734
180,240,R339,B339,False,,False,356580
180,240,R340,B340,True,196.0,True,373926
180,240,R341,B341,True,196.0,True,359511
180,240,R342,B342,True,199.0,True,370367
180,240,R343,B343,True,197.0,True,367650
180,240,R344,B344,True,197.0,True,723161
180,240,R345,B345,True,201.0,False,373926
180,240,R346,B346,True,198.0,True,772642
180,240,R347,B347,False,,False,354666
180,240,R348,B348,True,199.0,True,373926
180,240,R349,B349,True,199.0,True,386321
180,240,R350,B350,True,199.0,True,375250
180,240,R351,B351,True,200.0,False,370367
180,240,R352,B352,True,199.0,True,1711644
180,240,R353,B353,True,203.0,False,367650
180,240,R354,B354,False,,False,354585
180,240,R355,B355,True,201.0,False,373926
180,240,R356,B356,True,200.0,False,386321
180,240,R357,B357,True,203.0,False,358171
180,240,R358,B358,False,,False,364603
180,240,R359,B359,True,201.0,False,350053
180,240,R360,B360,True,202.0,False,349140
180,240,R361,B361,False,,False,342259
180,240,R362,B362,True,203.0,False,368660
180,240,R363,B363,True,204.0,False,356038
180,240,R364,B364,True,204.0,False,724571
180,240,R365,B365,True,206.0,False,712076
180,240,R366,B366,True,209.0,False,357111
180,240,R367,B367,True,205.0,False,362285
180,240,R368,B368,True,205.0,False,350053
180,240,R369,B369,True,207.0,False,712076
180,240,R370,B370,True,209.0,False,355309
180,240,R371,B371,True,207.0,False,349140
180,240,R372,B372,True,208.0,False,381855
180,240,R373,B373,True,208.0,False,368660
180,240,R374,B374,False,,False,347205
180,240,R375,B375,False,,False,326176
180,240,R376,B376,True,209.0,False,356038
180,240,R377,B377,True,209.0,False,724571
180,240,R378,B378,True,212.0,False,346835
180,240,R379,B379,True,214.0,False,714738
180,240,R380,B380,True,212.0,False,712076
180,240,R381,B381,True,211.0,False,353214
180,240,R382,B382,True,214.0,False,346835
180,240,R383,B383,False,,False,347955
180,240,R384,B384,True,212.0,False,356038
180,240,R385,B385,True,212.0,False,362285
180,240,R386,B386,True,212.0,False,352945
180,240,R387,B387,True,212.0,False,381855
180,240,R388,B388,True,216.0,False,356038
180,240,R389,B389,True,213.0,False,350501
180,240,R390,B390,True,214.0,False,362285
180,240,R391,B391,True,215.0,False,346835
180,240,R392,B392,True,215.0,False,356075
180,240,R393,B393,True,216.0,False,724571
180,240,R394,B394,True,216.0,False,353214
180,240,R395,B395,False,,False,345433
180,240,R396,B396,True,217.0,False,357369
180,240,R397,B397,True,217.0,False,350053
180,240,R398,B398,True,218.0,False,362285
180,240,R399,B399,True,218.0,False,368660
180,240,R400,B400,True,219.0,False,355309
180,240,R401,B401,True,219.0,False,350935
180,240,R402,B402,True,219.0,False,349140
180,240,R403,B403,True,221.0,False,335800
180,240,R404,B404,True,222.0,False,317500
180,240,R405,B405,True,227.0,False,338250
180,240,R406,B406,True,223.0,False,337350
180,240,R407,B407,True,223.0,False,338050
180,240,R408,B408,True,223.0,False,338350
180,240,R409,B409,True,231.0,False,337250
180,240,R410,B410,True,230.0,False,332700
180,240,R411,B411,True,225.0,False,676300
180,240,R412,B412,True,225.0,False,338250
180,240,R413,B413,True,228.0,False,336250
180,240,R414,B414,True,225.0,False,335800
180,240,R415,B415,True,225.0,False,336400
180,240,R416,B416,True,226.0,False,338150
180,240,R417,B417,True,226.0,False,676500
180,240,R418,B418,True,226.0,False,336700
180,240,R419,B419,True,226.0,False,335550
180,240,R420,B420,True,227.0,False,338150
180,240,R421,B421,True,228.0,False,338250
180,240,R422,B422,True,227.0,False,338050
180,240,R423,B423,True,227.0,False,673600
180,240,R424,B424,True,231.0,False,332700
180,240,R425,B425,True,229.0,False,338250
180,240,R426,B426,True,230.0,False,335900
180,240,R427,B427,True,231.0,False,332700
180,240,R428,B428,True,228.0,False,336400
180,240,R429,B429,True,230.0,False,338050
180,240,R430,B430,True,230.0,False,338250
180,240,R431,B431,True,231.0,False,1014450
180,240,R432,B432,True,231.0,False,338050
180,240,R433,B433,True,231.0,False,334050
180,240,R434,B434,True,232.0,False,338150
180,240,R435,B435,True,234.0,False,332700
180,240,R436,B436,True,233.0,False,335550
180,240,R437,B437,True,235.0,False,338150
180,240,R438,B438,True,234.0,False,676500
180,240,R439,B439,True,234.0,False,338050
180,240,R440,B440,True,235.0,False,335400
180,240,R441,B441,True,235.0,False,317500
180,240,R442,B442,True,237.0,False,338250
180,240,R443,B443,True,238.0,False,338150
180,240,R444,B444,True,239.0,False,338150
180,240,R445,B445,True,240.0,False,338250
180,240,R446,B446,True,239.0,False,335500
180,240,R447,B447,True,240.0,False,317500
200,260,R254,B254,False,,False,459068
200,260,R261,B261,False,,False,458650
200,260,R271,B271,False,,False,456323
200,260,R281,B281,False,,False,427476
200,260,R292,B292,False,,False,369558
200,260,R294,B294,False,,False,445284
200,260,R296,B296,False,,False,465290
200,260,R303,B303,False,,False,563309
200,260,R308,B308,False,,False,417938
200,260,R314,B314,False,,False,463315
200,260,R319,B319,False,,False,427562
200,260,R324,B324,False,,False,421010
200,260,R325,B325,True,200.0,True,366421
200,260,R328,B328,False,,False,399670
200,260,R329,B329,False,,False,366998
200,260,R330,B330,False,,False,356394
200,260,R337,B337,False,,False,363246
200,260,R339,B339,False,,False,397141
200,260,R345,B345,False,,False,445479
200,260,R347,B347,False,,False,363900
200,260,R351,B351,False,,False,435001
200,260,R353,B353,False,,False,434650
200,260,R354,B354,False,,False,367228
200,260,R355,B355,True,203.0,True,445479
200,260,R356,B356,True,200.0,True,482464
200,260,R357,B357,False,,False,369506
200,260,R358,B358,False,,False,378705
200,260,R359,B359,True,201.0,True,386064
200,260,R360,B360,True,205.0,True,361580
200,260,R361,B361,False,,False,350018
200,260,R362,B362,True,203.0,True,401770
200,260,R363,B363,True,204.0,True,373926
200,260,R364,B364,True,204.0,True,772642
200,260,R365,B365,True,205.0,True,747853
200,260,R366,B366,True,209.0,True,375822
200,260,R367,B367,True,206.0,True,386321
200,260,R368,B368,True,205.0,True,362057
200,260,R369,B369,True,207.0,True,747853
200,260,R370,B370,True,206.0,True,374218
200,260,R371,B371,True,207.0,True,361580
200,260,R372,B372,True,208.0,True,427911
200,260,R373,B373,True,208.0,True,401770
200,260,R374,B374,True,212.0,True,357160
200,260,R375,B375,False,,False,334852
200,260,R376,B376,True,209.0,True,373926
200,260,R377,B377,True,209.0,True,772642
200,260,R378,B378,True,209.0,True,358171
200,260,R379,B379,True,211.0,True,752977
200,260,R380,B380,True,212.0,True,747853
200,260,R381,B381,True,211.0,True,370178
200,260,R382,B382,True,212.0,True,358171
200,260,R383,B383,False,,False,359511
200,260,R384,B384,True,212.0,True,373926
200,260,R385,B385,True,213.0,True,386321
200,260,R386,B386,True,212.0,True,367941
200,260,R387,B387,True,212.0,True,427911
200,260,R388,B388,True,213.0,True,373926
200,260,R389,B389,True,213.0,True,364603
200,260,R390,B390,True,214.0,True,386321
200,260,R391,B391,True,214.0,True,358171
200,260,R392,B392,True,215.0,True,376750
200,260,R393,B393,True,216.0,True,772642
200,260,R394,B394,True,216.0,True,370178
200,260,R395,B395,True,216.0,True,354666
200,260,R396,B396,True,217.0,True,376488
200,260,R397,B397,True,217.0,True,362057
200,260,R398,B398,True,218.0,True,386321
200,260,R399,B399,True,218.0,True,401770
200,260,R400,B400,True,219.0,True,374218
200,260,R401,B401,True,219.0,True,365071
200,260,R402,B402,True,219.0,True,361580
200,260,R403,B403,True,221.0,False,381855
200,260,R404,B404,False,,False,326176
200,260,R405,B405,True,223.0,False,357369
200,260,R406,B406,True,223.0,False,347194
200,260,R407,B407,True,223.0,False,354208
200,260,R408,B408,True,223.0,False,370725
200,260,R409,B409,True,224.0,False,346973
200,260,R410,B410,False,,False,340598
200,260,R411,B411,True,225.0,False,712076
200,260,R412,B412,True,225.0,False,362285
200,260,R413,B413,True,225.0,False,353214
200,260,R414,B414,True,225.0,False,381855
200,260,R415,B415,True,225.0,False,347955
200,260,R416,B416,True,227.0,False,356038
200,260,R417,B417,True,226.0,False,724571
200,260,R418,B418,True,226.0,False,349140
200,260,R419,B419,True,229.0,False,368660
200,260,R420,B420,True,227.0,False,356038
200,260,R421,B421,True,228.0,False,362285
200,260,R422,B422,True,227.0,False,350053
200,260,R423,B423,True,227.0,False,701871
200,260,R424,B424,False,,False,340598
200,260,R425,B425,True,229.0,False,362285
200,260,R426,B426,False,,False,345015
200,260,R427,B427,False,,False,340598
200,260,R428,B428,True,229.0,False,347955
200,260,R429,B429,True,230.0,False,350053
200,260,R430,B430,True,230.0,False,362285
200,260,R431,B431,True,231.0,False,1068114
200,260,R432,B432,True,231.0,False,350053
200,260,R433,B433,True,231.0,False,344986
200,260,R434,B434,True,232.0,False,356038
200,260,R435,B435,True,235.0,False,340598
200,260,R436,B436,True,233.0,False,368660
200,260,R437,B437,True,235.0,False,356038
200,260,R438,B438,True,234.0,False,724571
200,260,R439,B439,True,234.0,False,350053
200,260,R440,B440,True,235.0,False,357751
200,260,R441,B441,False,,False,326176
200,260,R442,B442,True,237.0,False,362285
200,260,R443,B443,True,238.0,False,356038
200,260,R444,B444,True,239.0,False,356038
200,260,R445,B445,True,240.0,False,362285
200,260,R446,B446,True,239.0,False,346835
200,260,R447,B447,False,,False,326176
200,260,R448,B448,True,241.0,False,336400
200,260,R449,B449,True,242.0,False,337150
200,260,R450,B450,False,,False,317500
200,260,R451,B451,True,243.0,False,338250
200,260,R452,B452,True,245.0,False,338050
200,260,R453,B453,True,245.0,False,337150
200,260,R454,B454,True,244.0,False,338250
200,260,R455,B455,True,244.0,False,338400
200,260,R456,B456,True,244.0,False,338250
200,260,R457,B457,True,244.0,False,335550
200,260,R458,B458,True,245.0,False,338050
200,260,R459,B459,True,245.0,False,336400
200,260,R460,B460,True,245.0,False,334050
200,260,R461,B461,True,248.0,False,338050
200,260,R462,B462,True,246.0,False,335800
200,260,R463,B463,True,251.0,False,317500
200,260,R464,B464,True,247.0,False,338150
200,260,R465,B465,True,247.0,False,335500
200,260,R466,B466,True,248.0,False,336800
200,260,R467,B467,True,248.0,False,338250
200,260,R468,B468,True,248.0,False,336800
200,260,R469,B469,True,249.0,False,334050
200,260,R470,B470,True,249.0,False,334500
200,260,R471,B471,True,250.0,False,338250
200,260,R472,B472,True,250.0,False,338150
200,260,R473,B473,True,250.0,False,335400
200,260,R474,B474,True,251.0,False,338250
200,260,R475,B475,True,251.0,False,335800
200,260,R476,B476,True,252.0,False,337450
200,260,R477,B477,True,252.0,False,335800
200,260,R478,B478,True,253.0,False,338150
200,260,R479,B479,True,253.0,False,338250
200,260,R480,B480,True,253.0,False,338050
200,260,R481,B481,True,256.0,False,335550
200,260,R482,B482,True,254.0,False,338250
200,260,R483,B483,True,256.0,False,338150
200,260,R484,B484,True,256.0,False,338050
200,260,R485,B485,True,255.0,False,336400
200,260,R486,B486,True,256.0,False,1014750
200,260,R487,B487,True,257.0,False,338150
200,260,R488,B488,True,259.0,False,338250
200,260,R489,B489,True,258.0,False,336400
200,260,R490,B490,True,258.0,False,335800
200,260,R491,B491,True,258.0,False,338150
200,260,R492,B492,True,258.0,False,336300
200,260,R493,B493,True,259.0,False,338250
200,260,R494,B494,True,259.0,False,1353000
200,260,R495,B495,True,260.0,False,335900
200,260,R496,B496,True,260.0,False,338250
200,260,R497,B497,True,260.0,False,336800
200,260,R498,B498,True,260.0,False,337150
220,280,R330,B330,False,,False,459068
220,280,R347,B347,False,,False,483933
220,280,R354,B354,False,,False,531585
220,280,R358,B358,False,,False,562027
220,280,R361,B361,False,,False,381056
220,280,R375,B375,False,,False,369558
220,280,R383,B383,False,,False,405733
220,280,R403,B403,False,,False,520022
220,280,R404,B404,False,,False,334852
220,280,R405,B405,True,226.0,True,376488
220,280,R406,B406,True,223.0,True,357038
220,280,R407,B407,True,226.0,True,370367
220,280,R408,B408,True,226.0,True,403100
220,280,R409,B409,True,224.0,True,356697
220,280,R410,B410,False,,False,348496
220,280,R411,B411,True,225.0,True,747853
220,280,R412,B412,True,225.0,True,386321
220,280,R413,B413,True,225.0,True,370178
220,280,R414,B414,True,227.0,True,427911
220,280,R415,B415,False,,False,359511
220,280,R416,B416,True,227.0,True,373926
220,280,R417,B417,True,226.0,True,772642
220,280,R418,B418,True,229.0,True,361580
220,280,R419,B419,True,228.0,True,401770
220,280,R420,B420,True,228.0,True,373926
220,280,R421,B421,True,227.0,True,386321
220,280,R422,B422,True,227.0,True,362057
220,280,R423,B423,True,227.0,True,730142
220,280,R424,B424,False,,False,348496
220,280,R425,B425,True,229.0,True,386321
220,280,R426,B426,True,228.0,True,354130
220,280,R427,B427,False,,False,348496
220,280,R428,B428,False,,False,359511
220,280,R429,B429,True,230.0,True,362057
220,280,R430,B430,True,230.0,True,386321
220,280,R431,B431,True,231.0,True,1121779
220,280,R432,B432,True,231.0,True,362057
220,280,R433,B433,True,234.0,True,355923
220,280,R434,B434,True,232.0,True,373926
220,280,R435,B435,False,,False,348496
220,280,R436,B436,True,236.0,True,401770
220,280,R437,B437,True,234.0,True,373926
220,280,R438,B438,True,234.0,True,772642
220,280,R439,B439,True,234.0,True,362057
220,280,R440,B440,True,235.0,True,380102
220,280,R441,B441,False,,False,334852
220,280,R442,B442,True,237.0,True,386321
220,280,R443,B443,True,238.0,True,373926
220,280,R444,B444,True,239.0,True,373926
220,280,R445,B445,True,239.0,True,386321
220,280,R446,B446,True,239.0,True,358171
220,280,R447,B447,False,,False,334852
220,280,R448,B448,True,246.0,False,347955
220,280,R449,B449,False,,False,347099
220,280,R450,B450,False,,False,326176
220,280,R451,B451,True,243.0,False,362285
220,280,R452,B452,True,247.0,False,354208
220,280,R453,B453,False,,False,347099
220,280,R454,B454,True,244.0,False,357369
220,280,R455,B455,True,244.0,False,357111
220,280,R456,B456,True,244.0,False,362285
220,280,R457,B457,True,245.0,False,368660
220,280,R458,B458,True,245.0,False,354208
220,280,R459,B459,True,245.0,False,355309
220,280,R460,B460,True,245.0,False,344986
220,280,R461,B461,True,248.0,False,354208
220,280,R462,B462,True,246.0,False,381855
220,280,R463,B463,False,,False,326176
220,280,R464,B464,True,247.0,False,356038
220,280,R465,B465,True,247.0,False,349291
220,280,R466,B466,True,248.0,False,351179
220,280,R467,B467,True,248.0,False,362285
220,280,R468,B468,True,252.0,False,350935
220,280,R469,B469,True,249.0,False,344986
220,280,R470,B470,False,,False,342259
220,280,R471,B471,True,250.0,False,357369
220,280,R472,B472,True,250.0,False,356038
220,280,R473,B473,True,250.0,False,347743
220,280,R474,B474,True,251.0,False,362285
220,280,R475,B475,True,251.0,False,381855
220,280,R476,B476,True,252.0,False,351175
220,280,R477,B477,True,252.0,False,381855
220,280,R478,B478,True,253.0,False,356038
220,280,R479,B479,True,253.0,False,362285
220,280,R480,B480,True,253.0,False,350053
220,280,R481,B481,True,255.0,False,368660
220,280,R482,B482,True,254.0,False,362285
220,280,R483,B483,True,256.0,False,356038
220,280,R484,B484,True,256.0,False,350053
220,280,R485,B485,True,256.0,False,355309
220,280,R486,B486,True,256.0,False,1086857
220,280,R487,B487,True,257.0,False,356038
220,280,R488,B488,True,261.0,False,362285
220,280,R489,B489,True,259.0,False,355309
220,280,R490,B490,True,257.0,False,381855
220,280,R491,B491,True,258.0,False,356038
220,280,R492,B492,True,258.0,False,346565
220,280,R493,B493,True,259.0,False,357369
220,280,R494,B494,True,259.0,False,1449142
220,280,R495,B495,False,,False,345015
220,280,R496,B496,True,261.0,False,356148
220,280,R497,B497,True,260.0,False,350935
220,280,R498,B498,False,,False,347099
220,280,R499,B499,True,262.0,False,338250
220,280,R500,B500,True,263.0,False,337950
220,280,R501,B501,True,261.0,False,338400
220,280,R502,B502,True,261.0,False,338050
220,280,R503,B503,True,261.0,False,336100
220,280,R504,B504,True,261.0,False,335500
220,280,R505,B505,False,,False,338050
220,280,R506,B506,True,262.0,False,337450
220,280,R507,B507,False,,False,336400
220,280,R508,B508,False,,False,337350
220,280,R509,B509,True,263.0,False,338150
220,280,R510,B510,False,,False,335800
220,280,R511,B511,False,,False,335500
220,280,R512,B512,False,,False,331000
220,280,R513,B513,True,263.0,False,333600
220,280,R514,B514,False,,False,335500
220,280,R515,B515,True,264.0,False,338050
220,280,R516,B516,False,,False,337150
220,280,R517,B517,False,,False,337150
220,280,R518,B518,False,,False,337350
220,280,R519,B519,True,265.0,False,337950
220,280,R520,B520,True,267.0,False,338250
220,280,R521,B521,False,,False,335400
220,280,R522,B522,True,267.0,False,336800
220,280,R523,B523,True,265.0,False,336700
220,280,R524,B524,False,,False,337250
220,280,R525,B525,True,266.0,False,336800
220,280,R526,B526,False,,False,336300
220,280,R527,B527,False,,False,337250
220,280,R528,B528,False,,False,337250
220,280,R529,B529,True,267.0,False,335400
220,280,R530,B530,True,271.0,False,338050
220,280,R531,B531,False,,False,335500
220,280,R532,B532,False,,False,334500
220,280,R533,B533,False,,False,333650
220,280,R534,B534,True,267.0,False,337350
220,280,R535,B535,True,268.0,False,338050
220,280,R536,B536,True,268.0,False,337950
220,280,R537,B537,True,271.0,False,335800
220,280,R538,B538,False,,False,335500
220,280,R539,B539,True,268.0,False,336700
220,280,R540,B540,False,,False,336400
220,280,R541,B541,False,,False,334450
220,280,R542,B542,False,,False,337250
220,280,R543,B543,True,269.0,False,337950
220,280,R544,B544,False,,False,338050
220,280,R545,B545,False,,False,335500
220,280,R546,B546,False,,False,334050
220,280,R547,B547,True,270.0,False,336700
220,280,R548,B548,False,,False,337350
220,280,R549,B549,True,270.0,False,335400
220,280,R550,B550,True,271.0,False,337950
220,280,R551,B551,False,,False,335800
220,280,R552,B552,True,270.0,False,338400
220,280,R553,B553,True,274.0,False,338250
220,280,R554,B554,True,270.0,False,338050
220,280,R555,B555,True,270.0,False,338250
220,280,R556,B556,True,271.0,False,336250
220,280,R557,B557,False,,False,336300
220,280,R558,B558,False,,False,322250
220,280,R559,B559,False,,False,337250
220,280,R560,B560,True,271.0,False,338250
220,280,R561,B561,False,,False,335800
220,280,R562,B562,True,271.0,False,338400
220,280,R563,B563,True,276.0,False,338050
220,280,R564,B564,True,271.0,False,336250
220,280,R565,B565,True,271.0,False,337350
220,280,R566,B566,True,271.0,False,336100
220,280,R567,B567,True,271.0,False,336700
220,280,R568,B568,False,,False,336200
220,280,R569,B569,False,,False,337350
220,280,R570,B570,True,273.0,False,338400
220,280,R571,B571,False,,False,335500
220,280,R572,B572,True,272.0,False,676100
220,280,R573,B573,True,273.0,False,338250
220,280,R574,B574,False,,False,333650
220,280,R575,B575,True,277.0,False,335400
220,280,R576,B576,True,276.0,False,335800
220,280,R577,B577,True,273.0,False,676100
220,280,R578,B578,True,274.0,False,336250
220,280,R579,B579,True,274.0,False,672200
220,280,R580,B580,True,273.0,False,335800
220,280,R581,B581,False,,False,335500
220,280,R582,B582,True,273.0,False,336800
220,280,R583,B583,True,274.0,False,338400
220,280,R584,B584,True,274.0,False,336250
220,280,R585,B585,False,,False,334050
220,280,R586,B586,True,278.0,False,336700
220,280,R587,B587,False,,False,336400
220,280,R588,B588,True,279.0,False,338050
220,280,R589,B589,True,275.0,False,672500
220,280,R590,B590,False,,False,336300
220,280,R591,B591,True,276.0,False,338250
220,280,R592,B592,True,276.0,False,338250
220,280,R593,B593,True,277.0,False,336250
220,280,R594,B594,False,,False,335500
220,280,R595,B595,True,276.0,False,336400
220,280,R596,B596,False,,False,332700
220,280,R597,B597,True,279.0,False,337950
220,280,R598,B598,True,277.0,False,338400
220,280,R599,B599,True,280.0,False,338250
220,280,R600,B600,True,277.0,False,338050
220,280,R601,B601,True,278.0,False,338250
220,280,R602,B602,True,277.0,False,336100
220,280,R603,B603,True,277.0,False,338050
220,280,R604,B604,True,279.0,False,338250
220,280,R605,B605,True,278.0,False,337350
220,280,R606,B606,True,280.0,False,336100
220,280,R607,B607,False,,False,334050
220,280,R608,B608,True,279.0,False,336700
220,280,R609,B609,True,280.0,False,338050
220,280,R610,B610,False,,False,336300
220,280,R611,B611,False,,False,327450
220,280,R612,B612,False,,False,337250
220,280,R613,B613,True,280.0,False,338150
220,280,R614,B614,True,280.0,False,337950
220,280,R615,B615,True,280.0,False,338400
220,280,R616,B616,True,280.0,False,338250
220,280,R617,B617,True,280.0,False,338050
240,300,R404,B404,False,,False,395588
240,300,R410,B410,False,,False,380088
240,300,R415,B415,False,,False,475066
240,300,R424,B424,False,,False,356394
240,300,R427,B427,False,,False,356394
240,300,R428,B428,False,,False,440400
240,300,R435,B435,False,,False,356394
240,300,R441,B441,False,,False,343529
240,300,R447,B447,False,,False,343529
240,300,R448,B448,True,246.0,True,359511
240,300,R449,B449,False,,False,357048
240,300,R450,B450,False,,False,334852
240,300,R451,B451,True,243.0,True,386321
240,300,R452,B452,True,246.0,True,370367
240,300,R453,B453,False,,False,357048
240,300,R454,B454,True,244.0,True,376488
240,300,R455,B455,True,244.0,True,375822
240,300,R456,B456,True,244.0,True,386321
240,300,R457,B457,True,247.0,True,401770
240,300,R458,B458,True,248.0,True,370367
240,300,R459,B459,True,246.0,True,374218
240,300,R460,B460,True,247.0,True,355923
240,300,R461,B461,True,248.0,True,370367
240,300,R462,B462,True,247.0,True,427911
240,300,R463,B463,False,,False,334852
240,300,R464,B464,True,247.0,True,373926
240,300,R465,B465,True,247.0,True,363083
240,300,R466,B466,True,248.0,True,365558
240,300,R467,B467,True,248.0,True,386321
240,300,R468,B468,True,252.0,True,365071
240,300,R469,B469,False,,False,355923
240,300,R470,B470,False,,False,350018
240,300,R471,B471,True,250.0,True,376488
240,300,R472,B472,True,250.0,True,373926
240,300,R473,B473,False,,False,360086
240,300,R474,B474,True,251.0,True,386321
240,300,R475,B475,True,251.0,True,427911
240,300,R476,B476,True,252.0,True,364900
240,300,R477,B477,True,252.0,True,427911
240,300,R478,B478,True,253.0,True,373926
240,300,R479,B479,True,253.0,True,386321
240,300,R480,B480,True,253.0,True,362057
240,300,R481,B481,True,253.0,True,401770
240,300,R482,B482,True,254.0,True,386321
240,300,R483,B483,True,256.0,True,373926
240,300,R484,B484,True,256.0,True,362057
240,300,R485,B485,True,255.0,True,374218
240,300,R486,B486,True,256.0,True,1158964
240,300,R487,B487,True,257.0,True,373926
240,300,R488,B488,True,257.0,True,386321
240,300,R489,B489,True,258.0,True,374218
240,300,R490,B490,True,257.0,True,427911
240,300,R491,B491,True,258.0,True,373926
240,300,R492,B492,True,258.0,True,356830
240,300,R493,B493,True,259.0,True,376488
240,300,R494,B494,True,259.0,True,1545285
240,300,R495,B495,False,,False,354130
240,300,R496,B496,True,260.0,False,374047
240,300,R497,B497,True,260.0,False,365071
240,300,R498,B498,False,,False,357048
240,300,R499,B499,True,262.0,False,357369
240,300,R500,B500,True,263.0,False,352428
240,300,R501,B501,True,262.0,False,357111
240,300,R502,B502,True,261.0,False,350053
240,300,R503,B503,True,261.0,False,373850
240,300,R504,B504,True,263.0,False,346835
240,300,R505,B505,False,,False,355555
240,300,R506,B506,False,,False,351175
240,300,R507,B507,False,,False,355309
240,300,R508,B508,False,,False,353441
240,300,R509,B509,True,265.0,False,356038
240,300,R510,B510,False,,False,347313
240,300,R511,B511,False,,False,346835
240,300,R512,B512,False,,False,341320
240,300,R513,B513,True,263.0,False,345121
240,300,R514,B514,True,266.0,False,349291
240,300,R515,B515,True,264.0,False,350053
240,300,R516,B516,False,,False,347099
240,300,R517,B517,False,,False,347099
240,300,R518,B518,False,,False,353441
240,300,R519,B519,True,265.0,False,352428
240,300,R520,B520,True,265.0,False,356148
240,300,R521,B521,False,,False,347743
240,300,R522,B522,True,265.0,False,350935
240,300,R523,B523,True,265.0,False,349140
240,300,R524,B524,False,,False,347448
240,300,R525,B525,True,267.0,False,351179
240,300,R526,B526,False,,False,346565
240,300,R527,B527,False,,False,347574
240,300,R528,B528,False,,False,347205
240,300,R529,B529,False,,False,356075
240,300,R530,B530,False,,False,355555
240,300,R531,B531,False,,False,346835
240,300,R532,B532,False,,False,342259
240,300,R533,B533,False,,False,343628
240,300,R534,B534,False,,False,353441
240,300,R535,B535,True,268.0,False,350053
240,300,R536,B536,True,268.0,False,352945
240,300,R537,B537,True,268.0,False,381855
240,300,R538,B538,False,,False,346835
240,300,R539,B539,True,268.0,False,349140
240,300,R540,B540,False,,False,347493
240,300,R541,B541,False,,False,344858
240,300,R542,B542,False,,False,347205
240,300,R543,B543,True,269.0,False,352428
240,300,R544,B544,False,,False,355555
240,300,R545,B545,True,270.0,False,349291
240,300,R546,B546,False,,False,344986
240,300,R547,B547,True,269.0,False,349140
240,300,R548,B548,False,,False,353441
240,300,R549,B549,False,,False,356605
240,300,R550,B550,True,270.0,False,352183
240,300,R551,B551,False,,False,347313
240,300,R552,B552,True,270.0,False,357111
240,300,R553,B553,True,271.0,False,362285
240,300,R554,B554,True,270.0,False,350053
240,300,R555,B555,True,270.0,False,356148
240,300,R556,B556,True,270.0,False,353214
240,300,R557,B557,False,,False,350887
240,300,R558,B558,False,,False,331101
240,300,R559,B559,False,,False,347205
240,300,R560,B560,True,271.0,False,357369
240,300,R561,B561,False,,False,347313
240,300,R562,B562,True,271.0,False,357111
240,300,R563,B563,False,,False,355555
240,300,R564,B564,True,272.0,False,353214
240,300,R565,B565,False,,False,347194
240,300,R566,B566,True,271.0,False,373850
240,300,R567,B567,True,271.0,False,349140
240,300,R568,B568,True,271.0,False,345433
240,300,R569,B569,False,,False,353441
240,300,R570,B570,True,272.0,False,357111
240,300,R571,B571,True,273.0,False,349291
240,300,R572,B572,True,272.0,False,700107
240,300,R573,B573,True,273.0,False,356148
240,300,R574,B574,False,,False,343628
240,300,R575,B575,False,,False,358372
240,300,R576,B576,False,,False,347313
240,300,R577,B577,True,273.0,False,700107
240,300,R578,B578,True,273.0,False,353214
240,300,R579,B579,True,274.0,False,747700
240,300,R580,B580,True,273.0,False,381855
240,300,R581,B581,False,,False,346835
240,300,R582,B582,True,273.0,False,350935
240,300,R583,B583,True,275.0,False,357111
240,300,R584,B584,True,274.0,False,353214
240,300,R585,B585,False,,False,344842
240,300,R586,B586,True,277.0,False,349140
240,300,R587,B587,False,,False,350501
240,300,R588,B588,False,,False,355555
240,300,R589,B589,True,275.0,False,706428
240,300,R590,B590,False,,False,351148
240,300,R591,B591,True,276.0,False,362285
240,300,R592,B592,True,276.0,False,356148
240,300,R593,B593,True,277.0,False,353214
240,300,R594,B594,False,,False,346835
240,300,R595,B595,False,,False,355309
240,300,R596,B596,False,,False,340598
240,300,R597,B597,True,277.0,False,352428
240,300,R598,B598,True,277.0,False,357111
240,300,R599,B599,True,280.0,False,362285
240,300,R600,B600,False,,False,355555
240,300,R601,B601,True,279.0,False,356148
240,300,R602,B602,True,277.0,False,373850
240,300,R603,B603,True,277.0,False,354208
240,300,R604,B604,True,279.0,False,356148
240,300,R605,B605,False,,False,347311
240,300,R606,B606,True,280.0,False,375647
240,300,R607,B607,False,,False,344842
240,300,R608,B608,True,280.0,False,349140
240,300,R609,B609,True,279.0,False,354208
240,300,R610,B610,False,,False,346440
240,300,R611,B611,False,,False,340355
240,300,R612,B612,False,,False,347205
240,300,R613,B613,True,280.0,False,356038
240,300,R614,B614,True,280.0,False,352183
240,300,R615,B615,True,280.0,False,357111
240,300,R616,B616,True,280.0,False,362285
240,300,R617,B617,True,280.0,False,350053
240,300,R618,B618,False,,False,337950
240,300,R619,B619,False,,False,335900
240,300,R620,B620,True,282.0,False,338050
240,300,R621,B621,True,281.0,False,336250
240,300,R622,B622,True,281.0,False,676100
240,300,R623,B623,False,,False,336400
240,300,R624,B624,True,282.0,False,338150
240,300,R625,B625,False,,False,335800
240,300,R626,B626,True,284.0,False,338250
240,300,R627,B627,False,,False,338050
240,300,R628,B628,True,284.0,False,337350
240,300,R629,B629,False,,False,336400
240,300,R630,B630,True,286.0,False,335800
240,300,R631,B631,False,,False,337950
240,300,R632,B632,False,,False,335900
240,300,R633,B633,False,,False,334850
240,300,R634,B634,False,,False,334050
240,300,R635,B635,True,284.0,False,335400
240,300,R636,B636,False,,False,335900
240,300,R637,B637,True,284.0,False,338050
240,300,R638,B638,True,284.0,False,336250
240,300,R639,B639,False,,False,336100
240,300,R640,B640,False,,False,334050
240,300,R641,B641,False,,False,336800
240,300,R642,B642,False,,False,336300
240,300,R643,B643,False,,False,322250
240,300,R644,B644,True,287.0,False,335400
240,300,R645,B645,True,289.0,False,338400
240,300,R646,B646,True,285.0,False,338050
240,300,R647,B647,True,285.0,False,338050
240,300,R648,B648,True,287.0,False,674700
240,300,R649,B649,True,289.0,False,1010100
240,300,R650,B650,True,288.0,False,338250
240,300,R651,B651,False,,False,337350
240,300,R652,B652,False,,False,337950
240,300,R653,B653,True,290.0,False,338050
240,300,R654,B654,False,,False,336400
240,300,R655,B655,False,,False,327450
240,300,R656,B656,True,287.0,False,338250
240,300,R657,B657,True,287.0,False,672500
240,300,R658,B658,True,287.0,False,334050
240,300,R659,B659,False,,False,336400
240,300,R660,B660,True,287.0,False,337250
240,300,R661,B661,True,290.0,False,338050
240,300,R662,B662,True,288.0,False,338050
240,300,R663,B663,False,,False,334850
240,300,R664,B664,True,289.0,False,676100
240,300,R665,B665,False,,False,335400
240,300,R666,B666,True,290.0,False,674500
240,300,R667,B667,True,290.0,False,336250
240,300,R668,B668,True,292.0,False,338050
240,300,R669,B669,True,293.0,False,335500
240,300,R670,B670,True,290.0,False,668100
240,300,R671,B671,False,,False,334500
240,300,R672,B672,False,,False,337250
240,300,R673,B673,True,292.0,False,338400
240,300,R674,B674,True,291.0,False,338050
240,300,R675,B675,True,294.0,False,336100
240,300,R676,B676,False,,False,337250
240,300,R677,B677,True,292.0,False,338250
240,300,R678,B678,False,,False,335400
240,300,R679,B679,False,,False,336400
240,300,R680,B680,True,297.0,False,337250
240,300,R681,B681,True,293.0,False,335400
240,300,R682,B682,True,295.0,False,338050
240,300,R683,B683,True,293.0,False,674700
240,300,R684,B684,True,293.0,False,336700
240,300,R685,B685,False,,False,333650
240,300,R686,B686,False,,False,337250
240,300,R687,B687,True,294.0,False,337250
240,300,R688,B688,True,295.0,False,338400
240,300,R689,B689,True,298.0,False,338050
240,300,R690,B690,True,294.0,False,338050
240,300,R691,B691,True,294.0,False,336800
240,300,R692,B692,False,,False,336300
240,300,R693,B693,True,300.0,False,337950
240,300,R694,B694,True,295.0,False,338250
240,300,R695,B695,True,298.0,False,336100
240,300,R696,B696,False,,False,337150
240,300,R697,B697,True,295.0,False,334050
240,300,R698,B698,True,296.0,False,336700
240,300,R699,B699,False,,False,337150
240,300,R700,B700,False,,False,337250
240,300,R701,B701,True,299.0,False,338250
240,300,R702,B702,True,296.0,False,338150
240,300,R703,B703,True,297.0,False,335900
240,300,R704,B704,True,297.0,False,338050
240,300,R705,B705,True,299.0,False,337950
240,300,R706,B706,True,297.0,False,336300
240,300,R707,B707,False,,False,336400
240,300,R708,B708,True,297.0,False,333350
240,300,R709,B709,True,297.0,False,336100
240,300,R710,B710,True,297.0,False,672800
240,300,R711,B711,True,298.0,False,668100
240,300,R712,B712,True,297.0,False,336800
240,300,R713,B713,False,,False,335450
240,300,R714,B714,False,,False,337150
240,300,R715,B715,True,298.0,False,335800
240,300,R716,B716,True,299.0,False,337950
240,300,R717,B717,True,299.0,False,337250
240,300,R718,B718,True,299.0,False,676500
240,300,R719,B719,True,299.0,False,336800
240,300,R720,B720,True,300.0,False,336250
240,300,R721,B721,True,300.0,False,336100
240,300,R722,B722,False,,False,327450
240,300,R723,B723,False,,False,334450
260,320,R435,B435,False,,False,459068
260,320,R441,B441,False,,False,456323
260,320,R447,B447,False,,False,421617
260,320,R449,B449,False,,False,426694
260,320,R450,B450,False,,False,395588
260,320,R453,B453,False,,False,426694
260,320,R463,B463,False,,False,369558
260,320,R469,B469,False,,False,432480
260,320,R470,B470,False,,False,357778
260,320,R473,B473,False,,False,446489
260,320,R495,B495,False,,False,363246
260,320,R496,B496,True,260.0,True,445643
260,320,R497,B497,True,261.0,True,421613
260,320,R498,B498,False,,False,366998
260,320,R499,B499,True,265.0,True,414727
260,320,R500,B500,True,266.0,True,366906
260,320,R501,B501,True,262.0,True,413244
260,320,R502,B502,True,261.0,True,386064
260,320,R503,B503,False,,False,411600
260,320,R504,B504,False,,False,358171
260,320,R505,B505,False,,False,373060
260,320,R506,B506,False,,False,364900
260,320,R507,B507,False,,False,374218
260,320,R508,B508,False,,False,369532
260,320,R509,B509,True,263.0,True,409703
260,320,R510,B510,False,,False,358827
260,320,R511,B511,False,,False,358171
260,320,R512,B512,False,,False,351641
260,320,R513,B513,True,264.0,True,356642
260,320,R514,B514,False,,False,363083
260,320,R515,B515,True,264.0,True,362057
260,320,R516,B516,False,,False,357048
260,320,R517,B517,False,,False,357048
260,320,R518,B518,False,,False,369532
260,320,R519,B519,True,266.0,True,366906
260,320,R520,B520,True,265.0,True,374047
260,320,R521,B521,False,,False,360086
260,320,R522,B522,True,265.0,True,365071
260,320,R523,B523,True,265.0,True,361580
260,320,R524,B524,False,,False,357646
260,320,R525,B525,True,266.0,True,365558
260,320,R526,B526,False,,False,356830
260,320,R527,B527,False,,False,357898
260,320,R528,B528,False,,False,357160
260,320,R529,B529,True,267.0,True,376750
260,320,R530,B530,False,,False,373060
260,320,R531,B531,False,,False,358171
260,320,R532,B532,False,,False,350018
260,320,R533,B533,False,,False,353607
260,320,R534,B534,False,,False,369532
260,320,R535,B535,True,268.0,True,362057
260,320,R536,B536,False,,False,367941
260,320,R537,B537,True,268.0,True,427911
260,320,R538,B538,False,,False,358171
260,320,R539,B539,True,268.0,True,361580
260,320,R540,B540,False,,False,358586
260,320,R541,B541,False,,False,355266
260,320,R542,B542,False,,False,357160
260,320,R543,B543,True,269.0,True,366906
260,320,R544,B544,False,,False,373060
260,320,R545,B545,True,269.0,True,363083
260,320,R546,B546,False,,False,355923
260,320,R547,B547,True,269.0,True,361580
260,320,R548,B548,False,,False,369532
260,320,R549,B549,True,270.0,True,377810
260,320,R550,B550,False,,False,366416
260,320,R551,B551,False,,False,358827
260,320,R552,B552,True,270.0,True,375822
260,320,R553,B553,True,270.0,True,386321
260,320,R554,B554,True,270.0,True,362057
260,320,R555,B555,True,270.0,True,374047
260,320,R556,B556,True,270.0,True,370178
260,320,R557,B557,False,,False,365475
260,320,R558,B558,False,,False,339953
260,320,R559,B559,False,,False,357160
260,320,R560,B560,True,271.0,True,376488
260,320,R561,B561,False,,False,358827
260,320,R562,B562,True,271.0,True,375822
260,320,R563,B563,False,,False,373060
260,320,R564,B564,True,271.0,True,370178
260,320,R565,B565,False,,False,357038
260,320,R566,B566,True,271.0,True,411600
260,320,R567,B567,True,272.0,True,361580
260,320,R568,B568,True,271.0,True,354666
260,320,R569,B569,False,,False,369532
260,320,R570,B570,True,273.0,True,375822
260,320,R571,B571,True,273.0,True,363083
260,320,R572,B572,True,272.0,True,724114
260,320,R573,B573,True,273.0,True,374047
260,320,R574,B574,False,,False,353607
260,320,R575,B575,False,,False,381344
260,320,R576,B576,False,,False,358827
260,320,R577,B577,True,273.0,True,724114
260,320,R578,B578,True,273.0,True,370178
260,320,R579,B579,True,274.0,True,823200
260,320,R580,B580,True,273.0,True,427911
260,320,R581,B581,False,,False,358171
260,320,R582,B582,True,277.0,True,365071
260,320,R583,B583,True,274.0,True,375822
260,320,R584,B584,True,274.0,True,370178
260,320,R585,B585,False,,False,355635
260,320,R586,B586,True,274.0,True,361580
260,320,R587,B587,False,,False,364603
260,320,R588,B588,False,,False,373060
260,320,R589,B589,True,275.0,True,740357
260,320,R590,B590,False,,False,365996
260,320,R591,B591,True,276.0,True,386321
260,320,R592,B592,True,276.0,True,374047
260,320,R593,B593,True,277.0,True,370178
260,320,R594,B594,False,,False,358171
260,320,R595,B595,False,,False,374218
260,320,R596,B596,False,,False,348496
260,320,R597,B597,True,278.0,True,366906
260,320,R598,B598,True,277.0,True,375822
260,320,R599,B599,True,277.0,True,386321
260,320,R600,B600,False,,False,373060
260,320,R601,B601,True,277.0,True,374047
260,320,R602,B602,True,277.0,True,411600
260,320,R603,B603,True,277.0,True,370367
260,320,R604,B604,True,279.0,True,374047
260,320,R605,B605,False,,False,357272
260,320,R606,B606,True,280.0,False,415195
260,320,R607,B607,False,,False,355635
260,320,R608,B608,True,279.0,True,361580
260,320,R609,B609,False,,False,370367
260,320,R610,B610,False,,False,356580
260,320,R611,B611,False,,False,353261
260,320,R612,B612,False,,False,357160
260,320,R613,B613,True,280.0,False,373926
260,320,R614,B614,True,281.0,False,366416
260,320,R615,B615,True,280.0,False,375822
260,320,R616,B616,True,280.0,False,386321
260,320,R617,B617,True,280.0,False,362057
260,320,R618,B618,False,,False,352428
260,320,R619,B619,False,,False,345015
260,320,R620,B620,True,281.0,False,350053
260,320,R621,B621,True,281.0,False,353214
260,320,R622,B622,True,281.0,False,708417
260,320,R623,B623,False,,False,355309
260,320,R624,B624,True,282.0,False,356038
260,320,R625,B625,False,,False,347313
260,320,R626,B626,True,284.0,False,362285
260,320,R627,B627,False,,False,355555
260,320,R628,B628,True,282.0,False,347311
260,320,R629,B629,False,,False,355309
260,320,R630,B630,True,285.0,False,381855
260,320,R631,B631,False,,False,352428
260,320,R632,B632,False,,False,345015
260,320,R633,B633,False,,False,347152
260,320,R634,B634,False,,False,344986
260,320,R635,B635,True,284.0,False,356605
260,320,R636,B636,False,,False,345015
260,320,R637,B637,True,284.0,False,350053
260,320,R638,B638,True,284.0,False,353214
260,320,R639,B639,True,284.0,False,375647
260,320,R640,B640,False,,False,344842
260,320,R641,B641,True,284.0,False,350935
260,320,R642,B642,False,,False,346565
260,320,R643,B643,False,,False,331101
260,320,R644,B644,True,287.0,False,356075
260,320,R645,B645,True,289.0,False,357111
260,320,R646,B646,True,285.0,False,355555
260,320,R647,B647,True,285.0,False,350053
260,320,R648,B648,True,285.0,False,694388
260,320,R649,B649,True,285.0,False,1047420
260,320,R650,B650,True,286.0,False,357369
260,320,R651,B651,False,,False,347311
260,320,R652,B652,False,,False,352945
260,320,R653,B653,True,286.0,False,354208
260,320,R654,B654,False,,False,355309
260,320,R655,B655,False,,False,340355
260,320,R656,B656,True,288.0,False,356148
260,320,R657,B657,True,287.0,False,706428
260,320,R658,B658,True,288.0,False,344986
260,320,R659,B659,False,,False,350501
260,320,R660,B660,True,287.0,False,347205
260,320,R661,B661,True,292.0,False,355555
260,320,R662,B662,True,288.0,False,350053
260,320,R663,B663,False,,False,347338
260,320,R664,B664,True,289.0,False,711110
260,320,R665,B665,False,,False,347743
260,320,R666,B666,True,290.0,False,694410
260,320,R667,B667,True,292.0,False,353214
260,320,R668,B668,False,,False,354208
260,320,R669,B669,False,,False,346835
260,320,R670,B670,True,291.0,False,689685
260,320,R671,B671,False,,False,342259
260,320,R672,B672,False,,False,347205
260,320,R673,B673,True,291.0,False,357111
260,320,R674,B674,True,291.0,False,350053
260,320,R675,B675,True,291.0,False,373850
260,320,R676,B676,False,,False,347448
260,320,R677,B677,True,292.0,False,356148
260,320,R678,B678,False,,False,347743
260,320,R679,B679,False,,False,350501
260,320,R680,B680,False,,False,346973
260,320,R681,B681,True,293.0,False,356075
260,320,R682,B682,True,297.0,False,355555
260,320,R683,B683,True,293.0,False,694388
260,320,R684,B684,True,293.0,False,349140
260,320,R685,B685,False,,False,343628
260,320,R686,B686,False,,False,347448
260,320,R687,B687,False,,False,346973
260,320,R688,B688,True,294.0,False,357111
260,320,R689,B689,True,296.0,False,355555
260,320,R690,B690,True,294.0,False,350053
260,320,R691,B691,True,294.0,False,350935
260,320,R692,B692,False,,False,346565
260,320,R693,B693,True,295.0,False,352428
260,320,R694,B694,True,295.0,False,356148
260,320,R695,B695,True,295.0,False,373850
260,320,R696,B696,False,,False,347099
260,320,R697,B697,True,295.0,False,344986
260,320,R698,B698,True,296.0,False,349140
260,320,R699,B699,False,,False,347099
260,320,R700,B700,False,,False,347205
260,320,R701,B701,True,296.0,False,357369
260,320,R702,B702,True,296.0,False,356038
260,320,R703,B703,False,,False,345015
260,320,R704,B704,True,297.0,False,350053
260,320,R705,B705,False,,False,352945
260,320,R706,B706,False,,False,350887
260,320,R707,B707,False,,False,350501
260,320,R708,B708,False,,False,346314
260,320,R709,B709,False,,False,373850
260,320,R710,B710,True,298.0,False,710618
260,320,R711,B711,True,298.0,False,689973
260,320,R712,B712,True,297.0,False,350935
260,320,R713,B713,False,,False,355146
260,320,R714,B714,False,,False,347099
260,320,R715,B715,False,,False,347313
260,320,R716,B716,False,,False,352945
260,320,R717,B717,False,,False,346973
260,320,R718,B718,True,299.0,False,712297
260,320,R719,B719,True,299.0,False,350935
260,320,R720,B720,True,300.0,False,353214
260,320,R721,B721,True,305.0,False,375647
260,320,R722,B722,False,,False,340355
260,320,R723,B723,False,,False,344858
260,320,R724,B724,True,301.0,False,676100
260,320,R725,B725,True,301.0,False,676100
260,320,R726,B726,True,301.0,False,338250
260,320,R727,B727,False,,False,336300
260,320,R728,B728,False,,False,337250
260,320,R729,B729,True,302.0,False,336800
260,320,R730,B730,False,,False,337250
260,320,R731,B731,False,,False,336100
260,320,R732,B732,True,302.0,False,336800
260,320,R733,B733,False,,False,335450
260,320,R734,B734,False,,False,337150
260,320,R735,B735,True,303.0,False,337950
260,320,R736,B736,True,304.0,False,338050
260,320,R737,B737,True,306.0,False,338050
260,320,R738,B738,False,,False,337150
260,320,R739,B739,False,,False,337150
260,320,R740,B740,False,,False,337250
260,320,R741,B741,False,,False,337350
260,320,R742,B742,True,304.0,False,338150
260,320,R743,B743,True,304.0,False,338250
260,320,R744,B744,True,306.0,False,338050
260,320,R745,B745,True,304.0,False,335800
260,320,R746,B746,False,,False,335400
260,320,R747,B747,False,,False,334050
260,320,R748,B748,False,,False,334500
260,320,R749,B749,True,304.0,False,336800
260,320,R750,B750,False,,False,335450
260,320,R751,B751,False,,False,327450
260,320,R752,B752,True,309.0,False,337250
260,320,R753,B753,True,305.0,False,338050
260,320,R754,B754,False,,False,337350
260,320,R755,B755,True,306.0,False,337950
260,320,R756,B756,False,,False,336400
260,320,R757,B757,False,,False,335900
260,320,R758,B758,True,306.0,False,338050
260,320,R759,B759,True,311.0,False,338050
260,320,R760,B760,False,,False,336300
260,320,R761,B761,False,,False,337150
260,320,R762,B762,True,307.0,False,338250
260,320,R763,B763,True,307.0,False,338050
260,320,R764,B764,True,307.0,False,338050
260,320,R765,B765,True,308.0,False,338250
260,320,R766,B766,True,307.0,False,1008750
260,320,R767,B767,False,,False,336100
260,320,R768,B768,False,,False,335800
260,320,R769,B769,True,307.0,False,336700
260,320,R770,B770,True,308.0,False,338150
260,320,R771,B771,True,310.0,False,338050
260,320,R772,B772,False,,False,335900
260,320,R773,B773,True,309.0,False,338050
260,320,R774,B774,True,308.0,False,336250
260,320,R775,B775,False,,False,335400
260,320,R776,B776,True,310.0,False,338250
260,320,R777,B777,False,,False,336300
260,320,R778,B778,True,309.0,False,337350
260,320,R779,B779,True,309.0,False,336300
260,320,R780,B780,True,310.0,False,335400
260,320,R781,B781,True,312.0,False,337950
260,320,R782,B782,True,310.0,False,338050
260,320,R783,B783,True,313.0,False,337450
260,320,R784,B784,False,,False,334050
260,320,R785,B785,True,311.0,False,676800
260,320,R786,B786,True,315.0,False,338050
260,320,R787,B787,False,,False,335800
260,320,R788,B788,False,,False,336300
260,320,R789,B789,True,311.0,False,336400
260,320,R790,B790,True,312.0,False,337950
260,320,R791,B791,True,312.0,False,338400
260,320,R792,B792,True,312.0,False,338050
260,320,R793,B793,True,312.0,False,336250
260,320,R794,B794,True,312.0,False,337250
260,320,R795,B795,True,314.0,False,338400
260,320,R796,B796,False,,False,337350
260,320,R797,B797,False,,False,335400
260,320,R798,B798,True,313.0,False,336700
260,320,R799,B799,True,314.0,False,335400
260,320,R800,B800,False,,False,335500
260,320,R801,B801,True,316.0,False,338250
260,320,R802,B802,True,314.0,False,1345000
260,320,R803,B803,True,314.0,False,337450
260,320,R804,B804,True,315.0,False,338050
260,320,R805,B805,True,317.0,False,337350
260,320,R806,B806,True,315.0,False,338050
260,320,R807,B807,False,,False,337250
260,320,R808,B808,True,317.0,False,335900
260,320,R809,B809,True,316.0,False,338050
260,320,R810,B810,False,,False,337350
260,320,R811,B811,False,,False,334050
260,320,R812,B812,True,316.0,False,337350
260,320,R813,B813,True,317.0,False,335400
260,320,R814,B814,True,317.0,False,338250
260,320,R815,B815,True,318.0,False,676100
260,320,R816,B816,False,,False,336100
260,320,R817,B817,True,317.0,False,337950
260,320,R818,B818,True,318.0,False,337250
260,320,R819,B819,True,319.0,False,337950
260,320,R820,B820,False,,False,336400
260,320,R821,B821,False,,False,334050
260,320,R822,B822,True,320.0,False,336300
260,320,R823,B823,False,,False,317500
260,320,R824,B824,True,320.0,False,335400
260,320,R825,B825,True,319.0,False,338400
260,320,R826,B826,True,320.0,False,338050
260,320,R827,B827,True,320.0,False,335400
260,320,R828,B828,False,,False,334050
260,320,R829,B829,True,320.0,False,338050
260,320,R830,B830,False,,False,337350
260,320,R831,B831,False,,False,336400
260,320,R832,B832,True,320.0,False,335800
260,320,R833,B833,True,320.0,False,336700
280,340,R495,B495,False,,False,481746
280,340,R498,B498,False,,False,496340
280,340,R506,B506,False,,False,502154
280,340,R508,B508,False,,False,530446
280,340,R510,B510,False,,False,473966
280,340,R511,B511,False,,False,471527
280,340,R512,B512,False,,False,423884
280,340,R514,B514,False,,False,501000
280,340,R516,B516,False,,False,426694
280,340,R517,B517,False,,False,426694
280,340,R518,B518,False,,False,530446
280,340,R521,B521,False,,False,483519
280,340,R524,B524,False,,False,429033
280,340,R526,B526,False,,False,428688
280,340,R527,B527,False,,False,430166
280,340,R528,B528,False,,False,396982
280,340,R530,B530,False,,False,548112
280,340,R531,B531,False,,False,471527
280,340,R532,B532,False,,False,357778
280,340,R533,B533,False,,False,393521
280,340,R534,B534,False,,False,482172
280,340,R536,B536,False,,False,517896
280,340,R538,B538,False,,False,471527
280,340,R540,B540,False,,False,436240
280,340,R541,B541,False,,False,396899
280,340,R542,B542,False,,False,396982
280,340,R544,B544,False,,False,548112
280,340,R546,B546,False,,False,432480
280,340,R548,B548,False,,False,482172
280,340,R550,B550,False,,False,466047
280,340,R551,B551,False,,False,439425
280,340,R557,B557,False,,False,467589
280,340,R558,B558,False,,False,348805
280,340,R559,B559,False,,False,367116
280,340,R561,B561,False,,False,439425
280,340,R563,B563,False,,False,495596
280,340,R565,B565,False,,False,396414
280,340,R569,B569,False,,False,482172
280,340,R574,B574,False,,False,363585
280,340,R575,B575,False,,False,404316
280,340,R576,B576,False,,False,404883
280,340,R581,B581,False,,False,437520
280,340,R585,B585,False,,False,398806
280,340,R587,B587,False,,False,421010
280,340,R588,B588,False,,False,443081
280,340,R590,B590,False,,False,425389
280,340,R594,B594,False,,False,403513
280,340,R595,B595,False,,False,449854
280,340,R596,B596,False,,False,356394
280,340,R600,B600,False,,False,443081
280,340,R605,B605,False,,False,367233
280,340,R606,B606,False,,False,573385
280,340,R607,B607,False,,False,366428
280,340,R609,B609,True,280.0,True,435001
280,340,R610,B610,False,,False,366720
280,340,R611,B611,False,,False,366167
280,340,R612,B612,False,,False,367116
280,340,R613,B613,True,280.0,True,445479
280,340,R614,B614,False,,False,380649
280,340,R615,B615,True,283.0,True,450666
280,340,R616,B616,True,283.0,True,482464
280,340,R617,B617,True,284.0,True,410071
280,340,R618,B618,False,,False,366906
280,340,R619,B619,False,,False,354130
280,340,R620,B620,True,285.0,True,386064
280,340,R621,B621,True,281.0,True,404107
280,340,R622,B622,True,283.0,True,740734
280,340,R623,B623,False,,False,374218
280,340,R624,B624,True,284.0,True,409703
280,340,R625,B625,False,,False,358827
280,340,R626,B626,True,286.0,True,386321
280,340,R627,B627,False,,False,373060
280,340,R628,B628,True,282.0,True,357272
280,340,R629,B629,False,,False,374218
280,340,R630,B630,True,285.0,True,427911
280,340,R631,B631,False,,False,366906
280,340,R632,B632,False,,False,354130
280,340,R633,B633,False,,False,359454
280,340,R634,B634,False,,False,355923
280,340,R635,B635,False,,False,377810
280,340,R636,B636,False,,False,354130
280,340,R637,B637,True,284.0,True,362057
280,340,R638,B638,True,284.0,True,370178
280,340,R639,B639,True,288.0,True,415195
280,340,R640,B640,False,,False,355635
280,340,R641,B641,False,,False,365071
280,340,R642,B642,False,,False,356830
280,340,R643,B643,False,,False,339953
280,340,R644,B644,False,,False,376750
280,340,R645,B645,True,286.0,True,375822
280,340,R646,B646,True,290.0,True,373060
280,340,R647,B647,True,288.0,True,362057
280,340,R648,B648,True,285.0,True,714076
280,340,R649,B649,True,285.0,True,1084741
280,340,R650,B650,True,286.0,True,376488
280,340,R651,B651,False,,False,357272
280,340,R652,B652,False,,False,367941
280,340,R653,B653,False,,False,370367
280,340,R654,B654,False,,False,374218
280,340,R655,B655,False,,False,353261
280,340,R656,B656,True,288.0,True,374047
280,340,R657,B657,True,287.0,True,740357
280,340,R658,B658,True,289.0,True,355923
280,340,R659,B659,False,,False,364603
280,340,R660,B660,True,287.0,True,357160
280,340,R661,B661,False,,False,373060
280,340,R662,B662,True,290.0,True,362057
280,340,R663,B663,False,,False,359827
280,340,R664,B664,True,289.0,True,746120
280,340,R665,B665,False,,False,360086
280,340,R666,B666,True,290.0,True,714321
280,340,R667,B667,True,294.0,True,370178
280,340,R668,B668,False,,False,370367
280,340,R669,B669,False,,False,358171
280,340,R670,B670,True,292.0,True,711271
280,340,R671,B671,False,,False,350018
280,340,R672,B672,False,,False,357160
280,340,R673,B673,True,291.0,True,375822
280,340,R674,B674,True,293.0,True,362057
280,340,R675,B675,True,293.0,True,411600
280,340,R676,B676,False,,False,357646
280,340,R677,B677,True,292.0,True,374047
280,340,R678,B678,False,,False,360086
280,340,R679,B679,False,,False,364603
280,340,R680,B680,False,,False,356697
280,340,R681,B681,True,294.0,True,376750
280,340,R682,B682,True,293.0,True,373060
280,340,R683,B683,True,293.0,True,714076
280,340,R684,B684,True,294.0,True,361580
280,340,R685,B685,False,,False,353607
280,340,R686,B686,False,,False,357646
280,340,R687,B687,False,,False,356697
280,340,R688,B688,True,297.0,True,375822
280,340,R689,B689,False,,False,373060
280,340,R690,B690,True,296.0,True,362057
280,340,R691,B691,True,294.0,True,365071
280,340,R692,B692,False,,False,356830
280,340,R693,B693,True,296.0,True,366906
280,340,R694,B694,True,295.0,True,374047
280,340,R695,B695,True,295.0,True,411600
280,340,R696,B696,False,,False,357048
280,340,R697,B697,True,295.0,True,355923
280,340,R698,B698,True,295.0,True,361580
280,340,R699,B699,False,,False,357048
280,340,R700,B700,False,,False,357160
280,340,R701,B701,True,296.0,True,376488
280,340,R702,B702,True,296.0,True,373926
280,340,R703,B703,False,,False,354130
280,340,R704,B704,True,296.0,True,362057
280,340,R705,B705,True,298.0,True,367941
280,340,R706,B706,False,,False,365475
280,340,R707,B707,False,,False,364603
280,340,R708,B708,False,,False,359278
280,340,R709,B709,True,297.0,True,411600
280,340,R710,B710,True,297.0,True,748436
280,340,R711,B711,True,298.0,True,711846
280,340,R712,B712,True,297.0,True,365071
280,340,R713,B713,False,,False,374842
280,340,R714,B714,False,,False,357048
280,340,R715,B715,False,,False,358827
280,340,R716,B716,False,,False,367941
280,340,R717,B717,False,,False,356697
280,340,R718,B718,True,299.0,True,748095
280,340,R719,B719,True,299.0,True,365071
280,340,R720,B720,True,300.0,False,370178
280,340,R721,B721,True,300.0,False,415195
280,340,R722,B722,False,,False,353261
280,340,R723,B723,False,,False,355266
280,340,R724,B724,True,301.0,False,711110
280,340,R725,B725,True,301.0,False,700107
280,340,R726,B726,True,301.0,False,356148
280,340,R727,B727,False,,False,346440
280,340,R728,B728,False,,False,347205
280,340,R729,B729,True,302.0,False,351179
280,340,R730,B730,False,,False,346973
280,340,R731,B731,True,302.0,False,375647
280,340,R732,B732,True,302.0,False,350935
280,340,R733,B733,False,,False,355146
280,340,R734,B734,False,,False,347099
280,340,R735,B735,True,303.0,False,352428
280,340,R736,B736,True,304.0,False,350053
280,340,R737,B737,True,304.0,False,354208
280,340,R738,B738,False,,False,347099
280,340,R739,B739,False,,False,347099
280,340,R740,B740,False,,False,347448
280,340,R741,B741,False,,False,353441
280,340,R742,B742,True,304.0,False,356038
280,340,R743,B743,True,305.0,False,362285
280,340,R744,B744,False,,False,354208
280,340,R745,B745,True,306.0,False,381855
280,340,R746,B746,False,,False,347743
280,340,R747,B747,False,,False,344842
280,340,R748,B748,False,,False,342259
280,340,R749,B749,True,304.0,False,350935
280,340,R750,B750,False,,False,355146
280,340,R751,B751,False,,False,340355
280,340,R752,B752,False,,False,347574
280,340,R753,B753,True,305.0,False,355555
280,340,R754,B754,False,,False,347194
280,340,R755,B755,True,308.0,False,353218
280,340,R756,B756,False,,False,350501
280,340,R757,B757,False,,False,345015
280,340,R758,B758,True,307.0,False,350053
280,340,R759,B759,True,307.0,False,354208
280,340,R760,B760,False,,False,346565
280,340,R761,B761,False,,False,347099
280,340,R762,B762,True,311.0,False,357369
280,340,R763,B763,True,309.0,False,355555
280,340,R764,B764,True,308.0,False,350053
280,340,R765,B765,True,307.0,False,356148
280,340,R766,B766,True,307.0,False,1059642
280,340,R767,B767,True,310.0,False,373850
280,340,R768,B768,True,307.0,False,360921
280,340,R769,B769,True,307.0,False,349140
280,340,R770,B770,True,308.0,False,356038
280,340,R771,B771,False,,False,355555
280,340,R772,B772,False,,False,345015
280,340,R773,B773,True,308.0,False,350053
280,340,R774,B774,True,308.0,False,353214
280,340,R775,B775,False,,False,347743
280,340,R776,B776,True,309.0,False,357369
280,340,R777,B777,False,,False,346440
280,340,R778,B778,False,,False,353441
280,340,R779,B779,True,310.0,False,351988
280,340,R780,B780,True,313.0,False,356605
280,340,R781,B781,True,310.0,False,352183
280,340,R782,B782,True,310.0,False,350053
280,340,R783,B783,False,,False,351175
280,340,R784,B784,False,,False,344842
280,340,R785,B785,True,311.0,False,714222
280,340,R786,B786,True,311.0,False,355555
280,340,R787,B787,False,,False,360921
280,340,R788,B788,False,,False,351148
280,340,R789,B789,True,311.0,False,355309
280,340,R790,B790,True,313.0,False,352183
280,340,R791,B791,True,312.0,False,357111
280,340,R792,B792,True,315.0,False,355555
280,340,R793,B793,True,312.0,False,353214
280,340,R794,B794,True,312.0,False,347574
280,340,R795,B795,True,314.0,False,357111
280,340,R796,B796,False,,False,347194
280,340,R797,B797,False,,False,347743
280,340,R798,B798,True,313.0,False,349140
280,340,R799,B799,True,316.0,False,356605
280,340,R800,B800,False,,False,349291
280,340,R801,B801,True,315.0,False,356148
280,340,R802,B802,True,314.0,False,1412857
280,340,R803,B803,False,,False,351175
280,340,R804,B804,True,315.0,False,350053
280,340,R805,B805,False,,False,347194
280,340,R806,B806,False,,False,354208
280,340,R807,B807,False,,False,347205
280,340,R808,B808,False,,False,345015
280,340,R809,B809,True,316.0,False,350053
280,340,R810,B810,False,,False,347311
280,340,R811,B811,False,,False,344842
280,340,R812,B812,False,,False,353441
280,340,R813,B813,True,317.0,False,356075
280,340,R814,B814,True,317.0,False,362285
280,340,R815,B815,True,318.0,False,700107
280,340,R816,B816,True,317.0,False,373850
280,340,R817,B817,True,322.0,False,353218
280,340,R818,B818,True,318.0,False,346973
280,340,R819,B819,True,320.0,False,352183
280,340,R820,B820,False,,False,355309
280,340,R821,B821,False,,False,344842
280,340,R822,B822,False,,False,346565
280,340,R823,B823,False,,False,326176
280,340,R824,B824,True,320.0,False,356075
280,340,R825,B825,True,319.0,False,357111
280,340,R826,B826,True,320.0,False,355555
280,340,R827,B827,False,,False,347743
280,340,R828,B828,False,,False,344986
280,340,R829,B829,True,320.0,False,350053
280,340,R830,B830,True,326.0,False,347311
280,340,R831,B831,False,,False,355309
280,340,R832,B832,True,320.0,False,381855
280,340,R833,B833,True,320.0,False,349140
280,340,R834,B834,True,323.0,False,338050
280,340,R835,B835,True,326.0,False,338050
280,340,R836,B836,False,,False,333650
280,340,R837,B837,False,,False,337250
280,340,R838,B838,True,323.0,False,675900
280,340,R839,B839,True,322.0,False,338400
280,340,R840,B840,True,322.0,False,336700
280,340,R841,B841,False,,False,327450
280,340,R842,B842,True,327.0,False,674500
280,340,R843,B843,True,323.0,False,337250
280,340,R844,B844,True,323.0,False,338250
280,340,R845,B845,False,,False,336250
280,340,R846,B846,True,323.0,False,676100
280,340,R847,B847,True,328.0,False,338050
280,340,R848,B848,False,,False,336400
280,340,R849,B849,False,,False,336300
280,340,R850,B850,True,324.0,False,338250
280,340,R851,B851,True,324.0,False,337350
280,340,R852,B852,True,324.0,False,668100
280,340,R853,B853,False,,False,331000
280,340,R854,B854,False,,False,333600
280,340,R855,B855,True,324.0,False,337250
280,340,R856,B856,False,,False,317500
280,340,R857,B857,True,325.0,False,329100
280,340,R858,B858,True,328.0,False,337350
280,340,R859,B859,True,327.0,False,337950
280,340,R860,B860,True,325.0,False,335800
280,340,R861,B861,True,325.0,False,336800
280,340,R862,B862,False,,False,337150
280,340,R863,B863,True,325.0,False,337350
280,340,R864,B864,False,,False,335900
280,340,R865,B865,False,,False,337150
280,340,R866,B866,True,330.0,False,334050
280,340,R867,B867,True,326.0,False,336700
280,340,R868,B868,True,327.0,False,337250
280,340,R869,B869,True,327.0,False,338050
280,340,R870,B870,True,327.0,False,336250
280,340,R871,B871,True,327.0,False,336700
280,340,R872,B872,False,,False,337250
280,340,R873,B873,False,,False,337350
280,340,R874,B874,True,328.0,False,338400
280,340,R875,B875,True,328.0,False,673400
280,340,R876,B876,True,331.0,False,335900
280,340,R877,B877,True,330.0,False,338050
280,340,R878,B878,True,329.0,False,674700
280,340,R879,B879,True,329.0,False,674700
280,340,R880,B880,True,330.0,False,338050
280,340,R881,B881,True,330.0,False,338250
280,340,R882,B882,True,331.0,False,334050
280,340,R883,B883,False,,False,337350
280,340,R884,B884,True,331.0,False,333350
280,340,R885,B885,True,333.0,False,338050
280,340,R886,B886,True,331.0,False,336700
280,340,R887,B887,False,,False,327450
280,340,R888,B888,True,332.0,False,337950
280,340,R889,B889,True,332.0,False,335500
280,340,R890,B890,True,332.0,False,335900
280,340,R891,B891,True,338.0,False,337250
280,340,R892,B892,True,335.0,False,336250
280,340,R893,B893,True,333.0,False,336700
280,340,R894,B894,True,335.0,False,337950
280,340,R895,B895,False,,False,336300
280,340,R896,B896,False,,False,337250
280,340,R897,B897,True,335.0,False,333350
280,340,R898,B898,True,336.0,False,337350
280,340,R899,B899,True,335.0,False,334050
280,340,R900,B900,False,,False,337250
280,340,R901,B901,False,,False,317500
280,340,R902,B902,True,338.0,False,336800
280,340,R903,B903,True,336.0,False,671800
280,340,R904,B904,True,340.0,False,336250
280,340,R905,B905,True,336.0,False,338050
280,340,R906,B906,True,336.0,False,334050
280,340,R907,B907,True,336.0,False,336700
280,340,R908,B908,False,,False,327450
280,340,R909,B909,False,,False,337250
280,340,R910,B910,True,338.0,False,338150
280,340,R911,B911,True,339.0,False,336250
280,340,R912,B912,True,337.0,False,338050
280,340,R913,B913,True,340.0,False,337150
280,340,R914,B914,False,,False,333650
280,340,R915,B915,False,,False,317500
280,340,R916,B916,True,339.0,False,676100
280,340,R917,B917,True,339.0,False,336700
280,340,R918,B918,False,,False,333650
280,340,R919,B919,True,340.0,False,338300
280,340,R920,B920,True,340.0,False,338050
280,340,R921,B921,True,340.0,False,336250
280,340,R922,B922,True,340.0,False,336700
300,360,R596,B596,False,,False,459068
300,360,R605,B605,False,,False,496730
300,360,R611,B611,False,,False,533941
300,360,R612,B612,False,,False,496535
300,360,R619,B619,False,,False,445284
300,360,R625,B625,False,,False,473966
300,360,R631,B631,False,,False,511691
300,360,R632,B632,False,,False,445284
300,360,R633,B633,False,,False,482476
300,360,R634,B634,False,,False,465290
300,360,R635,B635,False,,False,526246
300,360,R636,B636,False,,False,417938
300,360,R640,B640,False,,False,463563
300,360,R642,B642,False,,False,459485
300,360,R643,B643,False,,False,375360
300,360,R644,B644,False,,False,521475
300,360,R651,B651,False,,False,427001
300,360,R652,B652,False,,False,517896
300,360,R653,B653,False,,False,531953
300,360,R654,B654,False,,False,563309
300,360,R655,B655,False,,False,443601
300,360,R659,B659,False,,False,463315
300,360,R661,B661,False,,False,548112
300,360,R663,B663,False,,False,447247
300,360,R665,B665,False,,False,446489
300,360,R668,B668,False,,False,483477
300,360,R669,B669,False,,False,437520
300,360,R671,B671,False,,False,357778
300,360,R672,B672,False,,False,367116
300,360,R676,B676,False,,False,398439
300,360,R678,B678,False,,False,409459
300,360,R679,B679,False,,False,421010
300,360,R680,B680,False,,False,366421
300,360,R685,B685,False,,False,363585
300,360,R686,B686,False,,False,367844
300,360,R687,B687,False,,False,366421
300,360,R689,B689,False,,False,495596
300,360,R692,B692,False,,False,397892
300,360,R696,B696,False,,False,366998
300,360,R699,B699,False,,False,366998
300,360,R700,B700,False,,False,367116
300,360,R703,B703,False,,False,363246
300,360,R706,B706,False,,False,423826
300,360,R707,B707,False,,False,378705
300,360,R708,B708,False,,False,411135
300,360,R713,B713,False,,False,453628
300,360,R714,B714,False,,False,366998
300,360,R715,B715,False,,False,370341
300,360,R716,B716,False,,False,427923
300,360,R717,B717,False,,False,366421
300,360,R720,B720,True,304.0,True,438035
300,360,R721,B721,True,304.0,True,454742
300,360,R722,B722,False,,False,366167
300,360,R723,B723,False,,False,365674
300,360,R724,B724,True,301.0,True,746120
300,360,R725,B725,True,301.0,True,772128
300,360,R726,B726,True,304.0,True,409845
300,360,R727,B727,False,,False,356580
300,360,R728,B728,False,,False,357160
300,360,R729,B729,True,303.0,True,394317
300,360,R730,B730,False,,False,356697
300,360,R731,B731,True,306.0,True,415195
300,360,R732,B732,True,303.0,True,365071
300,360,R733,B733,False,,False,374842
300,360,R734,B734,False,,False,357048
300,360,R735,B735,True,303.0,True,366906
300,360,R736,B736,True,304.0,True,362057
300,360,R737,B737,False,,False,370367
300,360,R738,B738,False,,False,357048
300,360,R739,B739,False,,False,357048
300,360,R740,B740,False,,False,357646
300,360,R741,B741,False,,False,369532
300,360,R742,B742,True,304.0,True,373926
300,360,R743,B743,True,305.0,True,386321
300,360,R744,B744,False,,False,370367
300,360,R745,B745,True,307.0,True,427911
300,360,R746,B746,False,,False,360086
300,360,R747,B747,False,,False,355635
300,360,R748,B748,False,,False,350018
300,360,R749,B749,True,307.0,True,365071
300,360,R750,B750,False,,False,374842
300,360,R751,B751,False,,False,353261
300,360,R752,B752,False,,False,357898
300,360,R753,B753,True,305.0,True,373060
300,360,R754,B754,False,,False,357038
300,360,R755,B755,True,306.0,True,368486
300,360,R756,B756,False,,False,364603
300,360,R757,B757,False,,False,354130
300,360,R758,B758,True,306.0,True,362057
300,360,R759,B759,False,,False,370367
300,360,R760,B760,False,,False,356830
300,360,R761,B761,False,,False,357048
300,360,R762,B762,True,307.0,True,376488
300,360,R763,B763,True,309.0,True,373060
300,360,R764,B764,True,307.0,True,362057
300,360,R765,B765,True,307.0,True,374047
300,360,R766,B766,True,308.0,True,1110535
300,360,R767,B767,True,310.0,True,411600
300,360,R768,B768,False,,False,386042
300,360,R769,B769,True,307.0,True,361580
300,360,R770,B770,True,308.0,True,373926
300,360,R771,B771,True,311.0,True,373060
300,360,R772,B772,False,,False,354130
300,360,R773,B773,True,309.0,True,362057
300,360,R774,B774,True,308.0,True,370178
300,360,R775,B775,False,,False,360086
300,360,R776,B776,True,310.0,True,376488
300,360,R777,B777,False,,False,356580
300,360,R778,B778,False,,False,369532
300,360,R779,B779,True,309.0,True,367677
300,360,R780,B780,True,313.0,True,377810
300,360,R781,B781,True,312.0,True,366416
300,360,R782,B782,True,313.0,True,362057
300,360,R783,B783,False,,False,364900
300,360,R784,B784,False,,False,355635
300,360,R785,B785,True,311.0,True,751644
300,360,R786,B786,True,314.0,True,373060
300,360,R787,B787,False,,False,386042
300,360,R788,B788,False,,False,365996
300,360,R789,B789,False,,False,374218
300,360,R790,B790,True,312.0,True,366416
300,360,R791,B791,True,312.0,True,375822
300,360,R792,B792,True,315.0,True,373060
300,360,R793,B793,True,312.0,True,370178
300,360,R794,B794,False,,False,357898
300,360,R795,B795,True,314.0,True,375822
300,360,R796,B796,False,,False,357038
300,360,R797,B797,False,,False,360086
300,360,R798,B798,True,313.0,True,361580
300,360,R799,B799,True,316.0,True,377810
300,360,R800,B800,False,,False,363083
300,360,R801,B801,True,316.0,True,374047
300,360,R802,B802,True,314.0,True,1480714
300,360,R803,B803,False,,False,364900
300,360,R804,B804,True,315.0,True,362057
300,360,R805,B805,False,,False,357038
300,360,R806,B806,True,317.0,True,370367
300,360,R807,B807,False,,False,357160
300,360,R808,B808,False,,False,354130
300,360,R809,B809,True,318.0,True,362057
300,360,R810,B810,False,,False,357272
300,360,R811,B811,False,,False,355635
300,360,R812,B812,False,,False,369532
300,360,R813,B813,True,318.0,True,376750
300,360,R814,B814,True,317.0,True,386321
300,360,R815,B815,True,318.0,True,724114
300,360,R816,B816,True,317.0,True,411600
300,360,R817,B817,True,322.0,False,368486
300,360,R818,B818,True,321.0,False,356697
300,360,R819,B819,True,318.0,True,366416
300,360,R820,B820,False,,False,374218
300,360,R821,B821,False,,False,355635
300,360,R822,B822,False,,False,356830
300,360,R823,B823,False,,False,334852
300,360,R824,B824,True,321.0,False,376750
300,360,R825,B825,True,319.0,True,375822
300,360,R826,B826,True,320.0,False,373060
300,360,R827,B827,False,,False,360086
300,360,R828,B828,False,,False,355923
300,360,R829,B829,True,320.0,False,362057
300,360,R830,B830,False,,False,357272
300,360,R831,B831,True,324.0,False,374218
300,360,R832,B832,True,320.0,False,427911
300,360,R833,B833,True,320.0,False,361580
300,360,R834,B834,True,323.0,False,355555
300,360,R835,B835,True,326.0,False,354208
300,360,R836,B836,False,,False,343628
300,360,R837,B837,False,,False,347205
300,360,R838,B838,True,322.0,False,704366
300,360,R839,B839,True,322.0,False,357111
300,360,R840,B840,True,322.0,False,349140
300,360,R841,B841,False,,False,340355
300,360,R842,B842,True,322.0,False,695148
300,360,R843,B843,False,,False,346973
300,360,R844,B844,True,323.0,False,362285
300,360,R845,B845,False,,False,347187
300,360,R846,B846,True,323.0,False,700107
300,360,R847,B847,True,323.0,False,354208
300,360,R848,B848,False,,False,355309
300,360,R849,B849,False,,False,346440
300,360,R850,B850,True,324.0,False,356148
300,360,R851,B851,True,326.0,False,347311
300,360,R852,B852,True,324.0,False,689685
300,360,R853,B853,False,,False,341320
300,360,R854,B854,False,,False,344961
300,360,R855,B855,True,325.0,False,347574
300,360,R856,B856,False,,False,326176
300,360,R857,B857,False,,False,347179
300,360,R858,B858,False,,False,347194
300,360,R859,B859,True,325.0,False,353218
300,360,R860,B860,True,326.0,False,381855
300,360,R861,B861,True,325.0,False,350935
300,360,R862,B862,False,,False,347099
300,360,R863,B863,True,325.0,False,353441
300,360,R864,B864,False,,False,345015
300,360,R865,B865,False,,False,347099
300,360,R866,B866,False,,False,344842
300,360,R867,B867,True,326.0,False,349140
300,360,R868,B868,True,328.0,False,346973
300,360,R869,B869,True,327.0,False,350053
300,360,R870,B870,True,327.0,False,353214
300,360,R871,B871,True,327.0,False,349140
300,360,R872,B872,False,,False,347205
300,360,R873,B873,False,,False,353441
300,360,R874,B874,True,328.0,False,357111
300,360,R875,B875,True,328.0,False,698280
300,360,R876,B876,False,,False,345015
300,360,R877,B877,True,330.0,False,350053
300,360,R878,B878,True,329.0,False,694388
300,360,R879,B879,True,329.0,False,706882
300,360,R880,B880,True,330.0,False,350053
300,360,R881,B881,True,330.0,False,356148
300,360,R882,B882,False,,False,344842
300,360,R883,B883,False,,False,353441
300,360,R884,B884,True,331.0,False,346314
300,360,R885,B885,True,332.0,False,354208
300,360,R886,B886,True,331.0,False,349140
300,360,R887,B887,False,,False,340355
300,360,R888,B888,True,332.0,False,352183
300,360,R889,B889,True,335.0,False,349291
300,360,R890,B890,True,332.0,False,345015
300,360,R891,B891,True,338.0,False,347205
300,360,R892,B892,True,335.0,False,353214
300,360,R893,B893,True,333.0,False,349140
300,360,R894,B894,True,335.0,False,352183
300,360,R895,B895,True,334.0,False,346565
300,360,R896,B896,False,,False,347205
300,360,R897,B897,True,335.0,False,346314
300,360,R898,B898,False,,False,347194
300,360,R899,B899,False,,False,344986
300,360,R900,B900,False,,False,347448
300,360,R901,B901,False,,False,326176
300,360,R902,B902,True,337.0,False,351179
300,360,R903,B903,True,336.0,False,690030
300,360,R904,B904,False,,False,347187
300,360,R905,B905,True,336.0,False,350053
300,360,R906,B906,False,,False,344842
300,360,R907,B907,True,336.0,False,349140
300,360,R908,B908,False,,False,340355
300,360,R909,B909,False,,False,347574
300,360,R910,B910,True,337.0,False,356038
300,360,R911,B911,True,339.0,False,353214
300,360,R912,B912,True,339.0,False,354208
300,360,R913,B913,False,,False,347099
300,360,R914,B914,False,,False,343628
300,360,R915,B915,False,,False,326176
300,360,R916,B916,True,339.0,False,700107
300,360,R917,B917,True,340.0,False,349140
300,360,R918,B918,False,,False,343628
300,360,R919,B919,True,343.0,False,353883
300,360,R920,B920,True,340.0,False,350053
300,360,R921,B921,True,340.0,False,353214
300,360,R922,B922,True,342.0,False,349140
300,360,R923,B923,True,341.0,False,338250
300,360,R924,B924,True,342.0,False,338050
300,360,R925,B925,False,,False,337150
300,360,R926,B926,True,341.0,False,335400
300,360,R927,B927,False,,False,335500
300,360,R928,B928,False,,False,331000
300,360,R929,B929,False,,False,334450
300,360,R930,B930,True,342.0,False,338250
300,360,R931,B931,True,342.0,False,338400
300,360,R932,B932,True,343.0,False,338050
300,360,R933,B933,True,343.0,False,336250
300,360,R934,B934,True,342.0,False,337450
300,360,R935,B935,False,,False,336100
300,360,R936,B936,True,342.0,False,338050
300,360,R937,B937,True,342.0,False,335800
300,360,R938,B938,True,346.0,False,337250
300,360,R939,B939,True,343.0,False,338150
300,360,R940,B940,True,345.0,False,338050
300,360,R941,B941,True,347.0,False,336800
300,360,R942,B942,True,347.0,False,338050
300,360,R943,B943,True,349.0,False,674700
300,360,R944,B944,False,,False,334050
300,360,R945,B945,False,,False,336300
300,360,R946,B946,False,,False,337250
300,360,R947,B947,True,345.0,False,675900
300,360,R948,B948,True,345.0,False,334050
300,360,R949,B949,True,348.0,False,336800
300,360,R950,B950,True,345.0,False,336700
300,360,R951,B951,True,346.0,False,335500
300,360,R952,B952,True,346.0,False,335900
300,360,R953,B953,True,346.0,False,336250
300,360,R954,B954,True,347.0,False,336250
300,360,R955,B955,True,350.0,False,338050
300,360,R956,B956,True,351.0,False,336250
300,360,R957,B957,True,352.0,False,338050
300,360,R958,B958,True,347.0,False,673400
300,360,R959,B959,True,349.0,False,338050
300,360,R960,B960,True,349.0,False,672500
300,360,R961,B961,True,348.0,False,336700
300,360,R962,B962,False,,False,333600
300,360,R963,B963,True,349.0,False,337950
300,360,R964,B964,True,350.0,False,337950
300,360,R965,B965,True,350.0,False,337450
300,360,R966,B966,True,350.0,False,336800
300,360,R967,B967,True,350.0,False,337250
300,360,R968,B968,False,,False,337350
300,360,R969,B969,True,355.0,False,337450
300,360,R970,B970,True,355.0,False,336300
300,360,R971,B971,True,353.0,False,337950
300,360,R972,B972,True,352.0,False,338050
300,360,R973,B973,True,352.0,False,336700
300,360,R974,B974,True,353.0,False,674500
300,360,R975,B975,True,352.0,False,337250
300,360,R976,B976,False,,False,317500
300,360,R977,B977,True,358.0,False,337350
300,360,R978,B978,True,353.0,False,335500
300,360,R979,B979,False,,False,334050
300,360,R980,B980,True,353.0,False,336800
300,360,R981,B981,True,353.0,False,327450
300,360,R982,B982,True,354.0,False,338050
300,360,R983,B983,True,355.0,False,338050
300,360,R984,B984,True,354.0,False,338250
300,360,R985,B985,True,354.0,False,336250
300,360,R986,B986,True,354.0,False,335800
300,360,R987,B987,True,359.0,False,329000
300,360,R988,B988,False,,False,333650
300,360,R989,B989,True,358.0,False,335800
300,360,R990,B990,True,355.0,False,338050
300,360,R991,B991,True,355.0,False,336800
300,360,R992,B992,True,355.0,False,336700
300,360,R993,B993,True,355.0,False,337250
300,360,R994,B994,True,359.0,False,337350
300,360,R995,B995,False,,False,334500
300,360,R996,B996,True,360.0,False,334450
300,360,R997,B997,True,357.0,False,337250
300,360,R998,B998,True,357.0,False,335500
300,360,R999,B999,True,357.0,False,336250
300,360,R1000,B1000,True,357.0,False,317500
300,360,R1001,B1001,True,360.0,False,337250
300,360,R1002,B1002,True,359.0,False,335800
300,360,R1003,B1003,True,360.0,False,338050
320,380,R696,B696,False,,False,496340
320,380,R699,B699,False,,False,496340
320,380,R700,B700,False,,False,496535
320,380,R714,B714,False,,False,496340
320,380,R717,B717,False,,False,492831
320,380,R722,B722,False,,False,533941
320,380,R723,B723,False,,False,500981
320,380,R727,B727,False,,False,457982
320,380,R728,B728,False,,False,426848
320,380,R730,B730,False,,False,424764
320,380,R734,B734,False,,False,426694
320,380,R738,B738,False,,False,426694
320,380,R739,B739,False,,False,426694
320,380,R740,B740,False,,False,429033
320,380,R741,B741,False,,False,530446
320,380,R744,B744,False,,False,531953
320,380,R746,B746,False,,False,483519
320,380,R747,B747,False,,False,463563
320,380,R748,B748,False,,False,381056
320,380,R750,B750,False,,False,571807
320,380,R751,B751,False,,False,482318
320,380,R752,B752,False,,False,430166
320,380,R754,B754,False,,False,425947
320,380,R756,B756,False,,False,505620
320,380,R757,B757,False,,False,417938
320,380,R759,B759,False,,False,531953
320,380,R760,B760,False,,False,428688
320,380,R761,B761,False,,False,396846
320,380,R768,B768,False,,False,637254
320,380,R772,B772,False,,False,417938
320,380,R775,B775,False,,False,446489
320,380,R777,B777,False,,False,427562
320,380,R778,B778,False,,False,482172
320,380,R783,B783,False,,False,460978
320,380,R784,B784,False,,False,431184
320,380,R787,B787,False,,False,561890
320,380,R788,B788,False,,False,469933
320,380,R789,B789,False,,False,506581
320,380,R794,B794,False,,False,368222
320,380,R796,B796,False,,False,366882
320,380,R797,B797,False,,False,409459
320,380,R800,B800,False,,False,418250
320,380,R803,B803,False,,False,419802
320,380,R805,B805,False,,False,366882
320,380,R807,B807,False,,False,367116
320,380,R808,B808,False,,False,363246
320,380,R810,B810,False,,False,367233
320,380,R811,B811,False,,False,366428
320,380,R812,B812,False,,False,433898
320,380,R817,B817,True,322.0,True,429559
320,380,R818,B818,False,,False,366421
320,380,R820,B820,False,,False,449854
320,380,R821,B821,False,,False,366428
320,380,R822,B822,False,,False,367096
320,380,R823,B823,False,,False,343529
320,380,R824,B824,True,320.0,True,397425
320,380,R826,B826,True,320.0,True,443081
320,380,R827,B827,False,,False,372429
320,380,R828,B828,False,,False,366860
320,380,R829,B829,True,320.0,True,410071
320,380,R830,B830,False,,False,367233
320,380,R831,B831,False,,False,393127
320,380,R832,B832,False,,False,612133
320,380,R833,B833,True,321.0,True,411341
320,380,R834,B834,True,323.0,True,373060
320,380,R835,B835,True,325.0,True,370367
320,380,R836,B836,False,,False,353607
320,380,R837,B837,False,,False,357160
320,380,R838,B838,True,322.0,True,732832
320,380,R839,B839,True,322.0,True,413244
320,380,R840,B840,True,322.0,True,386461
320,380,R841,B841,False,,False,353261
320,380,R842,B842,True,322.0,True,715796
320,380,R843,B843,False,,False,356697
320,380,R844,B844,True,323.0,True,386321
320,380,R845,B845,False,,False,358125
320,380,R846,B846,True,323.0,True,724114
320,380,R847,B847,True,326.0,True,370367
320,380,R848,B848,False,,False,374218
320,380,R849,B849,False,,False,356580
320,380,R850,B850,True,324.0,True,374047
320,380,R851,B851,True,324.0,True,357272
320,380,R852,B852,True,326.0,True,711271
320,380,R853,B853,False,,False,351641
320,380,R854,B854,True,327.0,True,356322
320,380,R855,B855,True,325.0,True,357898
320,380,R856,B856,False,,False,334852
320,380,R857,B857,False,,False,365259
320,380,R858,B858,False,,False,357038
320,380,R859,B859,True,329.0,True,368486
320,380,R860,B860,True,327.0,True,427911
320,380,R861,B861,True,328.0,True,365071
320,380,R862,B862,False,,False,357048
320,380,R863,B863,True,325.0,True,369532
320,380,R864,B864,False,,False,354130
320,380,R865,B865,False,,False,357048
320,380,R866,B866,False,,False,355635
320,380,R867,B867,True,326.0,True,361580
320,380,R868,B868,False,,False,356697
320,380,R869,B869,True,331.0,True,362057
320,380,R870,B870,True,327.0,True,370178
320,380,R871,B871,True,327.0,True,361580
320,380,R872,B872,False,,False,357160
320,380,R873,B873,False,,False,369532
320,380,R874,B874,True,331.0,True,375822
320,380,R875,B875,True,328.0,True,723161
320,380,R876,B876,False,,False,354130
320,380,R877,B877,True,330.0,True,362057
320,380,R878,B878,True,329.0,True,714076
320,380,R879,B879,True,329.0,True,739065
320,380,R880,B880,True,334.0,True,362057
320,380,R881,B881,True,330.0,True,374047
320,380,R882,B882,False,,False,355635
320,380,R883,B883,False,,False,369532
320,380,R884,B884,False,,False,359278
320,380,R885,B885,True,331.0,True,370367
320,380,R886,B886,True,331.0,True,361580
320,380,R887,B887,False,,False,353261
320,380,R888,B888,True,332.0,True,366416
320,380,R889,B889,True,335.0,True,363083
320,380,R890,B890,True,332.0,True,354130
320,380,R891,B891,True,338.0,True,357160
320,380,R892,B892,True,333.0,True,370178
320,380,R893,B893,True,333.0,True,361580
320,380,R894,B894,True,335.0,True,366416
320,380,R895,B895,False,,False,356830
320,380,R896,B896,True,336.0,True,357160
320,380,R897,B897,True,336.0,True,359278
320,380,R898,B898,False,,False,357038
320,380,R899,B899,False,,False,355923
320,380,R900,B900,False,,False,357646
320,380,R901,B901,False,,False,334852
320,380,R902,B902,True,336.0,True,365558
320,380,R903,B903,True,336.0,True,708261
320,380,R904,B904,False,,False,358125
320,380,R905,B905,True,336.0,True,362057
320,380,R906,B906,False,,False,355635
320,380,R907,B907,True,336.0,True,361580
320,380,R908,B908,False,,False,353261
320,380,R909,B909,False,,False,357898
320,380,R910,B910,True,337.0,True,373926
320,380,R911,B911,True,338.0,True,370178
320,380,R912,B912,True,337.0,True,370367
320,380,R913,B913,False,,False,357048
320,380,R914,B914,False,,False,353607
320,380,R915,B915,False,,False,334852
320,380,R916,B916,True,339.0,True,724114
320,380,R917,B917,True,341.0,False,361580
320,380,R918,B918,False,,False,353607
320,380,R919,B919,True,340.0,False,369466
320,380,R920,B920,True,340.0,False,362057
320,380,R921,B921,True,341.0,False,370178
320,380,R922,B922,True,341.0,False,361580
320,380,R923,B923,True,341.0,False,355776
320,380,R924,B924,True,341.0,False,354208
320,380,R925,B925,False,,False,347099
320,380,R926,B926,False,,False,347743
320,380,R927,B927,True,343.0,False,346835
320,380,R928,B928,False,,False,341320
320,380,R929,B929,False,,False,344858
320,380,R930,B930,True,342.0,False,357369
320,380,R931,B931,True,342.0,False,357111
320,380,R932,B932,True,343.0,False,350053
320,380,R933,B933,True,345.0,False,353214
320,380,R934,B934,False,,False,351175
320,380,R935,B935,True,342.0,False,375647
320,380,R936,B936,True,342.0,False,354208
320,380,R937,B937,True,345.0,False,381855
320,380,R938,B938,False,,False,347574
320,380,R939,B939,True,343.0,False,356038
320,380,R940,B940,True,345.0,False,354208
320,380,R941,B941,True,344.0,False,350935
320,380,R942,B942,True,347.0,False,350053
320,380,R943,B943,True,349.0,False,694622
320,380,R944,B944,False,,False,344842
320,380,R945,B945,False,,False,346565
320,380,R946,B946,False,,False,347574
320,380,R947,B947,True,345.0,False,704856
320,380,R948,B948,False,,False,344986
320,380,R949,B949,True,346.0,False,350935
320,380,R950,B950,True,345.0,False,349140
320,380,R951,B951,True,346.0,False,349291
320,380,R952,B952,False,,False,345015
320,380,R953,B953,True,346.0,False,353214
320,380,R954,B954,False,,False,347187
320,380,R955,B955,True,349.0,False,350053
320,380,R956,B956,True,347.0,False,353214
320,380,R957,B957,True,347.0,False,354208
320,380,R958,B958,True,347.0,False,698280
320,380,R959,B959,True,349.0,False,350053
320,380,R960,B960,True,349.0,False,706428
320,380,R961,B961,True,348.0,False,349140
320,380,R962,B962,False,,False,344961
320,380,R963,B963,True,349.0,False,352428
320,380,R964,B964,True,350.0,False,352183
320,380,R965,B965,True,352.0,False,351175
320,380,R966,B966,True,350.0,False,350935
320,380,R967,B967,True,350.0,False,347574
320,380,R968,B968,False,,False,347194
320,380,R969,B969,False,,False,351175
320,380,R970,B970,False,,False,346440
320,380,R971,B971,True,353.0,False,352183
320,380,R972,B972,True,352.0,False,350053
320,380,R973,B973,True,352.0,False,349140
320,380,R974,B974,True,353.0,False,695148
320,380,R975,B975,False,,False,347205
320,380,R976,B976,False,,False,326176
320,380,R977,B977,False,,False,347194
320,380,R978,B978,True,353.0,False,346835
320,380,R979,B979,False,,False,344986
320,380,R980,B980,True,353.0,False,350935
320,380,R981,B981,False,,False,340355
320,380,R982,B982,True,354.0,False,355555
320,380,R983,B983,True,355.0,False,350053
320,380,R984,B984,True,354.0,False,356148
320,380,R985,B985,True,358.0,False,353214
320,380,R986,B986,True,354.0,False,381855
320,380,R987,B987,False,,False,341619
320,380,R988,B988,False,,False,343628
320,380,R989,B989,True,355.0,False,347313
320,380,R990,B990,True,355.0,False,350053
320,380,R991,B991,True,358.0,False,350935
320,380,R992,B992,True,357.0,False,349140
320,380,R993,B993,True,355.0,False,347448
320,380,R994,B994,False,,False,347311
320,380,R995,B995,False,,False,342259
320,380,R996,B996,False,,False,344858
320,380,R997,B997,False,,False,346973
320,380,R998,B998,True,358.0,False,349291
320,380,R999,B999,True,357.0,False,353214
320,380,R1000,B1000,False,,False,326176
320,380,R1001,B1001,False,,False,346973
320,380,R1002,B1002,True,359.0,False,381855
320,380,R1003,B1003,True,360.0,False,350053
320,380,R1004,B1004,True,361.0,False,675900
320,380,R1005,B1005,True,361.0,False,338050
320,380,R1006,B1006,True,361.0,False,672500
320,380,R1007,B1007,False,,False,337150
320,380,R1008,B1008,True,362.0,False,338250
320,380,R1009,B1009,True,364.0,False,675900
320,380,R1010,B1010,True,365.0,False,337150
320,380,R1011,B1011,True,362.0,False,337250
320,380,R1012,B1012,True,363.0,False,338050
320,380,R1013,B1013,True,366.0,False,336250
320,380,R1014,B1014,True,365.0,False,335800
320,380,R1015,B1015,True,365.0,False,336700
320,380,R1016,B1016,True,365.0,False,336400
320,380,R1017,B1017,True,365.0,False,337250
320,380,R1018,B1018,True,364.0,False,337950
320,380,R1019,B1019,True,364.0,False,335800
320,380,R1020,B1020,True,369.0,False,337250
320,380,R1021,B1021,True,365.0,False,338050
320,380,R1022,B1022,True,365.0,False,334050
320,380,R1023,B1023,True,365.0,False,336700
320,380,R1024,B1024,True,366.0,False,338250
320,380,R1025,B1025,True,366.0,False,334850
320,380,R1026,B1026,True,369.0,False,335800
320,380,R1027,B1027,False,,False,334050
320,380,R1028,B1028,False,,False,334450
320,380,R1029,B1029,True,370.0,False,337150
320,380,R1030,B1030,True,368.0,False,338050
320,380,R1031,B1031,True,368.0,False,338250
320,380,R1032,B1032,True,369.0,False,336800
320,380,R1033,B1033,True,370.0,False,337250
320,380,R1034,B1034,True,373.0,False,337350
320,380,R1035,B1035,True,370.0,False,337450
320,380,R1036,B1036,True,370.0,False,668100
320,380,R1037,B1037,True,370.0,False,673400
320,380,R1038,B1038,True,371.0,False,338250
320,380,R1039,B1039,True,372.0,False,335800
320,380,R1040,B1040,True,371.0,False,334050
320,380,R1041,B1041,True,372.0,False,337950
320,380,R1042,B1042,True,372.0,False,336300
320,380,R1043,B1043,True,377.0,False,338050
320,380,R1044,B1044,True,373.0,False,336250
320,380,R1045,B1045,True,373.0,False,673600
320,380,R1046,B1046,True,373.0,False,336700
320,380,R1047,B1047,False,,False,337250
320,380,R1048,B1048,True,378.0,False,338300
320,380,R1049,B1049,True,374.0,False,335500
320,380,R1050,B1050,False,,False,337250
320,380,R1051,B1051,True,379.0,False,335400
320,380,R1052,B1052,True,375.0,False,337950
320,380,R1053,B1053,True,375.0,False,334050
320,380,R1054,B1054,True,377.0,False,336700
320,380,R1055,B1055,True,376.0,False,335400
320,380,R1056,B1056,True,378.0,False,337450
320,380,R1057,B1057,True,376.0,False,338050
320,380,R1058,B1058,True,376.0,False,668100
320,380,R1059,B1059,False,,False,337150
320,380,R1060,B1060,True,376.0,False,337350
320,380,R1061,B1061,True,377.0,False,338400
320,380,R1062,B1062,True,379.0,False,338250
320,380,R1063,B1063,True,378.0,False,672500
320,380,R1064,B1064,True,379.0,False,337350
320,380,R1065,B1065,True,380.0,False,337250
320,380,R1066,B1066,True,379.0,False,336250
320,380,R1067,B1067,True,380.0,False,337950
320,380,R1068,B1068,True,380.0,False,336400
320,380,R1069,B1069,True,380.0,False,333600
320,380,R1070,B1070,True,380.0,False,337250
320,380,R1071,B1071,False,,False,322250
340,400,R807,B807,False,,False,496535
340,400,R810,B810,False,,False,496730
340,400,R818,B818,False,,False,492831
340,400,R823,B823,False,,False,421617
340,400,R828,B828,False,,False,509036
340,400,R830,B830,False,,False,496730
340,400,R836,B836,False,,False,453393
340,400,R837,B837,False,,False,426848
340,400,R841,B841,False,,False,482318
340,400,R843,B843,False,,False,424764
340,400,R845,B845,False,,False,434687
340,400,R848,B848,False,,False,563309
340,400,R849,B849,False,,False,457982
340,400,R853,B853,False,,False,423884
340,400,R856,B856,False,,False,369558
340,400,R857,B857,False,,False,491815
340,400,R858,B858,False,,False,425947
340,400,R862,B862,False,,False,396846
340,400,R864,B864,False,,False,417938
340,400,R865,B865,False,,False,396846
340,400,R866,B866,False,,False,431184
340,400,R868,B868,False,,False,395593
340,400,R872,B872,False,,False,396982
340,400,R873,B873,False,,False,482172
340,400,R876,B876,False,,False,390592
340,400,R882,B882,False,,False,431184
340,400,R883,B883,False,,False,482172
340,400,R884,B884,False,,False,450028
340,400,R887,B887,False,,False,404884
340,400,R895,B895,False,,False,397892
340,400,R898,B898,False,,False,366882
340,400,R899,B899,False,,False,366860
340,400,R900,B900,False,,False,367844
340,400,R901,B901,False,,False,343529
340,400,R904,B904,False,,False,369062
340,400,R906,B906,False,,False,366428
340,400,R908,B908,False,,False,366167
340,400,R909,B909,True,340.0,True,368222
340,400,R913,B913,False,,False,366998
340,400,R914,B914,False,,False,363585
340,400,R915,B915,False,,False,343529
340,400,R917,B917,False,,False,411341
340,400,R918,B918,False,,False,363585
340,400,R919,B919,True,340.0,True,431800
340,400,R920,B920,True,340.0,True,410071
340,400,R921,B921,True,340.0,True,438035
340,400,R922,B922,False,,False,411341
340,400,R923,B923,True,341.0,True,408354
340,400,R924,B924,True,341.0,True,370367
340,400,R925,B925,False,,False,357048
340,400,R926,B926,False,,False,360086
340,400,R927,B927,False,,False,358171
340,400,R928,B928,False,,False,351641
340,400,R929,B929,False,,False,355266
340,400,R930,B930,True,342.0,True,376488
340,400,R931,B931,True,343.0,True,413244
340,400,R932,B932,True,343.0,True,386064
340,400,R933,B933,True,343.0,True,370178
340,400,R934,B934,False,,False,364900
340,400,R935,B935,True,342.0,True,415195
340,400,R936,B936,True,344.0,True,370367
340,400,R937,B937,True,345.0,True,427911
340,400,R938,B938,False,,False,357898
340,400,R939,B939,True,343.0,True,373926
340,400,R940,B940,True,343.0,True,370367
340,400,R941,B941,True,344.0,True,365071
340,400,R942,B942,True,346.0,True,362057
340,400,R943,B943,True,346.0,True,714545
340,400,R944,B944,False,,False,355635
340,400,R945,B945,False,,False,356830
340,400,R946,B946,False,,False,357898
340,400,R947,B947,True,346.0,True,733813
340,400,R948,B948,False,,False,355923
340,400,R949,B949,True,347.0,True,365071
340,400,R950,B950,True,346.0,True,361580
340,400,R951,B951,True,346.0,True,363083
340,400,R952,B952,False,,False,354130
340,400,R953,B953,True,350.0,True,370178
340,400,R954,B954,False,,False,358125
340,400,R955,B955,True,349.0,True,362057
340,400,R956,B956,True,349.0,True,370178
340,400,R957,B957,True,347.0,True,370367
340,400,R958,B958,True,347.0,True,723161
340,400,R959,B959,True,349.0,True,362057
340,400,R960,B960,True,348.0,True,740357
340,400,R961,B961,True,348.0,True,361580
340,400,R962,B962,False,,False,356322
340,400,R963,B963,True,349.0,True,366906
340,400,R964,B964,True,350.0,True,366416
340,400,R965,B965,True,352.0,True,364900
340,400,R966,B966,True,350.0,True,365071
340,400,R967,B967,False,,False,357898
340,400,R968,B968,False,,False,357038
340,400,R969,B969,False,,False,364900
340,400,R970,B970,False,,False,356580
340,400,R971,B971,True,353.0,True,366416
340,400,R972,B972,True,352.0,True,362057
340,400,R973,B973,True,354.0,True,361580
340,400,R974,B974,True,353.0,True,715796
340,400,R975,B975,False,,False,357160
340,400,R976,B976,False,,False,334852
340,400,R977,B977,False,,False,357038
340,400,R978,B978,True,353.0,True,358171
340,400,R979,B979,True,359.0,True,355923
340,400,R980,B980,True,353.0,True,365071
340,400,R981,B981,False,,False,353261
340,400,R982,B982,True,354.0,True,373060
340,400,R983,B983,True,355.0,True,362057
340,400,R984,B984,True,354.0,True,374047
340,400,R985,B985,True,354.0,True,370178
340,400,R986,B986,True,354.0,True,427911
340,400,R987,B987,False,,False,354238
340,400,R988,B988,False,,False,353607
340,400,R989,B989,True,355.0,True,358827
340,400,R990,B990,True,355.0,True,362057
340,400,R991,B991,True,359.0,True,365071
340,400,R992,B992,True,355.0,True,361580
340,400,R993,B993,True,356.0,True,357646
340,400,R994,B994,False,,False,357272
340,400,R995,B995,False,,False,350018
340,400,R996,B996,False,,False,355266
340,400,R997,B997,False,,False,356697
340,400,R998,B998,True,359.0,True,363083
340,400,R999,B999,True,357.0,True,370178
340,400,R1000,B1000,False,,False,334852
340,400,R1001,B1001,False,,False,356697
340,400,R1002,B1002,True,359.0,True,427911
340,400,R1003,B1003,True,360.0,False,362057
340,400,R1004,B1004,True,361.0,False,704856
340,400,R1005,B1005,True,361.0,False,350053
340,400,R1006,B1006,True,361.0,False,706428
340,400,R1007,B1007,False,,False,347099
340,400,R1008,B1008,True,362.0,False,357369
340,400,R1009,B1009,True,364.0,False,704366
340,400,R1010,B1010,True,365.0,False,347099
340,400,R1011,B1011,True,362.0,False,347574
340,400,R1012,B1012,True,363.0,False,350053
340,400,R1013,B1013,True,363.0,False,353214
340,400,R1014,B1014,True,363.0,False,381855
340,400,R1015,B1015,True,363.0,False,349140
340,400,R1016,B1016,True,367.0,False,347493
340,400,R1017,B1017,True,364.0,False,347448
340,400,R1018,B1018,True,367.0,False,352183
340,400,R1019,B1019,True,364.0,False,347313
340,400,R1020,B1020,False,,False,346973
340,400,R1021,B1021,True,369.0,False,355555
340,400,R1022,B1022,True,365.0,False,344986
340,400,R1023,B1023,True,366.0,False,349140
340,400,R1024,B1024,True,366.0,False,362285
340,400,R1025,B1025,True,370.0,False,347338
340,400,R1026,B1026,True,366.0,False,381855
340,400,R1027,B1027,True,366.0,False,344842
340,400,R1028,B1028,False,,False,344858
340,400,R1029,B1029,False,,False,347099
340,400,R1030,B1030,True,368.0,False,350053
340,400,R1031,B1031,True,368.0,False,356148
340,400,R1032,B1032,True,369.0,False,351179
340,400,R1033,B1033,False,,False,347448
340,400,R1034,B1034,False,,False,347311
340,400,R1035,B1035,True,370.0,False,351175
340,400,R1036,B1036,True,370.0,False,689685
340,400,R1037,B1037,True,370.0,False,698280
340,400,R1038,B1038,True,371.0,False,356148
340,400,R1039,B1039,True,375.0,False,381855
340,400,R1040,B1040,True,371.0,False,344986
340,400,R1041,B1041,True,372.0,False,352183
340,400,R1042,B1042,True,372.0,False,346565
340,400,R1043,B1043,True,373.0,False,350053
340,400,R1044,B1044,True,373.0,False,353214
340,400,R1045,B1045,True,373.0,False,701871
340,400,R1046,B1046,True,373.0,False,349140
340,400,R1047,B1047,True,373.0,False,347205
340,400,R1048,B1048,True,374.0,False,353883
340,400,R1049,B1049,True,374.0,False,349291
340,400,R1050,B1050,False,,False,347205
340,400,R1051,B1051,True,375.0,False,356075
340,400,R1052,B1052,True,375.0,False,352428
340,400,R1053,B1053,True,375.0,False,344986
340,400,R1054,B1054,True,377.0,False,349140
340,400,R1055,B1055,True,378.0,False,356605
340,400,R1056,B1056,True,376.0,False,351175
340,400,R1057,B1057,True,381.0,False,354208
340,400,R1058,B1058,True,376.0,False,689685
340,400,R1059,B1059,False,,False,347099
340,400,R1060,B1060,True,376.0,False,353441
340,400,R1061,B1061,True,377.0,False,357111
340,400,R1062,B1062,True,380.0,False,356148
340,400,R1063,B1063,True,378.0,False,694375
340,400,R1064,B1064,False,,False,347311
340,400,R1065,B1065,True,378.0,False,347574
340,400,R1066,B1066,True,379.0,False,353214
340,400,R1067,B1067,True,380.0,False,352183
340,400,R1068,B1068,True,380.0,False,355309
340,400,R1069,B1069,True,380.0,False,344961
340,400,R1070,B1070,True,381.0,False,347574
340,400,R1071,B1071,False,,False,331101
340,400,R1072,B1072,False,,False,337350
340,400,R1073,B1073,True,382.0,False,336800
340,400,R1074,B1074,False,,False,337250
340,400,R1075,B1075,False,,False,337350
340,400,R1076,B1076,False,,False,329000
340,400,R1077,B1077,True,384.0,False,335400
340,400,R1078,B1078,True,388.0,False,337250
340,400,R1079,B1079,True,388.0,False,337350
340,400,R1080,B1080,True,387.0,False,335400
340,400,R1081,B1081,True,387.0,False,337250
340,400,R1082,B1082,True,387.0,False,336400
340,400,R1083,B1083,True,388.0,False,336800
340,400,R1084,B1084,True,389.0,False,337950
340,400,R1085,B1085,True,389.0,False,336250
340,400,R1086,B1086,True,390.0,False,335400
340,400,R1087,B1087,True,392.0,False,335200
340,400,R1088,B1088,True,393.0,False,336800
340,400,R1089,B1089,True,392.0,False,337450
340,400,R1090,B1090,True,392.0,False,336700
340,400,R1091,B1091,True,391.0,False,333600
340,400,R1092,B1092,True,392.0,False,334500
340,400,R1093,B1093,True,392.0,False,336700
340,400,R1094,B1094,True,393.0,False,333650
340,400,R1095,B1095,True,394.0,False,337250
340,400,R1096,B1096,True,395.0,False,335800
340,400,R1097,B1097,True,396.0,False,338050
340,400,R1098,B1098,True,395.0,False,334050
340,400,R1099,B1099,True,395.0,False,336300
340,400,R1100,B1100,True,396.0,False,335900
340,400,R1101,B1101,True,396.0,False,336700
340,400,R1102,B1102,True,396.0,False,333600
340,400,R1103,B1103,True,396.0,False,332700
340,400,R1104,B1104,True,397.0,False,336800
340,400,R1105,B1105,True,397.0,False,335900
340,400,R1106,B1106,True,397.0,False,337950
340,400,R1107,B1107,True,397.0,False,336800
340,400,R1108,B1108,True,397.0,False,336700
340,400,R1109,B1109,True,400.0,False,337350
340,400,R1110,B1110,True,398.0,False,335400
340,400,R1111,B1111,True,399.0,False,335900
340,400,R1112,B1112,True,399.0,False,337250
340,400,R1113,B1113,True,400.0,False,334200
340,400,R1114,B1114,True,400.0,False,329000
360,420,R901,B901,False,,False,456323
360,420,R904,B904,False,,False,511250
360,420,R913,B913,False,,False,496340
360,420,R914,B914,False,,False,493308
360,420,R915,B915,False,,False,456323
360,420,R918,B918,False,,False,493308
360,420,R925,B925,False,,False,426694
360,420,R926,B926,False,,False,483519
360,420,R928,B928,False,,False,454846
360,420,R929,B929,False,,False,459348
360,420,R934,B934,False,,False,502154
360,420,R938,B938,False,,False,430166
360,420,R944,B944,False,,False,463563
360,420,R945,B945,False,,False,459485
360,420,R946,B946,False,,False,430166
360,420,R948,B948,False,,False,432480
360,420,R952,B952,False,,False,417938
360,420,R954,B954,False,,False,401875
360,420,R962,B962,False,,False,435849
360,420,R967,B967,False,,False,399194
360,420,R968,B968,False,,False,396414
360,420,R969,B969,False,,False,460978
360,420,R970,B970,False,,False,427562
360,420,R975,B975,False,,False,367116
360,420,R976,B976,False,,False,343529
360,420,R977,B977,False,,False,366882
360,420,R981,B981,False,,False,404884
360,420,R987,B987,False,,False,366857
360,420,R988,B988,False,,False,363585
360,420,R994,B994,False,,False,367233
360,420,R995,B995,False,,False,357778
360,420,R996,B996,False,,False,365674
360,420,R997,B997,False,,False,366421
360,420,R1000,B1000,False,,False,343529
360,420,R1001,B1001,False,,False,366421
360,420,R1003,B1003,True,361.0,True,410071
360,420,R1004,B1004,True,367.0,True,733813
360,420,R1005,B1005,True,361.0,True,386064
360,420,R1006,B1006,True,361.0,True,808214
360,420,R1007,B1007,False,,False,357048
360,420,R1008,B1008,True,362.0,True,376488
360,420,R1009,B1009,True,362.0,True,732832
360,420,R1010,B1010,False,,False,357048
360,420,R1011,B1011,True,362.0,True,357898
360,420,R1012,B1012,True,364.0,True,362057
360,420,R1013,B1013,True,364.0,True,370178
360,420,R1014,B1014,True,363.0,True,427911
360,420,R1015,B1015,True,363.0,True,361580
360,420,R1016,B1016,False,,False,358586
360,420,R1017,B1017,True,365.0,True,357646
360,420,R1018,B1018,True,365.0,True,366416
360,420,R1019,B1019,True,364.0,True,358827
360,420,R1020,B1020,False,,False,356697
360,420,R1021,B1021,True,367.0,True,373060
360,420,R1022,B1022,True,366.0,True,355923
360,420,R1023,B1023,True,365.0,True,361580
360,420,R1024,B1024,True,366.0,True,386321
360,420,R1025,B1025,True,368.0,True,359827
360,420,R1026,B1026,True,366.0,True,427911
360,420,R1027,B1027,True,367.0,True,355635
360,420,R1028,B1028,False,,False,355266
360,420,R1029,B1029,False,,False,357048
360,420,R1030,B1030,True,368.0,True,362057
360,420,R1031,B1031,True,368.0,True,374047
360,420,R1032,B1032,True,369.0,True,365558
360,420,R1033,B1033,False,,False,357646
360,420,R1034,B1034,False,,False,357272
360,420,R1035,B1035,False,,False,364900
360,420,R1036,B1036,True,370.0,True,711271
360,420,R1037,B1037,True,370.0,True,723161
360,420,R1038,B1038,True,371.0,True,374047
360,420,R1039,B1039,True,371.0,True,427911
360,420,R1040,B1040,True,372.0,True,355923
360,420,R1041,B1041,True,372.0,True,366416
360,420,R1042,B1042,True,372.0,True,356830
360,420,R1043,B1043,True,373.0,True,362057
360,420,R1044,B1044,True,373.0,True,370178
360,420,R1045,B1045,True,373.0,True,730142
360,420,R1046,B1046,True,373.0,True,361580
360,420,R1047,B1047,True,378.0,True,357160
360,420,R1048,B1048,True,374.0,True,369466
360,420,R1049,B1049,True,374.0,True,363083
360,420,R1050,B1050,True,375.0,True,357160
360,420,R1051,B1051,True,375.0,True,376750
360,420,R1052,B1052,True,375.0,True,366906
360,420,R1053,B1053,True,375.0,True,355923
360,420,R1054,B1054,True,375.0,True,361580
360,420,R1055,B1055,True,378.0,True,377810
360,420,R1056,B1056,True,378.0,True,364900
360,420,R1057,B1057,True,376.0,True,370367
360,420,R1058,B1058,True,376.0,True,711271
360,420,R1059,B1059,False,,False,357048
360,420,R1060,B1060,True,376.0,True,369532
360,420,R1061,B1061,True,377.0,True,375822
360,420,R1062,B1062,True,380.0,False,374047
360,420,R1063,B1063,True,378.0,True,716250
360,420,R1064,B1064,False,,False,357272
360,420,R1065,B1065,True,378.0,True,357898
360,420,R1066,B1066,True,379.0,True,370178
360,420,R1067,B1067,True,380.0,False,366416
360,420,R1068,B1068,True,380.0,False,374218
360,420,R1069,B1069,True,380.0,False,356322
360,420,R1070,B1070,True,381.0,False,357898
360,420,R1071,B1071,False,,False,339953
360,420,R1072,B1072,False,,False,347194
360,420,R1073,B1073,True,381.0,False,350935
360,420,R1074,B1074,False,,False,347448
360,420,R1075,B1075,True,381.0,False,353441
360,420,R1076,B1076,False,,False,341619
360,420,R1077,B1077,True,384.0,False,356605
360,420,R1078,B1078,False,,False,347205
360,420,R1079,B1079,True,389.0,False,347194
360,420,R1080,B1080,True,387.0,False,356605
360,420,R1081,B1081,True,387.0,False,346973
360,420,R1082,B1082,True,387.0,False,347493
360,420,R1083,B1083,True,392.0,False,351179
360,420,R1084,B1084,True,389.0,False,352428
360,420,R1085,B1085,True,389.0,False,347187
360,420,R1086,B1086,True,390.0,False,356605
360,420,R1087,B1087,True,392.0,False,344804
360,420,R1088,B1088,True,390.0,False,350935
360,420,R1089,B1089,True,391.0,False,351175
360,420,R1090,B1090,True,391.0,False,349140
360,420,R1091,B1091,True,391.0,False,345121
360,420,R1092,B1092,False,,False,342259
360,420,R1093,B1093,True,392.0,False,349140
360,420,R1094,B1094,False,,False,343628
360,420,R1095,B1095,False,,False,347205
360,420,R1096,B1096,True,395.0,False,347313
360,420,R1097,B1097,True,396.0,False,354208
360,420,R1098,B1098,True,395.0,False,344986
360,420,R1099,B1099,True,395.0,False,351148
360,420,R1100,B1100,True,396.0,False,345015
360,420,R1101,B1101,True,396.0,False,349140
360,420,R1102,B1102,False,,False,344961
360,420,R1103,B1103,False,,False,340598
360,420,R1104,B1104,True,397.0,False,351179
360,420,R1105,B1105,True,397.0,False,345015
360,420,R1106,B1106,True,397.0,False,353218
360,420,R1107,B1107,True,397.0,False,350935
360,420,R1108,B1108,True,397.0,False,349140
360,420,R1109,B1109,True,400.0,False,353441
360,420,R1110,B1110,True,398.0,False,356605
360,420,R1111,B1111,True,399.0,False,345015
360,420,R1112,B1112,False,,False,347448
360,420,R1113,B1113,True,400.0,False,354725
360,420,R1114,B1114,True,400.0,False,341619
360,420,R1115,B1115,True,401.0,False,335400
360,420,R1116,B1116,True,401.0,False,336700
360,420,R1117,B1117,True,402.0,False,668100
360,420,R1118,B1118,True,402.0,False,336400
360,420,R1119,B1119,False,,False,327450
360,420,R1120,B1120,True,406.0,False,674500
360,420,R1121,B1121,True,403.0,False,337250
360,420,R1122,B1122,True,404.0,False,336800
360,420,R1123,B1123,True,404.0,False,336700
360,420,R1124,B1124,True,409.0,False,337250
360,420,R1125,B1125,True,404.0,False,337350
360,420,R1126,B1126,True,409.0,False,335400
360,420,R1127,B1127,True,405.0,False,334050
360,420,R1128,B1128,True,405.0,False,336400
360,420,R1129,B1129,False,,False,335450
360,420,R1130,B1130,True,407.0,False,337250
360,420,R1131,B1131,True,406.0,False,337950
360,420,R1132,B1132,True,407.0,False,336800
360,420,R1133,B1133,True,407.0,False,337250
360,420,R1134,B1134,True,407.0,False,335900
360,420,R1135,B1135,True,409.0,False,336300
360,420,R1136,B1136,True,408.0,False,338050
360,420,R1137,B1137,True,410.0,False,337250
360,420,R1138,B1138,True,409.0,False,337950
360,420,R1139,B1139,True,409.0,False,337450
360,420,R1140,B1140,True,409.0,False,336700
360,420,R1141,B1141,True,410.0,False,335900
360,420,R1142,B1142,True,410.0,False,338050
360,420,R1143,B1143,True,410.0,False,336700
360,420,R1144,B1144,True,412.0,False,333600
360,420,R1145,B1145,True,411.0,False,335400
360,420,R1146,B1146,True,412.0,False,331000
360,420,R1147,B1147,True,412.0,False,336250
360,420,R1148,B1148,True,412.0,False,336300
360,420,R1149,B1149,True,413.0,False,336700
360,420,R1150,B1150,True,414.0,False,337950
360,420,R1151,B1151,True,414.0,False,337150
360,420,R1152,B1152,True,415.0,False,337250
360,420,R1153,B1153,True,415.0,False,337250
360,420,R1154,B1154,True,415.0,False,335400
360,420,R1155,B1155,True,415.0,False,336800
360,420,R1156,B1156,True,417.0,False,337950
360,420,R1157,B1157,True,417.0,False,337150
360,420,R1158,B1158,True,416.0,False,336700
360,420,R1159,B1159,True,418.0,False,336800
360,420,R1160,B1160,True,417.0,False,336700
360,420,R1161,B1161,True,418.0,False,674700
360,420,R1162,B1162,True,419.0,False,335400
360,420,R1163,B1163,True,419.0,False,337350
360,420,R1164,B1164,True,419.0,False,336700
360,420,R1165,B1165,True,419.0,False,337250
360,420,R1166,B1166,True,420.0,False,337950
360,420,R1167,B1167,True,420.0,False,337150
360,420,R1168,B1168,True,420.0,False,335450
380,440,R994,B994,False,,False,496730
380,440,R995,B995,False,,False,458650
380,440,R996,B996,False,,False,500981
380,440,R997,B997,False,,False,492831
380,440,R1000,B1000,False,,False,456323
380,440,R1001,B1001,False,,False,492831
380,440,R1007,B1007,False,,False,426694
380,440,R1010,B1010,False,,False,426694
380,440,R1016,B1016,False,,False,469520
380,440,R1020,B1020,False,,False,424764
380,440,R1028,B1028,False,,False,428124
380,440,R1029,B1029,False,,False,396846
380,440,R1033,B1033,False,,False,398439
380,440,R1034,B1034,False,,False,397117
380,440,R1035,B1035,False,,False,460978
380,440,R1059,B1059,False,,False,366998
380,440,R1062,B1062,True,380.0,True,499340
380,440,R1064,B1064,False,,False,367233
380,440,R1067,B1067,True,380.0,True,380649
380,440,R1068,B1068,True,382.0,True,393127
380,440,R1069,B1069,False,,False,367683
380,440,R1070,B1070,False,,False,368222
380,440,R1071,B1071,False,,False,348805
380,440,R1072,B1072,False,,False,357038
380,440,R1073,B1073,True,381.0,True,393342
380,440,R1074,B1074,False,,False,357646
380,440,R1075,B1075,True,381.0,True,369532
380,440,R1076,B1076,False,,False,354238
380,440,R1077,B1077,True,384.0,True,377810
380,440,R1078,B1078,True,390.0,True,357160
380,440,R1079,B1079,False,,False,357038
380,440,R1080,B1080,True,387.0,True,377810
380,440,R1081,B1081,True,387.0,True,356697
380,440,R1082,B1082,True,387.0,True,358586
380,440,R1083,B1083,True,388.0,True,365558
380,440,R1084,B1084,True,389.0,True,366906
380,440,R1085,B1085,True,389.0,True,358125
380,440,R1086,B1086,True,390.0,True,377810
380,440,R1087,B1087,True,392.0,True,354409
380,440,R1088,B1088,True,393.0,True,365071
380,440,R1089,B1089,True,391.0,True,364900
380,440,R1090,B1090,True,391.0,True,361580
380,440,R1091,B1091,True,391.0,True,356642
380,440,R1092,B1092,False,,False,350018
380,440,R1093,B1093,True,392.0,True,361580
380,440,R1094,B1094,False,,False,353607
380,440,R1095,B1095,False,,False,357160
380,440,R1096,B1096,True,395.0,True,358827
380,440,R1097,B1097,True,395.0,True,370367
380,440,R1098,B1098,True,399.0,True,355923
380,440,R1099,B1099,True,395.0,True,365996
380,440,R1100,B1100,False,,False,354130
380,440,R1101,B1101,True,397.0,True,361580
380,440,R1102,B1102,True,396.0,True,356322
380,440,R1103,B1103,False,,False,348496
380,440,R1104,B1104,True,397.0,True,365558
380,440,R1105,B1105,False,,False,354130
380,440,R1106,B1106,True,397.0,True,368486
380,440,R1107,B1107,True,397.0,True,365071
380,440,R1108,B1108,True,398.0,True,361580
380,440,R1109,B1109,True,401.0,False,369532
380,440,R1110,B1110,True,398.0,True,377810
380,440,R1111,B1111,False,,False,354130
380,440,R1112,B1112,False,,False,357646
380,440,R1113,B1113,True,400.0,False,375250
380,440,R1114,B1114,True,400.0,False,354238
380,440,R1115,B1115,True,401.0,False,356075
380,440,R1116,B1116,True,401.0,False,349140
380,440,R1117,B1117,True,402.0,False,689685
380,440,R1118,B1118,True,402.0,False,355309
380,440,R1119,B1119,True,402.0,False,340355
380,440,R1120,B1120,True,406.0,False,694410
380,440,R1121,B1121,True,403.0,False,347205
380,440,R1122,B1122,True,404.0,False,350935
380,440,R1123,B1123,True,404.0,False,349140
380,440,R1124,B1124,True,406.0,False,347205
380,440,R1125,B1125,True,404.0,False,353441
380,440,R1126,B1126,True,406.0,False,356075
380,440,R1127,B1127,True,405.0,False,344986
380,440,R1128,B1128,True,405.0,False,355309
380,440,R1129,B1129,True,405.0,False,355146
380,440,R1130,B1130,True,406.0,False,347205
380,440,R1131,B1131,True,406.0,False,352183
380,440,R1132,B1132,True,407.0,False,350935
380,440,R1133,B1133,False,,False,346973
380,440,R1134,B1134,False,,False,345015
380,440,R1135,B1135,True,407.0,False,351148
380,440,R1136,B1136,True,411.0,False,355555
380,440,R1137,B1137,False,,False,347574
380,440,R1138,B1138,True,409.0,False,352428
380,440,R1139,B1139,True,410.0,False,351175
380,440,R1140,B1140,True,409.0,False,349140
380,440,R1141,B1141,False,,False,345015
380,440,R1142,B1142,True,410.0,False,350053
380,440,R1143,B1143,True,410.0,False,349140
380,440,R1144,B1144,True,410.0,False,344961
380,440,R1145,B1145,True,411.0,False,356075
380,440,R1146,B1146,False,,False,341320
380,440,R1147,B1147,True,412.0,False,347187
380,440,R1148,B1148,True,415.0,False,346565
380,440,R1149,B1149,True,413.0,False,349140
380,440,R1150,B1150,True,414.0,False,352183
380,440,R1151,B1151,True,414.0,False,347099
380,440,R1152,B1152,False,,False,347574
380,440,R1153,B1153,False,,False,346973
380,440,R1154,B1154,True,415.0,False,356075
380,440,R1155,B1155,True,415.0,False,350935
380,440,R1156,B1156,True,417.0,False,352183
380,440,R1157,B1157,True,417.0,False,347099
380,440,R1158,B1158,True,417.0,False,349140
380,440,R1159,B1159,True,418.0,False,350935
380,440,R1160,B1160,True,417.0,False,349140
380,440,R1161,B1161,True,418.0,False,706882
380,440,R1162,B1162,True,423.0,False,356075
380,440,R1163,B1163,True,419.0,False,347194
380,440,R1164,B1164,True,419.0,False,349140
380,440,R1165,B1165,True,419.0,False,347205
380,440,R1166,B1166,True,420.0,False,352183
380,440,R1167,B1167,True,420.0,False,347099
380,440,R1168,B1168,True,420.0,False,355146
380,440,R1169,B1169,True,421.0,False,338050
380,440,R1170,B1170,True,424.0,False,336400
380,440,R1171,B1171,True,423.0,False,337950
380,440,R1172,B1172,True,423.0,False,337150
380,440,R1173,B1173,True,422.0,False,329000
380,440,R1174,B1174,False,,False,327450
380,440,R1175,B1175,True,424.0,False,335900
380,440,R1176,B1176,True,424.0,False,338050
380,440,R1177,B1177,True,424.0,False,337350
380,440,R1178,B1178,True,425.0,False,337150
380,440,R1179,B1179,True,424.0,False,335800
380,440,R1180,B1180,True,424.0,False,335450
380,440,R1181,B1181,True,424.0,False,674500
380,440,R1182,B1182,True,425.0,False,337950
380,440,R1183,B1183,True,425.0,False,335500
380,440,R1184,B1184,True,428.0,False,337950
380,440,R1185,B1185,True,427.0,False,335900
380,440,R1186,B1186,True,430.0,False,336250
380,440,R1187,B1187,True,427.0,False,335450
380,440,R1188,B1188,True,429.0,False,337950
380,440,R1189,B1189,True,429.0,False,336300
380,440,R1190,B1190,True,434.0,False,336800
380,440,R1191,B1191,True,430.0,False,336700
380,440,R1192,B1192,True,430.0,False,674700
380,440,R1193,B1193,True,433.0,False,335800
380,440,R1194,B1194,True,431.0,False,337450
380,440,R1195,B1195,True,431.0,False,337350
380,440,R1196,B1196,True,432.0,False,675900
380,440,R1197,B1197,True,432.0,False,337350
380,440,R1198,B1198,True,433.0,False,329100
380,440,R1199,B1199,True,433.0,False,336700
380,440,R1200,B1200,True,433.0,False,337350
380,440,R1201,B1201,True,437.0,False,337150
380,440,R1202,B1202,True,435.0,False,337450
380,440,R1203,B1203,True,436.0,False,337450
380,440,R1204,B1204,False,,False,322250
380,440,R1205,B1205,True,437.0,False,337950
380,440,R1206,B1206,True,437.0,False,335900
380,440,R1207,B1207,True,437.0,False,336800
380,440,R1208,B1208,True,438.0,False,336800
380,440,R1209,B1209,True,439.0,False,335500
380,440,R1210,B1210,True,438.0,False,337250
380,440,R1211,B1211,True,440.0,False,338250
380,440,R1212,B1212,True,440.0,False,337950
380,440,R1213,B1213,True,439.0,False,336700
400,460,R1059,B1059,False,,False,496340
400,460,R1064,B1064,False,,False,496730
400,460,R1070,B1070,False,,False,502435
400,460,R1071,B1071,False,,False,428470
400,460,R1072,B1072,False,,False,455479
400,460,R1074,B1074,False,,False,459628
400,460,R1076,B1076,False,,False,442571
400,460,R1079,B1079,False,,False,425947
400,460,R1092,B1092,False,,False,357778
400,460,R1094,B1094,False,,False,363585
400,460,R1095,B1095,False,,False,367116
400,460,R1100,B1100,False,,False,363246
400,460,R1103,B1103,False,,False,356394
400,460,R1105,B1105,False,,False,363246
400,460,R1109,B1109,True,400.0,True,385624
400,460,R1111,B1111,False,,False,363246
400,460,R1112,B1112,False,,False,367844
400,460,R1113,B1113,True,400.0,True,395775
400,460,R1114,B1114,False,,False,366857
400,460,R1115,B1115,True,404.0,True,376750
400,460,R1116,B1116,True,401.0,True,386461
400,460,R1117,B1117,True,402.0,True,711271
400,460,R1118,B1118,True,402.0,True,374218
400,460,R1119,B1119,False,,False,353261
400,460,R1120,B1120,True,406.0,True,714321
400,460,R1121,B1121,True,403.0,True,357160
400,460,R1122,B1122,True,404.0,True,365071
400,460,R1123,B1123,True,404.0,True,361580
400,460,R1124,B1124,True,409.0,True,357160
400,460,R1125,B1125,False,,False,369532
400,460,R1126,B1126,True,406.0,True,376750
400,460,R1127,B1127,True,405.0,True,355923
400,460,R1128,B1128,True,409.0,True,374218
400,460,R1129,B1129,True,405.0,True,374842
400,460,R1130,B1130,False,,False,357160
400,460,R1131,B1131,True,406.0,True,366416
400,460,R1132,B1132,True,410.0,True,365071
400,460,R1133,B1133,False,,False,356697
400,460,R1134,B1134,False,,False,354130
400,460,R1135,B1135,True,407.0,True,365996
400,460,R1136,B1136,True,408.0,True,373060
400,460,R1137,B1137,True,408.0,True,357898
400,460,R1138,B1138,True,409.0,True,366906
400,460,R1139,B1139,True,411.0,True,364900
400,460,R1140,B1140,True,409.0,True,361580
400,460,R1141,B1141,False,,False,354130
400,460,R1142,B1142,True,410.0,True,362057
400,460,R1143,B1143,True,410.0,True,361580
400,460,R1144,B1144,False,,False,356322
400,460,R1145,B1145,False,,False,376750
400,460,R1146,B1146,False,,False,351641
400,460,R1147,B1147,True,412.0,True,358125
400,460,R1148,B1148,False,,False,356830
400,460,R1149,B1149,True,413.0,True,361580
400,460,R1150,B1150,True,414.0,True,366416
400,460,R1151,B1151,True,414.0,True,357048
400,460,R1152,B1152,False,,False,357898
400,460,R1153,B1153,False,,False,356697
400,460,R1154,B1154,True,415.0,True,376750
400,460,R1155,B1155,True,417.0,True,365071
400,460,R1156,B1156,True,417.0,True,366416
400,460,R1157,B1157,True,417.0,True,357048
400,460,R1158,B1158,True,416.0,True,361580
400,460,R1159,B1159,True,417.0,True,365071
400,460,R1160,B1160,True,417.0,True,361580
400,460,R1161,B1161,True,420.0,False,739065
400,460,R1162,B1162,True,423.0,False,376750
400,460,R1163,B1163,True,419.0,True,357038
400,460,R1164,B1164,True,419.0,True,361580
400,460,R1165,B1165,True,419.0,True,357160
400,460,R1166,B1166,True,420.0,False,366416
400,460,R1167,B1167,True,420.0,False,357048
400,460,R1168,B1168,True,420.0,False,374842
400,460,R1169,B1169,True,421.0,False,350053
400,460,R1170,B1170,True,426.0,False,346931
400,460,R1171,B1171,True,422.0,False,352183
400,460,R1172,B1172,True,423.0,False,347099
400,460,R1173,B1173,True,422.0,False,341619
400,460,R1174,B1174,False,,False,340355
400,460,R1175,B1175,True,424.0,False,345015
400,460,R1176,B1176,True,424.0,False,350053
400,460,R1177,B1177,True,424.0,False,347311
400,460,R1178,B1178,True,424.0,False,347099
400,460,R1179,B1179,True,425.0,False,360921
400,460,R1180,B1180,True,424.0,False,355146
400,460,R1181,B1181,True,424.0,False,694410
400,460,R1182,B1182,True,425.0,False,352428
400,460,R1183,B1183,True,425.0,False,349291
400,460,R1184,B1184,True,426.0,False,352183
400,460,R1185,B1185,False,,False,345015
400,460,R1186,B1186,True,427.0,False,347187
400,460,R1187,B1187,False,,False,355146
400,460,R1188,B1188,True,429.0,False,352428
400,460,R1189,B1189,True,433.0,False,351148
400,460,R1190,B1190,True,430.0,False,351179
400,460,R1191,B1191,True,430.0,False,349140
400,460,R1192,B1192,True,430.0,False,706882
400,460,R1193,B1193,True,433.0,False,347313
400,460,R1194,B1194,True,431.0,False,351175
400,460,R1195,B1195,True,431.0,False,353441
400,460,R1196,B1196,True,432.0,False,704366
400,460,R1197,B1197,True,432.0,False,347311
400,460,R1198,B1198,False,,False,347179
400,460,R1199,B1199,True,433.0,False,349140
400,460,R1200,B1200,True,433.0,False,353441
400,460,R1201,B1201,False,,False,347099
400,460,R1202,B1202,True,435.0,False,351175
400,460,R1203,B1203,True,437.0,False,351175
400,460,R1204,B1204,False,,False,331101
400,460,R1205,B1205,True,442.0,False,352428
400,460,R1206,B1206,False,,False,345015
400,460,R1207,B1207,True,437.0,False,350935
400,460,R1208,B1208,True,438.0,False,351179
400,460,R1209,B1209,True,438.0,False,349291
400,460,R1210,B1210,True,438.0,False,347574
400,460,R1211,B1211,True,439.0,False,355776
400,460,R1212,B1212,True,439.0,False,352428
400,460,R1213,B1213,True,439.0,False,349140
400,460,R1214,B1214,True,441.0,False,337350
400,460,R1215,B1215,True,444.0,False,337150
400,460,R1216,B1216,True,445.0,False,672400
400,460,R1217,B1217,True,442.0,False,335800
400,460,R1218,B1218,True,442.0,False,334050
400,460,R1219,B1219,True,442.0,False,337250
400,460,R1220,B1220,True,445.0,False,336250
400,460,R1221,B1221,True,443.0,False,327450
400,460,R1222,B1222,True,444.0,False,338050
400,460,R1223,B1223,True,450.0,False,337150
400,460,R1224,B1224,True,445.0,False,337950
400,460,R1225,B1225,True,446.0,False,336700
400,460,R1226,B1226,True,446.0,False,336400
400,460,R1227,B1227,True,446.0,False,335800
400,460,R1228,B1228,True,447.0,False,336250
400,460,R1229,B1229,True,447.0,False,676100
400,460,R1230,B1230,True,447.0,False,673600
400,460,R1231,B1231,True,448.0,False,336250
400,460,R1232,B1232,True,449.0,False,327450
400,460,R1233,B1233,True,451.0,False,337150
400,460,R1234,B1234,True,451.0,False,334050
400,460,R1235,B1235,True,451.0,False,327450
400,460,R1236,B1236,True,455.0,False,335800
400,460,R1237,B1237,True,452.0,False,668100
400,460,R1238,B1238,True,453.0,False,338050
400,460,R1239,B1239,True,455.0,False,334050
400,460,R1240,B1240,True,453.0,False,336800
400,460,R1241,B1241,True,454.0,False,337350
400,460,R1242,B1242,True,456.0,False,337250
400,460,R1243,B1243,True,457.0,False,336250
400,460,R1244,B1244,True,458.0,False,334050
400,460,R1245,B1245,True,458.0,False,336200
400,460,R1246,B1246,True,459.0,False,336400
400,460,R1247,B1247,True,459.0,False,337950
400,460,R1248,B1248,True,459.0,False,336700
400,460,R1249,B1249,True,460.0,False,337350
400,460,R1250,B1250,True,460.0,False,336300
420,480,R1092,B1092,False,,False,458650
420,480,R1103,B1103,False,,False,459068
420,480,R1111,B1111,False,,False,481746
420,480,R1112,B1112,False,,False,500420
420,480,R1114,B1114,False,,False,530904
420,480,R1119,B1119,False,,False,482318
420,480,R1125,B1125,False,,False,530446
420,480,R1130,B1130,False,,False,426848
420,480,R1133,B1133,False,,False,395593
420,480,R1134,B1134,False,,False,417938
420,480,R1141,B1141,False,,False,390592
420,480,R1144,B1144,False,,False,435849
420,480,R1145,B1145,False,,False,459450
420,480,R1146,B1146,False,,False,392923
420,480,R1148,B1148,False,,False,397892
420,480,R1152,B1152,False,,False,368222
420,480,R1153,B1153,False,,False,366421
420,480,R1161,B1161,True,420.0,True,771248
420,480,R1162,B1162,False,,False,397425
420,480,R1166,B1166,True,420.0,True,380649
420,480,R1167,B1167,True,420.0,True,366998
420,480,R1168,B1168,True,420.0,True,394539
420,480,R1169,B1169,True,421.0,True,386064
420,480,R1170,B1170,True,424.0,True,357463
420,480,R1171,B1171,True,422.0,True,366416
420,480,R1172,B1172,True,423.0,True,357048
420,480,R1173,B1173,False,,False,354238
420,480,R1174,B1174,False,,False,353261
420,480,R1175,B1175,False,,False,354130
420,480,R1176,B1176,True,424.0,True,362057
420,480,R1177,B1177,True,424.0,True,357272
420,480,R1178,B1178,True,425.0,True,357048
420,480,R1179,B1179,True,424.0,True,386042
420,480,R1180,B1180,True,426.0,True,374842
420,480,R1181,B1181,True,424.0,True,714321
420,480,R1182,B1182,True,425.0,True,366906
420,480,R1183,B1183,True,425.0,True,363083
420,480,R1184,B1184,True,426.0,True,366416
420,480,R1185,B1185,False,,False,354130
420,480,R1186,B1186,True,430.0,True,358125
420,480,R1187,B1187,True,430.0,True,374842
420,480,R1188,B1188,True,429.0,True,366906
420,480,R1189,B1189,True,429.0,True,365996
420,480,R1190,B1190,True,430.0,True,365558
420,480,R1191,B1191,True,430.0,True,361580
420,480,R1192,B1192,True,430.0,True,739065
420,480,R1193,B1193,True,431.0,True,358827
420,480,R1194,B1194,True,431.0,True,364900
420,480,R1195,B1195,True,431.0,True,369532
420,480,R1196,B1196,True,432.0,True,732832
420,480,R1197,B1197,False,,False,357272
420,480,R1198,B1198,False,,False,365259
420,480,R1199,B1199,True,433.0,True,361580
420,480,R1200,B1200,True,433.0,True,369532
420,480,R1201,B1201,False,,False,357048
420,480,R1202,B1202,True,435.0,True,364900
420,480,R1203,B1203,True,438.0,True,364900
420,480,R1204,B1204,False,,False,339953
420,480,R1205,B1205,True,442.0,False,366906
420,480,R1206,B1206,True,437.0,True,354130
420,480,R1207,B1207,True,437.0,True,365071
420,480,R1208,B1208,True,438.0,True,365558
420,480,R1209,B1209,True,438.0,True,363083
420,480,R1210,B1210,True,438.0,True,357898
420,480,R1211,B1211,True,439.0,True,373302
420,480,R1212,B1212,True,439.0,True,366906
420,480,R1213,B1213,True,442.0,False,361580
420,480,R1214,B1214,True,441.0,False,347194
420,480,R1215,B1215,True,441.0,False,347099
420,480,R1216,B1216,True,443.0,False,690866
420,480,R1217,B1217,True,442.0,False,381855
420,480,R1218,B1218,True,442.0,False,344842
420,480,R1219,B1219,True,442.0,False,347205
420,480,R1220,B1220,True,443.0,False,347187
420,480,R1221,B1221,False,,False,340355
420,480,R1222,B1222,True,444.0,False,350053
420,480,R1223,B1223,True,444.0,False,347099
420,480,R1224,B1224,True,450.0,False,352428
420,480,R1225,B1225,True,449.0,False,349140
420,480,R1226,B1226,True,446.0,False,355309
420,480,R1227,B1227,True,446.0,False,360921
420,480,R1228,B1228,True,447.0,False,347187
420,480,R1229,B1229,True,447.0,False,700107
420,480,R1230,B1230,True,447.0,False,701871
420,480,R1231,B1231,True,448.0,False,353214
420,480,R1232,B1232,True,448.0,False,340355
420,480,R1233,B1233,True,451.0,False,347099
420,480,R1234,B1234,True,451.0,False,344986
420,480,R1235,B1235,True,451.0,False,340355
420,480,R1236,B1236,True,452.0,False,347313
420,480,R1237,B1237,True,452.0,False,689685
420,480,R1238,B1238,True,455.0,False,350053
420,480,R1239,B1239,True,455.0,False,344986
420,480,R1240,B1240,True,453.0,False,350935
420,480,R1241,B1241,True,454.0,False,353441
420,480,R1242,B1242,True,456.0,False,347205
420,480,R1243,B1243,True,457.0,False,353214
420,480,R1244,B1244,True,458.0,False,344842
420,480,R1245,B1245,True,458.0,False,345433
420,480,R1246,B1246,True,459.0,False,346931
420,480,R1247,B1247,True,459.0,False,352428
420,480,R1248,B1248,True,459.0,False,349140
420,480,R1249,B1249,True,460.0,False,347311
420,480,R1250,B1250,True,460.0,False,351698
420,480,R1251,B1251,True,461.0,False,335400
420,480,R1252,B1252,True,461.0,False,673400
420,480,R1253,B1253,True,462.0,False,336700
420,480,R1254,B1254,True,462.0,False,337250
420,480,R1255,B1255,True,463.0,False,337250
420,480,R1256,B1256,True,464.0,False,336700
420,480,R1257,B1257,True,464.0,False,337250
420,480,R1258,B1258,True,465.0,False,337150
420,480,R1259,B1259,True,466.0,False,337350
420,480,R1260,B1260,True,467.0,False,335450
420,480,R1261,B1261,True,467.0,False,338050
420,480,R1262,B1262,True,470.0,False,337350
420,480,R1263,B1263,True,467.0,False,336400
420,480,R1264,B1264,False,,False,333650
420,480,R1265,B1265,True,467.0,False,337250
420,480,R1266,B1266,True,467.0,False,674700
420,480,R1267,B1267,True,468.0,False,335500
420,480,R1268,B1268,True,468.0,False,334050
420,480,R1269,B1269,True,469.0,False,674500
420,480,R1270,B1270,True,470.0,False,676500
420,480,R1271,B1271,True,471.0,False,335200
420,480,R1272,B1272,True,472.0,False,338050
420,480,R1273,B1273,True,471.0,False,334050
420,480,R1274,B1274,True,471.0,False,336700
420,480,R1275,B1275,True,472.0,False,335400
420,480,R1276,B1276,True,472.0,False,337950
420,480,R1277,B1277,True,474.0,False,334050
420,480,R1278,B1278,True,473.0,False,336400
420,480,R1279,B1279,True,473.0,False,336200
420,480,R1280,B1280,True,474.0,False,334050
420,480,R1281,B1281,True,475.0,False,335400
420,480,R1282,B1282,True,476.0,False,336800
420,480,R1283,B1283,True,477.0,False,336250
420,480,R1284,B1284,True,476.0,False,667300
420,480,R1285,B1285,True,477.0,False,334050
420,480,R1286,B1286,True,477.0,False,336400
420,480,R1287,B1287,True,480.0,False,336250
420,480,R1288,B1288,True,480.0,False,335800
440,500,R1173,B1173,False,,False,442571
440,500,R1174,B1174,False,,False,482318
440,500,R1175,B1175,False,,False,417938
440,500,R1185,B1185,False,,False,417938
440,500,R1197,B1197,False,,False,397117
440,500,R1198,B1198,False,,False,437577
440,500,R1201,B1201,False,,False,366998
440,500,R1204,B1204,False,,False,348805
440,500,R1205,B1205,True,443.0,True,424820
440,500,R1213,B1213,True,440.0,True,411341
440,500,R1214,B1214,False,,False,357038
440,500,R1215,B1215,False,,False,357048
440,500,R1216,B1216,True,443.0,True,709333
440,500,R1217,B1217,True,442.0,True,520022
440,500,R1218,B1218,True,442.0,True,355635
440,500,R1219,B1219,True,442.0,True,357160
440,500,R1220,B1220,True,448.0,True,358125
440,500,R1221,B1221,True,444.0,True,353261
440,500,R1222,B1222,True,444.0,True,362057
440,500,R1223,B1223,False,,False,357048
440,500,R1224,B1224,True,448.0,True,366906
440,500,R1225,B1225,True,447.0,True,361580
440,500,R1226,B1226,True,449.0,True,374218
440,500,R1227,B1227,True,446.0,True,386042
440,500,R1228,B1228,False,,False,358125
440,500,R1229,B1229,True,447.0,True,724114
440,500,R1230,B1230,True,447.0,True,730142
440,500,R1231,B1231,True,448.0,True,370178
440,500,R1232,B1232,True,449.0,True,353261
440,500,R1233,B1233,True,451.0,True,357048
440,500,R1234,B1234,True,451.0,True,355923
440,500,R1235,B1235,True,451.0,True,353261
440,500,R1236,B1236,True,452.0,True,358827
440,500,R1237,B1237,True,452.0,True,711271
440,500,R1238,B1238,True,453.0,True,362057
440,500,R1239,B1239,True,455.0,True,355923
440,500,R1240,B1240,True,457.0,True,365071
440,500,R1241,B1241,True,454.0,True,369532
440,500,R1242,B1242,True,456.0,True,357160
440,500,R1243,B1243,True,460.0,False,370178
440,500,R1244,B1244,True,458.0,True,355635
440,500,R1245,B1245,True,458.0,True,354666
440,500,R1246,B1246,True,459.0,True,357463
440,500,R1247,B1247,True,459.0,True,366906
440,500,R1248,B1248,True,461.0,False,361580
440,500,R1249,B1249,True,460.0,False,357272
440,500,R1250,B1250,True,460.0,False,367096
440,500,R1251,B1251,True,461.0,False,356075
440,500,R1252,B1252,True,461.0,False,698280
440,500,R1253,B1253,True,462.0,False,349140
440,500,R1254,B1254,True,462.0,False,347205
440,500,R1255,B1255,True,463.0,False,346973
440,500,R1256,B1256,True,464.0,False,349140
440,500,R1257,B1257,True,464.0,False,347205
440,500,R1258,B1258,False,,False,347099
440,500,R1259,B1259,True,468.0,False,347311
440,500,R1260,B1260,True,466.0,False,355146
440,500,R1261,B1261,True,467.0,False,350053
440,500,R1262,B1262,False,,False,347194
440,500,R1263,B1263,True,467.0,False,355309
440,500,R1264,B1264,True,471.0,False,343628
440,500,R1265,B1265,True,467.0,False,347448
440,500,R1266,B1266,True,467.0,False,706882
440,500,R1267,B1267,True,468.0,False,349291
440,500,R1268,B1268,True,469.0,False,344842
440,500,R1269,B1269,True,469.0,False,694410
440,500,R1270,B1270,True,470.0,False,712297
440,500,R1271,B1271,True,471.0,False,344804
440,500,R1272,B1272,True,471.0,False,350053
440,500,R1273,B1273,True,472.0,False,344986
440,500,R1274,B1274,True,473.0,False,349140
440,500,R1275,B1275,True,472.0,False,356605
440,500,R1276,B1276,True,472.0,False,352183
440,500,R1277,B1277,True,474.0,False,344986
440,500,R1278,B1278,True,473.0,False,355309
440,500,R1279,B1279,True,473.0,False,345433
440,500,R1280,B1280,True,474.0,False,344842
440,500,R1281,B1281,True,475.0,False,356075
440,500,R1282,B1282,True,476.0,False,350935
440,500,R1283,B1283,True,477.0,False,347187
440,500,R1284,B1284,True,476.0,False,687257
440,500,R1285,B1285,True,477.0,False,344986
440,500,R1286,B1286,True,477.0,False,347493
440,500,R1287,B1287,True,478.0,False,353214
440,500,R1288,B1288,True,480.0,False,347313
440,500,R1289,B1289,True,481.0,False,335800
440,500,R1290,B1290,True,482.0,False,336250
440,500,R1291,B1291,True,484.0,False,336700
440,500,R1292,B1292,True,483.0,False,337250
440,500,R1293,B1293,True,486.0,False,336250
440,500,R1294,B1294,True,487.0,False,335450
440,500,R1295,B1295,True,487.0,False,333650
440,500,R1296,B1296,True,484.0,False,337250
440,500,R1297,B1297,True,484.0,False,337350
440,500,R1298,B1298,True,485.0,False,338250
440,500,R1299,B1299,True,485.0,False,336400
440,500,R1300,B1300,True,486.0,False,338050
440,500,R1301,B1301,True,486.0,False,332700
440,500,R1302,B1302,True,487.0,False,335800
440,500,R1303,B1303,True,487.0,False,334050
440,500,R1304,B1304,True,488.0,False,335800
440,500,R1305,B1305,True,493.0,False,334500
440,500,R1306,B1306,True,492.0,False,333650
440,500,R1307,B1307,True,488.0,False,337250
440,500,R1308,B1308,True,489.0,False,338250
440,500,R1309,B1309,True,489.0,False,336250
440,500,R1310,B1310,True,489.0,False,333350
440,500,R1311,B1311,True,493.0,False,333650
440,500,R1312,B1312,True,493.0,False,336250
440,500,R1313,B1313,True,490.0,False,337350
440,500,R1314,B1314,True,490.0,False,337950
440,500,R1315,B1315,True,490.0,False,334050
440,500,R1316,B1316,True,490.0,False,336200
440,500,R1317,B1317,True,491.0,False,338050
440,500,R1318,B1318,True,495.0,False,336400
440,500,R1319,B1319,True,498.0,False,674500
440,500,R1320,B1320,True,494.0,False,335500
440,500,R1321,B1321,True,492.0,False,334050
440,500,R1322,B1322,True,493.0,False,336700
440,500,R1323,B1323,True,495.0,False,338050
440,500,R1324,B1324,True,497.0,False,336250
440,500,R1325,B1325,True,495.0,False,337350
440,500,R1326,B1326,True,495.0,False,337250
440,500,R1327,B1327,True,495.0,False,674700
440,500,R1328,B1328,True,496.0,False,334050
440,500,R1329,B1329,True,496.0,False,327450
440,500,R1330,B1330,True,498.0,False,337950
440,500,R1331,B1331,True,497.0,False,331000
440,500,R1332,B1332,True,497.0,False,337250
440,500,R1333,B1333,True,498.0,False,334050
440,500,R1334,B1334,True,498.0,False,331000
440,500,R1335,B1335,True,498.0,False,336700
440,500,R1336,B1336,True,498.0,False,333600
440,500,R1337,B1337,True,500.0,False,335400
440,500,R1338,B1338,True,499.0,False,335500
460,520,R1204,B1204,False,,False,463877
460,520,R1214,B1214,False,,False,455479
460,520,R1215,B1215,False,,False,426694
460,520,R1223,B1223,False,,False,426694
460,520,R1228,B1228,False,,False,434687
460,520,R1243,B1243,True,460.0,True,488928
460,520,R1248,B1248,True,460.0,True,411341
460,520,R1249,B1249,True,460.0,True,367233
460,520,R1250,B1250,True,460.0,True,382494
460,520,R1251,B1251,True,461.0,True,376750
460,520,R1252,B1252,True,461.0,True,772922
460,520,R1253,B1253,True,462.0,True,386461
460,520,R1254,B1254,True,462.0,True,357160
460,520,R1255,B1255,True,469.0,True,356697
460,520,R1256,B1256,True,464.0,True,361580
460,520,R1257,B1257,True,464.0,True,357160
460,520,R1258,B1258,False,,False,357048
460,520,R1259,B1259,True,469.0,True,357272
460,520,R1260,B1260,True,466.0,True,374842
460,520,R1261,B1261,True,467.0,True,362057
460,520,R1262,B1262,True,467.0,True,357038
460,520,R1263,B1263,True,470.0,True,374218
460,520,R1264,B1264,False,,False,353607
460,520,R1265,B1265,True,467.0,True,357646
460,520,R1266,B1266,True,467.0,True,739065
460,520,R1267,B1267,True,468.0,True,363083
460,520,R1268,B1268,True,468.0,True,355635
460,520,R1269,B1269,True,469.0,True,714321
460,520,R1270,B1270,True,470.0,True,748095
460,520,R1271,B1271,True,471.0,True,354409
460,520,R1272,B1272,True,472.0,True,362057
460,520,R1273,B1273,True,471.0,True,355923
460,520,R1274,B1274,True,473.0,True,361580
460,520,R1275,B1275,True,472.0,True,377810
460,520,R1276,B1276,True,472.0,True,366416
460,520,R1277,B1277,True,474.0,True,355923
460,520,R1278,B1278,True,473.0,True,374218
460,520,R1279,B1279,True,474.0,True,354666
460,520,R1280,B1280,True,474.0,True,355635
460,520,R1281,B1281,True,475.0,True,376750
460,520,R1282,B1282,True,475.0,True,365071
460,520,R1283,B1283,True,477.0,True,358125
460,520,R1284,B1284,True,476.0,True,707214
460,520,R1285,B1285,True,477.0,True,355923
460,520,R1286,B1286,True,477.0,True,358586
460,520,R1287,B1287,True,478.0,True,370178
460,520,R1288,B1288,True,480.0,False,358827
460,520,R1289,B1289,True,485.0,False,347313
460,520,R1290,B1290,True,482.0,False,353214
460,520,R1291,B1291,True,483.0,False,349140
460,520,R1292,B1292,True,483.0,False,347205
460,520,R1293,B1293,True,486.0,False,353214
460,520,R1294,B1294,True,484.0,False,355146
460,520,R1295,B1295,False,,False,343628
460,520,R1296,B1296,True,484.0,False,347574
460,520,R1297,B1297,True,484.0,False,353441
460,520,R1298,B1298,True,485.0,False,355776
460,520,R1299,B1299,True,486.0,False,355309
460,520,R1300,B1300,True,486.0,False,350053
460,520,R1301,B1301,False,,False,340598
460,520,R1302,B1302,True,487.0,False,381855
460,520,R1303,B1303,True,487.0,False,344986
460,520,R1304,B1304,True,488.0,False,347313
460,520,R1305,B1305,False,,False,342259
460,520,R1306,B1306,False,,False,343628
460,520,R1307,B1307,False,,False,347574
460,520,R1308,B1308,True,489.0,False,355776
460,520,R1309,B1309,True,489.0,False,353214
460,520,R1310,B1310,True,489.0,False,346314
460,520,R1311,B1311,False,,False,343628
460,520,R1312,B1312,True,490.0,False,353214
460,520,R1313,B1313,False,,False,347311
460,520,R1314,B1314,True,490.0,False,352945
460,520,R1315,B1315,True,490.0,False,344842
460,520,R1316,B1316,False,,False,345433
460,520,R1317,B1317,True,491.0,False,350053
460,520,R1318,B1318,True,491.0,False,355309
460,520,R1319,B1319,True,498.0,False,694410
460,520,R1320,B1320,True,492.0,False,346835
460,520,R1321,B1321,True,493.0,False,344842
460,520,R1322,B1322,True,493.0,False,349140
460,520,R1323,B1323,True,495.0,False,350053
460,520,R1324,B1324,True,496.0,False,353214
460,520,R1325,B1325,False,,False,347194
460,520,R1326,B1326,True,495.0,False,347205
460,520,R1327,B1327,True,495.0,False,706882
460,520,R1328,B1328,False,,False,344842
460,520,R1329,B1329,False,,False,340355
460,520,R1330,B1330,True,497.0,False,352428
460,520,R1331,B1331,False,,False,341320
460,520,R1332,B1332,True,497.0,False,347205
460,520,R1333,B1333,True,502.0,False,344842
460,520,R1334,B1334,False,,False,341320
460,520,R1335,B1335,True,498.0,False,349140
460,520,R1336,B1336,True,499.0,False,344961
460,520,R1337,B1337,True,501.0,False,356075
460,520,R1338,B1338,True,499.0,False,346835
460,520,R1339,B1339,True,501.0,False,675900
460,520,R1340,B1340,True,501.0,False,337950
460,520,R1341,B1341,True,501.0,False,673400
460,520,R1342,B1342,True,502.0,False,336250
460,520,R1343,B1343,True,503.0,False,338250
460,520,R1344,B1344,True,504.0,False,338150
460,520,R1345,B1345,True,504.0,False,337950
460,520,R1346,B1346,True,503.0,False,338050
460,520,R1347,B1347,True,505.0,False,672500
460,520,R1348,B1348,True,503.0,False,334050
460,520,R1349,B1349,True,503.0,False,674700
460,520,R1350,B1350,True,504.0,False,671800
460,520,R1351,B1351,True,505.0,False,673600
460,520,R1352,B1352,False,,False,337250
460,520,R1353,B1353,False,,False,335400
460,520,R1354,B1354,True,505.0,False,336250
460,520,R1355,B1355,True,505.0,False,337450
460,520,R1356,B1356,True,505.0,False,337950
460,520,R1357,B1357,True,505.0,False,335500
460,520,R1358,B1358,True,506.0,False,338050
460,520,R1359,B1359,True,510.0,False,336300
460,520,R1360,B1360,False,,False,327450
460,520,R1361,B1361,True,507.0,False,676500
460,520,R1362,B1362,True,508.0,False,337950
460,520,R1363,B1363,True,508.0,False,335800
460,520,R1364,B1364,True,508.0,False,338400
460,520,R1365,B1365,True,508.0,False,338250
460,520,R1366,B1366,True,508.0,False,338050
460,520,R1367,B1367,True,512.0,False,337250
460,520,R1368,B1368,True,510.0,False,338250
460,520,R1369,B1369,True,509.0,False,336250
460,520,R1370,B1370,False,,False,334050
460,520,R1371,B1371,False,,False,337150
460,520,R1372,B1372,True,509.0,False,337250
460,520,R1373,B1373,True,510.0,False,336800
460,520,R1374,B1374,True,511.0,False,338250
460,520,R1375,B1375,True,510.0,False,338050
460,520,R1376,B1376,False,,False,337250
460,520,R1377,B1377,True,511.0,False,338300
460,520,R1378,B1378,False,,False,337250
460,520,R1379,B1379,True,512.0,False,338250
460,520,R1380,B1380,True,511.0,False,335900
460,520,R1381,B1381,True,511.0,False,338050
460,520,R1382,B1382,True,512.0,False,338250
460,520,R1383,B1383,True,513.0,False,1010400
460,520,R1384,B1384,True,512.0,False,675900
460,520,R1385,B1385,True,513.0,False,676100
460,520,R1386,B1386,True,512.0,False,336700
460,520,R1387,B1387,True,512.0,False,335450
460,520,R1388,B1388,False,,False,337250
460,520,R1389,B1389,True,513.0,False,336800
460,520,R1390,B1390,False,,False,332700
460,520,R1391,B1391,True,514.0,False,337950
460,520,R1392,B1392,True,514.0,False,335900
460,520,R1393,B1393,True,516.0,False,333350
460,520,R1394,B1394,True,514.0,False,336800
460,520,R1395,B1395,False,,False,337150
460,520,R1396,B1396,True,516.0,False,673600
460,520,R1397,B1397,False,,False,335400
460,520,R1398,B1398,True,515.0,False,337350
460,520,R1399,B1399,True,516.0,False,676500
460,520,R1400,B1400,True,517.0,False,337950
460,520,R1401,B1401,True,516.0,False,338250
460,520,R1402,B1402,True,518.0,False,674700
460,520,R1403,B1403,True,517.0,False,336800
460,520,R1404,B1404,True,516.0,False,673400
460,520,R1405,B1405,False,,False,322250
460,520,R1406,B1406,True,517.0,False,338050
460,520,R1407,B1407,True,517.0,False,336250
460,520,R1408,B1408,True,517.0,False,336700
460,520,R1409,B1409,True,518.0,False,338250
460,520,R1410,B1410,True,518.0,False,335800
460,520,R1411,B1411,True,520.0,False,338050
460,520,R1412,B1412,True,518.0,False,335900
460,520,R1413,B1413,True,520.0,False,334050
460,520,R1414,B1414,True,519.0,False,338250
460,520,R1415,B1415,True,519.0,False,337150
460,520,R1416,B1416,False,,False,334050
460,520,R1417,B1417,False,,False,335400
460,520,R1418,B1418,True,520.0,False,338250
460,520,R1419,B1419,True,520.0,False,335800
460,520,R1420,B1420,True,520.0,False,338250
460,520,R1421,B1421,True,520.0,False,336250
460,520,R1422,B1422,False,,False,334050
480,540,R1258,B1258,False,,False,426694
480,540,R1264,B1264,False,,False,393521
480,540,R1288,B1288,True,484.0,True,370341
480,540,R1289,B1289,True,483.0,True,358827
480,540,R1290,B1290,True,482.0,True,404107
480,540,R1291,B1291,True,486.0,True,361580
480,540,R1292,B1292,True,483.0,True,357160
480,540,R1293,B1293,True,486.0,True,370178
480,540,R1294,B1294,True,484.0,True,374842
480,540,R1295,B1295,False,,False,353607
480,540,R1296,B1296,True,484.0,True,357898
480,540,R1297,B1297,True,484.0,True,369532
480,540,R1298,B1298,True,487.0,True,373302
480,540,R1299,B1299,True,485.0,True,374218
480,540,R1300,B1300,True,486.0,True,362057
480,540,R1301,B1301,False,,False,348496
480,540,R1302,B1302,True,487.0,True,427911
480,540,R1303,B1303,False,,False,355923
480,540,R1304,B1304,True,488.0,True,358827
480,540,R1305,B1305,False,,False,350018
480,540,R1306,B1306,False,,False,353607
480,540,R1307,B1307,True,488.0,True,357898
480,540,R1308,B1308,True,489.0,True,373302
480,540,R1309,B1309,True,489.0,True,370178
480,540,R1310,B1310,False,,False,359278
480,540,R1311,B1311,False,,False,353607
480,540,R1312,B1312,True,490.0,True,370178
480,540,R1313,B1313,False,,False,357272
480,540,R1314,B1314,True,490.0,True,367941
480,540,R1315,B1315,False,,False,355635
480,540,R1316,B1316,True,490.0,True,354666
480,540,R1317,B1317,True,491.0,True,362057
480,540,R1318,B1318,True,495.0,True,374218
480,540,R1319,B1319,True,498.0,True,714321
480,540,R1320,B1320,True,492.0,True,358171
480,540,R1321,B1321,False,,False,355635
480,540,R1322,B1322,True,493.0,True,361580
480,540,R1323,B1323,True,495.0,True,362057
480,540,R1324,B1324,True,495.0,True,370178
480,540,R1325,B1325,False,,False,357038
480,540,R1326,B1326,True,495.0,True,357160
480,540,R1327,B1327,True,497.0,True,739065
480,540,R1328,B1328,False,,False,355635
480,540,R1329,B1329,True,496.0,True,353261
480,540,R1330,B1330,True,500.0,False,366906
480,540,R1331,B1331,False,,False,351641
480,540,R1332,B1332,False,,False,357160
480,540,R1333,B1333,False,,False,355635
480,540,R1334,B1334,False,,False,351641
480,540,R1335,B1335,True,498.0,True,361580
480,540,R1336,B1336,True,499.0,True,356322
480,540,R1337,B1337,True,499.0,True,376750
480,540,R1338,B1338,True,499.0,True,358171
480,540,R1339,B1339,True,503.0,False,704856
480,540,R1340,B1340,True,501.0,False,353218
480,540,R1341,B1341,True,501.0,False,698280
480,540,R1342,B1342,True,502.0,False,353214
480,540,R1343,B1343,True,503.0,False,357369
480,540,R1344,B1344,True,503.0,False,356038
480,540,R1345,B1345,True,504.0,False,352428
480,540,R1346,B1346,True,503.0,False,350053
480,540,R1347,B1347,True,503.0,False,706428
480,540,R1348,B1348,False,,False,344986
480,540,R1349,B1349,True,503.0,False,706882
480,540,R1350,B1350,True,504.0,False,690030
480,540,R1351,B1351,True,509.0,False,702358
480,540,R1352,B1352,False,,False,346973
480,540,R1353,B1353,True,505.0,False,356075
480,540,R1354,B1354,True,505.0,False,353214
480,540,R1355,B1355,True,505.0,False,351175
480,540,R1356,B1356,True,505.0,False,353218
480,540,R1357,B1357,True,505.0,False,346835
480,540,R1358,B1358,True,506.0,False,355555
480,540,R1359,B1359,True,508.0,False,346565
480,540,R1360,B1360,False,,False,340355
480,540,R1361,B1361,True,507.0,False,724571
480,540,R1362,B1362,True,508.0,False,352183
480,540,R1363,B1363,True,508.0,False,347313
480,540,R1364,B1364,True,510.0,False,357111
480,540,R1365,B1365,True,508.0,False,362285
480,540,R1366,B1366,True,508.0,False,350053
480,540,R1367,B1367,False,,False,347205
480,540,R1368,B1368,True,510.0,False,362285
480,540,R1369,B1369,True,509.0,False,353214
480,540,R1370,B1370,False,,False,344986
480,540,R1371,B1371,False,,False,347099
480,540,R1372,B1372,False,,False,347205
480,540,R1373,B1373,True,510.0,False,351179
480,540,R1374,B1374,True,511.0,False,362285
480,540,R1375,B1375,True,510.0,False,355555
480,540,R1376,B1376,True,510.0,False,347574
480,540,R1377,B1377,True,512.0,False,353883
480,540,R1378,B1378,False,,False,346973
480,540,R1379,B1379,True,511.0,False,362285
480,540,R1380,B1380,False,,False,345015
480,540,R1381,B1381,True,511.0,False,350053
480,540,R1382,B1382,True,512.0,False,355776
480,540,R1383,B1383,True,513.0,False,1053537
480,540,R1384,B1384,True,512.0,False,704366
480,540,R1385,B1385,True,513.0,False,711110
480,540,R1386,B1386,True,512.0,False,349140
480,540,R1387,B1387,True,512.0,False,355146
480,540,R1388,B1388,False,,False,347205
480,540,R1389,B1389,True,513.0,False,351179
480,540,R1390,B1390,False,,False,340598
480,540,R1391,B1391,True,514.0,False,352183
480,540,R1392,B1392,False,,False,345015
480,540,R1393,B1393,False,,False,346523
480,540,R1394,B1394,True,514.0,False,350935
480,540,R1395,B1395,True,514.0,False,347099
480,540,R1396,B1396,True,516.0,False,702358
480,540,R1397,B1397,False,,False,356075
480,540,R1398,B1398,False,,False,347194
480,540,R1399,B1399,True,516.0,False,711552
480,540,R1400,B1400,True,517.0,False,352183
480,540,R1401,B1401,True,516.0,False,362285
480,540,R1402,B1402,True,517.0,False,694622
480,540,R1403,B1403,True,517.0,False,350935
480,540,R1404,B1404,True,516.0,False,698280
480,540,R1405,B1405,False,,False,331101
480,540,R1406,B1406,True,517.0,False,355555
480,540,R1407,B1407,True,517.0,False,353214
480,540,R1408,B1408,True,517.0,False,349140
480,540,R1409,B1409,True,518.0,False,355776
480,540,R1410,B1410,True,518.0,False,384564
480,540,R1411,B1411,True,520.0,False,355555
480,540,R1412,B1412,False,,False,345015
480,540,R1413,B1413,True,518.0,False,344842
480,540,R1414,B1414,True,522.0,False,362285
480,540,R1415,B1415,False,,False,347099
480,540,R1416,B1416,True,519.0,False,344986
480,540,R1417,B1417,False,,False,356605
480,540,R1418,B1418,True,520.0,False,357369
480,540,R1419,B1419,False,,False,347313
480,540,R1420,B1420,True,520.0,False,362285
480,540,R1421,B1421,True,520.0,False,353214
480,540,R1422,B1422,True,521.0,False,344842
480,540,R1423,B1423,False,,False,335400
480,540,R1424,B1424,False,,False,336250
480,540,R1425,B1425,True,521.0,False,337450
480,540,R1426,B1426,True,522.0,False,336800
480,540,R1427,B1427,True,522.0,False,337950
480,540,R1428,B1428,True,522.0,False,336250
480,540,R1429,B1429,False,,False,337350
480,540,R1430,B1430,False,,False,337450
480,540,R1431,B1431,False,,False,334500
480,540,R1432,B1432,True,523.0,False,338250
480,540,R1433,B1433,True,525.0,False,1014150
480,540,R1434,B1434,True,523.0,False,336250
480,540,R1435,B1435,True,523.0,False,668100
480,540,R1436,B1436,False,,False,337250
480,540,R1437,B1437,False,,False,335400
480,540,R1438,B1438,True,524.0,False,336800
480,540,R1439,B1439,True,525.0,False,336800
480,540,R1440,B1440,True,527.0,False,338050
480,540,R1441,B1441,True,529.0,False,337150
480,540,R1442,B1442,True,529.0,False,336800
480,540,R1443,B1443,True,528.0,False,336800
480,540,R1444,B1444,True,526.0,False,337950
480,540,R1445,B1445,True,526.0,False,676500
480,540,R1446,B1446,True,526.0,False,338050
480,540,R1447,B1447,False,,False,335900
480,540,R1448,B1448,True,526.0,False,672500
480,540,R1449,B1449,False,,False,337250
480,540,R1450,B1450,False,,False,337250
480,540,R1451,B1451,True,532.0,False,337950
480,540,R1452,B1452,False,,False,335900
480,540,R1453,B1453,False,,False,334500
480,540,R1454,B1454,False,,False,337250
480,540,R1455,B1455,True,528.0,False,336700
480,540,R1456,B1456,True,534.0,False,337150
480,540,R1457,B1457,True,533.0,False,336800
480,540,R1458,B1458,True,529.0,False,337950
480,540,R1459,B1459,True,529.0,False,338050
480,540,R1460,B1460,True,532.0,False,338050
480,540,R1461,B1461,True,529.0,False,336250
480,540,R1462,B1462,True,529.0,False,674700
480,540,R1463,B1463,True,529.0,False,336700
480,540,R1464,B1464,False,,False,337250
480,540,R1465,B1465,True,529.0,False,337350
480,540,R1466,B1466,True,529.0,False,335800
480,540,R1467,B1467,True,530.0,False,670800
480,540,R1468,B1468,True,530.0,False,338050
480,540,R1469,B1469,False,,False,337250
480,540,R1470,B1470,False,,False,335800
480,540,R1471,B1471,True,531.0,False,338050
480,540,R1472,B1472,True,531.0,False,333600
480,540,R1473,B1473,False,,False,335450
480,540,R1474,B1474,True,531.0,False,337150
480,540,R1475,B1475,False,,False,337250
480,540,R1476,B1476,True,532.0,False,337350
480,540,R1477,B1477,True,532.0,False,336800
480,540,R1478,B1478,True,533.0,False,337950
480,540,R1479,B1479,True,536.0,False,337450
480,540,R1480,B1480,True,533.0,False,338250
480,540,R1481,B1481,True,533.0,False,338050
480,540,R1482,B1482,True,536.0,False,336250
480,540,R1483,B1483,True,535.0,False,337150
480,540,R1484,B1484,True,533.0,False,337350
480,540,R1485,B1485,True,534.0,False,336800
480,540,R1486,B1486,True,535.0,False,338050
480,540,R1487,B1487,True,534.0,False,668100
480,540,R1488,B1488,True,534.0,False,673600
480,540,R1489,B1489,False,,False,336400
480,540,R1490,B1490,True,535.0,False,336800
480,540,R1491,B1491,True,535.0,False,335400
480,540,R1492,B1492,True,537.0,False,334050
480,540,R1493,B1493,True,536.0,False,338050
480,540,R1494,B1494,True,540.0,False,338150
480,540,R1495,B1495,True,537.0,False,338050
480,540,R1496,B1496,False,,False,317500
480,540,R1497,B1497,True,538.0,False,335400
480,540,R1498,B1498,True,539.0,False,335800
480,540,R1499,B1499,True,540.0,False,338250
480,540,R1500,B1500,True,540.0,False,338050
480,540,R1501,B1501,True,539.0,False,335500
480,540,R1502,B1502,False,,False,337250
480,540,R1503,B1503,True,539.0,False,338050
480,540,R1504,B1504,True,539.0,False,336250
480,540,R1505,B1505,True,539.0,False,337350
480,540,R1506,B1506,False,,False,337250
480,540,R1507,B1507,True,539.0,False,337350
480,540,R1508,B1508,False,,False,335900
480,540,R1509,B1509,True,540.0,False,1008750
480,540,R1510,B1510,False,,False,337250
500,560,R1295,B1295,False,,False,423457
500,560,R1301,B1301,False,,False,380088
500,560,R1303,B1303,False,,False,432480
500,560,R1305,B1305,False,,False,357778
500,560,R1306,B1306,False,,False,393521
500,560,R1310,B1310,False,,False,450028
500,560,R1311,B1311,False,,False,393521
500,560,R1313,B1313,False,,False,397117
500,560,R1315,B1315,False,,False,431184
500,560,R1321,B1321,False,,False,398806
500,560,R1325,B1325,False,,False,366882
500,560,R1328,B1328,True,500.0,True,398806
500,560,R1330,B1330,True,500.0,True,424820
500,560,R1331,B1331,False,,False,361961
500,560,R1332,B1332,False,,False,367116
500,560,R1333,B1333,True,500.0,True,366428
500,560,R1334,B1334,False,,False,361961
500,560,R1339,B1339,True,503.0,True,733813
500,560,R1340,B1340,True,501.0,True,368486
500,560,R1341,B1341,True,501.0,True,772922
500,560,R1342,B1342,True,502.0,True,404107
500,560,R1343,B1343,True,503.0,True,376488
500,560,R1344,B1344,True,503.0,True,373926
500,560,R1345,B1345,True,503.0,True,366906
500,560,R1346,B1346,True,506.0,True,386064
500,560,R1347,B1347,True,503.0,True,740357
500,560,R1348,B1348,True,505.0,True,355923
500,560,R1349,B1349,True,503.0,True,739065
500,560,R1350,B1350,True,508.0,True,708261
500,560,R1351,B1351,True,505.0,True,731117
500,560,R1352,B1352,False,,False,356697
500,560,R1353,B1353,False,,False,376750
500,560,R1354,B1354,True,505.0,True,370178
500,560,R1355,B1355,False,,False,364900
500,560,R1356,B1356,True,505.0,True,368486
500,560,R1357,B1357,True,505.0,True,358171
500,560,R1358,B1358,True,506.0,True,373060
500,560,R1359,B1359,False,,False,356830
500,560,R1360,B1360,False,,False,353261
500,560,R1361,B1361,True,507.0,True,772642
500,560,R1362,B1362,True,508.0,True,366416
500,560,R1363,B1363,False,,False,358827
500,560,R1364,B1364,True,508.0,True,375822
500,560,R1365,B1365,True,508.0,True,386321
500,560,R1366,B1366,True,510.0,True,362057
500,560,R1367,B1367,False,,False,357160
500,560,R1368,B1368,True,510.0,True,386321
500,560,R1369,B1369,True,509.0,True,370178
500,560,R1370,B1370,True,512.0,True,355923
500,560,R1371,B1371,False,,False,357048
500,560,R1372,B1372,False,,False,357160
500,560,R1373,B1373,True,510.0,True,365558
500,560,R1374,B1374,True,511.0,True,386321
500,560,R1375,B1375,True,510.0,True,373060
500,560,R1376,B1376,True,510.0,True,357898
500,560,R1377,B1377,True,511.0,True,369466
500,560,R1378,B1378,False,,False,356697
500,560,R1379,B1379,True,515.0,True,386321
500,560,R1380,B1380,False,,False,354130
500,560,R1381,B1381,True,511.0,True,362057
500,560,R1382,B1382,True,512.0,True,373302
500,560,R1383,B1383,True,513.0,True,1096675
500,560,R1384,B1384,True,512.0,True,732832
500,560,R1385,B1385,True,513.0,True,746120
500,560,R1386,B1386,True,512.0,True,361580
500,560,R1387,B1387,True,512.0,True,374842
500,560,R1388,B1388,False,,False,357160
500,560,R1389,B1389,True,513.0,True,365558
500,560,R1390,B1390,False,,False,348496
500,560,R1391,B1391,True,514.0,True,366416
500,560,R1392,B1392,False,,False,354130
500,560,R1393,B1393,False,,False,359696
500,560,R1394,B1394,True,514.0,True,365071
500,560,R1395,B1395,True,514.0,True,357048
500,560,R1396,B1396,True,516.0,True,731117
500,560,R1397,B1397,True,515.0,True,376750
500,560,R1398,B1398,True,515.0,True,357038
500,560,R1399,B1399,True,516.0,True,746604
500,560,R1400,B1400,True,517.0,True,366416
500,560,R1401,B1401,True,516.0,True,386321
500,560,R1402,B1402,True,518.0,True,714545
500,560,R1403,B1403,True,517.0,True,365071
500,560,R1404,B1404,True,516.0,True,723161
500,560,R1405,B1405,False,,False,339953
500,560,R1406,B1406,True,518.0,True,373060
500,560,R1407,B1407,True,517.0,True,370178
500,560,R1408,B1408,True,517.0,True,361580
500,560,R1409,B1409,True,518.0,True,373302
500,560,R1410,B1410,True,519.0,True,433329
500,560,R1411,B1411,True,521.0,False,373060
500,560,R1412,B1412,False,,False,354130
500,560,R1413,B1413,False,,False,355635
500,560,R1414,B1414,True,519.0,True,386321
500,560,R1415,B1415,False,,False,357048
500,560,R1416,B1416,True,519.0,True,355923
500,560,R1417,B1417,False,,False,377810
500,560,R1418,B1418,True,520.0,False,376488
500,560,R1419,B1419,False,,False,358827
500,560,R1420,B1420,True,523.0,False,386321
500,560,R1421,B1421,True,520.0,False,370178
500,560,R1422,B1422,False,,False,355635
500,560,R1423,B1423,False,,False,356075
500,560,R1424,B1424,False,,False,347187
500,560,R1425,B1425,False,,False,351175
500,560,R1426,B1426,False,,False,351179
500,560,R1427,B1427,True,523.0,False,352183
500,560,R1428,B1428,True,522.0,False,353214
500,560,R1429,B1429,False,,False,347311
500,560,R1430,B1430,False,,False,351175
500,560,R1431,B1431,False,,False,342259
500,560,R1432,B1432,True,523.0,False,355776
500,560,R1433,B1433,True,523.0,False,1050160
500,560,R1434,B1434,True,523.0,False,353214
500,560,R1435,B1435,True,523.0,False,689973
500,560,R1436,B1436,False,,False,346973
500,560,R1437,B1437,False,,False,356605
500,560,R1438,B1438,True,524.0,False,350935
500,560,R1439,B1439,True,529.0,False,351179
500,560,R1440,B1440,True,527.0,False,350053
500,560,R1441,B1441,False,,False,347099
500,560,R1442,B1442,True,529.0,False,350935
500,560,R1443,B1443,True,529.0,False,351179
500,560,R1444,B1444,True,526.0,False,352183
500,560,R1445,B1445,True,526.0,False,724571
500,560,R1446,B1446,True,526.0,False,355555
500,560,R1447,B1447,False,,False,345015
500,560,R1448,B1448,True,526.0,False,706428
500,560,R1449,B1449,False,,False,347205
500,560,R1450,B1450,False,,False,346973
500,560,R1451,B1451,True,532.0,False,352428
500,560,R1452,B1452,False,,False,345015
500,560,R1453,B1453,False,,False,342259
500,560,R1454,B1454,False,,False,347205
500,560,R1455,B1455,True,532.0,False,349140
500,560,R1456,B1456,False,,False,347099
500,560,R1457,B1457,True,533.0,False,351179
500,560,R1458,B1458,True,529.0,False,352428
500,560,R1459,B1459,True,529.0,False,355555
500,560,R1460,B1460,True,529.0,False,350053
500,560,R1461,B1461,True,529.0,False,353214
500,560,R1462,B1462,True,529.0,False,694388
500,560,R1463,B1463,True,529.0,False,349140
500,560,R1464,B1464,False,,False,347205
500,560,R1465,B1465,True,529.0,False,353441
500,560,R1466,B1466,True,529.0,False,360921
500,560,R1467,B1467,True,530.0,False,713210
500,560,R1468,B1468,True,532.0,False,350053
500,560,R1469,B1469,False,,False,346973
500,560,R1470,B1470,False,,False,347313
500,560,R1471,B1471,True,532.0,False,355555
500,560,R1472,B1472,True,531.0,False,345121
500,560,R1473,B1473,True,535.0,False,355146
500,560,R1474,B1474,False,,False,347099
500,560,R1475,B1475,False,,False,347205
500,560,R1476,B1476,True,532.0,False,353441
500,560,R1477,B1477,True,533.0,False,351179
500,560,R1478,B1478,True,532.0,False,352183
500,560,R1479,B1479,False,,False,351175
500,560,R1480,B1480,True,533.0,False,357369
500,560,R1481,B1481,True,533.0,False,350053
500,560,R1482,B1482,True,536.0,False,353214
500,560,R1483,B1483,False,,False,347099
500,560,R1484,B1484,True,534.0,False,353441
500,560,R1485,B1485,True,534.0,False,351179
500,560,R1486,B1486,True,535.0,False,350053
500,560,R1487,B1487,True,534.0,False,689685
500,560,R1488,B1488,True,534.0,False,701871
500,560,R1489,B1489,False,,False,350501
500,560,R1490,B1490,True,536.0,False,351179
500,560,R1491,B1491,True,535.0,False,356075
500,560,R1492,B1492,True,537.0,False,344986
500,560,R1493,B1493,False,,False,355555
500,560,R1494,B1494,True,537.0,False,356038
500,560,R1495,B1495,False,,False,355555
500,560,R1496,B1496,False,,False,326176
500,560,R1497,B1497,False,,False,356605
500,560,R1498,B1498,False,,False,347313
500,560,R1499,B1499,True,542.0,False,362285
500,560,R1500,B1500,True,543.0,False,355555
500,560,R1501,B1501,True,538.0,False,349291
500,560,R1502,B1502,False,,False,346973
500,560,R1503,B1503,False,,False,355555
500,560,R1504,B1504,True,539.0,False,353214
500,560,R1505,B1505,False,,False,347194
500,560,R1506,B1506,False,,False,347205
500,560,R1507,B1507,False,,False,353441
500,560,R1508,B1508,False,,False,345015
500,560,R1509,B1509,True,540.0,False,1059642
500,560,R1510,B1510,False,,False,347205
500,560,R1511,B1511,False,,False,335400
500,560,R1512,B1512,False,,False,335800
500,560,R1513,B1513,True,541.0,False,338400
500,560,R1514,B1514,False,,False,338050
500,560,R1515,B1515,True,542.0,False,338050
500,560,R1516,B1516,True,541.0,False,672500
500,560,R1517,B1517,True,542.0,False,338300
500,560,R1518,B1518,False,,False,336800
500,560,R1519,B1519,True,545.0,False,338050
500,560,R1520,B1520,True,542.0,False,336250
500,560,R1521,B1521,True,543.0,False,337150
500,560,R1522,B1522,True,542.0,False,337250
500,560,R1523,B1523,True,543.0,False,338250
500,560,R1524,B1524,False,,False,334050
500,560,R1525,B1525,True,544.0,False,336250
500,560,R1526,B1526,False,,False,337350
500,560,R1527,B1527,False,,False,337450
500,560,R1528,B1528,True,544.0,False,335500
500,560,R1529,B1529,True,545.0,False,675900
500,560,R1530,B1530,False,,False,338050
500,560,R1531,B1531,True,549.0,False,336800
500,560,R1532,B1532,True,546.0,False,337950
500,560,R1533,B1533,True,546.0,False,337150
500,560,R1534,B1534,True,547.0,False,338250
500,560,R1535,B1535,True,547.0,False,338300
500,560,R1536,B1536,True,549.0,False,1013850
500,560,R1537,B1537,True,547.0,False,336250
500,560,R1538,B1538,True,547.0,False,336800
500,560,R1539,B1539,True,547.0,False,336700
500,560,R1540,B1540,True,548.0,False,676500
500,560,R1541,B1541,True,548.0,False,338400
500,560,R1542,B1542,False,,False,335200
500,560,R1543,B1543,True,550.0,False,338250
500,560,R1544,B1544,True,549.0,False,336800
500,560,R1545,B1545,True,549.0,False,336250
500,560,R1546,B1546,True,550.0,False,338250
500,560,R1547,B1547,True,550.0,False,338250
500,560,R1548,B1548,True,551.0,False,338050
500,560,R1549,B1549,True,550.0,False,338050
500,560,R1550,B1550,False,,False,317500
500,560,R1551,B1551,True,552.0,False,336800
500,560,R1552,B1552,True,553.0,False,336250
500,560,R1553,B1553,True,552.0,False,337950
500,560,R1554,B1554,True,552.0,False,337150
500,560,R1555,B1555,True,554.0,False,335800
500,560,R1556,B1556,False,,False,335450
500,560,R1557,B1557,False,,False,337150
500,560,R1558,B1558,True,553.0,False,338250
500,560,R1559,B1559,True,557.0,False,335500
500,560,R1560,B1560,True,554.0,False,335900
500,560,R1561,B1561,True,553.0,False,334050
500,560,R1562,B1562,True,553.0,False,673400
500,560,R1563,B1563,True,554.0,False,338250
500,560,R1564,B1564,True,557.0,False,335400
500,560,R1565,B1565,True,554.0,False,338050
500,560,R1566,B1566,True,556.0,False,336800
500,560,R1567,B1567,True,555.0,False,337950
500,560,R1568,B1568,True,555.0,False,337350
500,560,R1569,B1569,True,556.0,False,336700
500,560,R1570,B1570,False,,False,337150
500,560,R1571,B1571,False,,False,337250
500,560,R1572,B1572,True,557.0,False,337350
500,560,R1573,B1573,True,557.0,False,335900
500,560,R1574,B1574,True,556.0,False,337250
500,560,R1575,B1575,False,,False,337250
500,560,R1576,B1576,True,557.0,False,336400
500,560,R1577,B1577,True,557.0,False,338250
500,560,R1578,B1578,True,557.0,False,338050
500,560,R1579,B1579,True,557.0,False,334050
500,560,R1580,B1580,True,558.0,False,338250
500,560,R1581,B1581,True,558.0,False,1014150
500,560,R1582,B1582,True,559.0,False,337250
500,560,R1583,B1583,True,559.0,False,338150
500,560,R1584,B1584,True,559.0,False,338050
500,560,R1585,B1585,True,559.0,False,336250
500,560,R1586,B1586,True,559.0,False,334050
500,560,R1587,B1587,True,560.0,False,335400
500,560,R1588,B1588,True,560.0,False,337950
500,560,R1589,B1589,True,560.0,False,676100
500,560,R1590,B1590,True,560.0,False,336250
500,560,R1591,B1591,True,560.0,False,333350
500,560,R1592,B1592,True,560.0,False,334050
500,560,R1593,B1593,True,560.0,False,336700
520,580,R1331,B1331,False,,False,496128
520,580,R1332,B1332,False,,False,496535
520,580,R1334,B1334,False,,False,496128
520,580,R1352,B1352,False,,False,424764
520,580,R1353,B1353,False,,False,521475
520,580,R1355,B1355,False,,False,502154
520,580,R1359,B1359,False,,False,459485
520,580,R1360,B1360,False,,False,443601
520,580,R1363,B1363,False,,False,439425
520,580,R1367,B1367,False,,False,396982
520,580,R1371,B1371,False,,False,396846
520,580,R1372,B1372,False,,False,396982
520,580,R1378,B1378,False,,False,366421
520,580,R1380,B1380,False,,False,390592
520,580,R1388,B1388,False,,False,367116
520,580,R1390,B1390,False,,False,356394
520,580,R1392,B1392,False,,False,363246
520,580,R1393,B1393,False,,False,412390
520,580,R1405,B1405,False,,False,348805
520,580,R1411,B1411,True,523.0,True,443081
520,580,R1412,B1412,False,,False,363246
520,580,R1413,B1413,False,,False,366428
520,580,R1415,B1415,False,,False,366998
520,580,R1417,B1417,False,,False,399015
520,580,R1418,B1418,True,520.0,True,452965
520,580,R1419,B1419,False,,False,370341
520,580,R1420,B1420,True,522.0,True,482464
520,580,R1421,B1421,True,520.0,True,438035
520,580,R1422,B1422,True,520.0,True,366428
520,580,R1423,B1423,False,,False,376750
520,580,R1424,B1424,False,,False,358125
520,580,R1425,B1425,False,,False,364900
520,580,R1426,B1426,False,,False,365558
520,580,R1427,B1427,False,,False,366416
520,580,R1428,B1428,True,522.0,True,404107
520,580,R1429,B1429,False,,False,357272
520,580,R1430,B1430,False,,False,364900
520,580,R1431,B1431,False,,False,350018
520,580,R1432,B1432,False,,False,373302
520,580,R1433,B1433,True,523.0,True,1158192
520,580,R1434,B1434,True,523.0,True,370178
520,580,R1435,B1435,True,523.0,True,711846
520,580,R1436,B1436,False,,False,356697
520,580,R1437,B1437,True,524.0,True,377810
520,580,R1438,B1438,True,524.0,True,365071
520,580,R1439,B1439,True,527.0,True,365558
520,580,R1440,B1440,True,526.0,True,362057
520,580,R1441,B1441,False,,False,357048
520,580,R1442,B1442,True,525.0,True,365071
520,580,R1443,B1443,True,527.0,True,365558
520,580,R1444,B1444,False,,False,366416
520,580,R1445,B1445,True,526.0,True,772642
520,580,R1446,B1446,True,528.0,True,373060
520,580,R1447,B1447,False,,False,354130
520,580,R1448,B1448,True,526.0,True,740357
520,580,R1449,B1449,False,,False,357160
520,580,R1450,B1450,False,,False,356697
520,580,R1451,B1451,False,,False,366906
520,580,R1452,B1452,False,,False,354130
520,580,R1453,B1453,False,,False,350018
520,580,R1454,B1454,False,,False,357160
520,580,R1455,B1455,True,530.0,True,361580
520,580,R1456,B1456,False,,False,357048
520,580,R1457,B1457,True,530.0,True,365558
520,580,R1458,B1458,True,533.0,True,366906
520,580,R1459,B1459,True,531.0,True,373060
520,580,R1460,B1460,True,530.0,True,362057
520,580,R1461,B1461,True,529.0,True,370178
520,580,R1462,B1462,True,529.0,True,714076
520,580,R1463,B1463,True,533.0,True,361580
520,580,R1464,B1464,False,,False,357160
520,580,R1465,B1465,True,529.0,True,369532
520,580,R1466,B1466,True,529.0,True,386042
520,580,R1467,B1467,True,530.0,True,755620
520,580,R1468,B1468,True,530.0,True,362057
520,580,R1469,B1469,False,,False,356697
520,580,R1470,B1470,False,,False,358827
520,580,R1471,B1471,True,532.0,True,373060
520,580,R1472,B1472,False,,False,356642
520,580,R1473,B1473,True,535.0,True,374842
520,580,R1474,B1474,False,,False,357048
520,580,R1475,B1475,False,,False,357160
520,580,R1476,B1476,True,532.0,True,369532
520,580,R1477,B1477,True,536.0,True,365558
520,580,R1478,B1478,True,532.0,True,366416
520,580,R1479,B1479,False,,False,364900
520,580,R1480,B1480,True,533.0,True,376488
520,580,R1481,B1481,True,535.0,True,362057
520,580,R1482,B1482,True,536.0,True,370178
520,580,R1483,B1483,False,,False,357048
520,580,R1484,B1484,True,534.0,True,369532
520,580,R1485,B1485,True,534.0,True,365558
520,580,R1486,B1486,True,535.0,True,362057
520,580,R1487,B1487,True,534.0,True,711271
520,580,R1488,B1488,True,534.0,True,730142
520,580,R1489,B1489,False,,False,364603
520,580,R1490,B1490,True,535.0,True,365558
520,580,R1491,B1491,False,,False,376750
520,580,R1492,B1492,True,537.0,True,355923
520,580,R1493,B1493,True,536.0,True,373060
520,580,R1494,B1494,True,537.0,True,373926
520,580,R1495,B1495,False,,False,373060
520,580,R1496,B1496,False,,False,334852
520,580,R1497,B1497,False,,False,377810
520,580,R1498,B1498,False,,False,358827
520,580,R1499,B1499,True,542.0,False,386321
520,580,R1500,B1500,False,,False,373060
520,580,R1501,B1501,True,538.0,True,363083
520,580,R1502,B1502,False,,False,356697
520,580,R1503,B1503,False,,False,373060
520,580,R1504,B1504,True,539.0,True,370178
520,580,R1505,B1505,False,,False,357038
520,580,R1506,B1506,False,,False,357160
520,580,R1507,B1507,False,,False,369532
520,580,R1508,B1508,False,,False,354130
520,580,R1509,B1509,True,540.0,False,1110535
520,580,R1510,B1510,False,,False,357160
520,580,R1511,B1511,False,,False,356075
520,580,R1512,B1512,False,,False,347313
520,580,R1513,B1513,True,541.0,False,357111
520,580,R1514,B1514,True,545.0,False,355555
520,580,R1515,B1515,True,543.0,False,350053
520,580,R1516,B1516,True,541.0,False,706428
520,580,R1517,B1517,True,543.0,False,353883
520,580,R1518,B1518,True,542.0,False,351179
520,580,R1519,B1519,True,543.0,False,350053
520,580,R1520,B1520,True,542.0,False,353214
520,580,R1521,B1521,False,,False,347099
520,580,R1522,B1522,True,542.0,False,347574
520,580,R1523,B1523,True,543.0,False,362285
520,580,R1524,B1524,False,,False,344986
520,580,R1525,B1525,True,544.0,False,353214
520,580,R1526,B1526,False,,False,347311
520,580,R1527,B1527,False,,False,351175
520,580,R1528,B1528,False,,False,346835
520,580,R1529,B1529,True,545.0,False,704856
520,580,R1530,B1530,True,549.0,False,355555
520,580,R1531,B1531,True,546.0,False,351179
520,580,R1532,B1532,True,546.0,False,352183
520,580,R1533,B1533,False,,False,347099
520,580,R1534,B1534,True,547.0,False,355776
520,580,R1535,B1535,True,547.0,False,353883
520,580,R1536,B1536,True,549.0,False,1057285
520,580,R1537,B1537,True,547.0,False,353214
520,580,R1538,B1538,True,547.0,False,350935
520,580,R1539,B1539,True,547.0,False,349140
520,580,R1540,B1540,True,548.0,False,714738
520,580,R1541,B1541,True,550.0,False,357111
520,580,R1542,B1542,False,,False,344694
520,580,R1543,B1543,True,550.0,False,355776
520,580,R1544,B1544,True,549.0,False,351179
520,580,R1545,B1545,True,549.0,False,353214
520,580,R1546,B1546,True,550.0,False,355776
520,580,R1547,B1547,True,550.0,False,362285
520,580,R1548,B1548,True,551.0,False,355555
520,580,R1549,B1549,True,550.0,False,350053
520,580,R1550,B1550,False,,False,326176
520,580,R1551,B1551,True,552.0,False,351179
520,580,R1552,B1552,True,553.0,False,353214
520,580,R1553,B1553,True,555.0,False,352183
520,580,R1554,B1554,False,,False,347099
520,580,R1555,B1555,True,554.0,False,381855
520,580,R1556,B1556,True,552.0,False,355146
520,580,R1557,B1557,False,,False,347099
520,580,R1558,B1558,True,553.0,False,362285
520,580,R1559,B1559,False,,False,349291
520,580,R1560,B1560,False,,False,345015
520,580,R1561,B1561,False,,False,344986
520,580,R1562,B1562,True,553.0,False,698280
520,580,R1563,B1563,True,554.0,False,355776
520,580,R1564,B1564,False,,False,356605
520,580,R1565,B1565,True,554.0,False,355555
520,580,R1566,B1566,True,555.0,False,351179
520,580,R1567,B1567,True,555.0,False,352428
520,580,R1568,B1568,False,,False,347194
520,580,R1569,B1569,True,556.0,False,349140
520,580,R1570,B1570,False,,False,347099
520,580,R1571,B1571,False,,False,347205
520,580,R1572,B1572,True,555.0,False,353441
520,580,R1573,B1573,False,,False,345015
520,580,R1574,B1574,True,561.0,False,347574
520,580,R1575,B1575,False,,False,347205
520,580,R1576,B1576,False,,False,346931
520,580,R1577,B1577,True,558.0,False,362285
520,580,R1578,B1578,True,557.0,False,350053
520,580,R1579,B1579,True,562.0,False,344986
520,580,R1580,B1580,True,558.0,False,355776
520,580,R1581,B1581,True,558.0,False,1066665
520,580,R1582,B1582,True,558.0,False,347574
520,580,R1583,B1583,True,559.0,False,356038
520,580,R1584,B1584,True,560.0,False,350053
520,580,R1585,B1585,True,559.0,False,353214
520,580,R1586,B1586,False,,False,344986
520,580,R1587,B1587,False,,False,356605
520,580,R1588,B1588,True,560.0,False,352183
520,580,R1589,B1589,True,561.0,False,711110
520,580,R1590,B1590,True,560.0,False,353214
520,580,R1591,B1591,True,565.0,False,346523
520,580,R1592,B1592,False,,False,344842
520,580,R1593,B1593,True,560.0,False,349140
520,580,R1594,B1594,True,561.0,False,338050
520,580,R1595,B1595,True,561.0,False,338050
520,580,R1596,B1596,False,,False,335800
520,580,R1597,B1597,True,562.0,False,336800
520,580,R1598,B1598,True,562.0,False,676600
520,580,R1599,B1599,True,562.0,False,335800
520,580,R1600,B1600,True,562.0,False,338400
520,580,R1601,B1601,True,562.0,False,673600
520,580,R1602,B1602,True,566.0,False,338050
520,580,R1603,B1603,True,563.0,False,336250
520,580,R1604,B1604,False,,False,334050
520,580,R1605,B1605,True,564.0,False,1014150
520,580,R1606,B1606,True,564.0,False,338050
520,580,R1607,B1607,True,564.0,False,336250
520,580,R1608,B1608,True,567.0,False,337350
520,580,R1609,B1609,False,,False,334050
520,580,R1610,B1610,False,,False,337250
520,580,R1611,B1611,False,,False,337250
520,580,R1612,B1612,True,565.0,False,338050
520,580,R1613,B1613,False,,False,337350
520,580,R1614,B1614,False,,False,337250
520,580,R1615,B1615,True,567.0,False,338250
520,580,R1616,B1616,True,566.0,False,675900
520,580,R1617,B1617,False,,False,334050
520,580,R1618,B1618,True,567.0,False,335800
520,580,R1619,B1619,False,,False,337350
520,580,R1620,B1620,False,,False,335500
520,580,R1621,B1621,True,572.0,False,334050
520,580,R1622,B1622,True,568.0,False,335400
520,580,R1623,B1623,True,568.0,False,338050
520,580,R1624,B1624,True,572.0,False,338250
520,580,R1625,B1625,True,568.0,False,336250
520,580,R1626,B1626,True,572.0,False,337350
520,580,R1627,B1627,True,568.0,False,336300
520,580,R1628,B1628,False,,False,322250
520,580,R1629,B1629,True,569.0,False,672500
520,580,R1630,B1630,False,,False,337250
520,580,R1631,B1631,True,571.0,False,338050
520,580,R1632,B1632,False,,False,334500
520,580,R1633,B1633,True,570.0,False,336700
520,580,R1634,B1634,False,,False,337250
520,580,R1635,B1635,False,,False,322250
520,580,R1636,B1636,True,571.0,False,675900
520,580,R1637,B1637,True,571.0,False,337450
520,580,R1638,B1638,False,,False,337250
520,580,R1639,B1639,False,,False,322250
520,580,R1640,B1640,False,,False,337250
520,580,R1641,B1641,True,572.0,False,338300
520,580,R1642,B1642,True,572.0,False,336800
520,580,R1643,B1643,True,572.0,False,336250
520,580,R1644,B1644,True,573.0,False,336700
520,580,R1645,B1645,True,574.0,False,338250
520,580,R1646,B1646,True,573.0,False,337950
520,580,R1647,B1647,True,574.0,False,675900
520,580,R1648,B1648,True,574.0,False,676100
520,580,R1649,B1649,True,574.0,False,676100
520,580,R1650,B1650,True,576.0,False,331000
520,580,R1651,B1651,True,578.0,False,332700
520,580,R1652,B1652,True,575.0,False,338250
520,580,R1653,B1653,True,579.0,False,337350
520,580,R1654,B1654,True,576.0,False,337950
520,580,R1655,B1655,True,580.0,False,335500
520,580,R1656,B1656,True,576.0,False,338250
520,580,R1657,B1657,True,578.0,False,338150
520,580,R1658,B1658,False,,False,337250
520,580,R1659,B1659,True,578.0,False,676500
520,580,R1660,B1660,True,578.0,False,336250
520,580,R1661,B1661,True,578.0,False,334050
520,580,R1662,B1662,True,580.0,False,336700
520,580,R1663,B1663,False,,False,337250
520,580,R1664,B1664,True,579.0,False,338400
520,580,R1665,B1665,True,579.0,False,676100
520,580,R1666,B1666,True,579.0,False,334050
520,580,R1667,B1667,True,579.0,False,336800
520,580,R1668,B1668,True,579.0,False,673400
520,580,R1669,B1669,True,580.0,False,337950
520,580,R1670,B1670,True,580.0,False,338050
520,580,R1671,B1671,True,580.0,False,336250
540,600,R1390,B1390,False,,False,459068
540,600,R1405,B1405,False,,False,463877
540,600,R1412,B1412,False,,False,481746
540,600,R1415,B1415,False,,False,496340
540,600,R1417,B1417,False,,False,674682
540,600,R1423,B1423,False,,False,583500
540,600,R1424,B1424,False,,False,467500
540,600,R1425,B1425,False,,False,502154
540,600,R1429,B1429,False,,False,456885
540,600,R1430,B1430,False,,False,502154
540,600,R1431,B1431,False,,False,404334
540,600,R1436,B1436,False,,False,424764
540,600,R1441,B1441,False,,False,426694
540,600,R1444,B1444,False,,False,508746
540,600,R1447,B1447,False,,False,417938
540,600,R1449,B1449,False,,False,426848
540,600,R1450,B1450,False,,False,395593
540,600,R1451,B1451,False,,False,511691
540,600,R1452,B1452,False,,False,417938
540,600,R1453,B1453,False,,False,381056
540,600,R1454,B1454,False,,False,396982
540,600,R1456,B1456,False,,False,396846
540,600,R1464,B1464,False,,False,396982
540,600,R1469,B1469,False,,False,366421
540,600,R1470,B1470,False,,False,439425
540,600,R1472,B1472,False,,False,402726
540,600,R1474,B1474,False,,False,366998
540,600,R1475,B1475,False,,False,396982
540,600,R1479,B1479,False,,False,419802
540,600,R1483,B1483,False,,False,366998
540,600,R1489,B1489,False,,False,421010
540,600,R1491,B1491,False,,False,397425
540,600,R1495,B1495,False,,False,443081
540,600,R1496,B1496,False,,False,343529
540,600,R1497,B1497,False,,False,399015
540,600,R1498,B1498,False,,False,370341
540,600,R1499,B1499,False,,False,482464
540,600,R1500,B1500,True,543.0,True,443081
540,600,R1502,B1502,False,,False,366421
540,600,R1503,B1503,False,,False,443081
540,600,R1505,B1505,False,,False,366882
540,600,R1506,B1506,False,,False,367116
540,600,R1507,B1507,False,,False,385624
540,600,R1508,B1508,False,,False,363246
540,600,R1509,B1509,True,540.0,True,1314107
540,600,R1510,B1510,False,,False,367116
540,600,R1511,B1511,False,,False,376750
540,600,R1512,B1512,False,,False,358827
540,600,R1513,B1513,True,545.0,True,413244
540,600,R1514,B1514,False,,False,373060
540,600,R1515,B1515,True,543.0,True,386064
540,600,R1516,B1516,True,541.0,True,808214
540,600,R1517,B1517,True,542.0,True,400633
540,600,R1518,B1518,False,,False,365558
540,600,R1519,B1519,False,,False,386064
540,600,R1520,B1520,False,,False,404107
540,600,R1521,B1521,False,,False,357048
540,600,R1522,B1522,True,542.0,True,357898
540,600,R1523,B1523,True,547.0,True,386321
540,600,R1524,B1524,False,,False,355923
540,600,R1525,B1525,True,544.0,True,370178
540,600,R1526,B1526,False,,False,357272
540,600,R1527,B1527,False,,False,364900
540,600,R1528,B1528,False,,False,358171
540,600,R1529,B1529,True,547.0,True,733813
540,600,R1530,B1530,True,547.0,True,373060
540,600,R1531,B1531,True,548.0,True,365558
540,600,R1532,B1532,True,546.0,True,366416
540,600,R1533,B1533,False,,False,357048
540,600,R1534,B1534,True,547.0,True,373302
540,600,R1535,B1535,True,547.0,True,369466
540,600,R1536,B1536,True,549.0,True,1100720
540,600,R1537,B1537,True,547.0,True,370178
540,600,R1538,B1538,True,547.0,True,365071
540,600,R1539,B1539,True,547.0,True,361580
540,600,R1540,B1540,True,548.0,True,752977
540,600,R1541,B1541,True,548.0,True,375822
540,600,R1542,B1542,False,,False,354188
540,600,R1543,B1543,True,549.0,True,373302
540,600,R1544,B1544,True,549.0,True,365558
540,600,R1545,B1545,True,551.0,True,370178
540,600,R1546,B1546,True,554.0,True,373302
540,600,R1547,B1547,True,551.0,True,386321
540,600,R1548,B1548,True,550.0,True,373060
540,600,R1549,B1549,True,550.0,True,362057
540,600,R1550,B1550,False,,False,334852
540,600,R1551,B1551,True,551.0,True,365558
540,600,R1552,B1552,True,553.0,True,370178
540,600,R1553,B1553,True,556.0,True,366416
540,600,R1554,B1554,False,,False,357048
540,600,R1555,B1555,True,554.0,True,427911
540,600,R1556,B1556,True,556.0,True,374842
540,600,R1557,B1557,False,,False,357048
540,600,R1558,B1558,True,557.0,True,386321
540,600,R1559,B1559,False,,False,363083
540,600,R1560,B1560,False,,False,354130
540,600,R1561,B1561,True,553.0,True,355923
540,600,R1562,B1562,True,553.0,True,723161
540,600,R1563,B1563,True,556.0,True,373302
540,600,R1564,B1564,False,,False,377810
540,600,R1565,B1565,True,554.0,True,373060
540,600,R1566,B1566,True,555.0,True,365558
540,600,R1567,B1567,True,555.0,True,366906
540,600,R1568,B1568,False,,False,357038
540,600,R1569,B1569,True,556.0,True,361580
540,600,R1570,B1570,False,,False,357048
540,600,R1571,B1571,False,,False,357160
540,600,R1572,B1572,True,555.0,True,369532
540,600,R1573,B1573,False,,False,354130
540,600,R1574,B1574,False,,False,357898
540,600,R1575,B1575,False,,False,357160
540,600,R1576,B1576,False,,False,357463
540,600,R1577,B1577,True,557.0,True,386321
540,600,R1578,B1578,True,557.0,True,362057
540,600,R1579,B1579,True,557.0,True,355923
540,600,R1580,B1580,True,558.0,True,373302
540,600,R1581,B1581,True,558.0,True,1119181
540,600,R1582,B1582,False,,False,357898
540,600,R1583,B1583,True,562.0,False,373926
540,600,R1584,B1584,True,559.0,True,362057
540,600,R1585,B1585,True,559.0,True,370178
540,600,R1586,B1586,False,,False,355923
540,600,R1587,B1587,False,,False,377810
540,600,R1588,B1588,True,560.0,False,366416
540,600,R1589,B1589,True,563.0,False,746120
540,600,R1590,B1590,True,560.0,False,370178
540,600,R1591,B1591,True,562.0,False,359696
540,600,R1592,B1592,False,,False,355635
540,600,R1593,B1593,True,560.0,False,361580
540,600,R1594,B1594,True,561.0,False,355555
540,600,R1595,B1595,True,561.0,False,350053
540,600,R1596,B1596,True,561.0,False,381855
540,600,R1597,B1597,True,562.0,False,350935
540,600,R1598,B1598,True,562.0,False,707766
540,600,R1599,B1599,True,562.0,False,384564
540,600,R1600,B1600,True,563.0,False,357111
540,600,R1601,B1601,True,562.0,False,701871
540,600,R1602,B1602,True,563.0,False,350053
540,600,R1603,B1603,True,563.0,False,353214
540,600,R1604,B1604,False,,False,344986
540,600,R1605,B1605,True,564.0,False,1066665
540,600,R1606,B1606,True,567.0,False,350053
540,600,R1607,B1607,True,565.0,False,353214
540,600,R1608,B1608,True,564.0,False,347311
540,600,R1609,B1609,False,,False,344842
540,600,R1610,B1610,False,,False,347574
540,600,R1611,B1611,False,,False,347205
540,600,R1612,B1612,True,567.0,False,350053
540,600,R1613,B1613,False,,False,347194
540,600,R1614,B1614,False,,False,347448
540,600,R1615,B1615,True,567.0,False,355776
540,600,R1616,B1616,True,566.0,False,704366
540,600,R1617,B1617,False,,False,344842
540,600,R1618,B1618,True,567.0,False,347313
540,600,R1619,B1619,False,,False,347194
540,600,R1620,B1620,False,,False,346835
540,600,R1621,B1621,False,,False,344986
540,600,R1622,B1622,False,,False,356605
540,600,R1623,B1623,True,572.0,False,355555
540,600,R1624,B1624,True,572.0,False,356148
540,600,R1625,B1625,True,570.0,False,353214
540,600,R1626,B1626,True,568.0,False,347311
540,600,R1627,B1627,True,568.0,False,346565
540,600,R1628,B1628,False,,False,331101
540,600,R1629,B1629,True,569.0,False,706428
540,600,R1630,B1630,False,,False,347205
540,600,R1631,B1631,True,574.0,False,355555
540,600,R1632,B1632,False,,False,342259
540,600,R1633,B1633,True,570.0,False,349140
540,600,R1634,B1634,False,,False,347574
540,600,R1635,B1635,False,,False,331101
540,600,R1636,B1636,True,571.0,False,704856
540,600,R1637,B1637,False,,False,351175
540,600,R1638,B1638,False,,False,347448
540,600,R1639,B1639,False,,False,331101
540,600,R1640,B1640,False,,False,347205
540,600,R1641,B1641,True,572.0,False,353883
540,600,R1642,B1642,True,572.0,False,351179
540,600,R1643,B1643,True,572.0,False,353214
540,600,R1644,B1644,True,572.0,False,349140
540,600,R1645,B1645,True,573.0,False,355776
540,600,R1646,B1646,True,573.0,False,353218
540,600,R1647,B1647,True,574.0,False,704366
540,600,R1648,B1648,True,574.0,False,711110
540,600,R1649,B1649,True,574.0,False,700107
540,600,R1650,B1650,False,,False,341320
540,600,R1651,B1651,False,,False,340598
540,600,R1652,B1652,True,575.0,False,355776
540,600,R1653,B1653,False,,False,347194
540,600,R1654,B1654,True,576.0,False,353218
540,600,R1655,B1655,True,576.0,False,349291
540,600,R1656,B1656,True,576.0,False,356148
540,600,R1657,B1657,True,577.0,False,356038
540,600,R1658,B1658,False,,False,347205
540,600,R1659,B1659,True,578.0,False,711552
540,600,R1660,B1660,True,578.0,False,353214
540,600,R1661,B1661,False,,False,344842
540,600,R1662,B1662,True,578.0,False,349140
540,600,R1663,B1663,False,,False,347205
540,600,R1664,B1664,True,583.0,False,357111
540,600,R1665,B1665,True,579.0,False,700107
540,600,R1666,B1666,True,580.0,False,344986
540,600,R1667,B1667,True,583.0,False,350935
540,600,R1668,B1668,True,579.0,False,698280
540,600,R1669,B1669,True,580.0,False,352183
540,600,R1670,B1670,True,581.0,False,355555
540,600,R1671,B1671,True,580.0,False,353214
540,600,R1672,B1672,True,583.0,False,337950
540,600,R1673,B1673,False,,False,317500
540,600,R1674,B1674,False,,False,334050
540,600,R1675,B1675,True,583.0,False,338050
540,600,R1676,B1676,True,583.0,False,335500
540,600,R1677,B1677,True,584.0,False,676100
540,600,R1678,B1678,False,,False,337250
540,600,R1679,B1679,False,,False,337250
540,600,R1680,B1680,True,586.0,False,338250
540,600,R1681,B1681,False,,False,335900
540,600,R1682,B1682,True,585.0,False,336250
540,600,R1683,B1683,True,587.0,False,336700
540,600,R1684,B1684,False,,False,336300
540,600,R1685,B1685,True,586.0,False,338050
540,600,R1686,B1686,True,586.0,False,338050
540,600,R1687,B1687,True,588.0,False,334050
540,600,R1688,B1688,False,,False,336200
540,600,R1689,B1689,True,589.0,False,338250
540,600,R1690,B1690,True,592.0,False,338050
540,600,R1691,B1691,True,587.0,False,334050
540,600,R1692,B1692,False,,False,327450
540,600,R1693,B1693,True,588.0,False,335800
540,600,R1694,B1694,True,592.0,False,338250
540,600,R1695,B1695,True,588.0,False,336250
540,600,R1696,B1696,True,588.0,False,335500
540,600,R1697,B1697,True,588.0,False,334050
540,600,R1698,B1698,True,588.0,False,329000
540,600,R1699,B1699,True,589.0,False,338400
540,600,R1700,B1700,True,589.0,False,338250
540,600,R1701,B1701,True,589.0,False,338250
540,600,R1702,B1702,True,589.0,False,336250
540,600,R1703,B1703,True,591.0,False,334050
540,600,R1704,B1704,True,589.0,False,336700
540,600,R1705,B1705,True,591.0,False,338250
540,600,R1706,B1706,True,590.0,False,336700
540,600,R1707,B1707,True,595.0,False,336300
540,600,R1708,B1708,False,,False,337350
540,600,R1709,B1709,True,591.0,False,338250
540,600,R1710,B1710,True,596.0,False,338050
540,600,R1711,B1711,True,594.0,False,337350
540,600,R1712,B1712,True,591.0,False,337150
540,600,R1713,B1713,True,593.0,False,334050
540,600,R1714,B1714,True,591.0,False,673600
540,600,R1715,B1715,False,,False,337250
540,600,R1716,B1716,True,592.0,False,672500
540,600,R1717,B1717,True,595.0,False,336300
540,600,R1718,B1718,True,592.0,False,674500
540,600,R1719,B1719,False,,False,337250
540,600,R1720,B1720,True,594.0,False,338250
540,600,R1721,B1721,True,593.0,False,338250
540,600,R1722,B1722,True,597.0,False,338050
540,600,R1723,B1723,True,593.0,False,336250
540,600,R1724,B1724,True,595.0,False,674500
540,600,R1725,B1725,False,,False,337350
540,600,R1726,B1726,False,,False,317500
540,600,R1727,B1727,True,596.0,False,338300
540,600,R1728,B1728,False,,False,337250
540,600,R1729,B1729,True,594.0,False,335500
540,600,R1730,B1730,True,595.0,False,334050
540,600,R1731,B1731,True,594.0,False,336400
540,600,R1732,B1732,False,,False,337250
540,600,R1733,B1733,True,596.0,False,338250
540,600,R1734,B1734,True,595.0,False,337950
540,600,R1735,B1735,False,,False,335900
540,600,R1736,B1736,True,595.0,False,336250
540,600,R1737,B1737,True,598.0,False,329300
540,600,R1738,B1738,False,,False,336200
540,600,R1739,B1739,True,598.0,False,673400
540,600,R1740,B1740,False,,False,337250
540,600,R1741,B1741,True,597.0,False,338050
540,600,R1742,B1742,True,597.0,False,338250
540,600,R1743,B1743,True,597.0,False,336250
540,600,R1744,B1744,True,599.0,False,337350
540,600,R1745,B1745,False,,False,337250
540,600,R1746,B1746,True,600.0,False,338250
540,600,R1747,B1747,True,598.0,False,336250
540,600,R1748,B1748,True,599.0,False,333350
540,600,R1749,B1749,False,,False,336200
540,600,R1750,B1750,False,,False,337350
540,600,R1751,B1751,True,599.0,False,335400
540,600,R1752,B1752,True,599.0,False,675900
540,600,R1753,B1753,False,,False,337250
540,600,R1754,B1754,True,600.0,False,338050
540,600,R1755,B1755,False,,False,337150
540,600,R1756,B1756,False,,False,337250
560,620,R1496,B1496,False,,False,456323
560,620,R1497,B1497,False,,False,674682
560,620,R1502,B1502,False,,False,492831
560,620,R1505,B1505,False,,False,494855
560,620,R1506,B1506,False,,False,496535
560,620,R1508,B1508,False,,False,481746
560,620,R1510,B1510,False,,False,496535
560,620,R1511,B1511,False,,False,583500
560,620,R1521,B1521,False,,False,426694
560,620,R1524,B1524,False,,False,465290
560,620,R1526,B1526,False,,False,427001
560,620,R1527,B1527,False,,False,502154
560,620,R1528,B1528,False,,False,471527
560,620,R1533,B1533,False,,False,426694
560,620,R1542,B1542,False,,False,392165
560,620,R1550,B1550,False,,False,343529
560,620,R1554,B1554,False,,False,366998
560,620,R1557,B1557,False,,False,366998
560,620,R1559,B1559,False,,False,459625
560,620,R1560,B1560,False,,False,390592
560,620,R1564,B1564,False,,False,399015
560,620,R1568,B1568,False,,False,366882
560,620,R1570,B1570,False,,False,366998
560,620,R1571,B1571,False,,False,367116
560,620,R1573,B1573,False,,False,363246
560,620,R1574,B1574,False,,False,368222
560,620,R1575,B1575,False,,False,367116
560,620,R1576,B1576,False,,False,367994
560,620,R1582,B1582,False,,False,368222
560,620,R1583,B1583,True,560.0,True,445479
560,620,R1586,B1586,False,,False,366860
560,620,R1587,B1587,False,,False,399015
560,620,R1588,B1588,False,,False,423348
560,620,R1589,B1589,True,565.0,True,781131
560,620,R1590,B1590,True,560.0,True,438035
560,620,R1591,B1591,False,,False,372870
560,620,R1592,B1592,False,,False,366428
560,620,R1593,B1593,True,562.0,True,411341
560,620,R1594,B1594,True,561.0,True,373060
560,620,R1595,B1595,True,561.0,True,386064
560,620,R1596,B1596,False,,False,520022
560,620,R1597,B1597,True,564.0,True,393342
560,620,R1598,B1598,True,562.0,True,801266
560,620,R1599,B1599,True,562.0,True,530858
560,620,R1600,B1600,True,565.0,True,413244
560,620,R1601,B1601,True,562.0,True,730142
560,620,R1602,B1602,True,566.0,True,386064
560,620,R1603,B1603,True,563.0,True,370178
560,620,R1604,B1604,False,,False,355923
560,620,R1605,B1605,True,564.0,True,1119181
560,620,R1606,B1606,True,564.0,True,362057
560,620,R1607,B1607,True,564.0,True,370178
560,620,R1608,B1608,True,567.0,True,357272
560,620,R1609,B1609,False,,False,355635
560,620,R1610,B1610,False,,False,357898
560,620,R1611,B1611,False,,False,357160
560,620,R1612,B1612,True,566.0,True,362057
560,620,R1613,B1613,False,,False,357038
560,620,R1614,B1614,False,,False,357646
560,620,R1615,B1615,True,566.0,True,373302
560,620,R1616,B1616,True,566.0,True,732832
560,620,R1617,B1617,False,,False,355635
560,620,R1618,B1618,True,567.0,True,358827
560,620,R1619,B1619,False,,False,357038
560,620,R1620,B1620,False,,False,358171
560,620,R1621,B1621,True,572.0,True,355923
560,620,R1622,B1622,False,,False,377810
560,620,R1623,B1623,True,572.0,True,373060
560,620,R1624,B1624,True,569.0,True,374047
560,620,R1625,B1625,True,568.0,True,370178
560,620,R1626,B1626,False,,False,357272
560,620,R1627,B1627,True,568.0,True,356830
560,620,R1628,B1628,False,,False,339953
560,620,R1629,B1629,True,572.0,True,740357
560,620,R1630,B1630,False,,False,357160
560,620,R1631,B1631,True,572.0,True,373060
560,620,R1632,B1632,False,,False,350018
560,620,R1633,B1633,True,570.0,True,361580
560,620,R1634,B1634,False,,False,357898
560,620,R1635,B1635,False,,False,339953
560,620,R1636,B1636,True,571.0,True,733813
560,620,R1637,B1637,True,571.0,True,364900
560,620,R1638,B1638,False,,False,357646
560,620,R1639,B1639,False,,False,339953
560,620,R1640,B1640,False,,False,357160
560,620,R1641,B1641,True,572.0,True,369466
560,620,R1642,B1642,True,572.0,True,365558
560,620,R1643,B1643,True,573.0,True,370178
560,620,R1644,B1644,True,572.0,True,361580
560,620,R1645,B1645,True,577.0,True,373302
560,620,R1646,B1646,True,573.0,True,368486
560,620,R1647,B1647,True,574.0,True,732832
560,620,R1648,B1648,True,575.0,True,746120
560,620,R1649,B1649,True,574.0,True,724114
560,620,R1650,B1650,False,,False,351641
560,620,R1651,B1651,False,,False,348496
560,620,R1652,B1652,True,575.0,True,373302
560,620,R1653,B1653,False,,False,357038
560,620,R1654,B1654,True,576.0,True,368486
560,620,R1655,B1655,True,576.0,True,363083
560,620,R1656,B1656,True,576.0,True,374047
560,620,R1657,B1657,True,577.0,True,373926
560,620,R1658,B1658,False,,False,357160
560,620,R1659,B1659,True,578.0,True,746604
560,620,R1660,B1660,True,581.0,False,370178
560,620,R1661,B1661,False,,False,355635
560,620,R1662,B1662,True,578.0,True,361580
560,620,R1663,B1663,False,,False,357160
560,620,R1664,B1664,True,582.0,False,375822
560,620,R1665,B1665,True,579.0,True,724114
560,620,R1666,B1666,True,579.0,True,355923
560,620,R1667,B1667,True,579.0,True,365071
560,620,R1668,B1668,True,581.0,False,723161
560,620,R1669,B1669,True,580.0,False,366416
560,620,R1670,B1670,True,581.0,False,373060
560,620,R1671,B1671,True,580.0,False,370178
560,620,R1672,B1672,True,583.0,False,352428
560,620,R1673,B1673,False,,False,326176
560,620,R1674,B1674,False,,False,344842
560,620,R1675,B1675,True,583.0,False,355555
560,620,R1676,B1676,True,585.0,False,349291
560,620,R1677,B1677,True,584.0,False,700107
560,620,R1678,B1678,False,,False,347574
560,620,R1679,B1679,False,,False,347205
560,620,R1680,B1680,True,586.0,False,362285
560,620,R1681,B1681,False,,False,345015
560,620,R1682,B1682,True,585.0,False,353214
560,620,R1683,B1683,True,585.0,False,349140
560,620,R1684,B1684,False,,False,351988
560,620,R1685,B1685,True,586.0,False,355555
560,620,R1686,B1686,True,586.0,False,354208
560,620,R1687,B1687,False,,False,344842
560,620,R1688,B1688,False,,False,345433
560,620,R1689,B1689,True,587.0,False,362285
560,620,R1690,B1690,True,587.0,False,355555
560,620,R1691,B1691,True,587.0,False,344986
560,620,R1692,B1692,False,,False,340355
560,620,R1693,B1693,False,,False,347313
560,620,R1694,B1694,True,588.0,False,362285
560,620,R1695,B1695,True,588.0,False,353214
560,620,R1696,B1696,False,,False,346835
560,620,R1697,B1697,False,,False,344842
560,620,R1698,B1698,False,,False,341619
560,620,R1699,B1699,True,589.0,False,357111
560,620,R1700,B1700,True,590.0,False,362285
560,620,R1701,B1701,True,589.0,False,356148
560,620,R1702,B1702,True,589.0,False,353214
560,620,R1703,B1703,True,589.0,False,344986
560,620,R1704,B1704,True,589.0,False,349140
560,620,R1705,B1705,True,591.0,False,356148
560,620,R1706,B1706,True,592.0,False,349140
560,620,R1707,B1707,True,590.0,False,346565
560,620,R1708,B1708,True,590.0,False,353441
560,620,R1709,B1709,True,594.0,False,355776
560,620,R1710,B1710,True,591.0,False,355555
560,620,R1711,B1711,False,,False,347194
560,620,R1712,B1712,True,592.0,False,347099
560,620,R1713,B1713,False,,False,344986
560,620,R1714,B1714,True,591.0,False,701871
560,620,R1715,B1715,False,,False,347205
560,620,R1716,B1716,True,592.0,False,706428
560,620,R1717,B1717,True,593.0,False,346565
560,620,R1718,B1718,True,592.0,False,695148
560,620,R1719,B1719,False,,False,347205
560,620,R1720,B1720,True,593.0,False,355776
560,620,R1721,B1721,True,593.0,False,357369
560,620,R1722,B1722,True,594.0,False,355555
560,620,R1723,B1723,True,593.0,False,353214
560,620,R1724,B1724,True,595.0,False,694896
560,620,R1725,B1725,False,,False,353441
560,620,R1726,B1726,False,,False,326176
560,620,R1727,B1727,True,594.0,False,353883
560,620,R1728,B1728,False,,False,346973
560,620,R1729,B1729,False,,False,346835
560,620,R1730,B1730,False,,False,344842
560,620,R1731,B1731,True,594.0,False,355309
560,620,R1732,B1732,False,,False,347205
560,620,R1733,B1733,True,596.0,False,357369
560,620,R1734,B1734,True,595.0,False,352428
560,620,R1735,B1735,False,,False,345015
560,620,R1736,B1736,True,595.0,False,353214
560,620,R1737,B1737,False,,False,341942
560,620,R1738,B1738,False,,False,345433
560,620,R1739,B1739,True,596.0,False,698280
560,620,R1740,B1740,False,,False,347205
560,620,R1741,B1741,True,597.0,False,355555
560,620,R1742,B1742,True,597.0,False,356148
560,620,R1743,B1743,True,597.0,False,353214
560,620,R1744,B1744,False,,False,347194
560,620,R1745,B1745,False,,False,347448
560,620,R1746,B1746,True,602.0,False,356148
560,620,R1747,B1747,True,598.0,False,353214
560,620,R1748,B1748,False,,False,346523
560,620,R1749,B1749,False,,False,345433
560,620,R1750,B1750,False,,False,353441
560,620,R1751,B1751,False,,False,356075
560,620,R1752,B1752,True,599.0,False,704856
560,620,R1753,B1753,False,,False,346973
560,620,R1754,B1754,True,600.0,False,350053
560,620,R1755,B1755,False,,False,347099
560,620,R1756,B1756,False,,False,347574
560,620,R1757,B1757,True,601.0,False,338300
560,620,R1758,B1758,False,,False,335200
560,620,R1759,B1759,False,,False,337350
560,620,R1760,B1760,False,,False,336200
560,620,R1761,B1761,False,,False,337250
560,620,R1762,B1762,False,,False,335800
560,620,R1763,B1763,True,604.0,False,338250
560,620,R1764,B1764,False,,False,337350
560,620,R1765,B1765,True,605.0,False,335500
560,620,R1766,B1766,False,,False,336200
560,620,R1767,B1767,False,,False,337250
560,620,R1768,B1768,False,,False,317500
560,620,R1769,B1769,True,603.0,False,675900
560,620,R1770,B1770,False,,False,335900
560,620,R1771,B1771,False,,False,337350
560,620,R1772,B1772,False,,False,334050
560,620,R1773,B1773,True,603.0,False,336700
560,620,R1774,B1774,True,604.0,False,338150
560,620,R1775,B1775,True,604.0,False,337950
560,620,R1776,B1776,True,604.0,False,338050
560,620,R1777,B1777,False,,False,336400
560,620,R1778,B1778,True,605.0,False,338050
560,620,R1779,B1779,False,,False,336200
560,620,R1780,B1780,False,,False,337250
560,620,R1781,B1781,True,607.0,False,675900
560,620,R1782,B1782,True,606.0,False,336700
560,620,R1783,B1783,False,,False,336200
560,620,R1784,B1784,True,607.0,False,338250
560,620,R1785,B1785,True,607.0,False,337950
560,620,R1786,B1786,True,607.0,False,338250
560,620,R1787,B1787,True,609.0,False,338050
560,620,R1788,B1788,True,607.0,False,336250
560,620,R1789,B1789,True,607.0,False,336250
560,620,R1790,B1790,True,607.0,False,335800
560,620,R1791,B1791,True,607.0,False,336400
560,620,R1792,B1792,False,,False,337350
560,620,R1793,B1793,True,608.0,False,336800
560,620,R1794,B1794,True,608.0,False,336700
560,620,R1795,B1795,True,608.0,False,333600
560,620,R1796,B1796,True,609.0,False,335800
560,620,R1797,B1797,True,609.0,False,672500
560,620,R1798,B1798,True,612.0,False,676100
560,620,R1799,B1799,True,610.0,False,672500
560,620,R1800,B1800,True,610.0,False,337450
560,620,R1801,B1801,True,610.0,False,336700
560,620,R1802,B1802,False,,False,336300
560,620,R1803,B1803,True,612.0,False,336200
560,620,R1804,B1804,False,,False,337250
560,620,R1805,B1805,True,612.0,False,338400
560,620,R1806,B1806,True,612.0,False,336400
560,620,R1807,B1807,True,612.0,False,1346800
560,620,R1808,B1808,True,617.0,False,335400
560,620,R1809,B1809,True,613.0,False,338250
560,620,R1810,B1810,True,613.0,False,337350
560,620,R1811,B1811,True,613.0,False,334050
560,620,R1812,B1812,False,,False,335400
560,620,R1813,B1813,True,614.0,False,338150
560,620,R1814,B1814,True,614.0,False,338050
560,620,R1815,B1815,True,618.0,False,335500
560,620,R1816,B1816,True,615.0,False,338400
560,620,R1817,B1817,True,615.0,False,338050
560,620,R1818,B1818,False,,False,334500
560,620,R1819,B1819,True,616.0,False,338250
560,620,R1820,B1820,True,616.0,False,337950
560,620,R1821,B1821,True,616.0,False,338250
560,620,R1822,B1822,True,618.0,False,338050
560,620,R1823,B1823,True,616.0,False,337950
560,620,R1824,B1824,True,616.0,False,336700
560,620,R1825,B1825,True,616.0,False,333600
560,620,R1826,B1826,False,,False,337250
560,620,R1827,B1827,True,618.0,False,336800
560,620,R1828,B1828,True,617.0,False,676100
560,620,R1829,B1829,True,617.0,False,334050
560,620,R1830,B1830,False,,False,337250
560,620,R1831,B1831,True,619.0,False,337950
560,620,R1832,B1832,True,620.0,False,336250
560,620,R1833,B1833,True,618.0,False,336250
560,620,R1834,B1834,True,618.0,False,668100
560,620,R1835,B1835,True,619.0,False,338250
560,620,R1836,B1836,True,619.0,False,337950
560,620,R1837,B1837,True,619.0,False,338250
560,620,R1838,B1838,True,619.0,False,336250
560,620,R1839,B1839,True,620.0,False,338250
560,620,R1840,B1840,True,620.0,False,338050
560,620,R1841,B1841,True,620.0,False,1014150
560,620,R1842,B1842,True,620.0,False,335500
560,620,R1843,B1843,True,620.0,False,334050
560,620,R1844,B1844,False,,False,337250
580,640,R1570,B1570,False,,False,496340
580,640,R1574,B1574,False,,False,502435
580,640,R1575,B1575,False,,False,496535
580,640,R1582,B1582,False,,False,502435
580,640,R1587,B1587,False,,False,674682
580,640,R1604,B1604,False,,False,465290
580,640,R1609,B1609,False,,False,463563
580,640,R1610,B1610,False,,False,430166
580,640,R1611,B1611,False,,False,426848
580,640,R1613,B1613,False,,False,425947
580,640,R1614,B1614,False,,False,429033
580,640,R1617,B1617,False,,False,463563
580,640,R1619,B1619,False,,False,425947
580,640,R1620,B1620,False,,False,471527
580,640,R1622,B1622,False,,False,526246
580,640,R1626,B1626,False,,False,397117
580,640,R1628,B1628,False,,False,348805
580,640,R1630,B1630,False,,False,396982
580,640,R1632,B1632,False,,False,357778
580,640,R1634,B1634,False,,False,399194
580,640,R1635,B1635,False,,False,348805
580,640,R1638,B1638,False,,False,398439
580,640,R1639,B1639,False,,False,348805
580,640,R1640,B1640,False,,False,367116
580,640,R1650,B1650,False,,False,361961
580,640,R1651,B1651,False,,False,356394
580,640,R1653,B1653,False,,False,366882
580,640,R1658,B1658,False,,False,367116
580,640,R1660,B1660,True,580.0,True,438035
580,640,R1661,B1661,False,,False,366428
580,640,R1663,B1663,False,,False,367116
580,640,R1664,B1664,True,583.0,True,450666
580,640,R1668,B1668,True,581.0,True,822683
580,640,R1669,B1669,True,580.0,True,423348
580,640,R1670,B1670,True,583.0,True,390565
580,640,R1671,B1671,True,580.0,True,438035
580,640,R1672,B1672,True,583.0,True,366906
580,640,R1673,B1673,False,,False,334852
580,640,R1674,B1674,False,,False,355635
580,640,R1675,B1675,True,588.0,True,373060
580,640,R1676,B1676,True,586.0,True,363083
580,640,R1677,B1677,True,584.0,True,724114
580,640,R1678,B1678,False,,False,357898
580,640,R1679,B1679,False,,False,357160
580,640,R1680,B1680,True,587.0,True,386321
580,640,R1681,B1681,False,,False,354130
580,640,R1682,B1682,True,587.0,True,370178
580,640,R1683,B1683,True,585.0,True,361580
580,640,R1684,B1684,True,589.0,True,367677
580,640,R1685,B1685,True,588.0,True,373060
580,640,R1686,B1686,True,591.0,True,370367
580,640,R1687,B1687,False,,False,355635
580,640,R1688,B1688,False,,False,354666
580,640,R1689,B1689,True,587.0,True,386321
580,640,R1690,B1690,True,588.0,True,373060
580,640,R1691,B1691,True,592.0,True,355923
580,640,R1692,B1692,False,,False,353261
580,640,R1693,B1693,True,591.0,True,358827
580,640,R1694,B1694,True,592.0,True,386321
580,640,R1695,B1695,True,588.0,True,370178
580,640,R1696,B1696,True,588.0,True,358171
580,640,R1697,B1697,False,,False,355635
580,640,R1698,B1698,False,,False,354238
580,640,R1699,B1699,True,589.0,True,375822
580,640,R1700,B1700,True,590.0,True,386321
580,640,R1701,B1701,True,592.0,True,374047
580,640,R1702,B1702,True,589.0,True,370178
580,640,R1703,B1703,True,592.0,True,355923
580,640,R1704,B1704,True,589.0,True,361580
580,640,R1705,B1705,True,590.0,True,374047
580,640,R1706,B1706,True,593.0,True,361580
580,640,R1707,B1707,True,590.0,True,356830
580,640,R1708,B1708,False,,False,369532
580,640,R1709,B1709,True,595.0,True,373302
580,640,R1710,B1710,True,591.0,True,373060
580,640,R1711,B1711,False,,False,357038
580,640,R1712,B1712,False,,False,357048
580,640,R1713,B1713,False,,False,355923
580,640,R1714,B1714,True,591.0,True,730142
580,640,R1715,B1715,False,,False,357160
580,640,R1716,B1716,True,592.0,True,740357
580,640,R1717,B1717,False,,False,356830
580,640,R1718,B1718,True,592.0,True,715796
580,640,R1719,B1719,False,,False,357160
580,640,R1720,B1720,True,593.0,True,373302
580,640,R1721,B1721,True,593.0,True,376488
580,640,R1722,B1722,True,593.0,True,373060
580,640,R1723,B1723,True,593.0,True,370178
580,640,R1724,B1724,True,595.0,True,715292
580,640,R1725,B1725,False,,False,369532
580,640,R1726,B1726,False,,False,334852
580,640,R1727,B1727,True,594.0,True,369466
580,640,R1728,B1728,False,,False,356697
580,640,R1729,B1729,True,594.0,True,358171
580,640,R1730,B1730,False,,False,355635
580,640,R1731,B1731,True,594.0,True,374218
580,640,R1732,B1732,False,,False,357160
580,640,R1733,B1733,True,596.0,True,376488
580,640,R1734,B1734,True,595.0,True,366906
580,640,R1735,B1735,False,,False,354130
580,640,R1736,B1736,True,595.0,True,370178
580,640,R1737,B1737,False,,False,354585
580,640,R1738,B1738,False,,False,354666
580,640,R1739,B1739,True,596.0,True,723161
580,640,R1740,B1740,False,,False,357160
580,640,R1741,B1741,True,597.0,True,373060
580,640,R1742,B1742,True,598.0,True,374047
580,640,R1743,B1743,True,597.0,True,370178
580,640,R1744,B1744,False,,False,357038
580,640,R1745,B1745,False,,False,357646
580,640,R1746,B1746,True,598.0,True,374047
580,640,R1747,B1747,True,598.0,True,370178
580,640,R1748,B1748,True,598.0,True,359696
580,640,R1749,B1749,False,,False,354666
580,640,R1750,B1750,False,,False,369532
580,640,R1751,B1751,False,,False,376750
580,640,R1752,B1752,True,599.0,True,733813
580,640,R1753,B1753,False,,False,356697
580,640,R1754,B1754,True,603.0,False,362057
580,640,R1755,B1755,False,,False,357048
580,640,R1756,B1756,False,,False,357898
580,640,R1757,B1757,True,601.0,False,353883
580,640,R1758,B1758,False,,False,344804
580,640,R1759,B1759,False,,False,347194
580,640,R1760,B1760,False,,False,345433
580,640,R1761,B1761,False,,False,347205
580,640,R1762,B1762,False,,False,347313
580,640,R1763,B1763,True,605.0,False,362285
580,640,R1764,B1764,False,,False,347311
580,640,R1765,B1765,False,,False,346835
580,640,R1766,B1766,False,,False,345433
580,640,R1767,B1767,False,,False,347574
580,640,R1768,B1768,False,,False,326176
580,640,R1769,B1769,True,603.0,False,704856
580,640,R1770,B1770,False,,False,345015
580,640,R1771,B1771,False,,False,347194
580,640,R1772,B1772,False,,False,344986
580,640,R1773,B1773,True,603.0,False,349140
580,640,R1774,B1774,True,604.0,False,356038
580,640,R1775,B1775,True,608.0,False,352183
580,640,R1776,B1776,True,604.0,False,355555
580,640,R1777,B1777,False,,False,347955
580,640,R1778,B1778,True,606.0,False,350053
580,640,R1779,B1779,False,,False,345433
580,640,R1780,B1780,False,,False,347448
580,640,R1781,B1781,True,606.0,False,704366
580,640,R1782,B1782,True,608.0,False,349140
580,640,R1783,B1783,False,,False,345433
580,640,R1784,B1784,True,609.0,False,355776
580,640,R1785,B1785,True,609.0,False,352428
580,640,R1786,B1786,True,608.0,False,362285
580,640,R1787,B1787,True,607.0,False,355555
580,640,R1788,B1788,True,607.0,False,347187
580,640,R1789,B1789,True,607.0,False,353214
580,640,R1790,B1790,True,608.0,False,381855
580,640,R1791,B1791,False,,False,355309
580,640,R1792,B1792,True,610.0,False,353441
580,640,R1793,B1793,True,608.0,False,350935
580,640,R1794,B1794,True,610.0,False,349140
580,640,R1795,B1795,False,,False,344961
580,640,R1796,B1796,False,,False,347313
580,640,R1797,B1797,True,609.0,False,706428
580,640,R1798,B1798,True,610.0,False,711110
580,640,R1799,B1799,True,610.0,False,706428
580,640,R1800,B1800,False,,False,351175
580,640,R1801,B1801,True,610.0,False,349140
580,640,R1802,B1802,False,,False,346565
580,640,R1803,B1803,False,,False,345433
580,640,R1804,B1804,False,,False,347205
580,640,R1805,B1805,True,612.0,False,357111
580,640,R1806,B1806,True,612.0,False,355309
580,640,R1807,B1807,True,612.0,False,1396561
580,640,R1808,B1808,False,,False,356075
580,640,R1809,B1809,True,613.0,False,356148
580,640,R1810,B1810,False,,False,347194
580,640,R1811,B1811,True,613.0,False,344986
580,640,R1812,B1812,False,,False,356605
580,640,R1813,B1813,True,614.0,False,356038
580,640,R1814,B1814,True,614.0,False,355555
580,640,R1815,B1815,False,,False,349291
580,640,R1816,B1816,True,615.0,False,357111
580,640,R1817,B1817,True,615.0,False,355555
580,640,R1818,B1818,False,,False,342259
580,640,R1819,B1819,True,616.0,False,355776
580,640,R1820,B1820,True,616.0,False,352183
580,640,R1821,B1821,True,616.0,False,362285
580,640,R1822,B1822,True,618.0,False,355555
580,640,R1823,B1823,True,616.0,False,352945
580,640,R1824,B1824,True,616.0,False,349140
580,640,R1825,B1825,False,,False,344961
580,640,R1826,B1826,False,,False,347205
580,640,R1827,B1827,True,618.0,False,351179
580,640,R1828,B1828,True,617.0,False,711110
580,640,R1829,B1829,False,,False,344986
580,640,R1830,B1830,False,,False,347205
580,640,R1831,B1831,True,619.0,False,352183
580,640,R1832,B1832,False,,False,347187
580,640,R1833,B1833,True,618.0,False,353214
580,640,R1834,B1834,True,618.0,False,689685
580,640,R1835,B1835,True,619.0,False,355776
580,640,R1836,B1836,True,619.0,False,352428
580,640,R1837,B1837,True,619.0,False,356148
580,640,R1838,B1838,True,621.0,False,353214
580,640,R1839,B1839,True,621.0,False,355776
580,640,R1840,B1840,True,620.0,False,355555
580,640,R1841,B1841,True,620.0,False,1050160
580,640,R1842,B1842,True,620.0,False,346835
580,640,R1843,B1843,True,620.0,False,344842
580,640,R1844,B1844,True,620.0,False,347574
580,640,R1845,B1845,True,622.0,False,675900
580,640,R1846,B1846,False,,False,335800
580,640,R1847,B1847,True,621.0,False,338050
580,640,R1848,B1848,False,,False,337350
580,640,R1849,B1849,True,621.0,False,673600
580,640,R1850,B1850,False,,False,317500
580,640,R1851,B1851,True,622.0,False,338300
580,640,R1852,B1852,False,,False,336800
580,640,R1853,B1853,False,,False,337950
580,640,R1854,B1854,True,623.0,False,338250
580,640,R1855,B1855,True,623.0,False,338050
580,640,R1856,B1856,False,,False,334050
580,640,R1857,B1857,True,622.0,False,336700
580,640,R1858,B1858,True,624.0,False,338250
580,640,R1859,B1859,True,623.0,False,338150
580,640,R1860,B1860,True,624.0,False,676100
580,640,R1861,B1861,True,623.0,False,337950
580,640,R1862,B1862,False,,False,334500
580,640,R1863,B1863,True,623.0,False,1010100
580,640,R1864,B1864,False,,False,338250
580,640,R1865,B1865,True,624.0,False,335800
580,640,R1866,B1866,True,624.0,False,338250
580,640,R1867,B1867,True,624.0,False,338050
580,640,R1868,B1868,True,624.0,False,337150
580,640,R1869,B1869,False,,False,335400
580,640,R1870,B1870,True,624.0,False,668100
580,640,R1871,B1871,False,,False,336300
580,640,R1872,B1872,True,625.0,False,336700
580,640,R1873,B1873,True,624.0,False,674500
580,640,R1874,B1874,False,,False,336400
580,640,R1875,B1875,False,,False,337250
580,640,R1876,B1876,True,625.0,False,338300
580,640,R1877,B1877,False,,False,335800
580,640,R1878,B1878,False,,False,338050
580,640,R1879,B1879,False,,False,335500
580,640,R1880,B1880,True,625.0,False,338050
580,640,R1881,B1881,True,626.0,False,337950
580,640,R1882,B1882,False,,False,337350
580,640,R1883,B1883,True,630.0,False,338300
580,640,R1884,B1884,False,,False,337250
580,640,R1885,B1885,False,,False,337950
580,640,R1886,B1886,True,626.0,False,338050
580,640,R1887,B1887,True,627.0,False,674300
580,640,R1888,B1888,False,,False,334050
580,640,R1889,B1889,False,,False,336300
580,640,R1890,B1890,True,627.0,False,338150
580,640,R1891,B1891,False,,False,335900
580,640,R1892,B1892,True,627.0,False,336800
580,640,R1893,B1893,True,627.0,False,336700
580,640,R1894,B1894,False,,False,327450
580,640,R1895,B1895,True,627.0,False,337250
580,640,R1896,B1896,False,,False,337350
580,640,R1897,B1897,False,,False,338250
580,640,R1898,B1898,False,,False,335800
580,640,R1899,B1899,False,,False,335400
580,640,R1900,B1900,True,628.0,False,676100
580,640,R1901,B1901,False,,False,322250
580,640,R1902,B1902,False,,False,338300
580,640,R1903,B1903,False,,False,335800
580,640,R1904,B1904,True,630.0,False,338250
580,640,R1905,B1905,True,630.0,False,338150
580,640,R1906,B1906,True,630.0,False,673400
580,640,R1907,B1907,True,634.0,False,333600
580,640,R1908,B1908,False,,False,335800
580,640,R1909,B1909,False,,False,337950
580,640,R1910,B1910,False,,False,338050
580,640,R1911,B1911,True,634.0,False,336700
580,640,R1912,B1912,False,,False,338250
580,640,R1913,B1913,False,,False,336800
580,640,R1914,B1914,True,632.0,False,338250
580,640,R1915,B1915,False,,False,338050
580,640,R1916,B1916,True,631.0,False,338050
580,640,R1917,B1917,True,631.0,False,338250
580,640,R1918,B1918,True,631.0,False,336250
580,640,R1919,B1919,True,631.0,False,674700
580,640,R1920,B1920,True,631.0,False,336700
580,640,R1921,B1921,True,639.0,False,335200
580,640,R1922,B1922,False,,False,335500
580,640,R1923,B1923,True,632.0,False,338050
580,640,R1924,B1924,False,,False,333350
580,640,R1925,B1925,False,,False,337450
580,640,R1926,B1926,False,,False,334050
580,640,R1927,B1927,False,,False,333600
580,640,R1928,B1928,True,634.0,False,338300
580,640,R1929,B1929,True,633.0,False,338250
580,640,R1930,B1930,True,634.0,False,337350
580,640,R1931,B1931,True,634.0,False,337950
580,640,R1932,B1932,True,633.0,False,336800
580,640,R1933,B1933,True,637.0,False,337250
580,640,R1934,B1934,True,635.0,False,338300
580,640,R1935,B1935,False,,False,336800
580,640,R1936,B1936,True,635.0,False,338250
580,640,R1937,B1937,False,,False,335900
580,640,R1938,B1938,False,,False,336250
580,640,R1939,B1939,True,634.0,False,338050
580,640,R1940,B1940,True,634.0,False,672500
580,640,R1941,B1941,True,634.0,False,336700
580,640,R1942,B1942,False,,False,333600
580,640,R1943,B1943,True,634.0,False,337250
580,640,R1944,B1944,False,,False,335800
580,640,R1945,B1945,True,636.0,False,338050
580,640,R1946,B1946,True,635.0,False,1007700
580,640,R1947,B1947,True,635.0,False,338250
580,640,R1948,B1948,True,635.0,False,336250
580,640,R1949,B1949,True,636.0,False,338050
580,640,R1950,B1950,False,,False,327450
580,640,R1951,B1951,True,640.0,False,335500
580,640,R1952,B1952,False,,False,336250
580,640,R1953,B1953,True,636.0,False,338050
580,640,R1954,B1954,True,640.0,False,337450
580,640,R1955,B1955,True,637.0,False,335800
580,640,R1956,B1956,True,636.0,False,673400
580,640,R1957,B1957,False,,False,333650
580,640,R1958,B1958,False,,False,334450
580,640,R1959,B1959,False,,False,337250
580,640,R1960,B1960,True,637.0,False,338300
580,640,R1961,B1961,True,638.0,False,337950
580,640,R1962,B1962,True,637.0,False,338050
580,640,R1963,B1963,True,637.0,False,338250
580,640,R1964,B1964,False,,False,335500
580,640,R1965,B1965,True,637.0,False,336800
580,640,R1966,B1966,False,,False,336300
580,640,R1967,B1967,False,,False,317500
580,640,R1968,B1968,True,638.0,False,338300
580,640,R1969,B1969,False,,False,335800
580,640,R1970,B1970,True,638.0,False,676300
580,640,R1971,B1971,True,640.0,False,337950
580,640,R1972,B1972,True,638.0,False,676100
580,640,R1973,B1973,False,,False,334050
580,640,R1974,B1974,False,,False,333600
580,640,R1975,B1975,False,,False,338300
580,640,R1976,B1976,True,639.0,False,676500
580,640,R1977,B1977,True,640.0,False,338050
580,640,R1978,B1978,True,639.0,False,338250
580,640,R1979,B1979,True,639.0,False,336700
580,640,R1980,B1980,False,,False,338250
580,640,R1981,B1981,True,640.0,False,671600
580,640,R1982,B1982,True,640.0,False,676100
580,640,R1983,B1983,True,640.0,False,338050
580,640,R1984,B1984,True,640.0,False,673400
580,640,R1985,B1985,False,,False,337250
600,660,R1651,B1651,False,,False,459068
600,660,R1658,B1658,False,,False,496535
600,660,R1663,B1663,False,,False,496535
600,660,R1673,B1673,False,,False,395588
600,660,R1674,B1674,False,,False,463563
600,660,R1678,B1678,False,,False,430166
600,660,R1679,B1679,False,,False,426848
600,660,R1681,B1681,False,,False,417938
600,660,R1687,B1687,False,,False,463563
600,660,R1688,B1688,False,,False,419300
600,660,R1692,B1692,False,,False,443601
600,660,R1697,B1697,False,,False,431184
600,660,R1698,B1698,False,,False,404714
600,660,R1708,B1708,False,,False,482172
600,660,R1711,B1711,False,,False,396414
600,660,R1712,B1712,False,,False,396846
600,660,R1713,B1713,False,,False,399670
600,660,R1715,B1715,False,,False,367116
600,660,R1717,B1717,False,,False,397892
600,660,R1719,B1719,False,,False,367116
600,660,R1725,B1725,False,,False,433898
600,660,R1726,B1726,False,,False,343529
600,660,R1728,B1728,False,,False,366421
600,660,R1730,B1730,False,,False,398806
600,660,R1732,B1732,False,,False,367116
600,660,R1735,B1735,False,,False,363246
600,660,R1737,B1737,False,,False,367228
600,660,R1738,B1738,False,,False,363900
600,660,R1740,B1740,False,,False,367116
600,660,R1744,B1744,False,,False,366882
600,660,R1745,B1745,False,,False,367844
600,660,R1749,B1749,False,,False,363900
600,660,R1750,B1750,False,,False,385624
600,660,R1751,B1751,False,,False,397425
600,660,R1753,B1753,False,,False,366421
600,660,R1754,B1754,True,600.0,True,410071
600,660,R1755,B1755,False,,False,366998
600,660,R1756,B1756,False,,False,368222
600,660,R1757,B1757,True,601.0,True,400633
600,660,R1758,B1758,False,,False,354409
600,660,R1759,B1759,False,,False,357038
600,660,R1760,B1760,False,,False,354666
600,660,R1761,B1761,False,,False,357160
600,660,R1762,B1762,False,,False,358827
600,660,R1763,B1763,True,603.0,True,386321
600,660,R1764,B1764,False,,False,357272
600,660,R1765,B1765,False,,False,358171
600,660,R1766,B1766,False,,False,354666
600,660,R1767,B1767,False,,False,357898
600,660,R1768,B1768,False,,False,334852
600,660,R1769,B1769,True,608.0,True,733813
600,660,R1770,B1770,False,,False,354130
600,660,R1771,B1771,False,,False,357038
600,660,R1772,B1772,False,,False,355923
600,660,R1773,B1773,True,603.0,True,361580
600,660,R1774,B1774,True,604.0,True,373926
600,660,R1775,B1775,True,608.0,True,366416
600,660,R1776,B1776,True,608.0,True,373060
600,660,R1777,B1777,False,,False,359511
600,660,R1778,B1778,True,606.0,True,362057
600,660,R1779,B1779,False,,False,354666
600,660,R1780,B1780,False,,False,357646
600,660,R1781,B1781,True,606.0,True,732832
600,660,R1782,B1782,True,606.0,True,361580
600,660,R1783,B1783,False,,False,354666
600,660,R1784,B1784,True,607.0,True,373302
600,660,R1785,B1785,True,609.0,True,366906
600,660,R1786,B1786,True,607.0,True,386321
600,660,R1787,B1787,True,607.0,True,373060
600,660,R1788,B1788,False,,False,358125
600,660,R1789,B1789,True,607.0,True,370178
600,660,R1790,B1790,True,607.0,True,427911
600,660,R1791,B1791,False,,False,374218
600,660,R1792,B1792,False,,False,369532
600,660,R1793,B1793,True,610.0,True,365071
600,660,R1794,B1794,True,608.0,True,361580
600,660,R1795,B1795,False,,False,356322
600,660,R1796,B1796,False,,False,358827
600,660,R1797,B1797,True,609.0,True,740357
600,660,R1798,B1798,True,610.0,True,746120
600,660,R1799,B1799,True,610.0,True,740357
600,660,R1800,B1800,False,,False,364900
600,660,R1801,B1801,True,610.0,True,361580
600,660,R1802,B1802,True,615.0,True,356830
600,660,R1803,B1803,False,,False,354666
600,660,R1804,B1804,False,,False,357160
600,660,R1805,B1805,True,613.0,True,375822
600,660,R1806,B1806,True,612.0,True,374218
600,660,R1807,B1807,True,612.0,True,1446322
600,660,R1808,B1808,False,,False,376750
600,660,R1809,B1809,True,613.0,True,374047
600,660,R1810,B1810,False,,False,357038
600,660,R1811,B1811,True,613.0,True,355923
600,660,R1812,B1812,False,,False,377810
600,660,R1813,B1813,True,614.0,True,373926
600,660,R1814,B1814,True,614.0,True,373060
600,660,R1815,B1815,True,616.0,True,363083
600,660,R1816,B1816,True,616.0,True,375822
600,660,R1817,B1817,True,615.0,True,373060
600,660,R1818,B1818,False,,False,350018
600,660,R1819,B1819,True,620.0,False,373302
600,660,R1820,B1820,False,,False,366416
600,660,R1821,B1821,True,616.0,True,386321
600,660,R1822,B1822,True,618.0,True,373060
600,660,R1823,B1823,True,616.0,True,367941
600,660,R1824,B1824,True,616.0,True,361580
600,660,R1825,B1825,False,,False,356322
600,660,R1826,B1826,False,,False,357160
600,660,R1827,B1827,True,617.0,True,365558
600,660,R1828,B1828,True,617.0,True,746120
600,660,R1829,B1829,False,,False,355923
600,660,R1830,B1830,False,,False,357160
600,660,R1831,B1831,False,,False,366416
600,660,R1832,B1832,False,,False,358125
600,660,R1833,B1833,True,618.0,True,370178
600,660,R1834,B1834,True,618.0,True,711271
600,660,R1835,B1835,True,619.0,True,373302
600,660,R1836,B1836,True,619.0,True,366906
600,660,R1837,B1837,True,622.0,False,374047
600,660,R1838,B1838,True,619.0,True,370178
600,660,R1839,B1839,True,620.0,False,373302
600,660,R1840,B1840,True,622.0,False,373060
600,660,R1841,B1841,True,620.0,False,1086171
600,660,R1842,B1842,False,,False,358171
600,660,R1843,B1843,True,620.0,False,355635
600,660,R1844,B1844,True,622.0,False,357898
600,660,R1845,B1845,True,622.0,False,704856
600,660,R1846,B1846,False,,False,347313
600,660,R1847,B1847,True,621.0,False,350053
600,660,R1848,B1848,False,,False,347194
600,660,R1849,B1849,True,621.0,False,701871
600,660,R1850,B1850,False,,False,326176
600,660,R1851,B1851,True,622.0,False,353883
600,660,R1852,B1852,False,,False,351179
600,660,R1853,B1853,False,,False,352183
600,660,R1854,B1854,False,,False,362285
600,660,R1855,B1855,True,623.0,False,350053
600,660,R1856,B1856,False,,False,344842
600,660,R1857,B1857,False,,False,349140
600,660,R1858,B1858,True,625.0,False,355776
600,660,R1859,B1859,True,623.0,False,356038
600,660,R1860,B1860,True,624.0,False,700107
600,660,R1861,B1861,True,623.0,False,353218
600,660,R1862,B1862,False,,False,342259
600,660,R1863,B1863,True,623.0,False,1047420
600,660,R1864,B1864,True,624.0,False,368294
600,660,R1865,B1865,True,624.0,False,384564
600,660,R1866,B1866,False,,False,357369
600,660,R1867,B1867,True,624.0,False,350053
600,660,R1868,B1868,True,624.0,False,347099
600,660,R1869,B1869,False,,False,347743
600,660,R1870,B1870,True,624.0,False,689685
600,660,R1871,B1871,False,,False,350887
600,660,R1872,B1872,True,625.0,False,349140
600,660,R1873,B1873,True,625.0,False,695148
600,660,R1874,B1874,False,,False,347955
600,660,R1875,B1875,False,,False,347205
600,660,R1876,B1876,True,627.0,False,353883
600,660,R1877,B1877,True,625.0,False,384564
600,660,R1878,B1878,False,,False,355555
600,660,R1879,B1879,False,,False,349291
600,660,R1880,B1880,True,625.0,False,350053
600,660,R1881,B1881,True,626.0,False,353218
600,660,R1882,B1882,False,,False,353441
600,660,R1883,B1883,True,626.0,False,353883
600,660,R1884,B1884,False,,False,346973
600,660,R1885,B1885,False,,False,352183
600,660,R1886,B1886,True,626.0,False,350053
600,660,R1887,B1887,True,627.0,False,694198
600,660,R1888,B1888,False,,False,344842
600,660,R1889,B1889,False,,False,346565
600,660,R1890,B1890,True,627.0,False,356038
600,660,R1891,B1891,False,,False,345015
600,660,R1892,B1892,True,627.0,False,350935
600,660,R1893,B1893,True,627.0,False,349140
600,660,R1894,B1894,False,,False,340355
600,660,R1895,B1895,False,,False,347448
600,660,R1896,B1896,False,,False,353441
600,660,R1897,B1897,False,,False,368294
600,660,R1898,B1898,True,628.0,False,384564
600,660,R1899,B1899,False,,False,356605
600,660,R1900,B1900,True,628.0,False,700107
600,660,R1901,B1901,False,,False,331101
600,660,R1902,B1902,False,,False,353883
600,660,R1903,B1903,True,629.0,False,384564
600,660,R1904,B1904,False,,False,357369
600,660,R1905,B1905,True,632.0,False,356038
600,660,R1906,B1906,True,630.0,False,698280
600,660,R1907,B1907,False,,False,345121
600,660,R1908,B1908,True,631.0,False,384564
600,660,R1909,B1909,False,,False,352183
600,660,R1910,B1910,True,635.0,False,355555
600,660,R1911,B1911,True,634.0,False,349140
600,660,R1912,B1912,False,,False,355776
600,660,R1913,B1913,False,,False,351179
600,660,R1914,B1914,True,631.0,False,362285
600,660,R1915,B1915,False,,False,355555
600,660,R1916,B1916,True,632.0,False,350053
600,660,R1917,B1917,True,631.0,False,356148
600,660,R1918,B1918,True,631.0,False,353214
600,660,R1919,B1919,True,631.0,False,694388
600,660,R1920,B1920,True,632.0,False,349140
600,660,R1921,B1921,False,,False,344804
600,660,R1922,B1922,False,,False,349291
600,660,R1923,B1923,True,632.0,False,350053
600,660,R1924,B1924,False,,False,346523
600,660,R1925,B1925,False,,False,351175
600,660,R1926,B1926,False,,False,344842
600,660,R1927,B1927,False,,False,344961
600,660,R1928,B1928,False,,False,353883
600,660,R1929,B1929,True,634.0,False,357369
600,660,R1930,B1930,True,634.0,False,347194
600,660,R1931,B1931,True,636.0,False,353218
600,660,R1932,B1932,True,633.0,False,350935
600,660,R1933,B1933,False,,False,347205
600,660,R1934,B1934,False,,False,353883
600,660,R1935,B1935,False,,False,351179
600,660,R1936,B1936,False,,False,357369
600,660,R1937,B1937,False,,False,345015
600,660,R1938,B1938,False,,False,347187
600,660,R1939,B1939,True,634.0,False,350053
600,660,R1940,B1940,True,634.0,False,706428
600,660,R1941,B1941,True,635.0,False,349140
600,660,R1942,B1942,False,,False,344961
600,660,R1943,B1943,False,,False,347205
600,660,R1944,B1944,True,635.0,False,384564
600,660,R1945,B1945,True,636.0,False,355555
600,660,R1946,B1946,True,635.0,False,1035046
600,660,R1947,B1947,True,635.0,False,356148
600,660,R1948,B1948,True,636.0,False,353214
600,660,R1949,B1949,True,635.0,False,354208
600,660,R1950,B1950,False,,False,340355
600,660,R1951,B1951,False,,False,349291
600,660,R1952,B1952,False,,False,347187
600,660,R1953,B1953,True,636.0,False,350053
600,660,R1954,B1954,False,,False,351175
600,660,R1955,B1955,True,636.0,False,381855
600,660,R1956,B1956,True,636.0,False,698280
600,660,R1957,B1957,False,,False,343628
600,660,R1958,B1958,False,,False,344858
600,660,R1959,B1959,False,,False,347205
600,660,R1960,B1960,True,637.0,False,353883
600,660,R1961,B1961,True,637.0,False,352428
600,660,R1962,B1962,True,641.0,False,350053
600,660,R1963,B1963,True,637.0,False,356148
600,660,R1964,B1964,False,,False,346835
600,660,R1965,B1965,True,637.0,False,350935
600,660,R1966,B1966,False,,False,346440
600,660,R1967,B1967,False,,False,326176
600,660,R1968,B1968,False,,False,353883
600,660,R1969,B1969,True,638.0,False,384564
600,660,R1970,B1970,True,638.0,False,712076
600,660,R1971,B1971,True,638.0,False,352183
600,660,R1972,B1972,True,638.0,False,700107
600,660,R1973,B1973,False,,False,344842
600,660,R1974,B1974,False,,False,344961
600,660,R1975,B1975,False,,False,353883
600,660,R1976,B1976,True,641.0,False,724571
600,660,R1977,B1977,True,642.0,False,350053
600,660,R1978,B1978,True,640.0,False,356148
600,660,R1979,B1979,True,639.0,False,349140
600,660,R1980,B1980,False,,False,355776
600,660,R1981,B1981,True,640.0,False,769129
600,660,R1982,B1982,True,640.0,False,711110
600,660,R1983,B1983,True,641.0,False,350053
600,660,R1984,B1984,True,640.0,False,698280
600,660,R1985,B1985,False,,False,347205
600,660,R1986,B1986,False,,False,338250
600,660,R1987,B1987,False,,False,335800
600,660,R1988,B1988,True,643.0,False,338250
600,660,R1989,B1989,True,641.0,False,675900
600,660,R1990,B1990,False,,False,335500
600,660,R1991,B1991,True,641.0,False,336700
600,660,R1992,B1992,False,,False,327450
600,660,R1993,B1993,False,,False,337250
600,660,R1994,B1994,True,642.0,False,1013850
600,660,R1995,B1995,True,645.0,False,336800
600,660,R1996,B1996,True,642.0,False,336700
600,660,R1997,B1997,False,,False,336300
600,660,R1998,B1998,False,,False,337250
600,660,R1999,B1999,True,643.0,False,671600
600,660,R2000,B2000,False,,False,337350
600,660,R2001,B2001,False,,False,337150
600,660,R2002,B2002,False,,False,336700
600,660,R2003,B2003,False,,False,337250
600,660,R2004,B2004,False,,False,322250
600,660,R2005,B2005,False,,False,337950
600,660,R2006,B2006,False,,False,335800
600,660,R2007,B2007,True,645.0,False,334050
600,660,R2008,B2008,True,644.0,False,673400
600,660,R2009,B2009,False,,False,335800
600,660,R2010,B2010,False,,False,337350
600,660,R2011,B2011,True,645.0,False,667300
600,660,R2012,B2012,False,,False,335800
600,660,R2013,B2013,False,,False,337950
600,660,R2014,B2014,False,,False,335900
600,660,R2015,B2015,True,647.0,False,334050
600,660,R2016,B2016,True,647.0,False,338250
600,660,R2017,B2017,False,,False,335400
600,660,R2018,B2018,True,647.0,False,338250
600,660,R2019,B2019,True,649.0,False,338050
600,660,R2020,B2020,True,648.0,False,333650
600,660,R2021,B2021,False,,False,334450
600,660,R2022,B2022,True,648.0,False,338300
600,660,R2023,B2023,True,648.0,False,338250
600,660,R2024,B2024,True,651.0,False,337950
600,660,R2025,B2025,False,,False,337350
600,660,R2026,B2026,False,,False,331000
600,660,R2027,B2027,False,,False,337250
600,660,R2028,B2028,False,,False,336400
600,660,R2029,B2029,False,,False,337250
600,660,R2030,B2030,False,,False,336250
600,660,R2031,B2031,False,,False,333350
600,660,R2032,B2032,True,649.0,False,336700
600,660,R2033,B2033,False,,False,337150
600,660,R2034,B2034,False,,False,317500
600,660,R2035,B2035,True,651.0,False,676600
600,660,R2036,B2036,False,,False,335400
600,660,R2037,B2037,True,650.0,False,338150
600,660,R2038,B2038,False,,False,335800
600,660,R2039,B2039,True,650.0,False,336800
600,660,R2040,B2040,False,,False,333600
600,660,R2041,B2041,False,,False,327450
600,660,R2042,B2042,True,651.0,False,338300
600,660,R2043,B2043,True,655.0,False,335800
600,660,R2044,B2044,True,654.0,False,336250
600,660,R2045,B2045,False,,False,338250
600,660,R2046,B2046,True,656.0,False,335800
600,660,R2047,B2047,True,652.0,False,337950
600,660,R2048,B2048,True,657.0,False,338050
600,660,R2049,B2049,False,,False,337150
600,660,R2050,B2050,True,653.0,False,336800
600,660,R2051,B2051,False,,False,336700
600,660,R2052,B2052,False,,False,336300
600,660,R2053,B2053,False,,False,335400
600,660,R2054,B2054,True,655.0,False,1013850
600,660,R2055,B2055,True,653.0,False,338050
600,660,R2056,B2056,True,653.0,False,338050
600,660,R2057,B2057,True,653.0,False,335800
600,660,R2058,B2058,False,,False,336700
600,660,R2059,B2059,False,,False,337250
600,660,R2060,B2060,True,654.0,False,338250
600,660,R2061,B2061,False,,False,335400
600,660,R2062,B2062,True,654.0,False,338150
600,660,R2063,B2063,True,654.0,False,338050
600,660,R2064,B2064,False,,False,336700
600,660,R2065,B2065,True,654.0,False,322250
600,660,R2066,B2066,True,656.0,False,338250
600,660,R2067,B2067,True,655.0,False,337950
600,660,R2068,B2068,True,655.0,False,338050
600,660,R2069,B2069,False,,False,336800
600,660,R2070,B2070,False,,False,322250
600,660,R2071,B2071,True,658.0,False,338250
600,660,R2072,B2072,True,656.0,False,338250
600,660,R2073,B2073,True,656.0,False,338150
600,660,R2074,B2074,True,656.0,False,335800
600,660,R2075,B2075,False,,False,336700
600,660,R2076,B2076,True,656.0,False,654900
600,660,R2077,B2077,True,658.0,False,337250
600,660,R2078,B2078,True,657.0,False,338300
600,660,R2079,B2079,False,,False,335900
600,660,R2080,B2080,True,657.0,False,1014150
600,660,R2081,B2081,True,657.0,False,336250
600,660,R2082,B2082,False,,False,333600
600,660,R2083,B2083,False,,False,335450
600,660,R2084,B2084,True,660.0,False,322250
600,660,R2085,B2085,True,658.0,False,337950
600,660,R2086,B2086,True,658.0,False,336250
600,660,R2087,B2087,True,659.0,False,674700
600,660,R2088,B2088,True,658.0,False,337450
600,660,R2089,B2089,True,658.0,False,335500
600,660,R2090,B2090,False,,False,336700
600,660,R2091,B2091,False,,False,317500
600,660,R2092,B2092,True,660.0,False,338300
600,660,R2093,B2093,True,659.0,False,338250
600,660,R2094,B2094,False,,False,337250
600,660,R2095,B2095,True,659.0,False,338150
600,660,R2096,B2096,True,659.0,False,337950
600,660,R2097,B2097,True,659.0,False,338250
600,660,R2098,B2098,True,660.0,False,338050
600,660,R2099,B2099,False,,False,335900
600,660,R2100,B2100,True,659.0,False,672500
600,660,R2101,B2101,True,659.0,False,338050
600,660,R2102,B2102,True,660.0,False,336400
600,660,R2103,B2103,True,660.0,False,338250
600,660,R2104,B2104,False,,False,337250
600,660,R2105,B2105,True,660.0,False,675900
600,660,R2106,B2106,True,660.0,False,335800
600,660,R2107,B2107,True,660.0,False,338050
600,660,R2108,B2108,True,660.0,False,331000
600,660,R2109,B2109,True,660.0,False,327450
620,680,R1726,B1726,False,,False,456323
620,680,R1740,B1740,False,,False,496535
620,680,R1745,B1745,False,,False,500420
620,680,R1753,B1753,False,,False,492831
620,680,R1755,B1755,False,,False,456542
620,680,R1756,B1756,False,,False,502435
620,680,R1758,B1758,False,,False,450455
620,680,R1759,B1759,False,,False,455479
620,680,R1760,B1760,False,,False,447000
620,680,R1761,B1761,False,,False,426848
620,680,R1762,B1762,False,,False,473966
620,680,R1764,B1764,False,,False,456885
620,680,R1766,B1766,False,,False,447000
620,680,R1767,B1767,False,,False,430166
620,680,R1768,B1768,False,,False,395588
620,680,R1770,B1770,False,,False,445284
620,680,R1771,B1771,False,,False,455479
620,680,R1772,B1772,False,,False,465290
620,680,R1777,B1777,False,,False,475066
620,680,R1779,B1779,False,,False,419300
620,680,R1780,B1780,False,,False,429033
620,680,R1783,B1783,False,,False,419300
620,680,R1788,B1788,False,,False,401875
620,680,R1791,B1791,False,,False,563309
620,680,R1792,B1792,False,,False,482172
620,680,R1795,B1795,False,,False,435849
620,680,R1796,B1796,False,,False,439425
620,680,R1800,B1800,False,,False,460978
620,680,R1803,B1803,False,,False,391600
620,680,R1804,B1804,False,,False,367116
620,680,R1808,B1808,False,,False,459450
620,680,R1810,B1810,False,,False,396414
620,680,R1812,B1812,False,,False,462630
620,680,R1818,B1818,False,,False,357778
620,680,R1819,B1819,True,620.0,True,495984
620,680,R1820,B1820,True,620.0,True,423348
620,680,R1825,B1825,False,,False,401766
620,680,R1826,B1826,False,,False,367116
620,680,R1829,B1829,False,,False,366860
620,680,R1830,B1830,False,,False,367116
620,680,R1831,B1831,False,,False,423348
620,680,R1832,B1832,False,,False,369062
620,680,R1837,B1837,True,623.0,True,445643
620,680,R1839,B1839,True,620.0,True,443406
620,680,R1840,B1840,False,,False,390565
620,680,R1841,B1841,True,620.0,True,1230214
620,680,R1842,B1842,False,,False,369506
620,680,R1843,B1843,True,620.0,True,366428
620,680,R1844,B1844,False,,False,368222
620,680,R1845,B1845,True,626.0,True,733813
620,680,R1846,B1846,False,,False,358827
620,680,R1847,B1847,True,621.0,True,386064
620,680,R1848,B1848,False,,False,357038
620,680,R1849,B1849,True,622.0,True,786684
620,680,R1850,B1850,False,,False,334852
620,680,R1851,B1851,True,626.0,True,400633
620,680,R1852,B1852,False,,False,365558
620,680,R1853,B1853,False,,False,366416
620,680,R1854,B1854,False,,False,386321
620,680,R1855,B1855,True,623.0,True,386064
620,680,R1856,B1856,False,,False,355635
620,680,R1857,B1857,False,,False,361580
620,680,R1858,B1858,False,,False,373302
620,680,R1859,B1859,True,626.0,True,373926
620,680,R1860,B1860,True,625.0,True,724114
620,680,R1861,B1861,True,623.0,True,368486
620,680,R1862,B1862,False,,False,350018
620,680,R1863,B1863,True,623.0,True,1084741
620,680,R1864,B1864,False,,False,398339
620,680,R1865,B1865,True,624.0,True,433329
620,680,R1866,B1866,False,,False,376488
620,680,R1867,B1867,True,626.0,True,362057
620,680,R1868,B1868,True,624.0,True,357048
620,680,R1869,B1869,False,,False,360086
620,680,R1870,B1870,True,624.0,True,711271
620,680,R1871,B1871,False,,False,365475
620,680,R1872,B1872,False,,False,361580
620,680,R1873,B1873,False,,False,715796
620,680,R1874,B1874,False,,False,359511
620,680,R1875,B1875,False,,False,357160
620,680,R1876,B1876,True,626.0,True,369466
620,680,R1877,B1877,True,628.0,True,433329
620,680,R1878,B1878,False,,False,373060
620,680,R1879,B1879,False,,False,363083
620,680,R1880,B1880,True,626.0,True,362057
620,680,R1881,B1881,True,626.0,True,368486
620,680,R1882,B1882,False,,False,369532
620,680,R1883,B1883,False,,False,369466
620,680,R1884,B1884,False,,False,356697
620,680,R1885,B1885,False,,False,366416
620,680,R1886,B1886,True,629.0,True,362057
620,680,R1887,B1887,True,627.0,True,714097
620,680,R1888,B1888,False,,False,355635
620,680,R1889,B1889,False,,False,356830
620,680,R1890,B1890,True,628.0,True,373926
620,680,R1891,B1891,False,,False,354130
620,680,R1892,B1892,False,,False,365071
620,680,R1893,B1893,True,627.0,True,361580
620,680,R1894,B1894,False,,False,353261
620,680,R1895,B1895,False,,False,357646
620,680,R1896,B1896,False,,False,369532
620,680,R1897,B1897,False,,False,398339
620,680,R1898,B1898,True,628.0,True,433329
620,680,R1899,B1899,False,,False,377810
620,680,R1900,B1900,True,632.0,True,724114
620,680,R1901,B1901,False,,False,339953
620,680,R1902,B1902,False,,False,369466
620,680,R1903,B1903,True,630.0,True,433329
620,680,R1904,B1904,True,633.0,True,376488
620,680,R1905,B1905,True,630.0,True,373926
620,680,R1906,B1906,True,631.0,True,723161
620,680,R1907,B1907,False,,False,356642
620,680,R1908,B1908,True,634.0,True,433329
620,680,R1909,B1909,False,,False,366416
620,680,R1910,B1910,False,,False,373060
620,680,R1911,B1911,False,,False,361580
620,680,R1912,B1912,False,,False,373302
620,680,R1913,B1913,False,,False,365558
620,680,R1914,B1914,True,633.0,True,386321
620,680,R1915,B1915,False,,False,373060
620,680,R1916,B1916,False,,False,362057
620,680,R1917,B1917,True,631.0,True,374047
620,680,R1918,B1918,True,631.0,True,370178
620,680,R1919,B1919,True,631.0,True,714076
620,680,R1920,B1920,False,,False,361580
620,680,R1921,B1921,False,,False,354409
620,680,R1922,B1922,False,,False,363083
620,680,R1923,B1923,False,,False,362057
620,680,R1924,B1924,False,,False,359696
620,680,R1925,B1925,False,,False,364900
620,680,R1926,B1926,False,,False,355635
620,680,R1927,B1927,False,,False,356322
620,680,R1928,B1928,True,635.0,True,369466
620,680,R1929,B1929,True,633.0,True,376488
620,680,R1930,B1930,True,634.0,True,357038
620,680,R1931,B1931,True,634.0,True,368486
620,680,R1932,B1932,False,,False,365071
620,680,R1933,B1933,False,,False,357160
620,680,R1934,B1934,False,,False,369466
620,680,R1935,B1935,False,,False,365558
620,680,R1936,B1936,False,,False,376488
620,680,R1937,B1937,False,,False,354130
620,680,R1938,B1938,False,,False,358125
620,680,R1939,B1939,True,634.0,True,362057
620,680,R1940,B1940,True,634.0,True,740357
620,680,R1941,B1941,False,,False,361580
620,680,R1942,B1942,False,,False,356322
620,680,R1943,B1943,False,,False,357160
620,680,R1944,B1944,True,636.0,True,433329
620,680,R1945,B1945,False,,False,373060
620,680,R1946,B1946,True,638.0,True,1062392
620,680,R1947,B1947,True,635.0,True,374047
620,680,R1948,B1948,True,635.0,True,370178
620,680,R1949,B1949,True,635.0,True,370367
620,680,R1950,B1950,False,,False,353261
620,680,R1951,B1951,False,,False,363083
620,680,R1952,B1952,False,,False,358125
620,680,R1953,B1953,True,640.0,False,362057
620,680,R1954,B1954,False,,False,364900
620,680,R1955,B1955,True,636.0,True,427911
620,680,R1956,B1956,True,636.0,True,723161
620,680,R1957,B1957,False,,False,353607
620,680,R1958,B1958,False,,False,355266
620,680,R1959,B1959,False,,False,357160
620,680,R1960,B1960,True,639.0,True,369466
620,680,R1961,B1961,True,638.0,True,366906
620,680,R1962,B1962,True,639.0,True,362057
620,680,R1963,B1963,True,638.0,True,374047
620,680,R1964,B1964,True,641.0,False,358171
620,680,R1965,B1965,False,,False,365071
620,680,R1966,B1966,False,,False,356580
620,680,R1967,B1967,False,,False,334852
620,680,R1968,B1968,True,642.0,False,369466
620,680,R1969,B1969,True,639.0,True,433329
620,680,R1970,B1970,True,638.0,True,747853
620,680,R1971,B1971,True,638.0,True,366416
620,680,R1972,B1972,True,638.0,True,724114
620,680,R1973,B1973,False,,False,355635
620,680,R1974,B1974,False,,False,356322
620,680,R1975,B1975,False,,False,369466
620,680,R1976,B1976,True,639.0,True,772642
620,680,R1977,B1977,True,643.0,False,362057
620,680,R1978,B1978,True,640.0,False,374047
620,680,R1979,B1979,False,,False,361580
620,680,R1980,B1980,False,,False,373302
620,680,R1981,B1981,True,640.0,False,866658
620,680,R1982,B1982,True,641.0,False,746120
620,680,R1983,B1983,True,640.0,False,362057
620,680,R1984,B1984,True,640.0,False,723161
620,680,R1985,B1985,False,,False,357160
620,680,R1986,B1986,False,,False,355776
620,680,R1987,B1987,False,,False,384564
620,680,R1988,B1988,True,641.0,False,357369
620,680,R1989,B1989,True,641.0,False,704856
620,680,R1990,B1990,False,,False,349291
620,680,R1991,B1991,True,641.0,False,349140
620,680,R1992,B1992,False,,False,340355
620,680,R1993,B1993,False,,False,347205
620,680,R1994,B1994,True,642.0,False,1056549
620,680,R1995,B1995,True,645.0,False,350935
620,680,R1996,B1996,False,,False,349140
620,680,R1997,B1997,False,,False,346565
620,680,R1998,B1998,False,,False,347574
620,680,R1999,B1999,True,643.0,False,769129
620,680,R2000,B2000,False,,False,347194
620,680,R2001,B2001,False,,False,347099
620,680,R2002,B2002,False,,False,349140
620,680,R2003,B2003,False,,False,347448
620,680,R2004,B2004,False,,False,331101
620,680,R2005,B2005,False,,False,352183
620,680,R2006,B2006,False,,False,347313
620,680,R2007,B2007,False,,False,344842
620,680,R2008,B2008,True,644.0,False,698280
620,680,R2009,B2009,True,646.0,False,384564
620,680,R2010,B2010,False,,False,347194
620,680,R2011,B2011,True,645.0,False,687257
620,680,R2012,B2012,True,648.0,False,384564
620,680,R2013,B2013,False,,False,352183
620,680,R2014,B2014,False,,False,345015
620,680,R2015,B2015,False,,False,344842
620,680,R2016,B2016,False,,False,355776
620,680,R2017,B2017,False,,False,356075
620,680,R2018,B2018,True,647.0,False,362285
620,680,R2019,B2019,True,647.0,False,350053
620,680,R2020,B2020,True,648.0,False,343628
620,680,R2021,B2021,False,,False,344858
620,680,R2022,B2022,True,648.0,False,353883
620,680,R2023,B2023,False,,False,368294
620,680,R2024,B2024,False,,False,352183
620,680,R2025,B2025,False,,False,347311
620,680,R2026,B2026,False,,False,341320
620,680,R2027,B2027,False,,False,347574
620,680,R2028,B2028,False,,False,347955
620,680,R2029,B2029,False,,False,347205
620,680,R2030,B2030,False,,False,347187
620,680,R2031,B2031,False,,False,346314
620,680,R2032,B2032,False,,False,349140
620,680,R2033,B2033,False,,False,347099
620,680,R2034,B2034,False,,False,326176
620,680,R2035,B2035,True,651.0,False,707766
620,680,R2036,B2036,False,,False,356605
620,680,R2037,B2037,True,650.0,False,356038
620,680,R2038,B2038,False,,False,347313
620,680,R2039,B2039,True,650.0,False,350935
620,680,R2040,B2040,False,,False,344961
620,680,R2041,B2041,False,,False,340355
620,680,R2042,B2042,True,651.0,False,353883
620,680,R2043,B2043,True,654.0,False,384564
620,680,R2044,B2044,False,,False,353214
620,680,R2045,B2045,False,,False,368294
620,680,R2046,B2046,False,,False,384564
620,680,R2047,B2047,True,652.0,False,352183
620,680,R2048,B2048,True,652.0,False,355555
620,680,R2049,B2049,False,,False,347099
620,680,R2050,B2050,True,653.0,False,350935
620,680,R2051,B2051,False,,False,349140
620,680,R2052,B2052,False,,False,346565
620,680,R2053,B2053,False,,False,356075
620,680,R2054,B2054,True,655.0,False,1057285
620,680,R2055,B2055,True,655.0,False,355555
620,680,R2056,B2056,True,653.0,False,350053
620,680,R2057,B2057,True,653.0,False,360921
620,680,R2058,B2058,False,,False,349140
620,680,R2059,B2059,False,,False,347205
620,680,R2060,B2060,True,654.0,False,355776
620,680,R2061,B2061,False,,False,356605
620,680,R2062,B2062,True,654.0,False,356038
620,680,R2063,B2063,True,656.0,False,350053
620,680,R2064,B2064,False,,False,349140
620,680,R2065,B2065,False,,False,331101
620,680,R2066,B2066,False,,False,367258
620,680,R2067,B2067,True,655.0,False,352428
620,680,R2068,B2068,True,656.0,False,350053
620,680,R2069,B2069,True,655.0,False,350935
620,680,R2070,B2070,False,,False,331101
620,680,R2071,B2071,False,,False,368294
620,680,R2072,B2072,True,656.0,False,357369
620,680,R2073,B2073,True,656.0,False,356038
620,680,R2074,B2074,False,,False,347313
620,680,R2075,B2075,True,660.0,False,349140
620,680,R2076,B2076,True,656.0,False,680711
620,680,R2077,B2077,False,,False,347574
620,680,R2078,B2078,True,658.0,False,353883
620,680,R2079,B2079,False,,False,345015
620,680,R2080,B2080,True,657.0,False,1050160
620,680,R2081,B2081,False,,False,353214
620,680,R2082,B2082,False,,False,345121
620,680,R2083,B2083,False,,False,355146
620,680,R2084,B2084,False,,False,331101
620,680,R2085,B2085,False,,False,352183
620,680,R2086,B2086,False,,False,347187
620,680,R2087,B2087,True,658.0,False,694622
620,680,R2088,B2088,False,,False,351175
620,680,R2089,B2089,True,658.0,False,346835
620,680,R2090,B2090,True,658.0,False,349140
620,680,R2091,B2091,False,,False,326176
620,680,R2092,B2092,True,659.0,False,353883
620,680,R2093,B2093,False,,False,367258
620,680,R2094,B2094,False,,False,346973
620,680,R2095,B2095,True,659.0,False,356038
620,680,R2096,B2096,False,,False,352428
620,680,R2097,B2097,True,659.0,False,362285
620,680,R2098,B2098,True,659.0,False,355555
620,680,R2099,B2099,False,,False,345015
620,680,R2100,B2100,True,659.0,False,706428
620,680,R2101,B2101,True,659.0,False,354208
620,680,R2102,B2102,False,,False,355309
620,680,R2103,B2103,False,,False,368294
620,680,R2104,B2104,False,,False,346973
620,680,R2105,B2105,True,660.0,False,704366
620,680,R2106,B2106,False,,False,347313
620,680,R2107,B2107,True,660.0,False,350053
620,680,R2108,B2108,False,,False,341320
620,680,R2109,B2109,True,660.0,False,340355
620,680,R2110,B2110,True,661.0,False,676500
620,680,R2111,B2111,True,661.0,False,335800
620,680,R2112,B2112,True,661.0,False,1010100
620,680,R2113,B2113,False,,False,333600
620,680,R2114,B2114,False,,False,334450
620,680,R2115,B2115,False,,False,322250
620,680,R2116,B2116,False,,False,335800
620,680,R2117,B2117,False,,False,335400
620,680,R2118,B2118,True,662.0,False,676300
620,680,R2119,B2119,True,662.0,False,338050
620,680,R2120,B2120,False,,False,335500
620,680,R2121,B2121,True,662.0,False,336250
620,680,R2122,B2122,False,,False,336800
620,680,R2123,B2123,False,,False,336700
620,680,R2124,B2124,False,,False,338300
620,680,R2125,B2125,False,,False,335800
620,680,R2126,B2126,True,663.0,False,338400
620,680,R2127,B2127,False,,False,335500
620,680,R2128,B2128,True,663.0,False,337350
620,680,R2129,B2129,False,,False,334050
620,680,R2130,B2130,False,,False,336800
620,680,R2131,B2131,False,,False,336700
620,680,R2132,B2132,False,,False,336400
620,680,R2133,B2133,False,,False,337250
620,680,R2134,B2134,False,,False,334450
620,680,R2135,B2135,False,,False,322250
620,680,R2136,B2136,False,,False,337250
620,680,R2137,B2137,False,,False,338300
620,680,R2138,B2138,False,,False,337950
620,680,R2139,B2139,True,664.0,False,338050
620,680,R2140,B2140,True,664.0,False,338050
620,680,R2141,B2141,False,,False,336700
620,680,R2142,B2142,True,669.0,False,338300
620,680,R2143,B2143,True,665.0,False,671600
620,680,R2144,B2144,True,669.0,False,675900
620,680,R2145,B2145,True,666.0,False,676100
620,680,R2146,B2146,True,665.0,False,338050
620,680,R2147,B2147,False,,False,336250
620,680,R2148,B2148,True,669.0,False,674500
620,680,R2149,B2149,False,,False,338250
620,680,R2150,B2150,False,,False,335800
620,680,R2151,B2151,True,666.0,False,338250
620,680,R2152,B2152,False,,False,335800
620,680,R2153,B2153,True,667.0,False,338400
620,680,R2154,B2154,True,669.0,False,338050
620,680,R2155,B2155,False,,False,337450
620,680,R2156,B2156,True,666.0,False,336700
620,680,R2157,B2157,True,666.0,False,674500
620,680,R2158,B2158,False,,False,322250
620,680,R2159,B2159,False,,False,337250
620,680,R2160,B2160,False,,False,338250
620,680,R2161,B2161,False,,False,338250
620,680,R2162,B2162,True,667.0,False,338150
620,680,R2163,B2163,True,667.0,False,337950
620,680,R2164,B2164,False,,False,335500
620,680,R2165,B2165,True,668.0,False,338050
620,680,R2166,B2166,False,,False,336700
620,680,R2167,B2167,False,,False,333650
620,680,R2168,B2168,False,,False,337250
620,680,R2169,B2169,False,,False,334450
620,680,R2170,B2170,False,,False,337250
620,680,R2171,B2171,True,668.0,False,338150
620,680,R2172,B2172,False,,False,335800
620,680,R2173,B2173,True,668.0,False,1014150
620,680,R2174,B2174,True,668.0,False,676100
620,680,R2175,B2175,False,,False,337150
620,680,R2176,B2176,False,,False,337250
620,680,R2177,B2177,False,,False,335800
620,680,R2178,B2178,False,,False,338250
620,680,R2179,B2179,False,,False,337950
620,680,R2180,B2180,True,669.0,False,338050
620,680,R2181,B2181,False,,False,337450
620,680,R2182,B2182,False,,False,334050
620,680,R2183,B2183,False,,False,337250
620,680,R2184,B2184,False,,False,334450
620,680,R2185,B2185,False,,False,337250
620,680,R2186,B2186,False,,False,338250
620,680,R2187,B2187,False,,False,336800
620,680,R2188,B2188,False,,False,335400
620,680,R2189,B2189,True,670.0,False,338150
620,680,R2190,B2190,False,,False,335200
620,680,R2191,B2191,True,671.0,False,671800
620,680,R2192,B2192,True,670.0,False,338050
620,680,R2193,B2193,False,,False,337350
620,680,R2194,B2194,True,670.0,False,673400
620,680,R2195,B2195,False,,False,334450
620,680,R2196,B2196,False,,False,335800
620,680,R2197,B2197,True,671.0,False,1013850
620,680,R2198,B2198,True,671.0,False,338250
620,680,R2199,B2199,True,671.0,False,676100
620,680,R2200,B2200,False,,False,336700
620,680,R2201,B2201,False,,False,336300
620,680,R2202,B2202,False,,False,338300
620,680,R2203,B2203,True,672.0,False,338150
620,680,R2204,B2204,True,672.0,False,338250
620,680,R2205,B2205,True,673.0,False,338050
620,680,R2206,B2206,False,,False,333600
620,680,R2207,B2207,False,,False,338250
620,680,R2208,B2208,False,,False,337250
620,680,R2209,B2209,False,,False,338050
620,680,R2210,B2210,True,673.0,False,676100
620,680,R2211,B2211,False,,False,336700
620,680,R2212,B2212,False,,False,337150
620,680,R2213,B2213,False,,False,337250
620,680,R2214,B2214,False,,False,337250
620,680,R2215,B2215,False,,False,338300
620,680,R2216,B2216,False,,False,337250
620,680,R2217,B2217,True,674.0,False,337950
620,680,R2218,B2218,False,,False,335550
620,680,R2219,B2219,False,,False,338050
620,680,R2220,B2220,True,677.0,False,338050
620,680,R2221,B2221,True,674.0,False,335500
620,680,R2222,B2222,False,,False,334050
620,680,R2223,B2223,False,,False,337250
620,680,R2224,B2224,True,677.0,False,1013850
620,680,R2225,B2225,False,,False,338050
620,680,R2226,B2226,False,,False,335900
620,680,R2227,B2227,True,676.0,False,676100
620,680,R2228,B2228,True,675.0,False,336700
620,680,R2229,B2229,False,,False,329000
620,680,R2230,B2230,False,,False,335450
620,680,R2231,B2231,False,,False,337250
620,680,R2232,B2232,False,,False,338300
620,680,R2233,B2233,True,676.0,False,335800
620,680,R2234,B2234,False,,False,337950
620,680,R2235,B2235,False,,False,335900
620,680,R2236,B2236,True,676.0,False,338250
620,680,R2237,B2237,True,678.0,False,336800
620,680,R2238,B2238,False,,False,336700
620,680,R2239,B2239,False,,False,337250
620,680,R2240,B2240,True,679.0,False,676500
620,680,R2241,B2241,True,677.0,False,338150
620,680,R2242,B2242,False,,False,334050
620,680,R2243,B2243,False,,False,336700
620,680,R2244,B2244,False,,False,333600
620,680,R2245,B2245,False,,False,337250
620,680,R2246,B2246,False,,False,338300
620,680,R2247,B2247,True,678.0,False,676500
620,680,R2248,B2248,True,679.0,False,671600
620,680,R2249,B2249,True,678.0,False,337950
620,680,R2250,B2250,True,678.0,False,673400
620,680,R2251,B2251,False,,False,337250
620,680,R2252,B2252,True,679.0,False,676500
620,680,R2253,B2253,True,680.0,False,338150
620,680,R2254,B2254,False,,False,337950
620,680,R2255,B2255,False,,False,338050
620,680,R2256,B2256,True,679.0,False,338050
620,680,R2257,B2257,True,679.0,False,335500
620,680,R2258,B2258,False,,False,337150
620,680,R2259,B2259,False,,False,337250
620,680,R2260,B2260,True,680.0,False,338250
620,680,R2261,B2261,True,680.0,False,338150
620,680,R2262,B2262,False,,False,337950
620,680,R2263,B2263,False,,False,338250
620,680,R2264,B2264,False,,False,335900
620,680,R2265,B2265,False,,False,336250
620,680,R2266,B2266,True,680.0,False,676100
620,680,R2267,B2267,False,,False,338250
620,680,R2268,B2268,False,,False,334050
620,680,R2269,B2269,False,,False,333650
620,680,R2270,B2270,True,680.0,False,674700
640,700,R1818,B1818,False,,False,458650
640,700,R1826,B1826,False,,False,496535
640,700,R1830,B1830,False,,False,496535
640,700,R1832,B1832,False,,False,511250
640,700,R1844,B1844,False,,False,502435
640,700,R1846,B1846,False,,False,473966
640,700,R1848,B1848,False,,False,455479
640,700,R1850,B1850,False,,False,395588
640,700,R1856,B1856,False,,False,463563
640,700,R1862,B1862,False,,False,381056
640,700,R1869,B1869,False,,False,483519
640,700,R1871,B1871,False,,False,511352
640,700,R1873,B1873,False,,False,860333
640,700,R1874,B1874,False,,False,475066
640,700,R1875,B1875,False,,False,426848
640,700,R1878,B1878,False,,False,548112
640,700,R1879,B1879,False,,False,501000
640,700,R1882,B1882,False,,False,530446
640,700,R1884,B1884,False,,False,424764
640,700,R1885,B1885,False,,False,508746
640,700,R1888,B1888,False,,False,463563
640,700,R1889,B1889,False,,False,459485
640,700,R1891,B1891,False,,False,417938
640,700,R1892,B1892,False,,False,506427
640,700,R1894,B1894,False,,False,443601
640,700,R1895,B1895,False,,False,398439
640,700,R1896,B1896,False,,False,482172
640,700,R1897,B1897,False,,False,698785
640,700,R1899,B1899,False,,False,462630
640,700,R1901,B1901,False,,False,348805
640,700,R1902,B1902,False,,False,525300
640,700,R1907,B1907,False,,False,437290
640,700,R1909,B1909,False,,False,508746
640,700,R1910,B1910,False,,False,495596
640,700,R1911,B1911,False,,False,485983
640,700,R1912,B1912,False,,False,548562
640,700,R1913,B1913,False,,False,509351
640,700,R1915,B1915,False,,False,495596
640,700,R1916,B1916,False,,False,482092
640,700,R1920,B1920,False,,False,485983
640,700,R1921,B1921,False,,False,364013
640,700,R1922,B1922,False,,False,459625
640,700,R1923,B1923,False,,False,482092
640,700,R1924,B1924,False,,False,412390
640,700,R1925,B1925,False,,False,419802
640,700,R1926,B1926,False,,False,398806
640,700,R1927,B1927,False,,False,401766
640,700,R1932,B1932,False,,False,464020
640,700,R1933,B1933,False,,False,367116
640,700,R1934,B1934,False,,False,478550
640,700,R1935,B1935,False,,False,466213
640,700,R1936,B1936,False,,False,510323
640,700,R1937,B1937,False,,False,363246
640,700,R1938,B1938,False,,False,369062
640,700,R1941,B1941,False,,False,448662
640,700,R1942,B1942,False,,False,401766
640,700,R1943,B1943,False,,False,367116
640,700,R1945,B1945,False,,False,443081
640,700,R1950,B1950,False,,False,366167
640,700,R1951,B1951,False,,False,418250
640,700,R1952,B1952,False,,False,369062
640,700,R1953,B1953,False,,False,446082
640,700,R1954,B1954,False,,False,419802
640,700,R1957,B1957,False,,False,363585
640,700,R1958,B1958,False,,False,365674
640,700,R1959,B1959,False,,False,367116
640,700,R1964,B1964,True,641.0,True,403513
640,700,R1965,B1965,False,,False,421613
640,700,R1966,B1966,False,,False,397141
640,700,R1967,B1967,False,,False,343529
640,700,R1968,B1968,False,,False,431800
640,700,R1973,B1973,False,,False,366428
640,700,R1974,B1974,False,,False,367683
640,700,R1975,B1975,False,,False,431800
640,700,R1977,B1977,False,,False,410071
640,700,R1978,B1978,False,,False,445643
640,700,R1979,B1979,False,,False,411341
640,700,R1980,B1980,False,,False,443406
640,700,R1981,B1981,True,640.0,True,1256776
640,700,R1982,B1982,True,644.0,True,781131
640,700,R1983,B1983,False,,False,410071
640,700,R1984,B1984,True,640.0,True,822683
640,700,R1985,B1985,False,,False,367116
640,700,R1986,B1986,False,,False,408354
640,700,R1987,B1987,True,644.0,True,530858
640,700,R1988,B1988,False,,False,414727
640,700,R1989,B1989,True,641.0,True,733813
640,700,R1990,B1990,False,,False,363083
640,700,R1991,B1991,False,,False,386461
640,700,R1992,B1992,False,,False,353261
640,700,R1993,B1993,False,,False,357160
640,700,R1994,B1994,True,644.0,True,1099248
640,700,R1995,B1995,False,,False,365071
640,700,R1996,B1996,False,,False,361580
640,700,R1997,B1997,False,,False,356830
640,700,R1998,B1998,False,,False,357898
640,700,R1999,B1999,True,643.0,True,866658
640,700,R2000,B2000,False,,False,357038
640,700,R2001,B2001,False,,False,357048
640,700,R2002,B2002,False,,False,361580
640,700,R2003,B2003,False,,False,357646
640,700,R2004,B2004,False,,False,339953
640,700,R2005,B2005,False,,False,366416
640,700,R2006,B2006,False,,False,358827
640,700,R2007,B2007,False,,False,355635
640,700,R2008,B2008,True,644.0,True,723161
640,700,R2009,B2009,True,646.0,True,433329
640,700,R2010,B2010,False,,False,357038
640,700,R2011,B2011,True,647.0,True,707214
640,700,R2012,B2012,True,646.0,True,433329
640,700,R2013,B2013,False,,False,366416
640,700,R2014,B2014,False,,False,354130
640,700,R2015,B2015,False,,False,355635
640,700,R2016,B2016,False,,False,373302
640,700,R2017,B2017,False,,False,376750
640,700,R2018,B2018,True,648.0,True,386321
640,700,R2019,B2019,True,647.0,True,362057
640,700,R2020,B2020,False,,False,353607
640,700,R2021,B2021,False,,False,355266
640,700,R2022,B2022,True,648.0,True,369466
640,700,R2023,B2023,False,,False,398339
640,700,R2024,B2024,False,,False,366416
640,700,R2025,B2025,False,,False,357272
640,700,R2026,B2026,False,,False,351641
640,700,R2027,B2027,False,,False,357898
640,700,R2028,B2028,False,,False,359511
640,700,R2029,B2029,False,,False,357160
640,700,R2030,B2030,False,,False,358125
640,700,R2031,B2031,False,,False,359278
640,700,R2032,B2032,False,,False,361580
640,700,R2033,B2033,False,,False,357048
640,700,R2034,B2034,False,,False,334852
640,700,R2035,B2035,True,651.0,True,738933
640,700,R2036,B2036,False,,False,377810
640,700,R2037,B2037,False,,False,373926
640,700,R2038,B2038,False,,False,358827
640,700,R2039,B2039,False,,False,365071
640,700,R2040,B2040,False,,False,356322
640,700,R2041,B2041,True,653.0,True,353261
640,700,R2042,B2042,True,651.0,True,369466
640,700,R2043,B2043,False,,False,433329
640,700,R2044,B2044,False,,False,370178
640,700,R2045,B2045,False,,False,398339
640,700,R2046,B2046,False,,False,433329
640,700,R2047,B2047,True,652.0,True,366416
640,700,R2048,B2048,False,,False,373060
640,700,R2049,B2049,False,,False,357048
640,700,R2050,B2050,False,,False,365071
640,700,R2051,B2051,False,,False,361580
640,700,R2052,B2052,False,,False,356830
640,700,R2053,B2053,False,,False,376750
640,700,R2054,B2054,True,655.0,True,1100720
640,700,R2055,B2055,False,,False,373060
640,700,R2056,B2056,False,,False,362057
640,700,R2057,B2057,False,,False,386042
640,700,R2058,B2058,False,,False,361580
640,700,R2059,B2059,False,,False,357160
640,700,R2060,B2060,False,,False,373302
640,700,R2061,B2061,False,,False,377810
640,700,R2062,B2062,False,,False,373926
640,700,R2063,B2063,False,,False,362057
640,700,R2064,B2064,False,,False,361580
640,700,R2065,B2065,False,,False,339953
640,700,R2066,B2066,False,,False,396267
640,700,R2067,B2067,True,655.0,True,366906
640,700,R2068,B2068,False,,False,362057
640,700,R2069,B2069,False,,False,365071
640,700,R2070,B2070,False,,False,339953
640,700,R2071,B2071,False,,False,398339
640,700,R2072,B2072,True,660.0,False,376488
640,700,R2073,B2073,False,,False,373926
640,700,R2074,B2074,False,,False,358827
640,700,R2075,B2075,False,,False,361580
640,700,R2076,B2076,True,659.0,True,706522
640,700,R2077,B2077,False,,False,357898
640,700,R2078,B2078,True,657.0,True,369466
640,700,R2079,B2079,False,,False,354130
640,700,R2080,B2080,True,657.0,True,1086171
640,700,R2081,B2081,False,,False,370178
640,700,R2082,B2082,False,,False,356642
640,700,R2083,B2083,False,,False,374842
640,700,R2084,B2084,False,,False,339953
640,700,R2085,B2085,False,,False,366416
640,700,R2086,B2086,False,,False,358125
640,700,R2087,B2087,True,661.0,False,714545
640,700,R2088,B2088,False,,False,364900
640,700,R2089,B2089,False,,False,358171
640,700,R2090,B2090,True,658.0,True,361580
640,700,R2091,B2091,False,,False,334852
640,700,R2092,B2092,True,660.0,False,369466
640,700,R2093,B2093,False,,False,396267
640,700,R2094,B2094,False,,False,356697
640,700,R2095,B2095,True,659.0,True,373926
640,700,R2096,B2096,False,,False,366906
640,700,R2097,B2097,False,,False,386321
640,700,R2098,B2098,False,,False,373060
640,700,R2099,B2099,False,,False,354130
640,700,R2100,B2100,True,659.0,True,740357
640,700,R2101,B2101,True,659.0,True,370367
640,700,R2102,B2102,False,,False,374218
640,700,R2103,B2103,False,,False,398339
640,700,R2104,B2104,False,,False,356697
640,700,R2105,B2105,True,660.0,False,732832
640,700,R2106,B2106,False,,False,358827
640,700,R2107,B2107,True,664.0,False,362057
640,700,R2108,B2108,False,,False,351641
640,700,R2109,B2109,False,,False,353261
640,700,R2110,B2110,True,661.0,False,711552
640,700,R2111,B2111,False,,False,384564
640,700,R2112,B2112,True,661.0,False,1047420
640,700,R2113,B2113,False,,False,345121
640,700,R2114,B2114,False,,False,344858
640,700,R2115,B2115,False,,False,331101
640,700,R2116,B2116,False,,False,384564
640,700,R2117,B2117,False,,False,356605
640,700,R2118,B2118,True,662.0,False,712076
640,700,R2119,B2119,True,662.0,False,355555
640,700,R2120,B2120,False,,False,349291
640,700,R2121,B2121,True,662.0,False,353214
640,700,R2122,B2122,False,,False,350935
640,700,R2123,B2123,False,,False,349140
640,700,R2124,B2124,False,,False,353883
640,700,R2125,B2125,False,,False,347313
640,700,R2126,B2126,True,663.0,False,357111
640,700,R2127,B2127,False,,False,349291
640,700,R2128,B2128,False,,False,347194
640,700,R2129,B2129,False,,False,344986
640,700,R2130,B2130,False,,False,350935
640,700,R2131,B2131,False,,False,349140
640,700,R2132,B2132,False,,False,355309
640,700,R2133,B2133,False,,False,347448
640,700,R2134,B2134,False,,False,344858
640,700,R2135,B2135,False,,False,331101
640,700,R2136,B2136,False,,False,347205
640,700,R2137,B2137,False,,False,353883
640,700,R2138,B2138,False,,False,352183
640,700,R2139,B2139,True,666.0,False,355555
640,700,R2140,B2140,False,,False,350053
640,700,R2141,B2141,False,,False,349140
640,700,R2142,B2142,False,,False,353883
640,700,R2143,B2143,True,665.0,False,769129
640,700,R2144,B2144,True,669.0,False,704856
640,700,R2145,B2145,True,665.0,False,711110
640,700,R2146,B2146,False,,False,350053
640,700,R2147,B2147,False,,False,353214
640,700,R2148,B2148,True,665.0,False,694896
640,700,R2149,B2149,False,,False,368294
640,700,R2150,B2150,False,,False,384564
640,700,R2151,B2151,False,,False,357369
640,700,R2152,B2152,False,,False,347313
640,700,R2153,B2153,True,666.0,False,357111
640,700,R2154,B2154,False,,False,350053
640,700,R2155,B2155,False,,False,351175
640,700,R2156,B2156,True,666.0,False,349140
640,700,R2157,B2157,True,668.0,False,695148
640,700,R2158,B2158,False,,False,331101
640,700,R2159,B2159,False,,False,347205
640,700,R2160,B2160,False,,False,367258
640,700,R2161,B2161,False,,False,357369
640,700,R2162,B2162,False,,False,356038
640,700,R2163,B2163,False,,False,352428
640,700,R2164,B2164,False,,False,349291
640,700,R2165,B2165,False,,False,350053
640,700,R2166,B2166,False,,False,349140
640,700,R2167,B2167,False,,False,343628
640,700,R2168,B2168,False,,False,347448
640,700,R2169,B2169,False,,False,344858
640,700,R2170,B2170,False,,False,347205
640,700,R2171,B2171,False,,False,356038
640,700,R2172,B2172,False,,False,347313
640,700,R2173,B2173,True,669.0,False,1066665
640,700,R2174,B2174,True,668.0,False,700107
640,700,R2175,B2175,False,,False,347099
640,700,R2176,B2176,False,,False,347574
640,700,R2177,B2177,False,,False,384564
640,700,R2178,B2178,False,,False,357369
640,700,R2179,B2179,False,,False,352428
640,700,R2180,B2180,False,,False,355555
640,700,R2181,B2181,False,,False,351175
640,700,R2182,B2182,False,,False,344986
640,700,R2183,B2183,False,,False,347448
640,700,R2184,B2184,False,,False,344858
640,700,R2185,B2185,False,,False,347205
640,700,R2186,B2186,False,,False,355776
640,700,R2187,B2187,False,,False,351179
640,700,R2188,B2188,False,,False,356605
640,700,R2189,B2189,False,,False,356038
640,700,R2190,B2190,False,,False,344804
640,700,R2191,B2191,True,674.0,False,690030
640,700,R2192,B2192,False,,False,350053
640,700,R2193,B2193,False,,False,347311
640,700,R2194,B2194,True,670.0,False,698280
640,700,R2195,B2195,False,,False,344858
640,700,R2196,B2196,False,,False,384564
640,700,R2197,B2197,True,674.0,False,1057285
640,700,R2198,B2198,False,,False,362285
640,700,R2199,B2199,True,671.0,False,700107
640,700,R2200,B2200,False,,False,349140
640,700,R2201,B2201,False,,False,346440
640,700,R2202,B2202,False,,False,353883
640,700,R2203,B2203,False,,False,356038
640,700,R2204,B2204,False,,False,362285
640,700,R2205,B2205,False,,False,350053
640,700,R2206,B2206,False,,False,344961
640,700,R2207,B2207,False,,False,355776
640,700,R2208,B2208,False,,False,346973
640,700,R2209,B2209,False,,False,355555
640,700,R2210,B2210,True,673.0,False,700107
640,700,R2211,B2211,False,,False,349140
640,700,R2212,B2212,False,,False,347099
640,700,R2213,B2213,False,,False,347448
640,700,R2214,B2214,False,,False,347205
640,700,R2215,B2215,False,,False,353883
640,700,R2216,B2216,False,,False,346973
640,700,R2217,B2217,False,,False,352183
640,700,R2218,B2218,False,,False,371539
640,700,R2219,B2219,False,,False,355555
640,700,R2220,B2220,False,,False,350053
640,700,R2221,B2221,False,,False,346835
640,700,R2222,B2222,False,,False,344842
640,700,R2223,B2223,False,,False,347574
640,700,R2224,B2224,True,675.0,False,1057285
640,700,R2225,B2225,False,,False,355555
640,700,R2226,B2226,False,,False,345015
640,700,R2227,B2227,True,676.0,False,700107
640,700,R2228,B2228,True,675.0,False,349140
640,700,R2229,B2229,False,,False,341619
640,700,R2230,B2230,False,,False,355146
640,700,R2231,B2231,False,,False,347205
640,700,R2232,B2232,False,,False,353883
640,700,R2233,B2233,False,,False,384564
640,700,R2234,B2234,False,,False,352183
640,700,R2235,B2235,False,,False,345015
640,700,R2236,B2236,True,676.0,False,356148
640,700,R2237,B2237,False,,False,350935
640,700,R2238,B2238,False,,False,349140
640,700,R2239,B2239,False,,False,347205
640,700,R2240,B2240,True,677.0,False,734517
640,700,R2241,B2241,False,,False,356038
640,700,R2242,B2242,False,,False,344986
640,700,R2243,B2243,False,,False,349140
640,700,R2244,B2244,False,,False,345121
640,700,R2245,B2245,False,,False,347448
640,700,R2246,B2246,False,,False,353883
640,700,R2247,B2247,True,678.0,False,736589
640,700,R2248,B2248,True,678.0,False,769129
640,700,R2249,B2249,True,678.0,False,352945
640,700,R2250,B2250,True,678.0,False,698280
640,700,R2251,B2251,False,,False,347205
640,700,R2252,B2252,True,679.0,False,734517
640,700,R2253,B2253,False,,False,356038
640,700,R2254,B2254,True,679.0,False,352428
640,700,R2255,B2255,False,,False,355555
640,700,R2256,B2256,False,,False,350053
640,700,R2257,B2257,False,,False,346835
640,700,R2258,B2258,False,,False,347099
640,700,R2259,B2259,True,679.0,False,347448
640,700,R2260,B2260,False,,False,357369
640,700,R2261,B2261,False,,False,356038
640,700,R2262,B2262,False,,False,352183
640,700,R2263,B2263,False,,False,362285
640,700,R2264,B2264,False,,False,345015
640,700,R2265,B2265,False,,False,347187
640,700,R2266,B2266,True,680.0,False,700107
640,700,R2267,B2267,False,,False,356148
640,700,R2268,B2268,False,,False,344842
640,700,R2269,B2269,False,,False,343628
640,700,R2270,B2270,True,680.0,False,706882
640,700,R2271,B2271,False,,False,338250
640,700,R2272,B2272,True,681.0,False,338250
640,700,R2273,B2273,False,,False,337950
640,700,R2274,B2274,False,,False,338400
640,700,R2275,B2275,False,,False,338250
640,700,R2276,B2276,True,681.0,False,676100
640,700,R2277,B2277,False,,False,338250
640,700,R2278,B2278,True,681.0,False,1010100
640,700,R2279,B2279,False,,False,336400
640,700,R2280,B2280,False,,False,337250
640,700,R2281,B2281,True,682.0,False,338300
640,700,R2282,B2282,False,,False,338250
640,700,R2283,B2283,False,,False,338150
640,700,R2284,B2284,True,682.0,False,1015200
640,700,R2285,B2285,False,,False,338250
640,700,R2286,B2286,False,,False,336250
640,700,R2287,B2287,True,682.0,False,338050
640,700,R2288,B2288,False,,False,335800
640,700,R2289,B2289,False,,False,335800
640,700,R2290,B2290,False,,False,327450
640,700,R2291,B2291,False,,False,338250
640,700,R2292,B2292,True,683.0,False,676600
640,700,R2293,B2293,True,683.0,False,676500
640,700,R2294,B2294,True,685.0,False,673600
640,700,R2295,B2295,False,,False,335400
640,700,R2296,B2296,True,684.0,False,676500
640,700,R2297,B2297,True,683.0,False,1014750
640,700,R2298,B2298,False,,False,336250
640,700,R2299,B2299,True,683.0,False,676100
640,700,R2300,B2300,False,,False,337350
640,700,R2301,B2301,True,683.0,False,673400
640,700,R2302,B2302,False,,False,337250
640,700,R2303,B2303,False,,False,322250
640,700,R2304,B2304,True,685.0,False,676600
640,700,R2305,B2305,True,686.0,False,676300
640,700,R2306,B2306,False,,False,336250
640,700,R2307,B2307,False,,False,338050
640,700,R2308,B2308,True,684.0,False,1353000
640,700,R2309,B2309,False,,False,336250
640,700,R2310,B2310,False,,False,331000
640,700,R2311,B2311,False,,False,337150
640,700,R2312,B2312,True,685.0,False,674500
640,700,R2313,B2313,False,,False,338250
640,700,R2314,B2314,False,,False,338400
640,700,R2315,B2315,False,,False,338250
640,700,R2316,B2316,True,685.0,False,676100
640,700,R2317,B2317,True,685.0,False,1345000
640,700,R2318,B2318,True,685.0,False,676100
640,700,R2319,B2319,True,685.0,False,334050
640,700,R2320,B2320,False,,False,322250
640,700,R2321,B2321,False,,False,338250
640,700,R2322,B2322,False,,False,338300
640,700,R2323,B2323,True,686.0,False,336800
640,700,R2324,B2324,False,,False,337950
640,700,R2325,B2325,True,686.0,False,676800
640,700,R2326,B2326,True,692.0,False,676100
640,700,R2327,B2327,True,686.0,False,1014150
640,700,R2328,B2328,False,,False,338250
640,700,R2329,B2329,False,,False,336250
640,700,R2330,B2330,False,,False,335800
640,700,R2331,B2331,False,,False,335500
640,700,R2332,B2332,True,687.0,False,676500
640,700,R2333,B2333,True,687.0,False,676500
640,700,R2334,B2334,True,689.0,False,338150
640,700,R2335,B2335,False,,False,337950
640,700,R2336,B2336,False,,False,338250
640,700,R2337,B2337,False,,False,338050
640,700,R2338,B2338,False,,False,338250
640,700,R2339,B2339,False,,False,335450
640,700,R2340,B2340,False,,False,334450
640,700,R2341,B2341,False,,False,322250
640,700,R2342,B2342,True,692.0,False,674500
640,700,R2343,B2343,False,,False,338150
640,700,R2344,B2344,False,,False,335800
640,700,R2345,B2345,False,,False,338400
640,700,R2346,B2346,True,688.0,False,676500
640,700,R2347,B2347,False,,False,338050
640,700,R2348,B2348,False,,False,338250
640,700,R2349,B2349,True,688.0,False,673400
640,700,R2350,B2350,False,,False,333650
640,700,R2351,B2351,False,,False,654900
640,700,R2352,B2352,False,,False,337250
640,700,R2353,B2353,True,689.0,False,676600
640,700,R2354,B2354,False,,False,338250
640,700,R2355,B2355,True,689.0,False,676500
640,700,R2356,B2356,True,689.0,False,675900
640,700,R2357,B2357,True,689.0,False,676100
640,700,R2358,B2358,True,698.0,False,1008750
640,700,R2359,B2359,False,,False,334050
640,700,R2360,B2360,False,,False,336700
640,700,R2361,B2361,True,689.0,False,337250
640,700,R2362,B2362,False,,False,338300
640,700,R2363,B2363,True,690.0,False,1010400
640,700,R2364,B2364,True,691.0,False,338150
640,700,R2365,B2365,False,,False,338400
640,700,R2366,B2366,False,,False,338250
640,700,R2367,B2367,True,696.0,False,676100
640,700,R2368,B2368,False,,False,335900
640,700,R2369,B2369,True,690.0,False,338050
640,700,R2370,B2370,False,,False,336100
640,700,R2371,B2371,False,,False,337950
640,700,R2372,B2372,False,,False,335400
640,700,R2373,B2373,True,690.0,False,668100
640,700,R2374,B2374,False,,False,336800
640,700,R2375,B2375,True,691.0,False,336700
640,700,R2376,B2376,False,,False,333600
640,700,R2377,B2377,True,695.0,False,1349000
640,700,R2378,B2378,False,,False,337350
640,700,R2379,B2379,False,,False,338250
640,700,R2380,B2380,False,,False,338300
640,700,R2381,B2381,False,,False,338250
640,700,R2382,B2382,False,,False,335800
640,700,R2383,B2383,False,,False,335400
640,700,R2384,B2384,False,,False,338150
640,700,R2385,B2385,False,,False,337950
640,700,R2386,B2386,False,,False,338250
640,700,R2387,B2387,False,,False,338050
640,700,R2388,B2388,True,691.0,False,672500
640,700,R2389,B2389,True,691.0,False,338050
640,700,R2390,B2390,True,694.0,False,676500
640,700,R2391,B2391,False,,False,336250
640,700,R2392,B2392,False,,False,337150
640,700,R2393,B2393,False,,False,335400
640,700,R2394,B2394,True,694.0,False,676500
640,700,R2395,B2395,False,,False,336800
640,700,R2396,B2396,True,694.0,False,676300
640,700,R2397,B2397,True,692.0,False,675900
640,700,R2398,B2398,False,,False,338400
640,700,R2399,B2399,True,695.0,False,338050
640,700,R2400,B2400,False,,False,335500
640,700,R2401,B2401,True,693.0,False,1014150
640,700,R2402,B2402,True,694.0,False,672500
640,700,R2403,B2403,False,,False,337350
640,700,R2404,B2404,False,,False,336700
640,700,R2405,B2405,False,,False,333600
640,700,R2406,B2406,False,,False,336400
640,700,R2407,B2407,False,,False,337350
640,700,R2408,B2408,False,,False,336800
640,700,R2409,B2409,False,,False,337250
640,700,R2410,B2410,False,,False,335400
640,700,R2411,B2411,False,,False,338150
640,700,R2412,B2412,False,,False,338400
640,700,R2413,B2413,True,693.0,False,676100
640,700,R2414,B2414,False,,False,335500
640,700,R2415,B2415,True,694.0,False,676100
640,700,R2416,B2416,False,,False,338250
640,700,R2417,B2417,False,,False,336250
640,700,R2418,B2418,False,,False,337150
640,700,R2419,B2419,False,,False,334050
640,700,R2420,B2420,False,,False,336400
640,700,R2421,B2421,False,,False,337150
640,700,R2422,B2422,False,,False,338300
640,700,R2423,B2423,False,,False,335800
640,700,R2424,B2424,False,,False,338150
640,700,R2425,B2425,False,,False,338400
640,700,R2426,B2426,False,,False,338250
640,700,R2427,B2427,True,694.0,False,338050
640,700,R2428,B2428,True,695.0,False,336250
640,700,R2429,B2429,True,694.0,False,676100
640,700,R2430,B2430,False,,False,335800
640,700,R2431,B2431,False,,False,333650
640,700,R2432,B2432,False,,False,336800
640,700,R2433,B2433,False,,False,338150
640,700,R2434,B2434,True,697.0,False,676500
640,700,R2435,B2435,False,,False,336250
640,700,R2436,B2436,False,,False,338050
640,700,R2437,B2437,False,,False,336250
640,700,R2438,B2438,False,,False,337350
640,700,R2439,B2439,False,,False,336800
640,700,R2440,B2440,False,,False,338250
640,700,R2441,B2441,True,696.0,False,338250
640,700,R2442,B2442,False,,False,336800
640,700,R2443,B2443,False,,False,337950
640,700,R2444,B2444,False,,False,338400
640,700,R2445,B2445,False,,False,338250
640,700,R2446,B2446,True,698.0,False,676100
640,700,R2447,B2447,False,,False,338050
640,700,R2448,B2448,True,696.0,False,672500
640,700,R2449,B2449,False,,False,338050
640,700,R2450,B2450,False,,False,335800
640,700,R2451,B2451,False,,False,334050
640,700,R2452,B2452,False,,False,337250
640,700,R2453,B2453,True,697.0,False,676500
640,700,R2454,B2454,False,,False,338250
640,700,R2455,B2455,True,697.0,False,673600
640,700,R2456,B2456,True,699.0,False,670800
640,700,R2457,B2457,False,,False,338400
640,700,R2458,B2458,True,700.0,False,676500
640,700,R2459,B2459,True,697.0,False,336250
640,700,R2460,B2460,False,,False,337350
640,700,R2461,B2461,False,,False,335500
640,700,R2462,B2462,False,,False,337250
640,700,R2463,B2463,False,,False,338250
640,700,R2464,B2464,True,698.0,False,670800
640,700,R2465,B2465,True,700.0,False,676500
640,700,R2466,B2466,False,,False,338150
640,700,R2467,B2467,True,698.0,False,676100
640,700,R2468,B2468,True,698.0,False,676100
640,700,R2469,B2469,False,,False,337350
640,700,R2470,B2470,False,,False,338250
640,700,R2471,B2471,False,,False,338300
640,700,R2472,B2472,True,699.0,False,1014750
640,700,R2473,B2473,False,,False,335400
640,700,R2474,B2474,True,699.0,False,676300
640,700,R2475,B2475,True,699.0,False,676100
640,700,R2476,B2476,True,699.0,False,672500
640,700,R2477,B2477,False,,False,336800
640,700,R2478,B2478,False,,False,317500
640,700,R2479,B2479,False,,False,338250
640,700,R2480,B2480,False,,False,338250
640,700,R2481,B2481,True,700.0,False,1014750
640,700,R2482,B2482,True,700.0,False,676300
640,700,R2483,B2483,True,700.0,False,676500
640,700,R2484,B2484,False,,False,338050
640,700,R2485,B2485,False,,False,338050
640,700,R2486,B2486,False,,False,338250
640,700,R2487,B2487,True,700.0,False,672500
640,700,R2488,B2488,False,,False,338050
640,700,R2489,B2489,False,,False,336800
640,700,R2490,B2490,False,,False,334450
660,720,R1952,B1952,False,,False,511250
660,720,R1957,B1957,False,,False,493308
660,720,R1958,B1958,False,,False,500981
660,720,R1959,B1959,False,,False,496535
660,720,R1967,B1967,False,,False,456323
660,720,R1985,B1985,False,,False,496535
660,720,R1992,B1992,False,,False,482318
660,720,R1993,B1993,False,,False,456714
660,720,R1997,B1997,False,,False,459485
660,720,R1998,B1998,False,,False,430166
660,720,R2000,B2000,False,,False,425947
660,720,R2001,B2001,False,,False,426694
660,720,R2003,B2003,False,,False,429033
660,720,R2004,B2004,False,,False,375360
660,720,R2006,B2006,False,,False,473966
660,720,R2007,B2007,False,,False,463563
660,720,R2010,B2010,False,,False,425947
660,720,R2013,B2013,False,,False,508746
660,720,R2014,B2014,False,,False,417938
660,720,R2015,B2015,False,,False,463563
660,720,R2016,B2016,False,,False,548562
660,720,R2017,B2017,False,,False,521475
660,720,R2020,B2020,False,,False,393521
660,720,R2021,B2021,False,,False,396899
660,720,R2023,B2023,False,,False,698785
660,720,R2024,B2024,False,,False,508746
660,720,R2025,B2025,False,,False,397117
660,720,R2026,B2026,False,,False,392923
660,720,R2027,B2027,False,,False,399194
660,720,R2028,B2028,False,,False,440400
660,720,R2029,B2029,False,,False,396982
660,720,R2030,B2030,False,,False,401875
660,720,R2031,B2031,False,,False,450028
660,720,R2032,B2032,False,,False,485983
660,720,R2033,B2033,False,,False,396846
660,720,R2034,B2034,False,,False,369558
660,720,R2036,B2036,False,,False,462630
660,720,R2037,B2037,False,,False,552809
660,720,R2038,B2038,False,,False,439425
660,720,R2039,B2039,False,,False,506427
660,720,R2040,B2040,False,,False,435849
660,720,R2043,B2043,False,,False,920976
660,720,R2044,B2044,False,,False,539821
660,720,R2045,B2045,False,,False,608651
660,720,R2046,B2046,False,,False,774682
660,720,R2048,B2048,False,,False,495596
660,720,R2049,B2049,False,,False,366998
660,720,R2050,B2050,False,,False,464020
660,720,R2051,B2051,False,,False,448662
660,720,R2052,B2052,False,,False,397892
660,720,R2053,B2053,False,,False,459450
660,720,R2055,B2055,False,,False,495596
660,720,R2056,B2056,False,,False,446082
660,720,R2057,B2057,False,,False,561890
660,720,R2058,B2058,False,,False,448662
660,720,R2059,B2059,False,,False,367116
660,720,R2060,B2060,False,,False,495984
660,720,R2061,B2061,False,,False,399015
660,720,R2062,B2062,False,,False,499144
660,720,R2063,B2063,False,,False,446082
660,720,R2064,B2064,False,,False,448662
660,720,R2065,B2065,False,,False,348805
660,720,R2066,B2066,False,,False,599327
660,720,R2068,B2068,False,,False,446082
660,720,R2069,B2069,False,,False,464020
660,720,R2070,B2070,False,,False,348805
660,720,R2071,B2071,False,,False,608651
660,720,R2072,B2072,True,660.0,True,510323
660,720,R2073,B2073,False,,False,499144
660,720,R2074,B2074,False,,False,404883
660,720,R2075,B2075,False,,False,448662
660,720,R2077,B2077,False,,False,368222
660,720,R2079,B2079,False,,False,363246
660,720,R2081,B2081,True,660.0,True,488928
660,720,R2082,B2082,False,,False,368163
660,720,R2083,B2083,False,,False,453628
660,720,R2084,B2084,False,,False,348805
660,720,R2085,B2085,False,,False,423348
660,720,R2086,B2086,False,,False,369062
660,720,R2087,B2087,False,,False,734467
660,720,R2088,B2088,False,,False,378626
660,720,R2089,B2089,False,,False,403513
660,720,R2091,B2091,False,,False,343529
660,720,R2092,B2092,False,,False,431800
660,720,R2093,B2093,False,,False,512301
660,720,R2094,B2094,False,,False,366421
660,720,R2096,B2096,False,,False,424820
660,720,R2097,B2097,False,,False,482464
660,720,R2098,B2098,False,,False,443081
660,720,R2099,B2099,False,,False,363246
660,720,R2102,B2102,False,,False,393127
660,720,R2103,B2103,False,,False,518517
660,720,R2104,B2104,False,,False,366421
660,720,R2105,B2105,True,663.0,True,846696
660,720,R2106,B2106,False,,False,370341
660,720,R2107,B2107,False,,False,410071
660,720,R2108,B2108,False,,False,361961
660,720,R2109,B2109,False,,False,366167
660,720,R2110,B2110,True,664.0,True,816708
660,720,R2111,B2111,False,,False,530858
660,720,R2112,B2112,True,661.0,True,1159383
660,720,R2113,B2113,False,,False,356642
660,720,R2114,B2114,False,,False,355266
660,720,R2115,B2115,False,,False,339953
660,720,R2116,B2116,False,,False,433329
660,720,R2117,B2117,False,,False,377810
660,720,R2118,B2118,True,663.0,True,819406
660,720,R2119,B2119,False,,False,373060
660,720,R2120,B2120,False,,False,363083
660,720,R2121,B2121,False,,False,404107
660,720,R2122,B2122,False,,False,365071
660,720,R2123,B2123,False,,False,361580
660,720,R2124,B2124,False,,False,369466
660,720,R2125,B2125,False,,False,358827
660,720,R2126,B2126,False,,False,375822
660,720,R2127,B2127,False,,False,363083
660,720,R2128,B2128,False,,False,357038
660,720,R2129,B2129,False,,False,355923
660,720,R2130,B2130,False,,False,365071
660,720,R2131,B2131,False,,False,361580
660,720,R2132,B2132,False,,False,374218
660,720,R2133,B2133,False,,False,357646
660,720,R2134,B2134,False,,False,355266
660,720,R2135,B2135,False,,False,339953
660,720,R2136,B2136,False,,False,357160
660,720,R2137,B2137,False,,False,369466
660,720,R2138,B2138,False,,False,366416
660,720,R2139,B2139,False,,False,373060
660,720,R2140,B2140,False,,False,362057
660,720,R2141,B2141,False,,False,361580
660,720,R2142,B2142,False,,False,369466
660,720,R2143,B2143,True,665.0,True,866658
660,720,R2144,B2144,True,669.0,True,733813
660,720,R2145,B2145,True,665.0,True,746120
660,720,R2146,B2146,False,,False,362057
660,720,R2147,B2147,False,,False,370178
660,720,R2148,B2148,False,,False,715292
660,720,R2149,B2149,False,,False,398339
660,720,R2150,B2150,False,,False,433329
660,720,R2151,B2151,False,,False,376488
660,720,R2152,B2152,False,,False,358827
660,720,R2153,B2153,False,,False,375822
660,720,R2154,B2154,False,,False,362057
660,720,R2155,B2155,False,,False,364900
660,720,R2156,B2156,False,,False,361580
660,720,R2157,B2157,False,,False,715796
660,720,R2158,B2158,False,,False,339953
660,720,R2159,B2159,False,,False,357160
660,720,R2160,B2160,False,,False,396267
660,720,R2161,B2161,False,,False,376488
660,720,R2162,B2162,False,,False,373926
660,720,R2163,B2163,False,,False,366906
660,720,R2164,B2164,False,,False,363083
660,720,R2165,B2165,False,,False,362057
660,720,R2166,B2166,False,,False,361580
660,720,R2167,B2167,False,,False,353607
660,720,R2168,B2168,False,,False,357646
660,720,R2169,B2169,False,,False,355266
660,720,R2170,B2170,False,,False,357160
660,720,R2171,B2171,False,,False,373926
660,720,R2172,B2172,False,,False,358827
660,720,R2173,B2173,True,673.0,True,1119181
660,720,R2174,B2174,True,668.0,True,724114
660,720,R2175,B2175,False,,False,357048
660,720,R2176,B2176,False,,False,357898
660,720,R2177,B2177,False,,False,433329
660,720,R2178,B2178,False,,False,376488
660,720,R2179,B2179,False,,False,366906
660,720,R2180,B2180,False,,False,373060
660,720,R2181,B2181,False,,False,364900
660,720,R2182,B2182,False,,False,355923
660,720,R2183,B2183,False,,False,357646
660,720,R2184,B2184,False,,False,355266
660,720,R2185,B2185,False,,False,357160
660,720,R2186,B2186,False,,False,373302
660,720,R2187,B2187,False,,False,365558
660,720,R2188,B2188,False,,False,377810
660,720,R2189,B2189,False,,False,373926
660,720,R2190,B2190,False,,False,354409
660,720,R2191,B2191,True,670.0,True,708261
660,720,R2192,B2192,False,,False,362057
660,720,R2193,B2193,False,,False,357272
660,720,R2194,B2194,True,670.0,True,723161
660,720,R2195,B2195,False,,False,355266
660,720,R2196,B2196,False,,False,433329
660,720,R2197,B2197,True,671.0,True,1100720
660,720,R2198,B2198,False,,False,386321
660,720,R2199,B2199,True,674.0,True,724114
660,720,R2200,B2200,False,,False,361580
660,720,R2201,B2201,False,,False,356580
660,720,R2202,B2202,False,,False,369466
660,720,R2203,B2203,False,,False,373926
660,720,R2204,B2204,False,,False,386321
660,720,R2205,B2205,False,,False,362057
660,720,R2206,B2206,False,,False,356322
660,720,R2207,B2207,False,,False,373302
660,720,R2208,B2208,False,,False,356697
660,720,R2209,B2209,False,,False,373060
660,720,R2210,B2210,True,673.0,True,724114
660,720,R2211,B2211,False,,False,361580
660,720,R2212,B2212,False,,False,357048
660,720,R2213,B2213,False,,False,357646
660,720,R2214,B2214,False,,False,357160
660,720,R2215,B2215,False,,False,369466
660,720,R2216,B2216,False,,False,356697
660,720,R2217,B2217,False,,False,366416
660,720,R2218,B2218,False,,False,407528
660,720,R2219,B2219,False,,False,373060
660,720,R2220,B2220,False,,False,362057
660,720,R2221,B2221,False,,False,358171
660,720,R2222,B2222,False,,False,355635
660,720,R2223,B2223,False,,False,357898
660,720,R2224,B2224,True,675.0,True,1100720
660,720,R2225,B2225,False,,False,373060
660,720,R2226,B2226,False,,False,354130
660,720,R2227,B2227,True,675.0,True,724114
660,720,R2228,B2228,False,,False,361580
660,720,R2229,B2229,False,,False,354238
660,720,R2230,B2230,False,,False,374842
660,720,R2231,B2231,False,,False,357160
660,720,R2232,B2232,False,,False,369466
660,720,R2233,B2233,True,676.0,True,433329
660,720,R2234,B2234,False,,False,366416
660,720,R2235,B2235,False,,False,354130
660,720,R2236,B2236,False,,False,374047
660,720,R2237,B2237,False,,False,365071
660,720,R2238,B2238,False,,False,361580
660,720,R2239,B2239,False,,False,357160
660,720,R2240,B2240,True,679.0,True,792534
660,720,R2241,B2241,False,,False,373926
660,720,R2242,B2242,False,,False,355923
660,720,R2243,B2243,False,,False,361580
660,720,R2244,B2244,False,,False,356642
660,720,R2245,B2245,False,,False,357646
660,720,R2246,B2246,False,,False,369466
660,720,R2247,B2247,True,678.0,True,796678
660,720,R2248,B2248,True,679.0,True,866658
660,720,R2249,B2249,False,,False,367941
660,720,R2250,B2250,True,678.0,True,723161
660,720,R2251,B2251,False,,False,357160
660,720,R2252,B2252,True,679.0,True,792534
660,720,R2253,B2253,False,,False,373926
660,720,R2254,B2254,False,,False,366906
660,720,R2255,B2255,False,,False,373060
660,720,R2256,B2256,False,,False,362057
660,720,R2257,B2257,False,,False,358171
660,720,R2258,B2258,False,,False,357048
660,720,R2259,B2259,False,,False,357646
660,720,R2260,B2260,False,,False,376488
660,720,R2261,B2261,False,,False,373926
660,720,R2262,B2262,False,,False,366416
660,720,R2263,B2263,False,,False,386321
660,720,R2264,B2264,False,,False,354130
660,720,R2265,B2265,False,,False,358125
660,720,R2266,B2266,True,680.0,False,724114
660,720,R2267,B2267,False,,False,374047
660,720,R2268,B2268,False,,False,355635
660,720,R2269,B2269,False,,False,353607
660,720,R2270,B2270,True,680.0,False,739065
660,720,R2271,B2271,False,,False,355776
660,720,R2272,B2272,False,,False,367258
660,720,R2273,B2273,False,,False,352428
660,720,R2274,B2274,False,,False,357111
660,720,R2275,B2275,False,,False,362285
660,720,R2276,B2276,True,681.0,False,711110
660,720,R2277,B2277,False,,False,356148
660,720,R2278,B2278,True,681.0,False,1047420
660,720,R2279,B2279,False,,False,350501
660,720,R2280,B2280,False,,False,347448
660,720,R2281,B2281,False,,False,353883
660,720,R2282,B2282,False,,False,368294
660,720,R2283,B2283,False,,False,356038
660,720,R2284,B2284,True,682.0,False,1071333
660,720,R2285,B2285,False,,False,362285
660,720,R2286,B2286,False,,False,347187
660,720,R2287,B2287,False,,False,350053
660,720,R2288,B2288,False,,False,360921
660,720,R2289,B2289,False,,False,381855
660,720,R2290,B2290,False,,False,340355
660,720,R2291,B2291,False,,False,355776
660,720,R2292,B2292,True,687.0,False,707766
660,720,R2293,B2293,True,683.0,False,734517
660,720,R2294,B2294,True,683.0,False,702358
660,720,R2295,B2295,False,,False,356075
660,720,R2296,B2296,True,686.0,False,714738
660,720,R2297,B2297,True,683.0,False,1086857
660,720,R2298,B2298,False,,False,347187
660,720,R2299,B2299,True,683.0,False,700107
660,720,R2300,B2300,False,,False,347194
660,720,R2301,B2301,True,683.0,False,698280
660,720,R2302,B2302,False,,False,347448
660,720,R2303,B2303,False,,False,331101
660,720,R2304,B2304,True,684.0,False,707766
660,720,R2305,B2305,True,684.0,False,712076
660,720,R2306,B2306,False,,False,347187
660,720,R2307,B2307,False,,False,350053
660,720,R2308,B2308,True,684.0,False,1424595
660,720,R2309,B2309,False,,False,353214
660,720,R2310,B2310,False,,False,341320
660,720,R2311,B2311,False,,False,347099
660,720,R2312,B2312,True,688.0,False,695148
660,720,R2313,B2313,False,,False,357369
660,720,R2314,B2314,False,,False,357111
660,720,R2315,B2315,False,,False,362285
660,720,R2316,B2316,True,685.0,False,711110
660,720,R2317,B2317,True,685.0,False,1388750
660,720,R2318,B2318,True,686.0,False,700107
660,720,R2319,B2319,False,,False,344986
660,720,R2320,B2320,False,,False,331101
660,720,R2321,B2321,False,,False,355776
660,720,R2322,B2322,False,,False,353883
660,720,R2323,B2323,False,,False,351179
660,720,R2324,B2324,False,,False,352183
660,720,R2325,B2325,True,686.0,False,714222
660,720,R2326,B2326,True,692.0,False,711110
660,720,R2327,B2327,True,686.0,False,1050160
660,720,R2328,B2328,False,,False,356148
660,720,R2329,B2329,False,,False,353214
660,720,R2330,B2330,False,,False,381855
660,720,R2331,B2331,False,,False,346835
660,720,R2332,B2332,True,687.0,False,734517
660,720,R2333,B2333,True,687.0,False,714738
660,720,R2334,B2334,False,,False,356038
660,720,R2335,B2335,False,,False,352428
660,720,R2336,B2336,False,,False,362285
660,720,R2337,B2337,False,,False,350053
660,720,R2338,B2338,False,,False,356148
660,720,R2339,B2339,False,,False,355146
660,720,R2340,B2340,False,,False,344858
660,720,R2341,B2341,False,,False,331101
660,720,R2342,B2342,True,687.0,False,694410
660,720,R2343,B2343,False,,False,356038
660,720,R2344,B2344,False,,False,347313
660,720,R2345,B2345,False,,False,357111
660,720,R2346,B2346,True,688.0,False,724571
660,720,R2347,B2347,False,,False,355555
660,720,R2348,B2348,False,,False,356148
660,720,R2349,B2349,True,688.0,False,698280
660,720,R2350,B2350,False,,False,343628
660,720,R2351,B2351,False,,False,680711
660,720,R2352,B2352,False,,False,347574
660,720,R2353,B2353,True,691.0,False,707766
660,720,R2354,B2354,False,,False,367258
660,720,R2355,B2355,True,689.0,False,714738
660,720,R2356,B2356,True,689.0,False,704856
660,720,R2357,B2357,True,689.0,False,711110
660,720,R2358,B2358,True,689.0,False,1041562
660,720,R2359,B2359,False,,False,344986
660,720,R2360,B2360,False,,False,349140
660,720,R2361,B2361,False,,False,347205
660,720,R2362,B2362,False,,False,353883
660,720,R2363,B2363,True,694.0,False,1053537
660,720,R2364,B2364,False,,False,356038
660,720,R2365,B2365,False,,False,357111
660,720,R2366,B2366,False,,False,362285
660,720,R2367,B2367,True,696.0,False,711110
660,720,R2368,B2368,False,,False,345015
660,720,R2369,B2369,False,,False,350053
660,720,R2370,B2370,False,,False,375647
660,720,R2371,B2371,False,,False,352945
660,720,R2372,B2372,False,,False,347743
660,720,R2373,B2373,True,690.0,False,689685
660,720,R2374,B2374,False,,False,350935
660,720,R2375,B2375,False,,False,349140
660,720,R2376,B2376,False,,False,344961
660,720,R2377,B2377,True,690.0,False,1390296
660,720,R2378,B2378,False,,False,353441
660,720,R2379,B2379,False,,False,355776
660,720,R2380,B2380,False,,False,353883
660,720,R2381,B2381,False,,False,367258
660,720,R2382,B2382,False,,False,384564
660,720,R2383,B2383,False,,False,356075
660,720,R2384,B2384,False,,False,356038
660,720,R2385,B2385,False,,False,352428
660,720,R2386,B2386,False,,False,362285
660,720,R2387,B2387,False,,False,355555
660,720,R2388,B2388,True,696.0,False,694375
660,720,R2389,B2389,False,,False,350053
660,720,R2390,B2390,True,694.0,False,712297
660,720,R2391,B2391,False,,False,353214
660,720,R2392,B2392,False,,False,347099
660,720,R2393,B2393,False,,False,357751
660,720,R2394,B2394,True,692.0,False,711552
660,720,R2395,B2395,False,,False,351179
660,720,R2396,B2396,True,694.0,False,712076
660,720,R2397,B2397,True,697.0,False,704366
660,720,R2398,B2398,False,,False,357111
660,720,R2399,B2399,False,,False,355555
660,720,R2400,B2400,False,,False,349291
660,720,R2401,B2401,True,692.0,False,1050160
660,720,R2402,B2402,True,692.0,False,706428
660,720,R2403,B2403,False,,False,347311
660,720,R2404,B2404,False,,False,349140
660,720,R2405,B2405,False,,False,344961
660,720,R2406,B2406,False,,False,350501
660,720,R2407,B2407,False,,False,353441
660,720,R2408,B2408,False,,False,351179
660,720,R2409,B2409,False,,False,346973
660,720,R2410,B2410,False,,False,356075
660,720,R2411,B2411,False,,False,356038
660,720,R2412,B2412,False,,False,357111
660,720,R2413,B2413,True,693.0,False,711110
660,720,R2414,B2414,False,,False,349291
660,720,R2415,B2415,True,696.0,False,700107
660,720,R2416,B2416,False,,False,356148
660,720,R2417,B2417,False,,False,353214
660,720,R2418,B2418,False,,False,347099
660,720,R2419,B2419,False,,False,344986
660,720,R2420,B2420,False,,False,355309
660,720,R2421,B2421,False,,False,347099
660,720,R2422,B2422,False,,False,353883
660,720,R2423,B2423,False,,False,384564
660,720,R2424,B2424,False,,False,356038
660,720,R2425,B2425,False,,False,357111
660,720,R2426,B2426,False,,False,362285
660,720,R2427,B2427,False,,False,355555
660,720,R2428,B2428,False,,False,347187
660,720,R2429,B2429,True,694.0,False,700107
660,720,R2430,B2430,False,,False,381855
660,720,R2431,B2431,False,,False,343628
660,720,R2432,B2432,False,,False,351179
660,720,R2433,B2433,False,,False,356038
660,720,R2434,B2434,True,697.0,False,724571
660,720,R2435,B2435,False,,False,347187
660,720,R2436,B2436,False,,False,350053
660,720,R2437,B2437,False,,False,353214
660,720,R2438,B2438,False,,False,347194
660,720,R2439,B2439,False,,False,350935
660,720,R2440,B2440,False,,False,355776
660,720,R2441,B2441,False,,False,368294
660,720,R2442,B2442,False,,False,351179
660,720,R2443,B2443,False,,False,352183
660,720,R2444,B2444,False,,False,357111
660,720,R2445,B2445,False,,False,362285
660,720,R2446,B2446,True,701.0,False,711110
660,720,R2447,B2447,False,,False,350053
660,720,R2448,B2448,True,696.0,False,706428
660,720,R2449,B2449,False,,False,354208
660,720,R2450,B2450,False,,False,360921
660,720,R2451,B2451,False,,False,344842
660,720,R2452,B2452,False,,False,347574
660,720,R2453,B2453,True,697.0,False,711552
660,720,R2454,B2454,False,,False,367258
660,720,R2455,B2455,True,697.0,False,702358
660,720,R2456,B2456,True,699.0,False,712150
660,720,R2457,B2457,False,,False,357111
660,720,R2458,B2458,True,699.0,False,724571
660,720,R2459,B2459,False,,False,353214
660,720,R2460,B2460,False,,False,347194
660,720,R2461,B2461,False,,False,346835
660,720,R2462,B2462,False,,False,347205
660,720,R2463,B2463,False,,False,368294
660,720,R2464,B2464,True,700.0,False,713210
660,720,R2465,B2465,True,702.0,False,714738
660,720,R2466,B2466,False,,False,356038
660,720,R2467,B2467,True,698.0,False,711110
660,720,R2468,B2468,True,698.0,False,700107
660,720,R2469,B2469,False,,False,347311
660,720,R2470,B2470,False,,False,355776
660,720,R2471,B2471,False,,False,353883
660,720,R2472,B2472,True,699.0,False,1101775
660,720,R2473,B2473,False,,False,356075
660,720,R2474,B2474,True,699.0,False,712076
660,720,R2475,B2475,True,699.0,False,711110
660,720,R2476,B2476,True,700.0,False,706428
660,720,R2477,B2477,False,,False,350935
660,720,R2478,B2478,False,,False,326176
660,720,R2479,B2479,False,,False,355776
660,720,R2480,B2480,False,,False,368294
660,720,R2481,B2481,True,701.0,False,1072107
660,720,R2482,B2482,True,702.0,False,712076
660,720,R2483,B2483,True,700.0,False,724571
660,720,R2484,B2484,False,,False,355555
660,720,R2485,B2485,False,,False,350053
660,720,R2486,B2486,False,,False,356148
660,720,R2487,B2487,True,701.0,False,706428
660,720,R2488,B2488,False,,False,354208
660,720,R2489,B2489,False,,False,350935
660,720,R2490,B2490,False,,False,344858
660,720,R2491,B2491,False,,False,335400
660,720,R2492,B2492,True,701.0,False,1014450
660,720,R2493,B2493,False,,False,338250
660,720,R2494,B2494,False,,False,336250
660,720,R2495,B2495,True,701.0,False,676100
660,720,R2496,B2496,False,,False,338250
660,720,R2497,B2497,False,,False,336250
660,720,R2498,B2498,False,,False,337350
660,720,R2499,B2499,False,,False,337950
660,720,R2500,B2500,False,,False,336800
660,720,R2501,B2501,True,701.0,False,1010100
660,720,R2502,B2502,False,,False,337250
660,720,R2503,B2503,False,,False,335400
660,720,R2504,B2504,False,,False,338250
660,720,R2505,B2505,False,,False,336250
660,720,R2506,B2506,False,,False,337350
660,720,R2507,B2507,False,,False,335800
660,720,R2508,B2508,False,,False,334050
660,720,R2509,B2509,False,,False,336800
660,720,R2510,B2510,True,705.0,False,673400
660,720,R2511,B2511,False,,False,335450
660,720,R2512,B2512,False,,False,335400
660,720,R2513,B2513,False,,False,338250
660,720,R2514,B2514,True,704.0,False,676300
660,720,R2515,B2515,False,,False,337950
660,720,R2516,B2516,False,,False,335800
660,720,R2517,B2517,False,,False,338400
660,720,R2518,B2518,False,,False,336250
660,720,R2519,B2519,False,,False,338050
660,720,R2520,B2520,False,,False,338250
660,720,R2521,B2521,False,,False,337450
660,720,R2522,B2522,False,,False,336700
660,720,R2523,B2523,False,,False,338250
660,720,R2524,B2524,False,,False,335400
660,720,R2525,B2525,False,,False,338150
660,720,R2526,B2526,False,,False,338400
660,720,R2527,B2527,False,,False,338250
660,720,R2528,B2528,False,,False,338050
660,720,R2529,B2529,False,,False,336250
660,720,R2530,B2530,False,,False,334050
660,720,R2531,B2531,False,,False,329000
660,720,R2532,B2532,False,,False,336300
660,720,R2533,B2533,True,707.0,False,676300
660,720,R2534,B2534,False,,False,338250
660,720,R2535,B2535,False,,False,338050
660,720,R2536,B2536,False,,False,336250
660,720,R2537,B2537,False,,False,335500
660,720,R2538,B2538,False,,False,334050
660,720,R2539,B2539,False,,False,336700
660,720,R2540,B2540,False,,False,327450
660,720,R2541,B2541,False,,False,338250
660,720,R2542,B2542,False,,False,338300
660,720,R2543,B2543,False,,False,338250
660,720,R2544,B2544,True,706.0,False,1014450
660,720,R2545,B2545,True,711.0,False,675900
660,720,R2546,B2546,False,,False,338400
660,720,R2547,B2547,True,706.0,False,1014750
660,720,R2548,B2548,True,706.0,False,1014150
660,720,R2549,B2549,False,,False,334050
660,720,R2550,B2550,False,,False,337250
660,720,R2551,B2551,True,707.0,False,1010400
660,720,R2552,B2552,True,707.0,False,1014750
660,720,R2553,B2553,True,708.0,False,676300
660,720,R2554,B2554,False,,False,338400
660,720,R2555,B2555,False,,False,338250
660,720,R2556,B2556,True,708.0,False,671000
660,720,R2557,B2557,False,,False,336250
660,720,R2558,B2558,False,,False,338050
660,720,R2559,B2559,True,707.0,False,676500
660,720,R2560,B2560,False,,False,336250
660,720,R2561,B2561,False,,False,336700
660,720,R2562,B2562,False,,False,329000
660,720,R2563,B2563,False,,False,337250
660,720,R2564,B2564,False,,False,338250
660,720,R2565,B2565,False,,False,336800
660,720,R2566,B2566,True,709.0,False,676300
660,720,R2567,B2567,True,708.0,False,676500
660,720,R2568,B2568,False,,False,338050
660,720,R2569,B2569,True,709.0,False,676500
660,720,R2570,B2570,False,,False,338050
660,720,R2571,B2571,False,,False,335800
660,720,R2572,B2572,False,,False,334050
660,720,R2573,B2573,False,,False,327450
660,720,R2574,B2574,False,,False,338300
660,720,R2575,B2575,False,,False,336800
660,720,R2576,B2576,False,,False,338250
660,720,R2577,B2577,True,711.0,False,676300
660,720,R2578,B2578,False,,False,337950
660,720,R2579,B2579,False,,False,335800
660,720,R2580,B2580,False,,False,338250
660,720,R2581,B2581,False,,False,338050
660,720,R2582,B2582,False,,False,336250
660,720,R2583,B2583,False,,False,338050
660,720,R2584,B2584,True,713.0,False,672500
660,720,R2585,B2585,False,,False,336700
660,720,R2586,B2586,False,,False,327450
660,720,R2587,B2587,False,,False,337250
660,720,R2588,B2588,False,,False,337250
660,720,R2589,B2589,False,,False,338300
660,720,R2590,B2590,False,,False,338250
660,720,R2591,B2591,True,714.0,False,673600
660,720,R2592,B2592,False,,False,338150
660,720,R2593,B2593,False,,False,337950
660,720,R2594,B2594,True,711.0,False,676500
660,720,R2595,B2595,True,716.0,False,676100
660,720,R2596,B2596,False,,False,336250
660,720,R2597,B2597,False,,False,338050
660,720,R2598,B2598,True,714.0,False,672500
660,720,R2599,B2599,False,,False,336700
660,720,R2600,B2600,False,,False,337150
660,720,R2601,B2601,False,,False,337350
660,720,R2602,B2602,False,,False,338250
660,720,R2603,B2603,True,716.0,False,676500
660,720,R2604,B2604,True,716.0,False,675900
660,720,R2605,B2605,False,,False,335800
660,720,R2606,B2606,False,,False,338400
660,720,R2607,B2607,False,,False,338250
660,720,R2608,B2608,True,711.0,False,671000
660,720,R2609,B2609,False,,False,338250
660,720,R2610,B2610,False,,False,338050
660,720,R2611,B2611,False,,False,335500
660,720,R2612,B2612,False,,False,334050
660,720,R2613,B2613,False,,False,336800
660,720,R2614,B2614,False,,False,336700
660,720,R2615,B2615,False,,False,337250
660,720,R2616,B2616,False,,False,335400
660,720,R2617,B2617,False,,False,338150
660,720,R2618,B2618,False,,False,337950
660,720,R2619,B2619,False,,False,338400
660,720,R2620,B2620,False,,False,338050
660,720,R2621,B2621,True,719.0,False,672500
660,720,R2622,B2622,False,,False,338050
660,720,R2623,B2623,False,,False,337350
660,720,R2624,B2624,False,,False,334050
660,720,R2625,B2625,False,,False,335450
660,720,R2626,B2626,False,,False,337250
660,720,R2627,B2627,False,,False,338250
660,720,R2628,B2628,False,,False,338250
660,720,R2629,B2629,False,,False,337950
660,720,R2630,B2630,False,,False,338400
660,720,R2631,B2631,True,713.0,False,676100
660,720,R2632,B2632,False,,False,336250
660,720,R2633,B2633,True,713.0,False,1352200
660,720,R2634,B2634,False,,False,338050
660,720,R2635,B2635,False,,False,336100
660,720,R2636,B2636,True,713.0,False,1010100
660,720,R2637,B2637,False,,False,674500
660,720,R2638,B2638,False,,False,322250
660,720,R2639,B2639,False,,False,335400
660,720,R2640,B2640,True,714.0,False,676300
660,720,R2641,B2641,True,714.0,False,676500
660,720,R2642,B2642,True,714.0,False,676100
660,720,R2643,B2643,False,,False,336250
660,720,R2644,B2644,False,,False,670900
660,720,R2645,B2645,False,,False,337150
660,720,R2646,B2646,True,720.0,False,674500
660,720,R2647,B2647,False,,False,338250
660,720,R2648,B2648,True,717.0,False,676300
660,720,R2649,B2649,False,,False,337950
660,720,R2650,B2650,False,,False,336250
660,720,R2651,B2651,False,,False,335400
660,720,R2652,B2652,False,,False,333600
660,720,R2653,B2653,False,,False,674500
660,720,R2654,B2654,False,,False,322250
660,720,R2655,B2655,False,,False,338300
660,720,R2656,B2656,True,718.0,False,676300
660,720,R2657,B2657,False,,False,338250
660,720,R2658,B2658,False,,False,338050
660,720,R2659,B2659,False,,False,336250
660,720,R2660,B2660,False,,False,338250
660,720,R2661,B2661,False,,False,337350
660,720,R2662,B2662,False,,False,336300
660,720,R2663,B2663,False,,False,333600
660,720,R2664,B2664,False,,False,336300
660,720,R2665,B2665,False,,False,324100
660,720,R2666,B2666,False,,False,338300
660,720,R2667,B2667,False,,False,336800
660,720,R2668,B2668,False,,False,338250
660,720,R2669,B2669,True,718.0,False,675900
660,720,R2670,B2670,False,,False,338250
660,720,R2671,B2671,True,717.0,False,1352200
660,720,R2672,B2672,False,,False,338050
660,720,R2673,B2673,True,717.0,False,1008750
660,720,R2674,B2674,False,,False,338250
660,720,R2675,B2675,False,,False,336800
660,720,R2676,B2676,False,,False,336700
660,720,R2677,B2677,True,717.0,False,674500
660,720,R2678,B2678,False,,False,338250
660,720,R2679,B2679,False,,False,338150
660,720,R2680,B2680,True,719.0,False,676500
660,720,R2681,B2681,True,718.0,False,676100
660,720,R2682,B2682,False,,False,338050
660,720,R2683,B2683,False,,False,333350
660,720,R2684,B2684,False,,False,337150
660,720,R2685,B2685,False,,False,336800
660,720,R2686,B2686,False,,False,336400
660,720,R2687,B2687,False,,False,335450
660,720,R2688,B2688,False,,False,338150
660,720,R2689,B2689,True,720.0,False,671600
660,720,R2690,B2690,False,,False,335200
660,720,R2691,B2691,False,,False,338400
660,720,R2692,B2692,True,719.0,False,676500
660,720,R2693,B2693,True,720.0,False,676100
660,720,R2694,B2694,False,,False,338050
660,720,R2695,B2695,False,,False,336250
660,720,R2696,B2696,False,,False,334050
660,720,R2697,B2697,False,,False,336800
660,720,R2698,B2698,False,,False,333650
660,720,R2699,B2699,False,,False,338250
660,720,R2700,B2700,True,720.0,False,673600
660,720,R2701,B2701,False,,False,338150
660,720,R2702,B2702,False,,False,338400
660,720,R2703,B2703,False,,False,338250
660,720,R2704,B2704,True,720.0,False,676100
660,720,R2705,B2705,False,,False,336250
660,720,R2706,B2706,False,,False,338050
660,720,R2707,B2707,False,,False,338250
660,720,R2708,B2708,False,,False,337450
660,720,R2709,B2709,False,,False,334050
680,740,R2065,B2065,False,,False,463877
680,740,R2070,B2070,False,,False,463877
680,740,R2077,B2077,False,,False,502435
680,740,R2084,B2084,False,,False,428470
680,740,R2086,B2086,False,,False,511250
680,740,R2087,B2087,False,,False,993461
680,740,R2091,B2091,False,,False,456323
680,740,R2094,B2094,False,,False,492831
680,740,R2099,B2099,False,,False,481746
680,740,R2104,B2104,False,,False,492831
680,740,R2108,B2108,False,,False,496128
680,740,R2109,B2109,False,,False,533941
680,740,R2113,B2113,False,,False,471853
680,740,R2114,B2114,False,,False,428124
680,740,R2115,B2115,False,,False,401915
680,740,R2117,B2117,False,,False,589861
680,740,R2125,B2125,False,,False,473966
680,740,R2127,B2127,False,,False,501000
680,740,R2128,B2128,False,,False,425947
680,740,R2129,B2129,False,,False,465290
680,740,R2132,B2132,False,,False,563309
680,740,R2133,B2133,False,,False,429033
680,740,R2134,B2134,False,,False,428124
680,740,R2135,B2135,False,,False,375360
680,740,R2136,B2136,False,,False,426848
680,740,R2139,B2139,False,,False,548112
680,740,R2148,B2148,False,,False,858067
680,740,R2149,B2149,False,,False,698785
680,740,R2150,B2150,False,,False,920976
680,740,R2151,B2151,False,,False,567681
680,740,R2152,B2152,False,,False,473966
680,740,R2155,B2155,False,,False,502154
680,740,R2156,B2156,False,,False,485983
680,740,R2157,B2157,False,,False,798388
680,740,R2158,B2158,False,,False,375360
680,740,R2159,B2159,False,,False,426848
680,740,R2160,B2160,False,,False,686353
680,740,R2161,B2161,False,,False,567681
680,740,R2162,B2162,False,,False,552809
680,740,R2163,B2163,False,,False,511691
680,740,R2164,B2164,False,,False,501000
680,740,R2165,B2165,False,,False,482092
680,740,R2166,B2166,False,,False,485983
680,740,R2167,B2167,False,,False,393521
680,740,R2168,B2168,False,,False,398439
680,740,R2169,B2169,False,,False,396899
680,740,R2170,B2170,False,,False,396982
680,740,R2171,B2171,False,,False,552809
680,740,R2172,B2172,False,,False,439425
680,740,R2175,B2175,False,,False,396846
680,740,R2176,B2176,False,,False,399194
680,740,R2177,B2177,False,,False,920976
680,740,R2178,B2178,False,,False,567681
680,740,R2179,B2179,False,,False,511691
680,740,R2180,B2180,False,,False,548112
680,740,R2181,B2181,False,,False,460978
680,740,R2182,B2182,False,,False,432480
680,740,R2183,B2183,False,,False,398439
680,740,R2184,B2184,False,,False,396899
680,740,R2185,B2185,False,,False,396982
680,740,R2186,B2186,False,,False,548562
680,740,R2187,B2187,False,,False,509351
680,740,R2188,B2188,False,,False,462630
680,740,R2189,B2189,False,,False,552809
680,740,R2190,B2190,False,,False,364013
680,740,R2192,B2192,False,,False,482092
680,740,R2193,B2193,False,,False,397117
680,740,R2195,B2195,False,,False,396899
680,740,R2196,B2196,False,,False,920976
680,740,R2198,B2198,False,,False,626678
680,740,R2200,B2200,False,,False,485983
680,740,R2201,B2201,False,,False,427562
680,740,R2202,B2202,False,,False,525300
680,740,R2203,B2203,False,,False,552809
680,740,R2204,B2204,False,,False,554571
680,740,R2205,B2205,False,,False,482092
680,740,R2206,B2206,False,,False,401766
680,740,R2207,B2207,False,,False,495984
680,740,R2208,B2208,False,,False,366421
680,740,R2209,B2209,False,,False,495596
680,740,R2211,B2211,False,,False,448662
680,740,R2212,B2212,False,,False,366998
680,740,R2213,B2213,False,,False,367844
680,740,R2214,B2214,False,,False,367116
680,740,R2215,B2215,False,,False,478550
680,740,R2216,B2216,False,,False,366421
680,740,R2217,B2217,False,,False,466047
680,740,R2218,B2218,False,,False,551484
680,740,R2219,B2219,False,,False,495596
680,740,R2220,B2220,False,,False,446082
680,740,R2221,B2221,False,,False,403513
680,740,R2222,B2222,False,,False,398806
680,740,R2223,B2223,False,,False,368222
680,740,R2225,B2225,False,,False,443081
680,740,R2226,B2226,False,,False,363246
680,740,R2228,B2228,False,,False,448662
680,740,R2229,B2229,False,,False,366857
680,740,R2230,B2230,False,,False,453628
680,740,R2231,B2231,False,,False,367116
680,740,R2232,B2232,False,,False,478550
680,740,R2234,B2234,False,,False,423348
680,740,R2235,B2235,False,,False,363246
680,740,R2236,B2236,False,,False,499340
680,740,R2237,B2237,False,,False,464020
680,740,R2238,B2238,False,,False,448662
680,740,R2239,B2239,False,,False,367116
680,740,R2241,B2241,False,,False,499144
680,740,R2242,B2242,False,,False,366860
680,740,R2243,B2243,False,,False,411341
680,740,R2244,B2244,False,,False,368163
680,740,R2245,B2245,False,,False,367844
680,740,R2246,B2246,False,,False,431800
680,740,R2249,B2249,False,,False,427923
680,740,R2251,B2251,False,,False,367116
680,740,R2253,B2253,False,,False,445479
680,740,R2254,B2254,False,,False,424820
680,740,R2255,B2255,False,,False,443081
680,740,R2256,B2256,False,,False,410071
680,740,R2257,B2257,False,,False,369506
680,740,R2258,B2258,False,,False,366998
680,740,R2259,B2259,False,,False,367844
680,740,R2260,B2260,False,,False,452965
680,740,R2261,B2261,False,,False,445479
680,740,R2262,B2262,False,,False,380649
680,740,R2263,B2263,False,,False,482464
680,740,R2264,B2264,False,,False,363246
680,740,R2265,B2265,False,,False,369062
680,740,R2266,B2266,True,680.0,True,820142
680,740,R2267,B2267,False,,False,445643
680,740,R2268,B2268,False,,False,366428
680,740,R2269,B2269,False,,False,363585
680,740,R2270,B2270,False,,False,771248
680,740,R2271,B2271,False,,False,408354
680,740,R2272,B2272,False,,False,396267
680,740,R2273,B2273,False,,False,366906
680,740,R2274,B2274,False,,False,413244
680,740,R2275,B2275,False,,False,386321
680,740,R2276,B2276,False,,False,746120
680,740,R2277,B2277,False,,False,409845
680,740,R2278,B2278,True,681.0,True,1159383
680,740,R2279,B2279,False,,False,364603
680,740,R2280,B2280,False,,False,357646
680,740,R2281,B2281,False,,False,400633
680,740,R2282,B2282,False,,False,398339
680,740,R2283,B2283,False,,False,373926
680,740,R2284,B2284,True,682.0,True,1127466
680,740,R2285,B2285,False,,False,386321
680,740,R2286,B2286,False,,False,358125
680,740,R2287,B2287,False,,False,386064
680,740,R2288,B2288,False,,False,386042
680,740,R2289,B2289,False,,False,520022
680,740,R2290,B2290,False,,False,353261
680,740,R2291,B2291,False,,False,373302
680,740,R2292,B2292,True,686.0,True,738933
680,740,R2293,B2293,True,687.0,True,792534
680,740,R2294,B2294,True,687.0,True,731117
680,740,R2295,B2295,False,,False,376750
680,740,R2296,B2296,True,683.0,True,752977
680,740,R2297,B2297,True,683.0,True,1158964
680,740,R2298,B2298,False,,False,358125
680,740,R2299,B2299,True,686.0,True,724114
680,740,R2300,B2300,False,,False,357038
680,740,R2301,B2301,True,683.0,True,723161
680,740,R2302,B2302,False,,False,357646
680,740,R2303,B2303,False,,False,339953
680,740,R2304,B2304,True,686.0,True,738933
680,740,R2305,B2305,True,684.0,True,747853
680,740,R2306,B2306,False,,False,358125
680,740,R2307,B2307,False,,False,362057
680,740,R2308,B2308,True,684.0,True,1496191
680,740,R2309,B2309,False,,False,370178
680,740,R2310,B2310,False,,False,351641
680,740,R2311,B2311,False,,False,357048
680,740,R2312,B2312,False,,False,715796
680,740,R2313,B2313,False,,False,376488
680,740,R2314,B2314,False,,False,375822
680,740,R2315,B2315,False,,False,386321
680,740,R2316,B2316,True,688.0,True,746120
680,740,R2317,B2317,True,685.0,True,1432500
680,740,R2318,B2318,True,686.0,True,724114
680,740,R2319,B2319,False,,False,355923
680,740,R2320,B2320,False,,False,339953
680,740,R2321,B2321,False,,False,373302
680,740,R2322,B2322,False,,False,369466
680,740,R2323,B2323,False,,False,365558
680,740,R2324,B2324,False,,False,366416
680,740,R2325,B2325,True,686.0,True,751644
680,740,R2326,B2326,True,688.0,True,746120
680,740,R2327,B2327,True,686.0,True,1086171
680,740,R2328,B2328,False,,False,374047
680,740,R2329,B2329,False,,False,370178
680,740,R2330,B2330,False,,False,427911
680,740,R2331,B2331,False,,False,358171
680,740,R2332,B2332,True,687.0,True,792534
680,740,R2333,B2333,True,687.0,True,752977
680,740,R2334,B2334,False,,False,373926
680,740,R2335,B2335,False,,False,366906
680,740,R2336,B2336,False,,False,386321
680,740,R2337,B2337,False,,False,362057
680,740,R2338,B2338,False,,False,374047
680,740,R2339,B2339,False,,False,374842
680,740,R2340,B2340,False,,False,355266
680,740,R2341,B2341,False,,False,339953
680,740,R2342,B2342,False,,False,714321
680,740,R2343,B2343,False,,False,373926
680,740,R2344,B2344,False,,False,358827
680,740,R2345,B2345,False,,False,375822
680,740,R2346,B2346,True,688.0,True,772642
680,740,R2347,B2347,False,,False,373060
680,740,R2348,B2348,False,,False,374047
680,740,R2349,B2349,False,,False,723161
680,740,R2350,B2350,False,,False,353607
680,740,R2351,B2351,False,,False,706522
680,740,R2352,B2352,False,,False,357898
680,740,R2353,B2353,True,689.0,True,738933
680,740,R2354,B2354,False,,False,396267
680,740,R2355,B2355,True,689.0,True,752977
680,740,R2356,B2356,False,,False,733813
680,740,R2357,B2357,True,691.0,True,746120
680,740,R2358,B2358,True,689.0,True,1074375
680,740,R2359,B2359,False,,False,355923
680,740,R2360,B2360,False,,False,361580
680,740,R2361,B2361,False,,False,357160
680,740,R2362,B2362,False,,False,369466
680,740,R2363,B2363,True,690.0,True,1096675
680,740,R2364,B2364,False,,False,373926
680,740,R2365,B2365,False,,False,375822
680,740,R2366,B2366,False,,False,386321
680,740,R2367,B2367,True,691.0,True,746120
680,740,R2368,B2368,False,,False,354130
680,740,R2369,B2369,False,,False,362057
680,740,R2370,B2370,False,,False,415195
680,740,R2371,B2371,False,,False,367941
680,740,R2372,B2372,False,,False,360086
680,740,R2373,B2373,True,690.0,True,711271
680,740,R2374,B2374,False,,False,365071
680,740,R2375,B2375,False,,False,361580
680,740,R2376,B2376,False,,False,356322
680,740,R2377,B2377,True,694.0,True,1431592
680,740,R2378,B2378,False,,False,369532
680,740,R2379,B2379,False,,False,373302
680,740,R2380,B2380,False,,False,369466
680,740,R2381,B2381,False,,False,396267
680,740,R2382,B2382,False,,False,433329
680,740,R2383,B2383,False,,False,376750
680,740,R2384,B2384,False,,False,373926
680,740,R2385,B2385,False,,False,366906
680,740,R2386,B2386,False,,False,386321
680,740,R2387,B2387,False,,False,373060
680,740,R2388,B2388,False,,False,716250
680,740,R2389,B2389,False,,False,362057
680,740,R2390,B2390,True,691.0,True,748095
680,740,R2391,B2391,False,,False,370178
680,740,R2392,B2392,False,,False,357048
680,740,R2393,B2393,False,,False,380102
680,740,R2394,B2394,True,692.0,True,746604
680,740,R2395,B2395,False,,False,365558
680,740,R2396,B2396,True,692.0,True,747853
680,740,R2397,B2397,False,,False,732832
680,740,R2398,B2398,False,,False,375822
680,740,R2399,B2399,False,,False,373060
680,740,R2400,B2400,False,,False,363083
680,740,R2401,B2401,True,692.0,True,1086171
680,740,R2402,B2402,True,695.0,True,740357
680,740,R2403,B2403,False,,False,357272
680,740,R2404,B2404,False,,False,361580
680,740,R2405,B2405,False,,False,356322
680,740,R2406,B2406,False,,False,364603
680,740,R2407,B2407,False,,False,369532
680,740,R2408,B2408,False,,False,365558
680,740,R2409,B2409,False,,False,356697
680,740,R2410,B2410,False,,False,376750
680,740,R2411,B2411,False,,False,373926
680,740,R2412,B2412,False,,False,375822
680,740,R2413,B2413,True,699.0,True,746120
680,740,R2414,B2414,False,,False,363083
680,740,R2415,B2415,True,693.0,True,724114
680,740,R2416,B2416,False,,False,374047
680,740,R2417,B2417,False,,False,370178
680,740,R2418,B2418,False,,False,357048
680,740,R2419,B2419,False,,False,355923
680,740,R2420,B2420,False,,False,374218
680,740,R2421,B2421,False,,False,357048
680,740,R2422,B2422,False,,False,369466
680,740,R2423,B2423,False,,False,433329
680,740,R2424,B2424,False,,False,373926
680,740,R2425,B2425,False,,False,375822
680,740,R2426,B2426,False,,False,386321
680,740,R2427,B2427,False,,False,373060
680,740,R2428,B2428,False,,False,358125
680,740,R2429,B2429,True,694.0,True,724114
680,740,R2430,B2430,False,,False,427911
680,740,R2431,B2431,False,,False,353607
680,740,R2432,B2432,False,,False,365558
680,740,R2433,B2433,False,,False,373926
680,740,R2434,B2434,True,695.0,True,772642
680,740,R2435,B2435,False,,False,358125
680,740,R2436,B2436,False,,False,362057
680,740,R2437,B2437,False,,False,370178
680,740,R2438,B2438,False,,False,357038
680,740,R2439,B2439,False,,False,365071
680,740,R2440,B2440,False,,False,373302
680,740,R2441,B2441,False,,False,398339
680,740,R2442,B2442,False,,False,365558
680,740,R2443,B2443,False,,False,366416
680,740,R2444,B2444,False,,False,375822
680,740,R2445,B2445,False,,False,386321
680,740,R2446,B2446,True,696.0,True,746120
680,740,R2447,B2447,False,,False,362057
680,740,R2448,B2448,True,696.0,True,740357
680,740,R2449,B2449,False,,False,370367
680,740,R2450,B2450,False,,False,386042
680,740,R2451,B2451,False,,False,355635
680,740,R2452,B2452,False,,False,357898
680,740,R2453,B2453,True,697.0,True,746604
680,740,R2454,B2454,False,,False,396267
680,740,R2455,B2455,True,700.0,False,731117
680,740,R2456,B2456,False,,False,753500
680,740,R2457,B2457,False,,False,375822
680,740,R2458,B2458,True,698.0,True,772642
680,740,R2459,B2459,False,,False,370178
680,740,R2460,B2460,False,,False,357038
680,740,R2461,B2461,False,,False,358171
680,740,R2462,B2462,False,,False,357160
680,740,R2463,B2463,False,,False,398339
680,740,R2464,B2464,False,,False,755620
680,740,R2465,B2465,True,698.0,True,752977
680,740,R2466,B2466,False,,False,373926
680,740,R2467,B2467,True,701.0,False,746120
680,740,R2468,B2468,True,698.0,True,724114
680,740,R2469,B2469,False,,False,357272
680,740,R2470,B2470,False,,False,373302
680,740,R2471,B2471,False,,False,369466
680,740,R2472,B2472,True,699.0,True,1188801
680,740,R2473,B2473,False,,False,376750
680,740,R2474,B2474,True,704.0,False,747853
680,740,R2475,B2475,True,699.0,True,746120
680,740,R2476,B2476,True,699.0,True,740357
680,740,R2477,B2477,False,,False,365071
680,740,R2478,B2478,False,,False,334852
680,740,R2479,B2479,False,,False,373302
680,740,R2480,B2480,False,,False,398339
680,740,R2481,B2481,True,700.0,False,1129465
680,740,R2482,B2482,True,700.0,False,747853
680,740,R2483,B2483,True,700.0,False,772642
680,740,R2484,B2484,False,,False,373060
680,740,R2485,B2485,False,,False,362057
680,740,R2486,B2486,False,,False,374047
680,740,R2487,B2487,True,700.0,False,740357
680,740,R2488,B2488,False,,False,370367
680,740,R2489,B2489,False,,False,365071
680,740,R2490,B2490,False,,False,355266
680,740,R2491,B2491,False,,False,356075
680,740,R2492,B2492,True,701.0,False,1068114
680,740,R2493,B2493,False,,False,362285
680,740,R2494,B2494,False,,False,347187
680,740,R2495,B2495,True,701.0,False,700107
680,740,R2496,B2496,False,,False,356148
680,740,R2497,B2497,False,,False,353214
680,740,R2498,B2498,False,,False,347194
680,740,R2499,B2499,False,,False,353218
680,740,R2500,B2500,False,,False,350935
680,740,R2501,B2501,True,701.0,False,1047420
680,740,R2502,B2502,False,,False,347205
680,740,R2503,B2503,False,,False,356605
680,740,R2504,B2504,False,,False,362285
680,740,R2505,B2505,False,,False,347187
680,740,R2506,B2506,False,,False,347311
680,740,R2507,B2507,False,,False,381855
680,740,R2508,B2508,False,,False,344842
680,740,R2509,B2509,False,,False,350935
680,740,R2510,B2510,True,703.0,False,698280
680,740,R2511,B2511,False,,False,355146
680,740,R2512,B2512,False,,False,358372
680,740,R2513,B2513,False,,False,367258
680,740,R2514,B2514,True,703.0,False,712076
680,740,R2515,B2515,False,,False,352428
680,740,R2516,B2516,False,,False,347313
680,740,R2517,B2517,False,,False,357111
680,740,R2518,B2518,False,,False,347187
680,740,R2519,B2519,False,,False,350053
680,740,R2520,B2520,False,,False,356148
680,740,R2521,B2521,False,,False,351175
680,740,R2522,B2522,False,,False,349140
680,740,R2523,B2523,False,,False,368294
680,740,R2524,B2524,False,,False,356605
680,740,R2525,B2525,False,,False,356038
680,740,R2526,B2526,False,,False,357111
680,740,R2527,B2527,False,,False,362285
680,740,R2528,B2528,False,,False,355555
680,740,R2529,B2529,False,,False,353214
680,740,R2530,B2530,False,,False,344842
680,740,R2531,B2531,False,,False,341619
680,740,R2532,B2532,False,,False,346565
680,740,R2533,B2533,True,706.0,False,712076
680,740,R2534,B2534,False,,False,362285
680,740,R2535,B2535,False,,False,355555
680,740,R2536,B2536,False,,False,353214
680,740,R2537,B2537,False,,False,346835
680,740,R2538,B2538,False,,False,344986
680,740,R2539,B2539,False,,False,349140
680,740,R2540,B2540,False,,False,340355
680,740,R2541,B2541,False,,False,355776
680,740,R2542,B2542,False,,False,353883
680,740,R2543,B2543,False,,False,357369
680,740,R2544,B2544,True,710.0,False,1068114
680,740,R2545,B2545,False,,False,704366
680,740,R2546,B2546,False,,False,357111
680,740,R2547,B2547,True,706.0,False,1086857
680,740,R2548,B2548,True,706.0,False,1050160
680,740,R2549,B2549,False,,False,344842
680,740,R2550,B2550,False,,False,347205
680,740,R2551,B2551,True,707.0,False,1053537
680,740,R2552,B2552,True,709.0,False,1072107
680,740,R2553,B2553,True,707.0,False,712076
680,740,R2554,B2554,False,,False,357111
680,740,R2555,B2555,False,,False,362285
680,740,R2556,B2556,False,,False,698583
680,740,R2557,B2557,False,,False,347187
680,740,R2558,B2558,False,,False,350053
680,740,R2559,B2559,True,707.0,False,712297
680,740,R2560,B2560,False,,False,353214
680,740,R2561,B2561,False,,False,349140
680,740,R2562,B2562,False,,False,341619
680,740,R2563,B2563,False,,False,347205
680,740,R2564,B2564,False,,False,368294
680,740,R2565,B2565,False,,False,351179
680,740,R2566,B2566,True,710.0,False,712076
680,740,R2567,B2567,True,708.0,False,724571
680,740,R2568,B2568,False,,False,355555
680,740,R2569,B2569,True,708.0,False,712297
680,740,R2570,B2570,False,,False,354208
680,740,R2571,B2571,False,,False,360921
680,740,R2572,B2572,False,,False,344842
680,740,R2573,B2573,False,,False,340355
680,740,R2574,B2574,False,,False,353883
680,740,R2575,B2575,False,,False,351179
680,740,R2576,B2576,False,,False,357369
680,740,R2577,B2577,True,710.0,False,712076
680,740,R2578,B2578,False,,False,352428
680,740,R2579,B2579,False,,False,347313
680,740,R2580,B2580,False,,False,362285
680,740,R2581,B2581,False,,False,355555
680,740,R2582,B2582,False,,False,347187
680,740,R2583,B2583,False,,False,350053
680,740,R2584,B2584,False,,False,706428
680,740,R2585,B2585,False,,False,349140
680,740,R2586,B2586,False,,False,340355
680,740,R2587,B2587,False,,False,347448
680,740,R2588,B2588,False,,False,347205
680,740,R2589,B2589,False,,False,353883
680,740,R2590,B2590,False,,False,368294
680,740,R2591,B2591,True,713.0,False,702358
680,740,R2592,B2592,False,,False,356038
680,740,R2593,B2593,False,,False,352183
680,740,R2594,B2594,True,710.0,False,724571
680,740,R2595,B2595,False,,False,711110
680,740,R2596,B2596,False,,False,347187
680,740,R2597,B2597,False,,False,350053
680,740,R2598,B2598,True,714.0,False,706428
680,740,R2599,B2599,False,,False,349140
680,740,R2600,B2600,False,,False,347099
680,740,R2601,B2601,False,,False,353441
680,740,R2602,B2602,False,,False,367258
680,740,R2603,B2603,True,711.0,False,714738
680,740,R2604,B2604,True,713.0,False,704856
680,740,R2605,B2605,False,,False,347313
680,740,R2606,B2606,False,,False,357111
680,740,R2607,B2607,False,,False,362285
680,740,R2608,B2608,False,,False,698583
680,740,R2609,B2609,False,,False,356148
680,740,R2610,B2610,False,,False,354208
680,740,R2611,B2611,False,,False,346835
680,740,R2612,B2612,False,,False,344986
680,740,R2613,B2613,False,,False,350935
680,740,R2614,B2614,False,,False,349140
680,740,R2615,B2615,False,,False,347205
680,740,R2616,B2616,False,,False,356605
680,740,R2617,B2617,False,,False,356038
680,740,R2618,B2618,False,,False,352183
680,740,R2619,B2619,False,,False,357111
680,740,R2620,B2620,False,,False,355555
680,740,R2621,B2621,False,,False,694375
680,740,R2622,B2622,False,,False,350053
680,740,R2623,B2623,False,,False,347311
680,740,R2624,B2624,False,,False,344842
680,740,R2625,B2625,False,,False,355146
680,740,R2626,B2626,False,,False,347574
680,740,R2627,B2627,False,,False,367258
680,740,R2628,B2628,False,,False,357369
680,740,R2629,B2629,False,,False,352428
680,740,R2630,B2630,False,,False,357111
680,740,R2631,B2631,False,,False,711110
680,740,R2632,B2632,False,,False,347187
680,740,R2633,B2633,True,713.0,False,1400214
680,740,R2634,B2634,False,,False,350053
680,740,R2635,B2635,False,,False,373850
680,740,R2636,B2636,True,713.0,False,1047420
680,740,R2637,B2637,False,,False,694896
680,740,R2638,B2638,False,,False,331101
680,740,R2639,B2639,False,,False,356605
680,740,R2640,B2640,True,718.0,False,712076
680,740,R2641,B2641,True,714.0,False,724571
680,740,R2642,B2642,False,,False,711110
680,740,R2643,B2643,False,,False,347187
680,740,R2644,B2644,False,,False,710292
680,740,R2645,B2645,False,,False,347099
680,740,R2646,B2646,False,,False,694410
680,740,R2647,B2647,False,,False,357369
680,740,R2648,B2648,True,715.0,False,712076
680,740,R2649,B2649,False,,False,352428
680,740,R2650,B2650,False,,False,353214
680,740,R2651,B2651,False,,False,347743
680,740,R2652,B2652,False,,False,345121
680,740,R2653,B2653,False,,False,694896
680,740,R2654,B2654,False,,False,331101
680,740,R2655,B2655,False,,False,353883
680,740,R2656,B2656,True,718.0,False,712076
680,740,R2657,B2657,False,,False,362285
680,740,R2658,B2658,False,,False,355555
680,740,R2659,B2659,False,,False,347187
680,740,R2660,B2660,False,,False,356148
680,740,R2661,B2661,False,,False,347311
680,740,R2662,B2662,False,,False,350887
680,740,R2663,B2663,False,,False,344961
680,740,R2664,B2664,False,,False,346565
680,740,R2665,B2665,False,,False,335600
680,740,R2666,B2666,False,,False,353883
680,740,R2667,B2667,False,,False,351179
680,740,R2668,B2668,False,,False,357369
680,740,R2669,B2669,True,717.0,False,704856
680,740,R2670,B2670,False,,False,362285
680,740,R2671,B2671,True,720.0,False,1422220
680,740,R2672,B2672,False,,False,355555
680,740,R2673,B2673,True,723.0,False,1041562
680,740,R2674,B2674,False,,False,356148
680,740,R2675,B2675,False,,False,350935
680,740,R2676,B2676,False,,False,349140
680,740,R2677,B2677,False,,False,694410
680,740,R2678,B2678,False,,False,368294
680,740,R2679,B2679,False,,False,356038
680,740,R2680,B2680,True,718.0,False,724571
680,740,R2681,B2681,True,718.0,False,711110
680,740,R2682,B2682,False,,False,350053
680,740,R2683,B2683,False,,False,346523
680,740,R2684,B2684,False,,False,347099
680,740,R2685,B2685,False,,False,350935
680,740,R2686,B2686,False,,False,355309
680,740,R2687,B2687,False,,False,355146
680,740,R2688,B2688,False,,False,356038
680,740,R2689,B2689,False,,False,694627
680,740,R2690,B2690,False,,False,344804
680,740,R2691,B2691,False,,False,357111
680,740,R2692,B2692,True,719.0,False,724571
680,740,R2693,B2693,False,,False,711110
680,740,R2694,B2694,False,,False,350053
680,740,R2695,B2695,False,,False,353214
680,740,R2696,B2696,False,,False,344986
680,740,R2697,B2697,False,,False,350935
680,740,R2698,B2698,False,,False,343628
680,740,R2699,B2699,False,,False,355776
680,740,R2700,B2700,True,722.0,False,702358
680,740,R2701,B2701,False,,False,356038
680,740,R2702,B2702,False,,False,357111
680,740,R2703,B2703,False,,False,362285
680,740,R2704,B2704,False,,False,711110
680,740,R2705,B2705,False,,False,347187
680,740,R2706,B2706,False,,False,350053
680,740,R2707,B2707,False,,False,356148
680,740,R2708,B2708,False,,False,351175
680,740,R2709,B2709,False,,False,344842
680,740,R2710,B2710,False,,False,338250
680,740,R2711,B2711,False,,False,335800
680,740,R2712,B2712,False,,False,335400
680,740,R2713,B2713,False,,False,338150
680,740,R2714,B2714,False,,False,338250
680,740,R2715,B2715,True,721.0,False,1014150
680,740,R2716,B2716,True,721.0,False,676500
680,740,R2717,B2717,False,,False,335800
680,740,R2718,B2718,False,,False,336300
680,740,R2719,B2719,False,,False,336700
680,740,R2720,B2720,False,,False,667200
680,740,R2721,B2721,False,,False,333650
680,740,R2722,B2722,False,,False,674300
680,740,R2723,B2723,False,,False,337250
680,740,R2724,B2724,False,,False,334450
680,740,R2725,B2725,False,,False,338400
680,740,R2726,B2726,False,,False,338250
680,740,R2727,B2727,False,,False,338050
680,740,R2728,B2728,False,,False,335500
680,740,R2729,B2729,False,,False,338250
680,740,R2730,B2730,False,,False,335800
680,740,R2731,B2731,False,,False,327450
680,740,R2732,B2732,False,,False,338250
680,740,R2733,B2733,False,,False,338150
680,740,R2734,B2734,False,,False,337950
680,740,R2735,B2735,False,,False,676800
680,740,R2736,B2736,False,,False,338050
680,740,R2737,B2737,False,,False,338050
680,740,R2738,B2738,False,,False,338250
680,740,R2739,B2739,False,,False,336250
680,740,R2740,B2740,False,,False,336400
680,740,R2741,B2741,False,,False,335400
680,740,R2742,B2742,False,,False,338400
680,740,R2743,B2743,True,724.0,False,676100
680,740,R2744,B2744,False,,False,338050
680,740,R2745,B2745,False,,False,338250
680,740,R2746,B2746,False,,False,336250
680,740,R2747,B2747,True,724.0,False,1002150
680,740,R2748,B2748,True,724.0,False,673400
680,740,R2749,B2749,False,,False,335450
680,740,R2750,B2750,False,,False,337250
680,740,R2751,B2751,False,,False,317500
680,740,R2752,B2752,False,,False,338300
680,740,R2753,B2753,False,,False,676500
680,740,R2754,B2754,True,725.0,False,676300
680,740,R2755,B2755,True,725.0,False,1353000
680,740,R2756,B2756,True,728.0,False,1352200
680,740,R2757,B2757,False,,False,336250
680,740,R2758,B2758,True,725.0,False,676100
680,740,R2759,B2759,True,725.0,False,1008750
680,740,R2760,B2760,False,,False,337350
680,740,R2761,B2761,False,,False,336800
680,740,R2762,B2762,False,,False,336400
680,740,R2763,B2763,False,,False,337150
680,740,R2764,B2764,False,,False,337250
680,740,R2765,B2765,False,,False,338250
680,740,R2766,B2766,False,,False,676500
680,740,R2767,B2767,False,,False,338400
680,740,R2768,B2768,False,,False,338250
680,740,R2769,B2769,False,,False,676100
680,740,R2770,B2770,False,,False,338250
680,740,R2771,B2771,False,,False,336250
680,740,R2772,B2772,False,,False,335400
680,740,R2773,B2773,False,,False,334500
680,740,R2774,B2774,False,,False,336800
680,740,R2775,B2775,False,,False,336300
680,740,R2776,B2776,False,,False,338250
680,740,R2777,B2777,False,,False,338250
680,740,R2778,B2778,False,,False,338250
680,740,R2779,B2779,True,727.0,False,1014450
680,740,R2780,B2780,False,,False,335800
680,740,R2781,B2781,False,,False,338400
680,740,R2782,B2782,False,,False,676100
680,740,R2783,B2783,False,,False,336250
680,740,R2784,B2784,False,,False,336250
680,740,R2785,B2785,False,,False,336700
680,740,R2786,B2786,True,727.0,False,1011750
680,740,R2787,B2787,False,,False,674500
680,740,R2788,B2788,False,,False,338250
680,740,R2789,B2789,False,,False,335800
680,740,R2790,B2790,False,,False,338150
680,740,R2791,B2791,False,,False,337950
680,740,R2792,B2792,False,,False,676500
680,740,R2793,B2793,False,,False,676100
680,740,R2794,B2794,False,,False,336250
680,740,R2795,B2795,True,730.0,False,1014150
680,740,R2796,B2796,True,730.0,False,676500
680,740,R2797,B2797,True,728.0,False,672500
680,740,R2798,B2798,False,,False,334050
680,740,R2799,B2799,False,,False,336700
680,740,R2800,B2800,False,,False,333600
680,740,R2801,B2801,False,,False,337250
680,740,R2802,B2802,False,,False,674500
680,740,R2803,B2803,False,,False,676500
680,740,R2804,B2804,False,,False,338150
680,740,R2805,B2805,False,,False,337950
680,740,R2806,B2806,False,,False,338250
680,740,R2807,B2807,False,,False,338050
680,740,R2808,B2808,False,,False,336250
680,740,R2809,B2809,False,,False,336800
680,740,R2810,B2810,True,729.0,False,673400
680,740,R2811,B2811,False,,False,336400
680,740,R2812,B2812,False,,False,337250
680,740,R2813,B2813,False,,False,338300
680,740,R2814,B2814,False,,False,338150
680,740,R2815,B2815,False,,False,338250
680,740,R2816,B2816,False,,False,338050
680,740,R2817,B2817,False,,False,336250
680,740,R2818,B2818,False,,False,336250
680,740,R2819,B2819,False,,False,331000
680,740,R2820,B2820,False,,False,337250
680,740,R2821,B2821,False,,False,338250
680,740,R2822,B2822,False,,False,676500
680,740,R2823,B2823,True,733.0,False,676300
680,740,R2824,B2824,False,,False,337950
680,740,R2825,B2825,True,731.0,False,1014750
680,740,R2826,B2826,False,,False,336250
680,740,R2827,B2827,True,731.0,False,676100
680,740,R2828,B2828,False,,False,338250
680,740,R2829,B2829,True,731.0,False,672500
680,740,R2830,B2830,False,,False,336100
680,740,R2831,B2831,False,,False,337950
680,740,R2832,B2832,False,,False,334050
680,740,R2833,B2833,False,,False,336800
680,740,R2834,B2834,False,,False,336700
680,740,R2835,B2835,False,,False,337150
680,740,R2836,B2836,False,,False,338150
680,740,R2837,B2837,False,,False,676800
680,740,R2838,B2838,False,,False,338250
680,740,R2839,B2839,False,,False,676100
680,740,R2840,B2840,False,,False,336250
680,740,R2841,B2841,True,732.0,False,676100
680,740,R2842,B2842,False,,False,338250
680,740,R2843,B2843,True,732.0,False,672500
680,740,R2844,B2844,False,,False,668100
680,740,R2845,B2845,False,,False,337150
680,740,R2846,B2846,False,,False,337250
680,740,R2847,B2847,False,,False,322250
680,740,R2848,B2848,False,,False,337250
680,740,R2849,B2849,False,,False,337350
680,740,R2850,B2850,False,,False,338300
680,740,R2851,B2851,False,,False,338250
680,740,R2852,B2852,False,,False,336800
680,740,R2853,B2853,False,,False,670800
680,740,R2854,B2854,False,,False,338250
680,740,R2855,B2855,False,,False,338150
680,740,R2856,B2856,False,,False,338400
680,740,R2857,B2857,False,,False,338250
680,740,R2858,B2858,False,,False,336250
680,740,R2859,B2859,False,,False,338050
680,740,R2860,B2860,False,,False,335400
680,740,R2861,B2861,False,,False,668100
680,740,R2862,B2862,False,,False,336800
680,740,R2863,B2863,True,734.0,False,1352600
680,740,R2864,B2864,False,,False,338250
680,740,R2865,B2865,False,,False,338050
680,740,R2866,B2866,False,,False,335900
680,740,R2867,B2867,False,,False,336250
680,740,R2868,B2868,False,,False,336250
680,740,R2869,B2869,False,,False,336800
680,740,R2870,B2870,True,734.0,False,673400
680,740,R2871,B2871,False,,False,322250
680,740,R2872,B2872,False,,False,338250
680,740,R2873,B2873,False,,False,338250
680,740,R2874,B2874,True,740.0,False,676800
680,740,R2875,B2875,False,,False,338250
680,740,R2876,B2876,False,,False,338050
680,740,R2877,B2877,False,,False,336250
680,740,R2878,B2878,False,,False,337150
680,740,R2879,B2879,False,,False,334050
680,740,R2880,B2880,False,,False,337250
680,740,R2881,B2881,False,,False,338250
680,740,R2882,B2882,False,,False,338250
680,740,R2883,B2883,False,,False,338150
680,740,R2884,B2884,False,,False,335800
680,740,R2885,B2885,False,,False,338250
680,740,R2886,B2886,False,,False,338050
680,740,R2887,B2887,False,,False,338050
680,740,R2888,B2888,False,,False,338250
680,740,R2889,B2889,True,737.0,False,673400
680,740,R2890,B2890,False,,False,333650
680,740,R2891,B2891,False,,False,327450
680,740,R2892,B2892,False,,False,337250
680,740,R2893,B2893,False,,False,338400
680,740,R2894,B2894,True,738.0,False,1352200
680,740,R2895,B2895,False,,False,338050
680,740,R2896,B2896,False,,False,331000
680,740,R2897,B2897,False,,False,336700
680,740,R2898,B2898,False,,False,668900
680,740,R2899,B2899,False,,False,338300
680,740,R2900,B2900,False,,False,337250
680,740,R2901,B2901,True,738.0,False,1014450
680,740,R2902,B2902,True,738.0,False,1014750
680,740,R2903,B2903,False,,False,338050
680,740,R2904,B2904,False,,False,338050
680,740,R2905,B2905,True,738.0,False,672500
680,740,R2906,B2906,False,,False,337150
680,740,R2907,B2907,False,,False,334050
680,740,R2908,B2908,False,,False,334500
680,740,R2909,B2909,False,,False,337150
680,740,R2910,B2910,False,,False,338250
680,740,R2911,B2911,False,,False,338150
680,740,R2912,B2912,False,,False,338250
680,740,R2913,B2913,True,739.0,False,676100
680,740,R2914,B2914,False,,False,336700
680,740,R2915,B2915,False,,False,335200
680,740,R2916,B2916,False,,False,338250
680,740,R2917,B2917,True,740.0,False,1014750
680,740,R2918,B2918,False,,False,336250
680,740,R2919,B2919,False,,False,333350
680,740,R2920,B2920,False,,False,337250
700,760,R2239,B2239,False,,False,496535
700,760,R2245,B2245,False,,False,500420
700,760,R2251,B2251,False,,False,496535
700,760,R2258,B2258,False,,False,496340
700,760,R2259,B2259,False,,False,500420
700,760,R2264,B2264,False,,False,481746
700,760,R2265,B2265,False,,False,467500
700,760,R2268,B2268,False,,False,506734
700,760,R2269,B2269,False,,False,493308
700,760,R2279,B2279,False,,False,505620
700,760,R2280,B2280,False,,False,459628
700,760,R2286,B2286,False,,False,434687
700,760,R2290,B2290,False,,False,482318
700,760,R2295,B2295,False,,False,583500
700,760,R2298,B2298,False,,False,434687
700,760,R2300,B2300,False,,False,425947
700,760,R2302,B2302,False,,False,429033
700,760,R2303,B2303,False,,False,375360
700,760,R2306,B2306,False,,False,401875
700,760,R2310,B2310,False,,False,423884
700,760,R2311,B2311,False,,False,426694
700,760,R2312,B2312,False,,False,860333
700,760,R2313,B2313,False,,False,567681
700,760,R2315,B2315,False,,False,626678
700,760,R2319,B2319,False,,False,432480
700,760,R2320,B2320,False,,False,375360
700,760,R2321,B2321,False,,False,548562
700,760,R2323,B2323,False,,False,509351
700,760,R2324,B2324,False,,False,508746
700,760,R2328,B2328,False,,False,553037
700,760,R2329,B2329,False,,False,539821
700,760,R2331,B2331,False,,False,471527
700,760,R2334,B2334,False,,False,552809
700,760,R2335,B2335,False,,False,511691
700,760,R2336,B2336,False,,False,626678
700,760,R2337,B2337,False,,False,482092
700,760,R2338,B2338,False,,False,553037
700,760,R2339,B2339,False,,False,571807
700,760,R2340,B2340,False,,False,396899
700,760,R2341,B2341,False,,False,375360
700,760,R2342,B2342,False,,False,793964
700,760,R2343,B2343,False,,False,552809
700,760,R2344,B2344,False,,False,439425
700,760,R2345,B2345,False,,False,562933
700,760,R2347,B2347,False,,False,548112
700,760,R2348,B2348,False,,False,553037
700,760,R2349,B2349,False,,False,971967
700,760,R2350,B2350,False,,False,393521
700,760,R2351,B2351,False,,False,809768
700,760,R2352,B2352,False,,False,399194
700,760,R2354,B2354,False,,False,686353
700,760,R2356,B2356,False,,False,936512
700,760,R2359,B2359,False,,False,432480
700,760,R2360,B2360,False,,False,485983
700,760,R2361,B2361,False,,False,396982
700,760,R2362,B2362,False,,False,525300
700,760,R2364,B2364,False,,False,552809
700,760,R2365,B2365,False,,False,562933
700,760,R2366,B2366,False,,False,626678
700,760,R2368,B2368,False,,False,390592
700,760,R2369,B2369,False,,False,482092
700,760,R2370,B2370,False,,False,810671
700,760,R2371,B2371,False,,False,472909
700,760,R2372,B2372,False,,False,446489
700,760,R2374,B2374,False,,False,506427
700,760,R2375,B2375,False,,False,485983
700,760,R2376,B2376,False,,False,435849
700,760,R2378,B2378,False,,False,482172
700,760,R2379,B2379,False,,False,548562
700,760,R2380,B2380,False,,False,525300
700,760,R2381,B2381,False,,False,599327
700,760,R2382,B2382,False,,False,920976
700,760,R2383,B2383,False,,False,459450
700,760,R2384,B2384,False,,False,552809
700,760,R2385,B2385,False,,False,468256
700,760,R2386,B2386,False,,False,554571
700,760,R2387,B2387,False,,False,495596
700,760,R2388,B2388,False,,False,738125
700,760,R2389,B2389,False,,False,482092
700,760,R2391,B2391,False,,False,539821
700,760,R2392,B2392,False,,False,366998
700,760,R2393,B2393,False,,False,469508
700,760,R2395,B2395,False,,False,466213
700,760,R2397,B2397,False,,False,932094
700,760,R2398,B2398,False,,False,506800
700,760,R2399,B2399,False,,False,495596
700,760,R2400,B2400,False,,False,459625
700,760,R2403,B2403,False,,False,367233
700,760,R2404,B2404,False,,False,448662
700,760,R2405,B2405,False,,False,401766
700,760,R2406,B2406,False,,False,421010
700,760,R2407,B2407,False,,False,433898
700,760,R2408,B2408,False,,False,466213
700,760,R2409,B2409,False,,False,366421
700,760,R2410,B2410,False,,False,459450
700,760,R2411,B2411,False,,False,499144
700,760,R2412,B2412,False,,False,506800
700,760,R2414,B2414,False,,False,418250
700,760,R2416,B2416,False,,False,499340
700,760,R2417,B2417,False,,False,488928
700,760,R2418,B2418,False,,False,366998
700,760,R2419,B2419,False,,False,399670
700,760,R2420,B2420,False,,False,449854
700,760,R2421,B2421,False,,False,366998
700,760,R2422,B2422,False,,False,478550
700,760,R2423,B2423,False,,False,774682
700,760,R2424,B2424,False,,False,499144
700,760,R2425,B2425,False,,False,506800
700,760,R2426,B2426,False,,False,554571
700,760,R2427,B2427,False,,False,443081
700,760,R2428,B2428,False,,False,369062
700,760,R2430,B2430,False,,False,750300
700,760,R2431,B2431,False,,False,363585
700,760,R2432,B2432,False,,False,466213
700,760,R2433,B2433,False,,False,499144
700,760,R2435,B2435,False,,False,369062
700,760,R2436,B2436,False,,False,446082
700,760,R2437,B2437,False,,False,488928
700,760,R2438,B2438,False,,False,366882
700,760,R2439,B2439,False,,False,464020
700,760,R2440,B2440,False,,False,495984
700,760,R2441,B2441,False,,False,518517
700,760,R2442,B2442,False,,False,466213
700,760,R2443,B2443,False,,False,423348
700,760,R2444,B2444,False,,False,506800
700,760,R2445,B2445,False,,False,482464
700,760,R2447,B2447,True,700.0,True,446082
700,760,R2449,B2449,False,,False,435001
700,760,R2450,B2450,False,,False,486527
700,760,R2451,B2451,False,,False,366428
700,760,R2452,B2452,False,,False,368222
700,760,R2454,B2454,False,,False,512301
700,760,R2455,B2455,True,700.0,True,846151
700,760,R2456,B2456,False,,False,794850
700,760,R2457,B2457,False,,False,450666
700,760,R2459,B2459,False,,False,438035
700,760,R2460,B2460,False,,False,366882
700,760,R2461,B2461,False,,False,403513
700,760,R2462,B2462,False,,False,367116
700,760,R2463,B2463,False,,False,518517
700,760,R2464,B2464,True,702.0,True,798030
700,760,R2466,B2466,False,,False,445479
700,760,R2467,B2467,True,700.0,True,886162
700,760,R2469,B2469,False,,False,367233
700,760,R2470,B2470,False,,False,443406
700,760,R2471,B2471,False,,False,431800
700,760,R2473,B2473,False,,False,397425
700,760,R2474,B2474,True,700.0,True,890959
700,760,R2477,B2477,False,,False,421613
700,760,R2478,B2478,False,,False,343529
700,760,R2479,B2479,False,,False,443406
700,760,R2480,B2480,False,,False,428383
700,760,R2481,B2481,True,700.0,True,1358897
700,760,R2482,B2482,True,705.0,True,890959
700,760,R2483,B2483,True,700.0,True,964928
700,760,R2484,B2484,False,,False,390565
700,760,R2485,B2485,False,,False,410071
700,760,R2486,B2486,False,,False,445643
700,760,R2487,B2487,True,700.0,True,876071
700,760,R2488,B2488,False,,False,386525
700,760,R2489,B2489,False,,False,421613
700,760,R2490,B2490,False,,False,365674
700,760,R2491,B2491,False,,False,376750
700,760,R2492,B2492,True,701.0,True,1229109
700,760,R2493,B2493,False,,False,386321
700,760,R2494,B2494,False,,False,358125
700,760,R2495,B2495,True,704.0,True,772128
700,760,R2496,B2496,False,,False,409845
700,760,R2497,B2497,False,,False,404107
700,760,R2498,B2498,False,,False,357038
700,760,R2499,B2499,False,,False,368486
700,760,R2500,B2500,False,,False,393342
700,760,R2501,B2501,True,701.0,True,1159383
700,760,R2502,B2502,False,,False,357160
700,760,R2503,B2503,False,,False,377810
700,760,R2504,B2504,False,,False,386321
700,760,R2505,B2505,False,,False,358125
700,760,R2506,B2506,False,,False,357272
700,760,R2507,B2507,False,,False,520022
700,760,R2508,B2508,False,,False,355635
700,760,R2509,B2509,False,,False,365071
700,760,R2510,B2510,True,703.0,True,723161
700,760,R2511,B2511,False,,False,374842
700,760,R2512,B2512,False,,False,381344
700,760,R2513,B2513,False,,False,396267
700,760,R2514,B2514,True,708.0,True,747853
700,760,R2515,B2515,False,,False,366906
700,760,R2516,B2516,False,,False,358827
700,760,R2517,B2517,False,,False,375822
700,760,R2518,B2518,False,,False,358125
700,760,R2519,B2519,False,,False,362057
700,760,R2520,B2520,False,,False,374047
700,760,R2521,B2521,False,,False,364900
700,760,R2522,B2522,False,,False,361580
700,760,R2523,B2523,False,,False,398339
700,760,R2524,B2524,False,,False,377810
700,760,R2525,B2525,False,,False,373926
700,760,R2526,B2526,False,,False,375822
700,760,R2527,B2527,False,,False,386321
700,760,R2528,B2528,False,,False,373060
700,760,R2529,B2529,False,,False,370178
700,760,R2530,B2530,False,,False,355635
700,760,R2531,B2531,False,,False,354238
700,760,R2532,B2532,False,,False,356830
700,760,R2533,B2533,True,705.0,True,747853
700,760,R2534,B2534,False,,False,386321
700,760,R2535,B2535,False,,False,373060
700,760,R2536,B2536,False,,False,370178
700,760,R2537,B2537,False,,False,358171
700,760,R2538,B2538,False,,False,355923
700,760,R2539,B2539,False,,False,361580
700,760,R2540,B2540,False,,False,353261
700,760,R2541,B2541,False,,False,373302
700,760,R2542,B2542,False,,False,369466
700,760,R2543,B2543,False,,False,376488
700,760,R2544,B2544,True,706.0,True,1121779
700,760,R2545,B2545,True,708.0,True,732832
700,760,R2546,B2546,False,,False,375822
700,760,R2547,B2547,True,706.0,True,1158964
700,760,R2548,B2548,True,706.0,True,1086171
700,760,R2549,B2549,False,,False,355635
700,760,R2550,B2550,False,,False,357160
700,760,R2551,B2551,True,707.0,True,1096675
700,760,R2552,B2552,True,707.0,True,1129465
700,760,R2553,B2553,True,708.0,True,747853
700,760,R2554,B2554,False,,False,375822
700,760,R2555,B2555,False,,False,386321
700,760,R2556,B2556,True,710.0,True,726166
700,760,R2557,B2557,False,,False,358125
700,760,R2558,B2558,False,,False,362057
700,760,R2559,B2559,True,707.0,True,748095
700,760,R2560,B2560,False,,False,370178
700,760,R2561,B2561,False,,False,361580
700,760,R2562,B2562,False,,False,354238
700,760,R2563,B2563,False,,False,357160
700,760,R2564,B2564,False,,False,398339
700,760,R2565,B2565,False,,False,365558
700,760,R2566,B2566,True,713.0,True,747853
700,760,R2567,B2567,True,708.0,True,772642
700,760,R2568,B2568,False,,False,373060
700,760,R2569,B2569,True,709.0,True,748095
700,760,R2570,B2570,False,,False,370367
700,760,R2571,B2571,False,,False,386042
700,760,R2572,B2572,False,,False,355635
700,760,R2573,B2573,False,,False,353261
700,760,R2574,B2574,False,,False,369466
700,760,R2575,B2575,False,,False,365558
700,760,R2576,B2576,False,,False,376488
700,760,R2577,B2577,True,712.0,True,747853
700,760,R2578,B2578,False,,False,366906
700,760,R2579,B2579,False,,False,358827
700,760,R2580,B2580,False,,False,386321
700,760,R2581,B2581,False,,False,373060
700,760,R2582,B2582,False,,False,358125
700,760,R2583,B2583,False,,False,362057
700,760,R2584,B2584,True,713.0,True,740357
700,760,R2585,B2585,False,,False,361580
700,760,R2586,B2586,False,,False,353261
700,760,R2587,B2587,False,,False,357646
700,760,R2588,B2588,False,,False,357160
700,760,R2589,B2589,False,,False,369466
700,760,R2590,B2590,False,,False,398339
700,760,R2591,B2591,True,713.0,True,731117
700,760,R2592,B2592,False,,False,373926
700,760,R2593,B2593,False,,False,366416
700,760,R2594,B2594,True,710.0,True,772642
700,760,R2595,B2595,True,716.0,True,746120
700,760,R2596,B2596,False,,False,358125
700,760,R2597,B2597,False,,False,362057
700,760,R2598,B2598,True,714.0,True,740357
700,760,R2599,B2599,False,,False,361580
700,760,R2600,B2600,False,,False,357048
700,760,R2601,B2601,False,,False,369532
700,760,R2602,B2602,False,,False,396267
700,760,R2603,B2603,True,711.0,True,752977
700,760,R2604,B2604,True,716.0,True,733813
700,760,R2605,B2605,False,,False,358827
700,760,R2606,B2606,False,,False,375822
700,760,R2607,B2607,False,,False,386321
700,760,R2608,B2608,True,711.0,True,726166
700,760,R2609,B2609,False,,False,374047
700,760,R2610,B2610,False,,False,370367
700,760,R2611,B2611,False,,False,358171
700,760,R2612,B2612,False,,False,355923
700,760,R2613,B2613,False,,False,365071
700,760,R2614,B2614,False,,False,361580
700,760,R2615,B2615,False,,False,357160
700,760,R2616,B2616,False,,False,377810
700,760,R2617,B2617,False,,False,373926
700,760,R2618,B2618,False,,False,366416
700,760,R2619,B2619,False,,False,375822
700,760,R2620,B2620,False,,False,373060
700,760,R2621,B2621,False,,False,716250
700,760,R2622,B2622,False,,False,362057
700,760,R2623,B2623,False,,False,357272
700,760,R2624,B2624,False,,False,355635
700,760,R2625,B2625,False,,False,374842
700,760,R2626,B2626,False,,False,357898
700,760,R2627,B2627,False,,False,396267
700,760,R2628,B2628,False,,False,376488
700,760,R2629,B2629,False,,False,366906
700,760,R2630,B2630,False,,False,375822
700,760,R2631,B2631,True,713.0,True,746120
700,760,R2632,B2632,False,,False,358125
700,760,R2633,B2633,True,713.0,True,1448228
700,760,R2634,B2634,False,,False,362057
700,760,R2635,B2635,False,,False,411600
700,760,R2636,B2636,True,713.0,True,1084741
700,760,R2637,B2637,False,,False,715292
700,760,R2638,B2638,False,,False,339953
700,760,R2639,B2639,False,,False,377810
700,760,R2640,B2640,True,716.0,True,747853
700,760,R2641,B2641,True,714.0,True,772642
700,760,R2642,B2642,True,717.0,True,746120
700,760,R2643,B2643,False,,False,358125
700,760,R2644,B2644,True,714.0,True,749685
700,760,R2645,B2645,False,,False,357048
700,760,R2646,B2646,True,720.0,False,714321
700,760,R2647,B2647,False,,False,376488
700,760,R2648,B2648,True,715.0,True,747853
700,760,R2649,B2649,False,,False,366906
700,760,R2650,B2650,False,,False,370178
700,760,R2651,B2651,False,,False,360086
700,760,R2652,B2652,False,,False,356642
700,760,R2653,B2653,False,,False,715292
700,760,R2654,B2654,False,,False,339953
700,760,R2655,B2655,False,,False,369466
700,760,R2656,B2656,True,716.0,True,747853
700,760,R2657,B2657,False,,False,386321
700,760,R2658,B2658,False,,False,373060
700,760,R2659,B2659,False,,False,358125
700,760,R2660,B2660,False,,False,374047
700,760,R2661,B2661,False,,False,357272
700,760,R2662,B2662,False,,False,365475
700,760,R2663,B2663,False,,False,356322
700,760,R2664,B2664,False,,False,356830
700,760,R2665,B2665,False,,False,347100
700,760,R2666,B2666,False,,False,369466
700,760,R2667,B2667,False,,False,365558
700,760,R2668,B2668,False,,False,376488
700,760,R2669,B2669,True,721.0,False,733813
700,760,R2670,B2670,False,,False,386321
700,760,R2671,B2671,True,720.0,False,1492241
700,760,R2672,B2672,False,,False,373060
700,760,R2673,B2673,True,717.0,True,1074375
700,760,R2674,B2674,False,,False,374047
700,760,R2675,B2675,False,,False,365071
700,760,R2676,B2676,False,,False,361580
700,760,R2677,B2677,True,717.0,True,714321
700,760,R2678,B2678,False,,False,398339
700,760,R2679,B2679,False,,False,373926
700,760,R2680,B2680,True,721.0,False,772642
700,760,R2681,B2681,True,721.0,False,746120
700,760,R2682,B2682,False,,False,362057
700,760,R2683,B2683,False,,False,359696
700,760,R2684,B2684,False,,False,357048
700,760,R2685,B2685,False,,False,365071
700,760,R2686,B2686,False,,False,374218
700,760,R2687,B2687,False,,False,374842
700,760,R2688,B2688,False,,False,373926
700,760,R2689,B2689,False,,False,717655
700,760,R2690,B2690,False,,False,354409
700,760,R2691,B2691,False,,False,375822
700,760,R2692,B2692,True,720.0,False,772642
700,760,R2693,B2693,True,723.0,False,746120
700,760,R2694,B2694,False,,False,362057
700,760,R2695,B2695,False,,False,370178
700,760,R2696,B2696,False,,False,355923
700,760,R2697,B2697,False,,False,365071
700,760,R2698,B2698,False,,False,353607
700,760,R2699,B2699,False,,False,373302
700,760,R2700,B2700,True,720.0,False,731117
700,760,R2701,B2701,False,,False,373926
700,760,R2702,B2702,False,,False,375822
700,760,R2703,B2703,False,,False,386321
700,760,R2704,B2704,True,720.0,False,746120
700,760,R2705,B2705,False,,False,358125
700,760,R2706,B2706,False,,False,362057
700,760,R2707,B2707,False,,False,374047
700,760,R2708,B2708,False,,False,364900
700,760,R2709,B2709,False,,False,355635
700,760,R2710,B2710,False,,False,367258
700,760,R2711,B2711,False,,False,384564
700,760,R2712,B2712,False,,False,356075
700,760,R2713,B2713,False,,False,356038
700,760,R2714,B2714,False,,False,362285
700,760,R2715,B2715,True,724.0,False,1050160
700,760,R2716,B2716,True,721.0,False,712297
700,760,R2717,B2717,False,,False,360921
700,760,R2718,B2718,False,,False,351148
700,760,R2719,B2719,False,,False,349140
700,760,R2720,B2720,False,,False,690242
700,760,R2721,B2721,False,,False,343628
700,760,R2722,B2722,False,,False,694198
700,760,R2723,B2723,False,,False,347448
700,760,R2724,B2724,False,,False,344858
700,760,R2725,B2725,False,,False,357111
700,760,R2726,B2726,False,,False,362285
700,760,R2727,B2727,False,,False,355555
700,760,R2728,B2728,False,,False,349291
700,760,R2729,B2729,False,,False,356148
700,760,R2730,B2730,False,,False,360921
700,760,R2731,B2731,False,,False,340355
700,760,R2732,B2732,False,,False,367258
700,760,R2733,B2733,False,,False,356038
700,760,R2734,B2734,False,,False,352428
700,760,R2735,B2735,True,723.0,False,714222
700,760,R2736,B2736,False,,False,355555
700,760,R2737,B2737,False,,False,350053
700,760,R2738,B2738,False,,False,356148
700,760,R2739,B2739,False,,False,353214
700,760,R2740,B2740,False,,False,350501
700,760,R2741,B2741,False,,False,356605
700,760,R2742,B2742,False,,False,357111
700,760,R2743,B2743,True,724.0,False,711110
700,760,R2744,B2744,False,,False,350053
700,760,R2745,B2745,False,,False,356148
700,760,R2746,B2746,False,,False,353214
700,760,R2747,B2747,True,726.0,False,1034528
700,760,R2748,B2748,True,724.0,False,698280
700,760,R2749,B2749,False,,False,355146
700,760,R2750,B2750,False,,False,347574
700,760,R2751,B2751,False,,False,326176
700,760,R2752,B2752,False,,False,353883
700,760,R2753,B2753,True,725.0,False,714738
700,760,R2754,B2754,True,725.0,False,712076
700,760,R2755,B2755,True,728.0,False,1449142
700,760,R2756,B2756,True,725.0,False,1422220
700,760,R2757,B2757,False,,False,347187
700,760,R2758,B2758,True,725.0,False,700107
700,760,R2759,B2759,True,725.0,False,1059642
700,760,R2760,B2760,False,,False,347194
700,760,R2761,B2761,False,,False,350935
700,760,R2762,B2762,False,,False,355309
700,760,R2763,B2763,False,,False,347099
700,760,R2764,B2764,False,,False,347448
700,760,R2765,B2765,False,,False,355776
700,760,R2766,B2766,True,728.0,False,714738
700,760,R2767,B2767,False,,False,357111
700,760,R2768,B2768,False,,False,362285
700,760,R2769,B2769,True,730.0,False,711110
700,760,R2770,B2770,False,,False,356148
700,760,R2771,B2771,False,,False,353214
700,760,R2772,B2772,False,,False,347743
700,760,R2773,B2773,False,,False,342259
700,760,R2774,B2774,False,,False,350935
700,760,R2775,B2775,False,,False,346565
700,760,R2776,B2776,False,,False,355776
700,760,R2777,B2777,False,,False,367258
700,760,R2778,B2778,False,,False,357369
700,760,R2779,B2779,True,731.0,False,1068114
700,760,R2780,B2780,False,,False,347313
700,760,R2781,B2781,False,,False,357111
700,760,R2782,B2782,True,727.0,False,711110
700,760,R2783,B2783,False,,False,347187
700,760,R2784,B2784,False,,False,353214
700,760,R2785,B2785,False,,False,349140
700,760,R2786,B2786,True,727.0,False,1042344
700,760,R2787,B2787,True,731.0,False,694410
700,760,R2788,B2788,False,,False,368294
700,760,R2789,B2789,False,,False,384564
700,760,R2790,B2790,False,,False,356038
700,760,R2791,B2791,False,,False,352183
700,760,R2792,B2792,True,730.0,False,724571
700,760,R2793,B2793,True,730.0,False,711110
700,760,R2794,B2794,False,,False,347187
700,760,R2795,B2795,True,728.0,False,1050160
700,760,R2796,B2796,True,728.0,False,712297
700,760,R2797,B2797,True,728.0,False,706428
700,760,R2798,B2798,False,,False,344842
700,760,R2799,B2799,False,,False,349140
700,760,R2800,B2800,False,,False,344961
700,760,R2801,B2801,False,,False,347574
700,760,R2802,B2802,True,728.0,False,694410
700,760,R2803,B2803,True,732.0,False,714738
700,760,R2804,B2804,False,,False,356038
700,760,R2805,B2805,False,,False,352428
700,760,R2806,B2806,False,,False,362285
700,760,R2807,B2807,False,,False,350053
700,760,R2808,B2808,False,,False,353214
700,760,R2809,B2809,False,,False,350935
700,760,R2810,B2810,True,729.0,False,698280
700,760,R2811,B2811,False,,False,355309
700,760,R2812,B2812,False,,False,347448
700,760,R2813,B2813,False,,False,353883
700,760,R2814,B2814,False,,False,356038
700,760,R2815,B2815,False,,False,362285
700,760,R2816,B2816,False,,False,355555
700,760,R2817,B2817,False,,False,347187
700,760,R2818,B2818,False,,False,353214
700,760,R2819,B2819,False,,False,341320
700,760,R2820,B2820,False,,False,347205
700,760,R2821,B2821,False,,False,355776
700,760,R2822,B2822,True,732.0,False,714738
700,760,R2823,B2823,True,736.0,False,712076
700,760,R2824,B2824,False,,False,352428
700,760,R2825,B2825,True,731.0,False,1086857
700,760,R2826,B2826,False,,False,347187
700,760,R2827,B2827,True,731.0,False,700107
700,760,R2828,B2828,False,,False,356148
700,760,R2829,B2829,True,731.0,False,706428
700,760,R2830,B2830,False,,False,373850
700,760,R2831,B2831,False,,False,353218
700,760,R2832,B2832,False,,False,344986
700,760,R2833,B2833,False,,False,350935
700,760,R2834,B2834,False,,False,349140
700,760,R2835,B2835,False,,False,347099
700,760,R2836,B2836,False,,False,356038
700,760,R2837,B2837,True,734.0,False,714222
700,760,R2838,B2838,False,,False,362285
700,760,R2839,B2839,True,733.0,False,711110
700,760,R2840,B2840,False,,False,347187
700,760,R2841,B2841,True,732.0,False,700107
700,760,R2842,B2842,False,,False,356148
700,760,R2843,B2843,True,732.0,False,706428
700,760,R2844,B2844,True,732.0,False,689685
700,760,R2845,B2845,False,,False,347099
700,760,R2846,B2846,False,,False,347574
700,760,R2847,B2847,False,,False,331101
700,760,R2848,B2848,False,,False,347205
700,760,R2849,B2849,False,,False,353441
700,760,R2850,B2850,False,,False,353883
700,760,R2851,B2851,False,,False,367258
700,760,R2852,B2852,False,,False,351179
700,760,R2853,B2853,True,733.0,False,712150
700,760,R2854,B2854,False,,False,357369
700,760,R2855,B2855,False,,False,356038
700,760,R2856,B2856,False,,False,357111
700,760,R2857,B2857,False,,False,362285
700,760,R2858,B2858,False,,False,347187
700,760,R2859,B2859,False,,False,350053
700,760,R2860,B2860,False,,False,347743
700,760,R2861,B2861,True,735.0,False,689973
700,760,R2862,B2862,False,,False,351179
700,760,R2863,B2863,True,737.0,False,1424153
700,760,R2864,B2864,False,,False,362285
700,760,R2865,B2865,False,,False,355555
700,760,R2866,B2866,False,,False,345015
700,760,R2867,B2867,False,,False,347187
700,760,R2868,B2868,False,,False,353214
700,760,R2869,B2869,False,,False,350935
700,760,R2870,B2870,True,734.0,False,698280
700,760,R2871,B2871,False,,False,331101
700,760,R2872,B2872,False,,False,367258
700,760,R2873,B2873,False,,False,357369
700,760,R2874,B2874,True,735.0,False,714222
700,760,R2875,B2875,False,,False,362285
700,760,R2876,B2876,False,,False,355555
700,760,R2877,B2877,False,,False,353214
700,760,R2878,B2878,False,,False,347099
700,760,R2879,B2879,False,,False,344986
700,760,R2880,B2880,False,,False,347448
700,760,R2881,B2881,False,,False,368294
700,760,R2882,B2882,False,,False,357369
700,760,R2883,B2883,False,,False,356038
700,760,R2884,B2884,False,,False,347313
700,760,R2885,B2885,False,,False,362285
700,760,R2886,B2886,False,,False,355555
700,760,R2887,B2887,False,,False,350053
700,760,R2888,B2888,False,,False,356148
700,760,R2889,B2889,True,737.0,False,698280
700,760,R2890,B2890,False,,False,343628
700,760,R2891,B2891,False,,False,340355
700,760,R2892,B2892,False,,False,347574
700,760,R2893,B2893,False,,False,357111
700,760,R2894,B2894,True,737.0,False,1422220
700,760,R2895,B2895,False,,False,350053
700,760,R2896,B2896,False,,False,341320
700,760,R2897,B2897,False,,False,349140
700,760,R2898,B2898,False,,False,689716
700,760,R2899,B2899,False,,False,353883
700,760,R2900,B2900,False,,False,346973
700,760,R2901,B2901,True,738.0,False,1068114
700,760,R2902,B2902,True,738.0,False,1086857
700,760,R2903,B2903,False,,False,355555
700,760,R2904,B2904,False,,False,350053
700,760,R2905,B2905,True,741.0,False,706428
700,760,R2906,B2906,False,,False,347099
700,760,R2907,B2907,False,,False,344842
700,760,R2908,B2908,False,,False,342259
700,760,R2909,B2909,False,,False,347099
700,760,R2910,B2910,False,,False,355776
700,760,R2911,B2911,False,,False,356038
700,760,R2912,B2912,False,,False,362285
700,760,R2913,B2913,True,739.0,False,700107
700,760,R2914,B2914,False,,False,349140
700,760,R2915,B2915,False,,False,344804
700,760,R2916,B2916,False,,False,362285
700,760,R2917,B2917,True,740.0,False,1068446
700,760,R2918,B2918,False,,False,353214
700,760,R2919,B2919,False,,False,346523
700,760,R2920,B2920,False,,False,347574
700,760,R2921,B2921,False,,False,338300
700,760,R2922,B2922,False,,False,335200
700,760,R2923,B2923,False,,False,338250
700,760,R2924,B2924,False,,False,338250
700,760,R2925,B2925,False,,False,333350
700,760,R2926,B2926,False,,False,336800
700,760,R2927,B2927,False,,False,336800
700,760,R2928,B2928,False,,False,333600
700,760,R2929,B2929,False,,False,337250
700,760,R2930,B2930,False,,False,329000
700,760,R2931,B2931,False,,False,338250
700,760,R2932,B2932,False,,False,338250
700,760,R2933,B2933,False,,False,335800
700,760,R2934,B2934,True,745.0,False,673600
700,760,R2935,B2935,False,,False,338250
700,760,R2936,B2936,False,,False,337950
700,760,R2937,B2937,False,,False,338050
700,760,R2938,B2938,True,742.0,False,1000800
700,760,R2939,B2939,False,,False,336400
700,760,R2940,B2940,False,,False,337250
700,760,R2941,B2941,False,,False,338250
700,760,R2942,B2942,False,,False,336800
700,760,R2943,B2943,False,,False,337950
700,760,R2944,B2944,False,,False,338050
700,760,R2945,B2945,False,,False,338250
700,760,R2946,B2946,False,,False,338300
700,760,R2947,B2947,False,,False,338250
700,760,R2948,B2948,False,,False,338050
700,760,R2949,B2949,False,,False,338250
700,760,R2950,B2950,True,748.0,False,672500
700,760,R2951,B2951,False,,False,336300
700,760,R2952,B2952,False,,False,333650
700,760,R2953,B2953,False,,False,337250
700,760,R2954,B2954,True,745.0,False,673600
700,760,R2955,B2955,False,,False,338150
700,760,R2956,B2956,False,,False,337950
700,760,R2957,B2957,False,,False,338250
700,760,R2958,B2958,False,,False,335700
700,760,R2959,B2959,True,745.0,False,672500
700,760,R2960,B2960,False,,False,333650
700,760,R2961,B2961,False,,False,337250
700,760,R2962,B2962,False,,False,338300
700,760,R2963,B2963,True,746.0,False,671600
700,760,R2964,B2964,False,,False,336400
700,760,R2965,B2965,False,,False,338250
700,760,R2966,B2966,True,746.0,False,676500
700,760,R2967,B2967,True,746.0,False,671600
700,760,R2968,B2968,False,,False,333600
700,760,R2969,B2969,False,,False,338300
700,760,R2970,B2970,False,,False,334200
700,760,R2971,B2971,True,748.0,False,676500
700,760,R2972,B2972,False,,False,336300
700,760,R2973,B2973,False,,False,338300
700,760,R2974,B2974,False,,False,338250
700,760,R2975,B2975,True,748.0,False,675900
700,760,R2976,B2976,True,748.0,False,667200
700,760,R2977,B2977,False,,False,338250
700,760,R2978,B2978,False,,False,336250
700,760,R2979,B2979,False,,False,338050
700,760,R2980,B2980,True,749.0,False,1353000
700,760,R2981,B2981,True,749.0,False,676500
700,760,R2982,B2982,False,,False,333350
700,760,R2983,B2983,False,,False,333600
700,760,R2984,B2984,False,,False,336400
700,760,R2985,B2985,True,750.0,False,676600
700,760,R2986,B2986,False,,False,338050
700,760,R2987,B2987,False,,False,336250
700,760,R2988,B2988,False,,False,334500
700,760,R2989,B2989,False,,False,338250
700,760,R2990,B2990,False,,False,338300
700,760,R2991,B2991,True,751.0,False,673600
700,760,R2992,B2992,False,,False,338150
700,760,R2993,B2993,False,,False,335500
700,760,R2994,B2994,True,751.0,False,676500
700,760,R2995,B2995,False,,False,336250
700,760,R2996,B2996,False,,False,333350
700,760,R2997,B2997,False,,False,332700
700,760,R2998,B2998,False,,False,336800
700,760,R2999,B2999,False,,False,338150
700,760,R3000,B3000,False,,False,338250
700,760,R3001,B3001,True,752.0,False,676100
700,760,R3002,B3002,False,,False,338250
700,760,R3003,B3003,False,,False,338250
700,760,R3004,B3004,False,,False,338300
700,760,R3005,B3005,False,,False,336800
700,760,R3006,B3006,True,753.0,False,1014750
700,760,R3007,B3007,True,754.0,False,1014450
700,760,R3008,B3008,True,753.0,False,1013850
700,760,R3009,B3009,True,753.0,False,676500
700,760,R3010,B3010,False,,False,336800
700,760,R3011,B3011,False,,False,338300
700,760,R3012,B3012,True,754.0,False,675900
700,760,R3013,B3013,False,,False,335800
700,760,R3014,B3014,False,,False,338050
700,760,R3015,B3015,True,755.0,False,676100
700,760,R3016,B3016,False,,False,333350
700,760,R3017,B3017,False,,False,334500
700,760,R3018,B3018,False,,False,338300
700,760,R3019,B3019,False,,False,338250
700,760,R3020,B3020,False,,False,336800
700,760,R3021,B3021,False,,False,336400
700,760,R3022,B3022,True,760.0,False,675900
700,760,R3023,B3023,False,,False,333650
700,760,R3024,B3024,False,,False,338300
700,760,R3025,B3025,False,,False,336800
700,760,R3026,B3026,False,,False,338150
700,760,R3027,B3027,False,,False,337950
700,760,R3028,B3028,True,757.0,False,675900
700,760,R3029,B3029,False,,False,335500
700,760,R3030,B3030,True,757.0,False,676500
700,760,R3031,B3031,True,757.0,False,673400
700,760,R3032,B3032,False,,False,338300
700,760,R3033,B3033,False,,False,338250
700,760,R3034,B3034,False,,False,337350
700,760,R3035,B3035,False,,False,333600
700,760,R3036,B3036,False,,False,333650
700,760,R3037,B3037,False,,False,338300
700,760,R3038,B3038,True,759.0,False,676300
700,760,R3039,B3039,True,759.0,False,675900
700,760,R3040,B3040,False,,False,338250
700,760,R3041,B3041,False,,False,338050
700,760,R3042,B3042,False,,False,335800
700,760,R3043,B3043,False,,False,336400
700,760,R3044,B3044,False,,False,333650
700,760,R3045,B3045,False,,False,338250
700,760,R3046,B3046,False,,False,338300
700,760,R3047,B3047,False,,False,336800
700,760,R3048,B3048,False,,False,338250
700,760,R3049,B3049,False,,False,338150
700,760,R3050,B3050,True,760.0,False,675900
700,760,R3051,B3051,False,,False,337950
720,780,R2428,B2428,False,,False,511250
720,780,R2435,B2435,False,,False,511250
720,780,R2452,B2452,False,,False,502435
720,780,R2460,B2460,False,,False,494855
720,780,R2462,B2462,False,,False,496535
720,780,R2469,B2469,False,,False,496730
720,780,R2473,B2473,False,,False,666200
720,780,R2478,B2478,False,,False,456323
720,780,R2490,B2490,False,,False,500981
720,780,R2491,B2491,False,,False,583500
720,780,R2494,B2494,False,,False,434687
720,780,R2498,B2498,False,,False,455479
720,780,R2502,B2502,False,,False,426848
720,780,R2503,B2503,False,,False,589861
720,780,R2505,B2505,False,,False,434687
720,780,R2506,B2506,False,,False,427001
720,780,R2508,B2508,False,,False,463563
720,780,R2511,B2511,False,,False,571807
720,780,R2512,B2512,False,,False,611066
720,780,R2515,B2515,False,,False,511691
720,780,R2516,B2516,False,,False,473966
720,780,R2518,B2518,False,,False,434687
720,780,R2521,B2521,False,,False,502154
720,780,R2523,B2523,False,,False,698785
720,780,R2524,B2524,False,,False,526246
720,780,R2528,B2528,False,,False,548112
720,780,R2530,B2530,False,,False,463563
720,780,R2531,B2531,False,,False,442571
720,780,R2532,B2532,False,,False,459485
720,780,R2534,B2534,False,,False,626678
720,780,R2535,B2535,False,,False,548112
720,780,R2537,B2537,False,,False,471527
720,780,R2538,B2538,False,,False,432480
720,780,R2540,B2540,False,,False,443601
720,780,R2541,B2541,False,,False,548562
720,780,R2543,B2543,False,,False,567681
720,780,R2546,B2546,False,,False,562933
720,780,R2549,B2549,False,,False,431184
720,780,R2550,B2550,False,,False,396982
720,780,R2554,B2554,False,,False,562933
720,780,R2555,B2555,False,,False,626678
720,780,R2557,B2557,False,,False,401875
720,780,R2558,B2558,False,,False,482092
720,780,R2560,B2560,False,,False,539821
720,780,R2561,B2561,False,,False,485983
720,780,R2562,B2562,False,,False,404714
720,780,R2563,B2563,False,,False,396982
720,780,R2564,B2564,False,,False,698785
720,780,R2565,B2565,False,,False,509351
720,780,R2568,B2568,False,,False,548112
720,780,R2570,B2570,False,,False,531953
720,780,R2571,B2571,False,,False,637254
720,780,R2572,B2572,False,,False,431184
720,780,R2573,B2573,False,,False,404884
720,780,R2574,B2574,False,,False,525300
720,780,R2575,B2575,False,,False,509351
720,780,R2576,B2576,False,,False,567681
720,780,R2578,B2578,False,,False,468256
720,780,R2579,B2579,False,,False,439425
720,780,R2580,B2580,False,,False,626678
720,780,R2581,B2581,False,,False,495596
720,780,R2582,B2582,False,,False,369062
720,780,R2583,B2583,False,,False,482092
720,780,R2585,B2585,False,,False,485983
720,780,R2586,B2586,False,,False,404884
720,780,R2587,B2587,False,,False,398439
720,780,R2588,B2588,False,,False,396982
720,780,R2589,B2589,False,,False,525300
720,780,R2590,B2590,False,,False,608651
720,780,R2592,B2592,False,,False,552809
720,780,R2593,B2593,False,,False,466047
720,780,R2596,B2596,False,,False,369062
720,780,R2597,B2597,False,,False,482092
720,780,R2599,B2599,False,,False,485983
720,780,R2600,B2600,False,,False,366998
720,780,R2601,B2601,False,,False,482172
720,780,R2602,B2602,False,,False,599327
720,780,R2605,B2605,False,,False,404883
720,780,R2606,B2606,False,,False,562933
720,780,R2607,B2607,False,,False,554571
720,780,R2609,B2609,False,,False,553037
720,780,R2610,B2610,False,,False,483477
720,780,R2611,B2611,False,,False,437520
720,780,R2612,B2612,False,,False,399670
720,780,R2613,B2613,False,,False,506427
720,780,R2614,B2614,False,,False,485983
720,780,R2615,B2615,False,,False,367116
720,780,R2616,B2616,False,,False,462630
720,780,R2617,B2617,False,,False,499144
720,780,R2618,B2618,False,,False,466047
720,780,R2619,B2619,False,,False,506800
720,780,R2620,B2620,False,,False,495596
720,780,R2621,B2621,False,,False,738125
720,780,R2622,B2622,False,,False,482092
720,780,R2623,B2623,False,,False,367233
720,780,R2624,B2624,False,,False,398806
720,780,R2625,B2625,False,,False,512717
720,780,R2626,B2626,False,,False,368222
720,780,R2627,B2627,False,,False,599327
720,780,R2628,B2628,False,,False,510323
720,780,R2629,B2629,False,,False,468256
720,780,R2630,B2630,False,,False,506800
720,780,R2632,B2632,False,,False,369062
720,780,R2634,B2634,False,,False,446082
720,780,R2635,B2635,False,,False,675850
720,780,R2637,B2637,False,,False,735689
720,780,R2638,B2638,False,,False,348805
720,780,R2639,B2639,False,,False,399015
720,780,R2643,B2643,False,,False,369062
720,780,R2645,B2645,False,,False,366998
720,780,R2646,B2646,True,720.0,True,734232
720,780,R2647,B2647,False,,False,510323
720,780,R2649,B2649,False,,False,424820
720,780,R2650,B2650,False,,False,488928
720,780,R2651,B2651,False,,False,409459
720,780,R2652,B2652,False,,False,368163
720,780,R2653,B2653,False,,False,735689
720,780,R2654,B2654,False,,False,348805
720,780,R2655,B2655,False,,False,478550
720,780,R2657,B2657,False,,False,482464
720,780,R2658,B2658,False,,False,443081
720,780,R2659,B2659,False,,False,369062
720,780,R2660,B2660,True,720.0,True,499340
720,780,R2661,B2661,False,,False,367233
720,780,R2662,B2662,False,,False,423826
720,780,R2663,B2663,False,,False,367683
720,780,R2664,B2664,False,,False,397892
720,780,R2665,B2665,False,,False,358600
720,780,R2666,B2666,False,,False,478550
720,780,R2667,B2667,False,,False,423075
720,780,R2668,B2668,False,,False,452965
720,780,R2669,B2669,False,,False,849641
720,780,R2670,B2670,False,,False,482464
720,780,R2671,B2671,True,723.0,True,1772325
720,780,R2672,B2672,False,,False,443081
720,780,R2674,B2674,False,,False,445643
720,780,R2675,B2675,False,,False,421613
720,780,R2676,B2676,False,,False,411341
720,780,R2678,B2678,False,,False,518517
720,780,R2679,B2679,False,,False,445479
720,780,R2680,B2680,False,,False,964928
720,780,R2681,B2681,False,,False,886162
720,780,R2682,B2682,True,720.0,True,410071
720,780,R2683,B2683,False,,False,372870
720,780,R2684,B2684,False,,False,366998
720,780,R2685,B2685,False,,False,421613
720,780,R2686,B2686,False,,False,393127
720,780,R2687,B2687,False,,False,394539
720,780,R2688,B2688,False,,False,445479
720,780,R2689,B2689,False,,False,740683
720,780,R2690,B2690,False,,False,364013
720,780,R2691,B2691,False,,False,450666
720,780,R2692,B2692,False,,False,964928
720,780,R2693,B2693,False,,False,781131
720,780,R2694,B2694,False,,False,410071
720,780,R2695,B2695,False,,False,438035
720,780,R2696,B2696,False,,False,366860
720,780,R2697,B2697,False,,False,421613
720,780,R2698,B2698,False,,False,363585
720,780,R2699,B2699,False,,False,443406
720,780,R2700,B2700,True,724.0,True,846151
720,780,R2701,B2701,False,,False,445479
720,780,R2702,B2702,False,,False,450666
720,780,R2703,B2703,False,,False,482464
720,780,R2704,B2704,False,,False,781131
720,780,R2705,B2705,False,,False,369062
720,780,R2706,B2706,False,,False,410071
720,780,R2707,B2707,False,,False,445643
720,780,R2708,B2708,False,,False,378626
720,780,R2709,B2709,False,,False,366428
720,780,R2710,B2710,False,,False,396267
720,780,R2711,B2711,False,,False,530858
720,780,R2712,B2712,False,,False,376750
720,780,R2713,B2713,False,,False,409703
720,780,R2714,B2714,False,,False,386321
720,780,R2715,B2715,True,721.0,True,1158192
720,780,R2716,B2716,True,724.0,True,819691
720,780,R2717,B2717,False,,False,386042
720,780,R2718,B2718,False,,False,365996
720,780,R2719,B2719,True,721.0,True,386461
720,780,R2720,B2720,True,721.0,True,713284
720,780,R2721,B2721,False,,False,353607
720,780,R2722,B2722,False,,False,714097
720,780,R2723,B2723,False,,False,357646
720,780,R2724,B2724,False,,False,355266
720,780,R2725,B2725,False,,False,375822
720,780,R2726,B2726,False,,False,386321
720,780,R2727,B2727,False,,False,373060
720,780,R2728,B2728,False,,False,363083
720,780,R2729,B2729,False,,False,374047
720,780,R2730,B2730,False,,False,386042
720,780,R2731,B2731,False,,False,353261
720,780,R2732,B2732,False,,False,396267
720,780,R2733,B2733,False,,False,373926
720,780,R2734,B2734,False,,False,366906
720,780,R2735,B2735,True,728.0,True,751644
720,780,R2736,B2736,False,,False,373060
720,780,R2737,B2737,False,,False,362057
720,780,R2738,B2738,False,,False,374047
720,780,R2739,B2739,True,723.0,True,370178
720,780,R2740,B2740,False,,False,364603
720,780,R2741,B2741,False,,False,377810
720,780,R2742,B2742,False,,False,375822
720,780,R2743,B2743,True,728.0,True,746120
720,780,R2744,B2744,False,,False,362057
720,780,R2745,B2745,True,725.0,True,374047
720,780,R2746,B2746,False,,False,370178
720,780,R2747,B2747,True,726.0,True,1066906
720,780,R2748,B2748,True,724.0,True,723161
720,780,R2749,B2749,False,,False,374842
720,780,R2750,B2750,False,,False,357898
720,780,R2751,B2751,False,,False,334852
720,780,R2752,B2752,False,,False,369466
720,780,R2753,B2753,True,726.0,True,752977
720,780,R2754,B2754,True,726.0,True,747853
720,780,R2755,B2755,True,725.0,True,1545285
720,780,R2756,B2756,True,730.0,True,1492241
720,780,R2757,B2757,False,,False,358125
720,780,R2758,B2758,True,725.0,True,724114
720,780,R2759,B2759,True,726.0,True,1110535
720,780,R2760,B2760,False,,False,357038
720,780,R2761,B2761,False,,False,365071
720,780,R2762,B2762,False,,False,374218
720,780,R2763,B2763,False,,False,357048
720,780,R2764,B2764,False,,False,357646
720,780,R2765,B2765,False,,False,373302
720,780,R2766,B2766,True,726.0,True,752977
720,780,R2767,B2767,False,,False,375822
720,780,R2768,B2768,False,,False,386321
720,780,R2769,B2769,True,731.0,True,746120
720,780,R2770,B2770,False,,False,374047
720,780,R2771,B2771,False,,False,370178
720,780,R2772,B2772,False,,False,360086
720,780,R2773,B2773,False,,False,350018
720,780,R2774,B2774,False,,False,365071
720,780,R2775,B2775,False,,False,356830
720,780,R2776,B2776,False,,False,373302
720,780,R2777,B2777,False,,False,396267
720,780,R2778,B2778,False,,False,376488
720,780,R2779,B2779,True,732.0,True,1121779
720,780,R2780,B2780,False,,False,358827
720,780,R2781,B2781,True,728.0,True,375822
720,780,R2782,B2782,True,733.0,True,746120
720,780,R2783,B2783,False,,False,358125
720,780,R2784,B2784,True,727.0,True,370178
720,780,R2785,B2785,True,727.0,True,361580
720,780,R2786,B2786,True,727.0,True,1072939
720,780,R2787,B2787,True,731.0,True,714321
720,780,R2788,B2788,False,,False,398339
720,780,R2789,B2789,False,,False,433329
720,780,R2790,B2790,True,729.0,True,373926
720,780,R2791,B2791,False,,False,366416
720,780,R2792,B2792,True,733.0,True,772642
720,780,R2793,B2793,True,728.0,True,746120
720,780,R2794,B2794,False,,False,358125
720,780,R2795,B2795,True,728.0,True,1086171
720,780,R2796,B2796,True,728.0,True,748095
720,780,R2797,B2797,True,730.0,True,740357
720,780,R2798,B2798,True,729.0,True,355635
720,780,R2799,B2799,False,,False,361580
720,780,R2800,B2800,False,,False,356322
720,780,R2801,B2801,False,,False,357898
720,780,R2802,B2802,True,728.0,True,714321
720,780,R2803,B2803,True,734.0,True,752977
720,780,R2804,B2804,False,,False,373926
720,780,R2805,B2805,False,,False,366906
720,780,R2806,B2806,True,730.0,True,386321
720,780,R2807,B2807,True,729.0,True,362057
720,780,R2808,B2808,True,729.0,True,370178
720,780,R2809,B2809,False,,False,365071
720,780,R2810,B2810,True,730.0,True,723161
720,780,R2811,B2811,False,,False,374218
720,780,R2812,B2812,False,,False,357646
720,780,R2813,B2813,False,,False,369466
720,780,R2814,B2814,False,,False,373926
720,780,R2815,B2815,False,,False,386321
720,780,R2816,B2816,True,730.0,True,373060
720,780,R2817,B2817,False,,False,358125
720,780,R2818,B2818,False,,False,370178
720,780,R2819,B2819,False,,False,351641
720,780,R2820,B2820,False,,False,357160
720,780,R2821,B2821,False,,False,373302
720,780,R2822,B2822,True,731.0,True,752977
720,780,R2823,B2823,True,731.0,True,747853
720,780,R2824,B2824,False,,False,366906
720,780,R2825,B2825,True,733.0,True,1158964
720,780,R2826,B2826,False,,False,358125
720,780,R2827,B2827,True,732.0,True,724114
720,780,R2828,B2828,False,,False,374047
720,780,R2829,B2829,True,731.0,True,740357
720,780,R2830,B2830,False,,False,411600
720,780,R2831,B2831,False,,False,368486
720,780,R2832,B2832,False,,False,355923
720,780,R2833,B2833,False,,False,365071
720,780,R2834,B2834,False,,False,361580
720,780,R2835,B2835,False,,False,357048
720,780,R2836,B2836,False,,False,373926
720,780,R2837,B2837,True,732.0,True,751644
720,780,R2838,B2838,False,,False,386321
720,780,R2839,B2839,True,738.0,True,746120
720,780,R2840,B2840,False,,False,358125
720,780,R2841,B2841,True,732.0,True,724114
720,780,R2842,B2842,False,,False,374047
720,780,R2843,B2843,True,732.0,True,740357
720,780,R2844,B2844,True,732.0,True,711271
720,780,R2845,B2845,False,,False,357048
720,780,R2846,B2846,False,,False,357898
720,780,R2847,B2847,False,,False,339953
720,780,R2848,B2848,False,,False,357160
720,780,R2849,B2849,False,,False,369532
720,780,R2850,B2850,False,,False,369466
720,780,R2851,B2851,False,,False,396267
720,780,R2852,B2852,False,,False,365558
720,780,R2853,B2853,True,733.0,True,753500
720,780,R2854,B2854,False,,False,376488
720,780,R2855,B2855,True,733.0,True,373926
720,780,R2856,B2856,False,,False,375822
720,780,R2857,B2857,False,,False,386321
720,780,R2858,B2858,False,,False,358125
720,780,R2859,B2859,False,,False,362057
720,780,R2860,B2860,False,,False,360086
720,780,R2861,B2861,True,735.0,True,711846
720,780,R2862,B2862,False,,False,365558
720,780,R2863,B2863,True,734.0,True,1495706
720,780,R2864,B2864,False,,False,386321
720,780,R2865,B2865,False,,False,373060
720,780,R2866,B2866,False,,False,354130
720,780,R2867,B2867,False,,False,358125
720,780,R2868,B2868,True,734.0,True,370178
720,780,R2869,B2869,False,,False,365071
720,780,R2870,B2870,True,734.0,True,723161
720,780,R2871,B2871,False,,False,339953
720,780,R2872,B2872,False,,False,396267
720,780,R2873,B2873,False,,False,376488
720,780,R2874,B2874,True,740.0,False,751644
720,780,R2875,B2875,False,,False,386321
720,780,R2876,B2876,False,,False,373060
720,780,R2877,B2877,False,,False,370178
720,780,R2878,B2878,False,,False,357048
720,780,R2879,B2879,False,,False,355923
720,780,R2880,B2880,False,,False,357646
720,780,R2881,B2881,False,,False,398339
720,780,R2882,B2882,False,,False,376488
720,780,R2883,B2883,False,,False,373926
720,780,R2884,B2884,False,,False,358827
720,780,R2885,B2885,False,,False,386321
720,780,R2886,B2886,False,,False,373060
720,780,R2887,B2887,True,740.0,False,362057
720,780,R2888,B2888,False,,False,374047
720,780,R2889,B2889,True,737.0,True,723161
720,780,R2890,B2890,False,,False,353607
720,780,R2891,B2891,False,,False,353261
720,780,R2892,B2892,False,,False,357898
720,780,R2893,B2893,False,,False,375822
720,780,R2894,B2894,True,737.0,True,1492241
720,780,R2895,B2895,False,,False,362057
720,780,R2896,B2896,False,,False,351641
720,780,R2897,B2897,False,,False,361580
720,780,R2898,B2898,True,739.0,True,710532
720,780,R2899,B2899,False,,False,369466
720,780,R2900,B2900,False,,False,356697
720,780,R2901,B2901,True,738.0,True,1121779
720,780,R2902,B2902,True,743.0,False,1158964
720,780,R2903,B2903,False,,False,373060
720,780,R2904,B2904,False,,False,362057
720,780,R2905,B2905,True,738.0,True,740357
720,780,R2906,B2906,False,,False,357048
720,780,R2907,B2907,False,,False,355635
720,780,R2908,B2908,True,738.0,True,350018
720,780,R2909,B2909,False,,False,357048
720,780,R2910,B2910,False,,False,373302
720,780,R2911,B2911,False,,False,373926
720,780,R2912,B2912,False,,False,386321
720,780,R2913,B2913,True,743.0,False,724114
720,780,R2914,B2914,False,,False,361580
720,780,R2915,B2915,False,,False,354409
720,780,R2916,B2916,False,,False,386321
720,780,R2917,B2917,True,740.0,False,1122143
720,780,R2918,B2918,False,,False,370178
720,780,R2919,B2919,False,,False,359696
720,780,R2920,B2920,False,,False,357898
720,780,R2921,B2921,False,,False,353883
720,780,R2922,B2922,False,,False,344804
720,780,R2923,B2923,False,,False,362285
720,780,R2924,B2924,False,,False,356148
720,780,R2925,B2925,False,,False,346314
720,780,R2926,B2926,False,,False,350935
720,780,R2927,B2927,False,,False,356657
720,780,R2928,B2928,True,741.0,False,345121
720,780,R2929,B2929,False,,False,347448
720,780,R2930,B2930,False,,False,341619
720,780,R2931,B2931,False,,False,355776
720,780,R2932,B2932,False,,False,368294
720,780,R2933,B2933,True,742.0,False,384564
720,780,R2934,B2934,True,742.0,False,702358
720,780,R2935,B2935,False,,False,357369
720,780,R2936,B2936,False,,False,352183
720,780,R2937,B2937,False,,False,350053
720,780,R2938,B2938,True,744.0,False,1034883
720,780,R2939,B2939,False,,False,350501
720,780,R2940,B2940,False,,False,347574
720,780,R2941,B2941,False,,False,355776
720,780,R2942,B2942,False,,False,351179
720,780,R2943,B2943,False,,False,352428
720,780,R2944,B2944,False,,False,350053
720,780,R2945,B2945,False,,False,356148
720,780,R2946,B2946,False,,False,353883
720,780,R2947,B2947,False,,False,357369
720,780,R2948,B2948,True,744.0,False,355555
720,780,R2949,B2949,False,,False,356148
720,780,R2950,B2950,True,744.0,False,706428
720,780,R2951,B2951,False,,False,346565
720,780,R2952,B2952,False,,False,343628
720,780,R2953,B2953,False,,False,347574
720,780,R2954,B2954,True,745.0,False,702358
720,780,R2955,B2955,False,,False,356038
720,780,R2956,B2956,False,,False,352428
720,780,R2957,B2957,False,,False,362285
720,780,R2958,B2958,False,,False,357502
720,780,R2959,B2959,True,745.0,False,706428
720,780,R2960,B2960,False,,False,343628
720,780,R2961,B2961,False,,False,347448
720,780,R2962,B2962,False,,False,353883
720,780,R2963,B2963,True,746.0,False,769129
720,780,R2964,B2964,False,,False,346931
720,780,R2965,B2965,False,,False,357369
720,780,R2966,B2966,True,748.0,False,712297
720,780,R2967,B2967,True,746.0,False,763711
720,780,R2968,B2968,False,,False,344961
720,780,R2969,B2969,False,,False,353883
720,780,R2970,B2970,False,,False,354725
720,780,R2971,B2971,True,747.0,False,712297
720,780,R2972,B2972,False,,False,346440
720,780,R2973,B2973,False,,False,353883
720,780,R2974,B2974,False,,False,368294
720,780,R2975,B2975,True,750.0,False,704366
720,780,R2976,B2976,True,752.0,False,689922
720,780,R2977,B2977,False,,False,357369
720,780,R2978,B2978,False,,False,347187
720,780,R2979,B2979,False,,False,350053
720,780,R2980,B2980,True,749.0,False,1424595
720,780,R2981,B2981,True,750.0,False,712297
720,780,R2982,B2982,False,,False,346314
720,780,R2983,B2983,True,749.0,False,345121
720,780,R2984,B2984,False,,False,350501
720,780,R2985,B2985,True,752.0,False,707766
720,780,R2986,B2986,False,,False,350053
720,780,R2987,B2987,False,,False,353214
720,780,R2988,B2988,False,,False,342259
720,780,R2989,B2989,False,,False,355776
720,780,R2990,B2990,False,,False,353883
720,780,R2991,B2991,True,751.0,False,702358
720,780,R2992,B2992,True,751.0,False,356038
720,780,R2993,B2993,False,,False,349291
720,780,R2994,B2994,True,751.0,False,712297
720,780,R2995,B2995,False,,False,353214
720,780,R2996,B2996,False,,False,346314
720,780,R2997,B2997,False,,False,340598
720,780,R2998,B2998,True,754.0,False,351179
720,780,R2999,B2999,False,,False,356038
720,780,R3000,B3000,False,,False,362285
720,780,R3001,B3001,True,753.0,False,700107
720,780,R3002,B3002,False,,False,356148
720,780,R3003,B3003,False,,False,355776
720,780,R3004,B3004,True,755.0,False,353883
720,780,R3005,B3005,False,,False,351179
720,780,R3006,B3006,True,756.0,False,1072107
720,780,R3007,B3007,True,754.0,False,1068114
720,780,R3008,B3008,True,759.0,False,1057285
720,780,R3009,B3009,True,754.0,False,712297
720,780,R3010,B3010,False,,False,356657
720,780,R3011,B3011,False,,False,353883
720,780,R3012,B3012,True,755.0,False,704366
720,780,R3013,B3013,False,,False,347313
720,780,R3014,B3014,False,,False,355555
720,780,R3015,B3015,True,756.0,False,700107
720,780,R3016,B3016,False,,False,346523
720,780,R3017,B3017,False,,False,342259
720,780,R3018,B3018,False,,False,353883
720,780,R3019,B3019,False,,False,367258
720,780,R3020,B3020,False,,False,351179
720,780,R3021,B3021,False,,False,346931
720,780,R3022,B3022,True,760.0,False,704856
720,780,R3023,B3023,False,,False,343628
720,780,R3024,B3024,False,,False,353883
720,780,R3025,B3025,False,,False,351179
720,780,R3026,B3026,True,756.0,False,356038
720,780,R3027,B3027,True,756.0,False,352183
720,780,R3028,B3028,True,757.0,False,704856
720,780,R3029,B3029,False,,False,349291
720,780,R3030,B3030,True,757.0,False,712297
720,780,R3031,B3031,True,757.0,False,698280
720,780,R3032,B3032,False,,False,353883
720,780,R3033,B3033,True,758.0,False,356148
720,780,R3034,B3034,False,,False,347311
720,780,R3035,B3035,False,,False,344961
720,780,R3036,B3036,False,,False,343628
720,780,R3037,B3037,False,,False,353883
720,780,R3038,B3038,True,759.0,False,712076
720,780,R3039,B3039,True,759.0,False,704856
720,780,R3040,B3040,True,760.0,False,356148
720,780,R3041,B3041,False,,False,354208
720,780,R3042,B3042,False,,False,381855
720,780,R3043,B3043,False,,False,350501
720,780,R3044,B3044,False,,False,343628
720,780,R3045,B3045,False,,False,355776
720,780,R3046,B3046,False,,False,353883
720,780,R3047,B3047,False,,False,351179
720,780,R3048,B3048,False,,False,357369
720,780,R3049,B3049,False,,False,356038
720,780,R3050,B3050,True,764.0,False,704366
720,780,R3051,B3051,False,,False,352945
720,780,R3052,B3052,False,,False,338250
720,780,R3053,B3053,True,765.0,False,669000
720,780,R3054,B3054,True,767.0,False,1011750
720,780,R3055,B3055,False,,False,337350
720,780,R3056,B3056,False,,False,336400
720,780,R3057,B3057,True,765.0,False,676500
720,780,R3058,B3058,True,762.0,False,676500
720,780,R3059,B3059,False,,False,336250
720,780,R3060,B3060,False,,False,333350
720,780,R3061,B3061,False,,False,337350
720,780,R3062,B3062,False,,False,334500
720,780,R3063,B3063,False,,False,336800
720,780,R3064,B3064,False,,False,338150
720,780,R3065,B3065,False,,False,338050
720,780,R3066,B3066,False,,False,338250
720,780,R3067,B3067,False,,False,335700
720,780,R3068,B3068,False,,False,338250
720,780,R3069,B3069,False,,False,335800
720,780,R3070,B3070,True,769.0,False,676500
720,780,R3071,B3071,False,,False,337950
720,780,R3072,B3072,False,,False,338250
720,780,R3073,B3073,False,,False,336250
720,780,R3074,B3074,False,,False,333350
720,780,R3075,B3075,False,,False,336800
720,780,R3076,B3076,False,,False,333600
720,780,R3077,B3077,False,,False,338250
720,780,R3078,B3078,False,,False,338150
720,780,R3079,B3079,False,,False,338250
720,780,R3080,B3080,False,,False,338050
720,780,R3081,B3081,False,,False,338250
720,780,R3082,B3082,False,,False,333350
720,780,R3083,B3083,True,766.0,False,338300
720,780,R3084,B3084,False,,False,338150
720,780,R3085,B3085,False,,False,338250
720,780,R3086,B3086,False,,False,336800
720,780,R3087,B3087,False,,False,336800
720,780,R3088,B3088,False,,False,336400
720,780,R3089,B3089,False,,False,337250
720,780,R3090,B3090,False,,False,337950
720,780,R3091,B3091,False,,False,335800
720,780,R3092,B3092,False,,False,338250
720,780,R3093,B3093,False,,False,338250
720,780,R3094,B3094,False,,False,336400
720,780,R3095,B3095,True,767.0,False,667300
720,780,R3096,B3096,False,,False,338300
720,780,R3097,B3097,False,,False,338150
720,780,R3098,B3098,False,,False,337950
720,780,R3099,B3099,False,,False,335500
720,780,R3100,B3100,True,769.0,False,676500
720,780,R3101,B3101,False,,False,333600
720,780,R3102,B3102,False,,False,335400
720,780,R3103,B3103,False,,False,338250
720,780,R3104,B3104,False,,False,338250
720,780,R3105,B3105,False,,False,334200
720,780,R3106,B3106,False,,False,338050
720,780,R3107,B3107,True,770.0,False,676500
720,780,R3108,B3108,False,,False,336700
720,780,R3109,B3109,False,,False,333650
720,780,R3110,B3110,True,770.0,False,676600
720,780,R3111,B3111,False,,False,336800
720,780,R3112,B3112,False,,False,336400
720,780,R3113,B3113,False,,False,338150
720,780,R3114,B3114,True,776.0,False,675900
720,780,R3115,B3115,False,,False,338050
720,780,R3116,B3116,False,,False,338250
720,780,R3117,B3117,False,,False,338250
720,780,R3118,B3118,False,,False,338300
720,780,R3119,B3119,False,,False,336800
720,780,R3120,B3120,False,,False,337950
720,780,R3121,B3121,False,,False,338250
720,780,R3122,B3122,False,,False,338250
720,780,R3123,B3123,False,,False,335800
720,780,R3124,B3124,False,,False,336400
720,780,R3125,B3125,False,,False,336400
720,780,R3126,B3126,False,,False,335800
720,780,R3127,B3127,False,,False,336800
720,780,R3128,B3128,False,,False,338050
720,780,R3129,B3129,False,,False,336250
720,780,R3130,B3130,False,,False,334500
720,780,R3131,B3131,False,,False,337250
720,780,R3132,B3132,False,,False,336800
720,780,R3133,B3133,False,,False,336400
720,780,R3134,B3134,True,773.0,False,675900
720,780,R3135,B3135,True,773.0,False,1014750
720,780,R3136,B3136,True,773.0,False,669000
720,780,R3137,B3137,True,774.0,False,338300
720,780,R3138,B3138,True,774.0,False,673600
720,780,R3139,B3139,False,,False,338250
720,780,R3140,B3140,False,,False,337950
720,780,R3141,B3141,False,,False,338250
720,780,R3142,B3142,True,774.0,False,676100
720,780,R3143,B3143,False,,False,338250
720,780,R3144,B3144,False,,False,338250
720,780,R3145,B3145,False,,False,338150
720,780,R3146,B3146,False,,False,338250
720,780,R3147,B3147,False,,False,338050
720,780,R3148,B3148,False,,False,338250
720,780,R3149,B3149,False,,False,336800
720,780,R3150,B3150,False,,False,338250
720,780,R3151,B3151,False,,False,336250
720,780,R3152,B3152,False,,False,333350
720,780,R3153,B3153,False,,False,337250
720,780,R3154,B3154,True,777.0,False,1014900
720,780,R3155,B3155,False,,False,336800
720,780,R3156,B3156,False,,False,338150
720,780,R3157,B3157,True,777.0,False,676500
720,780,R3158,B3158,False,,False,338050
720,780,R3159,B3159,False,,False,338250
720,780,R3160,B3160,False,,False,336800
720,780,R3161,B3161,False,,False,338300
720,780,R3162,B3162,True,778.0,False,672800
720,780,R3163,B3163,False,,False,337950
720,780,R3164,B3164,True,778.0,False,676500
720,780,R3165,B3165,False,,False,333350
720,780,R3166,B3166,True,779.0,False,1014900
720,780,R3167,B3167,False,,False,338250
720,780,R3168,B3168,True,779.0,False,676300
720,780,R3169,B3169,False,,False,338050
720,780,R3170,B3170,False,,False,338250
720,780,R3171,B3171,False,,False,336800
720,780,R3172,B3172,True,780.0,False,676600
720,780,R3173,B3173,False,,False,336400
720,780,R3174,B3174,False,,False,335500
720,780,R3175,B3175,False,,False,338050
740,800,R2632,B2632,False,,False,511250
740,800,R2638,B2638,False,,False,463877
740,800,R2643,B2643,False,,False,511250
740,800,R2645,B2645,False,,False,496340
740,800,R2654,B2654,False,,False,463877
740,800,R2659,B2659,False,,False,511250
740,800,R2661,B2661,False,,False,496730
740,800,R2665,B2665,False,,False,508100
740,800,R2684,B2684,False,,False,496340
740,800,R2689,B2689,False,,False,1040044
740,800,R2690,B2690,False,,False,488874
740,800,R2696,B2696,False,,False,509036
740,800,R2698,B2698,False,,False,493308
740,800,R2705,B2705,False,,False,467500
740,800,R2708,B2708,False,,False,557056
740,800,R2709,B2709,False,,False,506734
740,800,R2712,B2712,False,,False,583500
740,800,R2718,B2718,False,,False,514478
740,800,R2721,B2721,False,,False,423457
740,800,R2722,B2722,False,,False,853389
740,800,R2723,B2723,False,,False,459628
740,800,R2724,B2724,False,,False,428124
740,800,R2728,B2728,False,,False,501000
740,800,R2731,B2731,False,,False,482318
740,800,R2734,B2734,False,,False,511691
740,800,R2736,B2736,False,,False,548112
740,800,R2740,B2740,False,,False,505620
740,800,R2741,B2741,False,,False,526246
740,800,R2749,B2749,False,,False,571807
740,800,R2750,B2750,False,,False,430166
740,800,R2751,B2751,False,,False,395588
740,800,R2757,B2757,False,,False,401875
740,800,R2760,B2760,False,,False,425947
740,800,R2762,B2762,False,,False,563309
740,800,R2763,B2763,False,,False,396846
740,800,R2764,B2764,False,,False,429033
740,800,R2765,B2765,False,,False,548562
740,800,R2767,B2767,False,,False,562933
740,800,R2768,B2768,False,,False,626678
740,800,R2770,B2770,False,,False,553037
740,800,R2771,B2771,False,,False,539821
740,800,R2772,B2772,False,,False,483519
740,800,R2773,B2773,False,,False,381056
740,800,R2774,B2774,False,,False,506427
740,800,R2775,B2775,False,,False,459485
740,800,R2776,B2776,False,,False,548562
740,800,R2777,B2777,False,,False,686353
740,800,R2778,B2778,False,,False,567681
740,800,R2780,B2780,False,,False,439425
740,800,R2783,B2783,False,,False,401875
740,800,R2788,B2788,False,,False,698785
740,800,R2789,B2789,False,,False,920976
740,800,R2791,B2791,False,,False,508746
740,800,R2794,B2794,False,,False,401875
740,800,R2799,B2799,False,,False,485983
740,800,R2800,B2800,False,,False,435849
740,800,R2801,B2801,False,,False,399194
740,800,R2804,B2804,False,,False,552809
740,800,R2805,B2805,False,,False,468256
740,800,R2809,B2809,False,,False,506427
740,800,R2811,B2811,False,,False,506581
740,800,R2812,B2812,False,,False,398439
740,800,R2813,B2813,False,,False,525300
740,800,R2814,B2814,False,,False,552809
740,800,R2815,B2815,False,,False,626678
740,800,R2817,B2817,False,,False,369062
740,800,R2818,B2818,False,,False,539821
740,800,R2819,B2819,False,,False,392923
740,800,R2820,B2820,False,,False,367116
740,800,R2821,B2821,False,,False,548562
740,800,R2824,B2824,False,,False,468256
740,800,R2826,B2826,False,,False,369062
740,800,R2828,B2828,False,,False,553037
740,800,R2830,B2830,False,,False,789100
740,800,R2831,B2831,False,,False,475363
740,800,R2832,B2832,False,,False,399670
740,800,R2833,B2833,False,,False,506427
740,800,R2834,B2834,False,,False,485983
740,800,R2835,B2835,False,,False,366998
740,800,R2836,B2836,False,,False,499144
740,800,R2838,B2838,False,,False,554571
740,800,R2840,B2840,False,,False,369062
740,800,R2842,B2842,False,,False,499340
740,800,R2845,B2845,False,,False,366998
740,800,R2846,B2846,False,,False,368222
740,800,R2847,B2847,False,,False,348805
740,800,R2848,B2848,False,,False,367116
740,800,R2849,B2849,False,,False,433898
740,800,R2850,B2850,False,,False,478550
740,800,R2851,B2851,False,,False,599327
740,800,R2852,B2852,False,,False,466213
740,800,R2854,B2854,False,,False,510323
740,800,R2856,B2856,False,,False,506800
740,800,R2857,B2857,False,,False,554571
740,800,R2858,B2858,False,,False,369062
740,800,R2859,B2859,False,,False,446082
740,800,R2860,B2860,False,,False,409459
740,800,R2862,B2862,False,,False,466213
740,800,R2864,B2864,False,,False,554571
740,800,R2865,B2865,False,,False,443081
740,800,R2866,B2866,False,,False,363246
740,800,R2867,B2867,False,,False,369062
740,800,R2869,B2869,False,,False,464020
740,800,R2871,B2871,False,,False,348805
740,800,R2872,B2872,False,,False,599327
740,800,R2873,B2873,False,,False,510323
740,800,R2874,B2874,False,,False,1013600
740,800,R2875,B2875,False,,False,554571
740,800,R2876,B2876,False,,False,443081
740,800,R2877,B2877,False,,False,488928
740,800,R2878,B2878,False,,False,366998
740,800,R2879,B2879,False,,False,366860
740,800,R2880,B2880,False,,False,367844
740,800,R2881,B2881,True,740.0,True,518517
740,800,R2882,B2882,False,,False,452965
740,800,R2883,B2883,True,740.0,True,499144
740,800,R2884,B2884,False,,False,370341
740,800,R2885,B2885,False,,False,482464
740,800,R2886,B2886,False,,False,443081
740,800,R2887,B2887,False,,False,446082
740,800,R2888,B2888,True,740.0,True,499340
740,800,R2890,B2890,False,,False,363585
740,800,R2891,B2891,False,,False,366167
740,800,R2892,B2892,False,,False,368222
740,800,R2893,B2893,False,,False,450666
740,800,R2895,B2895,False,,False,446082
740,800,R2896,B2896,False,,False,361961
740,800,R2897,B2897,True,740.0,True,411341
740,800,R2899,B2899,False,,False,431800
740,800,R2900,B2900,False,,False,366421
740,800,R2902,B2902,True,741.0,True,1447392
740,800,R2903,B2903,False,,False,443081
740,800,R2904,B2904,False,,False,410071
740,800,R2906,B2906,False,,False,366998
740,800,R2907,B2907,False,,False,366428
740,800,R2909,B2909,False,,False,366998
740,800,R2910,B2910,False,,False,443406
740,800,R2911,B2911,True,744.0,True,445479
740,800,R2912,B2912,True,744.0,True,482464
740,800,R2913,B2913,True,740.0,True,820142
740,800,R2914,B2914,False,,False,411341
740,800,R2915,B2915,False,,False,364013
740,800,R2916,B2916,False,,False,482464
740,800,R2917,B2917,True,740.0,True,1336930
740,800,R2918,B2918,False,,False,438035
740,800,R2919,B2919,False,,False,372870
740,800,R2920,B2920,False,,False,368222
740,800,R2921,B2921,False,,False,400633
740,800,R2922,B2922,False,,False,354409
740,800,R2923,B2923,False,,False,386321
740,800,R2924,B2924,False,,False,409845
740,800,R2925,B2925,False,,False,359278
740,800,R2926,B2926,False,,False,393342
740,800,R2927,B2927,True,741.0,True,416228
740,800,R2928,B2928,False,,False,356642
740,800,R2929,B2929,False,,False,357646
740,800,R2930,B2930,False,,False,354238
740,800,R2931,B2931,False,,False,373302
740,800,R2932,B2932,False,,False,398339
740,800,R2933,B2933,False,,False,433329
740,800,R2934,B2934,True,747.0,True,731117
740,800,R2935,B2935,False,,False,376488
740,800,R2936,B2936,False,,False,366416
740,800,R2937,B2937,True,743.0,True,362057
740,800,R2938,B2938,True,742.0,True,1068966
740,800,R2939,B2939,False,,False,364603
740,800,R2940,B2940,False,,False,357898
740,800,R2941,B2941,False,,False,373302
740,800,R2942,B2942,False,,False,365558
740,800,R2943,B2943,False,,False,366906
740,800,R2944,B2944,False,,False,362057
740,800,R2945,B2945,False,,False,374047
740,800,R2946,B2946,False,,False,369466
740,800,R2947,B2947,False,,False,376488
740,800,R2948,B2948,False,,False,373060
740,800,R2949,B2949,False,,False,374047
740,800,R2950,B2950,True,744.0,True,740357
740,800,R2951,B2951,False,,False,356830
740,800,R2952,B2952,False,,False,353607
740,800,R2953,B2953,False,,False,357898
740,800,R2954,B2954,True,747.0,True,731117
740,800,R2955,B2955,True,748.0,True,373926
740,800,R2956,B2956,False,,False,366906
740,800,R2957,B2957,True,748.0,True,386321
740,800,R2958,B2958,False,,False,379305
740,800,R2959,B2959,True,745.0,True,740357
740,800,R2960,B2960,False,,False,353607
740,800,R2961,B2961,False,,False,357646
740,800,R2962,B2962,False,,False,369466
740,800,R2963,B2963,True,747.0,True,866658
740,800,R2964,B2964,False,,False,357463
740,800,R2965,B2965,False,,False,376488
740,800,R2966,B2966,True,746.0,True,748095
740,800,R2967,B2967,True,746.0,True,855822
740,800,R2968,B2968,False,,False,356322
740,800,R2969,B2969,False,,False,369466
740,800,R2970,B2970,False,,False,375250
740,800,R2971,B2971,True,747.0,True,748095
740,800,R2972,B2972,False,,False,356580
740,800,R2973,B2973,False,,False,369466
740,800,R2974,B2974,False,,False,398339
740,800,R2975,B2975,True,749.0,True,732832
740,800,R2976,B2976,True,750.0,True,712644
740,800,R2977,B2977,True,749.0,True,376488
740,800,R2978,B2978,False,,False,358125
740,800,R2979,B2979,False,,False,362057
740,800,R2980,B2980,True,749.0,True,1496191
740,800,R2981,B2981,True,749.0,True,748095
740,800,R2982,B2982,False,,False,359278
740,800,R2983,B2983,False,,False,356642
740,800,R2984,B2984,False,,False,364603
740,800,R2985,B2985,True,750.0,True,738933
740,800,R2986,B2986,False,,False,362057
740,800,R2987,B2987,False,,False,370178
740,800,R2988,B2988,False,,False,350018
740,800,R2989,B2989,False,,False,373302
740,800,R2990,B2990,False,,False,369466
740,800,R2991,B2991,True,751.0,True,731117
740,800,R2992,B2992,False,,False,373926
740,800,R2993,B2993,False,,False,363083
740,800,R2994,B2994,True,751.0,True,748095
740,800,R2995,B2995,False,,False,370178
740,800,R2996,B2996,False,,False,359278
740,800,R2997,B2997,False,,False,348496
740,800,R2998,B2998,True,754.0,True,365558
740,800,R2999,B2999,False,,False,373926
740,800,R3000,B3000,True,753.0,True,386321
740,800,R3001,B3001,True,752.0,True,724114
740,800,R3002,B3002,False,,False,374047
740,800,R3003,B3003,True,753.0,True,373302
740,800,R3004,B3004,False,,False,369466
740,800,R3005,B3005,False,,False,365558
740,800,R3006,B3006,True,753.0,True,1129465
740,800,R3007,B3007,True,758.0,True,1121779
740,800,R3008,B3008,True,759.0,True,1100720
740,800,R3009,B3009,True,753.0,True,748095
740,800,R3010,B3010,True,753.0,True,376514
740,800,R3011,B3011,False,,False,369466
740,800,R3012,B3012,True,756.0,True,732832
740,800,R3013,B3013,True,754.0,True,358827
740,800,R3014,B3014,True,754.0,True,373060
740,800,R3015,B3015,True,755.0,True,724114
740,800,R3016,B3016,False,,False,359696
740,800,R3017,B3017,False,,False,350018
740,800,R3018,B3018,False,,False,369466
740,800,R3019,B3019,False,,False,396267
740,800,R3020,B3020,False,,False,365558
740,800,R3021,B3021,False,,False,357463
740,800,R3022,B3022,True,760.0,False,733813
740,800,R3023,B3023,False,,False,353607
740,800,R3024,B3024,False,,False,369466
740,800,R3025,B3025,False,,False,365558
740,800,R3026,B3026,True,758.0,True,373926
740,800,R3027,B3027,True,756.0,True,366416
740,800,R3028,B3028,True,757.0,True,733813
740,800,R3029,B3029,False,,False,363083
740,800,R3030,B3030,True,757.0,True,748095
740,800,R3031,B3031,True,760.0,False,723161
740,800,R3032,B3032,False,,False,369466
740,800,R3033,B3033,True,758.0,True,374047
740,800,R3034,B3034,False,,False,357272
740,800,R3035,B3035,False,,False,356322
740,800,R3036,B3036,False,,False,353607
740,800,R3037,B3037,False,,False,369466
740,800,R3038,B3038,True,761.0,False,747853
740,800,R3039,B3039,True,763.0,False,733813
740,800,R3040,B3040,True,759.0,True,374047
740,800,R3041,B3041,True,759.0,True,370367
740,800,R3042,B3042,True,761.0,False,427911
740,800,R3043,B3043,False,,False,364603
740,800,R3044,B3044,False,,False,353607
740,800,R3045,B3045,False,,False,373302
740,800,R3046,B3046,False,,False,369466
740,800,R3047,B3047,False,,False,365558
740,800,R3048,B3048,False,,False,376488
740,800,R3049,B3049,False,,False,373926
740,800,R3050,B3050,True,760.0,False,732832
740,800,R3051,B3051,True,760.0,False,367941
740,800,R3052,B3052,False,,False,357369
740,800,R3053,B3053,True,761.0,False,684518
740,800,R3054,B3054,True,767.0,False,1042344
740,800,R3055,B3055,False,,False,353441
740,800,R3056,B3056,False,,False,346931
740,800,R3057,B3057,True,765.0,False,714738
740,800,R3058,B3058,True,762.0,False,712297
740,800,R3059,B3059,False,,False,353214
740,800,R3060,B3060,False,,False,346523
740,800,R3061,B3061,False,,False,347311
740,800,R3062,B3062,False,,False,342259
740,800,R3063,B3063,True,762.0,False,356657
740,800,R3064,B3064,False,,False,356038
740,800,R3065,B3065,True,763.0,False,350053
740,800,R3066,B3066,True,763.0,False,356148
740,800,R3067,B3067,False,,False,357502
740,800,R3068,B3068,False,,False,355776
740,800,R3069,B3069,False,,False,384564
740,800,R3070,B3070,True,768.0,False,714738
740,800,R3071,B3071,False,,False,352183
740,800,R3072,B3072,True,764.0,False,356148
740,800,R3073,B3073,False,,False,353214
740,800,R3074,B3074,False,,False,346523
740,800,R3075,B3075,True,764.0,False,350935
740,800,R3076,B3076,False,,False,344961
740,800,R3077,B3077,False,,False,355776
740,800,R3078,B3078,False,,False,356038
740,800,R3079,B3079,True,766.0,False,362285
740,800,R3080,B3080,False,,False,355555
740,800,R3081,B3081,False,,False,356148
740,800,R3082,B3082,False,,False,346314
740,800,R3083,B3083,True,766.0,False,353883
740,800,R3084,B3084,False,,False,356038
740,800,R3085,B3085,False,,False,356148
740,800,R3086,B3086,True,766.0,False,350935
740,800,R3087,B3087,True,766.0,False,356657
740,800,R3088,B3088,False,,False,350501
740,800,R3089,B3089,False,,False,346973
740,800,R3090,B3090,False,,False,352428
740,800,R3091,B3091,False,,False,347313
740,800,R3092,B3092,True,769.0,False,362285
740,800,R3093,B3093,False,,False,356148
740,800,R3094,B3094,False,,False,350501
740,800,R3095,B3095,True,767.0,False,687257
740,800,R3096,B3096,False,,False,353883
740,800,R3097,B3097,False,,False,356038
740,800,R3098,B3098,False,,False,352183
740,800,R3099,B3099,False,,False,349291
740,800,R3100,B3100,True,768.0,False,712297
740,800,R3101,B3101,False,,False,344961
740,800,R3102,B3102,False,,False,358372
740,800,R3103,B3103,False,,False,355776
740,800,R3104,B3104,False,,False,357369
740,800,R3105,B3105,False,,False,354725
740,800,R3106,B3106,False,,False,350053
740,800,R3107,B3107,True,770.0,False,712297
740,800,R3108,B3108,True,769.0,False,349140
740,800,R3109,B3109,True,770.0,False,343628
740,800,R3110,B3110,True,770.0,False,707766
740,800,R3111,B3111,False,,False,351179
740,800,R3112,B3112,False,,False,346931
740,800,R3113,B3113,True,771.0,False,356038
740,800,R3114,B3114,True,771.0,False,704366
740,800,R3115,B3115,False,,False,350053
740,800,R3116,B3116,True,770.0,False,356148
740,800,R3117,B3117,False,,False,355776
740,800,R3118,B3118,False,,False,353883
740,800,R3119,B3119,False,,False,351179
740,800,R3120,B3120,False,,False,352428
740,800,R3121,B3121,True,771.0,False,362285
740,800,R3122,B3122,False,,False,356148
740,800,R3123,B3123,True,771.0,False,381855
740,800,R3124,B3124,False,,False,355309
740,800,R3125,B3125,False,,False,350501
740,800,R3126,B3126,False,,False,384564
740,800,R3127,B3127,False,,False,351179
740,800,R3128,B3128,False,,False,355555
740,800,R3129,B3129,False,,False,353214
740,800,R3130,B3130,True,772.0,False,342259
740,800,R3131,B3131,False,,False,347574
740,800,R3132,B3132,False,,False,351179
740,800,R3133,B3133,False,,False,346931
740,800,R3134,B3134,True,774.0,False,704856
740,800,R3135,B3135,True,773.0,False,1068446
740,800,R3136,B3136,True,775.0,False,684518
740,800,R3137,B3137,True,774.0,False,353883
740,800,R3138,B3138,True,778.0,False,702358
740,800,R3139,B3139,False,,False,357369
740,800,R3140,B3140,False,,False,352183
740,800,R3141,B3141,False,,False,362285
740,800,R3142,B3142,True,776.0,False,700107
740,800,R3143,B3143,True,774.0,False,356148
740,800,R3144,B3144,False,,False,367258
740,800,R3145,B3145,False,,False,356038
740,800,R3146,B3146,False,,False,362285
740,800,R3147,B3147,False,,False,355555
740,800,R3148,B3148,False,,False,356148
740,800,R3149,B3149,True,776.0,False,351179
740,800,R3150,B3150,False,,False,356148
740,800,R3151,B3151,False,,False,353214
740,800,R3152,B3152,False,,False,346523
740,800,R3153,B3153,False,,False,347574
740,800,R3154,B3154,True,777.0,False,1061650
740,800,R3155,B3155,False,,False,351179
740,800,R3156,B3156,False,,False,356038
740,800,R3157,B3157,True,779.0,False,724571
740,800,R3158,B3158,True,779.0,False,350053
740,800,R3159,B3159,False,,False,356148
740,800,R3160,B3160,True,777.0,False,356657
740,800,R3161,B3161,True,780.0,False,353883
740,800,R3162,B3162,True,778.0,False,693863
740,800,R3163,B3163,True,778.0,False,352183
740,800,R3164,B3164,True,778.0,False,712297
740,800,R3165,B3165,False,,False,346523
740,800,R3166,B3166,True,779.0,False,1061650
740,800,R3167,B3167,False,,False,357369
740,800,R3168,B3168,True,779.0,False,712076
740,800,R3169,B3169,True,785.0,False,355555
740,800,R3170,B3170,False,,False,356148
740,800,R3171,B3171,True,780.0,False,356657
740,800,R3172,B3172,True,780.0,False,707766
740,800,R3173,B3173,False,,False,346931
740,800,R3174,B3174,False,,False,349291
740,800,R3175,B3175,True,785.0,False,350053
740,800,R3176,B3176,False,,False,338250
740,800,R3177,B3177,True,781.0,False,338300
740,800,R3178,B3178,False,,False,338250
740,800,R3179,B3179,False,,False,338150
740,800,R3180,B3180,False,,False,338250
740,800,R3181,B3181,True,781.0,False,336800
740,800,R3182,B3182,True,783.0,False,676600
740,800,R3183,B3183,True,782.0,False,338050
740,800,R3184,B3184,False,,False,336250
740,800,R3185,B3185,False,,False,338250
740,800,R3186,B3186,False,,False,335800
740,800,R3187,B3187,False,,False,336800
740,800,R3188,B3188,False,,False,338150
740,800,R3189,B3189,True,783.0,False,1013850
740,800,R3190,B3190,False,,False,336250
740,800,R3191,B3191,True,784.0,False,336800
740,800,R3192,B3192,False,,False,335450
740,800,R3193,B3193,False,,False,338250
740,800,R3194,B3194,True,784.0,False,676600
740,800,R3195,B3195,False,,False,335800
740,800,R3196,B3196,True,784.0,False,675900
740,800,R3197,B3197,True,788.0,False,676100
740,800,R3198,B3198,False,,False,337950
740,800,R3199,B3199,True,785.0,False,338300
740,800,R3200,B3200,True,785.0,False,676500
740,800,R3201,B3201,False,,False,335800
740,800,R3202,B3202,True,789.0,False,338250
740,800,R3203,B3203,True,786.0,False,338050
740,800,R3204,B3204,False,,False,338250
740,800,R3205,B3205,True,785.0,False,333350
740,800,R3206,B3206,False,,False,337250
740,800,R3207,B3207,False,,False,338250
740,800,R3208,B3208,True,788.0,False,338300
740,800,R3209,B3209,False,,False,338250
740,800,R3210,B3210,False,,False,335800
740,800,R3211,B3211,False,,False,336800
740,800,R3212,B3212,False,,False,338250
740,800,R3213,B3213,False,,False,337950
740,800,R3214,B3214,True,786.0,False,338050
740,800,R3215,B3215,True,786.0,False,1014750
740,800,R3216,B3216,False,,False,336250
740,800,R3217,B3217,False,,False,336700
740,800,R3218,B3218,False,,False,333600
740,800,R3219,B3219,True,787.0,False,676500
740,800,R3220,B3220,False,,False,335800
740,800,R3221,B3221,True,787.0,False,1014150
740,800,R3222,B3222,False,,False,338250
740,800,R3223,B3223,False,,False,337350
740,800,R3224,B3224,False,,False,333600
740,800,R3225,B3225,False,,False,336400
740,800,R3226,B3226,False,,False,338300
740,800,R3227,B3227,False,,False,337950
740,800,R3228,B3228,False,,False,333350
740,800,R3229,B3229,False,,False,338300
740,800,R3230,B3230,True,790.0,False,676500
740,800,R3231,B3231,True,789.0,False,675900
740,800,R3232,B3232,True,789.0,False,676500
740,800,R3233,B3233,False,,False,336250
740,800,R3234,B3234,True,791.0,False,673600
740,800,R3235,B3235,False,,False,337950
740,800,R3236,B3236,True,790.0,False,338050
740,800,R3237,B3237,True,790.0,False,666700
740,800,R3238,B3238,False,,False,334500
740,800,R3239,B3239,True,793.0,False,667300
740,800,R3240,B3240,True,791.0,False,676500
740,800,R3241,B3241,False,,False,338250
740,800,R3242,B3242,False,,False,338250
740,800,R3243,B3243,True,794.0,False,338150
740,800,R3244,B3244,True,795.0,False,338250
740,800,R3245,B3245,True,791.0,False,338050
740,800,R3246,B3246,True,791.0,False,676500
740,800,R3247,B3247,False,,False,334500
740,800,R3248,B3248,True,792.0,False,675900
740,800,R3249,B3249,True,794.0,False,338050
740,800,R3250,B3250,False,,False,334500
740,800,R3251,B3251,False,,False,337250
740,800,R3252,B3252,True,794.0,False,338250
740,800,R3253,B3253,True,793.0,False,676600
740,800,R3254,B3254,False,,False,338050
740,800,R3255,B3255,True,794.0,False,676500
740,800,R3256,B3256,False,,False,333600
740,800,R3257,B3257,True,796.0,False,676600
740,800,R3258,B3258,False,,False,338050
740,800,R3259,B3259,False,,False,334850
740,800,R3260,B3260,False,,False,333600
740,800,R3261,B3261,False,,False,337250
740,800,R3262,B3262,True,795.0,False,336800
740,800,R3263,B3263,True,797.0,False,338150
740,800,R3264,B3264,False,,False,338250
740,800,R3265,B3265,True,795.0,False,336700
740,800,R3266,B3266,False,,False,338250
740,800,R3267,B3267,False,,False,336800
740,800,R3268,B3268,False,,False,336400
740,800,R3269,B3269,False,,False,338250
740,800,R3270,B3270,True,796.0,False,333350
740,800,R3271,B3271,False,,False,338300
740,800,R3272,B3272,False,,False,338250
740,800,R3273,B3273,False,,False,336800
740,800,R3274,B3274,True,797.0,False,338250
740,800,R3275,B3275,True,799.0,False,666700
740,800,R3276,B3276,False,,False,333600
740,800,R3277,B3277,False,,False,338300
740,800,R3278,B3278,False,,False,337950
740,800,R3279,B3279,False,,False,338250
740,800,R3280,B3280,False,,False,336400
740,800,R3281,B3281,False,,False,336800
740,800,R3282,B3282,False,,False,336400
740,800,R3283,B3283,True,799.0,False,1013850
740,800,R3284,B3284,False,,False,338250
740,800,R3285,B3285,False,,False,337950
740,800,R3286,B3286,False,,False,335800
740,800,R3287,B3287,False,,False,335700
740,800,R3288,B3288,False,,False,336250
740,800,R3290,B3290,True,800.0,False,672800
760,816,R2847,B2847,False,,False,463877
760,816,R2858,B2858,False,,False,511250
760,816,R2867,B2867,False,,False,511250
760,816,R2871,B2871,False,,False,463877
760,816,R2878,B2878,False,,False,496340
760,816,R2890,B2890,False,,False,493308
760,816,R2892,B2892,False,,False,502435
760,816,R2896,B2896,False,,False,496128
760,816,R2900,B2900,False,,False,492831
760,816,R2906,B2906,False,,False,496340
760,816,R2909,B2909,False,,False,496340
760,816,R2915,B2915,False,,False,450455
760,816,R2919,B2919,False,,False,544124
760,816,R2920,B2920,False,,False,502435
760,816,R2922,B2922,False,,False,421641
760,816,R2925,B2925,False,,False,488921
760,816,R2928,B2928,False,,False,471853
760,816,R2929,B2929,False,,False,459628
760,816,R2930,B2930,False,,False,480428
760,816,R2939,B2939,False,,False,505620
760,816,R2940,B2940,False,,False,430166
760,816,R2943,B2943,False,,False,511691
760,816,R2948,B2948,False,,False,548112
760,816,R2951,B2951,False,,False,459485
760,816,R2952,B2952,False,,False,423457
760,816,R2953,B2953,False,,False,430166
760,816,R2956,B2956,False,,False,511691
760,816,R2960,B2960,False,,False,423457
760,816,R2961,B2961,False,,False,429033
760,816,R2962,B2962,False,,False,525300
760,816,R2964,B2964,False,,False,462779
760,816,R2965,B2965,False,,False,567681
760,816,R2968,B2968,False,,False,435849
760,816,R2969,B2969,False,,False,525300
760,816,R2970,B2970,False,,False,580500
760,816,R2972,B2972,False,,False,457982
760,816,R2973,B2973,False,,False,525300
760,816,R2974,B2974,False,,False,698785
760,816,R2978,B2978,False,,False,401875
760,816,R2979,B2979,False,,False,482092
760,816,R2982,B2982,False,,False,450028
760,816,R2983,B2983,False,,False,437290
760,816,R2984,B2984,False,,False,463315
760,816,R2986,B2986,False,,False,482092
760,816,R2987,B2987,False,,False,539821
760,816,R2988,B2988,False,,False,357778
760,816,R2989,B2989,False,,False,495984
760,816,R2990,B2990,False,,False,525300
760,816,R2992,B2992,False,,False,552809
760,816,R2993,B2993,False,,False,459625
760,816,R2995,B2995,False,,False,539821
760,816,R2996,B2996,False,,False,450028
760,816,R2997,B2997,False,,False,356394
760,816,R2999,B2999,False,,False,499144
760,816,R3002,B3002,False,,False,499340
760,816,R3004,B3004,False,,False,478550
760,816,R3005,B3005,False,,False,466213
760,816,R3011,B3011,False,,False,478550
760,816,R3016,B3016,False,,False,412390
760,816,R3017,B3017,False,,False,357778
760,816,R3018,B3018,False,,False,478550
760,816,R3019,B3019,False,,False,599327
760,816,R3020,B3020,False,,False,466213
760,816,R3021,B3021,False,,False,399589
760,816,R3022,B3022,False,,False,849641
760,816,R3023,B3023,False,,False,363585
760,816,R3024,B3024,False,,False,478550
760,816,R3025,B3025,False,,False,423075
760,816,R3029,B3029,False,,False,418250
760,816,R3031,B3031,True,760.0,True,822683
760,816,R3032,B3032,False,,False,431800
760,816,R3034,B3034,False,,False,367233
760,816,R3035,B3035,False,,False,367683
760,816,R3036,B3036,False,,False,363585
760,816,R3037,B3037,True,764.0,True,431800
760,816,R3038,B3038,True,763.0,True,890959
760,816,R3039,B3039,True,766.0,True,762770
760,816,R3042,B3042,True,760.0,True,612133
760,816,R3043,B3043,False,,False,378705
760,816,R3044,B3044,False,,False,363585
760,816,R3045,B3045,True,764.0,True,443406
760,816,R3046,B3046,False,,False,431800
760,816,R3047,B3047,False,,False,423075
760,816,R3048,B3048,True,765.0,True,452965
760,816,R3049,B3049,False,,False,445479
760,816,R3050,B3050,True,766.0,True,761298
760,816,R3051,B3051,True,760.0,True,382936
760,816,R3052,B3052,False,,False,376488
760,816,R3053,B3053,True,767.0,True,700037
760,816,R3054,B3054,True,767.0,True,1072939
760,816,R3055,B3055,True,761.0,True,369532
760,816,R3056,B3056,False,,False,357463
760,816,R3057,B3057,True,767.0,True,752977
760,816,R3058,B3058,True,762.0,True,748095
760,816,R3059,B3059,True,766.0,True,370178
760,816,R3060,B3060,False,,False,359696
760,816,R3061,B3061,False,,False,357272
760,816,R3062,B3062,False,,False,350018
760,816,R3063,B3063,True,762.0,True,376514
760,816,R3064,B3064,True,768.0,True,373926
760,816,R3065,B3065,False,,False,362057
760,816,R3066,B3066,False,,False,374047
760,816,R3067,B3067,True,766.0,True,379305
760,816,R3068,B3068,False,,False,373302
760,816,R3069,B3069,True,767.0,True,433329
760,816,R3070,B3070,True,766.0,True,752977
760,816,R3071,B3071,False,,False,366416
760,816,R3072,B3072,True,764.0,True,374047
760,816,R3073,B3073,False,,False,370178
760,816,R3074,B3074,False,,False,359696
760,816,R3075,B3075,False,,False,365071
760,816,R3076,B3076,False,,False,356322
760,816,R3077,B3077,False,,False,373302
760,816,R3078,B3078,False,,False,373926
760,816,R3079,B3079,True,765.0,True,386321
760,816,R3080,B3080,True,766.0,True,373060
760,816,R3081,B3081,False,,False,374047
760,816,R3082,B3082,False,,False,359278
760,816,R3083,B3083,False,,False,369466
760,816,R3084,B3084,False,,False,373926
760,816,R3085,B3085,False,,False,374047
760,816,R3086,B3086,False,,False,365071
760,816,R3087,B3087,True,766.0,True,376514
760,816,R3088,B3088,False,,False,364603
760,816,R3089,B3089,False,,False,356697
760,816,R3090,B3090,False,,False,366906
760,816,R3091,B3091,False,,False,358827
760,816,R3092,B3092,True,768.0,True,386321
760,816,R3093,B3093,False,,False,374047
760,816,R3094,B3094,False,,False,364603
760,816,R3095,B3095,True,767.0,True,707214
760,816,R3096,B3096,False,,False,369466
760,816,R3097,B3097,True,772.0,True,373926
760,816,R3098,B3098,False,,False,366416
760,816,R3099,B3099,False,,False,363083
760,816,R3100,B3100,True,768.0,True,748095
760,816,R3101,B3101,False,,False,356322
760,816,R3102,B3102,False,,False,381344
760,816,R3103,B3103,False,,False,373302
760,816,R3104,B3104,True,771.0,True,376488
760,816,R3105,B3105,False,,False,375250
760,816,R3106,B3106,False,,False,362057
760,816,R3107,B3107,True,773.0,True,748095
760,816,R3108,B3108,False,,False,361580
760,816,R3109,B3109,True,770.0,True,353607
760,816,R3110,B3110,True,770.0,True,738933
760,816,R3111,B3111,True,773.0,True,365558
760,816,R3112,B3112,False,,False,357463
760,816,R3113,B3113,False,,False,373926
760,816,R3114,B3114,True,770.0,True,732832
760,816,R3115,B3115,False,,False,362057
760,816,R3116,B3116,False,,False,374047
760,816,R3117,B3117,False,,False,373302
760,816,R3118,B3118,False,,False,369466
760,816,R3119,B3119,False,,False,365558
760,816,R3120,B3120,False,,False,366906
760,816,R3121,B3121,True,772.0,True,386321
760,816,R3122,B3122,False,,False,374047
760,816,R3123,B3123,True,771.0,True,427911
760,816,R3124,B3124,False,,False,374218
760,816,R3125,B3125,False,,False,364603
760,816,R3126,B3126,True,773.0,True,433329
760,816,R3127,B3127,False,,False,365558
760,816,R3128,B3128,True,778.0,True,373060
760,816,R3129,B3129,False,,False,370178
760,816,R3130,B3130,False,,False,350018
760,816,R3131,B3131,False,,False,357898
760,816,R3132,B3132,False,,False,365558
760,816,R3133,B3133,False,,False,357463
760,816,R3134,B3134,True,776.0,True,733813
760,816,R3135,B3135,True,773.0,True,1122143
760,816,R3136,B3136,True,777.0,True,700037
760,816,R3137,B3137,True,774.0,True,369466
760,816,R3138,B3138,True,779.0,True,731117
760,816,R3139,B3139,True,774.0,True,376488
760,816,R3140,B3140,False,,False,366416
760,816,R3141,B3141,True,774.0,True,386321
760,816,R3142,B3142,True,776.0,True,724114
760,816,R3143,B3143,False,,False,374047
760,816,R3144,B3144,True,775.0,True,396267
760,816,R3145,B3145,True,778.0,True,373926
760,816,R3146,B3146,True,777.0,True,386321
760,816,R3147,B3147,True,775.0,True,373060
760,816,R3148,B3148,False,,False,374047
760,816,R3149,B3149,True,781.0,False,365558
760,816,R3150,B3150,False,,False,374047
760,816,R3151,B3151,False,,False,370178
760,816,R3152,B3152,False,,False,359696
760,816,R3153,B3153,False,,False,357898
760,816,R3154,B3154,True,780.0,False,1108400
760,816,R3155,B3155,False,,False,365558
760,816,R3156,B3156,True,777.0,True,373926
760,816,R3157,B3157,True,777.0,True,772642
760,816,R3158,B3158,True,777.0,True,362057
760,816,R3159,B3159,False,,False,374047
760,816,R3160,B3160,True,779.0,True,376514
760,816,R3161,B3161,False,,False,369466
760,816,R3162,B3162,True,782.0,False,714926
760,816,R3163,B3163,True,779.0,True,366416
760,816,R3164,B3164,True,778.0,True,748095
760,816,R3165,B3165,False,,False,359696
760,816,R3166,B3166,True,779.0,True,1108400
760,816,R3167,B3167,False,,False,376488
760,816,R3168,B3168,True,779.0,True,747853
760,816,R3169,B3169,True,785.0,False,373060
760,816,R3170,B3170,False,,False,374047
760,816,R3171,B3171,False,,False,376514
760,816,R3172,B3172,True,780.0,False,738933
760,816,R3173,B3173,False,,False,357463
760,816,R3174,B3174,False,,False,363083
760,816,R3175,B3175,True,784.0,False,362057
760,816,R3176,B3176,True,781.0,False,355776
760,816,R3177,B3177,False,,False,353883
760,816,R3178,B3178,True,785.0,False,357369
760,816,R3179,B3179,True,781.0,False,356038
760,816,R3180,B3180,True,781.0,False,356148
760,816,R3181,B3181,False,,False,356657
760,816,R3182,B3182,True,783.0,False,707766
760,816,R3183,B3183,True,782.0,False,355555
760,816,R3184,B3184,False,,False,353214
760,816,R3185,B3185,False,,False,355776
760,816,R3186,B3186,True,784.0,False,384564
760,816,R3187,B3187,False,,False,351179
760,816,R3188,B3188,True,786.0,False,356038
760,816,R3189,B3189,True,788.0,False,1057285
760,816,R3190,B3190,False,,False,353214
760,816,R3191,B3191,True,786.0,False,356657
760,816,R3192,B3192,False,,False,355146
760,816,R3193,B3193,False,,False,355776
760,816,R3194,B3194,True,788.0,False,707766
760,816,R3195,B3195,True,788.0,False,384564
760,816,R3196,B3196,True,788.0,False,704366
760,816,R3197,B3197,True,784.0,False,700107
760,816,R3198,B3198,True,789.0,False,352945
760,816,R3199,B3199,False,,False,353883
760,816,R3200,B3200,True,789.0,False,714738
760,816,R3201,B3201,False,,False,347313
760,816,R3202,B3202,True,785.0,False,362285
760,816,R3203,B3203,False,,False,350053
760,816,R3204,B3204,False,,False,356148
760,816,R3205,B3205,True,785.0,False,346314
760,816,R3206,B3206,False,,False,347448
760,816,R3207,B3207,True,786.0,False,355776
760,816,R3208,B3208,False,,False,353883
760,816,R3209,B3209,True,787.0,False,368294
760,816,R3210,B3210,True,787.0,False,384564
760,816,R3211,B3211,False,,False,351179
760,816,R3212,B3212,False,,False,357369
760,816,R3213,B3213,False,,False,352183
760,816,R3214,B3214,False,,False,355555
760,816,R3215,B3215,True,788.0,False,1068446
760,816,R3216,B3216,False,,False,353214
760,816,R3217,B3217,False,,False,349140
760,816,R3218,B3218,False,,False,344961
760,816,R3219,B3219,True,792.0,False,714738
760,816,R3220,B3220,False,,False,347313
760,816,R3221,B3221,True,791.0,False,1050160
760,816,R3222,B3222,False,,False,356148
760,816,R3223,B3223,True,788.0,False,347194
760,816,R3224,B3224,False,,False,345121
760,816,R3225,B3225,False,,False,350501
760,816,R3226,B3226,False,,False,353883
760,816,R3227,B3227,False,,False,352183
760,816,R3228,B3228,True,788.0,False,346523
760,816,R3229,B3229,False,,False,353883
760,816,R3230,B3230,True,794.0,False,714738
760,816,R3231,B3231,True,795.0,False,704856
760,816,R3232,B3232,True,789.0,False,712297
760,816,R3233,B3233,False,,False,353214
760,816,R3234,B3234,True,790.0,False,702358
760,816,R3235,B3235,False,,False,352183
760,816,R3236,B3236,False,,False,350053
760,816,R3237,B3237,True,791.0,False,693046
760,816,R3238,B3238,False,,False,342259
760,816,R3239,B3239,True,790.0,False,687257
760,816,R3240,B3240,True,791.0,False,711552
760,816,R3241,B3241,True,791.0,False,367258
760,816,R3242,B3242,False,,False,357369
760,816,R3243,B3243,True,796.0,False,356038
760,816,R3244,B3244,True,792.0,False,362285
760,816,R3245,B3245,True,796.0,False,350053
760,816,R3246,B3246,True,791.0,False,712297
760,816,R3247,B3247,False,,False,342259
760,816,R3248,B3248,True,792.0,False,704366
760,816,R3249,B3249,False,,False,350053
760,816,R3250,B3250,False,,False,342259
760,816,R3251,B3251,True,793.0,False,347574
760,816,R3252,B3252,True,798.0,False,355776
760,816,R3253,B3253,True,793.0,False,707766
760,816,R3254,B3254,False,,False,350053
760,816,R3255,B3255,True,794.0,False,712297
760,816,R3256,B3256,False,,False,345121
760,816,R3257,B3257,True,796.0,False,707766
760,816,R3258,B3258,False,,False,350053
760,816,R3259,B3259,True,794.0,False,347338
760,816,R3260,B3260,False,,False,344961
760,816,R3261,B3261,False,,False,347574
760,816,R3262,B3262,True,795.0,False,351179
760,816,R3263,B3263,True,799.0,False,356038
760,816,R3264,B3264,False,,False,356148
760,816,R3265,B3265,False,,False,349140
760,816,R3266,B3266,True,797.0,False,368294
760,816,R3267,B3267,True,801.0,False,351179
760,816,R3268,B3268,False,,False,346931
760,816,R3269,B3269,False,,False,356148
760,816,R3270,B3270,True,796.0,False,346523
760,816,R3271,B3271,True,800.0,False,353883
760,816,R3272,B3272,True,797.0,False,367258
760,816,R3273,B3273,False,,False,351179
760,816,R3274,B3274,True,798.0,False,362285
760,816,R3275,B3275,True,802.0,False,692628
760,816,R3276,B3276,False,,False,345121
760,816,R3277,B3277,True,798.0,False,353883
760,816,R3278,B3278,True,804.0,False,352183
760,816,R3279,B3279,False,,False,356148
760,816,R3280,B3280,False,,False,350501
760,816,R3281,B3281,False,,False,351179
760,816,R3282,B3282,False,,False,346931
760,816,R3283,B3283,True,804.0,False,1057285
760,816,R3284,B3284,True,800.0,False,368294
760,816,R3285,B3285,True,803.0,False,352183
760,816,R3286,B3286,False,,False,347313
760,816,R3287,B3287,True,803.0,False,357502
760,816,R3288,B3288,True,800.0,False,353214
760,816,R3290,B3290,True,800.0,False,701003
760,816,R3291,B3291,True,806.0,False,338300
760,816,R3292,B3292,True,801.0,False,335700
760,816,R3293,B3293,True,802.0,False,336250
760,816,R3294,B3294,False,,False,333350
760,816,R3295,B3295,True,802.0,False,676600
760,816,R3296,B3296,True,802.0,False,335800
760,816,R3297,B3297,True,805.0,False,336800
760,816,R3298,B3298,True,803.0,False,337950
760,816,R3299,B3299,True,805.0,False,338250
760,816,R3300,B3300,False,,False,335700
760,816,R3301,B3301,True,803.0,False,676600
760,816,R3303,B3303,False,,False,338050
760,816,R3304,B3304,False,,False,335700
760,816,R3305,B3305,True,805.0,False,338300
760,816,R3306,B3306,False,,False,335800
760,816,R3307,B3307,False,,False,337950
760,816,R3308,B3308,True,804.0,False,338250
760,816,R3309,B3309,True,807.0,False,338050
760,816,R3310,B3310,False,,False,335700
760,816,R3311,B3311,True,807.0,False,338300
760,816,R3312,B3312,False,,False,336800
760,816,R3313,B3313,True,805.0,False,338150
760,816,R3314,B3314,False,,False,338250
760,816,R3315,B3315,False,,False,335700
760,816,R3316,B3316,False,,False,336250
760,816,R3319,B3319,False,,False,338250
760,816,R3320,B3320,False,,False,337950
760,816,R3322,B3322,True,806.0,False,671400
760,816,R3324,B3324,False,,False,338250
760,816,R3325,B3325,True,807.0,False,338150
760,816,R3330,B3330,False,,False,338300
780,816,R2997,B2997,False,,False,459068
780,816,R3017,B3017,False,,False,458650
780,816,R3034,B3034,False,,False,496730
780,816,R3036,B3036,False,,False,493308
780,816,R3043,B3043,False,,False,562027
780,816,R3044,B3044,False,,False,493308
780,816,R3056,B3056,False,,False,462779
780,816,R3060,B3060,False,,False,491430
780,816,R3061,B3061,False,,False,427001
780,816,R3062,B3062,False,,False,381056
780,816,R3071,B3071,False,,False,508746
780,816,R3074,B3074,False,,False,491430
780,816,R3076,B3076,False,,False,469933
780,816,R3077,B3077,False,,False,548562
780,816,R3082,B3082,False,,False,488921
780,816,R3083,B3083,False,,False,525300
780,816,R3084,B3084,False,,False,552809
780,816,R3085,B3085,False,,False,553037
780,816,R3086,B3086,False,,False,506427
780,816,R3088,B3088,False,,False,463315
780,816,R3089,B3089,False,,False,395593
780,816,R3090,B3090,False,,False,511691
780,816,R3091,B3091,False,,False,439425
780,816,R3093,B3093,False,,False,553037
780,816,R3094,B3094,False,,False,463315
780,816,R3096,B3096,False,,False,525300
780,816,R3098,B3098,False,,False,508746
780,816,R3099,B3099,False,,False,501000
780,816,R3101,B3101,False,,False,435849
780,816,R3102,B3102,False,,False,542149
780,816,R3103,B3103,False,,False,548562
780,816,R3105,B3105,False,,False,518925
780,816,R3106,B3106,False,,False,482092
780,816,R3108,B3108,False,,False,485983
780,816,R3112,B3112,False,,False,431184
780,816,R3113,B3113,False,,False,552809
780,816,R3115,B3115,False,,False,482092
780,816,R3116,B3116,False,,False,553037
780,816,R3117,B3117,False,,False,495984
780,816,R3118,B3118,False,,False,525300
780,816,R3119,B3119,False,,False,466213
780,816,R3120,B3120,False,,False,468256
780,816,R3122,B3122,False,,False,553037
780,816,R3124,B3124,False,,False,506581
780,816,R3125,B3125,False,,False,421010
780,816,R3127,B3127,False,,False,466213
780,816,R3129,B3129,False,,False,488928
780,816,R3130,B3130,False,,False,357778
780,816,R3131,B3131,False,,False,368222
780,816,R3132,B3132,False,,False,466213
780,816,R3133,B3133,False,,False,399589
780,816,R3140,B3140,False,,False,423348
780,816,R3143,B3143,False,,False,499340
780,816,R3148,B3148,False,,False,499340
780,816,R3149,B3149,False,,False,423075
780,816,R3150,B3150,True,780.0,True,499340
780,816,R3151,B3151,True,780.0,True,488928
780,816,R3152,B3152,False,,False,372870
780,816,R3153,B3153,False,,False,368222
780,816,R3154,B3154,True,780.0,True,1295400
780,816,R3155,B3155,False,,False,423075
780,816,R3159,B3159,False,,False,445643
780,816,R3161,B3161,False,,False,431800
780,816,R3162,B3162,False,,False,735989
780,816,R3165,B3165,False,,False,372870
780,816,R3167,B3167,True,783.0,True,452965
780,816,R3169,B3169,True,785.0,True,390565
780,816,R3170,B3170,False,,False,445643
780,816,R3171,B3171,False,,False,455942
780,816,R3172,B3172,True,780.0,True,863600
780,816,R3173,B3173,False,,False,367994
780,816,R3174,B3174,False,,False,376875
780,816,R3175,B3175,False,,False,410071
780,816,R3176,B3176,False,,False,373302
780,816,R3177,B3177,True,781.0,True,400633
780,816,R3178,B3178,False,,False,376488
780,816,R3179,B3179,True,781.0,True,409703
780,816,R3180,B3180,False,,False,409845
780,816,R3181,B3181,False,,False,416228
780,816,R3182,B3182,True,783.0,True,738933
780,816,R3183,B3183,True,782.0,True,373060
780,816,R3184,B3184,True,786.0,True,370178
780,816,R3185,B3185,False,,False,373302
780,816,R3186,B3186,True,787.0,True,433329
780,816,R3187,B3187,False,,False,365558
780,816,R3188,B3188,True,784.0,True,373926
780,816,R3189,B3189,True,788.0,True,1100720
780,816,R3190,B3190,False,,False,370178
780,816,R3191,B3191,False,,False,376514
780,816,R3192,B3192,False,,False,374842
780,816,R3193,B3193,False,,False,373302
780,816,R3194,B3194,True,784.0,True,738933
780,816,R3195,B3195,True,788.0,True,433329
780,816,R3196,B3196,True,788.0,True,732832
780,816,R3197,B3197,True,788.0,True,724114
780,816,R3198,B3198,True,784.0,True,367941
780,816,R3199,B3199,True,788.0,True,369466
780,816,R3200,B3200,True,789.0,True,752977
780,816,R3201,B3201,False,,False,358827
780,816,R3202,B3202,True,785.0,True,386321
780,816,R3203,B3203,True,786.0,True,362057
780,816,R3204,B3204,False,,False,374047
780,816,R3205,B3205,False,,False,359278
780,816,R3206,B3206,False,,False,357646
780,816,R3207,B3207,True,787.0,True,373302
780,816,R3208,B3208,False,,False,369466
780,816,R3209,B3209,True,787.0,True,398339
780,816,R3210,B3210,True,790.0,True,433329
780,816,R3211,B3211,False,,False,365558
780,816,R3212,B3212,True,786.0,True,376488
780,816,R3213,B3213,False,,False,366416
780,816,R3214,B3214,False,,False,373060
780,816,R3215,B3215,True,788.0,True,1122143
780,816,R3216,B3216,False,,False,370178
780,816,R3217,B3217,False,,False,361580
780,816,R3218,B3218,False,,False,356322
780,816,R3219,B3219,True,792.0,True,752977
780,816,R3220,B3220,False,,False,358827
780,816,R3221,B3221,True,789.0,True,1086171
780,816,R3222,B3222,False,,False,374047
780,816,R3223,B3223,True,789.0,True,357038
780,816,R3224,B3224,False,,False,356642
780,816,R3225,B3225,False,,False,364603
780,816,R3226,B3226,False,,False,369466
780,816,R3227,B3227,False,,False,366416
780,816,R3228,B3228,True,788.0,True,359696
780,816,R3229,B3229,False,,False,369466
780,816,R3230,B3230,True,789.0,True,752977
780,816,R3231,B3231,True,795.0,True,733813
780,816,R3232,B3232,True,791.0,True,748095
780,816,R3233,B3233,False,,False,370178
780,816,R3234,B3234,True,790.0,True,731117
780,816,R3235,B3235,False,,False,366416
780,816,R3236,B3236,True,793.0,True,362057
780,816,R3237,B3237,True,791.0,True,719393
780,816,R3238,B3238,False,,False,350018
780,816,R3239,B3239,True,790.0,True,707214
780,816,R3240,B3240,True,791.0,True,746604
780,816,R3241,B3241,False,,False,396267
780,816,R3242,B3242,True,791.0,True,376488
780,816,R3243,B3243,False,,False,373926
780,816,R3244,B3244,True,793.0,True,386321
780,816,R3245,B3245,False,,False,362057
780,816,R3246,B3246,True,795.0,True,748095
780,816,R3247,B3247,False,,False,350018
780,816,R3248,B3248,True,792.0,True,732832
780,816,R3249,B3249,False,,False,362057
780,816,R3250,B3250,False,,False,350018
780,816,R3251,B3251,True,793.0,True,357898
780,816,R3252,B3252,False,,False,373302
780,816,R3253,B3253,True,798.0,True,738933
780,816,R3254,B3254,False,,False,362057
780,816,R3255,B3255,True,793.0,True,748095
780,816,R3256,B3256,True,799.0,True,356642
780,816,R3257,B3257,True,794.0,True,738933
780,816,R3258,B3258,False,,False,362057
780,816,R3259,B3259,True,794.0,True,359827
780,816,R3260,B3260,False,,False,356322
780,816,R3261,B3261,False,,False,357898
780,816,R3262,B3262,True,795.0,True,365558
780,816,R3263,B3263,True,795.0,True,373926
780,816,R3264,B3264,True,796.0,True,374047
780,816,R3265,B3265,True,795.0,True,361580
780,816,R3266,B3266,True,797.0,True,398339
780,816,R3267,B3267,True,796.0,True,365558
780,816,R3268,B3268,False,,False,357463
780,816,R3269,B3269,False,,False,374047
780,816,R3270,B3270,True,796.0,True,359696
780,816,R3271,B3271,True,797.0,True,369466
780,816,R3272,B3272,False,,False,396267
780,816,R3273,B3273,True,799.0,True,365558
780,816,R3274,B3274,True,799.0,True,386321
780,816,R3275,B3275,True,799.0,True,718557
780,816,R3276,B3276,False,,False,356642
780,816,R3277,B3277,True,800.0,False,369466
780,816,R3278,B3278,True,800.0,False,366416
780,816,R3279,B3279,False,,False,374047
780,816,R3280,B3280,False,,False,364603
780,816,R3281,B3281,True,799.0,True,365558
780,816,R3282,B3282,False,,False,357463
780,816,R3283,B3283,True,804.0,False,1100720
780,816,R3284,B3284,True,800.0,False,398339
780,816,R3285,B3285,True,804.0,False,366416
780,816,R3286,B3286,False,,False,358827
780,816,R3287,B3287,True,800.0,False,379305
780,816,R3288,B3288,True,800.0,False,370178
780,816,R3290,B3290,True,800.0,False,729206
780,816,R3291,B3291,True,803.0,False,353883
780,816,R3292,B3292,False,,False,357502
780,816,R3293,B3293,False,,False,353214
780,816,R3294,B3294,False,,False,346314
780,816,R3295,B3295,True,805.0,False,707766
780,816,R3296,B3296,True,802.0,False,384564
780,816,R3297,B3297,True,802.0,False,351179
780,816,R3298,B3298,False,,False,352183
780,816,R3299,B3299,True,802.0,False,362285
780,816,R3300,B3300,True,803.0,False,357502
780,816,R3301,B3301,True,807.0,False,707766
780,816,R3303,B3303,True,803.0,False,355555
780,816,R3304,B3304,True,803.0,False,357502
780,816,R3305,B3305,True,804.0,False,353883
780,816,R3306,B3306,True,804.0,False,384564
780,816,R3307,B3307,False,,False,352183
780,816,R3308,B3308,True,804.0,False,362285
780,816,R3309,B3309,True,807.0,False,350053
780,816,R3310,B3310,False,,False,357502
780,816,R3311,B3311,True,807.0,False,353883
780,816,R3312,B3312,False,,False,351179
780,816,R3313,B3313,True,805.0,False,356038
780,816,R3314,B3314,False,,False,356148
780,816,R3315,B3315,False,,False,357502
780,816,R3316,B3316,False,,False,353214
780,816,R3319,B3319,True,806.0,False,355776
780,816,R3320,B3320,False,,False,352183
780,816,R3322,B3322,True,806.0,False,715005
780,816,R3324,B3324,False,,False,367258
780,816,R3325,B3325,True,807.0,False,356038
780,816,R3330,B3330,False,,False,353883
800,816,R3130,B3130,False,,False,458650
800,816,R3153,B3153,False,,False,502435
800,816,R3192,B3192,False,,False,571807
800,816,R3201,B3201,False,,False,439425
800,816,R3205,B3205,False,,False,488921
800,816,R3206,B3206,False,,False,429033
800,816,R3208,B3208,False,,False,525300
800,816,R3211,B3211,False,,False,509351
800,816,R3213,B3213,False,,False,508746
800,816,R3214,B3214,False,,False,548112
800,816,R3216,B3216,False,,False,539821
800,816,R3217,B3217,False,,False,485983
800,816,R3218,B3218,False,,False,435849
800,816,R3220,B3220,False,,False,439425
800,816,R3222,B3222,False,,False,553037
800,816,R3224,B3224,False,,False,437290
800,816,R3225,B3225,False,,False,463315
800,816,R3226,B3226,False,,False,525300
800,816,R3227,B3227,False,,False,508746
800,816,R3229,B3229,False,,False,525300
800,816,R3233,B3233,False,,False,539821
800,816,R3235,B3235,False,,False,466047
800,816,R3238,B3238,False,,False,357778
800,816,R3241,B3241,False,,False,686353
800,816,R3243,B3243,False,,False,552809
800,816,R3245,B3245,False,,False,482092
800,816,R3247,B3247,False,,False,357778
800,816,R3249,B3249,False,,False,446082
800,816,R3250,B3250,False,,False,357778
800,816,R3252,B3252,False,,False,495984
800,816,R3254,B3254,False,,False,446082
800,816,R3258,B3258,False,,False,446082
800,816,R3260,B3260,False,,False,401766
800,816,R3261,B3261,False,,False,368222
800,816,R3268,B3268,False,,False,399589
800,816,R3269,B3269,False,,False,499340
800,816,R3272,B3272,False,,False,512301
800,816,R3276,B3276,True,800.0,True,368163
800,816,R3277,B3277,True,802.0,True,431800
800,816,R3278,B3278,True,804.0,True,423348
800,816,R3279,B3279,False,,False,445643
800,816,R3280,B3280,False,,False,378705
800,816,R3282,B3282,False,,False,367994
800,816,R3283,B3283,True,800.0,False,1144156
800,816,R3284,B3284,False,,False,428383
800,816,R3285,B3285,False,,False,380649
800,816,R3286,B3286,False,,False,370341
800,816,R3287,B3287,False,,False,466515
800,816,R3288,B3288,False,,False,438035
800,816,R3290,B3290,False,,False,757410
800,816,R3291,B3291,True,806.0,True,400633
800,816,R3292,B3292,False,,False,422910
800,816,R3293,B3293,False,,False,404107
800,816,R3294,B3294,False,,False,359278
800,816,R3295,B3295,True,802.0,True,738933
800,816,R3296,B3296,True,805.0,True,433329
800,816,R3297,B3297,False,,False,365558
800,816,R3298,B3298,False,,False,366416
800,816,R3299,B3299,True,802.0,True,386321
800,816,R3300,B3300,True,806.0,True,379305
800,816,R3301,B3301,True,807.0,True,738933
800,816,R3303,B3303,True,804.0,True,373060
800,816,R3304,B3304,False,,False,379305
800,816,R3305,B3305,True,807.0,True,369466
800,816,R3306,B3306,True,806.0,True,433329
800,816,R3307,B3307,False,,False,366416
800,816,R3308,B3308,True,804.0,True,386321
800,816,R3309,B3309,True,807.0,True,362057
800,816,R3310,B3310,False,,False,379305
800,816,R3311,B3311,True,807.0,True,369466
800,816,R3312,B3312,False,,False,365558
800,816,R3313,B3313,True,805.0,True,373926
800,816,R3314,B3314,False,,False,374047
800,816,R3315,B3315,False,,False,379305
800,816,R3316,B3316,False,,False,370178
800,816,R3319,B3319,True,806.0,True,373302
800,816,R3320,B3320,False,,False,366416
800,816,R3322,B3322,True,806.0,True,758610
800,816,R3324,B3324,False,,False,396267
800,816,R3325,B3325,True,807.0,True,373926
800,816,R3330,B3330,False,,False,369466
