time_min,time_hhmm,route_node_id,physical_node_id,physical_address,vehicle_count,vehicle_ids
0,05:40,1,1,서울역,8,"0,10,20,30,40,50,60,70"
0,05:40,10,10,인천공항,8,"9,19,29,39,49,59,69,79"
0,05:40,2,2,수서,8,"1,11,21,31,41,51,61,71"
0,05:40,3,3,삼성,8,"2,12,22,32,42,52,62,72"
0,05:40,4,4,여의도,8,"3,13,23,33,43,53,63,73"
0,05:40,5,5,김포공항,8,"4,14,24,34,44,54,64,74"
0,05:40,6,6,일산,8,"5,15,25,35,45,55,65,75"
0,05:40,7,7,판교,8,"6,16,26,36,46,56,66,76"
0,05:40,8,8,동탄/용인,8,"7,17,27,37,47,57,67,77"
0,05:40,9,9,평택,8,"8,18,28,38,48,58,68,78"
1,05:41,1,1,서울역,8,"0,10,20,30,40,50,60,70"
1,05:41,10,10,인천공항,8,"9,19,29,39,49,59,69,79"
1,05:41,2,2,수서,8,"1,11,21,31,41,51,61,71"
1,05:41,3,3,삼성,8,"2,12,22,32,42,52,62,72"
1,05:41,4,4,여의도,8,"3,13,23,33,43,53,63,73"
1,05:41,5,5,김포공항,8,"4,14,24,34,44,54,64,74"
1,05:41,6,6,일산,8,"5,15,25,35,45,55,65,75"
1,05:41,7,7,판교,8,"6,16,26,36,46,56,66,76"
1,05:41,8,8,동탄/용인,8,"7,17,27,37,47,57,67,77"
1,05:41,9,9,평택,8,"8,18,28,38,48,58,68,78"
2,05:42,1,1,서울역,8,"0,10,20,30,40,50,60,70"
2,05:42,10,10,인천공항,8,"9,19,29,39,49,59,69,79"
2,05:42,2,2,수서,8,"1,11,21,31,41,51,61,71"
2,05:42,3,3,삼성,8,"2,12,22,32,42,52,62,72"
2,05:42,4,4,여의도,8,"3,13,23,33,43,53,63,73"
2,05:42,5,5,김포공항,8,"4,14,24,34,44,54,64,74"
2,05:42,6,6,일산,8,"5,15,25,35,45,55,65,75"
2,05:42,7,7,판교,8,"6,16,26,36,46,56,66,76"
2,05:42,8,8,동탄/용인,8,"7,17,27,37,47,57,67,77"
2,05:42,9,9,평택,8,"8,18,28,38,48,58,68,78"
3,05:43,1,1,서울역,8,"0,10,20,30,40,50,60,70"
3,05:43,10,10,인천공항,8,"9,19,29,39,49,59,69,79"
3,05:43,2,2,수서,8,"1,11,21,31,41,51,61,71"
3,05:43,3,3,삼성,8,"2,12,22,32,42,52,62,72"
3,05:43,4,4,여의도,8,"3,13,23,33,43,53,63,73"
3,05:43,5,5,김포공항,8,"4,14,24,34,44,54,64,74"
3,05:43,6,6,일산,8,"5,15,25,35,45,55,65,75"
3,05:43,7,7,판교,8,"6,16,26,36,46,56,66,76"
3,05:43,8,8,동탄/용인,8,"7,17,27,37,47,57,67,77"
3,05:43,9,9,평택,8,"8,18,28,38,48,58,68,78"
4,05:44,1,1,서울역,8,"0,10,20,30,40,50,60,70"
4,05:44,10,10,인천공항,8,"9,19,29,39,49,59,69,79"
4,05:44,2,2,수서,8,"1,11,21,31,41,51,61,71"
4,05:44,3,3,삼성,8,"2,12,22,32,42,52,62,72"
4,05:44,4,4,여의도,8,"3,13,23,33,43,53,63,73"
4,05:44,5,5,김포공항,8,"4,14,24,34,44,54,64,74"
4,05:44,6,6,일산,8,"5,15,25,35,45,55,65,75"
4,05:44,7,7,판교,8,"6,16,26,36,46,56,66,76"
4,05:44,8,8,동탄/용인,8,"7,17,27,37,47,57,67,77"
4,05:44,9,9,평택,8,"8,18,28,38,48,58,68,78"
5,05:45,1,1,서울역,8,"0,10,20,30,40,50,60,70"
5,05:45,10,10,인천공항,8,"9,19,29,39,49,59,69,79"
5,05:45,2,2,수서,8,"1,11,21,31,41,51,61,71"
5,05:45,3,3,삼성,8,"2,12,22,32,42,52,62,72"
5,05:45,4,4,여의도,8,"3,13,23,33,43,53,63,73"
5,05:45,5,5,김포공항,8,"4,14,24,34,44,54,64,74"
5,05:45,6,6,일산,8,"5,15,25,35,45,55,65,75"
5,05:45,7,7,판교,8,"6,16,26,36,46,56,66,76"
5,05:45,8,8,동탄/용인,8,"7,17,27,37,47,57,67,77"
5,05:45,9,9,평택,8,"8,18,28,38,48,58,68,78"
6,05:46,1,1,서울역,8,"0,10,20,30,40,50,60,70"
6,05:46,10,10,인천공항,8,"9,19,29,39,49,59,69,79"
6,05:46,2,2,수서,8,"1,11,21,31,41,51,61,71"
6,05:46,3,3,삼성,8,"2,12,22,32,42,52,62,72"
6,05:46,4,4,여의도,8,"3,13,23,33,43,53,63,73"
6,05:46,5,5,김포공항,8,"4,14,24,34,44,54,64,74"
6,05:46,6,6,일산,8,"5,15,25,35,45,55,65,75"
6,05:46,7,7,판교,8,"6,16,26,36,46,56,66,76"
6,05:46,8,8,동탄/용인,8,"7,17,27,37,47,57,67,77"
6,05:46,9,9,평택,8,"8,18,28,38,48,58,68,78"
7,05:47,1,1,서울역,8,"0,10,20,30,40,50,60,70"
7,05:47,10,10,인천공항,8,"9,19,29,39,49,59,69,79"
7,05:47,2,2,수서,8,"1,11,21,31,41,51,61,71"
7,05:47,3,3,삼성,8,"2,12,22,32,42,52,62,72"
7,05:47,4,4,여의도,8,"3,13,23,33,43,53,63,73"
7,05:47,5,5,김포공항,8,"4,14,24,34,44,54,64,74"
7,05:47,6,6,일산,8,"5,15,25,35,45,55,65,75"
7,05:47,7,7,판교,8,"6,16,26,36,46,56,66,76"
7,05:47,8,8,동탄/용인,8,"7,17,27,37,47,57,67,77"
7,05:47,9,9,평택,8,"8,18,28,38,48,58,68,78"
8,05:48,1,1,서울역,8,"0,10,20,30,40,50,60,70"
8,05:48,10,10,인천공항,8,"9,19,29,39,49,59,69,79"
8,05:48,2,2,수서,8,"1,11,21,31,41,51,61,71"
8,05:48,3,3,삼성,8,"2,12,22,32,42,52,62,72"
8,05:48,4,4,여의도,8,"3,13,23,33,43,53,63,73"
8,05:48,5,5,김포공항,8,"4,14,24,34,44,54,64,74"
8,05:48,6,6,일산,8,"5,15,25,35,45,55,65,75"
8,05:48,7,7,판교,8,"6,16,26,36,46,56,66,76"
8,05:48,8,8,동탄/용인,8,"7,17,27,37,47,57,67,77"
8,05:48,9,9,평택,8,"8,18,28,38,48,58,68,78"
9,05:49,1,1,서울역,8,"0,10,20,30,40,50,60,70"
9,05:49,10,10,인천공항,8,"9,19,29,39,49,59,69,79"
9,05:49,2,2,수서,8,"1,11,21,31,41,51,61,71"
9,05:49,3,3,삼성,8,"2,12,22,32,42,52,62,72"
9,05:49,4,4,여의도,8,"3,13,23,33,43,53,63,73"
9,05:49,5,5,김포공항,8,"4,14,24,34,44,54,64,74"
9,05:49,6,6,일산,8,"5,15,25,35,45,55,65,75"
9,05:49,7,7,판교,8,"6,16,26,36,46,56,66,76"
9,05:49,8,8,동탄/용인,8,"7,17,27,37,47,57,67,77"
9,05:49,9,9,평택,8,"8,18,28,38,48,58,68,78"
10,05:50,1,1,서울역,8,"0,10,20,30,40,50,60,70"
10,05:50,10,10,인천공항,8,"9,19,29,39,49,59,69,79"
10,05:50,2,2,수서,8,"1,11,21,31,41,51,61,71"
10,05:50,3,3,삼성,8,"2,12,22,32,42,52,62,72"
10,05:50,4,4,여의도,8,"3,13,23,33,43,53,63,73"
10,05:50,5,5,김포공항,8,"4,14,24,34,44,54,64,74"
10,05:50,6,6,일산,8,"5,15,25,35,45,55,65,75"
10,05:50,7,7,판교,8,"6,16,26,36,46,56,66,76"
10,05:50,8,8,동탄/용인,8,"7,17,27,37,47,57,67,77"
10,05:50,9,9,평택,8,"8,18,28,38,48,58,68,78"
11,05:51,1,1,서울역,8,"0,10,20,30,40,50,60,70"
11,05:51,10,10,인천공항,8,"9,19,29,39,49,59,69,79"
11,05:51,2,2,수서,8,"1,11,21,31,41,51,61,71"
11,05:51,3,3,삼성,8,"2,12,22,32,42,52,62,72"
11,05:51,4,4,여의도,8,"3,13,23,33,43,53,63,73"
11,05:51,5,5,김포공항,8,"4,14,24,34,44,54,64,74"
11,05:51,6,6,일산,8,"5,15,25,35,45,55,65,75"
11,05:51,7,7,판교,8,"6,16,26,36,46,56,66,76"
11,05:51,8,8,동탄/용인,8,"7,17,27,37,47,57,67,77"
11,05:51,9,9,평택,8,"8,18,28,38,48,58,68,78"
12,05:52,1,1,서울역,8,"0,10,20,30,40,50,60,70"
12,05:52,10,10,인천공항,8,"9,19,29,39,49,59,69,79"
12,05:52,2,2,수서,8,"1,11,21,31,41,51,61,71"
12,05:52,3,3,삼성,8,"2,12,22,32,42,52,62,72"
12,05:52,4,4,여의도,8,"3,13,23,33,43,53,63,73"
12,05:52,5,5,김포공항,8,"4,14,24,34,44,54,64,74"
12,05:52,6,6,일산,8,"5,15,25,35,45,55,65,75"
12,05:52,7,7,판교,8,"6,16,26,36,46,56,66,76"
12,05:52,8,8,동탄/용인,8,"7,17,27,37,47,57,67,77"
12,05:52,9,9,평택,8,"8,18,28,38,48,58,68,78"
13,05:53,1,1,서울역,8,"0,10,20,30,40,50,60,70"
13,05:53,10,10,인천공항,8,"9,19,29,39,49,59,69,79"
13,05:53,2,2,수서,8,"1,11,21,31,41,51,61,71"
13,05:53,3,3,삼성,8,"2,12,22,32,42,52,62,72"
13,05:53,4,4,여의도,8,"3,13,23,33,43,53,63,73"
13,05:53,5,5,김포공항,8,"4,14,24,34,44,54,64,74"
13,05:53,6,6,일산,8,"5,15,25,35,45,55,65,75"
13,05:53,7,7,판교,8,"6,16,26,36,46,56,66,76"
13,05:53,8,8,동탄/용인,8,"7,17,27,37,47,57,67,77"
13,05:53,9,9,평택,8,"8,18,28,38,48,58,68,78"
14,05:54,1,1,서울역,8,"0,10,20,30,40,50,60,70"
14,05:54,10,10,인천공항,8,"9,19,29,39,49,59,69,79"
14,05:54,2,2,수서,8,"1,11,21,31,41,51,61,71"
14,05:54,3,3,삼성,8,"2,12,22,32,42,52,62,72"
14,05:54,4,4,여의도,8,"3,13,23,33,43,53,63,73"
14,05:54,5,5,김포공항,8,"4,14,24,34,44,54,64,74"
14,05:54,6,6,일산,8,"5,15,25,35,45,55,65,75"
14,05:54,7,7,판교,8,"6,16,26,36,46,56,66,76"
14,05:54,8,8,동탄/용인,8,"7,17,27,37,47,57,67,77"
14,05:54,9,9,평택,8,"8,18,28,38,48,58,68,78"
15,05:55,1,1,서울역,8,"0,10,20,30,40,50,60,70"
15,05:55,10,10,인천공항,8,"9,19,29,39,49,59,69,79"
15,05:55,2,2,수서,8,"1,11,21,31,41,51,61,71"
15,05:55,3,3,삼성,8,"2,12,22,32,42,52,62,72"
15,05:55,4,4,여의도,8,"3,13,23,33,43,53,63,73"
15,05:55,5,5,김포공항,8,"4,14,24,34,44,54,64,74"
15,05:55,6,6,일산,8,"5,15,25,35,45,55,65,75"
15,05:55,7,7,판교,8,"6,16,26,36,46,56,66,76"
15,05:55,8,8,동탄/용인,8,"7,17,27,37,47,57,67,77"
15,05:55,9,9,평택,8,"8,18,28,38,48,58,68,78"
16,05:56,1,1,서울역,8,"0,10,20,30,40,50,60,70"
16,05:56,10,10,인천공항,8,"9,19,29,39,49,59,69,79"
16,05:56,2,2,수서,8,"1,11,21,31,41,51,61,71"
16,05:56,3,3,삼성,8,"2,12,22,32,42,52,62,72"
16,05:56,4,4,여의도,8,"3,13,23,33,43,53,63,73"
16,05:56,5,5,김포공항,8,"4,14,24,34,44,54,64,74"
16,05:56,6,6,일산,8,"5,15,25,35,45,55,65,75"
16,05:56,7,7,판교,8,"6,16,26,36,46,56,66,76"
16,05:56,8,8,동탄/용인,8,"7,17,27,37,47,57,67,77"
16,05:56,9,9,평택,8,"8,18,28,38,48,58,68,78"
17,05:57,1,1,서울역,8,"0,10,20,30,40,50,60,70"
17,05:57,10,10,인천공항,8,"9,19,29,39,49,59,69,79"
17,05:57,2,2,수서,8,"1,11,21,31,41,51,61,71"
17,05:57,3,3,삼성,8,"2,12,22,32,42,52,62,72"
17,05:57,4,4,여의도,8,"3,13,23,33,43,53,63,73"
17,05:57,5,5,김포공항,8,"4,14,24,34,44,54,64,74"
17,05:57,6,6,일산,8,"5,15,25,35,45,55,65,75"
17,05:57,7,7,판교,8,"6,16,26,36,46,56,66,76"
17,05:57,8,8,동탄/용인,8,"7,17,27,37,47,57,67,77"
17,05:57,9,9,평택,8,"8,18,28,38,48,58,68,78"
18,05:58,1,1,서울역,8,"0,10,20,30,40,50,60,70"
18,05:58,10,10,인천공항,8,"9,19,29,39,49,59,69,79"
18,05:58,2,2,수서,8,"1,11,21,31,41,51,61,71"
18,05:58,3,3,삼성,8,"2,12,22,32,42,52,62,72"
18,05:58,4,4,여의도,8,"3,13,23,33,43,53,63,73"
18,05:58,5,5,김포공항,8,"4,14,24,34,44,54,64,74"
18,05:58,6,6,일산,8,"5,15,25,35,45,55,65,75"
18,05:58,7,7,판교,8,"6,16,26,36,46,56,66,76"
18,05:58,8,8,동탄/용인,8,"7,17,27,37,47,57,67,77"
18,05:58,9,9,평택,8,"8,18,28,38,48,58,68,78"
19,05:59,1,1,서울역,8,"0,10,20,30,40,50,60,70"
19,05:59,10,10,인천공항,8,"9,19,29,39,49,59,69,79"
19,05:59,2,2,수서,8,"1,11,21,31,41,51,61,71"
19,05:59,3,3,삼성,8,"2,12,22,32,42,52,62,72"
19,05:59,4,4,여의도,8,"3,13,23,33,43,53,63,73"
19,05:59,5,5,김포공항,8,"4,14,24,34,44,54,64,74"
19,05:59,6,6,일산,8,"5,15,25,35,45,55,65,75"
19,05:59,7,7,판교,8,"6,16,26,36,46,56,66,76"
19,05:59,8,8,동탄/용인,8,"7,17,27,37,47,57,67,77"
19,05:59,9,9,평택,8,"8,18,28,38,48,58,68,78"
20,06:00,1,1,서울역,7,"10,20,30,40,50,60,70"
20,06:00,10,10,인천공항,8,"9,19,29,39,49,59,69,79"
20,06:00,2,2,수서,7,"11,21,31,41,51,61,71"
20,06:00,3,3,삼성,8,"2,12,22,32,42,52,62,72"
20,06:00,4,4,여의도,7,"13,23,33,43,53,63,73"
20,06:00,5,5,김포공항,6,"4,34,44,54,64,74"
20,06:00,6,6,일산,8,"5,15,25,35,45,55,65,75"
20,06:00,7,7,판교,6,"26,36,46,56,66,76"
20,06:00,8,8,동탄/용인,8,"7,17,27,37,47,57,67,77"
20,06:00,9,9,평택,5,"38,48,58,68,78"
21,06:01,1,1,서울역,7,"10,20,30,40,50,60,70"
21,06:01,10,10,인천공항,8,"9,19,29,39,49,59,69,79"
21,06:01,2,2,수서,7,"11,21,31,41,51,61,71"
21,06:01,3,3,삼성,8,"2,12,22,32,42,52,62,72"
21,06:01,4,4,여의도,7,"13,23,33,43,53,63,73"
21,06:01,5,5,김포공항,6,"4,34,44,54,64,74"
21,06:01,6,6,일산,8,"5,15,25,35,45,55,65,75"
21,06:01,7,7,판교,6,"26,36,46,56,66,76"
21,06:01,8,8,동탄/용인,7,"17,27,37,47,57,67,77"
21,06:01,9,9,평택,5,"38,48,58,68,78"
22,06:02,1,1,서울역,7,"10,20,30,40,50,60,70"
22,06:02,10,10,인천공항,8,"9,19,29,39,49,59,69,79"
22,06:02,2,2,수서,7,"11,21,31,41,51,61,71"
22,06:02,3,3,삼성,8,"2,12,22,32,42,52,62,72"
22,06:02,4,4,여의도,7,"13,23,33,43,53,63,73"
22,06:02,5,5,김포공항,6,"4,34,44,54,64,74"
22,06:02,6,6,일산,8,"5,15,25,35,45,55,65,75"
22,06:02,7,7,판교,6,"26,36,46,56,66,76"
22,06:02,8,8,동탄/용인,7,"17,27,37,47,57,67,77"
22,06:02,9,9,평택,5,"38,48,58,68,78"
23,06:03,1,1,서울역,7,"10,20,30,40,50,60,70"
23,06:03,10,10,인천공항,8,"9,19,29,39,49,59,69,79"
23,06:03,2,2,수서,7,"11,21,31,41,51,61,71"
23,06:03,3,3,삼성,8,"2,12,22,32,42,52,62,72"
23,06:03,4,4,여의도,7,"13,23,33,43,53,63,73"
23,06:03,5,5,김포공항,6,"4,34,44,54,64,74"
23,06:03,6,6,일산,8,"5,15,25,35,45,55,65,75"
23,06:03,7,7,판교,6,"26,36,46,56,66,76"
23,06:03,8,8,동탄/용인,7,"17,27,37,47,57,67,77"
23,06:03,9,9,평택,5,"38,48,58,68,78"
24,06:04,1,1,서울역,7,"10,20,30,40,50,60,70"
24,06:04,10,10,인천공항,8,"9,19,29,39,49,59,69,79"
24,06:04,2,2,수서,7,"11,21,31,41,51,61,71"
24,06:04,3,3,삼성,8,"2,12,22,32,42,52,62,72"
24,06:04,4,4,여의도,8,"0,13,23,33,43,53,63,73"
24,06:04,5,5,김포공항,6,"4,34,44,54,64,74"
24,06:04,6,6,일산,8,"5,15,25,35,45,55,65,75"
24,06:04,7,7,판교,6,"26,36,46,56,66,76"
24,06:04,8,8,동탄/용인,7,"17,27,37,47,57,67,77"
24,06:04,9,9,평택,5,"38,48,58,68,78"
25,06:05,1,1,서울역,7,"10,20,30,40,50,60,70"
25,06:05,10,10,인천공항,8,"9,19,29,39,49,59,69,79"
25,06:05,2,2,수서,7,"11,21,31,41,51,61,71"
25,06:05,3,3,삼성,8,"2,12,22,32,42,52,62,72"
25,06:05,4,4,여의도,8,"0,13,23,33,43,53,63,73"
25,06:05,5,5,김포공항,6,"4,34,44,54,64,74"
25,06:05,6,6,일산,7,"5,15,25,35,55,65,75"
25,06:05,7,7,판교,6,"26,36,46,56,66,76"
25,06:05,8,8,동탄/용인,7,"17,27,37,47,57,67,77"
25,06:05,9,9,평택,5,"38,48,58,68,78"
26,06:06,1,1,서울역,7,"10,20,30,40,50,60,70"
26,06:06,10,10,인천공항,8,"9,19,29,39,49,59,69,79"
26,06:06,2,2,수서,7,"11,21,31,41,51,61,71"
26,06:06,3,3,삼성,8,"2,12,22,32,42,52,62,72"
26,06:06,4,4,여의도,8,"0,13,23,33,43,53,63,73"
26,06:06,5,5,김포공항,6,"4,34,44,54,64,74"
26,06:06,6,6,일산,7,"5,15,25,35,55,65,75"
26,06:06,7,7,판교,7,"1,26,36,46,56,66,76"
26,06:06,8,8,동탄/용인,7,"17,27,37,47,57,67,77"
26,06:06,9,9,평택,5,"38,48,58,68,78"
27,06:07,1,1,서울역,7,"10,20,30,40,50,60,70"
27,06:07,10,10,인천공항,8,"9,19,29,39,49,59,69,79"
27,06:07,2,2,수서,7,"11,21,31,41,51,61,71"
27,06:07,3,3,삼성,8,"2,12,22,32,42,52,62,72"
27,06:07,4,4,여의도,8,"0,13,23,33,43,53,63,73"
27,06:07,5,5,김포공항,6,"4,34,44,54,64,74"
27,06:07,6,6,일산,8,"3,5,15,25,35,55,65,75"
27,06:07,7,7,판교,7,"1,26,36,46,56,66,76"
27,06:07,8,8,동탄/용인,7,"17,27,37,47,57,67,77"
27,06:07,9,9,평택,6,"7,38,48,58,68,78"
28,06:08,1,1,서울역,7,"10,20,30,40,50,60,70"
28,06:08,10,10,인천공항,8,"9,19,29,39,49,59,69,79"
28,06:08,2,2,수서,7,"11,21,31,41,51,61,71"
28,06:08,3,3,삼성,8,"2,12,22,32,42,52,62,72"
28,06:08,4,4,여의도,8,"0,13,23,33,43,53,63,73"
28,06:08,5,5,김포공항,6,"4,34,44,54,64,74"
28,06:08,6,6,일산,8,"3,5,15,25,35,55,65,75"
28,06:08,7,7,판교,7,"1,26,36,46,56,66,76"
28,06:08,8,8,동탄/용인,7,"17,27,37,47,57,67,77"
28,06:08,9,9,평택,6,"7,38,48,58,68,78"
29,06:09,1,1,서울역,7,"10,20,30,40,50,60,70"
29,06:09,10,10,인천공항,8,"9,19,29,39,49,59,69,79"
29,06:09,2,2,수서,7,"11,21,31,41,51,61,71"
29,06:09,3,3,삼성,8,"2,12,22,32,42,52,62,72"
29,06:09,4,4,여의도,8,"0,13,23,33,43,53,63,73"
29,06:09,5,5,김포공항,6,"4,34,44,54,64,74"
29,06:09,6,6,일산,8,"3,5,15,25,35,55,65,75"
29,06:09,7,7,판교,6,"26,36,46,56,66,76"
29,06:09,8,8,동탄/용인,7,"17,27,37,47,57,67,77"
29,06:09,9,9,평택,6,"7,38,48,58,68,78"
30,06:10,1,1,서울역,7,"10,20,30,40,50,60,70"
30,06:10,10,10,인천공항,10,"9,14,19,24,29,39,49,59,69,79"
30,06:10,2,2,수서,7,"11,21,31,41,51,61,71"
30,06:10,3,3,삼성,8,"2,12,22,32,42,52,62,72"
30,06:10,4,4,여의도,7,"13,23,33,43,53,63,73"
30,06:10,5,5,김포공항,6,"4,34,44,54,64,74"
30,06:10,6,6,일산,8,"3,5,15,25,35,55,65,75"
30,06:10,7,7,판교,6,"26,36,46,56,66,76"
30,06:10,8,8,동탄/용인,7,"17,27,37,47,57,67,77"
30,06:10,9,9,평택,5,"38,48,58,68,78"
31,06:11,1,1,서울역,7,"10,20,30,40,50,60,70"
31,06:11,10,10,인천공항,10,"9,14,19,24,29,39,49,59,69,79"
31,06:11,2,2,수서,7,"11,21,31,41,51,61,71"
31,06:11,3,3,삼성,8,"2,12,22,32,42,52,62,72"
31,06:11,4,4,여의도,7,"13,23,33,43,53,63,73"
31,06:11,5,5,김포공항,6,"4,34,44,54,64,74"
31,06:11,6,6,일산,8,"3,5,15,25,35,55,65,75"
31,06:11,7,7,판교,6,"26,36,46,56,66,76"
31,06:11,8,8,동탄/용인,7,"17,27,37,47,57,67,77"
31,06:11,9,9,평택,5,"38,48,58,68,78"
32,06:12,1,1,서울역,7,"10,20,30,40,50,60,70"
32,06:12,10,10,인천공항,10,"9,14,19,24,29,39,49,59,69,79"
32,06:12,2,2,수서,7,"11,21,31,41,51,61,71"
32,06:12,3,3,삼성,8,"2,12,22,32,42,52,62,72"
32,06:12,4,4,여의도,7,"13,23,33,43,53,63,73"
32,06:12,5,5,김포공항,6,"4,34,44,54,64,74"
32,06:12,6,6,일산,10,"3,5,6,15,16,25,35,55,65,75"
32,06:12,7,7,판교,6,"26,36,46,56,66,76"
32,06:12,8,8,동탄/용인,7,"17,27,37,47,57,67,77"
32,06:12,9,9,평택,5,"38,48,58,68,78"
33,06:13,1,1,서울역,7,"10,20,30,40,50,60,70"
33,06:13,10,10,인천공항,9,"9,14,19,29,39,49,59,69,79"
33,06:13,2,2,수서,7,"11,21,31,41,51,61,71"
33,06:13,3,3,삼성,8,"2,12,22,32,42,52,62,72"
33,06:13,4,4,여의도,7,"13,23,33,43,53,63,73"
33,06:13,5,5,김포공항,6,"4,34,44,54,64,74"
33,06:13,6,6,일산,9,"5,6,15,16,25,35,55,65,75"
33,06:13,7,7,판교,6,"26,36,46,56,66,76"
33,06:13,8,8,동탄/용인,7,"17,27,37,47,57,67,77"
33,06:13,9,9,평택,5,"38,48,58,68,78"
34,06:14,1,1,서울역,7,"10,20,30,40,50,60,70"
34,06:14,10,10,인천공항,9,"9,14,19,29,39,49,59,69,79"
34,06:14,2,2,수서,7,"11,21,31,41,51,61,71"
34,06:14,3,3,삼성,8,"2,12,22,32,42,52,62,72"
34,06:14,4,4,여의도,7,"13,23,33,43,53,63,73"
34,06:14,5,5,김포공항,6,"4,34,44,54,64,74"
34,06:14,6,6,일산,9,"5,6,15,16,25,35,55,65,75"
34,06:14,7,7,판교,6,"26,36,46,56,66,76"
34,06:14,8,8,동탄/용인,7,"17,27,37,47,57,67,77"
34,06:14,9,9,평택,5,"38,48,58,68,78"
35,06:15,1,1,서울역,7,"10,20,30,40,50,60,70"
35,06:15,10,10,인천공항,9,"9,14,19,29,39,49,59,69,79"
35,06:15,2,2,수서,7,"11,21,31,41,51,61,71"
35,06:15,3,3,삼성,8,"2,12,22,32,42,52,62,72"
35,06:15,4,4,여의도,7,"13,23,33,43,53,63,73"
35,06:15,5,5,김포공항,6,"4,34,44,54,64,74"
35,06:15,6,6,일산,8,"5,6,15,25,35,55,65,75"
35,06:15,7,7,판교,6,"26,36,46,56,66,76"
35,06:15,8,8,동탄/용인,7,"17,27,37,47,57,67,77"
35,06:15,9,9,평택,5,"38,48,58,68,78"
36,06:16,1,1,서울역,9,"8,10,18,20,30,40,50,60,70"
36,06:16,10,10,인천공항,8,"9,19,29,39,49,59,69,79"
36,06:16,2,2,수서,8,"11,21,31,41,45,51,61,71"
36,06:16,3,3,삼성,8,"2,12,22,32,42,52,62,72"
36,06:16,4,4,여의도,7,"13,23,33,43,53,63,73"
36,06:16,5,5,김포공항,6,"4,34,44,54,64,74"
36,06:16,6,6,일산,8,"5,6,15,25,35,55,65,75"
36,06:16,7,7,판교,6,"26,36,46,56,66,76"
36,06:16,8,8,동탄/용인,7,"17,27,37,47,57,67,77"
36,06:16,9,9,평택,5,"38,48,58,68,78"
37,06:17,1,1,서울역,9,"8,10,18,20,30,40,50,60,70"
37,06:17,10,10,인천공항,8,"9,19,29,39,49,59,69,79"
37,06:17,2,2,수서,8,"11,21,31,41,45,51,61,71"
37,06:17,3,3,삼성,8,"2,12,22,32,42,52,62,72"
37,06:17,4,4,여의도,7,"13,23,33,43,53,63,73"
37,06:17,5,5,김포공항,7,"4,28,34,44,54,64,74"
37,06:17,6,6,일산,8,"5,6,15,25,35,55,65,75"
37,06:17,7,7,판교,6,"26,36,46,56,66,76"
37,06:17,8,8,동탄/용인,7,"17,27,37,47,57,67,77"
37,06:17,9,9,평택,5,"38,48,58,68,78"
38,06:18,1,1,서울역,9,"8,10,18,20,30,40,50,60,70"
38,06:18,10,10,인천공항,8,"9,19,29,39,49,59,69,79"
38,06:18,2,2,수서,8,"11,21,31,41,45,51,61,71"
38,06:18,3,3,삼성,8,"2,12,22,32,42,52,62,72"
38,06:18,4,4,여의도,7,"13,23,33,43,53,63,73"
38,06:18,5,5,김포공항,7,"4,28,34,44,54,64,74"
38,06:18,6,6,일산,8,"5,6,15,25,35,55,65,75"
38,06:18,7,7,판교,6,"26,36,46,56,66,76"
38,06:18,8,8,동탄/용인,7,"17,27,37,47,57,67,77"
38,06:18,9,9,평택,5,"38,48,58,68,78"
39,06:19,1,1,서울역,9,"8,10,18,20,30,40,50,60,70"
39,06:19,10,10,인천공항,8,"9,19,29,39,49,59,69,79"
39,06:19,2,2,수서,8,"11,21,31,41,45,51,61,71"
39,06:19,3,3,삼성,8,"2,12,22,32,42,52,62,72"
39,06:19,4,4,여의도,7,"13,23,33,43,53,63,73"
39,06:19,5,5,김포공항,7,"4,28,34,44,54,64,74"
39,06:19,6,6,일산,8,"5,6,15,25,35,55,65,75"
39,06:19,7,7,판교,6,"26,36,46,56,66,76"
39,06:19,8,8,동탄/용인,7,"17,27,37,47,57,67,77"
39,06:19,9,9,평택,5,"38,48,58,68,78"
40,06:20,1,1,서울역,9,"8,10,18,20,30,40,50,60,70"
40,06:20,10,10,인천공항,8,"9,19,29,39,49,59,69,79"
40,06:20,2,2,수서,7,"11,31,41,45,51,61,71"
40,06:20,3,3,삼성,7,"12,22,32,42,52,62,72"
40,06:20,4,4,여의도,6,"23,33,43,53,63,73"
40,06:20,5,5,김포공항,6,"28,34,44,54,64,74"
40,06:20,6,6,일산,8,"5,6,15,25,35,55,65,75"
40,06:20,7,7,판교,6,"26,36,46,56,66,76"
40,06:20,8,8,동탄/용인,7,"17,27,37,47,57,67,77"
40,06:20,9,9,평택,5,"38,48,58,68,78"
41,06:21,1,1,서울역,9,"8,10,18,20,30,40,50,60,70"
41,06:21,10,10,인천공항,8,"9,19,29,39,49,59,69,79"
41,06:21,2,2,수서,7,"11,31,41,45,51,61,71"
41,06:21,3,3,삼성,7,"12,22,32,42,52,62,72"
41,06:21,4,4,여의도,6,"23,33,43,53,63,73"
41,06:21,5,5,김포공항,6,"28,34,44,54,64,74"
41,06:21,6,6,일산,8,"5,6,15,25,35,55,65,75"
41,06:21,7,7,판교,6,"26,36,46,56,66,76"
41,06:21,8,8,동탄/용인,7,"17,27,37,47,57,67,77"
41,06:21,9,9,평택,5,"38,48,58,68,78"
42,06:22,1,1,서울역,9,"8,10,18,20,30,40,50,60,70"
42,06:22,10,10,인천공항,8,"9,19,29,39,49,59,69,79"
42,06:22,2,2,수서,7,"11,31,41,45,51,61,71"
42,06:22,3,3,삼성,7,"12,22,32,42,52,62,72"
42,06:22,4,4,여의도,6,"23,33,43,53,63,73"
42,06:22,5,5,김포공항,6,"28,34,44,54,64,74"
42,06:22,6,6,일산,8,"5,6,15,25,35,55,65,75"
42,06:22,7,7,판교,6,"26,36,46,56,66,76"
42,06:22,8,8,동탄/용인,7,"17,27,37,47,57,67,77"
42,06:22,9,9,평택,5,"38,48,58,68,78"
43,06:23,1,1,서울역,9,"8,10,18,20,30,40,50,60,70"
43,06:23,10,10,인천공항,8,"9,19,29,39,49,59,69,79"
43,06:23,2,2,수서,7,"11,31,41,45,51,61,71"
43,06:23,3,3,삼성,8,"12,21,22,32,42,52,62,72"
43,06:23,4,4,여의도,6,"23,33,43,53,63,73"
43,06:23,5,5,김포공항,6,"28,34,44,54,64,74"
43,06:23,6,6,일산,8,"5,6,15,25,35,55,65,75"
43,06:23,7,7,판교,6,"26,36,46,56,66,76"
43,06:23,8,8,동탄/용인,7,"17,27,37,47,57,67,77"
43,06:23,9,9,평택,5,"38,48,58,68,78"
44,06:24,1,1,서울역,9,"8,10,18,20,30,40,50,60,70"
44,06:24,10,10,인천공항,8,"9,19,29,39,49,59,69,79"
44,06:24,2,2,수서,7,"11,31,41,45,51,61,71"
44,06:24,3,3,삼성,8,"12,21,22,32,42,52,62,72"
44,06:24,4,4,여의도,6,"23,33,43,53,63,73"
44,06:24,5,5,김포공항,6,"28,34,44,54,64,74"
44,06:24,6,6,일산,7,"5,15,25,35,55,65,75"
44,06:24,7,7,판교,6,"26,36,46,56,66,76"
44,06:24,8,8,동탄/용인,7,"17,27,37,47,57,67,77"
44,06:24,9,9,평택,5,"38,48,58,68,78"
45,06:25,1,1,서울역,9,"8,10,18,20,30,40,50,60,70"
45,06:25,10,10,인천공항,9,"1,9,19,29,39,49,59,69,79"
45,06:25,2,2,수서,7,"11,31,41,45,51,61,71"
45,06:25,3,3,삼성,8,"12,21,22,32,42,52,62,72"
45,06:25,4,4,여의도,8,"7,23,24,33,43,53,63,73"
45,06:25,5,5,김포공항,6,"28,34,44,54,64,74"
45,06:25,6,6,일산,7,"5,15,25,35,55,65,75"
45,06:25,7,7,판교,7,"3,26,36,46,56,66,76"
45,06:25,8,8,동탄/용인,7,"17,27,37,47,57,67,77"
45,06:25,9,9,평택,6,"0,38,48,58,68,78"
46,06:26,1,1,서울역,10,"2,8,10,18,20,30,40,50,60,70"
46,06:26,10,10,인천공항,10,"1,9,16,19,29,39,49,59,69,79"
46,06:26,2,2,수서,8,"11,13,31,41,45,51,61,71"
46,06:26,3,3,삼성,8,"12,21,22,32,42,52,62,72"
46,06:26,4,4,여의도,8,"7,23,24,33,43,53,63,73"
46,06:26,5,5,김포공항,6,"28,34,44,54,64,74"
46,06:26,6,6,일산,7,"5,15,25,35,55,65,75"
46,06:26,7,7,판교,7,"3,26,36,46,56,66,76"
46,06:26,8,8,동탄/용인,7,"17,27,37,47,57,67,77"
46,06:26,9,9,평택,6,"0,38,48,58,68,78"
47,06:27,1,1,서울역,9,"2,8,10,20,30,40,50,60,70"
47,06:27,10,10,인천공항,10,"1,9,16,19,29,39,49,59,69,79"
47,06:27,2,2,수서,8,"11,13,31,41,45,51,61,71"
47,06:27,3,3,삼성,8,"12,21,22,32,42,52,62,72"
47,06:27,4,4,여의도,8,"7,23,24,33,43,53,63,73"
47,06:27,5,5,김포공항,6,"28,34,44,54,64,74"
47,06:27,6,6,일산,8,"4,5,15,25,35,55,65,75"
47,06:27,7,7,판교,7,"3,26,36,46,56,66,76"
47,06:27,8,8,동탄/용인,7,"17,27,37,47,57,67,77"
47,06:27,9,9,평택,6,"0,38,48,58,68,78"
48,06:28,1,1,서울역,9,"2,8,10,20,30,40,50,60,70"
48,06:28,10,10,인천공항,10,"1,9,16,19,29,39,49,59,69,79"
48,06:28,2,2,수서,8,"11,13,31,41,45,51,61,71"
48,06:28,3,3,삼성,8,"12,21,22,32,42,52,62,72"
48,06:28,4,4,여의도,6,"23,33,43,53,63,73"
48,06:28,5,5,김포공항,5,"34,44,54,64,74"
48,06:28,6,6,일산,8,"4,5,15,25,35,55,65,75"
48,06:28,7,7,판교,7,"3,26,36,46,56,66,76"
48,06:28,8,8,동탄/용인,7,"17,27,37,47,57,67,77"
48,06:28,9,9,평택,6,"0,38,48,58,68,78"
49,06:29,1,1,서울역,9,"2,8,10,20,30,40,50,60,70"
49,06:29,10,10,인천공항,10,"1,9,16,19,29,39,49,59,69,79"
49,06:29,2,2,수서,8,"11,13,31,41,45,51,61,71"
49,06:29,3,3,삼성,8,"12,21,22,32,42,52,62,72"
49,06:29,4,4,여의도,6,"23,33,43,53,63,73"
49,06:29,5,5,김포공항,5,"34,44,54,64,74"
49,06:29,6,6,일산,8,"4,5,15,25,35,55,65,75"
49,06:29,7,7,판교,7,"3,26,36,46,56,66,76"
49,06:29,8,8,동탄/용인,7,"17,27,37,47,57,67,77"
49,06:29,9,9,평택,6,"0,38,48,58,68,78"
50,06:30,1,1,서울역,8,"2,10,20,30,40,50,60,70"
50,06:30,10,10,인천공항,10,"1,9,16,19,29,39,49,59,69,79"
50,06:30,2,2,수서,8,"11,13,31,41,45,51,61,71"
50,06:30,3,3,삼성,8,"12,21,22,32,42,52,62,72"
50,06:30,4,4,여의도,6,"23,33,43,53,63,73"
50,06:30,5,5,김포공항,5,"34,44,54,64,74"
50,06:30,6,6,일산,8,"4,5,15,25,35,55,65,75"
50,06:30,7,7,판교,7,"3,26,36,46,56,66,76"
50,06:30,8,8,동탄/용인,7,"17,27,37,47,57,67,77"
50,06:30,9,9,평택,6,"0,38,48,58,68,78"
51,06:31,1,1,서울역,8,"2,10,20,30,40,50,60,70"
51,06:31,10,10,인천공항,10,"1,9,16,19,29,39,49,59,69,79"
51,06:31,2,2,수서,8,"11,13,31,41,45,51,61,71"
51,06:31,3,3,삼성,9,"12,14,21,22,32,42,52,62,72"
51,06:31,4,4,여의도,6,"23,33,43,53,63,73"
51,06:31,5,5,김포공항,5,"34,44,54,64,74"
51,06:31,6,6,일산,8,"4,5,15,25,35,55,65,75"
51,06:31,7,7,판교,7,"3,26,36,46,56,66,76"
51,06:31,8,8,동탄/용인,7,"17,27,37,47,57,67,77"
51,06:31,9,9,평택,6,"0,38,48,58,68,78"
52,06:32,1,1,서울역,8,"10,20,24,30,40,50,60,70"
52,06:32,10,10,인천공항,10,"1,9,16,19,29,39,49,59,69,79"
52,06:32,2,2,수서,7,"11,31,41,45,51,61,71"
52,06:32,3,3,삼성,8,"12,14,22,32,42,52,62,72"
52,06:32,4,4,여의도,6,"23,33,43,53,63,73"
52,06:32,5,5,김포공항,5,"34,44,54,64,74"
52,06:32,6,6,일산,8,"4,5,15,25,35,55,65,75"
52,06:32,7,7,판교,7,"3,26,36,46,56,66,76"
52,06:32,8,8,동탄/용인,7,"17,27,37,47,57,67,77"
52,06:32,9,9,평택,6,"0,38,48,58,68,78"
53,06:33,1,1,서울역,8,"10,20,24,30,40,50,60,70"
53,06:33,10,10,인천공항,10,"1,9,16,19,29,39,49,59,69,79"
53,06:33,2,2,수서,7,"11,31,41,45,51,61,71"
53,06:33,3,3,삼성,8,"12,14,22,32,42,52,62,72"
53,06:33,4,4,여의도,6,"23,33,43,53,63,73"
53,06:33,5,5,김포공항,5,"34,44,54,64,74"
53,06:33,6,6,일산,7,"5,15,25,35,55,65,75"
53,06:33,7,7,판교,7,"3,26,36,46,56,66,76"
53,06:33,8,8,동탄/용인,7,"17,27,37,47,57,67,77"
53,06:33,9,9,평택,6,"0,38,48,58,68,78"
54,06:34,1,1,서울역,8,"10,20,24,30,40,50,60,70"
54,06:34,10,10,인천공항,10,"1,9,16,19,29,39,49,59,69,79"
54,06:34,2,2,수서,7,"11,31,41,45,51,61,71"
54,06:34,3,3,삼성,8,"12,14,22,32,42,52,62,72"
54,06:34,4,4,여의도,6,"23,33,43,53,63,73"
54,06:34,5,5,김포공항,5,"34,44,54,64,74"
54,06:34,6,6,일산,7,"5,15,25,35,55,65,75"
54,06:34,7,7,판교,7,"3,26,36,46,56,66,76"
54,06:34,8,8,동탄/용인,7,"17,27,37,47,57,67,77"
54,06:34,9,9,평택,6,"0,38,48,58,68,78"
55,06:35,1,1,서울역,8,"10,20,24,30,40,50,60,70"
55,06:35,10,10,인천공항,10,"1,9,16,19,29,39,49,59,69,79"
55,06:35,2,2,수서,7,"11,31,41,45,51,61,71"
55,06:35,3,3,삼성,8,"12,14,22,32,42,52,62,72"
55,06:35,4,4,여의도,6,"23,33,43,53,63,73"
55,06:35,5,5,김포공항,5,"34,44,54,64,74"
55,06:35,6,6,일산,8,"5,7,15,25,35,55,65,75"
55,06:35,7,7,판교,7,"3,26,36,46,56,66,76"
55,06:35,8,8,동탄/용인,7,"17,27,37,47,57,67,77"
55,06:35,9,9,평택,6,"0,38,48,58,68,78"
56,06:36,1,1,서울역,8,"10,20,24,30,40,50,60,70"
56,06:36,10,10,인천공항,10,"1,9,16,19,29,39,49,59,69,79"
56,06:36,2,2,수서,7,"11,31,41,45,51,61,71"
56,06:36,3,3,삼성,8,"12,14,22,32,42,52,62,72"
56,06:36,4,4,여의도,6,"23,33,43,53,63,73"
56,06:36,5,5,김포공항,5,"34,44,54,64,74"
56,06:36,6,6,일산,8,"5,7,15,25,35,55,65,75"
56,06:36,7,7,판교,8,"3,6,26,36,46,56,66,76"
56,06:36,8,8,동탄/용인,7,"17,27,37,47,57,67,77"
56,06:36,9,9,평택,6,"0,38,48,58,68,78"
57,06:37,1,1,서울역,8,"10,20,24,30,40,50,60,70"
57,06:37,10,10,인천공항,10,"1,9,16,19,29,39,49,59,69,79"
57,06:37,2,2,수서,7,"11,31,41,45,51,61,71"
57,06:37,3,3,삼성,8,"12,14,22,32,42,52,62,72"
57,06:37,4,4,여의도,6,"23,33,43,53,63,73"
57,06:37,5,5,김포공항,5,"34,44,54,64,74"
57,06:37,6,6,일산,8,"5,7,15,25,35,55,65,75"
57,06:37,7,7,판교,8,"3,6,26,36,46,56,66,76"
57,06:37,8,8,동탄/용인,7,"17,27,37,47,57,67,77"
57,06:37,9,9,평택,6,"0,38,48,58,68,78"
58,06:38,1,1,서울역,8,"10,20,24,30,40,50,60,70"
58,06:38,10,10,인천공항,10,"1,9,16,19,29,39,49,59,69,79"
58,06:38,2,2,수서,7,"11,31,41,45,51,61,71"
58,06:38,3,3,삼성,8,"12,14,22,32,42,52,62,72"
58,06:38,4,4,여의도,6,"23,33,43,53,63,73"
58,06:38,5,5,김포공항,5,"34,44,54,64,74"
58,06:38,6,6,일산,8,"5,7,15,25,35,55,65,75"
58,06:38,7,7,판교,8,"3,6,26,36,46,56,66,76"
58,06:38,8,8,동탄/용인,7,"17,27,37,47,57,67,77"
58,06:38,9,9,평택,6,"0,38,48,58,68,78"
59,06:39,1,1,서울역,8,"10,20,24,30,40,50,60,70"
59,06:39,10,10,인천공항,10,"1,9,16,19,29,39,49,59,69,79"
59,06:39,2,2,수서,7,"11,31,41,45,51,61,71"
59,06:39,3,3,삼성,8,"12,14,22,32,42,52,62,72"
59,06:39,4,4,여의도,6,"23,33,43,53,63,73"
59,06:39,5,5,김포공항,5,"34,44,54,64,74"
59,06:39,6,6,일산,8,"5,7,15,25,35,55,65,75"
59,06:39,7,7,판교,8,"3,6,26,36,46,56,66,76"
59,06:39,8,8,동탄/용인,7,"17,27,37,47,57,67,77"
59,06:39,9,9,평택,6,"0,38,48,58,68,78"
60,06:40,1,1,서울역,8,"10,20,24,30,40,50,60,70"
60,06:40,10,10,인천공항,9,"1,9,19,29,39,49,59,69,79"
60,06:40,2,2,수서,7,"11,31,41,45,51,61,71"
60,06:40,3,3,삼성,7,"12,22,32,42,52,62,72"
60,06:40,4,4,여의도,6,"23,33,43,53,63,73"
60,06:40,5,5,김포공항,5,"34,44,54,64,74"
60,06:40,6,6,일산,7,"7,15,25,35,55,65,75"
60,06:40,7,7,판교,7,"6,26,36,46,56,66,76"
60,06:40,8,8,동탄/용인,7,"17,27,37,47,57,67,77"
60,06:40,9,9,평택,6,"0,38,48,58,68,78"
61,06:41,1,1,서울역,8,"10,20,24,30,40,50,60,70"
61,06:41,10,10,인천공항,9,"1,9,19,29,39,49,59,69,79"
61,06:41,2,2,수서,7,"11,31,41,45,51,61,71"
61,06:41,3,3,삼성,7,"12,22,32,42,52,62,72"
61,06:41,4,4,여의도,6,"23,33,43,53,63,73"
61,06:41,5,5,김포공항,5,"34,44,54,64,74"
61,06:41,6,6,일산,7,"7,15,25,35,55,65,75"
61,06:41,7,7,판교,6,"6,36,46,56,66,76"
61,06:41,8,8,동탄/용인,7,"17,27,37,47,57,67,77"
61,06:41,9,9,평택,6,"0,38,48,58,68,78"
62,06:42,1,1,서울역,8,"10,20,24,30,40,50,60,70"
62,06:42,10,10,인천공항,9,"1,9,19,29,39,49,59,69,79"
62,06:42,2,2,수서,7,"11,31,41,45,51,61,71"
62,06:42,3,3,삼성,7,"12,22,32,42,52,62,72"
62,06:42,4,4,여의도,6,"23,33,43,53,63,73"
62,06:42,5,5,김포공항,5,"34,44,54,64,74"
62,06:42,6,6,일산,7,"7,15,25,35,55,65,75"
62,06:42,7,7,판교,6,"6,36,46,56,66,76"
62,06:42,8,8,동탄/용인,7,"17,27,37,47,57,67,77"
62,06:42,9,9,평택,6,"0,38,48,58,68,78"
63,06:43,1,1,서울역,8,"10,20,24,30,40,50,60,70"
63,06:43,10,10,인천공항,10,"1,8,9,19,29,39,49,59,69,79"
63,06:43,2,2,수서,7,"11,31,41,45,51,61,71"
63,06:43,3,3,삼성,6,"22,32,42,52,62,72"
63,06:43,4,4,여의도,5,"23,43,53,63,73"
63,06:43,5,5,김포공항,5,"34,44,54,64,74"
63,06:43,6,6,일산,6,"7,25,35,55,65,75"
63,06:43,7,7,판교,6,"6,36,46,56,66,76"
63,06:43,8,8,동탄/용인,7,"17,27,37,47,57,67,77"
63,06:43,9,9,평택,7,"0,18,38,48,58,68,78"
64,06:44,1,1,서울역,8,"10,20,24,30,40,50,60,70"
64,06:44,10,10,인천공항,10,"1,8,9,19,29,39,49,59,69,79"
64,06:44,2,2,수서,7,"11,31,41,45,51,61,71"
64,06:44,3,3,삼성,6,"22,32,42,52,62,72"
64,06:44,4,4,여의도,5,"23,43,53,63,73"
64,06:44,5,5,김포공항,5,"34,44,54,64,74"
64,06:44,6,6,일산,6,"7,25,35,55,65,75"
64,06:44,7,7,판교,6,"6,36,46,56,66,76"
64,06:44,8,8,동탄/용인,7,"17,27,37,47,57,67,77"
64,06:44,9,9,평택,7,"0,18,38,48,58,68,78"
65,06:45,1,1,서울역,8,"10,20,24,30,40,50,60,70"
65,06:45,10,10,인천공항,11,"1,2,8,9,19,29,39,49,59,69,79"
65,06:45,2,2,수서,7,"11,31,41,45,51,61,71"
65,06:45,3,3,삼성,6,"22,32,42,52,62,72"
65,06:45,4,4,여의도,5,"23,43,53,63,73"
65,06:45,5,5,김포공항,5,"34,44,54,64,74"
65,06:45,6,6,일산,6,"7,25,35,55,65,75"
65,06:45,7,7,판교,7,"4,6,36,46,56,66,76"
65,06:45,8,8,동탄/용인,7,"17,27,37,47,57,67,77"
65,06:45,9,9,평택,8,"0,18,28,38,48,58,68,78"
66,06:46,1,1,서울역,7,"10,20,30,40,50,60,70"
66,06:46,10,10,인천공항,11,"1,2,8,9,19,29,39,49,59,69,79"
66,06:46,2,2,수서,7,"11,31,41,45,51,61,71"
66,06:46,3,3,삼성,6,"22,32,42,52,62,72"
66,06:46,4,4,여의도,5,"23,43,53,63,73"
66,06:46,5,5,김포공항,5,"34,44,54,64,74"
66,06:46,6,6,일산,5,"25,35,55,65,75"
66,06:46,7,7,판교,7,"4,6,36,46,56,66,76"
66,06:46,8,8,동탄/용인,7,"17,27,37,47,57,67,77"
66,06:46,9,9,평택,9,"0,13,18,28,38,48,58,68,78"
67,06:47,1,1,서울역,7,"10,20,30,40,50,60,70"
67,06:47,10,10,인천공항,12,"1,2,8,9,19,21,29,39,49,59,69,79"
67,06:47,2,2,수서,7,"11,31,41,45,51,61,71"
67,06:47,3,3,삼성,6,"22,32,42,52,62,72"
67,06:47,4,4,여의도,6,"14,23,43,53,63,73"
67,06:47,5,5,김포공항,5,"34,44,54,64,74"
67,06:47,6,6,일산,5,"25,35,55,65,75"
67,06:47,7,7,판교,7,"4,6,36,46,56,66,76"
67,06:47,8,8,동탄/용인,7,"17,27,37,47,57,67,77"
67,06:47,9,9,평택,9,"0,13,18,28,38,48,58,68,78"
68,06:48,1,1,서울역,6,"20,30,40,50,60,70"
68,06:48,10,10,인천공항,12,"1,2,8,9,19,21,29,39,49,59,69,79"
68,06:48,2,2,수서,7,"11,31,41,45,51,61,71"
68,06:48,3,3,삼성,6,"22,32,42,52,62,72"
68,06:48,4,4,여의도,6,"14,23,43,53,63,73"
68,06:48,5,5,김포공항,5,"34,44,54,64,74"
68,06:48,6,6,일산,5,"25,35,55,65,75"
68,06:48,7,7,판교,7,"4,6,36,46,56,66,76"
68,06:48,8,8,동탄/용인,7,"17,27,37,47,57,67,77"
68,06:48,9,9,평택,8,"0,13,18,38,48,58,68,78"
69,06:49,1,1,서울역,6,"20,30,40,50,60,70"
69,06:49,10,10,인천공항,11,"1,2,9,19,21,29,39,49,59,69,79"
69,06:49,2,2,수서,7,"11,31,41,45,51,61,71"
69,06:49,3,3,삼성,6,"22,32,42,52,62,72"
69,06:49,4,4,여의도,6,"14,23,43,53,63,73"
69,06:49,5,5,김포공항,5,"34,44,54,64,74"
69,06:49,6,6,일산,5,"25,35,55,65,75"
69,06:49,7,7,판교,7,"4,6,36,46,56,66,76"
69,06:49,8,8,동탄/용인,7,"17,27,37,47,57,67,77"
69,06:49,9,9,평택,8,"0,13,18,38,48,58,68,78"
70,06:50,1,1,서울역,6,"20,30,40,50,60,70"
70,06:50,10,10,인천공항,11,"1,2,9,19,21,29,39,49,59,69,79"
70,06:50,2,2,수서,7,"11,31,41,45,51,61,71"
70,06:50,3,3,삼성,6,"22,32,42,52,62,72"
70,06:50,4,4,여의도,6,"14,23,43,53,63,73"
70,06:50,5,5,김포공항,5,"34,44,54,64,74"
70,06:50,6,6,일산,5,"25,35,55,65,75"
70,06:50,7,7,판교,7,"4,6,36,46,56,66,76"
70,06:50,8,8,동탄/용인,7,"17,27,37,47,57,67,77"
70,06:50,9,9,평택,8,"0,13,18,38,48,58,68,78"
71,06:51,1,1,서울역,6,"20,30,40,50,60,70"
71,06:51,10,10,인천공항,12,"1,2,5,9,19,21,29,39,49,59,69,79"
71,06:51,2,2,수서,7,"11,31,41,45,51,61,71"
71,06:51,3,3,삼성,6,"22,32,42,52,62,72"
71,06:51,4,4,여의도,6,"14,23,43,53,63,73"
71,06:51,5,5,김포공항,5,"34,44,54,64,74"
71,06:51,6,6,일산,5,"25,35,55,65,75"
71,06:51,7,7,판교,7,"4,6,36,46,56,66,76"
71,06:51,8,8,동탄/용인,7,"17,27,37,47,57,67,77"
71,06:51,9,9,평택,8,"0,13,18,38,48,58,68,78"
72,06:52,1,1,서울역,6,"20,30,40,50,60,70"
72,06:52,10,10,인천공항,11,"1,2,5,9,21,29,39,49,59,69,79"
72,06:52,2,2,수서,7,"11,31,41,45,51,61,71"
72,06:52,3,3,삼성,6,"22,32,42,52,62,72"
72,06:52,4,4,여의도,7,"14,16,23,43,53,63,73"
72,06:52,5,5,김포공항,5,"34,44,54,64,74"
72,06:52,6,6,일산,6,"3,25,35,55,65,75"
72,06:52,7,7,판교,7,"4,6,36,46,56,66,76"
72,06:52,8,8,동탄/용인,7,"17,27,37,47,57,67,77"
72,06:52,9,9,평택,8,"0,13,18,38,48,58,68,78"
73,06:53,1,1,서울역,6,"20,30,40,50,60,70"
73,06:53,10,10,인천공항,11,"1,2,5,9,21,29,39,49,59,69,79"
73,06:53,2,2,수서,7,"11,31,41,45,51,61,71"
73,06:53,3,3,삼성,6,"22,32,42,52,62,72"
73,06:53,4,4,여의도,6,"16,23,43,53,63,73"
73,06:53,5,5,김포공항,5,"34,44,54,64,74"
73,06:53,6,6,일산,7,"3,25,26,35,55,65,75"
73,06:53,7,7,판교,7,"4,6,36,46,56,66,76"
73,06:53,8,8,동탄/용인,7,"17,27,37,47,57,67,77"
73,06:53,9,9,평택,8,"0,13,18,38,48,58,68,78"
74,06:54,1,1,서울역,6,"20,30,40,50,60,70"
74,06:54,10,10,인천공항,11,"1,2,5,9,21,29,39,49,59,69,79"
74,06:54,2,2,수서,7,"11,31,41,45,51,61,71"
74,06:54,3,3,삼성,6,"22,32,42,52,62,72"
74,06:54,4,4,여의도,6,"16,23,43,53,63,73"
74,06:54,5,5,김포공항,5,"34,44,54,64,74"
74,06:54,6,6,일산,7,"3,25,26,35,55,65,75"
74,06:54,7,7,판교,7,"4,6,36,46,56,66,76"
74,06:54,8,8,동탄/용인,8,"17,27,28,37,47,57,67,77"
74,06:54,9,9,평택,8,"0,13,18,38,48,58,68,78"
75,06:55,1,1,서울역,6,"20,30,40,50,60,70"
75,06:55,10,10,인천공항,11,"1,2,5,9,21,29,39,49,59,69,79"
75,06:55,2,2,수서,7,"11,31,41,45,51,61,71"
75,06:55,3,3,삼성,6,"22,32,42,52,62,72"
75,06:55,4,4,여의도,6,"16,23,43,53,63,73"
75,06:55,5,5,김포공항,5,"34,44,54,64,74"
75,06:55,6,6,일산,6,"25,26,35,55,65,75"
75,06:55,7,7,판교,8,"4,6,15,36,46,56,66,76"
75,06:55,8,8,동탄/용인,8,"17,27,28,37,47,57,67,77"
75,06:55,9,9,평택,8,"0,13,18,38,48,58,68,78"
76,06:56,1,1,서울역,6,"20,30,40,50,60,70"
76,06:56,10,10,인천공항,11,"1,2,5,9,21,29,39,49,59,69,79"
76,06:56,2,2,수서,7,"11,31,41,45,51,61,71"
76,06:56,3,3,삼성,6,"22,32,42,52,62,72"
76,06:56,4,4,여의도,6,"16,23,43,53,63,73"
76,06:56,5,5,김포공항,5,"34,44,54,64,74"
76,06:56,6,6,일산,6,"25,26,35,55,65,75"
76,06:56,7,7,판교,8,"4,6,15,36,46,56,66,76"
76,06:56,8,8,동탄/용인,8,"17,27,28,37,47,57,67,77"
76,06:56,9,9,평택,8,"0,13,18,38,48,58,68,78"
77,06:57,1,1,서울역,6,"20,30,40,50,60,70"
77,06:57,10,10,인천공항,10,"1,5,9,21,29,39,49,59,69,79"
77,06:57,2,2,수서,7,"11,31,41,45,51,61,71"
77,06:57,3,3,삼성,6,"22,32,42,52,62,72"
77,06:57,4,4,여의도,6,"16,23,43,53,63,73"
77,06:57,5,5,김포공항,5,"34,44,54,64,74"
77,06:57,6,6,일산,6,"25,26,35,55,65,75"
77,06:57,7,7,판교,8,"4,6,15,36,46,56,66,76"
77,06:57,8,8,동탄/용인,7,"17,27,37,47,57,67,77"
77,06:57,9,9,평택,8,"0,13,18,38,48,58,68,78"
78,06:58,1,1,서울역,6,"20,30,40,50,60,70"
78,06:58,10,10,인천공항,11,"1,5,9,12,21,29,39,49,59,69,79"
78,06:58,2,2,수서,7,"11,31,41,45,51,61,71"
78,06:58,3,3,삼성,6,"22,32,42,52,62,72"
78,06:58,4,4,여의도,6,"16,23,43,53,63,73"
78,06:58,5,5,김포공항,5,"34,44,54,64,74"
78,06:58,6,6,일산,6,"25,26,35,55,65,75"
78,06:58,7,7,판교,8,"4,6,15,36,46,56,66,76"
78,06:58,8,8,동탄/용인,7,"17,27,37,47,57,67,77"
78,06:58,9,9,평택,8,"0,18,33,38,48,58,68,78"
79,06:59,1,1,서울역,6,"20,30,40,50,60,70"
79,06:59,10,10,인천공항,12,"1,5,9,12,21,24,29,39,49,59,69,79"
79,06:59,2,2,수서,7,"11,31,41,45,51,61,71"
79,06:59,3,3,삼성,6,"22,32,42,52,62,72"
79,06:59,4,4,여의도,6,"16,23,43,53,63,73"
79,06:59,5,5,김포공항,5,"34,44,54,64,74"
79,06:59,6,6,일산,6,"25,26,35,55,65,75"
79,06:59,7,7,판교,8,"4,6,15,36,46,56,66,76"
79,06:59,8,8,동탄/용인,7,"17,27,37,47,57,67,77"
79,06:59,9,9,평택,8,"0,18,33,38,48,58,68,78"
80,07:00,1,1,서울역,5,"30,40,50,60,70"
80,07:00,10,10,인천공항,12,"1,5,9,12,21,24,29,39,49,59,69,79"
80,07:00,2,2,수서,6,"11,31,45,51,61,71"
80,07:00,3,3,삼성,6,"22,32,42,52,62,72"
80,07:00,4,4,여의도,5,"16,43,53,63,73"
80,07:00,5,5,김포공항,5,"34,44,54,64,74"
80,07:00,6,6,일산,5,"25,26,55,65,75"
80,07:00,7,7,판교,8,"4,6,15,36,46,56,66,76"
80,07:00,8,8,동탄/용인,6,"27,37,47,57,67,77"
80,07:00,9,9,평택,8,"0,18,33,38,48,58,68,78"
81,07:01,1,1,서울역,5,"30,40,50,60,70"
81,07:01,10,10,인천공항,13,"1,5,9,10,12,21,24,29,39,49,59,69,79"
81,07:01,2,2,수서,6,"11,31,45,51,61,71"
81,07:01,3,3,삼성,6,"22,32,42,52,62,72"
81,07:01,4,4,여의도,4,"43,53,63,73"
81,07:01,5,5,김포공항,5,"34,44,54,64,74"
81,07:01,6,6,일산,5,"25,26,55,65,75"
81,07:01,7,7,판교,8,"4,6,15,36,46,56,66,76"
81,07:01,8,8,동탄/용인,6,"27,37,47,57,67,77"
81,07:01,9,9,평택,7,"0,18,38,48,58,68,78"
82,07:02,1,1,서울역,5,"30,40,50,60,70"
82,07:02,10,10,인천공항,12,"1,5,9,10,12,24,29,39,49,59,69,79"
82,07:02,2,2,수서,6,"11,31,45,51,61,71"
82,07:02,3,3,삼성,6,"22,32,42,52,62,72"
82,07:02,4,4,여의도,4,"43,53,63,73"
82,07:02,5,5,김포공항,5,"34,44,54,64,74"
82,07:02,6,6,일산,4,"25,26,65,75"
82,07:02,7,7,판교,8,"4,6,15,36,46,56,66,76"
82,07:02,8,8,동탄/용인,6,"27,37,47,57,67,77"
82,07:02,9,9,평택,7,"0,18,38,48,58,68,78"
83,07:03,1,1,서울역,5,"30,40,50,60,70"
83,07:03,10,10,인천공항,12,"1,5,9,10,12,24,29,39,49,59,69,79"
83,07:03,2,2,수서,6,"11,31,45,51,61,71"
83,07:03,3,3,삼성,6,"22,32,42,52,62,72"
83,07:03,4,4,여의도,4,"43,53,63,73"
83,07:03,5,5,김포공항,5,"34,44,54,64,74"
83,07:03,6,6,일산,4,"25,26,65,75"
83,07:03,7,7,판교,8,"4,6,15,36,46,56,66,76"
83,07:03,8,8,동탄/용인,6,"27,37,47,57,67,77"
83,07:03,9,9,평택,7,"0,18,38,48,58,68,78"
84,07:04,1,1,서울역,5,"30,40,50,60,70"
84,07:04,10,10,인천공항,12,"1,5,9,10,12,24,29,39,49,59,69,79"
84,07:04,2,2,수서,6,"11,31,45,51,61,71"
84,07:04,3,3,삼성,7,"8,22,32,42,52,62,72"
84,07:04,4,4,여의도,4,"43,53,63,73"
84,07:04,5,5,김포공항,4,"34,54,64,74"
84,07:04,6,6,일산,3,"25,65,75"
84,07:04,7,7,판교,8,"4,6,15,36,46,56,66,76"
84,07:04,8,8,동탄/용인,6,"27,37,47,57,67,77"
84,07:04,9,9,평택,7,"0,18,38,48,58,68,78"
85,07:05,1,1,서울역,5,"30,40,50,60,70"
85,07:05,10,10,인천공항,12,"1,5,9,10,12,24,29,39,49,59,69,79"
85,07:05,2,2,수서,6,"11,31,45,51,61,71"
85,07:05,3,3,삼성,7,"8,22,32,42,52,62,72"
85,07:05,4,4,여의도,4,"43,53,63,73"
85,07:05,5,5,김포공항,4,"34,54,64,74"
85,07:05,6,6,일산,3,"25,65,75"
85,07:05,7,7,판교,8,"4,6,15,36,46,56,66,76"
85,07:05,8,8,동탄/용인,6,"27,37,47,57,67,77"
85,07:05,9,9,평택,7,"0,18,38,48,58,68,78"
86,07:06,1,1,서울역,5,"30,40,50,60,70"
86,07:06,10,10,인천공항,11,"1,9,10,12,24,29,39,49,59,69,79"
86,07:06,2,2,수서,6,"11,31,45,51,61,71"
86,07:06,3,3,삼성,7,"8,22,32,42,52,62,72"
86,07:06,4,4,여의도,4,"43,53,63,73"
86,07:06,5,5,김포공항,4,"34,54,64,74"
86,07:06,6,6,일산,3,"25,65,75"
86,07:06,7,7,판교,8,"4,6,15,36,46,56,66,76"
86,07:06,8,8,동탄/용인,6,"27,37,47,57,67,77"
86,07:06,9,9,평택,8,"0,7,18,38,48,58,68,78"
87,07:07,1,1,서울역,5,"30,40,50,60,70"
87,07:07,10,10,인천공항,11,"1,9,10,12,24,29,39,49,59,69,79"
87,07:07,2,2,수서,6,"11,31,45,51,61,71"
87,07:07,3,3,삼성,7,"19,22,32,42,52,62,72"
87,07:07,4,4,여의도,4,"43,53,63,73"
87,07:07,5,5,김포공항,4,"34,54,64,74"
87,07:07,6,6,일산,5,"20,23,25,65,75"
87,07:07,7,7,판교,9,"3,4,6,15,36,46,56,66,76"
87,07:07,8,8,동탄/용인,7,"27,33,37,47,57,67,77"
87,07:07,9,9,평택,8,"0,7,18,38,48,58,68,78"
88,07:08,1,1,서울역,5,"30,40,50,60,70"
88,07:08,10,10,인천공항,11,"1,9,10,12,24,29,39,49,59,69,79"
88,07:08,2,2,수서,6,"11,31,45,51,61,71"
88,07:08,3,3,삼성,7,"19,22,32,42,52,62,72"
88,07:08,4,4,여의도,5,"28,43,53,63,73"
88,07:08,5,5,김포공항,5,"34,41,54,64,74"
88,07:08,6,6,일산,5,"20,23,25,65,75"
88,07:08,7,7,판교,9,"3,4,6,15,36,46,56,66,76"
88,07:08,8,8,동탄/용인,7,"27,33,37,47,57,67,77"
88,07:08,9,9,평택,9,"0,7,14,18,38,48,58,68,78"
89,07:09,1,1,서울역,5,"30,40,50,60,70"
89,07:09,10,10,인천공항,10,"1,9,10,12,29,39,49,59,69,79"
89,07:09,2,2,수서,6,"11,31,45,51,61,71"
89,07:09,3,3,삼성,7,"19,22,32,42,52,62,72"
89,07:09,4,4,여의도,6,"2,28,43,53,63,73"
89,07:09,5,5,김포공항,5,"34,41,54,64,74"
89,07:09,6,6,일산,5,"20,23,25,65,75"
89,07:09,7,7,판교,9,"3,4,6,15,36,46,56,66,76"
89,07:09,8,8,동탄/용인,7,"27,33,37,47,57,67,77"
89,07:09,9,9,평택,8,"0,14,18,38,48,58,68,78"
90,07:10,1,1,서울역,5,"30,40,50,60,70"
90,07:10,10,10,인천공항,10,"1,9,10,12,29,39,49,59,69,79"
90,07:10,2,2,수서,7,"11,17,31,45,51,61,71"
90,07:10,3,3,삼성,7,"19,22,32,42,52,62,72"
90,07:10,4,4,여의도,6,"2,28,43,53,63,73"
90,07:10,5,5,김포공항,5,"34,41,54,64,74"
90,07:10,6,6,일산,4,"23,25,65,75"
90,07:10,7,7,판교,9,"3,4,6,15,36,46,56,66,76"
90,07:10,8,8,동탄/용인,6,"27,37,47,57,67,77"
90,07:10,9,9,평택,8,"0,14,18,38,48,58,68,78"
91,07:11,1,1,서울역,5,"30,40,50,60,70"
91,07:11,10,10,인천공항,10,"1,9,10,12,29,39,49,59,69,79"
91,07:11,2,2,수서,8,"11,17,31,35,45,51,61,71"
91,07:11,3,3,삼성,7,"19,22,32,42,52,62,72"
91,07:11,4,4,여의도,5,"2,43,53,63,73"
91,07:11,5,5,김포공항,4,"34,54,64,74"
91,07:11,6,6,일산,4,"23,25,65,75"
91,07:11,7,7,판교,9,"3,4,6,15,36,46,56,66,76"
91,07:11,8,8,동탄/용인,6,"27,37,47,57,67,77"
91,07:11,9,9,평택,8,"0,14,18,38,48,58,68,78"
92,07:12,1,1,서울역,5,"30,40,50,60,70"
92,07:12,10,10,인천공항,10,"1,9,10,12,29,39,49,59,69,79"
92,07:12,2,2,수서,8,"11,17,31,35,45,51,61,71"
92,07:12,3,3,삼성,7,"19,22,32,42,52,62,72"
92,07:12,4,4,여의도,5,"2,43,53,63,73"
92,07:12,5,5,김포공항,4,"34,54,64,74"
92,07:12,6,6,일산,4,"23,25,65,75"
92,07:12,7,7,판교,9,"3,4,6,15,36,46,56,66,76"
92,07:12,8,8,동탄/용인,6,"27,37,47,57,67,77"
92,07:12,9,9,평택,8,"0,14,18,38,48,58,68,78"
93,07:13,1,1,서울역,5,"30,40,50,60,70"
93,07:13,10,10,인천공항,10,"1,9,10,12,29,39,49,59,69,79"
93,07:13,2,2,수서,8,"11,31,35,45,51,55,61,71"
93,07:13,3,3,삼성,7,"19,22,32,42,52,62,72"
93,07:13,4,4,여의도,5,"2,43,53,63,73"
93,07:13,5,5,김포공항,4,"34,54,64,74"
93,07:13,6,6,일산,4,"23,25,65,75"
93,07:13,7,7,판교,8,"4,6,15,36,46,56,66,76"
93,07:13,8,8,동탄/용인,6,"27,37,47,57,67,77"
93,07:13,9,9,평택,8,"0,14,18,38,48,58,68,78"
94,07:14,1,1,서울역,5,"30,40,50,60,70"
94,07:14,10,10,인천공항,10,"1,9,10,12,29,39,49,59,69,79"
94,07:14,2,2,수서,7,"11,31,45,51,55,61,71"
94,07:14,3,3,삼성,7,"19,22,32,42,52,62,72"
94,07:14,4,4,여의도,5,"2,43,53,63,73"
94,07:14,5,5,김포공항,4,"34,54,64,74"
94,07:14,6,6,일산,4,"23,25,65,75"
94,07:14,7,7,판교,9,"4,6,15,36,44,46,56,66,76"
94,07:14,8,8,동탄/용인,6,"27,37,47,57,67,77"
94,07:14,9,9,평택,8,"0,14,18,38,48,58,68,78"
95,07:15,1,1,서울역,5,"30,40,50,60,70"
95,07:15,10,10,인천공항,10,"1,9,10,12,29,39,49,59,69,79"
95,07:15,2,2,수서,7,"11,31,45,51,55,61,71"
95,07:15,3,3,삼성,7,"19,22,32,42,52,62,72"
95,07:15,4,4,여의도,5,"2,43,53,63,73"
95,07:15,5,5,김포공항,4,"34,54,64,74"
95,07:15,6,6,일산,4,"23,25,65,75"
95,07:15,7,7,판교,9,"4,6,15,36,44,46,56,66,76"
95,07:15,8,8,동탄/용인,7,"7,27,37,47,57,67,77"
95,07:15,9,9,평택,8,"0,14,18,38,48,58,68,78"
96,07:16,1,1,서울역,5,"30,40,50,60,70"
96,07:16,10,10,인천공항,10,"1,9,10,12,29,39,49,59,69,79"
96,07:16,2,2,수서,6,"11,31,45,51,61,71"
96,07:16,3,3,삼성,7,"19,22,32,42,52,62,72"
96,07:16,4,4,여의도,5,"2,43,53,63,73"
96,07:16,5,5,김포공항,4,"34,54,64,74"
96,07:16,6,6,일산,3,"25,65,75"
96,07:16,7,7,판교,10,"4,6,15,26,36,44,46,56,66,76"
96,07:16,8,8,동탄/용인,7,"7,27,37,47,57,67,77"
96,07:16,9,9,평택,9,"0,14,16,18,38,48,58,68,78"
97,07:17,1,1,서울역,6,"20,30,40,50,60,70"
97,07:17,10,10,인천공항,10,"1,9,12,13,29,39,49,59,69,79"
97,07:17,2,2,수서,6,"11,31,45,51,61,71"
97,07:17,3,3,삼성,8,"19,21,22,32,42,52,62,72"
97,07:17,4,4,여의도,5,"2,43,53,63,73"
97,07:17,5,5,김포공항,4,"34,54,64,74"
97,07:17,6,6,일산,4,"8,25,65,75"
97,07:17,7,7,판교,10,"4,6,15,26,36,44,46,56,66,76"
97,07:17,8,8,동탄/용인,7,"7,27,37,47,57,67,77"
97,07:17,9,9,평택,9,"0,14,16,18,38,48,58,68,78"
98,07:18,1,1,서울역,6,"20,30,40,50,60,70"
98,07:18,10,10,인천공항,10,"1,9,12,13,29,39,49,59,69,79"
98,07:18,2,2,수서,6,"11,31,45,51,61,71"
98,07:18,3,3,삼성,8,"19,21,22,32,42,52,62,72"
98,07:18,4,4,여의도,5,"2,43,53,63,73"
98,07:18,5,5,김포공항,4,"34,54,64,74"
98,07:18,6,6,일산,5,"8,25,28,65,75"
98,07:18,7,7,판교,10,"4,6,15,26,36,44,46,56,66,76"
98,07:18,8,8,동탄/용인,6,"27,37,47,57,67,77"
98,07:18,9,9,평택,9,"0,14,16,18,38,48,58,68,78"
99,07:19,1,1,서울역,7,"20,30,40,41,50,60,70"
99,07:19,10,10,인천공항,10,"1,9,12,13,29,39,49,59,69,79"
99,07:19,2,2,수서,6,"11,31,45,51,61,71"
99,07:19,3,3,삼성,8,"19,21,22,32,42,52,62,72"
99,07:19,4,4,여의도,6,"2,17,43,53,63,73"
99,07:19,5,5,김포공항,4,"34,54,64,74"
99,07:19,6,6,일산,5,"8,25,28,65,75"
99,07:19,7,7,판교,10,"4,6,15,26,36,44,46,56,66,76"
99,07:19,8,8,동탄/용인,6,"27,37,47,57,67,77"
99,07:19,9,9,평택,9,"0,14,16,18,38,48,58,68,78"
100,07:20,1,1,서울역,7,"3,30,40,41,50,60,70"
100,07:20,10,10,인천공항,10,"1,9,12,13,29,39,49,59,69,79"
100,07:20,2,2,수서,5,"33,45,51,61,71"
100,07:20,3,3,삼성,8,"19,21,22,32,42,52,62,72"
100,07:20,4,4,여의도,7,"2,17,35,43,53,63,73"
100,07:20,5,5,김포공항,4,"34,54,64,74"
100,07:20,6,6,일산,5,"8,25,28,65,75"
100,07:20,7,7,판교,10,"4,6,15,26,36,44,46,56,66,76"
100,07:20,8,8,동탄/용인,6,"27,37,47,57,67,77"
100,07:20,9,9,평택,9,"0,14,16,18,38,48,58,68,78"
101,07:21,1,1,서울역,7,"3,30,40,41,50,60,70"
101,07:21,10,10,인천공항,10,"1,9,12,13,29,39,49,59,69,79"
101,07:21,2,2,수서,5,"33,45,51,61,71"
101,07:21,3,3,삼성,9,"5,19,21,22,32,42,52,62,72"
101,07:21,4,4,여의도,7,"2,17,35,43,53,63,73"
101,07:21,5,5,김포공항,4,"34,54,64,74"
101,07:21,6,6,일산,5,"8,25,28,65,75"
101,07:21,7,7,판교,10,"4,6,15,26,36,44,46,56,66,76"
101,07:21,8,8,동탄/용인,6,"27,37,47,57,67,77"
101,07:21,9,9,평택,9,"0,14,16,18,38,48,58,68,78"
102,07:22,1,1,서울역,7,"3,30,40,41,50,60,70"
102,07:22,10,10,인천공항,10,"1,9,12,13,29,39,49,59,69,79"
102,07:22,2,2,수서,5,"33,45,51,61,71"
102,07:22,3,3,삼성,9,"5,19,21,22,32,42,52,62,72"
102,07:22,4,4,여의도,7,"2,17,35,43,53,63,73"
102,07:22,5,5,김포공항,4,"34,54,64,74"
102,07:22,6,6,일산,5,"8,25,28,65,75"
102,07:22,7,7,판교,10,"4,6,15,26,36,44,46,56,66,76"
102,07:22,8,8,동탄/용인,6,"27,37,47,57,67,77"
102,07:22,9,9,평택,9,"0,14,16,18,38,48,58,68,78"
103,07:23,1,1,서울역,6,"30,40,41,50,60,70"
103,07:23,10,10,인천공항,10,"1,9,12,13,29,39,49,59,69,79"
103,07:23,2,2,수서,4,"45,51,61,71"
103,07:23,3,3,삼성,9,"5,19,21,22,32,42,52,62,72"
103,07:23,4,4,여의도,6,"2,17,43,53,63,73"
103,07:23,5,5,김포공항,4,"34,54,64,74"
103,07:23,6,6,일산,5,"8,25,28,65,75"
103,07:23,7,7,판교,10,"4,6,15,26,36,44,46,56,66,76"
103,07:23,8,8,동탄/용인,5,"27,37,47,67,77"
103,07:23,9,9,평택,9,"0,14,16,18,38,48,58,68,78"
104,07:24,1,1,서울역,6,"30,40,41,50,60,70"
104,07:24,10,10,인천공항,9,"1,12,13,29,39,49,59,69,79"
104,07:24,2,2,수서,4,"45,51,61,71"
104,07:24,3,3,삼성,9,"19,21,22,24,32,42,52,62,72"
104,07:24,4,4,여의도,6,"2,17,43,53,63,73"
104,07:24,5,5,김포공항,4,"34,54,64,74"
104,07:24,6,6,일산,5,"8,25,28,65,75"
104,07:24,7,7,판교,10,"4,6,15,26,36,44,46,56,66,76"
104,07:24,8,8,동탄/용인,4,"37,47,67,77"
104,07:24,9,9,평택,9,"0,14,16,18,38,48,58,68,78"
105,07:25,1,1,서울역,6,"30,40,41,50,60,70"
105,07:25,10,10,인천공항,9,"1,12,13,29,39,49,59,69,79"
105,07:25,2,2,수서,4,"45,51,61,71"
105,07:25,3,3,삼성,9,"19,21,22,24,32,42,52,62,72"
105,07:25,4,4,여의도,6,"2,17,43,53,63,73"
105,07:25,5,5,김포공항,4,"34,54,64,74"
105,07:25,6,6,일산,5,"8,25,28,65,75"
105,07:25,7,7,판교,10,"4,6,15,26,36,44,46,56,66,76"
105,07:25,8,8,동탄/용인,4,"37,47,67,77"
105,07:25,9,9,평택,9,"0,14,16,18,38,48,58,68,78"
106,07:26,1,1,서울역,6,"30,40,41,50,60,70"
106,07:26,10,10,인천공항,9,"1,12,13,29,39,49,59,69,79"
106,07:26,2,2,수서,4,"45,51,61,71"
106,07:26,3,3,삼성,10,"19,21,22,23,24,32,42,52,62,72"
106,07:26,4,4,여의도,6,"2,17,43,53,63,73"
106,07:26,5,5,김포공항,4,"34,54,64,74"
106,07:26,6,6,일산,3,"25,28,65"
106,07:26,7,7,판교,11,"4,6,11,15,26,36,44,46,56,66,76"
106,07:26,8,8,동탄/용인,4,"37,47,67,77"
106,07:26,9,9,평택,9,"0,14,16,18,38,48,58,68,78"
107,07:27,1,1,서울역,6,"30,40,41,50,60,70"
107,07:27,10,10,인천공항,9,"1,12,13,29,39,49,59,69,79"
107,07:27,2,2,수서,5,"5,45,51,61,71"
107,07:27,3,3,삼성,10,"19,21,22,23,24,32,42,52,62,72"
107,07:27,4,4,여의도,6,"2,17,43,53,63,73"
107,07:27,5,5,김포공항,4,"34,54,64,74"
107,07:27,6,6,일산,4,"25,28,55,65"
107,07:27,7,7,판교,12,"4,6,11,15,20,26,36,44,46,56,66,76"
107,07:27,8,8,동탄/용인,4,"37,47,67,77"
107,07:27,9,9,평택,9,"0,14,16,18,38,48,58,68,78"
108,07:28,1,1,서울역,6,"30,40,41,50,60,70"
108,07:28,10,10,인천공항,9,"1,12,13,29,39,49,59,69,79"
108,07:28,2,2,수서,6,"5,7,45,51,61,71"
108,07:28,3,3,삼성,10,"19,21,22,23,24,32,42,52,62,72"
108,07:28,4,4,여의도,6,"2,17,43,53,63,73"
108,07:28,5,5,김포공항,4,"34,54,64,74"
108,07:28,6,6,일산,4,"25,28,55,65"
108,07:28,7,7,판교,12,"4,6,11,15,20,26,36,44,46,56,66,76"
108,07:28,8,8,동탄/용인,4,"37,47,67,77"
108,07:28,9,9,평택,9,"0,14,16,18,38,48,58,68,78"
109,07:29,1,1,서울역,6,"30,40,41,50,60,70"
109,07:29,10,10,인천공항,9,"1,12,13,29,39,49,59,69,79"
109,07:29,2,2,수서,6,"5,7,45,51,61,71"
109,07:29,3,3,삼성,10,"19,21,22,23,24,32,42,52,62,72"
109,07:29,4,4,여의도,6,"2,17,43,53,63,73"
109,07:29,5,5,김포공항,4,"34,54,64,74"
109,07:29,6,6,일산,4,"25,28,55,65"
109,07:29,7,7,판교,12,"4,6,11,15,20,26,36,44,46,56,66,76"
109,07:29,8,8,동탄/용인,4,"37,47,67,77"
109,07:29,9,9,평택,9,"0,14,16,18,38,48,58,68,78"
110,07:30,1,1,서울역,6,"30,40,41,50,60,70"
110,07:30,10,10,인천공항,9,"1,12,13,29,39,49,59,69,79"
110,07:30,2,2,수서,6,"5,7,45,51,61,71"
110,07:30,3,3,삼성,9,"19,21,22,23,32,42,52,62,72"
110,07:30,4,4,여의도,6,"2,17,43,53,63,73"
110,07:30,5,5,김포공항,4,"34,54,64,74"
110,07:30,6,6,일산,5,"25,28,35,55,65"
110,07:30,7,7,판교,11,"4,6,11,15,26,36,44,46,56,66,76"
110,07:30,8,8,동탄/용인,5,"31,37,47,67,77"
110,07:30,9,9,평택,9,"0,14,16,18,38,48,58,68,78"
111,07:31,1,1,서울역,6,"30,40,41,50,60,70"
111,07:31,10,10,인천공항,9,"1,12,13,29,39,49,59,69,79"
111,07:31,2,2,수서,6,"5,7,45,51,61,71"
111,07:31,3,3,삼성,9,"19,21,22,23,32,42,52,62,72"
111,07:31,4,4,여의도,6,"2,17,43,53,63,73"
111,07:31,5,5,김포공항,5,"3,34,54,64,74"
111,07:31,6,6,일산,5,"25,28,35,55,65"
111,07:31,7,7,판교,12,"4,6,11,15,26,27,36,44,46,56,66,76"
111,07:31,8,8,동탄/용인,5,"31,37,47,67,77"
111,07:31,9,9,평택,9,"0,14,16,18,38,48,58,68,78"
112,07:32,1,1,서울역,6,"30,40,41,50,60,70"
112,07:32,10,10,인천공항,9,"1,12,13,29,39,49,59,69,79"
112,07:32,2,2,수서,6,"5,7,45,51,61,71"
112,07:32,3,3,삼성,9,"19,21,22,23,32,42,52,62,72"
112,07:32,4,4,여의도,6,"2,17,43,53,63,73"
112,07:32,5,5,김포공항,5,"3,34,54,64,74"
112,07:32,6,6,일산,5,"25,28,35,55,65"
112,07:32,7,7,판교,11,"4,6,15,26,27,36,44,46,56,66,76"
112,07:32,8,8,동탄/용인,5,"31,37,47,67,77"
112,07:32,9,9,평택,9,"0,14,16,18,38,48,58,68,78"
113,07:33,1,1,서울역,7,"8,30,40,41,50,60,70"
113,07:33,10,10,인천공항,9,"1,12,13,29,39,49,59,69,79"
113,07:33,2,2,수서,5,"45,51,57,61,71"
113,07:33,3,3,삼성,9,"19,21,22,23,32,42,52,62,72"
113,07:33,4,4,여의도,6,"2,17,43,53,63,73"
113,07:33,5,5,김포공항,5,"3,34,54,64,74"
113,07:33,6,6,일산,4,"25,28,35,65"
113,07:33,7,7,판교,11,"4,6,15,26,27,36,44,46,56,66,76"
113,07:33,8,8,동탄/용인,6,"31,33,37,47,67,77"
113,07:33,9,9,평택,9,"0,14,16,18,38,48,58,68,78"
114,07:34,1,1,서울역,7,"8,30,40,41,50,60,70"
114,07:34,10,10,인천공항,8,"1,13,29,39,49,59,69,79"
114,07:34,2,2,수서,5,"45,51,57,61,71"
114,07:34,3,3,삼성,9,"19,21,22,23,32,42,52,62,72"
114,07:34,4,4,여의도,6,"2,17,43,53,63,73"
114,07:34,5,5,김포공항,5,"3,34,54,64,74"
114,07:34,6,6,일산,4,"25,28,35,65"
114,07:34,7,7,판교,10,"4,6,15,26,36,44,46,56,66,76"
114,07:34,8,8,동탄/용인,6,"31,33,37,47,67,77"
114,07:34,9,9,평택,9,"0,14,16,18,38,48,58,68,78"
115,07:35,1,1,서울역,7,"8,30,40,41,50,60,70"
115,07:35,10,10,인천공항,8,"1,13,29,39,49,59,69,79"
115,07:35,2,2,수서,5,"45,51,57,61,71"
115,07:35,3,3,삼성,9,"19,21,22,23,32,42,52,62,72"
115,07:35,4,4,여의도,6,"2,17,43,53,63,73"
115,07:35,5,5,김포공항,5,"3,34,54,64,74"
115,07:35,6,6,일산,4,"25,28,35,65"
115,07:35,7,7,판교,10,"4,6,15,26,36,44,46,56,66,76"
115,07:35,8,8,동탄/용인,6,"31,33,37,47,67,77"
115,07:35,9,9,평택,9,"0,14,16,18,38,48,58,68,78"
116,07:36,1,1,서울역,7,"8,30,40,41,50,60,70"
116,07:36,10,10,인천공항,8,"1,13,29,39,49,59,69,79"
116,07:36,2,2,수서,5,"45,51,57,61,71"
116,07:36,3,3,삼성,9,"19,21,22,23,32,42,52,62,72"
116,07:36,4,4,여의도,6,"2,17,43,53,63,73"
116,07:36,5,5,김포공항,5,"3,34,54,64,74"
116,07:36,6,6,일산,4,"25,28,35,65"
116,07:36,7,7,판교,10,"4,6,15,26,36,44,46,56,66,76"
116,07:36,8,8,동탄/용인,5,"33,37,47,67,77"
116,07:36,9,9,평택,10,"0,10,14,16,18,38,48,58,68,78"
117,07:37,1,1,서울역,7,"8,30,40,41,50,60,70"
117,07:37,10,10,인천공항,8,"1,13,29,39,49,59,69,79"
117,07:37,2,2,수서,5,"45,51,57,61,71"
117,07:37,3,3,삼성,9,"19,21,22,23,32,42,52,62,72"
117,07:37,4,4,여의도,6,"2,17,43,53,63,73"
117,07:37,5,5,김포공항,4,"34,54,64,74"
117,07:37,6,6,일산,3,"25,35,65"
117,07:37,7,7,판교,10,"4,6,15,26,36,44,46,56,66,76"
117,07:37,8,8,동탄/용인,5,"33,37,47,67,77"
117,07:37,9,9,평택,10,"0,10,14,16,18,38,48,58,68,78"
118,07:38,1,1,서울역,7,"8,30,40,41,50,60,70"
118,07:38,10,10,인천공항,8,"1,13,29,39,49,59,69,79"
118,07:38,2,2,수서,5,"45,51,57,61,71"
118,07:38,3,3,삼성,9,"19,21,22,23,32,42,52,62,72"
118,07:38,4,4,여의도,6,"2,17,43,53,63,73"
118,07:38,5,5,김포공항,4,"34,54,64,74"
118,07:38,6,6,일산,3,"25,35,65"
118,07:38,7,7,판교,11,"4,6,15,26,36,44,46,56,66,75,76"
118,07:38,8,8,동탄/용인,5,"33,37,47,67,77"
118,07:38,9,9,평택,10,"0,10,14,16,18,38,48,58,68,78"
119,07:39,1,1,서울역,6,"30,40,41,50,60,70"
119,07:39,10,10,인천공항,8,"1,13,29,39,49,59,69,79"
119,07:39,2,2,수서,5,"45,51,57,61,71"
119,07:39,3,3,삼성,9,"19,21,22,23,32,42,52,62,72"
119,07:39,4,4,여의도,7,"2,5,17,43,53,63,73"
119,07:39,5,5,김포공항,4,"34,54,64,74"
119,07:39,6,6,일산,2,"25,65"
119,07:39,7,7,판교,12,"4,6,7,15,26,36,44,46,56,66,75,76"
119,07:39,8,8,동탄/용인,4,"37,47,67,77"
119,07:39,9,9,평택,10,"0,10,14,16,18,38,48,58,68,78"
120,07:40,1,1,서울역,6,"30,40,41,50,60,70"
120,07:40,10,10,인천공항,8,"1,13,29,39,49,59,69,79"
120,07:40,2,2,수서,3,"27,61,71"
120,07:40,3,3,삼성,7,"19,21,23,32,52,62,72"
120,07:40,4,4,여의도,6,"2,5,43,53,63,73"
120,07:40,5,5,김포공항,3,"34,54,74"
120,07:40,6,6,일산,2,"25,65"
120,07:40,7,7,판교,12,"4,6,7,15,26,36,44,46,56,66,75,76"
120,07:40,8,8,동탄/용인,4,"37,47,67,77"
120,07:40,9,9,평택,10,"0,10,14,16,18,38,48,58,68,78"
121,07:41,1,1,서울역,6,"30,40,41,50,60,70"
121,07:41,10,10,인천공항,8,"1,13,29,39,49,59,69,79"
121,07:41,2,2,수서,3,"27,61,71"
121,07:41,3,3,삼성,7,"19,21,23,32,52,62,72"
121,07:41,4,4,여의도,6,"2,5,43,53,63,73"
121,07:41,5,5,김포공항,2,"34,74"
121,07:41,6,6,일산,2,"25,65"
121,07:41,7,7,판교,11,"4,6,7,15,26,36,44,46,56,66,76"
121,07:41,8,8,동탄/용인,3,"47,67,77"
121,07:41,9,9,평택,10,"0,10,14,16,18,38,48,58,68,78"
122,07:42,1,1,서울역,6,"30,40,41,50,60,70"
122,07:42,10,10,인천공항,8,"1,13,29,39,49,59,69,79"
122,07:42,2,2,수서,3,"27,61,71"
122,07:42,3,3,삼성,7,"19,21,23,32,52,62,72"
122,07:42,4,4,여의도,6,"2,5,43,53,63,73"
122,07:42,5,5,김포공항,2,"34,74"
122,07:42,6,6,일산,2,"25,65"
122,07:42,7,7,판교,11,"4,6,7,15,26,36,44,46,56,66,76"
122,07:42,8,8,동탄/용인,3,"47,67,77"
122,07:42,9,9,평택,11,"0,10,14,16,18,20,38,48,58,68,78"
123,07:43,1,1,서울역,6,"30,40,41,50,60,70"
123,07:43,10,10,인천공항,8,"1,13,29,39,49,59,69,79"
123,07:43,2,2,수서,2,"61,71"
123,07:43,3,3,삼성,8,"19,21,23,32,51,52,62,72"
123,07:43,4,4,여의도,6,"2,5,43,53,63,73"
123,07:43,5,5,김포공항,2,"34,74"
123,07:43,6,6,일산,1,25
123,07:43,7,7,판교,11,"4,6,7,15,26,36,44,46,56,66,76"
123,07:43,8,8,동탄/용인,3,"47,67,77"
123,07:43,9,9,평택,12,"0,9,10,14,16,18,20,38,48,58,68,78"
124,07:44,1,1,서울역,6,"30,40,41,50,60,70"
124,07:44,10,10,인천공항,8,"1,13,29,39,49,59,69,79"
124,07:44,2,2,수서,2,"61,71"
124,07:44,3,3,삼성,8,"19,21,23,32,51,52,62,72"
124,07:44,4,4,여의도,6,"2,5,43,53,63,73"
124,07:44,5,5,김포공항,2,"34,74"
124,07:44,6,6,일산,2,"11,25"
124,07:44,7,7,판교,11,"4,6,7,15,26,36,44,46,56,66,76"
124,07:44,8,8,동탄/용인,3,"47,67,77"
124,07:44,9,9,평택,12,"0,9,10,14,16,18,20,38,48,58,68,78"
125,07:45,1,1,서울역,6,"30,40,41,50,60,70"
125,07:45,10,10,인천공항,8,"1,13,29,39,49,59,69,79"
125,07:45,2,2,수서,2,"61,71"
125,07:45,3,3,삼성,7,"19,21,32,51,52,62,72"
125,07:45,4,4,여의도,5,"2,43,53,63,73"
125,07:45,5,5,김포공항,2,"34,74"
125,07:45,6,6,일산,2,"11,25"
125,07:45,7,7,판교,12,"4,6,7,15,26,36,44,46,55,56,66,76"
125,07:45,8,8,동탄/용인,3,"47,67,77"
125,07:45,9,9,평택,13,"0,9,10,14,16,18,20,24,38,48,58,68,78"
126,07:46,1,1,서울역,7,"30,35,40,41,50,60,70"
126,07:46,10,10,인천공항,8,"1,13,29,39,49,59,69,79"
126,07:46,2,2,수서,3,"31,61,71"
126,07:46,3,3,삼성,6,"19,21,32,52,62,72"
126,07:46,4,4,여의도,5,"2,43,53,63,73"
126,07:46,5,5,김포공항,2,"34,74"
126,07:46,6,6,일산,2,"11,25"
126,07:46,7,7,판교,11,"4,6,7,15,36,44,46,55,56,66,76"
126,07:46,8,8,동탄/용인,3,"47,67,77"
126,07:46,9,9,평택,13,"0,9,10,14,16,18,20,24,38,48,58,68,78"
127,07:47,1,1,서울역,7,"30,35,40,41,50,60,70"
127,07:47,10,10,인천공항,8,"1,13,29,39,49,59,69,79"
127,07:47,2,2,수서,3,"31,61,71"
127,07:47,3,3,삼성,6,"19,21,32,52,62,72"
127,07:47,4,4,여의도,5,"2,43,53,63,73"
127,07:47,5,5,김포공항,2,"34,74"
127,07:47,6,6,일산,2,"11,17"
127,07:47,7,7,판교,14,"3,4,6,7,15,22,36,42,44,46,55,56,66,76"
127,07:47,8,8,동탄/용인,3,"47,67,77"
127,07:47,9,9,평택,13,"0,9,10,14,16,18,20,24,38,48,58,68,78"
128,07:48,1,1,서울역,7,"30,35,40,41,50,60,70"
128,07:48,10,10,인천공항,8,"1,13,29,39,49,59,69,79"
128,07:48,2,2,수서,3,"31,61,71"
128,07:48,3,3,삼성,6,"19,21,32,52,62,72"
128,07:48,4,4,여의도,5,"2,43,53,63,73"
128,07:48,5,5,김포공항,2,"34,74"
128,07:48,6,6,일산,2,"11,17"
128,07:48,7,7,판교,13,"3,4,6,7,15,22,36,42,44,46,56,66,76"
128,07:48,8,8,동탄/용인,3,"47,67,77"
128,07:48,9,9,평택,13,"0,9,10,14,16,18,20,24,38,48,58,68,78"
129,07:49,1,1,서울역,7,"30,35,40,41,50,60,70"
129,07:49,10,10,인천공항,8,"1,13,29,39,49,59,69,79"
129,07:49,2,2,수서,5,"31,33,54,61,71"
129,07:49,3,3,삼성,6,"19,21,32,52,62,72"
129,07:49,4,4,여의도,6,"2,27,43,53,63,73"
129,07:49,5,5,김포공항,2,"34,74"
129,07:49,6,6,일산,2,"11,17"
129,07:49,7,7,판교,13,"3,4,6,15,22,28,36,42,44,46,56,66,76"
129,07:49,8,8,동탄/용인,3,"47,67,77"
129,07:49,9,9,평택,12,"9,10,14,16,18,20,24,38,48,58,68,78"
130,07:50,1,1,서울역,8,"30,35,40,41,50,60,65,70"
130,07:50,10,10,인천공항,9,"1,13,29,39,49,59,64,69,79"
130,07:50,2,2,수서,5,"31,33,54,61,71"
130,07:50,3,3,삼성,6,"19,21,32,52,62,72"
130,07:50,4,4,여의도,6,"2,27,43,53,63,73"
130,07:50,5,5,김포공항,2,"34,74"
130,07:50,6,6,일산,2,"11,17"
130,07:50,7,7,판교,11,"3,4,6,15,28,36,44,46,56,66,76"
130,07:50,8,8,동탄/용인,5,"45,47,57,67,77"
130,07:50,9,9,평택,12,"9,10,14,16,18,20,24,38,48,58,68,78"
131,07:51,1,1,서울역,8,"30,35,40,41,50,60,65,70"
131,07:51,10,10,인천공항,9,"1,13,29,39,49,59,64,69,79"
131,07:51,2,2,수서,5,"31,33,54,61,71"
131,07:51,3,3,삼성,6,"19,21,32,52,62,72"
131,07:51,4,4,여의도,6,"2,27,43,53,63,73"
131,07:51,5,5,김포공항,2,"34,74"
131,07:51,6,6,일산,2,"11,17"
131,07:51,7,7,판교,11,"3,4,6,15,28,36,44,46,56,66,76"
131,07:51,8,8,동탄/용인,5,"45,47,57,67,77"
131,07:51,9,9,평택,11,"9,14,16,18,20,24,38,48,58,68,78"
132,07:52,1,1,서울역,8,"30,35,40,41,50,60,65,70"
132,07:52,10,10,인천공항,9,"1,13,29,39,49,59,64,69,79"
132,07:52,2,2,수서,4,"31,33,61,71"
132,07:52,3,3,삼성,6,"19,21,32,52,62,72"
132,07:52,4,4,여의도,6,"2,27,43,53,63,73"
132,07:52,5,5,김포공항,2,"34,74"
132,07:52,6,6,일산,3,"5,11,17"
132,07:52,7,7,판교,11,"3,4,6,15,28,36,44,46,56,66,76"
132,07:52,8,8,동탄/용인,5,"45,47,57,67,77"
132,07:52,9,9,평택,11,"9,14,16,18,20,24,38,48,58,68,78"
133,07:53,1,1,서울역,8,"30,35,40,41,50,60,65,70"
133,07:53,10,10,인천공항,9,"1,13,29,39,49,59,64,69,79"
133,07:53,2,2,수서,4,"31,33,61,71"
133,07:53,3,3,삼성,6,"19,21,32,52,62,72"
133,07:53,4,4,여의도,7,"2,26,27,43,53,63,73"
133,07:53,5,5,김포공항,2,"34,74"
133,07:53,6,6,일산,2,"5,11"
133,07:53,7,7,판교,10,"4,6,15,28,36,44,46,56,66,76"
133,07:53,8,8,동탄/용인,4,"47,57,67,77"
133,07:53,9,9,평택,13,"9,12,14,16,18,20,24,38,48,58,68,75,78"
134,07:54,1,1,서울역,9,"25,30,35,40,41,50,60,65,70"
134,07:54,10,10,인천공항,9,"1,13,29,39,49,59,64,69,79"
134,07:54,2,2,수서,4,"31,33,61,71"
134,07:54,3,3,삼성,6,"19,21,32,52,62,72"
134,07:54,4,4,여의도,7,"2,26,27,43,53,63,73"
134,07:54,5,5,김포공항,2,"34,74"
134,07:54,6,6,일산,2,"5,11"
134,07:54,7,7,판교,10,"4,6,15,28,36,44,46,56,66,76"
134,07:54,8,8,동탄/용인,4,"47,57,67,77"
134,07:54,9,9,평택,13,"9,12,14,16,18,20,24,38,48,58,68,75,78"
135,07:55,1,1,서울역,9,"25,30,35,40,41,50,60,65,70"
135,07:55,10,10,인천공항,9,"1,13,29,39,49,59,64,69,79"
135,07:55,2,2,수서,4,"31,33,61,71"
135,07:55,3,3,삼성,6,"19,21,32,52,62,72"
135,07:55,4,4,여의도,7,"2,26,27,43,53,63,73"
135,07:55,5,5,김포공항,3,"34,37,74"
135,07:55,6,6,일산,2,"5,11"
135,07:55,7,7,판교,10,"4,6,15,28,36,44,46,56,66,76"
135,07:55,8,8,동탄/용인,6,"23,47,55,57,67,77"
135,07:55,9,9,평택,14,"8,9,12,14,16,18,20,24,38,48,58,68,75,78"
136,07:56,1,1,서울역,9,"25,30,35,40,41,50,60,65,70"
136,07:56,10,10,인천공항,8,"1,13,29,39,49,59,69,79"
136,07:56,2,2,수서,4,"31,33,61,71"
136,07:56,3,3,삼성,6,"19,21,32,52,62,72"
136,07:56,4,4,여의도,8,"2,7,26,27,43,53,63,73"
136,07:56,5,5,김포공항,3,"34,37,74"
136,07:56,6,6,일산,2,"5,11"
136,07:56,7,7,판교,10,"4,6,15,28,36,44,46,56,66,76"
136,07:56,8,8,동탄/용인,7,"23,47,51,55,57,67,77"
136,07:56,9,9,평택,14,"8,9,12,14,16,18,20,24,38,48,58,68,75,78"
137,07:57,1,1,서울역,9,"25,30,35,40,41,50,60,65,70"
137,07:57,10,10,인천공항,8,"1,13,29,39,49,59,69,79"
137,07:57,2,2,수서,4,"31,33,61,71"
137,07:57,3,3,삼성,6,"19,21,32,52,62,72"
137,07:57,4,4,여의도,10,"2,7,22,26,27,42,43,53,63,73"
137,07:57,5,5,김포공항,3,"34,37,74"
137,07:57,6,6,일산,2,"5,11"
137,07:57,7,7,판교,10,"4,6,15,28,36,44,46,56,66,76"
137,07:57,8,8,동탄/용인,7,"23,47,51,55,57,67,77"
137,07:57,9,9,평택,14,"8,9,12,14,16,18,20,24,38,48,58,68,75,78"
138,07:58,1,1,서울역,9,"25,30,35,40,41,50,60,65,70"
138,07:58,10,10,인천공항,8,"1,13,29,39,49,59,69,79"
138,07:58,2,2,수서,3,"33,61,71"
138,07:58,3,3,삼성,6,"19,21,32,52,62,72"
138,07:58,4,4,여의도,11,"2,7,22,26,27,42,43,53,54,63,73"
138,07:58,5,5,김포공항,2,"34,74"
138,07:58,6,6,일산,1,11
138,07:58,7,7,판교,10,"4,6,15,28,36,44,46,56,66,76"
138,07:58,8,8,동탄/용인,7,"23,47,51,55,57,67,77"
138,07:58,9,9,평택,14,"8,9,12,14,16,18,20,24,38,48,58,68,75,78"
139,07:59,1,1,서울역,9,"25,30,35,40,41,50,60,65,70"
139,07:59,10,10,인천공항,8,"1,13,29,39,49,59,69,79"
139,07:59,2,2,수서,3,"33,61,71"
139,07:59,3,3,삼성,6,"19,21,32,52,62,72"
139,07:59,4,4,여의도,11,"2,7,22,26,27,42,43,53,54,63,73"
139,07:59,5,5,김포공항,2,"34,74"
139,07:59,6,6,일산,1,11
139,07:59,7,7,판교,10,"4,6,15,28,36,44,46,56,66,76"
139,07:59,8,8,동탄/용인,7,"23,47,51,55,57,67,77"
139,07:59,9,9,평택,14,"8,9,12,14,16,18,20,24,38,48,58,68,75,78"
140,08:00,1,1,서울역,5,"3,30,41,60,70"
140,08:00,10,10,인천공항,8,"1,13,29,39,49,59,69,79"
140,08:00,2,2,수서,3,"33,61,71"
140,08:00,3,3,삼성,4,"19,21,32,72"
140,08:00,4,4,여의도,6,"7,43,53,54,63,73"
140,08:00,5,5,김포공항,2,"34,74"
140,08:00,6,6,일산,1,11
140,08:00,7,7,판교,8,"4,6,15,28,36,44,56,76"
140,08:00,8,8,동탄/용인,7,"23,47,51,55,57,67,77"
140,08:00,9,9,평택,13,"8,9,12,16,18,20,24,38,48,58,68,75,78"
141,08:01,1,1,서울역,4,"3,30,60,70"
141,08:01,10,10,인천공항,8,"1,13,29,39,49,59,69,79"
141,08:01,2,2,수서,3,"33,61,71"
141,08:01,3,3,삼성,4,"19,21,32,72"
141,08:01,4,4,여의도,5,"7,43,53,63,73"
141,08:01,5,5,김포공항,2,"34,74"
141,08:01,6,6,일산,1,11
141,08:01,7,7,판교,8,"4,6,15,28,36,44,56,76"
141,08:01,8,8,동탄/용인,7,"23,47,51,55,57,67,77"
141,08:01,9,9,평택,13,"8,9,12,16,18,20,24,38,48,58,68,75,78"
142,08:02,1,1,서울역,4,"3,30,60,70"
142,08:02,10,10,인천공항,8,"1,13,29,39,49,59,69,79"
142,08:02,2,2,수서,3,"33,61,71"
142,08:02,3,3,삼성,3,"21,32,72"
142,08:02,4,4,여의도,4,"7,53,63,73"
142,08:02,5,5,김포공항,2,"34,74"
142,08:02,6,6,일산,1,11
142,08:02,7,7,판교,8,"4,6,15,28,36,44,56,76"
142,08:02,8,8,동탄/용인,6,"23,47,51,55,67,77"
142,08:02,9,9,평택,13,"8,9,12,16,18,20,24,38,48,58,68,75,78"
143,08:03,1,1,서울역,3,"30,60,70"
143,08:03,10,10,인천공항,7,"13,29,39,49,59,69,79"
143,08:03,2,2,수서,4,"33,45,61,71"
143,08:03,3,3,삼성,3,"21,32,72"
143,08:03,4,4,여의도,4,"7,53,63,73"
143,08:03,5,5,김포공항,2,"34,74"
143,08:03,7,7,판교,8,"4,6,15,28,36,44,56,76"
143,08:03,8,8,동탄/용인,5,"23,47,51,55,77"
143,08:03,9,9,평택,13,"8,9,12,16,18,20,24,38,48,58,68,75,78"
144,08:04,1,1,서울역,3,"30,60,70"
144,08:04,10,10,인천공항,7,"13,29,39,49,59,69,79"
144,08:04,2,2,수서,4,"33,45,61,71"
144,08:04,3,3,삼성,3,"21,32,72"
144,08:04,4,4,여의도,3,"7,53,73"
144,08:04,5,5,김포공항,1,34
144,08:04,7,7,판교,8,"4,6,15,28,36,44,56,76"
144,08:04,8,8,동탄/용인,4,"23,47,51,77"
144,08:04,9,9,평택,13,"8,9,12,16,18,20,24,38,48,58,68,75,78"
145,08:05,1,1,서울역,3,"30,60,70"
145,08:05,10,10,인천공항,7,"13,29,39,49,59,69,79"
145,08:05,2,2,수서,4,"33,45,61,71"
145,08:05,3,3,삼성,3,"21,32,72"
145,08:05,4,4,여의도,2,"53,73"
145,08:05,5,5,김포공항,1,34
145,08:05,7,7,판교,9,"4,6,15,17,28,36,44,56,76"
145,08:05,8,8,동탄/용인,4,"23,47,51,77"
145,08:05,9,9,평택,13,"8,9,12,16,18,20,24,38,48,58,68,75,78"
146,08:06,1,1,서울역,3,"30,60,70"
146,08:06,10,10,인천공항,7,"13,29,39,49,59,69,79"
146,08:06,2,2,수서,4,"33,37,61,71"
146,08:06,3,3,삼성,5,"21,32,35,50,72"
146,08:06,4,4,여의도,2,"53,73"
146,08:06,5,5,김포공항,3,"2,31,34"
146,08:06,7,7,판교,9,"4,6,15,17,28,36,44,56,76"
146,08:06,8,8,동탄/용인,5,"14,23,47,51,77"
146,08:06,9,9,평택,12,"8,9,12,18,20,24,38,48,58,68,75,78"
147,08:07,1,1,서울역,2,"30,70"
147,08:07,10,10,인천공항,7,"13,29,39,49,59,69,79"
147,08:07,2,2,수서,4,"33,37,61,71"
147,08:07,3,3,삼성,7,"21,22,32,35,46,50,72"
147,08:07,4,4,여의도,2,"53,73"
147,08:07,5,5,김포공항,3,"2,31,34"
147,08:07,6,6,일산,6,"25,26,27,40,42,65"
147,08:07,7,7,판교,8,"4,15,17,28,36,44,56,76"
147,08:07,8,8,동탄/용인,5,"14,23,47,51,77"
147,08:07,9,9,평택,11,"8,12,18,20,24,38,48,58,68,75,78"
148,08:08,1,1,서울역,1,70
148,08:08,10,10,인천공항,7,"13,29,39,49,59,69,79"
148,08:08,2,2,수서,4,"33,37,61,71"
148,08:08,3,3,삼성,8,"21,22,32,35,46,50,54,72"
148,08:08,4,4,여의도,2,"53,73"
148,08:08,5,5,김포공항,5,"2,31,34,52,62"
148,08:08,6,6,일산,7,"25,26,27,40,41,42,65"
148,08:08,7,7,판교,7,"4,17,28,36,44,56,76"
148,08:08,8,8,동탄/용인,5,"14,23,47,51,77"
148,08:08,9,9,평택,11,"8,12,18,20,24,38,48,58,68,75,78"
149,08:09,10,10,인천공항,7,"13,29,39,49,59,69,79"
149,08:09,2,2,수서,4,"33,37,61,71"
149,08:09,3,3,삼성,8,"21,22,32,45,46,50,54,72"
149,08:09,4,4,여의도,1,73
149,08:09,5,5,김포공항,3,"34,52,62"
149,08:09,6,6,일산,9,"0,25,26,27,40,41,42,43,65"
149,08:09,7,7,판교,8,"4,17,19,28,36,44,56,76"
149,08:09,8,8,동탄/용인,5,"14,23,47,51,77"
149,08:09,9,9,평택,11,"8,12,18,20,24,38,48,58,68,75,78"
150,08:10,1,1,서울역,1,11
150,08:10,10,10,인천공항,7,"13,29,39,49,59,69,79"
150,08:10,2,2,수서,3,"37,61,71"
150,08:10,3,3,삼성,6,"21,32,45,50,54,72"
150,08:10,4,4,여의도,1,73
150,08:10,5,5,김포공항,3,"34,52,62"
150,08:10,6,6,일산,7,"0,3,25,26,41,43,65"
150,08:10,7,7,판교,7,"4,17,19,28,44,56,76"
150,08:10,8,8,동탄/용인,5,"14,23,47,51,77"
150,08:10,9,9,평택,11,"8,12,18,20,24,38,48,58,68,75,78"
151,08:11,1,1,서울역,1,11
151,08:11,10,10,인천공항,7,"13,29,39,49,59,69,79"
151,08:11,2,2,수서,3,"37,61,71"
151,08:11,3,3,삼성,6,"21,32,45,50,64,72"
151,08:11,4,4,여의도,1,73
151,08:11,5,5,김포공항,3,"7,34,62"
151,08:11,6,6,일산,8,"0,3,10,25,26,43,63,65"
151,08:11,7,7,판교,6,"4,19,28,44,56,76"
151,08:11,8,8,동탄/용인,5,"14,23,47,51,77"
151,08:11,9,9,평택,11,"8,12,18,20,24,38,48,58,68,75,78"
152,08:12,1,1,서울역,1,11
152,08:12,10,10,인천공항,7,"13,29,39,49,59,69,79"
152,08:12,2,2,수서,4,"37,57,61,71"
152,08:12,3,3,삼성,5,"21,32,64,72,74"
152,08:12,4,4,여의도,1,73
152,08:12,5,5,김포공항,3,"7,34,62"
152,08:12,6,6,일산,9,"0,3,10,25,26,43,63,65,66"
152,08:12,7,7,판교,5,"4,28,44,56,76"
152,08:12,8,8,동탄/용인,3,"23,47,77"
152,08:12,9,9,평택,11,"8,12,18,20,24,38,48,58,68,75,78"
153,08:13,1,1,서울역,1,11
153,08:13,10,10,인천공항,7,"13,29,39,49,59,69,79"
153,08:13,2,2,수서,3,"37,57,71"
153,08:13,3,3,삼성,7,"21,32,60,64,67,72,74"
153,08:13,4,4,여의도,1,73
153,08:13,5,5,김포공항,3,"7,34,62"
153,08:13,6,6,일산,7,"0,3,10,26,43,63,66"
153,08:13,7,7,판교,5,"4,28,44,56,76"
153,08:13,8,8,동탄/용인,4,"9,23,47,77"
153,08:13,9,9,평택,11,"8,12,18,20,24,38,48,58,68,75,78"
154,08:14,1,1,서울역,2,"6,11"
154,08:14,10,10,인천공항,7,"13,29,39,49,59,69,79"
154,08:14,2,2,수서,3,"37,57,71"
154,08:14,3,3,삼성,7,"21,32,60,64,67,72,74"
154,08:14,4,4,여의도,1,73
154,08:14,5,5,김포공항,2,"7,34"
154,08:14,6,6,일산,7,"0,3,10,26,43,63,66"
154,08:14,7,7,판교,5,"4,28,44,56,76"
154,08:14,8,8,동탄/용인,3,"9,23,77"
154,08:14,9,9,평택,11,"8,12,18,20,24,38,48,58,68,75,78"
155,08:15,1,1,서울역,2,"6,11"
155,08:15,10,10,인천공항,7,"13,29,39,49,59,69,79"
155,08:15,2,2,수서,3,"45,57,71"
155,08:15,3,3,삼성,6,"21,60,64,67,72,74"
155,08:15,4,4,여의도,2,"55,73"
155,08:15,5,5,김포공항,2,"7,34"
155,08:15,6,6,일산,6,"0,3,10,26,30,63"
155,08:15,7,7,판교,5,"4,28,44,56,76"
155,08:15,8,8,동탄/용인,4,"9,15,23,77"
155,08:15,9,9,평택,11,"8,12,18,20,24,38,48,58,68,75,78"
156,08:16,1,1,서울역,2,"6,11"
156,08:16,10,10,인천공항,7,"13,29,39,49,59,69,79"
156,08:16,2,2,수서,2,"45,71"
156,08:16,3,3,삼성,6,"21,61,64,67,72,74"
156,08:16,4,4,여의도,4,"33,35,55,73"
156,08:16,5,5,김포공항,2,"7,34"
156,08:16,6,6,일산,7,"0,3,10,30,53,63,70"
156,08:16,7,7,판교,5,"4,28,44,56,76"
156,08:16,8,8,동탄/용인,4,"9,15,23,77"
156,08:16,9,9,평택,11,"8,12,18,20,24,38,48,58,68,75,78"
157,08:17,1,1,서울역,4,"6,11,40,54"
157,08:17,10,10,인천공항,7,"13,29,39,49,59,69,79"
157,08:17,2,2,수서,2,"45,71"
157,08:17,3,3,삼성,7,"2,21,61,64,67,72,74"
157,08:17,4,4,여의도,7,"27,33,35,36,46,55,73"
157,08:17,5,5,김포공항,2,"7,34"
157,08:17,6,6,일산,6,"0,3,10,30,53,70"
157,08:17,7,7,판교,5,"4,28,44,56,76"
157,08:17,8,8,동탄/용인,4,"9,15,23,77"
157,08:17,9,9,평택,9,"18,20,24,38,48,58,68,75,78"
158,08:18,1,1,서울역,5,"6,11,40,41,54"
158,08:18,10,10,인천공항,7,"13,29,39,49,59,69,79"
158,08:18,2,2,수서,1,71
158,08:18,3,3,삼성,7,"2,21,61,64,67,72,74"
158,08:18,4,4,여의도,7,"27,33,35,36,46,55,73"
158,08:18,5,5,김포공항,3,"7,22,34"
158,08:18,6,6,일산,5,"0,10,30,53,70"
158,08:18,7,7,판교,5,"4,28,44,56,76"
158,08:18,8,8,동탄/용인,5,"9,15,17,23,77"
158,08:18,9,9,평택,10,"5,18,20,24,38,48,58,68,75,78"
159,08:19,1,1,서울역,6,"6,11,19,40,41,54"
159,08:19,10,10,인천공항,8,"13,29,31,39,49,59,69,79"
159,08:19,2,2,수서,1,71
159,08:19,3,3,삼성,8,"2,21,52,57,61,64,67,74"
159,08:19,4,4,여의도,7,"27,33,35,36,46,55,73"
159,08:19,5,5,김포공항,2,"22,34"
159,08:19,6,6,일산,5,"0,10,30,53,70"
159,08:19,7,7,판교,5,"4,28,44,56,76"
159,08:19,8,8,동탄/용인,4,"9,15,17,77"
159,08:19,9,9,평택,10,"5,18,20,24,38,48,58,68,75,78"
160,08:20,1,1,서울역,3,"19,25,41"
160,08:20,10,10,인천공항,8,"13,29,31,39,49,59,69,79"
160,08:20,2,2,수서,1,71
160,08:20,3,3,삼성,7,"2,21,42,52,57,61,74"
160,08:20,4,4,여의도,3,"33,36,73"
160,08:20,5,5,김포공항,2,"22,34"
160,08:20,6,6,일산,5,"0,10,30,53,70"
160,08:20,7,7,판교,5,"4,28,44,56,76"
160,08:20,8,8,동탄/용인,3,"15,17,77"
160,08:20,9,9,평택,8,"5,18,24,48,58,68,75,78"
161,08:21,1,1,서울역,3,"19,25,41"
161,08:21,10,10,인천공항,8,"13,29,31,39,49,59,69,79"
161,08:21,2,2,수서,1,71
161,08:21,3,3,삼성,7,"2,21,42,52,57,61,74"
161,08:21,4,4,여의도,4,"33,36,37,73"
161,08:21,5,5,김포공항,2,"22,34"
161,08:21,6,6,일산,4,"0,30,53,70"
161,08:21,7,7,판교,3,"28,44,76"
161,08:21,8,8,동탄/용인,3,"15,17,77"
161,08:21,9,9,평택,8,"5,18,24,48,58,68,75,78"
162,08:22,1,1,서울역,2,"25,41"
162,08:22,10,10,인천공항,7,"13,29,39,49,59,69,79"
162,08:22,2,2,수서,1,71
162,08:22,3,3,삼성,6,"2,21,42,57,62,74"
162,08:22,4,4,여의도,5,"32,33,36,37,73"
162,08:22,5,5,김포공항,2,"22,34"
162,08:22,6,6,일산,4,"0,30,53,70"
162,08:22,7,7,판교,3,"28,44,76"
162,08:22,8,8,동탄/용인,4,"15,17,50,77"
162,08:22,9,9,평택,9,"1,5,18,24,48,58,68,75,78"
163,08:23,1,1,서울역,3,"25,26,41"
163,08:23,10,10,인천공항,7,"13,29,39,49,59,69,79"
163,08:23,2,2,수서,2,"67,71"
163,08:23,3,3,삼성,6,"2,21,42,57,62,74"
163,08:23,4,4,여의도,6,"32,33,36,37,51,73"
163,08:23,5,5,김포공항,2,"22,34"
163,08:23,6,6,일산,4,"0,30,53,70"
163,08:23,7,7,판교,3,"28,44,76"
163,08:23,8,8,동탄/용인,4,"15,17,50,77"
163,08:23,9,9,평택,9,"1,5,18,24,48,58,68,75,78"
164,08:24,1,1,서울역,3,"25,26,41"
164,08:24,10,10,인천공항,7,"13,29,39,49,59,69,79"
164,08:24,2,2,수서,2,"67,71"
164,08:24,3,3,삼성,7,"2,21,42,47,57,62,74"
164,08:24,4,4,여의도,6,"32,33,36,37,51,73"
164,08:24,5,5,김포공항,2,"22,34"
164,08:24,6,6,일산,3,"0,53,70"
164,08:24,7,7,판교,2,"28,76"
164,08:24,8,8,동탄/용인,4,"15,17,50,77"
164,08:24,9,9,평택,9,"1,5,18,24,48,58,68,75,78"
165,08:25,1,1,서울역,3,"25,26,45"
165,08:25,10,10,인천공항,7,"13,29,39,49,59,69,79"
165,08:25,2,2,수서,1,67
165,08:25,3,3,삼성,9,"2,21,42,43,47,57,62,66,74"
165,08:25,4,4,여의도,6,"32,33,36,37,51,73"
165,08:25,5,5,김포공항,2,"22,34"
165,08:25,6,6,일산,3,"0,53,70"
165,08:25,7,7,판교,3,"28,65,76"
165,08:25,8,8,동탄/용인,3,"15,50,77"
165,08:25,9,9,평택,9,"1,5,18,24,48,58,68,75,78"
166,08:26,1,1,서울역,3,"25,26,45"
166,08:26,10,10,인천공항,7,"13,29,39,49,59,69,79"
166,08:26,2,2,수서,1,67
166,08:26,3,3,삼성,9,"2,42,43,47,54,57,62,66,74"
166,08:26,4,4,여의도,6,"33,36,37,51,72,73"
166,08:26,5,5,김포공항,4,"14,22,27,35"
166,08:26,6,6,일산,3,"16,53,70"
166,08:26,7,7,판교,2,"28,65"
166,08:26,8,8,동탄/용인,6,"15,20,38,50,60,77"
166,08:26,9,9,평택,8,"1,5,24,48,58,68,75,78"
167,08:27,1,1,서울역,3,"25,26,45"
167,08:27,10,10,인천공항,7,"13,29,39,49,59,69,79"
167,08:27,2,2,수서,1,67
167,08:27,3,3,삼성,10,"2,7,42,43,47,54,57,62,66,74"
167,08:27,4,4,여의도,6,"33,36,37,51,72,73"
167,08:27,5,5,김포공항,4,"14,22,27,35"
167,08:27,6,6,일산,7,"6,11,16,40,46,53,55"
167,08:27,7,7,판교,2,"28,65"
167,08:27,8,8,동탄/용인,6,"15,20,38,50,60,77"
167,08:27,9,9,평택,8,"1,5,24,48,58,68,75,78"
168,08:28,1,1,서울역,3,"25,26,45"
168,08:28,10,10,인천공항,7,"13,29,39,49,59,69,79"
168,08:28,2,2,수서,2,"63,67"
168,08:28,3,3,삼성,9,"2,7,42,43,47,54,62,66,74"
168,08:28,4,4,여의도,8,"4,33,36,37,51,56,72,73"
168,08:28,5,5,김포공항,5,"14,22,27,35,64"
168,08:28,6,6,일산,7,"6,11,16,40,46,53,55"
168,08:28,7,7,판교,1,28
168,08:28,8,8,동탄/용인,5,"15,20,38,50,60"
168,08:28,9,9,평택,7,"1,5,48,58,68,75,78"
169,08:29,1,1,서울역,3,"25,26,45"
169,08:29,10,10,인천공항,7,"13,29,39,49,59,69,79"
169,08:29,2,2,수서,2,"23,63"
169,08:29,3,3,삼성,8,"2,7,42,43,47,62,66,74"
169,08:29,4,4,여의도,7,"4,33,36,37,56,72,73"
169,08:29,5,5,김포공항,4,"14,22,35,64"
169,08:29,6,6,일산,6,"6,11,16,40,46,55"
169,08:29,7,7,판교,2,"19,28"
169,08:29,8,8,동탄/용인,2,"38,50"
169,08:29,9,9,평택,7,"1,5,48,58,68,75,78"
170,08:30,1,1,서울역,3,"25,26,45"
170,08:30,10,10,인천공항,7,"13,29,39,49,59,69,79"
170,08:30,2,2,수서,2,"23,63"
170,08:30,3,3,삼성,8,"2,7,42,43,47,62,66,74"
170,08:30,4,4,여의도,6,"4,33,36,56,72,73"
170,08:30,5,5,김포공항,6,"14,22,35,52,61,64"
170,08:30,6,6,일산,6,"6,11,16,40,46,55"
170,08:30,7,7,판교,3,"3,19,28"
170,08:30,8,8,동탄/용인,2,"38,50"
170,08:30,9,9,평택,7,"1,5,48,58,68,75,78"
171,08:31,1,1,서울역,4,"25,26,30,44"
171,08:31,10,10,인천공항,7,"13,29,39,49,59,69,79"
171,08:31,2,2,수서,1,23
171,08:31,3,3,삼성,6,"2,7,42,43,47,62"
171,08:31,4,4,여의도,5,"4,33,36,72,73"
171,08:31,5,5,김포공항,5,"14,22,35,52,61"
171,08:31,6,6,일산,6,"6,11,16,40,46,55"
171,08:31,7,7,판교,3,"3,19,28"
171,08:31,8,8,동탄/용인,2,"38,50"
171,08:31,9,9,평택,7,"1,5,48,58,68,75,78"
172,08:32,1,1,서울역,7,"9,21,25,26,30,44,71"
172,08:32,10,10,인천공항,8,"10,13,29,39,49,59,69,79"
172,08:32,2,2,수서,1,23
172,08:32,3,3,삼성,6,"2,7,42,43,47,62"
172,08:32,4,4,여의도,4,"4,33,72,73"
172,08:32,5,5,김포공항,4,"14,22,52,61"
172,08:32,6,6,일산,7,"6,11,16,40,41,46,55"
172,08:32,7,7,판교,3,"3,19,28"
172,08:32,8,8,동탄/용인,1,50
172,08:32,9,9,평택,7,"1,5,48,58,68,75,78"
173,08:33,1,1,서울역,11,"0,8,9,12,21,25,26,30,44,71,76"
173,08:33,10,10,인천공항,8,"10,13,29,39,49,59,69,79"
173,08:33,2,2,수서,1,23
173,08:33,3,3,삼성,5,"2,7,42,43,62"
173,08:33,4,4,여의도,4,"4,33,72,73"
173,08:33,5,5,김포공항,3,"14,22,61"
173,08:33,6,6,일산,4,"11,16,32,41"
173,08:33,7,7,판교,2,"3,19"
173,08:33,8,8,동탄/용인,1,50
173,08:33,9,9,평택,7,"1,5,48,58,68,75,78"
174,08:34,1,1,서울역,11,"0,8,9,12,21,25,26,30,44,71,76"
174,08:34,10,10,인천공항,8,"10,13,29,39,49,59,69,79"
174,08:34,2,2,수서,2,"23,74"
174,08:34,3,3,삼성,5,"2,7,34,42,62"
174,08:34,4,4,여의도,4,"4,33,72,73"
174,08:34,5,5,김포공항,3,"14,22,61"
174,08:34,6,6,일산,4,"11,16,32,41"
174,08:34,7,7,판교,2,"3,19"
174,08:34,8,8,동탄/용인,2,"24,50"
174,08:34,9,9,평택,7,"1,5,48,58,68,75,78"
175,08:35,1,1,서울역,11,"0,8,9,12,21,25,26,30,44,71,76"
175,08:35,10,10,인천공항,8,"10,13,29,39,49,59,69,79"
175,08:35,2,2,수서,2,"23,74"
175,08:35,3,3,삼성,5,"2,7,34,42,62"
175,08:35,4,4,여의도,5,"4,33,57,72,73"
175,08:35,5,5,김포공항,3,"14,22,61"
175,08:35,6,6,일산,4,"11,16,32,41"
175,08:35,7,7,판교,3,"3,19,77"
175,08:35,8,8,동탄/용인,2,"24,50"
175,08:35,9,9,평택,8,"1,5,48,58,60,68,75,78"
176,08:36,1,1,서울역,11,"0,8,9,21,25,26,30,44,67,71,76"
176,08:36,10,10,인천공항,8,"10,13,29,39,49,59,69,79"
176,08:36,2,2,수서,2,"23,74"
176,08:36,3,3,삼성,6,"2,7,34,42,51,62"
176,08:36,4,4,여의도,5,"4,33,57,72,73"
176,08:36,5,5,김포공항,3,"14,22,61"
176,08:36,6,6,일산,3,"16,32,41"
176,08:36,7,7,판교,2,"3,77"
176,08:36,8,8,동탄/용인,2,"24,50"
176,08:36,9,9,평택,8,"1,5,48,58,60,68,75,78"
177,08:37,1,1,서울역,13,"0,8,9,17,21,25,26,30,44,66,67,71,76"
177,08:37,10,10,인천공항,8,"10,13,29,39,49,59,69,79"
177,08:37,2,2,수서,2,"23,74"
177,08:37,3,3,삼성,8,"2,7,27,34,42,45,51,62"
177,08:37,4,4,여의도,5,"4,33,57,72,73"
177,08:37,5,5,김포공항,3,"14,22,61"
177,08:37,6,6,일산,4,"16,32,37,41"
177,08:37,7,7,판교,3,"3,63,77"
177,08:37,8,8,동탄/용인,2,"24,50"
177,08:37,9,9,평택,8,"1,5,48,58,60,68,75,78"
178,08:38,1,1,서울역,13,"0,8,9,17,21,25,26,30,44,66,67,71,76"
178,08:38,10,10,인천공항,8,"10,13,29,39,49,59,69,79"
178,08:38,2,2,수서,2,"23,74"
178,08:38,3,3,삼성,8,"2,7,27,34,42,45,51,62"
178,08:38,4,4,여의도,5,"4,33,57,72,73"
178,08:38,5,5,김포공항,2,"22,61"
178,08:38,6,6,일산,4,"16,32,37,56"
178,08:38,7,7,판교,3,"3,18,63"
178,08:38,8,8,동탄/용인,2,"24,50"
178,08:38,9,9,평택,8,"1,5,48,58,60,68,75,78"
179,08:39,1,1,서울역,13,"0,8,9,17,21,25,26,30,44,66,67,71,76"
179,08:39,10,10,인천공항,8,"10,13,29,39,49,59,69,79"
179,08:39,2,2,수서,3,"23,64,74"
179,08:39,3,3,삼성,8,"7,27,34,42,45,51,53,62"
179,08:39,4,4,여의도,5,"4,33,57,72,73"
179,08:39,5,5,김포공항,1,22
179,08:39,6,6,일산,5,"16,32,36,37,56"
179,08:39,7,7,판교,4,"3,18,63,70"
179,08:39,8,8,동탄/용인,2,"24,50"
179,08:39,9,9,평택,8,"1,5,48,58,60,68,75,78"
180,08:40,1,1,서울역,9,"6,9,21,30,44,66,67,71,76"
180,08:40,10,10,인천공항,8,"10,13,29,39,49,59,69,79"
180,08:40,2,2,수서,2,"23,64"
180,08:40,3,3,삼성,7,"27,34,35,42,51,53,62"
180,08:40,4,4,여의도,7,"15,28,47,55,57,72,73"
180,08:40,5,5,김포공항,1,22
180,08:40,6,6,일산,5,"16,32,36,37,56"
180,08:40,7,7,판교,4,"3,18,63,70"
180,08:40,8,8,동탄/용인,1,50
180,08:40,9,9,평택,9,"1,5,48,58,60,65,68,75,78"
181,08:41,1,1,서울역,9,"6,9,20,30,44,66,67,71,76"
181,08:41,10,10,인천공항,8,"10,13,29,39,49,59,69,79"
181,08:41,2,2,수서,1,64
181,08:41,3,3,삼성,8,"27,34,35,42,51,52,53,62"
181,08:41,4,4,여의도,8,"15,28,43,47,55,57,72,73"
181,08:41,5,5,김포공항,1,22
181,08:41,6,6,일산,4,"32,36,37,56"
181,08:41,7,7,판교,4,"3,18,63,70"
181,08:41,8,8,동탄/용인,1,50
181,08:41,9,9,평택,10,"1,5,31,48,58,60,65,68,75,78"
182,08:42,1,1,서울역,8,"6,9,20,30,44,66,71,76"
182,08:42,10,10,인천공항,8,"10,13,29,39,49,59,69,79"
182,08:42,2,2,수서,1,64
182,08:42,3,3,삼성,7,"27,34,35,42,52,53,62"
182,08:42,4,4,여의도,8,"15,28,43,47,55,57,72,73"
182,08:42,6,6,일산,4,"32,36,37,56"
182,08:42,7,7,판교,3,"18,63,70"
182,08:42,9,9,평택,10,"1,5,31,48,58,60,65,68,75,78"
183,08:43,1,1,서울역,10,"6,9,11,19,20,30,44,66,71,76"
183,08:43,10,10,인천공항,8,"10,13,29,39,49,59,69,79"
183,08:43,2,2,수서,1,64
183,08:43,3,3,삼성,6,"34,35,40,42,52,53"
183,08:43,4,4,여의도,8,"15,28,43,47,55,57,72,73"
183,08:43,6,6,일산,5,"12,32,36,37,56"
183,08:43,7,7,판교,3,"18,63,70"
183,08:43,9,9,평택,10,"1,5,31,48,58,60,65,68,75,78"
184,08:44,1,1,서울역,10,"6,9,11,19,20,30,44,66,71,76"
184,08:44,10,10,인천공항,8,"10,13,29,39,49,59,69,79"
184,08:44,2,2,수서,1,64
184,08:44,3,3,삼성,5,"34,35,40,42,53"
184,08:44,4,4,여의도,7,"15,28,47,55,57,72,73"
184,08:44,6,6,일산,5,"12,32,36,37,56"
184,08:44,7,7,판교,3,"18,63,70"
184,08:44,9,9,평택,10,"1,5,48,54,58,60,65,68,75,78"
185,08:45,1,1,서울역,11,"2,6,9,11,19,20,30,44,66,71,76"
185,08:45,10,10,인천공항,7,"10,13,39,49,59,69,79"
185,08:45,2,2,수서,1,64
185,08:45,3,3,삼성,5,"34,35,40,42,53"
185,08:45,4,4,여의도,8,"15,28,47,55,57,72,73,77"
185,08:45,6,6,일산,5,"12,32,36,37,56"
185,08:45,7,7,판교,4,"18,46,63,70"
185,08:45,9,9,평택,9,"1,5,48,54,58,60,68,75,78"
186,08:46,1,1,서울역,10,"2,9,11,19,20,30,44,66,71,76"
186,08:46,10,10,인천공항,7,"10,13,39,49,59,69,79"
186,08:46,2,2,수서,1,64
186,08:46,3,3,삼성,7,"14,17,34,35,40,42,53"
186,08:46,4,4,여의도,9,"15,28,47,55,57,72,73,74,77"
186,08:46,5,5,김포공항,2,"4,38"
186,08:46,6,6,일산,5,"12,32,36,37,56"
186,08:46,7,7,판교,4,"18,46,63,70"
186,08:46,9,9,평택,7,"1,5,48,54,60,75,78"
187,08:47,1,1,서울역,8,"2,9,11,19,44,66,71,76"
187,08:47,10,10,인천공항,7,"10,13,39,49,59,69,79"
187,08:47,2,2,수서,1,64
187,08:47,3,3,삼성,7,"14,17,35,40,42,53,61"
187,08:47,4,4,여의도,11,"7,15,23,28,47,55,57,72,73,74,77"
187,08:47,5,5,김포공항,2,"4,38"
187,08:47,6,6,일산,8,"0,8,12,25,26,33,36,37"
187,08:47,7,7,판교,4,"18,46,63,70"
187,08:47,9,9,평택,6,"1,5,48,54,75,78"
188,08:48,1,1,서울역,8,"9,11,16,19,44,66,71,76"
188,08:48,10,10,인천공항,6,"13,39,49,59,69,79"
188,08:48,2,2,수서,1,64
188,08:48,3,3,삼성,8,"14,17,35,40,42,53,61,67"
188,08:48,4,4,여의도,11,"7,15,23,28,47,55,57,72,73,74,77"
188,08:48,5,5,김포공항,2,"4,38"
188,08:48,6,6,일산,8,"0,8,12,21,25,26,33,36"
188,08:48,7,7,판교,4,"18,46,63,70"
188,08:48,9,9,평택,6,"1,5,48,54,75,78"
189,08:49,1,1,서울역,7,"9,11,16,44,66,71,76"
189,08:49,10,10,인천공항,6,"13,39,49,59,69,79"
189,08:49,2,2,수서,1,41
189,08:49,3,3,삼성,5,"35,42,53,61,67"
189,08:49,4,4,여의도,11,"3,7,15,23,28,47,55,57,72,73,77"
189,08:49,5,5,김포공항,1,38
189,08:49,6,6,일산,7,"0,8,21,25,26,33,36"
189,08:49,7,7,판교,4,"18,46,63,70"
189,08:49,9,9,평택,6,"1,5,48,54,75,78"
190,08:50,1,1,서울역,7,"9,11,16,44,66,71,76"
190,08:50,10,10,인천공항,6,"13,39,49,59,69,79"
190,08:50,2,2,수서,1,41
190,08:50,3,3,삼성,5,"22,35,53,61,67"
190,08:50,4,4,여의도,12,"3,7,15,23,28,47,55,57,62,72,73,77"
190,08:50,5,5,김포공항,2,"38,43"
190,08:50,6,6,일산,5,"0,21,25,26,36"
190,08:50,7,7,판교,4,"18,46,63,70"
190,08:50,8,8,동탄/용인,1,31
190,08:50,9,9,평택,6,"1,5,48,54,75,78"
191,08:51,1,1,서울역,7,"9,11,16,44,66,71,76"
191,08:51,10,10,인천공항,6,"13,39,49,59,69,79"
191,08:51,2,2,수서,1,41
191,08:51,3,3,삼성,5,"22,35,53,61,67"
191,08:51,4,4,여의도,12,"3,7,15,23,24,28,47,55,57,62,72,73"
191,08:51,5,5,김포공항,3,"27,38,43"
191,08:51,6,6,일산,4,"0,21,25,26"
191,08:51,7,7,판교,4,"18,46,63,70"
191,08:51,8,8,동탄/용인,2,"31,65"
191,08:51,9,9,평택,6,"1,5,48,54,75,78"
192,08:52,1,1,서울역,6,"9,16,44,66,71,76"
192,08:52,10,10,인천공항,6,"13,39,49,59,69,79"
192,08:52,2,2,수서,3,"14,40,41"
192,08:52,3,3,삼성,4,"22,53,61,67"
192,08:52,4,4,여의도,13,"2,3,7,15,23,24,28,47,55,57,62,72,73"
192,08:52,5,5,김포공항,4,"27,38,43,52"
192,08:52,6,6,일산,4,"0,21,25,26"
192,08:52,7,7,판교,4,"18,46,63,70"
192,08:52,8,8,동탄/용인,3,"31,58,65"
192,08:52,9,9,평택,6,"1,5,48,54,75,78"
193,08:53,1,1,서울역,8,"9,16,34,44,66,71,74,76"
193,08:53,10,10,인천공항,6,"13,39,49,59,69,79"
193,08:53,2,2,수서,3,"14,40,41"
193,08:53,3,3,삼성,4,"22,53,61,67"
193,08:53,4,4,여의도,14,"2,3,7,15,23,24,28,47,50,55,57,62,72,73"
193,08:53,5,5,김포공항,4,"27,38,43,52"
193,08:53,6,6,일산,4,"0,6,21,25"
193,08:53,7,7,판교,4,"18,46,63,70"
193,08:53,8,8,동탄/용인,3,"31,58,65"
193,08:53,9,9,평택,5,"1,5,48,75,78"
194,08:54,1,1,서울역,9,"9,16,34,44,56,66,71,74,76"
194,08:54,10,10,인천공항,6,"13,39,49,59,69,79"
194,08:54,2,2,수서,3,"14,40,41"
194,08:54,3,3,삼성,3,"22,53,61"
194,08:54,4,4,여의도,13,"2,3,7,15,23,28,47,50,55,57,62,72,73"
194,08:54,5,5,김포공항,3,"38,43,52"
194,08:54,6,6,일산,3,"6,25,30"
194,08:54,7,7,판교,4,"18,46,63,70"
194,08:54,8,8,동탄/용인,3,"31,58,65"
194,08:54,9,9,평택,5,"1,5,48,75,78"
195,08:55,1,1,서울역,9,"9,16,34,44,56,66,71,74,76"
195,08:55,10,10,인천공항,6,"13,39,49,59,69,79"
195,08:55,2,2,수서,3,"14,40,41"
195,08:55,3,3,삼성,3,"19,22,61"
195,08:55,4,4,여의도,14,"2,3,7,15,23,28,47,50,55,57,62,64,72,73"
195,08:55,5,5,김포공항,1,43
195,08:55,6,6,일산,3,"6,25,30"
195,08:55,7,7,판교,4,"18,46,63,70"
195,08:55,8,8,동탄/용인,3,"31,58,65"
195,08:55,9,9,평택,6,"1,5,45,48,75,78"
196,08:56,1,1,서울역,10,"9,12,16,34,44,56,66,71,74,76"
196,08:56,10,10,인천공항,6,"13,39,49,59,69,79"
196,08:56,2,2,수서,3,"14,40,41"
196,08:56,3,3,삼성,3,"19,22,61"
196,08:56,4,4,여의도,12,"2,3,7,15,23,28,47,57,62,64,72,73"
196,08:56,6,6,일산,2,"6,30"
196,08:56,7,7,판교,4,"18,46,63,70"
196,08:56,8,8,동탄/용인,3,"31,58,65"
196,08:56,9,9,평택,6,"1,5,45,48,75,78"
197,08:57,1,1,서울역,10,"9,12,16,34,44,56,66,71,74,76"
197,08:57,10,10,인천공항,6,"13,39,49,59,69,79"
197,08:57,2,2,수서,3,"14,40,41"
197,08:57,3,3,삼성,4,"4,19,22,61"
197,08:57,4,4,여의도,14,"2,3,7,8,15,23,28,42,47,57,62,64,72,73"
197,08:57,5,5,김포공항,1,77
197,08:57,6,6,일산,2,"6,30"
197,08:57,7,7,판교,4,"18,46,63,70"
197,08:57,8,8,동탄/용인,3,"31,58,65"
197,08:57,9,9,평택,7,"1,5,45,48,51,75,78"
198,08:58,1,1,서울역,11,"9,12,16,34,35,44,56,66,71,74,76"
198,08:58,10,10,인천공항,6,"13,39,49,59,69,79"
198,08:58,2,2,수서,3,"14,40,41"
198,08:58,3,3,삼성,4,"4,19,22,61"
198,08:58,4,4,여의도,13,"2,3,7,8,15,23,28,42,47,57,62,72,73"
198,08:58,5,5,김포공항,1,77
198,08:58,6,6,일산,2,"6,30"
198,08:58,7,7,판교,4,"18,46,63,70"
198,08:58,8,8,동탄/용인,3,"31,58,65"
198,08:58,9,9,평택,7,"1,5,45,48,51,75,78"
199,08:59,1,1,서울역,11,"9,12,16,34,35,44,56,66,71,74,76"
199,08:59,10,10,인천공항,6,"13,39,49,59,69,79"
199,08:59,2,2,수서,2,"14,41"
199,08:59,3,3,삼성,4,"4,19,22,61"
199,08:59,4,4,여의도,13,"2,3,7,8,15,23,28,42,47,57,62,72,73"
199,08:59,5,5,김포공항,1,77
199,08:59,6,6,일산,2,"11,30"
199,08:59,7,7,판교,4,"18,46,63,70"
199,08:59,8,8,동탄/용인,4,"17,31,58,65"
199,08:59,9,9,평택,6,"1,5,45,48,51,78"
200,09:00,1,1,서울역,9,"12,34,35,44,56,66,71,74,76"
200,09:00,10,10,인천공항,6,"13,39,49,59,69,79"
200,09:00,2,2,수서,2,"14,41"
200,09:00,3,3,삼성,4,"4,19,22,61"
200,09:00,4,4,여의도,8,"2,26,42,47,57,62,72,73"
200,09:00,5,5,김포공항,2,"24,77"
200,09:00,6,6,일산,2,"11,30"
200,09:00,7,7,판교,4,"37,46,63,70"
200,09:00,8,8,동탄/용인,4,"17,31,58,65"
200,09:00,9,9,평택,5,"1,5,48,51,78"
201,09:01,1,1,서울역,10,"0,12,34,35,44,56,66,71,74,76"
201,09:01,10,10,인천공항,6,"13,39,49,59,69,79"
201,09:01,2,2,수서,3,"14,33,41"
201,09:01,3,3,삼성,5,"4,19,22,36,61"
201,09:01,4,4,여의도,8,"2,26,42,47,57,62,72,73"
201,09:01,5,5,김포공항,2,"24,77"
201,09:01,6,6,일산,2,"11,30"
201,09:01,7,7,판교,4,"37,46,63,70"
201,09:01,8,8,동탄/용인,4,"17,31,58,65"
201,09:01,9,9,평택,5,"1,5,48,51,78"
202,09:02,1,1,서울역,11,"0,12,34,35,44,56,64,66,71,74,76"
202,09:02,10,10,인천공항,6,"13,39,49,59,69,79"
202,09:02,2,2,수서,3,"14,33,41"
202,09:02,3,3,삼성,6,"4,19,22,27,36,61"
202,09:02,4,4,여의도,9,"2,26,42,47,53,57,62,72,73"
202,09:02,5,5,김포공항,3,"24,50,77"
202,09:02,6,6,일산,2,"11,30"
202,09:02,7,7,판교,4,"37,46,63,70"
202,09:02,8,8,동탄/용인,3,"17,31,58"
202,09:02,9,9,평택,5,"1,5,48,51,78"
203,09:03,1,1,서울역,10,"0,12,35,44,56,64,66,71,74,76"
203,09:03,10,10,인천공항,6,"13,39,49,59,69,79"
203,09:03,2,2,수서,3,"14,33,38"
203,09:03,3,3,삼성,7,"4,19,22,27,36,52,61"
203,09:03,4,4,여의도,8,"2,42,47,53,57,62,72,73"
203,09:03,5,5,김포공항,3,"24,50,77"
203,09:03,6,6,일산,2,"11,30"
203,09:03,7,7,판교,4,"37,46,63,70"
203,09:03,8,8,동탄/용인,2,"17,31"
203,09:03,9,9,평택,6,"1,5,20,48,51,78"
204,09:04,1,1,서울역,9,"0,12,44,56,64,66,71,74,76"
204,09:04,10,10,인천공항,6,"13,39,49,59,69,79"
204,09:04,2,2,수서,2,"14,38"
204,09:04,3,3,삼성,8,"4,19,21,22,27,36,52,61"
204,09:04,4,4,여의도,8,"2,42,47,53,57,62,72,73"
204,09:04,5,5,김포공항,3,"24,50,77"
204,09:04,6,6,일산,2,"11,30"
204,09:04,7,7,판교,4,"37,46,63,70"
204,09:04,8,8,동탄/용인,2,"17,31"
204,09:04,9,9,평택,7,"1,5,20,29,48,51,78"
205,09:05,1,1,서울역,9,"0,12,44,56,64,66,71,74,76"
205,09:05,10,10,인천공항,6,"13,39,49,59,69,79"
205,09:05,2,2,수서,2,"14,38"
205,09:05,3,3,삼성,8,"4,19,21,22,27,36,52,61"
205,09:05,4,4,여의도,8,"2,40,42,47,57,62,72,73"
205,09:05,5,5,김포공항,3,"24,50,77"
205,09:05,6,6,일산,2,"11,30"
205,09:05,7,7,판교,5,"37,46,54,63,70"
205,09:05,8,8,동탄/용인,2,"17,31"
205,09:05,9,9,평택,7,"1,5,20,29,48,51,78"
206,09:06,1,1,서울역,10,"0,6,12,44,56,64,66,71,74,76"
206,09:06,10,10,인천공항,6,"13,39,49,59,69,79"
206,09:06,2,2,수서,4,"3,7,8,14"
206,09:06,3,3,삼성,11,"4,16,19,21,22,25,27,36,41,52,61"
206,09:06,4,4,여의도,8,"2,40,42,47,57,62,72,73"
206,09:06,5,5,김포공항,3,"15,24,50"
206,09:06,6,6,일산,2,"11,68"
206,09:06,7,7,판교,6,"37,43,46,54,63,70"
206,09:06,8,8,동탄/용인,3,"17,31,45"
206,09:06,9,9,평택,6,"1,20,29,48,51,78"
207,09:07,1,1,서울역,9,"6,12,44,56,64,66,71,74,76"
207,09:07,10,10,인천공항,6,"13,39,49,59,69,79"
207,09:07,2,2,수서,3,"3,7,8"
207,09:07,3,3,삼성,9,"4,16,19,21,25,27,33,41,52"
207,09:07,4,4,여의도,9,"2,18,40,42,47,57,62,72,73"
207,09:07,5,5,김포공항,3,"15,24,50"
207,09:07,6,6,일산,5,"9,11,23,60,68"
207,09:07,7,7,판교,6,"37,43,46,54,63,70"
207,09:07,8,8,동탄/용인,3,"17,31,45"
207,09:07,9,9,평택,8,"1,10,20,29,32,48,51,78"
208,09:08,1,1,서울역,9,"6,12,44,56,64,66,71,74,76"
208,09:08,10,10,인천공항,6,"13,39,49,59,69,79"
208,09:08,2,2,수서,3,"3,7,8"
208,09:08,3,3,삼성,6,"4,16,25,33,41,52"
208,09:08,4,4,여의도,8,"18,40,42,47,57,62,72,73"
208,09:08,5,5,김포공항,3,"15,24,50"
208,09:08,6,6,일산,4,"9,23,60,68"
208,09:08,7,7,판교,6,"37,43,46,54,63,70"
208,09:08,8,8,동탄/용인,3,"17,31,45"
208,09:08,9,9,평택,8,"1,10,20,29,32,48,51,78"
209,09:09,1,1,서울역,9,"6,12,44,56,64,66,71,74,76"
209,09:09,10,10,인천공항,6,"13,39,49,59,69,79"
209,09:09,2,2,수서,2,"3,7"
209,09:09,3,3,삼성,5,"4,25,33,38,52"
209,09:09,4,4,여의도,8,"18,40,42,47,57,62,72,73"
209,09:09,5,5,김포공항,1,50
209,09:09,6,6,일산,4,"9,23,60,68"
209,09:09,7,7,판교,6,"37,43,46,54,63,70"
209,09:09,8,8,동탄/용인,1,17
209,09:09,9,9,평택,9,"1,10,20,29,32,48,51,67,78"
210,09:10,1,1,서울역,9,"6,12,44,56,64,66,71,74,76"
210,09:10,10,10,인천공항,6,"13,39,49,59,69,79"
210,09:10,2,2,수서,2,"3,7"
210,09:10,3,3,삼성,4,"4,25,38,52"
210,09:10,4,4,여의도,8,"18,40,42,47,57,62,72,73"
210,09:10,5,5,김포공항,1,50
210,09:10,6,6,일산,3,"23,60,68"
210,09:10,7,7,판교,7,"26,37,43,46,54,63,70"
210,09:10,8,8,동탄/용인,1,17
210,09:10,9,9,평택,9,"1,10,20,29,32,48,51,67,78"
211,09:11,1,1,서울역,9,"6,12,44,56,64,66,71,74,76"
211,09:11,10,10,인천공항,5,"39,49,59,69,79"
211,09:11,2,2,수서,3,"3,7,21"
211,09:11,3,3,삼성,4,"4,25,38,52"
211,09:11,4,4,여의도,7,"18,42,47,57,62,72,73"
211,09:11,5,5,김포공항,2,"50,53"
211,09:11,6,6,일산,4,"23,35,60,68"
211,09:11,7,7,판교,7,"26,37,43,46,54,63,70"
211,09:11,9,9,평택,10,"1,10,20,29,32,48,51,55,67,78"
212,09:12,1,1,서울역,8,"12,44,56,64,66,71,74,76"
212,09:12,10,10,인천공항,6,"28,39,49,59,69,79"
212,09:12,2,2,수서,1,21
212,09:12,3,3,삼성,3,"4,25,38"
212,09:12,4,4,여의도,7,"18,42,47,57,62,72,73"
212,09:12,5,5,김포공항,2,"50,53"
212,09:12,6,6,일산,3,"23,35,60"
212,09:12,7,7,판교,7,"26,37,43,46,54,63,70"
212,09:12,9,9,평택,10,"1,10,20,29,32,48,51,55,67,78"
213,09:13,1,1,서울역,9,"12,36,44,56,64,66,71,74,76"
213,09:13,10,10,인천공항,6,"28,39,49,59,69,79"
213,09:13,2,2,수서,2,"21,33"
213,09:13,3,3,삼성,3,"4,25,38"
213,09:13,4,4,여의도,9,"14,18,42,47,57,62,65,72,73"
213,09:13,5,5,김포공항,2,"50,53"
213,09:13,6,6,일산,2,"35,60"
213,09:13,7,7,판교,7,"26,37,43,46,54,63,70"
213,09:13,9,9,평택,10,"1,10,20,29,32,48,51,55,67,78"
214,09:14,1,1,서울역,9,"12,36,44,56,64,66,71,74,76"
214,09:14,10,10,인천공항,6,"28,39,49,59,69,79"
214,09:14,2,2,수서,3,"2,21,33"
214,09:14,3,3,삼성,4,"4,25,38,77"
214,09:14,4,4,여의도,11,"14,18,22,42,47,57,61,62,65,72,73"
214,09:14,5,5,김포공항,2,"50,53"
214,09:14,6,6,일산,1,60
214,09:14,7,7,판교,7,"26,37,43,46,54,63,70"
214,09:14,9,9,평택,10,"1,10,20,29,32,48,51,55,67,78"
215,09:15,1,1,서울역,12,"12,36,41,44,56,58,64,66,71,74,75,76"
215,09:15,10,10,인천공항,5,"39,49,59,69,79"
215,09:15,2,2,수서,3,"2,21,33"
215,09:15,3,3,삼성,3,"4,25,77"
215,09:15,4,4,여의도,14,"8,11,14,18,22,27,42,47,57,61,62,65,72,73"
215,09:15,5,5,김포공항,2,"50,53"
215,09:15,6,6,일산,1,60
215,09:15,7,7,판교,6,"26,37,46,54,63,70"
215,09:15,9,9,평택,10,"1,10,20,29,32,48,51,55,67,78"
216,09:16,1,1,서울역,12,"12,36,41,44,56,58,64,66,71,74,75,76"
216,09:16,10,10,인천공항,5,"39,49,59,69,79"
216,09:16,2,2,수서,2,"2,21"
216,09:16,3,3,삼성,4,"4,25,30,77"
216,09:16,4,4,여의도,14,"8,11,14,18,22,27,42,47,57,61,62,65,72,73"
216,09:16,5,5,김포공항,2,"50,53"
216,09:16,7,7,판교,6,"26,37,46,54,63,70"
216,09:16,9,9,평택,10,"1,10,20,29,32,48,51,55,67,78"
217,09:17,1,1,서울역,12,"12,36,41,44,56,58,64,66,71,74,75,76"
217,09:17,10,10,인천공항,5,"39,49,59,69,79"
217,09:17,2,2,수서,1,2
217,09:17,3,3,삼성,5,"4,24,25,30,77"
217,09:17,4,4,여의도,15,"8,9,11,14,18,22,27,42,47,57,61,62,65,72,73"
217,09:17,5,5,김포공항,2,"50,53"
217,09:17,7,7,판교,6,"26,37,46,54,63,70"
217,09:17,9,9,평택,10,"1,10,20,29,32,48,51,55,67,78"
218,09:18,1,1,서울역,12,"12,36,41,44,56,58,64,66,71,74,75,76"
218,09:18,10,10,인천공항,5,"39,49,59,69,79"
218,09:18,2,2,수서,1,2
218,09:18,3,3,삼성,5,"4,24,25,30,77"
218,09:18,4,4,여의도,17,"3,7,8,9,11,14,18,22,27,42,47,57,61,62,65,72,73"
218,09:18,5,5,김포공항,2,"50,53"
218,09:18,6,6,일산,1,40
218,09:18,7,7,판교,7,"5,26,37,46,54,63,70"
218,09:18,9,9,평택,10,"1,10,20,29,32,48,51,55,67,78"
219,09:19,1,1,서울역,12,"12,41,44,56,58,64,66,68,71,74,75,76"
219,09:19,10,10,인천공항,5,"39,49,59,69,79"
219,09:19,2,2,수서,2,"2,31"
219,09:19,3,3,삼성,5,"4,24,25,30,77"
219,09:19,4,4,여의도,17,"3,7,8,9,11,14,18,22,27,42,47,52,57,61,62,72,73"
219,09:19,5,5,김포공항,2,"50,53"
219,09:19,6,6,일산,1,40
219,09:19,7,7,판교,9,"5,6,15,26,37,46,54,63,70"
219,09:19,8,8,동탄/용인,2,"0,16"
219,09:19,9,9,평택,10,"10,20,29,32,34,48,51,55,67,78"
220,09:20,1,1,서울역,11,"41,44,56,58,64,66,68,71,74,75,76"
220,09:20,10,10,인천공항,5,"39,49,59,69,79"
220,09:20,2,2,수서,1,31
220,09:20,3,3,삼성,4,"4,24,30,77"
220,09:20,4,4,여의도,17,"3,7,8,9,11,14,18,22,27,42,47,52,57,61,62,72,73"
220,09:20,5,5,김포공항,2,"50,53"
220,09:20,6,6,일산,1,40
220,09:20,7,7,판교,9,"5,6,15,26,37,46,54,63,70"
220,09:20,8,8,동탄/용인,2,"0,16"
220,09:20,9,9,평택,10,"10,20,29,32,34,48,51,55,67,78"
221,09:21,1,1,서울역,9,"44,45,56,64,66,68,71,74,76"
221,09:21,10,10,인천공항,5,"39,49,59,69,79"
221,09:21,2,2,수서,2,"17,31"
221,09:21,3,3,삼성,4,"4,24,30,77"
221,09:21,4,4,여의도,17,"3,7,8,9,11,14,18,22,27,42,47,52,57,61,62,72,73"
221,09:21,5,5,김포공항,2,"50,53"
221,09:21,6,6,일산,1,40
221,09:21,7,7,판교,8,"6,15,26,37,46,54,63,70"
221,09:21,8,8,동탄/용인,2,"0,16"
221,09:21,9,9,평택,10,"10,20,29,32,34,48,51,55,67,78"
222,09:22,1,1,서울역,8,"44,45,56,64,66,71,74,76"
222,09:22,10,10,인천공항,5,"39,49,59,69,79"
222,09:22,2,2,수서,2,"17,31"
222,09:22,3,3,삼성,4,"4,24,30,77"
222,09:22,4,4,여의도,20,"3,7,8,9,11,14,18,22,27,33,38,42,43,47,52,57,61,62,72,73"
222,09:22,5,5,김포공항,1,50
222,09:22,6,6,일산,1,40
222,09:22,7,7,판교,8,"6,15,26,37,46,54,63,70"
222,09:22,8,8,동탄/용인,2,"0,16"
222,09:22,9,9,평택,10,"10,20,29,32,34,48,51,55,67,78"
223,09:23,1,1,서울역,9,"44,45,56,60,64,66,71,74,76"
223,09:23,10,10,인천공항,5,"39,49,59,69,79"
223,09:23,2,2,수서,3,"17,25,31"
223,09:23,3,3,삼성,4,"4,23,30,77"
223,09:23,4,4,여의도,19,"3,7,8,11,18,21,22,27,33,38,42,43,47,52,57,61,62,72,73"
223,09:23,5,5,김포공항,1,50
223,09:23,6,6,일산,1,40
223,09:23,7,7,판교,8,"6,15,26,37,46,54,63,70"
223,09:23,8,8,동탄/용인,2,"0,16"
223,09:23,9,9,평택,11,"10,19,20,29,32,34,48,51,55,67,78"
224,09:24,1,1,서울역,9,"44,45,56,60,64,66,71,74,76"
224,09:24,10,10,인천공항,4,"49,59,69,79"
224,09:24,2,2,수서,3,"17,25,31"
224,09:24,3,3,삼성,4,"4,23,30,77"
224,09:24,4,4,여의도,19,"3,7,8,11,18,21,22,27,33,38,42,43,47,52,57,61,62,72,73"
224,09:24,5,5,김포공항,1,50
224,09:24,6,6,일산,1,40
224,09:24,7,7,판교,8,"6,15,26,37,46,54,63,70"
224,09:24,8,8,동탄/용인,2,"0,16"
224,09:24,9,9,평택,11,"10,19,20,29,32,34,48,51,55,67,78"
225,09:25,1,1,서울역,9,"44,45,56,60,64,66,71,74,76"
225,09:25,10,10,인천공항,4,"49,59,69,79"
225,09:25,2,2,수서,2,"17,25"
225,09:25,3,3,삼성,3,"4,23,77"
225,09:25,4,4,여의도,19,"3,7,8,11,18,21,22,27,33,38,42,43,47,52,57,61,62,72,73"
225,09:25,5,5,김포공항,2,"50,65"
225,09:25,6,6,일산,1,40
225,09:25,7,7,판교,8,"6,15,26,37,46,54,63,70"
225,09:25,8,8,동탄/용인,2,"0,16"
225,09:25,9,9,평택,11,"10,19,20,29,32,34,48,51,55,67,78"
226,09:26,1,1,서울역,9,"44,45,56,60,64,66,71,74,76"
226,09:26,10,10,인천공항,4,"49,59,69,79"
226,09:26,2,2,수서,2,"17,24"
226,09:26,3,3,삼성,3,"13,23,77"
226,09:26,4,4,여의도,18,"3,7,8,11,18,22,27,33,38,42,43,47,52,57,61,62,72,73"
226,09:26,5,5,김포공항,2,"50,65"
226,09:26,6,6,일산,1,40
226,09:26,7,7,판교,9,"2,6,15,26,37,46,54,63,70"
226,09:26,8,8,동탄/용인,2,"0,16"
226,09:26,9,9,평택,11,"10,19,20,29,32,34,48,51,55,67,78"
227,09:27,1,1,서울역,9,"44,45,56,60,64,66,71,74,76"
227,09:27,10,10,인천공항,4,"49,59,69,79"
227,09:27,2,2,수서,3,"5,17,24"
227,09:27,3,3,삼성,5,"13,23,41,58,77"
227,09:27,4,4,여의도,17,"3,7,11,18,22,27,33,38,42,43,47,52,57,61,62,72,73"
227,09:27,5,5,김포공항,2,"50,65"
227,09:27,6,6,일산,1,12
227,09:27,7,7,판교,9,"2,6,15,26,37,46,54,63,70"
227,09:27,8,8,동탄/용인,1,16
227,09:27,9,9,평택,11,"10,19,20,29,32,34,48,51,55,67,78"
228,09:28,1,1,서울역,9,"44,45,56,60,64,66,71,74,76"
228,09:28,10,10,인천공항,4,"49,59,69,79"
228,09:28,2,2,수서,3,"5,17,24"
228,09:28,3,3,삼성,5,"13,23,41,58,77"
228,09:28,4,4,여의도,17,"3,7,11,18,22,27,33,38,42,43,47,52,57,61,62,72,73"
228,09:28,5,5,김포공항,2,"50,65"
228,09:28,6,6,일산,2,"12,75"
228,09:28,7,7,판교,9,"2,6,15,26,37,46,54,63,70"
228,09:28,8,8,동탄/용인,1,16
228,09:28,9,9,평택,11,"10,19,20,29,32,34,48,51,55,67,78"
229,09:29,1,1,서울역,9,"44,45,56,60,64,66,71,74,76"
229,09:29,10,10,인천공항,4,"49,59,69,79"
229,09:29,2,2,수서,3,"5,14,17"
229,09:29,3,3,삼성,5,"13,23,41,58,77"
229,09:29,4,4,여의도,17,"3,7,11,18,22,27,33,38,42,43,47,52,57,61,62,72,73"
229,09:29,5,5,김포공항,1,65
229,09:29,6,6,일산,2,"12,75"
229,09:29,7,7,판교,8,"6,15,26,37,46,54,63,70"
229,09:29,9,9,평택,11,"10,19,20,29,32,34,48,51,55,67,78"
230,09:30,1,1,서울역,10,"21,44,45,56,60,64,66,71,74,76"
230,09:30,10,10,인천공항,4,"49,59,69,79"
230,09:30,2,2,수서,3,"5,14,53"
230,09:30,3,3,삼성,4,"13,23,41,77"
230,09:30,4,4,여의도,16,"7,11,18,22,27,33,38,42,43,47,52,57,61,62,72,73"
230,09:30,5,5,김포공항,1,65
230,09:30,6,6,일산,2,"12,75"
230,09:30,7,7,판교,9,"6,9,15,26,37,46,54,63,70"
230,09:30,9,9,평택,11,"10,19,20,29,32,34,48,51,55,67,78"
231,09:31,1,1,서울역,10,"21,44,45,56,60,64,66,71,74,76"
231,09:31,10,10,인천공항,4,"49,59,69,79"
231,09:31,2,2,수서,3,"5,14,53"
231,09:31,3,3,삼성,4,"13,23,41,77"
231,09:31,4,4,여의도,17,"7,11,18,22,27,31,33,38,42,43,47,52,57,61,62,72,73"
231,09:31,5,5,김포공항,1,65
231,09:31,6,6,일산,2,"12,75"
231,09:31,7,7,판교,10,"1,6,9,15,26,37,46,54,63,70"
231,09:31,9,9,평택,11,"10,19,20,29,32,34,48,51,55,67,78"
232,09:32,1,1,서울역,10,"21,44,45,56,60,64,66,71,74,76"
232,09:32,10,10,인천공항,5,"36,49,59,69,79"
232,09:32,2,2,수서,3,"5,14,53"
232,09:32,3,3,삼성,3,"13,41,77"
232,09:32,4,4,여의도,18,"7,11,18,22,27,30,31,33,38,42,43,47,52,57,61,62,72,73"
232,09:32,5,5,김포공항,1,65
232,09:32,6,6,일산,2,"12,75"
232,09:32,7,7,판교,8,"1,9,26,37,46,54,63,70"
232,09:32,9,9,평택,10,"10,20,29,32,34,48,51,55,67,78"
233,09:33,1,1,서울역,11,"21,25,44,45,56,60,64,66,71,74,76"
233,09:33,10,10,인천공항,5,"36,49,59,69,79"
233,09:33,2,2,수서,3,"5,14,58"
233,09:33,3,3,삼성,2,"13,77"
233,09:33,4,4,여의도,19,"4,7,11,18,22,27,30,31,33,38,42,43,47,52,57,61,62,72,73"
233,09:33,5,5,김포공항,1,65
233,09:33,6,6,일산,1,75
233,09:33,7,7,판교,8,"1,9,26,37,46,54,63,70"
233,09:33,9,9,평택,10,"10,20,29,32,34,48,51,55,67,78"
234,09:34,1,1,서울역,11,"21,25,44,45,56,60,64,66,71,74,76"
234,09:34,10,10,인천공항,5,"36,49,59,69,79"
234,09:34,2,2,수서,3,"5,14,58"
234,09:34,3,3,삼성,2,"13,77"
234,09:34,4,4,여의도,19,"4,7,11,18,22,27,30,31,33,38,42,43,47,52,57,61,62,72,73"
234,09:34,5,5,김포공항,1,65
234,09:34,7,7,판교,8,"8,9,26,37,46,54,63,70"
234,09:34,8,8,동탄/용인,1,68
234,09:34,9,9,평택,12,"10,20,28,29,32,34,35,48,51,55,67,78"
235,09:35,1,1,서울역,11,"21,25,44,45,56,60,64,66,71,74,76"
235,09:35,10,10,인천공항,5,"36,49,59,69,79"
235,09:35,2,2,수서,3,"5,14,58"
235,09:35,3,3,삼성,2,"13,77"
235,09:35,4,4,여의도,20,"4,7,11,18,22,27,30,31,33,38,42,43,47,50,52,57,61,62,72,73"
235,09:35,5,5,김포공항,1,65
235,09:35,7,7,판교,8,"8,9,26,37,46,54,63,70"
235,09:35,8,8,동탄/용인,1,68
235,09:35,9,9,평택,12,"10,20,28,29,32,34,35,48,51,55,67,78"
236,09:36,1,1,서울역,11,"24,25,44,45,56,60,64,66,71,74,76"
236,09:36,10,10,인천공항,5,"36,49,59,69,79"
236,09:36,2,2,수서,1,14
236,09:36,3,3,삼성,2,"13,77"
236,09:36,4,4,여의도,21,"2,4,7,11,17,18,22,27,30,31,33,38,42,43,47,50,57,61,62,72,73"
236,09:36,5,5,김포공항,1,65
236,09:36,7,7,판교,8,"8,9,26,37,46,54,63,70"
236,09:36,8,8,동탄/용인,1,68
236,09:36,9,9,평택,11,"10,20,28,29,32,35,48,51,55,67,78"
237,09:37,1,1,서울역,11,"24,25,44,45,56,60,64,66,71,74,76"
237,09:37,10,10,인천공항,5,"36,49,59,69,79"
237,09:37,2,2,수서,1,14
237,09:37,3,3,삼성,3,"13,40,77"
237,09:37,4,4,여의도,21,"2,4,7,11,17,18,22,27,30,31,33,38,42,43,47,50,57,61,62,72,73"
237,09:37,5,5,김포공항,1,65
237,09:37,7,7,판교,9,"3,8,9,26,37,46,54,63,70"
237,09:37,8,8,동탄/용인,1,68
237,09:37,9,9,평택,11,"10,20,28,29,32,35,48,51,55,67,78"
238,09:38,1,1,서울역,11,"24,25,44,45,56,60,64,66,71,74,76"
238,09:38,10,10,인천공항,5,"36,49,59,69,79"
238,09:38,3,3,삼성,2,"40,77"
238,09:38,4,4,여의도,20,"2,4,7,11,17,18,22,27,30,31,33,38,42,43,47,57,61,62,72,73"
238,09:38,5,5,김포공항,1,65
238,09:38,7,7,판교,9,"3,8,9,26,37,46,54,63,70"
238,09:38,8,8,동탄/용인,1,68
238,09:38,9,9,평택,11,"10,20,28,29,32,35,48,51,55,67,78"
239,09:39,1,1,서울역,13,"0,6,24,25,44,45,56,60,64,66,71,74,76"
239,09:39,10,10,인천공항,5,"36,49,59,69,79"
239,09:39,2,2,수서,1,16
239,09:39,3,3,삼성,2,"40,77"
239,09:39,4,4,여의도,21,"2,4,7,11,15,17,18,22,27,30,31,33,38,42,43,47,57,61,62,72,73"
239,09:39,5,5,김포공항,1,65
239,09:39,7,7,판교,10,"3,8,9,26,37,46,53,54,63,70"
239,09:39,8,8,동탄/용인,1,68
239,09:39,9,9,평택,11,"10,20,28,29,32,35,48,51,55,67,78"
240,09:40,1,1,서울역,12,"0,6,12,24,25,44,45,56,66,71,74,76"
240,09:40,10,10,인천공항,4,"36,49,69,79"
240,09:40,2,2,수서,2,"1,16"
240,09:40,3,3,삼성,2,"40,77"
240,09:40,4,4,여의도,15,"2,15,17,18,27,30,33,38,41,42,57,61,62,72,73"
240,09:40,5,5,김포공항,1,65
240,09:40,7,7,판교,6,"9,37,53,54,63,70"
240,09:40,8,8,동탄/용인,1,68
240,09:40,9,9,평택,10,"10,28,29,32,35,48,51,55,67,78"
241,09:41,1,1,서울역,10,"0,6,12,44,45,56,66,71,74,76"
241,09:41,10,10,인천공항,4,"36,49,69,79"
241,09:41,2,2,수서,2,"1,16"
241,09:41,3,3,삼성,2,"40,77"
241,09:41,4,4,여의도,15,"2,15,17,18,27,30,33,38,41,42,57,61,62,72,73"
241,09:41,5,5,김포공항,1,65
241,09:41,7,7,판교,5,"9,53,54,63,70"
241,09:41,8,8,동탄/용인,1,68
241,09:41,9,9,평택,10,"10,28,29,32,35,48,51,55,67,78"
242,09:42,1,1,서울역,9,"0,12,44,45,56,66,71,74,76"
242,09:42,10,10,인천공항,4,"36,49,69,79"
242,09:42,2,2,수서,3,"1,16,52"
242,09:42,3,3,삼성,2,"40,77"
242,09:42,4,4,여의도,17,"2,5,15,17,18,27,30,33,38,41,42,57,58,61,62,72,73"
242,09:42,5,5,김포공항,1,65
242,09:42,7,7,판교,5,"9,53,54,63,70"
242,09:42,8,8,동탄/용인,1,68
242,09:42,9,9,평택,10,"10,28,29,32,35,48,51,55,67,78"
243,09:43,1,1,서울역,8,"0,12,44,45,66,71,74,76"
243,09:43,10,10,인천공항,4,"36,49,69,79"
243,09:43,2,2,수서,3,"1,16,52"
243,09:43,3,3,삼성,2,"40,77"
243,09:43,4,4,여의도,16,"2,5,15,18,27,30,33,38,41,42,57,58,61,62,72,73"
243,09:43,5,5,김포공항,1,65
243,09:43,7,7,판교,5,"9,53,54,63,70"
243,09:43,9,9,평택,11,"10,28,29,32,35,39,48,51,55,67,78"
244,09:44,1,1,서울역,8,"0,12,44,45,66,71,74,76"
244,09:44,10,10,인천공항,4,"36,49,69,79"
244,09:44,2,2,수서,3,"1,16,52"
244,09:44,3,3,삼성,2,"40,77"
244,09:44,4,4,여의도,15,"2,5,14,15,18,30,38,41,42,57,58,61,62,72,73"
244,09:44,5,5,김포공항,1,65
244,09:44,7,7,판교,6,"9,19,53,54,63,70"
244,09:44,9,9,평택,10,"10,29,32,35,39,48,51,55,67,78"
245,09:45,1,1,서울역,7,"0,12,45,66,71,74,76"
245,09:45,10,10,인천공항,4,"36,49,69,79"
245,09:45,2,2,수서,2,"1,52"
245,09:45,3,3,삼성,3,"40,50,77"
245,09:45,4,4,여의도,16,"2,5,13,14,15,18,30,38,41,42,57,58,61,62,72,73"
245,09:45,5,5,김포공항,1,65
245,09:45,7,7,판교,6,"9,19,53,54,63,70"
245,09:45,9,9,평택,10,"10,29,32,35,39,48,51,55,67,78"
246,09:46,1,1,서울역,7,"0,12,45,66,71,74,76"
246,09:46,10,10,인천공항,3,"49,69,79"
246,09:46,2,2,수서,3,"4,31,52"
246,09:46,3,3,삼성,4,"40,50,64,77"
246,09:46,4,4,여의도,15,"2,5,13,14,15,30,38,41,42,57,58,61,62,72,73"
246,09:46,5,5,김포공항,3,"11,22,65"
246,09:46,7,7,판교,7,"9,19,53,54,63,70,75"
246,09:46,9,9,평택,10,"10,29,32,35,39,48,51,55,67,78"
247,09:47,1,1,서울역,8,"0,8,12,45,66,71,74,76"
247,09:47,10,10,인천공항,3,"49,69,79"
247,09:47,2,2,수서,4,"4,31,37,52"
247,09:47,3,3,삼성,8,"7,25,26,40,43,50,64,77"
247,09:47,4,4,여의도,15,"2,5,13,14,15,30,38,41,42,57,58,61,62,72,73"
247,09:47,5,5,김포공항,3,"11,22,65"
247,09:47,6,6,일산,2,"47,60"
247,09:47,7,7,판교,7,"9,19,53,54,63,70,75"
247,09:47,8,8,동탄/용인,1,46
247,09:47,9,9,평택,11,"10,23,29,32,35,39,48,51,55,67,78"
248,09:48,1,1,서울역,9,"0,8,12,33,45,66,71,74,76"
248,09:48,10,10,인천공항,3,"49,69,79"
248,09:48,2,2,수서,4,"4,31,37,52"
248,09:48,3,3,삼성,9,"7,16,25,26,40,43,50,64,77"
248,09:48,4,4,여의도,15,"2,5,13,14,15,30,38,41,42,57,58,61,62,72,73"
248,09:48,5,5,김포공항,3,"11,22,65"
248,09:48,6,6,일산,2,"47,60"
248,09:48,7,7,판교,8,"9,19,24,53,54,63,70,75"
248,09:48,8,8,동탄/용인,1,46
248,09:48,9,9,평택,11,"10,23,29,32,35,39,48,51,55,67,78"
249,09:49,1,1,서울역,9,"0,8,12,33,45,66,71,74,76"
249,09:49,10,10,인천공항,3,"49,69,79"
249,09:49,2,2,수서,3,"31,37,52"
249,09:49,3,3,삼성,8,"7,16,25,26,40,43,50,77"
249,09:49,4,4,여의도,13,"2,13,14,15,38,41,42,57,58,61,62,72,73"
249,09:49,5,5,김포공항,1,65
249,09:49,6,6,일산,3,"6,47,60"
249,09:49,7,7,판교,8,"9,19,24,53,54,63,70,75"
249,09:49,8,8,동탄/용인,1,46
249,09:49,9,9,평택,11,"10,23,29,32,35,39,48,51,55,67,78"
250,09:50,1,1,서울역,9,"0,8,12,33,45,66,71,74,76"
250,09:50,10,10,인천공항,3,"49,69,79"
250,09:50,2,2,수서,3,"31,52,56"
250,09:50,3,3,삼성,4,"16,40,50,77"
250,09:50,4,4,여의도,12,"2,13,14,15,41,42,57,58,61,62,72,73"
250,09:50,5,5,김포공항,1,65
250,09:50,6,6,일산,3,"6,17,47"
250,09:50,7,7,판교,8,"9,19,24,53,54,63,70,75"
250,09:50,8,8,동탄/용인,1,46
250,09:50,9,9,평택,11,"10,23,29,32,35,39,48,51,55,67,78"
251,09:51,1,1,서울역,8,"0,8,12,45,66,71,74,76"
251,09:51,10,10,인천공항,3,"49,69,79"
251,09:51,2,2,수서,3,"31,52,56"
251,09:51,3,3,삼성,4,"40,44,50,77"
251,09:51,4,4,여의도,12,"2,13,14,15,41,42,57,58,61,62,72,73"
251,09:51,6,6,일산,4,"6,17,27,47"
251,09:51,7,7,판교,6,"9,19,53,54,63,70"
251,09:51,8,8,동탄/용인,1,46
251,09:51,9,9,평택,11,"10,23,29,32,35,39,48,51,55,67,78"
252,09:52,1,1,서울역,8,"0,8,12,45,66,71,74,76"
252,09:52,10,10,인천공항,2,"69,79"
252,09:52,2,2,수서,3,"31,52,56"
252,09:52,3,3,삼성,4,"40,44,50,77"
252,09:52,4,4,여의도,14,"1,2,13,14,15,41,42,57,58,59,61,62,72,73"
252,09:52,6,6,일산,4,"6,17,27,47"
252,09:52,7,7,판교,6,"9,19,53,54,63,70"
252,09:52,8,8,동탄/용인,1,46
252,09:52,9,9,평택,12,"3,10,21,23,29,32,35,48,51,55,67,78"
253,09:53,1,1,서울역,8,"0,8,12,45,66,71,74,76"
253,09:53,10,10,인천공항,2,"69,79"
253,09:53,2,2,수서,3,"31,52,68"
253,09:53,3,3,삼성,5,"18,40,44,50,77"
253,09:53,4,4,여의도,13,"1,2,13,14,41,42,57,58,59,61,62,72,73"
253,09:53,6,6,일산,2,"6,27"
253,09:53,7,7,판교,6,"9,19,53,54,63,70"
253,09:53,8,8,동탄/용인,1,46
253,09:53,9,9,평택,12,"3,10,21,23,29,32,35,48,51,55,67,78"
254,09:54,1,1,서울역,8,"0,8,12,45,66,71,74,76"
254,09:54,10,10,인천공항,2,"69,79"
254,09:54,2,2,수서,3,"31,52,68"
254,09:54,3,3,삼성,5,"18,40,44,50,77"
254,09:54,4,4,여의도,13,"1,2,13,14,41,42,57,58,59,61,62,72,73"
254,09:54,6,6,일산,2,"6,27"
254,09:54,7,7,판교,6,"9,19,53,54,63,70"
254,09:54,8,8,동탄/용인,1,46
254,09:54,9,9,평택,12,"3,10,21,23,29,32,35,48,51,55,67,78"
255,09:55,1,1,서울역,8,"0,8,12,45,66,71,74,76"
255,09:55,10,10,인천공항,2,"69,79"
255,09:55,2,2,수서,3,"5,52,68"
255,09:55,3,3,삼성,5,"18,40,44,50,77"
255,09:55,4,4,여의도,15,"1,2,4,13,14,20,41,42,57,58,59,61,62,72,73"
255,09:55,5,5,김포공항,1,30
255,09:55,6,6,일산,2,"6,27"
255,09:55,7,7,판교,6,"9,19,53,54,63,70"
255,09:55,8,8,동탄/용인,1,46
255,09:55,9,9,평택,12,"3,10,21,23,29,32,35,48,51,55,67,78"
256,09:56,1,1,서울역,8,"0,8,12,45,66,71,74,76"
256,09:56,10,10,인천공항,2,"69,79"
256,09:56,2,2,수서,3,"5,52,68"
256,09:56,3,3,삼성,5,"18,40,44,50,77"
256,09:56,4,4,여의도,17,"1,2,4,13,14,20,37,41,42,57,58,59,61,62,64,72,73"
256,09:56,5,5,김포공항,1,30
256,09:56,6,6,일산,2,"27,34"
256,09:56,7,7,판교,7,"9,19,28,53,54,63,70"
256,09:56,9,9,평택,12,"3,10,21,23,29,32,35,48,51,55,67,78"
257,09:57,1,1,서울역,9,"0,8,12,16,45,66,71,74,76"
257,09:57,10,10,인천공항,2,"69,79"
257,09:57,2,2,수서,3,"5,52,68"
257,09:57,3,3,삼성,6,"11,18,40,44,50,77"
257,09:57,4,4,여의도,20,"1,2,4,7,13,14,20,26,37,41,42,43,57,58,59,61,62,64,72,73"
257,09:57,5,5,김포공항,1,30
257,09:57,6,6,일산,2,"34,38"
257,09:57,7,7,판교,7,"9,19,28,53,54,63,70"
257,09:57,9,9,평택,12,"3,10,21,23,29,32,35,48,51,55,67,78"
258,09:58,1,1,서울역,10,"0,8,12,16,24,45,66,71,74,76"
258,09:58,10,10,인천공항,2,"69,79"
258,09:58,2,2,수서,3,"5,52,68"
258,09:58,3,3,삼성,6,"11,18,40,44,50,77"
258,09:58,4,4,여의도,19,"1,2,4,7,13,14,26,37,41,42,43,57,58,59,61,62,64,72,73"
258,09:58,5,5,김포공항,1,30
258,09:58,6,6,일산,2,"34,38"
258,09:58,7,7,판교,8,"9,19,28,33,53,54,63,70"
258,09:58,8,8,동탄/용인,1,75
258,09:58,9,9,평택,12,"3,10,21,23,29,32,35,48,51,55,67,78"
259,09:59,1,1,서울역,11,"0,8,12,16,24,36,45,66,71,74,76"
259,09:59,10,10,인천공항,2,"69,79"
259,09:59,2,2,수서,3,"5,15,68"
259,09:59,3,3,삼성,7,"11,18,40,44,50,65,77"
259,09:59,4,4,여의도,20,"1,2,4,7,13,14,26,37,41,42,43,56,57,58,59,61,62,64,72,73"
259,09:59,5,5,김포공항,1,30
259,09:59,6,6,일산,2,"34,38"
259,09:59,7,7,판교,9,"9,19,22,28,33,53,54,63,70"
259,09:59,8,8,동탄/용인,1,75
259,09:59,9,9,평택,12,"3,10,21,23,29,32,35,48,51,55,67,78"
260,10:00,1,1,서울역,7,"8,16,24,36,66,71,76"
260,10:00,10,10,인천공항,2,"69,79"
260,10:00,2,2,수서,3,"5,15,68"
260,10:00,3,3,삼성,5,"11,18,60,65,77"
260,10:00,4,4,여의도,16,"1,2,4,13,14,26,37,41,42,43,56,57,58,59,61,62"
260,10:00,5,5,김포공항,1,30
260,10:00,6,6,일산,3,"25,34,38"
260,10:00,7,7,판교,6,"9,19,22,33,54,70"
260,10:00,8,8,동탄/용인,1,75
260,10:00,9,9,평택,10,"3,10,21,23,32,35,48,51,55,78"
261,10:01,1,1,서울역,6,"8,24,36,66,71,76"
261,10:01,10,10,인천공항,2,"69,79"
261,10:01,2,2,수서,2,"15,68"
261,10:01,3,3,삼성,5,"11,18,60,65,77"
261,10:01,4,4,여의도,14,"1,2,13,14,26,37,41,42,43,56,57,58,61,62"
261,10:01,5,5,김포공항,1,30
261,10:01,6,6,일산,3,"25,34,38"
261,10:01,7,7,판교,6,"9,19,22,33,54,70"
261,10:01,8,8,동탄/용인,1,75
261,10:01,9,9,평택,9,"3,10,21,23,32,35,48,55,78"
262,10:02,1,1,서울역,7,"8,24,31,36,66,71,76"
262,10:02,10,10,인천공항,2,"69,79"
262,10:02,2,2,수서,2,"15,68"
262,10:02,3,3,삼성,5,"11,18,60,65,77"
262,10:02,4,4,여의도,11,"1,2,13,14,26,37,41,42,43,58,61"
262,10:02,5,5,김포공항,1,30
262,10:02,6,6,일산,3,"25,34,38"
262,10:02,7,7,판교,6,"9,19,22,33,54,70"
262,10:02,8,8,동탄/용인,1,75
262,10:02,9,9,평택,9,"3,10,21,23,32,35,48,55,78"
263,10:03,1,1,서울역,6,"6,8,24,31,36,66"
263,10:03,10,10,인천공항,2,"69,79"
263,10:03,2,2,수서,3,"15,40,68"
263,10:03,3,3,삼성,4,"18,60,65,77"
263,10:03,4,4,여의도,9,"1,2,13,14,26,41,42,43,61"
263,10:03,5,5,김포공항,1,30
263,10:03,6,6,일산,3,"25,34,38"
263,10:03,7,7,판교,6,"9,19,22,33,54,70"
263,10:03,8,8,동탄/용인,1,75
263,10:03,9,9,평택,9,"3,10,21,23,32,35,48,55,78"
264,10:04,1,1,서울역,7,"6,8,24,27,31,36,66"
264,10:04,10,10,인천공항,2,"69,79"
264,10:04,2,2,수서,5,"15,17,20,40,68"
264,10:04,3,3,삼성,4,"18,60,65,77"
264,10:04,4,4,여의도,9,"0,1,2,13,14,26,41,42,43"
264,10:04,5,5,김포공항,1,30
264,10:04,6,6,일산,3,"25,34,38"
264,10:04,7,7,판교,6,"9,19,22,33,54,70"
264,10:04,8,8,동탄/용인,1,75
264,10:04,9,9,평택,9,"3,10,21,23,32,35,48,55,78"
265,10:05,1,1,서울역,6,"6,8,27,31,36,66"
265,10:05,10,10,인천공항,2,"69,79"
265,10:05,2,2,수서,5,"15,17,20,40,68"
265,10:05,3,3,삼성,4,"18,60,65,77"
265,10:05,4,4,여의도,10,"0,1,2,13,14,26,41,42,43,52"
265,10:05,5,5,김포공항,1,30
265,10:05,6,6,일산,3,"25,34,38"
265,10:05,7,7,판교,7,"9,19,22,33,47,54,70"
265,10:05,8,8,동탄/용인,1,75
265,10:05,9,9,평택,9,"3,10,21,23,32,35,48,55,78"
266,10:06,1,1,서울역,4,"6,8,27,31"
266,10:06,10,10,인천공항,2,"69,79"
266,10:06,2,2,수서,7,"7,15,17,20,46,63,68"
266,10:06,3,3,삼성,3,"60,65,77"
266,10:06,4,4,여의도,10,"0,1,2,13,14,26,41,42,43,52"
266,10:06,5,5,김포공항,3,"30,72,73"
266,10:06,6,6,일산,2,"25,34"
266,10:06,7,7,판교,6,"9,19,22,33,47,70"
266,10:06,8,8,동탄/용인,2,"29,75"
266,10:06,9,9,평택,9,"3,10,21,23,32,35,48,55,78"
267,10:07,1,1,서울역,5,"6,8,27,28,31"
267,10:07,10,10,인천공항,2,"69,79"
267,10:07,2,2,수서,8,"4,7,15,17,20,46,63,68"
267,10:07,3,3,삼성,4,"16,60,65,77"
267,10:07,4,4,여의도,12,"1,2,5,13,14,26,41,42,43,44,50,52"
267,10:07,5,5,김포공항,3,"30,72,73"
267,10:07,6,6,일산,5,"12,25,34,45,74"
267,10:07,7,7,판교,5,"9,19,22,33,47"
267,10:07,8,8,동탄/용인,3,"29,51,75"
267,10:07,9,9,평택,9,"3,10,21,23,32,35,48,55,78"
268,10:08,1,1,서울역,6,"6,8,27,28,31,39"
268,10:08,10,10,인천공항,2,"69,79"
268,10:08,2,2,수서,7,"4,7,17,20,46,63,68"
268,10:08,3,3,삼성,4,"16,60,65,77"
268,10:08,4,4,여의도,11,"1,2,5,13,14,41,42,43,44,50,52"
268,10:08,5,5,김포공항,4,"56,57,72,73"
268,10:08,6,6,일산,5,"12,25,34,45,74"
268,10:08,7,7,판교,4,"19,22,33,47"
268,10:08,8,8,동탄/용인,3,"29,51,75"
268,10:08,9,9,평택,9,"3,10,21,23,32,35,48,55,78"
269,10:09,1,1,서울역,5,"8,27,28,31,39"
269,10:09,10,10,인천공항,2,"69,79"
269,10:09,2,2,수서,6,"4,17,20,46,58,63"
269,10:09,3,3,삼성,6,"16,60,62,65,76,77"
269,10:09,4,4,여의도,11,"1,2,5,13,14,41,42,43,44,50,52"
269,10:09,5,5,김포공항,2,"56,57"
269,10:09,6,6,일산,5,"12,25,34,45,74"
269,10:09,7,7,판교,4,"19,22,33,47"
269,10:09,8,8,동탄/용인,3,"29,51,75"
269,10:09,9,9,평택,9,"3,10,21,23,32,35,48,55,78"
270,10:10,1,1,서울역,2,"8,39"
270,10:10,10,10,인천공항,1,79
270,10:10,2,2,수서,5,"20,46,58,61,63"
270,10:10,3,3,삼성,7,"16,37,60,62,65,76,77"
270,10:10,4,4,여의도,11,"1,2,5,11,14,41,42,43,44,50,52"
270,10:10,5,5,김포공항,2,"56,57"
270,10:10,6,6,일산,5,"25,34,45,71,74"
270,10:10,7,7,판교,4,"19,22,33,47"
270,10:10,8,8,동탄/용인,3,"29,51,75"
270,10:10,9,9,평택,8,"3,10,23,32,35,48,55,78"
271,10:11,1,1,서울역,2,"8,39"
271,10:11,10,10,인천공항,1,79
271,10:11,2,2,수서,5,"20,46,58,61,63"
271,10:11,3,3,삼성,8,"16,24,37,60,62,65,76,77"
271,10:11,4,4,여의도,11,"1,2,5,11,14,41,42,43,44,50,52"
271,10:11,5,5,김포공항,2,"56,57"
271,10:11,6,6,일산,5,"25,34,45,71,74"
271,10:11,7,7,판교,3,"19,22,33"
271,10:11,8,8,동탄/용인,3,"29,51,75"
271,10:11,9,9,평택,8,"3,23,32,35,48,49,55,78"
272,10:12,1,1,서울역,2,"8,39"
272,10:12,10,10,인천공항,2,"64,79"
272,10:12,2,2,수서,5,"20,46,58,61,63"
272,10:12,3,3,삼성,7,"16,24,36,37,60,65,77"
272,10:12,4,4,여의도,12,"1,2,5,11,14,40,41,42,43,44,50,52"
272,10:12,5,5,김포공항,2,"56,57"
272,10:12,6,6,일산,5,"25,34,45,71,74"
272,10:12,7,7,판교,3,"19,22,33"
272,10:12,8,8,동탄/용인,2,"29,51"
272,10:12,9,9,평택,9,"3,23,32,35,48,49,53,55,78"
273,10:13,1,1,서울역,2,"38,39"
273,10:13,10,10,인천공항,3,"59,64,79"
273,10:13,2,2,수서,5,"20,46,58,61,70"
273,10:13,3,3,삼성,5,"24,36,37,54,77"
273,10:13,4,4,여의도,13,"1,2,5,11,14,18,40,41,42,43,44,50,52"
273,10:13,5,5,김포공항,2,"56,57"
273,10:13,6,6,일산,5,"25,34,66,71,74"
273,10:13,7,7,판교,3,"19,22,33"
273,10:13,8,8,동탄/용인,2,"29,51"
273,10:13,9,9,평택,8,"3,23,32,48,49,53,55,78"
274,10:14,1,1,서울역,2,"38,39"
274,10:14,10,10,인천공항,3,"59,64,79"
274,10:14,2,2,수서,3,"46,58,70"
274,10:14,3,3,삼성,5,"24,36,37,54,77"
274,10:14,4,4,여의도,13,"1,2,5,11,14,18,40,41,42,43,44,50,52"
274,10:14,5,5,김포공항,1,57
274,10:14,6,6,일산,5,"25,34,66,71,74"
274,10:14,7,7,판교,2,"22,33"
274,10:14,8,8,동탄/용인,2,"29,51"
274,10:14,9,9,평택,8,"3,23,32,48,49,53,55,78"
275,10:15,1,1,서울역,4,"9,15,38,39"
275,10:15,10,10,인천공항,3,"59,64,79"
275,10:15,2,2,수서,2,"46,70"
275,10:15,3,3,삼성,5,"24,26,37,54,77"
275,10:15,4,4,여의도,15,"1,2,5,11,14,18,40,41,42,43,44,50,52,68,73"
275,10:15,5,5,김포공항,1,57
275,10:15,6,6,일산,5,"25,34,66,71,74"
275,10:15,7,7,판교,2,"22,33"
275,10:15,8,8,동탄/용인,1,29
275,10:15,9,9,평택,7,"3,23,32,48,49,55,78"
276,10:16,1,1,서울역,4,"9,15,38,39"
276,10:16,10,10,인천공항,2,"59,64"
276,10:16,2,2,수서,3,"13,46,70"
276,10:16,3,3,삼성,5,"24,26,27,37,77"
276,10:16,4,4,여의도,15,"1,2,5,11,17,18,40,41,42,43,44,50,52,68,73"
276,10:16,5,5,김포공항,1,57
276,10:16,6,6,일산,4,"25,66,71,74"
276,10:16,7,7,판교,4,"4,6,22,33"
276,10:16,8,8,동탄/용인,1,29
276,10:16,9,9,평택,7,"3,23,32,48,49,55,78"
277,10:17,1,1,서울역,4,"9,15,38,39"
277,10:17,10,10,인천공항,2,"59,64"
277,10:17,2,2,수서,3,"13,46,70"
277,10:17,3,3,삼성,6,"24,26,27,37,61,77"
277,10:17,4,4,여의도,15,"1,2,5,11,17,18,40,41,42,43,44,50,52,68,73"
277,10:17,5,5,김포공항,2,"7,57"
277,10:17,6,6,일산,4,"25,66,71,74"
277,10:17,7,7,판교,4,"4,6,28,33"
277,10:17,8,8,동탄/용인,1,29
277,10:17,9,9,평택,7,"3,23,32,48,49,55,78"
278,10:18,1,1,서울역,4,"9,15,38,39"
278,10:18,10,10,인천공항,2,"59,64"
278,10:18,2,2,수서,3,"13,46,70"
278,10:18,3,3,삼성,5,"26,27,37,61,77"
278,10:18,4,4,여의도,13,"2,5,11,17,18,40,41,42,43,44,50,52,68"
278,10:18,5,5,김포공항,3,"7,31,57"
278,10:18,6,6,일산,4,"25,66,71,74"
278,10:18,7,7,판교,5,"4,6,28,30,33"
278,10:18,8,8,동탄/용인,1,29
278,10:18,9,9,평택,7,"3,23,32,48,49,55,78"
279,10:19,1,1,서울역,5,"9,15,38,39,60"
279,10:19,10,10,인천공항,4,"0,59,64,67"
279,10:19,2,2,수서,2,"13,46"
279,10:19,3,3,삼성,5,"26,27,37,61,77"
279,10:19,4,4,여의도,12,"5,11,17,18,40,41,42,43,44,50,52,68"
279,10:19,5,5,김포공항,3,"7,31,57"
279,10:19,6,6,일산,2,"25,71"
279,10:19,7,7,판교,5,"6,28,30,33,72"
279,10:19,8,8,동탄/용인,2,"29,35"
279,10:19,9,9,평택,6,"23,32,48,49,55,78"
280,10:20,1,1,서울역,2,"9,60"
280,10:20,10,10,인천공항,4,"0,59,64,67"
280,10:20,2,2,수서,2,"13,46"
280,10:20,3,3,삼성,5,"12,26,27,37,61"
280,10:20,4,4,여의도,9,"11,17,18,40,41,42,44,65,68"
280,10:20,5,5,김포공항,3,"7,31,62"
280,10:20,6,6,일산,2,"25,71"
280,10:20,7,7,판교,5,"6,28,30,33,72"
280,10:20,8,8,동탄/용인,1,35
280,10:20,9,9,평택,5,"23,32,48,55,78"
281,10:21,1,1,서울역,3,"9,20,60"
281,10:21,10,10,인천공항,4,"0,59,64,67"
281,10:21,2,2,수서,2,"13,46"
281,10:21,3,3,삼성,5,"12,26,27,37,61"
281,10:21,4,4,여의도,10,"11,17,18,19,40,41,42,44,65,68"
281,10:21,5,5,김포공항,4,"7,16,31,62"
281,10:21,6,6,일산,2,"25,71"
281,10:21,7,7,판교,5,"6,28,30,33,72"
281,10:21,8,8,동탄/용인,1,35
281,10:21,9,9,평택,5,"23,32,48,55,78"
282,10:22,1,1,서울역,4,"9,20,56,60"
282,10:22,10,10,인천공항,3,"0,59,64"
282,10:22,2,2,수서,3,"13,14,46"
282,10:22,3,3,삼성,5,"12,26,27,37,61"
282,10:22,4,4,여의도,9,"11,17,19,40,41,42,65,68,69"
282,10:22,5,5,김포공항,4,"7,16,31,62"
282,10:22,6,6,일산,2,"25,76"
282,10:22,7,7,판교,5,"6,28,30,33,72"
282,10:22,8,8,동탄/용인,1,35
282,10:22,9,9,평택,5,"23,32,48,55,78"
283,10:23,1,1,서울역,5,"9,20,34,56,60"
283,10:23,10,10,인천공항,2,"0,59"
283,10:23,2,2,수서,2,"13,14"
283,10:23,3,3,삼성,5,"12,26,27,37,45"
283,10:23,4,4,여의도,10,"11,17,19,40,41,42,65,68,69,75"
283,10:23,5,5,김포공항,4,"16,31,58,62"
283,10:23,6,6,일산,2,"25,76"
283,10:23,7,7,판교,3,"6,30,33"
283,10:23,8,8,동탄/용인,1,35
283,10:23,9,9,평택,6,"23,32,47,48,55,78"
284,10:24,1,1,서울역,5,"9,20,34,56,60"
284,10:24,10,10,인천공항,2,"0,59"
284,10:24,2,2,수서,3,"1,13,14"
284,10:24,3,3,삼성,4,"12,27,37,45"
284,10:24,4,4,여의도,11,"11,17,19,22,40,41,42,65,68,69,75"
284,10:24,5,5,김포공항,4,"16,31,58,62"
284,10:24,6,6,일산,3,"25,63,76"
284,10:24,7,7,판교,3,"6,30,33"
284,10:24,8,8,동탄/용인,1,35
284,10:24,9,9,평택,6,"23,32,47,48,55,78"
285,10:25,1,1,서울역,4,"9,20,34,56"
285,10:25,10,10,인천공항,2,"0,59"
285,10:25,2,2,수서,3,"1,13,14"
285,10:25,3,3,삼성,3,"12,37,45"
285,10:25,4,4,여의도,10,"11,17,19,22,40,41,65,68,69,75"
285,10:25,5,5,김포공항,4,"16,31,58,62"
285,10:25,6,6,일산,4,"25,36,63,76"
285,10:25,7,7,판교,4,"6,30,33,73"
285,10:25,8,8,동탄/용인,1,35
285,10:25,9,9,평택,6,"23,32,47,48,55,78"
286,10:26,1,1,서울역,6,"9,20,21,34,56,77"
286,10:26,10,10,인천공항,3,"0,8,59"
286,10:26,2,2,수서,5,"1,5,13,14,50"
286,10:26,3,3,삼성,5,"12,15,37,38,45"
286,10:26,4,4,여의도,11,"10,11,17,19,22,40,41,65,68,69,75"
286,10:26,5,5,김포공항,7,"16,24,31,43,52,58,62"
286,10:26,6,6,일산,5,"25,36,54,63,76"
286,10:26,7,7,판교,5,"2,6,30,33,73"
286,10:26,8,8,동탄/용인,1,35
286,10:26,9,9,평택,6,"23,32,47,48,55,78"
287,10:27,1,1,서울역,6,"9,20,21,34,56,77"
287,10:27,10,10,인천공항,3,"0,8,59"
287,10:27,2,2,수서,6,"1,5,13,14,39,50"
287,10:27,3,3,삼성,5,"12,15,37,38,45"
287,10:27,4,4,여의도,10,"10,11,17,19,22,40,41,65,69,75"
287,10:27,5,5,김포공항,7,"16,24,31,43,52,58,62"
287,10:27,6,6,일산,5,"25,36,54,63,76"
287,10:27,7,7,판교,4,"2,6,33,73"
287,10:27,8,8,동탄/용인,1,35
287,10:27,9,9,평택,6,"23,32,47,48,55,78"
288,10:28,1,1,서울역,5,"9,20,21,34,77"
288,10:28,10,10,인천공항,3,"0,8,59"
288,10:28,2,2,수서,5,"1,5,39,50,57"
288,10:28,3,3,삼성,5,"12,15,37,38,45"
288,10:28,4,4,여의도,11,"10,11,17,19,22,40,41,65,69,75,79"
288,10:28,5,5,김포공항,7,"16,24,31,43,52,58,62"
288,10:28,6,6,일산,5,"25,36,54,63,76"
288,10:28,7,7,판교,3,"2,33,73"
288,10:28,8,8,동탄/용인,1,35
288,10:28,9,9,평택,6,"23,32,47,48,55,78"
289,10:29,1,1,서울역,4,"9,20,21,77"
289,10:29,10,10,인천공항,3,"0,8,59"
289,10:29,2,2,수서,3,"1,39,57"
289,10:29,3,3,삼성,5,"12,18,37,45,66"
289,10:29,4,4,여의도,11,"10,11,17,19,22,40,41,65,69,75,79"
289,10:29,5,5,김포공항,4,"16,24,31,58"
289,10:29,6,6,일산,5,"25,36,54,63,76"
289,10:29,7,7,판교,3,"2,44,73"
289,10:29,8,8,동탄/용인,1,35
289,10:29,9,9,평택,5,"32,47,48,55,78"
290,10:30,1,1,서울역,6,"9,20,21,26,28,77"
290,10:30,10,10,인천공항,3,"0,8,59"
290,10:30,2,2,수서,3,"1,57,74"
290,10:30,3,3,삼성,5,"12,18,37,45,66"
290,10:30,4,4,여의도,9,"10,11,17,22,41,65,69,72,79"
290,10:30,5,5,김포공항,3,"16,24,58"
290,10:30,6,6,일산,6,"25,36,54,63,70,76"
290,10:30,7,7,판교,3,"2,44,73"
290,10:30,9,9,평택,5,"32,47,48,55,78"
291,10:31,1,1,서울역,8,"7,9,20,21,26,27,28,77"
291,10:31,10,10,인천공항,3,"0,8,59"
291,10:31,2,2,수서,2,"1,74"
291,10:31,3,3,삼성,4,"12,18,45,66"
291,10:31,4,4,여의도,6,"10,22,29,65,72,79"
291,10:31,5,5,김포공항,5,"16,24,46,58,61"
291,10:31,6,6,일산,5,"25,36,54,63,70"
291,10:31,7,7,판교,3,"2,44,73"
291,10:31,9,9,평택,5,"4,32,47,48,55"
292,10:32,1,1,서울역,6,"7,9,20,26,27,28"
292,10:32,10,10,인천공항,3,"0,8,59"
292,10:32,2,2,수서,3,"1,60,74"
292,10:32,3,3,삼성,3,"18,42,66"
292,10:32,4,4,여의도,5,"10,22,29,72,79"
292,10:32,5,5,김포공항,4,"16,24,46,61"
292,10:32,6,6,일산,6,"25,36,51,54,63,70"
292,10:32,7,7,판교,3,"2,44,73"
292,10:32,9,9,평택,5,"4,32,47,48,55"
293,10:33,1,1,서울역,6,"7,9,20,26,27,28"
293,10:33,10,10,인천공항,3,"0,8,71"
293,10:33,2,2,수서,3,"1,3,60"
293,10:33,3,3,삼성,3,"18,42,66"
293,10:33,4,4,여의도,4,"10,22,29,79"
293,10:33,5,5,김포공항,4,"16,24,46,61"
293,10:33,6,6,일산,6,"25,36,51,54,63,70"
293,10:33,7,7,판교,3,"2,44,73"
293,10:33,9,9,평택,5,"4,32,47,48,55"
294,10:34,1,1,서울역,6,"7,9,20,26,27,28"
294,10:34,10,10,인천공항,4,"0,8,53,71"
294,10:34,2,2,수서,3,"1,3,60"
294,10:34,3,3,삼성,3,"18,42,66"
294,10:34,4,4,여의도,5,"10,13,22,30,79"
294,10:34,5,5,김포공항,4,"16,24,46,61"
294,10:34,6,6,일산,5,"25,51,54,63,70"
294,10:34,7,7,판교,3,"2,44,73"
294,10:34,9,9,평택,5,"4,32,47,48,55"
295,10:35,1,1,서울역,6,"7,9,20,26,27,28"
295,10:35,10,10,인천공항,4,"0,8,53,71"
295,10:35,2,2,수서,2,"1,3"
295,10:35,3,3,삼성,3,"18,42,66"
295,10:35,4,4,여의도,7,"6,10,13,22,30,50,79"
295,10:35,5,5,김포공항,4,"16,24,46,61"
295,10:35,6,6,일산,5,"25,51,54,63,70"
295,10:35,7,7,판교,4,"2,44,56,73"
295,10:35,9,9,평택,5,"4,32,47,48,55"
296,10:36,1,1,서울역,7,"5,7,9,26,27,28,64"
296,10:36,10,10,인천공항,3,"8,53,71"
296,10:36,2,2,수서,2,"1,19"
296,10:36,3,3,삼성,4,"18,42,66,74"
296,10:36,4,4,여의도,11,"6,10,13,15,21,22,30,38,50,77,79"
296,10:36,5,5,김포공항,4,"16,24,46,61"
296,10:36,6,6,일산,4,"25,51,54,70"
296,10:36,7,7,판교,4,"2,44,56,73"
296,10:36,9,9,평택,5,"4,32,47,48,55"
297,10:37,1,1,서울역,9,"5,7,9,26,27,28,37,52,64"
297,10:37,10,10,인천공항,3,"8,53,71"
297,10:37,2,2,수서,4,"1,17,19,69"
297,10:37,3,3,삼성,8,"18,42,43,62,66,67,74,75"
297,10:37,4,4,여의도,10,"6,10,15,21,22,30,38,50,77,79"
297,10:37,5,5,김포공항,6,"16,24,34,46,49,61"
297,10:37,6,6,일산,4,"25,51,54,70"
297,10:37,7,7,판교,5,"2,40,44,56,73"
297,10:37,8,8,동탄/용인,1,78
297,10:37,9,9,평택,3,"47,48,55"
298,10:38,1,1,서울역,12,"5,7,9,26,27,28,29,31,37,52,57,64"
298,10:38,10,10,인천공항,3,"8,53,71"
298,10:38,2,2,수서,4,"1,17,19,69"
298,10:38,3,3,삼성,9,"18,41,42,43,62,66,67,74,75"
298,10:38,4,4,여의도,9,"6,15,21,22,30,38,50,77,79"
298,10:38,5,5,김포공항,7,"16,34,39,46,49,61,65"
298,10:38,6,6,일산,4,"25,51,54,70"
298,10:38,7,7,판교,3,"40,44,73"
298,10:38,8,8,동탄/용인,2,"14,78"
298,10:38,9,9,평택,3,"47,48,55"
299,10:39,1,1,서울역,11,"5,7,9,27,28,29,31,37,52,57,64"
299,10:39,10,10,인천공항,3,"8,53,71"
299,10:39,2,2,수서,4,"1,17,19,69"
299,10:39,3,3,삼성,9,"18,41,42,43,62,66,67,74,75"
299,10:39,4,4,여의도,10,"6,15,21,22,30,38,45,50,77,79"
299,10:39,5,5,김포공항,8,"16,33,34,39,46,49,61,65"
299,10:39,6,6,일산,4,"25,51,54,70"
299,10:39,7,7,판교,3,"40,44,73"
299,10:39,8,8,동탄/용인,2,"14,78"
299,10:39,9,9,평택,3,"47,48,55"
300,10:40,1,1,서울역,8,"5,7,9,29,31,37,52,57"
300,10:40,10,10,인천공항,2,"53,71"
300,10:40,2,2,수서,4,"1,17,19,69"
300,10:40,3,3,삼성,9,"18,41,42,43,58,62,66,67,74"
300,10:40,4,4,여의도,8,"6,15,21,38,45,50,77,79"
300,10:40,5,5,김포공항,7,"12,16,33,39,46,49,65"
300,10:40,6,6,일산,3,"51,54,70"
300,10:40,7,7,판교,4,"40,44,72,73"
300,10:40,8,8,동탄/용인,2,"14,78"
300,10:40,9,9,평택,2,"47,55"
301,10:41,1,1,서울역,9,"5,7,9,29,31,36,37,52,57"
301,10:41,10,10,인천공항,2,"53,71"
301,10:41,2,2,수서,4,"1,17,19,69"
301,10:41,3,3,삼성,8,"18,41,42,43,58,62,67,74"
301,10:41,4,4,여의도,8,"6,15,21,35,38,45,77,79"
301,10:41,5,5,김포공항,7,"12,16,33,39,46,49,65"
301,10:41,6,6,일산,3,"51,54,70"
301,10:41,7,7,판교,3,"40,72,73"
301,10:41,8,8,동탄/용인,1,78
301,10:41,9,9,평택,2,"47,55"
302,10:42,1,1,서울역,9,"5,7,9,29,31,36,37,52,57"
302,10:42,10,10,인천공항,2,"53,71"
302,10:42,2,2,수서,3,"17,19,69"
302,10:42,3,3,삼성,8,"18,41,42,43,58,62,67,74"
302,10:42,4,4,여의도,8,"6,15,21,35,38,45,77,79"
302,10:42,5,5,김포공항,7,"12,16,33,39,46,49,65"
302,10:42,6,6,일산,3,"51,54,70"
302,10:42,7,7,판교,3,"40,72,73"
302,10:42,8,8,동탄/용인,1,78
302,10:42,9,9,평택,3,"47,55,68"
303,10:43,1,1,서울역,8,"5,7,9,29,31,36,52,57"
303,10:43,10,10,인천공항,2,"53,71"
303,10:43,2,2,수서,1,17
303,10:43,3,3,삼성,6,"18,41,42,43,67,74"
303,10:43,4,4,여의도,7,"6,21,35,38,45,77,79"
303,10:43,5,5,김포공항,8,"12,13,16,33,39,46,60,65"
303,10:43,6,6,일산,3,"51,54,70"
303,10:43,7,7,판교,4,"40,72,73,76"
303,10:43,8,8,동탄/용인,1,78
303,10:43,9,9,평택,3,"47,55,68"
304,10:44,1,1,서울역,8,"5,7,9,29,30,31,52,57"
304,10:44,10,10,인천공항,2,"53,71"
304,10:44,2,2,수서,1,17
304,10:44,3,3,삼성,5,"23,42,43,67,74"
304,10:44,4,4,여의도,7,"6,21,35,38,45,77,79"
304,10:44,5,5,김포공항,7,"12,13,16,33,46,60,65"
304,10:44,6,6,일산,3,"51,54,70"
304,10:44,7,7,판교,4,"40,72,73,76"
304,10:44,8,8,동탄/용인,1,78
304,10:44,9,9,평택,3,"47,55,68"
305,10:45,1,1,서울역,7,"5,7,9,30,31,52,57"
305,10:45,10,10,인천공항,2,"53,71"
305,10:45,2,2,수서,1,17
305,10:45,3,3,삼성,5,"23,42,43,67,74"
305,10:45,4,4,여의도,8,"2,6,35,38,45,56,77,79"
305,10:45,5,5,김포공항,6,"12,13,16,33,60,65"
305,10:45,6,6,일산,3,"51,54,70"
305,10:45,7,7,판교,5,"10,40,72,73,76"
305,10:45,8,8,동탄/용인,1,78
305,10:45,9,9,평택,3,"47,55,68"
306,10:46,1,1,서울역,8,"5,7,9,24,30,31,52,57"
306,10:46,10,10,인천공항,2,"53,71"
306,10:46,2,2,수서,3,"17,22,62"
306,10:46,3,3,삼성,6,"23,42,43,67,69,74"
306,10:46,4,4,여의도,8,"2,6,35,38,45,56,77,79"
306,10:46,5,5,김포공항,6,"12,13,16,33,60,65"
306,10:46,6,6,일산,3,"51,54,70"
306,10:46,7,7,판교,3,"10,73,76"
306,10:46,8,8,동탄/용인,2,"48,78"
306,10:46,9,9,평택,4,"11,47,55,68"
307,10:47,1,1,서울역,7,"5,7,9,24,31,52,57"
307,10:47,10,10,인천공항,2,"53,71"
307,10:47,2,2,수서,6,"17,22,28,50,62,63"
307,10:47,3,3,삼성,5,"23,43,67,69,74"
307,10:47,4,4,여의도,7,"2,35,38,45,56,77,79"
307,10:47,5,5,김포공항,6,"12,13,16,33,60,65"
307,10:47,6,6,일산,5,"3,51,54,64,70"
307,10:47,7,7,판교,4,"10,27,73,76"
307,10:47,8,8,동탄/용인,2,"48,78"
307,10:47,9,9,평택,4,"11,47,55,68"
308,10:48,1,1,서울역,7,"7,9,24,31,44,52,57"
308,10:48,10,10,인천공항,1,53
308,10:48,2,2,수서,6,"17,22,28,50,62,63"
308,10:48,3,3,삼성,7,"23,43,59,61,67,69,74"
308,10:48,4,4,여의도,6,"2,35,38,45,56,79"
308,10:48,5,5,김포공항,4,"12,13,60,65"
308,10:48,6,6,일산,5,"3,51,54,64,70"
308,10:48,7,7,판교,3,"27,73,76"
308,10:48,8,8,동탄/용인,1,48
308,10:48,9,9,평택,3,"11,47,68"
309,10:49,1,1,서울역,8,"1,7,9,24,31,44,52,57"
309,10:49,10,10,인천공항,2,"20,53"
309,10:49,2,2,수서,5,"15,17,28,50,63"
309,10:49,3,3,삼성,5,"23,43,59,61,74"
309,10:49,4,4,여의도,7,"2,19,35,38,45,56,79"
309,10:49,5,5,김포공항,4,"12,13,65,66"
309,10:49,6,6,일산,4,"3,51,64,70"
309,10:49,7,7,판교,3,"27,73,76"
309,10:49,8,8,동탄/용인,1,48
309,10:49,9,9,평택,3,"11,47,68"
310,10:50,1,1,서울역,8,"1,9,24,31,41,44,52,57"
310,10:50,10,10,인천공항,2,"20,53"
310,10:50,2,2,수서,4,"15,17,50,63"
310,10:50,3,3,삼성,5,"36,43,59,61,74"
310,10:50,4,4,여의도,6,"2,19,35,38,56,79"
310,10:50,5,5,김포공항,4,"12,13,65,66"
310,10:50,6,6,일산,3,"3,51,70"
310,10:50,7,7,판교,2,"73,76"
310,10:50,8,8,동탄/용인,2,"48,75"
310,10:50,9,9,평택,3,"11,47,68"
311,10:51,1,1,서울역,7,"1,9,24,31,41,44,52"
311,10:51,10,10,인천공항,2,"20,53"
311,10:51,2,2,수서,4,"15,17,50,63"
311,10:51,3,3,삼성,8,"0,29,36,43,49,59,61,74"
311,10:51,4,4,여의도,4,"19,35,38,79"
311,10:51,5,5,김포공항,5,"12,13,37,58,66"
311,10:51,6,6,일산,3,"3,51,70"
311,10:51,7,7,판교,2,"73,76"
311,10:51,8,8,동탄/용인,2,"48,75"
311,10:51,9,9,평택,2,"11,47"
312,10:52,1,1,서울역,6,"9,24,39,41,44,52"
312,10:52,10,10,인천공항,1,20
312,10:52,2,2,수서,3,"17,50,63"
312,10:52,3,3,삼성,10,"0,4,21,29,36,43,49,59,61,74"
312,10:52,4,4,여의도,7,"8,14,19,32,35,38,79"
312,10:52,5,5,김포공항,5,"12,18,37,58,66"
312,10:52,6,6,일산,3,"3,51,70"
312,10:52,7,7,판교,3,"25,73,76"
312,10:52,8,8,동탄/용인,1,75
312,10:52,9,9,평택,2,"11,47"
313,10:53,1,1,서울역,8,"9,24,39,41,42,44,52,72"
313,10:53,10,10,인천공항,1,20
313,10:53,2,2,수서,4,"6,46,50,63"
313,10:53,3,3,삼성,11,"0,4,21,29,30,36,43,49,59,61,74"
313,10:53,4,4,여의도,6,"8,14,19,32,40,79"
313,10:53,5,5,김포공항,5,"12,18,37,58,66"
313,10:53,6,6,일산,2,"51,70"
313,10:53,7,7,판교,2,"25,76"
313,10:53,9,9,평택,2,"11,47"
314,10:54,1,1,서울역,7,"24,39,41,42,44,52,72"
314,10:54,10,10,인천공항,1,20
314,10:54,2,2,수서,4,"6,46,50,63"
314,10:54,3,3,삼성,10,"0,4,21,30,36,43,49,59,61,74"
314,10:54,4,4,여의도,7,"7,8,14,19,32,40,79"
314,10:54,5,5,김포공항,4,"12,18,37,66"
314,10:54,6,6,일산,2,"51,70"
314,10:54,7,7,판교,2,"25,76"
314,10:54,8,8,동탄/용인,1,34
314,10:54,9,9,평택,2,"11,47"
315,10:55,1,1,서울역,7,"24,39,41,42,44,52,72"
315,10:55,10,10,인천공항,1,20
315,10:55,2,2,수서,4,"6,46,50,63"
315,10:55,3,3,삼성,10,"0,4,21,30,36,43,49,59,61,74"
315,10:55,4,4,여의도,8,"7,8,14,19,22,32,40,62"
315,10:55,5,5,김포공항,3,"18,37,66"
315,10:55,6,6,일산,2,"51,70"
315,10:55,7,7,판교,3,"5,25,76"
315,10:55,8,8,동탄/용인,1,34
315,10:55,9,9,평택,2,"11,26"
316,10:56,1,1,서울역,8,"24,33,39,41,42,44,52,72"
316,10:56,10,10,인천공항,1,20
316,10:56,2,2,수서,4,"6,46,50,63"
316,10:56,3,3,삼성,8,"0,4,21,30,49,59,61,74"
316,10:56,4,4,여의도,10,"7,8,14,19,22,28,31,32,40,62"
316,10:56,5,5,김포공항,3,"18,37,66"
316,10:56,6,6,일산,1,51
316,10:56,7,7,판교,3,"5,25,76"
316,10:56,8,8,동탄/용인,1,34
316,10:56,9,9,평택,2,"11,26"
317,10:57,1,1,서울역,8,"27,33,39,41,42,44,52,72"
317,10:57,10,10,인천공항,1,20
317,10:57,2,2,수서,4,"6,46,50,63"
317,10:57,3,3,삼성,9,"0,4,21,30,45,49,59,60,74"
317,10:57,4,4,여의도,10,"7,8,14,19,22,28,31,32,40,62"
317,10:57,5,5,김포공항,3,"18,66,69"
317,10:57,6,6,일산,1,51
317,10:57,7,7,판교,2,"5,25"
317,10:57,8,8,동탄/용인,1,34
317,10:57,9,9,평택,2,"11,26"
318,10:58,1,1,서울역,8,"27,33,39,41,42,44,52,72"
318,10:58,10,10,인천공항,1,20
318,10:58,2,2,수서,4,"6,46,50,63"
318,10:58,3,3,삼성,9,"0,21,30,45,49,59,60,74,78"
318,10:58,4,4,여의도,10,"7,8,15,19,22,28,31,32,40,62"
318,10:58,5,5,김포공항,3,"18,23,69"
318,10:58,6,6,일산,2,"51,57"
318,10:58,7,7,판교,3,"16,25,56"
318,10:58,8,8,동탄/용인,1,34
318,10:58,9,9,평택,2,"11,26"
319,10:59,1,1,서울역,7,"27,39,41,42,44,52,72"
319,10:59,10,10,인천공항,1,20
319,10:59,2,2,수서,5,"6,35,38,63,65"
319,10:59,3,3,삼성,7,"0,21,45,49,59,60,78"
319,10:59,4,4,여의도,10,"7,8,15,17,19,22,31,32,40,62"
319,10:59,5,5,김포공항,3,"18,23,69"
319,10:59,6,6,일산,3,"1,51,57"
319,10:59,7,7,판교,3,"16,25,56"
319,10:59,8,8,동탄/용인,2,"34,77"
319,10:59,9,9,평택,2,"11,26"
320,11:00,1,1,서울역,6,"3,13,27,29,39,73"
320,11:00,10,10,인천공항,2,"20,54"
320,11:00,2,2,수서,4,"6,35,38,65"
320,11:00,3,3,삼성,7,"0,21,45,49,59,60,78"
320,11:00,4,4,여의도,10,"7,8,15,17,19,22,31,32,40,62"
320,11:00,5,5,김포공항,3,"18,23,69"
320,11:00,6,6,일산,3,"1,51,57"
320,11:00,7,7,판교,3,"16,25,56"
320,11:00,8,8,동탄/용인,1,77
320,11:00,9,9,평택,3,"10,11,26"
321,11:01,1,1,서울역,6,"3,13,27,29,39,73"
321,11:01,10,10,인천공항,1,54
321,11:01,2,2,수서,4,"6,35,38,65"
321,11:01,3,3,삼성,6,"0,21,45,49,59,60"
321,11:01,4,4,여의도,8,"7,17,19,22,31,32,40,62"
321,11:01,5,5,김포공항,3,"18,23,69"
321,11:01,6,6,일산,3,"1,51,57"
321,11:01,7,7,판교,2,"16,25"
321,11:01,8,8,동탄/용인,1,77
321,11:01,9,9,평택,3,"10,11,26"
322,11:02,1,1,서울역,6,"3,13,27,29,39,73"
322,11:02,10,10,인천공항,1,54
322,11:02,2,2,수서,4,"6,35,38,65"
322,11:02,3,3,삼성,8,"0,21,45,48,49,58,59,60"
322,11:02,4,4,여의도,6,"7,19,22,31,32,62"
322,11:02,5,5,김포공항,3,"18,23,69"
322,11:02,6,6,일산,3,"1,51,57"
322,11:02,7,7,판교,4,"16,25,64,79"
322,11:02,8,8,동탄/용인,1,77
322,11:02,9,9,평택,3,"10,11,26"
323,11:03,1,1,서울역,4,"12,13,29,39"
323,11:03,10,10,인천공항,1,54
323,11:03,2,2,수서,4,"6,35,38,65"
323,11:03,3,3,삼성,8,"0,21,45,48,49,58,59,71"
323,11:03,4,4,여의도,7,"7,19,22,31,32,36,62"
323,11:03,5,5,김포공항,3,"18,23,69"
323,11:03,6,6,일산,2,"1,57"
323,11:03,7,7,판교,4,"16,25,64,79"
323,11:03,8,8,동탄/용인,1,77
323,11:03,9,9,평택,3,"10,11,26"
324,11:04,1,1,서울역,6,"4,12,13,29,39,55"
324,11:04,10,10,인천공항,1,54
324,11:04,2,2,수서,4,"6,35,38,65"
324,11:04,3,3,삼성,7,"21,45,48,49,58,59,71"
324,11:04,4,4,여의도,12,"7,19,22,31,32,36,41,52,53,62,75,76"
324,11:04,5,5,김포공항,4,"18,23,43,69"
324,11:04,6,6,일산,2,"1,57"
324,11:04,7,7,판교,4,"16,25,64,79"
324,11:04,8,8,동탄/용인,1,77
324,11:04,9,9,평택,4,"10,11,26,67"
325,11:05,1,1,서울역,7,"4,12,13,29,30,39,55"
325,11:05,10,10,인천공항,1,54
325,11:05,2,2,수서,3,"35,38,65"
325,11:05,3,3,삼성,7,"21,33,45,48,49,58,71"
325,11:05,4,4,여의도,12,"7,19,22,31,32,36,41,52,53,62,75,76"
325,11:05,5,5,김포공항,5,"18,23,28,43,69"
325,11:05,6,6,일산,2,"1,57"
325,11:05,7,7,판교,5,"14,16,25,64,79"
325,11:05,8,8,동탄/용인,1,77
325,11:05,9,9,평택,4,"10,11,26,67"
326,11:06,1,1,서울역,8,"4,13,17,29,30,39,46,55"
326,11:06,10,10,인천공항,1,54
326,11:06,2,2,수서,4,"35,38,65,66"
326,11:06,3,3,삼성,7,"21,33,45,48,58,68,71"
326,11:06,4,4,여의도,12,"7,19,22,31,32,36,41,52,53,62,75,76"
326,11:06,5,5,김포공항,4,"23,28,43,69"
326,11:06,6,6,일산,2,"1,57"
326,11:06,7,7,판교,6,"14,16,25,63,64,79"
326,11:06,8,8,동탄/용인,1,77
326,11:06,9,9,평택,4,"2,11,26,67"
327,11:07,1,1,서울역,7,"13,17,29,30,39,46,55"
327,11:07,10,10,인천공항,2,"37,54"
327,11:07,2,2,수서,5,"35,38,65,66,70"
327,11:07,3,3,삼성,7,"21,33,45,48,58,68,71"
327,11:07,4,4,여의도,8,"19,22,31,36,52,53,73,75"
327,11:07,5,5,김포공항,5,"23,28,43,50,69"
327,11:07,6,6,일산,4,"1,57,61,72"
327,11:07,7,7,판교,6,"14,16,25,63,64,79"
327,11:07,8,8,동탄/용인,1,77
327,11:07,9,9,평택,4,"2,11,26,67"
328,11:08,1,1,서울역,5,"17,29,39,46,55"
328,11:08,10,10,인천공항,2,"37,54"
328,11:08,2,2,수서,6,"35,38,40,65,66,70"
328,11:08,3,3,삼성,8,"21,33,45,48,56,58,68,71"
328,11:08,4,4,여의도,8,"19,22,31,36,52,53,73,75"
328,11:08,5,5,김포공항,7,"23,28,42,43,44,50,69"
328,11:08,6,6,일산,4,"1,57,61,72"
328,11:08,7,7,판교,6,"14,15,25,63,64,79"
328,11:08,9,9,평택,3,"2,26,67"
329,11:09,1,1,서울역,4,"17,29,39,55"
329,11:09,10,10,인천공항,1,37
329,11:09,2,2,수서,5,"35,38,40,65,70"
329,11:09,3,3,삼성,8,"3,33,45,48,56,58,68,71"
329,11:09,4,4,여의도,6,"19,31,52,53,73,75"
329,11:09,5,5,김포공항,6,"23,28,42,43,44,50"
329,11:09,6,6,일산,4,"1,57,61,72"
329,11:09,7,7,판교,5,"14,15,25,64,79"
329,11:09,9,9,평택,3,"2,26,67"
330,11:10,1,1,서울역,4,"17,39,51,55"
330,11:10,10,10,인천공항,2,"24,37"
330,11:10,2,2,수서,5,"35,38,40,65,70"
330,11:10,3,3,삼성,8,"3,33,45,48,56,58,68,71"
330,11:10,4,4,여의도,8,"12,19,31,47,53,60,73,75"
330,11:10,5,5,김포공항,6,"23,28,42,43,44,50"
330,11:10,6,6,일산,3,"57,61,72"
330,11:10,7,7,판교,5,"14,15,25,64,79"
330,11:10,9,9,평택,5,"2,5,9,26,67"
331,11:11,1,1,서울역,3,"17,51,55"
331,11:11,10,10,인천공항,2,"24,37"
331,11:11,2,2,수서,5,"35,38,40,65,70"
331,11:11,3,3,삼성,6,"3,33,45,58,68,71"
331,11:11,4,4,여의도,9,"4,12,19,34,47,53,60,73,75"
331,11:11,5,5,김포공항,4,"23,28,43,50"
331,11:11,6,6,일산,3,"57,61,72"
331,11:11,7,7,판교,4,"15,25,64,79"
331,11:11,8,8,동탄/용인,1,78
331,11:11,9,9,평택,5,"2,5,9,26,67"
332,11:12,1,1,서울역,2,"51,55"
332,11:12,10,10,인천공항,2,"24,37"
332,11:12,2,2,수서,5,"35,38,40,65,70"
332,11:12,3,3,삼성,6,"33,45,58,66,68,71"
332,11:12,4,4,여의도,10,"4,12,19,30,34,47,53,60,73,75"
332,11:12,5,5,김포공항,5,"0,23,28,43,50"
332,11:12,6,6,일산,3,"20,61,72"
332,11:12,7,7,판교,4,"15,25,64,79"
332,11:12,8,8,동탄/용인,1,78
332,11:12,9,9,평택,4,"2,5,9,26"
333,11:13,1,1,서울역,2,"51,55"
333,11:13,10,10,인천공항,3,"8,24,37"
333,11:13,2,2,수서,5,"35,38,40,65,70"
333,11:13,3,3,삼성,6,"33,45,58,66,68,71"
333,11:13,4,4,여의도,10,"4,12,19,30,34,46,47,60,73,75"
333,11:13,5,5,김포공항,8,"0,6,23,28,43,50,59,76"
333,11:13,6,6,일산,1,20
333,11:13,7,7,판교,3,"15,64,79"
333,11:13,8,8,동탄/용인,1,78
333,11:13,9,9,평택,4,"2,5,9,26"
334,11:14,1,1,서울역,3,"18,51,55"
334,11:14,10,10,인천공항,3,"8,24,37"
334,11:14,2,2,수서,5,"35,38,40,65,70"
334,11:14,3,3,삼성,8,"7,33,41,45,58,66,68,71"
334,11:14,4,4,여의도,9,"12,19,30,34,46,47,60,73,75"
334,11:14,5,5,김포공항,7,"0,6,28,43,50,59,76"
334,11:14,6,6,일산,1,20
334,11:14,7,7,판교,3,"15,64,79"
334,11:14,8,8,동탄/용인,1,11
334,11:14,9,9,평택,5,"2,5,9,26,74"
335,11:15,1,1,서울역,3,"18,51,55"
335,11:15,10,10,인천공항,3,"8,24,37"
335,11:15,2,2,수서,5,"22,38,40,65,70"
335,11:15,3,3,삼성,7,"7,33,41,45,66,68,71"
335,11:15,4,4,여의도,9,"12,16,19,30,34,46,47,60,73"
335,11:15,5,5,김포공항,7,"0,6,28,43,50,59,76"
335,11:15,6,6,일산,2,"13,20"
335,11:15,7,7,판교,3,"15,64,79"
335,11:15,8,8,동탄/용인,1,11
335,11:15,9,9,평택,4,"5,9,26,74"
336,11:16,1,1,서울역,3,"18,51,55"
336,11:16,10,10,인천공항,3,"8,24,27"
336,11:16,2,2,수서,5,"22,38,40,65,70"
336,11:16,3,3,삼성,9,"7,33,36,41,45,63,66,68,71"
336,11:16,4,4,여의도,8,"16,19,21,30,34,46,47,60"
336,11:16,5,5,김포공항,7,"0,6,28,43,50,59,76"
336,11:16,6,6,일산,2,"13,20"
336,11:16,7,7,판교,3,"15,64,79"
336,11:16,8,8,동탄/용인,1,11
336,11:16,9,9,평택,4,"5,9,26,74"
337,11:17,1,1,서울역,3,"51,55,56"
337,11:17,10,10,인천공항,3,"8,24,27"
337,11:17,2,2,수서,6,"22,38,40,65,69,70"
337,11:17,3,3,삼성,9,"7,33,36,41,45,63,66,68,71"
337,11:17,4,4,여의도,9,"1,16,19,21,30,34,46,47,60"
337,11:17,5,5,김포공항,7,"0,6,28,43,50,59,76"
337,11:17,6,6,일산,2,"13,20"
337,11:17,7,7,판교,2,"15,79"
337,11:17,9,9,평택,4,"5,9,26,74"
338,11:18,1,1,서울역,4,"3,51,55,56"
338,11:18,10,10,인천공항,3,"8,24,27"
338,11:18,2,2,수서,6,"22,38,40,65,69,70"
338,11:18,3,3,삼성,9,"7,33,36,41,45,63,66,68,71"
338,11:18,4,4,여의도,10,"1,14,16,19,21,34,46,47,48,60"
338,11:18,5,5,김포공항,7,"0,6,28,43,50,59,76"
338,11:18,6,6,일산,1,13
338,11:18,7,7,판교,2,"15,79"
338,11:18,8,8,동탄/용인,1,67
338,11:18,9,9,평택,4,"5,9,26,74"
339,11:19,1,1,서울역,4,"3,51,55,56"
339,11:19,10,10,인천공항,2,"8,27"
339,11:19,2,2,수서,6,"22,38,40,53,65,69"
339,11:19,3,3,삼성,8,"7,33,36,41,45,66,68,71"
339,11:19,4,4,여의도,9,"1,14,16,19,34,47,48,60,77"
339,11:19,5,5,김포공항,6,"0,6,28,43,50,59"
339,11:19,6,6,일산,1,13
339,11:19,7,7,판교,2,"15,79"
339,11:19,8,8,동탄/용인,1,67
339,11:19,9,9,평택,3,"5,9,74"
340,11:20,1,1,서울역,2,"3,51"
340,11:20,10,10,인천공항,2,"8,27"
340,11:20,2,2,수서,6,"4,22,38,40,53,65"
340,11:20,3,3,삼성,5,"33,36,41,68,71"
340,11:20,4,4,여의도,9,"14,16,19,25,34,47,48,60,77"
340,11:20,5,5,김포공항,4,"0,6,28,59"
340,11:20,6,6,일산,1,13
340,11:20,7,7,판교,2,"15,79"
340,11:20,8,8,동탄/용인,1,67
340,11:20,9,9,평택,2,"5,9"
341,11:21,1,1,서울역,2,"3,51"
341,11:21,10,10,인천공항,3,"8,27,49"
341,11:21,2,2,수서,7,"4,22,38,40,53,65,75"
341,11:21,3,3,삼성,6,"10,33,36,41,68,71"
341,11:21,4,4,여의도,8,"14,19,25,34,47,54,60,77"
341,11:21,5,5,김포공항,3,"0,6,59"
341,11:21,6,6,일산,1,13
341,11:21,7,7,판교,4,"15,42,44,79"
341,11:21,8,8,동탄/용인,1,67
341,11:21,9,9,평택,2,"5,9"
342,11:22,1,1,서울역,2,"3,51"
342,11:22,10,10,인천공항,1,49
342,11:22,2,2,수서,8,"4,22,38,40,53,65,73,75"
342,11:22,3,3,삼성,7,"10,23,33,36,41,68,71"
342,11:22,4,4,여의도,7,"14,19,25,47,54,60,77"
342,11:22,5,5,김포공항,3,"0,6,59"
342,11:22,6,6,일산,1,13
342,11:22,7,7,판교,4,"15,42,44,79"
342,11:22,8,8,동탄/용인,1,67
342,11:22,9,9,평택,4,"5,9,32,62"
343,11:23,1,1,서울역,1,3
343,11:23,10,10,인천공항,1,49
343,11:23,2,2,수서,7,"4,22,40,53,65,73,75"
343,11:23,3,3,삼성,8,"10,18,23,33,36,41,68,71"
343,11:23,4,4,여의도,7,"14,19,25,47,54,60,77"
343,11:23,5,5,김포공항,4,"0,6,35,59"
343,11:23,6,6,일산,1,13
343,11:23,7,7,판교,5,"12,15,42,44,79"
343,11:23,8,8,동탄/용인,1,67
343,11:23,9,9,평택,4,"5,9,32,62"
344,11:24,1,1,서울역,1,3
344,11:24,10,10,인천공항,1,49
344,11:24,2,2,수서,7,"4,22,40,53,61,65,73"
344,11:24,3,3,삼성,8,"10,18,23,33,36,41,68,71"
344,11:24,4,4,여의도,7,"14,19,25,47,60,64,77"
344,11:24,5,5,김포공항,4,"0,6,35,59"
344,11:24,6,6,일산,1,13
344,11:24,7,7,판교,6,"12,15,42,44,57,79"
344,11:24,8,8,동탄/용인,1,67
344,11:24,9,9,평택,4,"5,9,32,62"
345,11:25,1,1,서울역,3,"3,16,20"
345,11:25,10,10,인천공항,2,"17,49"
345,11:25,2,2,수서,7,"4,21,22,40,61,65,73"
345,11:25,3,3,삼성,8,"10,18,23,33,36,41,68,71"
345,11:25,4,4,여의도,7,"14,19,25,47,60,64,77"
345,11:25,5,5,김포공항,4,"0,6,35,59"
345,11:25,6,6,일산,1,13
345,11:25,7,7,판교,7,"12,15,42,44,57,72,79"
345,11:25,8,8,동탄/용인,1,67
345,11:25,9,9,평택,5,"5,9,32,52,62"
346,11:26,1,1,서울역,4,"3,7,16,20"
346,11:26,10,10,인천공항,2,"17,49"
346,11:26,2,2,수서,7,"4,21,22,40,61,65,73"
346,11:26,3,3,삼성,8,"10,18,23,33,36,41,68,71"
346,11:26,4,4,여의도,5,"14,25,47,60,64"
346,11:26,5,5,김포공항,4,"0,6,35,59"
346,11:26,6,6,일산,1,13
346,11:26,7,7,판교,7,"12,15,42,44,57,69,72"
346,11:26,8,8,동탄/용인,2,"67,74"
346,11:26,9,9,평택,6,"9,29,31,32,52,62"
347,11:27,1,1,서울역,3,"7,16,20"
347,11:27,10,10,인천공항,2,"17,49"
347,11:27,2,2,수서,6,"4,21,22,40,65,73"
347,11:27,3,3,삼성,8,"10,23,33,36,41,68,71,75"
347,11:27,4,4,여의도,5,"14,25,47,60,64"
347,11:27,5,5,김포공항,3,"6,35,59"
347,11:27,6,6,일산,4,"13,50,55,56"
347,11:27,7,7,판교,8,"1,12,15,42,44,57,69,72"
347,11:27,8,8,동탄/용인,2,"67,74"
347,11:27,9,9,평택,7,"9,29,31,32,39,52,62"
348,11:28,1,1,서울역,2,"7,16"
348,11:28,10,10,인천공항,2,"17,49"
348,11:28,2,2,수서,6,"4,34,40,43,65,73"
348,11:28,3,3,삼성,8,"10,23,33,36,41,68,71,75"
348,11:28,4,4,여의도,7,"11,14,25,37,47,60,64"
348,11:28,5,5,김포공항,2,"6,35"
348,11:28,6,6,일산,3,"50,55,56"
348,11:28,7,7,판교,9,"1,12,15,42,44,48,57,69,72"
348,11:28,8,8,동탄/용인,2,"67,74"
348,11:28,9,9,평택,6,"29,31,32,39,52,62"
349,11:29,1,1,서울역,2,"7,16"
349,11:29,10,10,인천공항,2,"17,49"
349,11:29,2,2,수서,6,"4,34,40,43,65,73"
349,11:29,3,3,삼성,6,"10,23,33,68,71,75"
349,11:29,4,4,여의도,6,"11,14,25,37,38,64"
349,11:29,5,5,김포공항,2,"6,35"
349,11:29,6,6,일산,4,"50,55,56,63"
349,11:29,7,7,판교,9,"1,12,15,42,44,48,57,69,72"
349,11:29,8,8,동탄/용인,2,"30,67"
349,11:29,9,9,평택,6,"29,31,32,39,52,62"
350,11:30,1,1,서울역,2,"7,16"
350,11:30,10,10,인천공항,2,"17,49"
350,11:30,2,2,수서,7,"4,18,34,40,43,65,73"
350,11:30,3,3,삼성,4,"23,68,71,75"
350,11:30,4,4,여의도,7,"2,11,14,25,37,38,64"
350,11:30,5,5,김포공항,2,"6,35"
350,11:30,6,6,일산,4,"45,50,63,66"
350,11:30,7,7,판교,8,"1,12,15,44,48,51,69,72"
350,11:30,8,8,동탄/용인,2,"30,67"
350,11:30,9,9,평택,7,"29,31,32,39,52,58,62"
351,11:31,1,1,서울역,2,"7,16"
351,11:31,10,10,인천공항,3,"17,28,49"
351,11:31,2,2,수서,6,"4,18,34,40,65,73"
351,11:31,3,3,삼성,5,"23,54,68,71,75"
351,11:31,4,4,여의도,7,"2,14,24,25,37,38,64"
351,11:31,5,5,김포공항,1,35
351,11:31,6,6,일산,5,"45,50,63,66,78"
351,11:31,7,7,판교,6,"1,12,44,51,69,72"
351,11:31,8,8,동탄/용인,2,"30,67"
351,11:31,9,9,평택,6,"29,31,32,39,58,62"
352,11:32,1,1,서울역,3,"7,16,53"
352,11:32,10,10,인천공항,3,"17,28,49"
352,11:32,2,2,수서,6,"18,19,34,40,65,73"
352,11:32,3,3,삼성,4,"54,68,71,75"
352,11:32,4,4,여의도,8,"2,14,20,24,25,37,38,64"
352,11:32,6,6,일산,5,"45,50,63,66,78"
352,11:32,7,7,판교,6,"1,12,44,51,69,72"
352,11:32,8,8,동탄/용인,2,"30,67"
352,11:32,9,9,평택,6,"29,31,32,39,58,62"
353,11:33,1,1,서울역,3,"7,16,53"
353,11:33,10,10,인천공항,3,"17,28,49"
353,11:33,2,2,수서,5,"19,34,40,65,73"
353,11:33,3,3,삼성,5,"3,54,68,71,75"
353,11:33,4,4,여의도,9,"2,14,20,24,25,37,38,64,79"
353,11:33,6,6,일산,4,"45,63,77,78"
353,11:33,7,7,판교,7,"1,12,44,51,61,69,72"
353,11:33,8,8,동탄/용인,2,"30,67"
353,11:33,9,9,평택,6,"29,31,32,58,62,70"
354,11:34,1,1,서울역,3,"7,16,53"
354,11:34,10,10,인천공항,3,"17,28,49"
354,11:34,2,2,수서,4,"19,40,65,73"
354,11:34,3,3,삼성,7,"3,26,43,54,68,71,75"
354,11:34,4,4,여의도,10,"2,8,20,21,24,25,27,38,64,79"
354,11:34,6,6,일산,4,"45,63,77,78"
354,11:34,7,7,판교,7,"1,12,44,51,61,69,72"
354,11:34,8,8,동탄/용인,1,30
354,11:34,9,9,평택,7,"29,31,32,46,58,62,70"
355,11:35,1,1,서울역,4,"7,11,16,53"
355,11:35,10,10,인천공항,3,"17,28,49"
355,11:35,2,2,수서,5,"19,23,40,65,73"
355,11:35,3,3,삼성,8,"0,3,26,43,54,68,71,75"
355,11:35,4,4,여의도,9,"2,8,20,21,24,25,27,64,79"
355,11:35,6,6,일산,4,"45,63,77,78"
355,11:35,7,7,판교,7,"1,12,44,51,61,69,72"
355,11:35,8,8,동탄/용인,1,30
355,11:35,9,9,평택,7,"29,31,32,46,58,62,70"
356,11:36,1,1,서울역,5,"7,10,11,16,53"
356,11:36,10,10,인천공항,2,"17,28"
356,11:36,2,2,수서,5,"19,23,40,65,73"
356,11:36,3,3,삼성,8,"0,18,26,43,54,68,71,75"
356,11:36,4,4,여의도,10,"2,8,20,21,24,25,27,41,64,79"
356,11:36,5,5,김포공항,1,22
356,11:36,6,6,일산,3,"63,77,78"
356,11:36,7,7,판교,8,"1,12,44,47,51,61,69,72"
356,11:36,8,8,동탄/용인,1,30
356,11:36,9,9,평택,8,"29,31,32,46,58,62,70,76"
357,11:37,1,1,서울역,6,"7,10,11,16,42,53"
357,11:37,10,10,인천공항,2,"17,28"
357,11:37,2,2,수서,5,"19,23,40,65,73"
357,11:37,3,3,삼성,8,"0,18,26,43,54,68,71,75"
357,11:37,4,4,여의도,10,"2,20,24,25,27,41,56,57,64,79"
357,11:37,5,5,김포공항,1,22
357,11:37,6,6,일산,3,"63,77,78"
357,11:37,7,7,판교,7,"1,12,44,47,51,61,72"
357,11:37,8,8,동탄/용인,2,"30,52"
357,11:37,9,9,평택,8,"29,31,32,46,58,62,70,76"
358,11:38,1,1,서울역,6,"7,10,11,16,42,53"
358,11:38,10,10,인천공항,2,"17,28"
358,11:38,2,2,수서,4,"19,23,65,73"
358,11:38,3,3,삼성,7,"18,26,43,54,68,71,75"
358,11:38,4,4,여의도,10,"2,15,24,27,41,48,56,57,64,79"
358,11:38,5,5,김포공항,1,22
358,11:38,6,6,일산,3,"63,77,78"
358,11:38,7,7,판교,6,"1,12,44,47,51,61"
358,11:38,8,8,동탄/용인,1,52
358,11:38,9,9,평택,8,"29,31,32,46,58,62,70,76"
359,11:39,1,1,서울역,6,"7,10,11,16,42,53"
359,11:39,10,10,인천공항,2,"17,28"
359,11:39,2,2,수서,5,"3,19,23,65,73"
359,11:39,3,3,삼성,7,"6,26,43,54,68,71,75"
359,11:39,4,4,여의도,8,"15,24,27,48,56,57,64,79"
359,11:39,5,5,김포공항,1,22
359,11:39,6,6,일산,2,"63,78"
359,11:39,7,7,판교,4,"12,44,47,61"
359,11:39,8,8,동탄/용인,1,52
359,11:39,9,9,평택,8,"29,31,32,46,58,62,70,76"
360,11:40,1,1,서울역,7,"7,10,11,16,42,50,53"
360,11:40,10,10,인천공항,1,17
360,11:40,2,2,수서,4,"3,23,65,73"
360,11:40,3,3,삼성,8,"6,26,43,54,55,68,71,75"
360,11:40,4,4,여의도,7,"15,27,34,48,57,64,79"
360,11:40,5,5,김포공항,2,"4,22"
360,11:40,6,6,일산,2,"63,78"
360,11:40,7,7,판교,5,"12,13,44,47,61"
360,11:40,8,8,동탄/용인,1,52
360,11:40,9,9,평택,8,"29,31,32,46,58,62,70,76"
361,11:41,1,1,서울역,7,"7,10,11,16,42,50,53"
361,11:41,10,10,인천공항,1,17
361,11:41,2,2,수서,5,"3,23,38,65,73"
361,11:41,3,3,삼성,8,"6,26,43,54,55,68,71,75"
361,11:41,4,4,여의도,8,"5,15,27,34,48,57,64,79"
361,11:41,5,5,김포공항,2,"4,22"
361,11:41,6,6,일산,2,"63,78"
361,11:41,7,7,판교,5,"12,13,44,47,61"
361,11:41,8,8,동탄/용인,1,52
361,11:41,9,9,평택,7,"31,32,46,58,62,70,76"
362,11:42,1,1,서울역,6,"7,11,16,42,50,53"
362,11:42,10,10,인천공항,1,17
362,11:42,2,2,수서,5,"3,23,38,65,73"
362,11:42,3,3,삼성,8,"6,26,43,54,55,68,71,75"
362,11:42,4,4,여의도,8,"5,15,27,34,48,57,64,79"
362,11:42,5,5,김포공항,2,"4,22"
362,11:42,6,6,일산,1,63
362,11:42,7,7,판교,4,"12,13,44,47"
362,11:42,8,8,동탄/용인,1,52
362,11:42,9,9,평택,7,"31,32,46,58,62,70,76"
363,11:43,1,1,서울역,5,"7,11,16,42,53"
363,11:43,10,10,인천공항,1,17
363,11:43,2,2,수서,6,"3,21,23,38,65,73"
363,11:43,3,3,삼성,7,"6,43,54,55,68,71,75"
363,11:43,4,4,여의도,8,"5,9,15,27,34,48,64,79"
363,11:43,5,5,김포공항,2,"4,22"
363,11:43,6,6,일산,1,63
363,11:43,7,7,판교,4,"12,13,44,47"
363,11:43,8,8,동탄/용인,1,52
363,11:43,9,9,평택,7,"31,32,46,58,62,70,76"
364,11:44,1,1,서울역,6,"0,7,11,16,42,53"
364,11:44,10,10,인천공항,1,17
364,11:44,2,2,수서,7,"3,21,23,25,38,65,73"
364,11:44,3,3,삼성,8,"6,8,43,54,55,68,71,75"
364,11:44,4,4,여의도,8,"5,9,27,34,48,64,69,79"
364,11:44,5,5,김포공항,2,"4,22"
364,11:44,6,6,일산,1,63
364,11:44,7,7,판교,4,"12,13,44,47"
364,11:44,8,8,동탄/용인,1,52
364,11:44,9,9,평택,8,"31,36,46,58,60,62,70,76"
365,11:45,1,1,서울역,6,"0,7,11,16,42,53"
365,11:45,10,10,인천공항,2,"17,33"
365,11:45,2,2,수서,7,"3,21,23,25,38,65,73"
365,11:45,3,3,삼성,8,"6,8,43,54,55,68,71,75"
365,11:45,4,4,여의도,9,"5,9,27,34,48,64,69,72,79"
365,11:45,5,5,김포공항,2,"4,22"
365,11:45,6,6,일산,1,63
365,11:45,7,7,판교,3,"12,13,44"
365,11:45,8,8,동탄/용인,1,52
365,11:45,9,9,평택,9,"31,36,46,58,59,60,62,70,76"
366,11:46,1,1,서울역,6,"0,7,11,16,42,53"
366,11:46,10,10,인천공항,2,"33,37"
366,11:46,2,2,수서,8,"3,21,25,26,38,56,65,73"
366,11:46,3,3,삼성,8,"6,8,43,54,55,68,71,75"
366,11:46,4,4,여의도,10,"1,5,9,19,34,48,64,69,72,79"
366,11:46,5,5,김포공항,3,"4,22,40"
366,11:46,6,6,일산,2,"63,74"
366,11:46,7,7,판교,3,"2,12,44"
366,11:46,8,8,동탄/용인,1,52
366,11:46,9,9,평택,9,"31,36,46,58,59,60,62,70,76"
367,11:47,1,1,서울역,6,"0,7,11,16,42,53"
367,11:47,10,10,인천공항,2,"33,37"
367,11:47,2,2,수서,7,"3,21,25,26,56,65,73"
367,11:47,3,3,삼성,8,"6,8,43,54,55,68,71,75"
367,11:47,4,4,여의도,9,"1,5,9,19,34,48,64,72,79"
367,11:47,5,5,김포공항,4,"4,18,22,40"
367,11:47,6,6,일산,2,"63,74"
367,11:47,7,7,판교,4,"2,12,24,44"
367,11:47,9,9,평택,9,"31,36,46,58,59,60,62,70,76"
368,11:48,1,1,서울역,5,"0,7,16,42,53"
368,11:48,10,10,인천공항,2,"33,37"
368,11:48,2,2,수서,6,"21,25,26,56,65,73"
368,11:48,3,3,삼성,7,"8,43,54,55,68,71,75"
368,11:48,4,4,여의도,9,"1,5,9,19,34,48,64,72,79"
368,11:48,5,5,김포공항,4,"4,18,22,40"
368,11:48,6,6,일산,2,"63,74"
368,11:48,7,7,판교,5,"2,12,24,44,45"
368,11:48,9,9,평택,9,"31,36,46,58,59,60,62,70,76"
369,11:49,1,1,서울역,6,"0,7,16,53,61,78"
369,11:49,10,10,인천공항,2,"33,37"
369,11:49,2,2,수서,6,"21,25,56,57,65,73"
369,11:49,3,3,삼성,8,"8,43,54,55,68,71,75,77"
369,11:49,4,4,여의도,7,"5,9,30,48,64,72,79"
369,11:49,5,5,김포공항,4,"4,18,22,40"
369,11:49,6,6,일산,3,"10,63,74"
369,11:49,7,7,판교,4,"2,24,44,45"
369,11:49,9,9,평택,10,"14,31,35,36,58,59,60,62,70,76"
370,11:50,1,1,서울역,6,"0,7,16,53,61,78"
370,11:50,10,10,인천공항,3,"20,33,37"
370,11:50,2,2,수서,6,"15,21,56,57,65,73"
370,11:50,3,3,삼성,7,"43,54,55,68,71,75,77"
370,11:50,4,4,여의도,7,"5,9,30,48,64,72,79"
370,11:50,5,5,김포공항,5,"4,18,22,39,40"
370,11:50,6,6,일산,3,"10,63,74"
370,11:50,7,7,판교,5,"2,24,44,45,50"
370,11:50,8,8,동탄/용인,1,66
370,11:50,9,9,평택,10,"14,31,35,36,58,59,60,62,70,76"
371,11:51,1,1,서울역,6,"0,7,16,53,61,78"
371,11:51,10,10,인천공항,3,"20,33,37"
371,11:51,2,2,수서,6,"15,21,56,57,65,73"
371,11:51,3,3,삼성,8,"43,49,54,55,68,71,75,77"
371,11:51,4,4,여의도,6,"9,30,48,64,72,79"
371,11:51,5,5,김포공항,5,"4,18,22,39,40"
371,11:51,6,6,일산,5,"10,51,63,67,74"
371,11:51,7,7,판교,5,"2,24,44,45,50"
371,11:51,8,8,동탄/용인,1,66
371,11:51,9,9,평택,10,"14,31,35,36,58,59,60,62,70,76"
372,11:52,1,1,서울역,6,"0,7,16,53,61,78"
372,11:52,10,10,인천공항,3,"20,33,37"
372,11:52,2,2,수서,5,"15,21,56,65,73"
372,11:52,3,3,삼성,7,"43,49,54,55,68,71,75"
372,11:52,4,4,여의도,6,"9,30,48,64,72,79"
372,11:52,5,5,김포공항,4,"18,22,39,40"
372,11:52,6,6,일산,4,"10,51,67,74"
372,11:52,7,7,판교,5,"2,24,44,45,50"
372,11:52,8,8,동탄/용인,2,"47,66"
372,11:52,9,9,평택,9,"14,35,36,58,59,60,62,70,76"
373,11:53,1,1,서울역,7,"0,1,7,16,53,61,78"
373,11:53,10,10,인천공항,3,"20,33,37"
373,11:53,2,2,수서,5,"15,21,56,65,73"
373,11:53,3,3,삼성,8,"25,43,49,54,55,68,71,75"
373,11:53,4,4,여의도,6,"9,30,48,64,72,79"
373,11:53,5,5,김포공항,4,"18,22,39,40"
373,11:53,6,6,일산,4,"10,51,67,74"
373,11:53,7,7,판교,5,"2,27,44,45,50"
373,11:53,8,8,동탄/용인,2,"47,66"
373,11:53,9,9,평택,9,"14,35,36,58,59,60,62,70,76"
374,11:54,1,1,서울역,9,"0,1,6,7,16,38,53,61,78"
374,11:54,10,10,인천공항,3,"20,33,37"
374,11:54,2,2,수서,5,"15,21,56,65,73"
374,11:54,3,3,삼성,8,"25,43,49,54,55,68,71,75"
374,11:54,4,4,여의도,6,"9,30,48,64,72,79"
374,11:54,5,5,김포공항,4,"18,22,39,40"
374,11:54,6,6,일산,4,"10,51,67,74"
374,11:54,7,7,판교,5,"2,27,44,45,50"
374,11:54,8,8,동탄/용인,2,"47,66"
374,11:54,9,9,평택,10,"14,35,36,41,58,59,60,62,70,76"
375,11:55,1,1,서울역,8,"0,1,6,7,16,38,53,61"
375,11:55,10,10,인천공항,3,"20,33,37"
375,11:55,2,2,수서,5,"15,19,56,65,73"
375,11:55,3,3,삼성,8,"25,43,49,54,55,68,71,75"
375,11:55,4,4,여의도,6,"9,30,48,64,72,79"
375,11:55,5,5,김포공항,4,"18,22,39,40"
375,11:55,6,6,일산,4,"10,51,67,74"
375,11:55,7,7,판교,5,"2,27,44,45,50"
375,11:55,8,8,동탄/용인,2,"47,66"
375,11:55,9,9,평택,9,"14,36,41,58,59,60,62,70,76"
376,11:56,1,1,서울역,8,"0,1,6,7,16,38,53,61"
376,11:56,10,10,인천공항,3,"20,33,37"
376,11:56,2,2,수서,5,"15,19,56,65,73"
376,11:56,3,3,삼성,8,"25,43,49,54,55,68,71,75"
376,11:56,4,4,여의도,7,"12,29,30,48,64,72,79"
376,11:56,5,5,김포공항,4,"3,22,39,40"
376,11:56,6,6,일산,4,"10,51,67,74"
376,11:56,7,7,판교,6,"2,27,34,44,45,50"
376,11:56,8,8,동탄/용인,2,"47,66"
376,11:56,9,9,평택,9,"14,36,41,58,59,60,62,70,76"
377,11:57,1,1,서울역,7,"0,1,7,16,38,53,61"
377,11:57,10,10,인천공항,3,"20,33,37"
377,11:57,2,2,수서,6,"5,15,19,56,65,73"
377,11:57,3,3,삼성,8,"25,43,49,54,55,68,71,75"
377,11:57,4,4,여의도,7,"8,12,29,30,48,64,79"
377,11:57,5,5,김포공항,4,"3,22,39,40"
377,11:57,6,6,일산,5,"10,23,51,67,74"
377,11:57,7,7,판교,6,"2,27,34,44,45,50"
377,11:57,8,8,동탄/용인,2,"47,66"
377,11:57,9,9,평택,9,"14,36,41,58,59,60,62,70,76"
378,11:58,1,1,서울역,7,"0,1,7,16,38,53,61"
378,11:58,10,10,인천공항,3,"20,33,37"
378,11:58,2,2,수서,6,"5,15,19,56,65,73"
378,11:58,3,3,삼성,8,"25,43,49,54,55,68,71,75"
378,11:58,4,4,여의도,8,"8,12,29,30,48,57,64,79"
378,11:58,5,5,김포공항,4,"3,22,39,40"
378,11:58,6,6,일산,4,"10,23,51,67"
378,11:58,7,7,판교,6,"2,27,34,44,45,50"
378,11:58,8,8,동탄/용인,2,"47,66"
378,11:58,9,9,평택,10,"13,14,36,41,58,59,60,62,70,76"
379,11:59,1,1,서울역,8,"0,1,7,16,38,53,61,63"
379,11:59,10,10,인천공항,4,"20,33,37,69"
379,11:59,2,2,수서,6,"5,15,19,56,65,73"
379,11:59,3,3,삼성,8,"32,43,49,54,55,68,71,75"
379,11:59,4,4,여의도,8,"8,12,29,48,57,64,78,79"
379,11:59,5,5,김포공항,4,"3,22,39,40"
379,11:59,6,6,일산,4,"10,23,51,67"
379,11:59,7,7,판교,5,"27,34,44,45,50"
379,11:59,8,8,동탄/용인,2,"47,66"
379,11:59,9,9,평택,11,"13,14,28,36,41,58,59,60,62,70,76"
380,12:00,1,1,서울역,6,"0,7,16,53,61,63"
380,12:00,10,10,인천공항,4,"20,33,37,69"
380,12:00,2,2,수서,3,"15,19,73"
380,12:00,3,3,삼성,8,"32,43,49,54,55,68,71,75"
380,12:00,4,4,여의도,7,"8,12,29,57,64,78,79"
380,12:00,5,5,김포공항,3,"3,22,40"
380,12:00,6,6,일산,4,"10,23,26,51"
380,12:00,7,7,판교,5,"27,34,44,45,50"
380,12:00,8,8,동탄/용인,2,"47,66"
380,12:00,9,9,평택,11,"13,14,28,36,41,58,59,60,62,70,76"
381,12:01,1,1,서울역,6,"0,7,16,53,61,63"
381,12:01,10,10,인천공항,4,"20,33,37,69"
381,12:01,2,2,수서,3,"15,19,73"
381,12:01,3,3,삼성,9,"17,32,43,49,54,55,68,71,75"
381,12:01,4,4,여의도,7,"8,12,29,57,64,78,79"
381,12:01,5,5,김포공항,2,"3,40"
381,12:01,6,6,일산,4,"10,23,26,51"
381,12:01,7,7,판교,5,"27,34,44,45,50"
381,12:01,8,8,동탄/용인,2,"47,66"
381,12:01,9,9,평택,11,"13,14,28,36,41,58,59,60,62,70,76"
382,12:02,1,1,서울역,6,"0,7,16,53,61,63"
382,12:02,10,10,인천공항,4,"20,33,37,69"
382,12:02,2,2,수서,4,"9,15,19,73"
382,12:02,3,3,삼성,9,"17,32,43,49,54,55,68,71,75"
382,12:02,4,4,여의도,7,"8,12,29,57,64,78,79"
382,12:02,5,5,김포공항,2,"3,40"
382,12:02,6,6,일산,4,"10,23,26,51"
382,12:02,7,7,판교,3,"44,45,50"
382,12:02,8,8,동탄/용인,2,"47,66"
382,12:02,9,9,평택,11,"13,14,28,36,41,58,59,60,62,70,76"
383,12:03,1,1,서울역,6,"0,7,16,53,61,63"
383,12:03,10,10,인천공항,4,"20,33,37,69"
383,12:03,2,2,수서,4,"9,15,19,73"
383,12:03,3,3,삼성,10,"6,17,32,43,49,54,55,68,71,75"
383,12:03,4,4,여의도,7,"8,12,29,57,64,78,79"
383,12:03,5,5,김포공항,3,"3,21,40"
383,12:03,6,6,일산,3,"23,26,51"
383,12:03,7,7,판교,1,50
383,12:03,8,8,동탄/용인,2,"47,66"
383,12:03,9,9,평택,10,"13,14,28,41,58,59,60,62,70,76"
384,12:04,1,1,서울역,6,"0,7,16,53,61,63"
384,12:04,10,10,인천공항,3,"20,33,69"
384,12:04,2,2,수서,3,"9,15,73"
384,12:04,3,3,삼성,11,"6,17,32,43,49,54,55,68,71,72,75"
384,12:04,4,4,여의도,7,"8,12,29,38,64,78,79"
384,12:04,5,5,김포공항,3,"3,21,40"
384,12:04,6,6,일산,4,"23,26,51,52"
384,12:04,8,8,동탄/용인,2,"47,66"
384,12:04,9,9,평택,11,"11,13,14,28,41,58,59,60,62,70,76"
385,12:05,1,1,서울역,5,"0,7,16,53,61"
385,12:05,10,10,인천공항,3,"20,33,69"
385,12:05,2,2,수서,3,"9,15,73"
385,12:05,3,3,삼성,10,"6,17,43,49,54,55,68,71,72,75"
385,12:05,4,4,여의도,6,"8,29,38,64,78,79"
385,12:05,5,5,김포공항,2,"21,40"
385,12:05,6,6,일산,4,"23,26,51,52"
385,12:05,8,8,동탄/용인,2,"47,66"
385,12:05,9,9,평택,13,"11,13,14,24,28,41,42,58,59,60,62,70,76"
386,12:06,1,1,서울역,5,"0,7,16,53,61"
386,12:06,10,10,인천공항,3,"20,33,69"
386,12:06,2,2,수서,3,"9,15,73"
386,12:06,3,3,삼성,10,"6,17,43,49,54,55,68,71,72,75"
386,12:06,4,4,여의도,6,"2,29,38,64,78,79"
386,12:06,5,5,김포공항,3,"21,40,46"
386,12:06,6,6,일산,4,"23,26,51,52"
386,12:06,7,7,판교,1,56
386,12:06,8,8,동탄/용인,1,66
386,12:06,9,9,평택,13,"11,13,14,24,28,41,42,58,59,60,62,70,76"
387,12:07,1,1,서울역,5,"0,5,7,53,65"
387,12:07,10,10,인천공항,2,"33,69"
387,12:07,2,2,수서,3,"9,15,73"
387,12:07,3,3,삼성,9,"6,43,49,54,55,68,71,72,75"
387,12:07,4,4,여의도,7,"2,29,31,38,64,78,79"
387,12:07,5,5,김포공항,4,"21,25,40,46"
387,12:07,6,6,일산,4,"23,26,51,52"
387,12:07,7,7,판교,3,"1,48,56"
387,12:07,8,8,동탄/용인,1,66
387,12:07,9,9,평택,12,"11,24,28,41,42,58,59,60,62,70,76,77"
388,12:08,1,1,서울역,5,"0,5,7,53,65"
388,12:08,10,10,인천공항,1,33
388,12:08,2,2,수서,3,"9,15,73"
388,12:08,3,3,삼성,9,"6,43,49,54,55,68,71,72,75"
388,12:08,4,4,여의도,6,"2,31,38,64,78,79"
388,12:08,5,5,김포공항,4,"21,25,40,46"
388,12:08,6,6,일산,4,"23,26,51,52"
388,12:08,7,7,판교,3,"1,48,56"
388,12:08,8,8,동탄/용인,1,66
388,12:08,9,9,평택,12,"11,24,28,41,42,58,59,60,62,70,76,77"
389,12:09,1,1,서울역,7,"0,5,7,27,34,53,65"
389,12:09,10,10,인천공항,1,33
389,12:09,2,2,수서,4,"9,15,45,73"
389,12:09,3,3,삼성,9,"6,43,49,54,55,68,71,72,75"
389,12:09,4,4,여의도,5,"2,31,38,64,79"
389,12:09,5,5,김포공항,4,"21,25,40,46"
389,12:09,6,6,일산,4,"23,26,51,52"
389,12:09,7,7,판교,2,"1,48"
389,12:09,8,8,동탄/용인,1,66
389,12:09,9,9,평택,13,"4,11,24,28,41,42,58,59,60,62,70,76,77"
390,12:10,1,1,서울역,7,"0,7,10,27,34,53,65"
390,12:10,2,2,수서,4,"9,15,45,73"
390,12:10,3,3,삼성,8,"6,43,49,54,55,68,71,75"
390,12:10,4,4,여의도,4,"2,31,64,79"
390,12:10,5,5,김포공항,3,"21,40,46"
390,12:10,6,6,일산,4,"23,26,51,52"
390,12:10,7,7,판교,3,"39,48,74"
390,12:10,8,8,동탄/용인,2,"18,66"
390,12:10,9,9,평택,12,"4,24,28,41,42,58,59,60,62,70,76,77"
391,12:11,1,1,서울역,9,"0,7,10,27,34,35,50,53,65"
391,12:11,10,10,인천공항,1,30
391,12:11,2,2,수서,3,"15,45,73"
391,12:11,3,3,삼성,8,"6,43,49,54,55,68,71,75"
391,12:11,4,4,여의도,4,"2,31,64,79"
391,12:11,5,5,김포공항,3,"21,40,46"
391,12:11,6,6,일산,4,"23,26,51,52"
391,12:11,7,7,판교,4,"22,39,48,74"
391,12:11,8,8,동탄/용인,2,"18,66"
391,12:11,9,9,평택,11,"4,28,41,42,58,59,60,62,70,76,77"
392,12:12,1,1,서울역,8,"0,7,10,27,35,50,53,65"
392,12:12,10,10,인천공항,1,30
392,12:12,2,2,수서,2,"15,73"
392,12:12,3,3,삼성,8,"12,43,49,54,55,68,71,75"
392,12:12,4,4,여의도,4,"2,31,64,79"
392,12:12,5,5,김포공항,4,"19,21,40,46"
392,12:12,6,6,일산,4,"23,26,51,52"
392,12:12,7,7,판교,6,"22,39,48,63,67,74"
392,12:12,8,8,동탄/용인,2,"18,66"
392,12:12,9,9,평택,11,"4,28,41,42,58,59,60,62,70,76,77"
393,12:13,1,1,서울역,8,"0,7,10,17,27,35,50,53"
393,12:13,10,10,인천공항,1,30
393,12:13,2,2,수서,3,"15,72,73"
393,12:13,3,3,삼성,9,"3,12,43,49,54,55,68,71,75"
393,12:13,4,4,여의도,4,"2,31,64,79"
393,12:13,5,5,김포공항,4,"19,21,40,46"
393,12:13,6,6,일산,4,"23,26,51,52"
393,12:13,7,7,판교,5,"8,22,63,67,74"
393,12:13,8,8,동탄/용인,2,"13,66"
393,12:13,9,9,평택,11,"4,28,41,42,58,59,60,62,70,76,77"
394,12:14,1,1,서울역,8,"0,7,10,17,27,35,50,53"
394,12:14,10,10,인천공항,1,30
394,12:14,2,2,수서,3,"15,72,73"
394,12:14,3,3,삼성,9,"3,12,43,49,54,55,68,71,75"
394,12:14,4,4,여의도,4,"2,31,64,79"
394,12:14,5,5,김포공항,4,"19,21,40,46"
394,12:14,6,6,일산,4,"23,26,51,52"
394,12:14,7,7,판교,5,"8,22,63,67,74"
394,12:14,8,8,동탄/용인,2,"13,66"
394,12:14,9,9,평택,11,"4,28,41,42,58,59,60,62,70,76,77"
395,12:15,1,1,서울역,8,"0,7,10,17,27,35,50,53"
395,12:15,10,10,인천공항,1,30
395,12:15,2,2,수서,3,"15,72,73"
395,12:15,3,3,삼성,9,"3,12,43,49,54,55,68,71,75"
395,12:15,4,4,여의도,3,"31,64,79"
395,12:15,5,5,김포공항,4,"19,21,40,46"
395,12:15,6,6,일산,6,"23,26,32,44,51,52"
395,12:15,7,7,판교,6,"8,22,29,63,67,74"
395,12:15,8,8,동탄/용인,2,"13,66"
395,12:15,9,9,평택,11,"4,28,41,42,58,59,60,62,70,76,77"
396,12:16,1,1,서울역,8,"0,7,10,17,27,35,50,53"
396,12:16,10,10,인천공항,1,30
396,12:16,2,2,수서,3,"15,72,73"
396,12:16,3,3,삼성,10,"3,5,12,43,49,54,55,68,71,75"
396,12:16,4,4,여의도,5,"31,37,56,64,79"
396,12:16,5,5,김포공항,4,"19,21,40,46"
396,12:16,6,6,일산,6,"23,26,32,44,51,52"
396,12:16,7,7,판교,6,"8,22,29,63,67,74"
396,12:16,8,8,동탄/용인,1,66
396,12:16,9,9,평택,11,"4,28,41,42,58,59,60,62,70,76,77"
397,12:17,1,1,서울역,9,"0,1,7,10,17,27,35,50,53"
397,12:17,10,10,인천공항,1,30
397,12:17,2,2,수서,3,"15,72,73"
397,12:17,3,3,삼성,10,"3,5,12,43,49,54,55,68,71,75"
397,12:17,4,4,여의도,6,"31,37,47,56,64,79"
397,12:17,5,5,김포공항,4,"19,21,40,46"
397,12:17,6,6,일산,7,"23,25,26,32,44,51,52"
397,12:17,7,7,판교,6,"8,22,29,63,67,74"
397,12:17,8,8,동탄/용인,1,66
397,12:17,9,9,평택,11,"4,28,41,42,58,59,60,62,70,76,77"
398,12:18,1,1,서울역,9,"0,1,7,10,17,27,35,50,53"
398,12:18,10,10,인천공항,1,30
398,12:18,2,2,수서,3,"15,72,73"
398,12:18,3,3,삼성,10,"3,5,12,43,49,54,55,68,71,75"
398,12:18,4,4,여의도,6,"31,37,47,56,64,79"
398,12:18,5,5,김포공항,4,"19,21,40,46"
398,12:18,6,6,일산,7,"23,25,26,32,44,51,52"
398,12:18,7,7,판교,6,"8,22,29,63,67,74"
398,12:18,8,8,동탄/용인,1,66
398,12:18,9,9,평택,11,"4,28,41,42,58,59,60,62,70,76,77"
399,12:19,1,1,서울역,10,"0,1,2,7,10,17,27,35,50,53"
399,12:19,10,10,인천공항,1,30
399,12:19,2,2,수서,4,"15,39,72,73"
399,12:19,3,3,삼성,10,"3,5,12,43,49,54,55,68,71,75"
399,12:19,4,4,여의도,6,"20,31,37,47,64,79"
399,12:19,5,5,김포공항,5,"9,19,21,40,46"
399,12:19,6,6,일산,7,"23,25,26,32,44,51,52"
399,12:19,7,7,판교,7,"8,22,29,34,63,67,74"
399,12:19,8,8,동탄/용인,1,66
399,12:19,9,9,평택,13,"4,18,28,41,42,57,58,59,60,62,70,76,77"
400,12:20,1,1,서울역,8,"2,7,10,17,27,35,50,53"
400,12:20,10,10,인천공항,3,"16,30,61"
400,12:20,2,2,수서,3,"39,72,73"
400,12:20,3,3,삼성,9,"5,12,43,49,54,55,68,71,75"
400,12:20,4,4,여의도,6,"20,31,37,47,64,79"
400,12:20,5,5,김포공항,5,"9,19,21,45,46"
400,12:20,6,6,일산,7,"23,25,26,32,44,51,52"
400,12:20,7,7,판교,5,"8,29,34,63,67"
400,12:20,9,9,평택,13,"4,18,28,41,42,57,58,59,60,62,70,76,77"
401,12:21,1,1,서울역,8,"2,7,10,17,27,35,50,53"
401,12:21,10,10,인천공항,3,"16,30,61"
401,12:21,2,2,수서,3,"39,72,73"
401,12:21,3,3,삼성,9,"5,12,43,49,54,55,68,71,75"
401,12:21,4,4,여의도,6,"20,31,37,47,64,79"
401,12:21,5,5,김포공항,5,"9,19,21,45,46"
401,12:21,6,6,일산,6,"23,25,26,44,51,52"
401,12:21,7,7,판교,4,"8,34,63,67"
401,12:21,9,9,평택,13,"4,18,28,41,42,57,58,59,60,62,70,76,77"
402,12:22,1,1,서울역,8,"2,7,10,17,27,35,50,53"
402,12:22,10,10,인천공항,4,"16,30,36,61"
402,12:22,2,2,수서,2,"72,73"
402,12:22,3,3,삼성,8,"12,43,49,54,55,68,71,75"
402,12:22,4,4,여의도,6,"14,31,37,47,64,79"
402,12:22,5,5,김포공항,5,"9,19,21,45,46"
402,12:22,6,6,일산,6,"23,25,26,44,51,52"
402,12:22,7,7,판교,3,"34,63,67"
402,12:22,9,9,평택,13,"4,18,28,41,42,57,58,59,60,62,70,76,77"
403,12:23,1,1,서울역,8,"2,7,10,17,27,35,50,53"
403,12:23,10,10,인천공항,4,"16,30,36,61"
403,12:23,2,2,수서,2,"72,73"
403,12:23,3,3,삼성,9,"12,43,49,54,55,68,69,71,75"
403,12:23,4,4,여의도,6,"14,31,37,47,64,79"
403,12:23,5,5,김포공항,4,"19,21,45,46"
403,12:23,6,6,일산,6,"23,25,26,44,51,52"
403,12:23,7,7,판교,2,"34,67"
403,12:23,9,9,평택,12,"4,18,28,41,57,58,59,60,62,70,76,77"
404,12:24,1,1,서울역,8,"2,7,10,17,27,35,50,53"
404,12:24,10,10,인천공항,4,"16,30,36,61"
404,12:24,2,2,수서,2,"72,73"
404,12:24,3,3,삼성,9,"12,43,49,54,55,68,69,71,75"
404,12:24,4,4,여의도,6,"14,31,37,47,64,79"
404,12:24,5,5,김포공항,4,"19,21,45,46"
404,12:24,6,6,일산,6,"23,25,26,44,51,52"
404,12:24,7,7,판교,2,"34,67"
404,12:24,9,9,평택,13,"4,18,28,41,57,58,59,60,62,70,76,77,78"
405,12:25,1,1,서울역,7,"2,10,17,27,35,50,53"
405,12:25,10,10,인천공항,4,"16,30,36,61"
405,12:25,2,2,수서,1,73
405,12:25,3,3,삼성,10,"12,33,43,49,54,55,68,69,71,75"
405,12:25,4,4,여의도,6,"11,31,37,47,64,79"
405,12:25,5,5,김포공항,4,"19,21,45,46"
405,12:25,6,6,일산,6,"23,25,26,44,51,52"
405,12:25,7,7,판교,2,"34,67"
405,12:25,9,9,평택,14,"4,28,38,41,48,57,58,59,60,62,70,76,77,78"
406,12:26,1,1,서울역,7,"2,10,17,27,35,50,53"
406,12:26,10,10,인천공항,5,"16,30,36,61,65"
406,12:26,2,2,수서,1,73
406,12:26,3,3,삼성,9,"33,43,49,54,55,68,69,71,75"
406,12:26,4,4,여의도,6,"11,31,37,47,64,79"
406,12:26,5,5,김포공항,3,"21,45,46"
406,12:26,6,6,일산,5,"23,26,44,51,52"
406,12:26,7,7,판교,3,"15,34,67"
406,12:26,9,9,평택,13,"4,28,38,41,48,58,59,60,62,70,76,77,78"
407,12:27,1,1,서울역,8,"2,10,17,24,27,35,50,53"
407,12:27,10,10,인천공항,6,"6,16,30,36,61,65"
407,12:27,2,2,수서,1,73
407,12:27,3,3,삼성,9,"33,43,49,54,55,68,69,71,75"
407,12:27,4,4,여의도,8,"11,13,22,31,37,47,64,79"
407,12:27,5,5,김포공항,2,"21,45"
407,12:27,6,6,일산,6,"0,23,26,44,51,52"
407,12:27,7,7,판교,5,"1,3,15,34,67"
407,12:27,8,8,동탄/용인,1,74
407,12:27,9,9,평택,13,"4,28,38,41,48,58,59,60,62,70,76,77,78"
408,12:28,1,1,서울역,8,"2,10,17,24,27,35,50,53"
408,12:28,10,10,인천공항,4,"6,16,61,65"
408,12:28,2,2,수서,2,"20,73"
408,12:28,3,3,삼성,10,"33,40,43,49,54,55,68,69,71,75"
408,12:28,4,4,여의도,8,"13,22,29,31,37,47,64,79"
408,12:28,5,5,김포공항,2,"21,45"
408,12:28,6,6,일산,5,"0,23,26,51,52"
408,12:28,7,7,판교,4,"1,3,15,67"
408,12:28,8,8,동탄/용인,1,74
408,12:28,9,9,평택,13,"4,28,38,41,48,58,59,60,62,70,76,77,78"
409,12:29,1,1,서울역,9,"2,10,17,24,27,35,39,50,53"
409,12:29,10,10,인천공항,3,"6,61,65"
409,12:29,2,2,수서,2,"20,73"
409,12:29,3,3,삼성,10,"33,40,43,49,54,55,68,69,71,75"
409,12:29,4,4,여의도,9,"7,13,22,29,31,37,47,64,79"
409,12:29,5,5,김포공항,2,"21,45"
409,12:29,6,6,일산,5,"0,23,26,51,52"
409,12:29,7,7,판교,4,"1,3,15,67"
409,12:29,8,8,동탄/용인,1,74
409,12:29,9,9,평택,13,"4,28,38,41,48,58,59,60,62,70,76,77,78"
410,12:30,1,1,서울역,9,"2,10,17,27,35,39,50,53,63"
410,12:30,10,10,인천공항,3,"6,61,65"
410,12:30,2,2,수서,2,"20,73"
410,12:30,3,3,삼성,10,"33,40,43,49,54,55,68,69,71,75"
410,12:30,4,4,여의도,9,"7,13,22,29,31,37,47,64,79"
410,12:30,5,5,김포공항,2,"21,45"
410,12:30,6,6,일산,4,"23,26,51,52"
410,12:30,7,7,판교,4,"1,3,15,67"
410,12:30,9,9,평택,13,"4,28,38,41,48,58,59,60,62,70,76,77,78"
411,12:31,1,1,서울역,9,"9,10,17,27,35,39,50,53,63"
411,12:31,10,10,인천공항,4,"6,56,61,65"
411,12:31,2,2,수서,1,73
411,12:31,3,3,삼성,9,"33,43,49,54,55,68,69,71,75"
411,12:31,4,4,여의도,9,"7,13,22,29,31,37,47,64,79"
411,12:31,5,5,김포공항,2,"21,45"
411,12:31,6,6,일산,3,"26,51,52"
411,12:31,7,7,판교,4,"1,3,15,67"
411,12:31,9,9,평택,13,"4,28,38,41,48,58,59,60,62,70,76,77,78"
412,12:32,1,1,서울역,9,"9,10,17,27,35,50,53,63,66"
412,12:32,10,10,인천공항,4,"6,32,56,65"
412,12:32,2,2,수서,1,73
412,12:32,3,3,삼성,9,"33,43,49,54,55,68,69,71,75"
412,12:32,4,4,여의도,8,"13,22,29,31,37,47,64,79"
412,12:32,5,5,김포공항,2,"21,45"
412,12:32,6,6,일산,3,"26,51,52"
412,12:32,7,7,판교,3,"1,3,14"
412,12:32,8,8,동탄/용인,1,57
412,12:32,9,9,평택,13,"4,28,38,41,48,58,59,60,62,70,76,77,78"
413,12:33,1,1,서울역,8,"9,10,17,27,35,50,53,66"
413,12:33,10,10,인천공항,4,"6,32,56,65"
413,12:33,2,2,수서,1,73
413,12:33,3,3,삼성,9,"33,43,49,54,55,68,69,71,75"
413,12:33,4,4,여의도,7,"22,29,31,37,47,64,79"
413,12:33,5,5,김포공항,2,"21,45"
413,12:33,6,6,일산,3,"26,51,52"
413,12:33,7,7,판교,2,"1,14"
413,12:33,8,8,동탄/용인,1,57
413,12:33,9,9,평택,13,"4,28,38,41,48,58,59,60,62,70,76,77,78"
414,12:34,1,1,서울역,8,"9,10,17,27,35,50,53,66"
414,12:34,10,10,인천공항,4,"6,32,56,65"
414,12:34,2,2,수서,2,"19,73"
414,12:34,3,3,삼성,9,"20,43,49,54,55,68,69,71,75"
414,12:34,4,4,여의도,6,"22,31,37,47,64,79"
414,12:34,5,5,김포공항,3,"11,21,45"
414,12:34,6,6,일산,4,"8,26,51,52"
414,12:34,7,7,판교,2,"1,14"
414,12:34,8,8,동탄/용인,1,57
414,12:34,9,9,평택,13,"4,28,38,41,48,58,59,60,62,70,76,77,78"
415,12:35,1,1,서울역,9,"9,10,17,27,34,35,50,53,66"
415,12:35,10,10,인천공항,4,"6,32,56,65"
415,12:35,2,2,수서,2,"19,73"
415,12:35,3,3,삼성,10,"20,43,46,49,54,55,68,69,71,75"
415,12:35,4,4,여의도,6,"22,31,37,47,64,79"
415,12:35,5,5,김포공항,3,"11,21,45"
415,12:35,6,6,일산,4,"8,26,51,52"
415,12:35,7,7,판교,2,"1,14"
415,12:35,9,9,평택,13,"4,28,38,41,48,58,59,60,62,70,76,77,78"
416,12:36,1,1,서울역,9,"9,10,17,27,34,35,50,53,66"
416,12:36,10,10,인천공항,4,"6,32,56,65"
416,12:36,2,2,수서,2,"19,73"
416,12:36,3,3,삼성,10,"20,43,46,49,54,55,68,69,71,75"
416,12:36,4,4,여의도,6,"22,31,37,47,64,79"
416,12:36,5,5,김포공항,3,"11,21,45"
416,12:36,6,6,일산,4,"8,26,51,52"
416,12:36,7,7,판교,2,"1,14"
416,12:36,8,8,동탄/용인,1,12
416,12:36,9,9,평택,13,"4,28,38,41,48,58,59,60,62,70,76,77,78"
417,12:37,1,1,서울역,9,"9,10,17,27,34,35,50,53,66"
417,12:37,10,10,인천공항,4,"6,32,56,65"
417,12:37,2,2,수서,2,"19,73"
417,12:37,3,3,삼성,9,"43,46,49,54,55,68,69,71,75"
417,12:37,4,4,여의도,6,"22,31,37,47,64,79"
417,12:37,5,5,김포공항,3,"11,21,45"
417,12:37,6,6,일산,4,"8,26,51,52"
417,12:37,7,7,판교,3,"1,14,24"
417,12:37,8,8,동탄/용인,1,12
417,12:37,9,9,평택,13,"4,5,28,38,41,58,59,60,62,70,76,77,78"
418,12:38,1,1,서울역,8,"9,10,17,27,34,35,50,53"
418,12:38,10,10,인천공항,4,"6,32,56,65"
418,12:38,2,2,수서,2,"19,73"
418,12:38,3,3,삼성,9,"43,46,49,54,55,68,69,71,75"
418,12:38,4,4,여의도,6,"22,31,37,47,64,79"
418,12:38,5,5,김포공항,3,"11,21,45"
418,12:38,6,6,일산,4,"8,26,51,52"
418,12:38,7,7,판교,2,"1,24"
418,12:38,8,8,동탄/용인,1,12
418,12:38,9,9,평택,13,"4,5,28,38,41,58,59,60,62,70,76,77,78"
419,12:39,1,1,서울역,8,"9,10,17,27,34,35,50,53"
419,12:39,10,10,인천공항,4,"6,32,56,65"
419,12:39,2,2,수서,2,"19,73"
419,12:39,3,3,삼성,9,"43,46,49,54,55,68,69,71,75"
419,12:39,4,4,여의도,7,"22,31,37,47,64,67,79"
419,12:39,5,5,김포공항,4,"11,21,40,45"
419,12:39,6,6,일산,5,"8,26,39,51,52"
419,12:39,7,7,판교,1,24
419,12:39,9,9,평택,13,"4,5,28,38,41,58,59,60,62,70,76,77,78"
420,12:40,1,1,서울역,7,"3,9,17,34,35,50,53"
420,12:40,10,10,인천공항,3,"6,32,65"
420,12:40,2,2,수서,3,"19,29,73"
420,12:40,3,3,삼성,9,"46,49,54,55,68,69,71,74,75"
420,12:40,4,4,여의도,7,"18,31,36,47,64,67,79"
420,12:40,5,5,김포공항,3,"21,40,45"
420,12:40,6,6,일산,6,"8,13,26,39,51,52"
420,12:40,7,7,판교,2,"24,44"
420,12:40,9,9,평택,12,"4,5,38,41,58,59,60,62,70,76,77,78"
421,12:41,1,1,서울역,7,"3,9,17,34,35,50,53"
421,12:41,10,10,인천공항,5,"0,6,32,65,72"
421,12:41,2,2,수서,3,"19,29,73"
421,12:41,3,3,삼성,9,"46,49,54,55,68,69,71,74,75"
421,12:41,4,4,여의도,8,"16,18,31,36,47,64,67,79"
421,12:41,5,5,김포공항,3,"21,40,45"
421,12:41,6,6,일산,6,"8,13,26,39,51,52"
421,12:41,7,7,판교,2,"24,44"
421,12:41,9,9,평택,12,"4,5,38,41,58,59,60,62,70,76,77,78"
422,12:42,1,1,서울역,6,"3,17,34,35,50,53"
422,12:42,10,10,인천공항,5,"0,6,32,65,72"
422,12:42,2,2,수서,3,"19,29,73"
422,12:42,3,3,삼성,9,"46,49,54,55,68,69,71,74,75"
422,12:42,4,4,여의도,8,"16,18,31,36,47,64,67,79"
422,12:42,5,5,김포공항,4,"15,21,40,45"
422,12:42,6,6,일산,6,"8,13,26,39,51,52"
422,12:42,7,7,판교,2,"24,44"
422,12:42,9,9,평택,12,"4,5,38,41,58,59,60,62,70,76,77,78"
423,12:43,1,1,서울역,6,"3,17,34,35,50,53"
423,12:43,10,10,인천공항,5,"0,6,32,65,72"
423,12:43,2,2,수서,2,"43,73"
423,12:43,3,3,삼성,9,"30,46,49,54,55,68,69,71,75"
423,12:43,4,4,여의도,8,"16,18,31,36,47,64,67,79"
423,12:43,5,5,김포공항,4,"15,21,40,45"
423,12:43,6,6,일산,5,"8,39,42,51,52"
423,12:43,7,7,판교,2,"23,24"
423,12:43,9,9,평택,12,"4,5,38,41,58,59,60,62,70,76,77,78"
424,12:44,1,1,서울역,6,"3,17,34,35,50,53"
424,12:44,10,10,인천공항,7,"0,2,6,7,32,65,72"
424,12:44,2,2,수서,2,"43,73"
424,12:44,3,3,삼성,9,"30,46,49,54,55,68,69,71,75"
424,12:44,4,4,여의도,8,"16,18,31,36,47,64,67,79"
424,12:44,5,5,김포공항,4,"15,21,40,45"
424,12:44,6,6,일산,5,"8,39,42,51,52"
424,12:44,7,7,판교,2,"23,24"
424,12:44,9,9,평택,12,"4,5,38,41,58,59,60,62,70,76,77,78"
425,12:45,1,1,서울역,6,"3,14,34,35,50,53"
425,12:45,10,10,인천공항,7,"0,2,6,7,32,65,72"
425,12:45,2,2,수서,2,"43,73"
425,12:45,3,3,삼성,10,"30,46,49,54,55,57,68,69,71,75"
425,12:45,4,4,여의도,8,"16,18,31,36,47,64,67,79"
425,12:45,5,5,김포공항,5,"15,20,21,40,45"
425,12:45,6,6,일산,5,"8,39,42,51,52"
425,12:45,7,7,판교,2,"23,24"
425,12:45,9,9,평택,13,"4,5,12,38,41,58,59,60,62,70,76,77,78"
426,12:46,1,1,서울역,5,"14,34,35,50,53"
426,12:46,10,10,인천공항,8,"0,2,6,7,32,63,65,72"
426,12:46,2,2,수서,3,"22,43,74"
426,12:46,3,3,삼성,11,"29,30,46,49,54,55,57,68,69,71,75"
426,12:46,4,4,여의도,9,"1,16,18,31,36,47,64,67,79"
426,12:46,5,5,김포공항,5,"15,20,21,40,45"
426,12:46,6,6,일산,5,"8,39,42,51,52"
426,12:46,7,7,판교,1,23
426,12:46,8,8,동탄/용인,1,28
426,12:46,9,9,평택,14,"4,5,12,25,38,41,58,59,60,62,70,76,77,78"
427,12:47,1,1,서울역,5,"14,34,35,50,53"
427,12:47,10,10,인천공항,8,"0,2,6,7,32,63,65,72"
427,12:47,2,2,수서,3,"22,43,74"
427,12:47,3,3,삼성,12,"29,30,46,49,54,55,57,61,68,69,71,75"
427,12:47,4,4,여의도,8,"1,18,31,36,47,64,67,79"
427,12:47,5,5,김포공항,4,"15,20,21,45"
427,12:47,6,6,일산,5,"8,39,42,51,52"
427,12:47,7,7,판교,4,"10,23,27,37"
427,12:47,8,8,동탄/용인,1,28
427,12:47,9,9,평택,14,"4,5,12,25,38,41,58,59,60,62,70,76,77,78"
428,12:48,1,1,서울역,5,"14,34,35,50,53"
428,12:48,10,10,인천공항,8,"0,2,6,7,32,63,65,72"
428,12:48,2,2,수서,3,"22,43,74"
428,12:48,3,3,삼성,11,"29,30,46,49,54,55,61,68,69,71,75"
428,12:48,4,4,여의도,8,"1,18,31,36,47,64,67,79"
428,12:48,5,5,김포공항,4,"15,20,21,45"
428,12:48,6,6,일산,5,"8,39,42,51,52"
428,12:48,7,7,판교,4,"10,23,27,37"
428,12:48,8,8,동탄/용인,1,28
428,12:48,9,9,평택,14,"4,5,12,25,38,41,58,59,60,62,70,76,77,78"
429,12:49,1,1,서울역,5,"14,34,35,50,53"
429,12:49,10,10,인천공항,8,"0,2,6,7,32,63,65,72"
429,12:49,2,2,수서,1,22
429,12:49,3,3,삼성,10,"29,46,49,54,55,61,68,69,71,75"
429,12:49,4,4,여의도,8,"1,17,18,31,47,64,67,79"
429,12:49,5,5,김포공항,3,"15,20,45"
429,12:49,6,6,일산,5,"8,39,42,51,52"
429,12:49,7,7,판교,4,"10,23,27,37"
429,12:49,8,8,동탄/용인,1,28
429,12:49,9,9,평택,15,"4,5,12,25,33,38,41,58,59,60,62,70,76,77,78"
430,12:50,1,1,서울역,6,"13,14,34,35,50,53"
430,12:50,10,10,인천공항,6,"6,7,32,63,65,72"
430,12:50,2,2,수서,1,22
430,12:50,3,3,삼성,10,"29,46,49,54,55,61,68,69,71,75"
430,12:50,4,4,여의도,8,"1,17,18,31,47,64,67,79"
430,12:50,5,5,김포공항,3,"15,20,45"
430,12:50,6,6,일산,5,"8,39,42,51,52"
430,12:50,7,7,판교,1,23
430,12:50,8,8,동탄/용인,2,"28,44"
430,12:50,9,9,평택,15,"4,5,12,25,33,38,41,58,59,60,62,70,76,77,78"
431,12:51,1,1,서울역,6,"13,14,34,35,50,53"
431,12:51,10,10,인천공항,6,"6,7,32,63,65,72"
431,12:51,2,2,수서,1,22
431,12:51,3,3,삼성,10,"29,46,49,54,55,61,68,69,71,75"
431,12:51,4,4,여의도,7,"1,17,18,31,47,64,79"
431,12:51,5,5,김포공항,4,"15,19,20,45"
431,12:51,6,6,일산,5,"8,39,42,51,52"
431,12:51,7,7,판교,1,23
431,12:51,8,8,동탄/용인,2,"28,44"
431,12:51,9,9,평택,15,"4,5,12,25,33,38,41,58,59,60,62,70,76,77,78"
432,12:52,1,1,서울역,6,"13,14,34,35,50,53"
432,12:52,10,10,인천공항,6,"6,7,32,63,65,72"
432,12:52,2,2,수서,2,"22,30"
432,12:52,3,3,삼성,10,"46,49,54,55,61,68,69,71,74,75"
432,12:52,4,4,여의도,7,"1,18,31,47,48,64,79"
432,12:52,5,5,김포공항,4,"15,19,20,45"
432,12:52,6,6,일산,5,"8,39,42,51,52"
432,12:52,7,7,판교,1,23
432,12:52,8,8,동탄/용인,1,44
432,12:52,9,9,평택,14,"4,5,12,33,38,41,58,59,60,62,70,76,77,78"
433,12:53,1,1,서울역,5,"14,34,35,50,53"
433,12:53,10,10,인천공항,6,"6,7,32,63,65,72"
433,12:53,2,2,수서,3,"16,22,30"
433,12:53,3,3,삼성,10,"46,49,54,55,61,68,69,71,74,75"
433,12:53,4,4,여의도,8,"1,18,24,31,47,48,64,79"
433,12:53,5,5,김포공항,4,"15,19,20,45"
433,12:53,6,6,일산,6,"3,8,39,42,51,52"
433,12:53,7,7,판교,1,23
433,12:53,8,8,동탄/용인,1,44
433,12:53,9,9,평택,14,"4,5,12,33,38,41,58,59,60,62,70,76,77,78"
434,12:54,1,1,서울역,5,"14,34,35,50,53"
434,12:54,10,10,인천공항,6,"6,7,32,63,65,72"
434,12:54,2,2,수서,3,"16,22,30"
434,12:54,3,3,삼성,10,"46,49,54,55,61,68,69,71,74,75"
434,12:54,4,4,여의도,8,"1,18,24,31,47,48,64,79"
434,12:54,5,5,김포공항,4,"15,19,45,73"
434,12:54,6,6,일산,6,"3,8,39,42,51,52"
434,12:54,7,7,판교,1,23
434,12:54,8,8,동탄/용인,1,44
434,12:54,9,9,평택,15,"4,5,12,33,38,41,58,59,60,62,66,70,76,77,78"
435,12:55,1,1,서울역,5,"14,34,35,50,53"
435,12:55,10,10,인천공항,7,"6,7,9,32,63,65,72"
435,12:55,2,2,수서,1,16
435,12:55,3,3,삼성,10,"46,49,54,55,56,61,68,69,71,75"
435,12:55,4,4,여의도,8,"18,24,31,47,48,57,64,79"
435,12:55,5,5,김포공항,4,"15,19,45,73"
435,12:55,6,6,일산,6,"3,8,39,42,51,52"
435,12:55,7,7,판교,1,23
435,12:55,8,8,동탄/용인,1,44
435,12:55,9,9,평택,15,"4,5,12,33,38,41,58,59,60,62,66,70,76,77,78"
436,12:56,1,1,서울역,5,"14,34,35,50,53"
436,12:56,10,10,인천공항,7,"6,7,9,32,63,65,72"
436,12:56,2,2,수서,1,16
436,12:56,3,3,삼성,10,"46,49,54,55,56,61,68,69,71,75"
436,12:56,4,4,여의도,8,"18,24,31,47,48,57,64,79"
436,12:56,5,5,김포공항,4,"15,19,45,73"
436,12:56,6,6,일산,6,"3,8,39,42,51,52"
436,12:56,9,9,평택,15,"4,5,12,33,38,41,58,59,60,62,66,70,76,77,78"
437,12:57,1,1,서울역,6,"10,14,34,35,50,53"
437,12:57,10,10,인천공항,8,"6,7,9,32,40,63,65,72"
437,12:57,2,2,수서,2,"16,67"
437,12:57,3,3,삼성,10,"46,49,54,55,56,61,68,69,71,75"
437,12:57,4,4,여의도,10,"18,24,27,31,37,47,48,57,64,79"
437,12:57,5,5,김포공항,5,"15,19,43,45,73"
437,12:57,6,6,일산,6,"3,8,39,42,51,52"
437,12:57,9,9,평택,16,"4,5,11,12,33,38,41,58,59,60,62,66,70,76,77,78"
438,12:58,1,1,서울역,6,"10,14,34,35,50,53"
438,12:58,10,10,인천공항,8,"6,7,9,32,40,63,65,72"
438,12:58,2,2,수서,2,"16,67"
438,12:58,3,3,삼성,10,"46,49,54,55,56,61,68,69,71,75"
438,12:58,4,4,여의도,10,"18,24,27,31,37,47,48,57,64,79"
438,12:58,5,5,김포공항,5,"15,19,43,45,73"
438,12:58,6,6,일산,6,"3,8,39,42,51,52"
438,12:58,9,9,평택,16,"4,5,11,12,33,38,41,58,59,60,62,66,70,76,77,78"
439,12:59,1,1,서울역,7,"1,10,14,34,35,50,53"
439,12:59,10,10,인천공항,7,"6,9,32,40,63,65,72"
439,12:59,2,2,수서,2,"16,67"
439,12:59,3,3,삼성,10,"46,49,54,55,56,61,68,69,71,75"
439,12:59,4,4,여의도,10,"18,24,27,31,37,47,48,57,64,79"
439,12:59,5,5,김포공항,5,"15,19,43,45,73"
439,12:59,6,6,일산,5,"8,39,42,51,52"
439,12:59,9,9,평택,16,"4,5,11,12,33,38,41,58,59,60,62,66,70,76,77,78"
440,13:00,1,1,서울역,5,"1,14,35,50,53"
440,13:00,10,10,인천공항,7,"6,9,32,40,63,65,72"
440,13:00,2,2,수서,2,"16,67"
440,13:00,3,3,삼성,10,"46,49,54,55,56,61,68,69,71,75"
440,13:00,4,4,여의도,8,"18,24,37,47,48,57,64,79"
440,13:00,5,5,김포공항,5,"15,19,43,45,73"
440,13:00,6,6,일산,5,"8,39,42,51,52"
440,13:00,7,7,판교,1,13
440,13:00,8,8,동탄/용인,1,26
440,13:00,9,9,평택,16,"4,5,11,12,33,38,41,58,59,60,62,66,70,76,77,78"
441,13:01,1,1,서울역,5,"1,14,35,50,53"
441,13:01,10,10,인천공항,7,"6,9,32,40,63,65,72"
441,13:01,2,2,수서,2,"16,67"
441,13:01,3,3,삼성,9,"46,49,54,55,61,68,69,71,75"
441,13:01,4,4,여의도,8,"18,24,37,47,48,57,64,79"
441,13:01,5,5,김포공항,5,"15,19,43,45,73"
441,13:01,6,6,일산,5,"8,39,42,51,52"
441,13:01,7,7,판교,1,13
441,13:01,8,8,동탄/용인,1,26
441,13:01,9,9,평택,15,"4,5,11,12,38,41,58,59,60,62,66,70,76,77,78"
442,13:02,1,1,서울역,5,"1,14,35,50,53"
442,13:02,10,10,인천공항,7,"6,9,32,40,63,65,72"
442,13:02,2,2,수서,2,"16,67"
442,13:02,3,3,삼성,10,"28,46,49,54,55,61,68,69,71,75"
442,13:02,4,4,여의도,8,"2,18,37,47,48,57,64,79"
442,13:02,5,5,김포공항,5,"15,19,43,45,73"
442,13:02,6,6,일산,5,"8,39,42,51,52"
442,13:02,7,7,판교,1,13
442,13:02,8,8,동탄/용인,1,26
442,13:02,9,9,평택,15,"4,5,11,12,38,41,58,59,60,62,66,70,76,77,78"
443,13:03,1,1,서울역,4,"1,35,50,53"
443,13:03,10,10,인천공항,7,"6,9,32,40,63,65,72"
443,13:03,2,2,수서,1,16
443,13:03,3,3,삼성,10,"28,46,49,54,55,61,68,69,71,75"
443,13:03,4,4,여의도,9,"2,18,23,37,47,48,57,64,79"
443,13:03,5,5,김포공항,6,"15,19,22,45,73,74"
443,13:03,6,6,일산,5,"8,39,42,51,52"
443,13:03,7,7,판교,1,13
443,13:03,8,8,동탄/용인,2,"17,26"
443,13:03,9,9,평택,15,"4,5,11,12,38,41,58,59,60,62,66,70,76,77,78"
444,13:04,1,1,서울역,4,"1,35,50,53"
444,13:04,10,10,인천공항,8,"6,9,20,32,40,63,65,72"
444,13:04,2,2,수서,1,16
444,13:04,3,3,삼성,10,"28,46,49,54,55,61,68,69,71,75"
444,13:04,4,4,여의도,10,"2,18,23,34,37,47,48,57,64,79"
444,13:04,5,5,김포공항,6,"15,19,22,45,73,74"
444,13:04,6,6,일산,5,"8,39,42,51,52"
444,13:04,7,7,판교,1,13
444,13:04,8,8,동탄/용인,2,"17,26"
444,13:04,9,9,평택,16,"4,5,11,12,36,38,41,58,59,60,62,66,70,76,77,78"
445,13:05,1,1,서울역,4,"1,35,50,53"
445,13:05,10,10,인천공항,8,"6,9,20,32,40,63,65,72"
445,13:05,2,2,수서,1,16
445,13:05,3,3,삼성,11,"0,28,46,49,54,55,61,68,69,71,75"
445,13:05,4,4,여의도,9,"18,23,34,37,47,48,57,64,79"
445,13:05,5,5,김포공항,6,"15,19,22,45,73,74"
445,13:05,6,6,일산,5,"8,39,42,51,52"
445,13:05,7,7,판교,1,13
445,13:05,8,8,동탄/용인,2,"17,26"
445,13:05,9,9,평택,16,"4,5,11,12,36,38,41,58,59,60,62,66,70,76,77,78"
446,13:06,1,1,서울역,4,"1,35,50,53"
446,13:06,10,10,인천공항,8,"6,9,20,32,40,63,65,72"
446,13:06,2,2,수서,1,16
446,13:06,3,3,삼성,12,"0,28,44,46,49,54,55,61,68,69,71,75"
446,13:06,4,4,여의도,8,"18,23,34,47,48,57,64,79"
446,13:06,5,5,김포공항,6,"15,19,22,45,73,74"
446,13:06,6,6,일산,6,"8,30,39,42,51,52"
446,13:06,7,7,판교,1,13
446,13:06,8,8,동탄/용인,1,26
446,13:06,9,9,평택,17,"4,5,11,12,21,36,38,41,58,59,60,62,66,70,76,77,78"
447,13:07,1,1,서울역,4,"1,35,50,53"
447,13:07,10,10,인천공항,8,"6,9,20,32,40,63,65,72"
447,13:07,2,2,수서,1,16
447,13:07,3,3,삼성,13,"0,25,28,44,46,49,54,55,61,68,69,71,75"
447,13:07,4,4,여의도,7,"18,23,47,48,57,64,79"
447,13:07,5,5,김포공항,6,"15,19,22,45,73,74"
447,13:07,6,6,일산,6,"8,30,39,42,51,52"
447,13:07,7,7,판교,3,"10,13,31"
447,13:07,8,8,동탄/용인,1,26
447,13:07,9,9,평택,17,"5,11,12,21,29,36,38,41,58,59,60,62,66,70,76,77,78"
448,13:08,1,1,서울역,4,"1,35,50,53"
448,13:08,10,10,인천공항,8,"6,9,20,32,40,63,65,72"
448,13:08,2,2,수서,1,16
448,13:08,3,3,삼성,11,"0,25,44,46,49,54,55,68,69,71,75"
448,13:08,4,4,여의도,7,"18,23,47,48,57,64,79"
448,13:08,5,5,김포공항,6,"15,19,22,45,73,74"
448,13:08,6,6,일산,5,"8,30,42,51,52"
448,13:08,7,7,판교,3,"10,13,31"
448,13:08,8,8,동탄/용인,1,26
448,13:08,9,9,평택,17,"5,11,12,21,29,36,38,41,58,59,60,62,66,70,76,77,78"
449,13:09,1,1,서울역,4,"1,35,50,53"
449,13:09,10,10,인천공항,8,"6,9,20,32,40,63,65,72"
449,13:09,3,3,삼성,10,"0,25,46,49,54,55,68,69,71,75"
449,13:09,4,4,여의도,8,"18,23,43,47,48,57,64,79"
449,13:09,5,5,김포공항,6,"15,19,22,45,73,74"
449,13:09,6,6,일산,5,"8,30,42,51,52"
449,13:09,7,7,판교,3,"10,13,31"
449,13:09,8,8,동탄/용인,1,26
449,13:09,9,9,평택,17,"5,11,12,21,29,36,38,41,58,59,60,62,66,70,76,77,78"
450,13:10,1,1,서울역,4,"1,35,50,53"
450,13:10,10,10,인천공항,8,"3,6,9,32,40,63,65,72"
450,13:10,3,3,삼성,10,"0,25,46,49,54,55,68,69,71,75"
450,13:10,4,4,여의도,8,"18,23,43,47,48,57,64,79"
450,13:10,5,5,김포공항,6,"15,19,22,45,73,74"
450,13:10,6,6,일산,5,"8,30,42,51,52"
450,13:10,7,7,판교,2,"10,14"
450,13:10,8,8,동탄/용인,1,26
450,13:10,9,9,평택,17,"5,11,12,21,29,36,38,41,58,59,60,62,66,70,76,77,78"
451,13:11,1,1,서울역,3,"35,50,53"
451,13:11,10,10,인천공항,8,"3,6,9,32,40,63,65,72"
451,13:11,3,3,삼성,10,"0,25,46,49,54,55,68,69,71,75"
451,13:11,4,4,여의도,9,"7,18,23,43,47,48,57,64,79"
451,13:11,5,5,김포공항,6,"15,19,22,45,73,74"
451,13:11,6,6,일산,6,"8,30,42,51,52,56"
451,13:11,7,7,판교,2,"10,14"
451,13:11,8,8,동탄/용인,1,26
451,13:11,9,9,평택,17,"5,11,12,21,29,36,38,41,58,59,60,62,66,70,76,77,78"
452,13:12,1,1,서울역,3,"35,50,53"
452,13:12,10,10,인천공항,9,"3,6,9,27,32,40,63,65,72"
452,13:12,2,2,수서,1,44
452,13:12,3,3,삼성,10,"0,25,46,49,54,55,68,69,71,75"
452,13:12,4,4,여의도,7,"7,18,47,48,57,64,79"
452,13:12,5,5,김포공항,6,"15,19,22,45,73,74"
452,13:12,6,6,일산,7,"2,8,30,42,51,52,56"
452,13:12,7,7,판교,2,"10,14"
452,13:12,8,8,동탄/용인,1,26
452,13:12,9,9,평택,18,"5,11,12,17,21,29,36,38,41,58,59,60,62,66,70,76,77,78"
453,13:13,1,1,서울역,3,"35,50,53"
453,13:13,10,10,인천공항,9,"3,6,9,27,32,40,63,65,72"
453,13:13,2,2,수서,2,"34,44"
453,13:13,3,3,삼성,10,"0,25,46,49,54,55,68,69,71,75"
453,13:13,4,4,여의도,7,"7,18,47,48,57,64,79"
453,13:13,5,5,김포공항,6,"15,19,22,45,73,74"
453,13:13,6,6,일산,7,"2,8,30,42,51,52,56"
453,13:13,7,7,판교,1,14
453,13:13,8,8,동탄/용인,1,26
453,13:13,9,9,평택,18,"5,11,12,17,21,29,36,38,41,58,59,60,62,66,70,76,77,78"
454,13:14,1,1,서울역,3,"35,50,53"
454,13:14,10,10,인천공항,10,"3,6,9,24,27,32,40,63,65,72"
454,13:14,2,2,수서,2,"34,44"
454,13:14,3,3,삼성,10,"0,25,46,49,54,55,68,69,71,75"
454,13:14,4,4,여의도,7,"7,18,47,48,57,64,79"
454,13:14,5,5,김포공항,6,"15,19,22,45,73,74"
454,13:14,6,6,일산,7,"2,8,30,42,51,52,56"
454,13:14,7,7,판교,1,14
454,13:14,8,8,동탄/용인,1,26
454,13:14,9,9,평택,18,"5,11,12,17,21,29,36,38,41,58,59,60,62,66,70,76,77,78"
455,13:15,1,1,서울역,4,"35,39,50,53"
455,13:15,10,10,인천공항,10,"3,6,9,24,27,32,40,63,65,72"
455,13:15,2,2,수서,1,34
455,13:15,3,3,삼성,10,"0,25,46,49,54,55,68,69,71,75"
455,13:15,4,4,여의도,7,"7,18,47,48,57,64,79"
455,13:15,5,5,김포공항,5,"15,19,45,73,74"
455,13:15,6,6,일산,7,"2,8,30,42,51,52,56"
455,13:15,7,7,판교,1,14
455,13:15,8,8,동탄/용인,1,26
455,13:15,9,9,평택,18,"5,11,12,17,21,29,36,38,41,58,59,60,62,66,70,76,77,78"
456,13:16,1,1,서울역,4,"35,39,50,53"
456,13:16,10,10,인천공항,9,"6,9,24,27,32,40,63,65,72"
456,13:16,2,2,수서,1,34
456,13:16,3,3,삼성,9,"0,46,49,54,55,68,69,71,75"
456,13:16,4,4,여의도,8,"7,18,33,47,48,57,64,79"
456,13:16,5,5,김포공항,5,"15,19,45,73,74"
456,13:16,6,6,일산,7,"2,8,30,42,51,52,56"
456,13:16,8,8,동탄/용인,1,26
456,13:16,9,9,평택,17,"5,11,12,17,21,36,38,41,58,59,60,62,66,70,76,77,78"
457,13:17,1,1,서울역,5,"13,35,39,50,53"
457,13:17,10,10,인천공항,9,"6,9,24,27,32,40,63,65,72"
457,13:17,2,2,수서,1,34
457,13:17,3,3,삼성,9,"0,46,49,54,55,68,69,71,75"
457,13:17,4,4,여의도,9,"7,18,31,33,47,48,57,64,79"
457,13:17,5,5,김포공항,6,"15,16,19,45,73,74"
457,13:17,6,6,일산,7,"2,8,30,42,51,52,56"
457,13:17,8,8,동탄/용인,1,26
457,13:17,9,9,평택,18,"5,11,12,17,21,36,38,41,58,59,60,62,66,67,70,76,77,78"
458,13:18,1,1,서울역,4,"13,35,50,53"
458,13:18,10,10,인천공항,9,"6,9,24,27,32,40,63,65,72"
458,13:18,2,2,수서,3,"1,23,34"
458,13:18,3,3,삼성,9,"0,46,49,54,55,68,69,71,75"
458,13:18,4,4,여의도,9,"7,18,31,33,47,48,57,64,79"
458,13:18,5,5,김포공항,6,"15,16,19,45,73,74"
458,13:18,6,6,일산,7,"2,8,28,42,51,52,56"
458,13:18,8,8,동탄/용인,1,26
458,13:18,9,9,평택,18,"5,11,12,17,21,36,38,41,58,59,60,62,66,67,70,76,77,78"
459,13:19,1,1,서울역,4,"13,35,50,53"
459,13:19,10,10,인천공항,9,"6,9,24,27,32,40,63,65,72"
459,13:19,2,2,수서,3,"1,23,34"
459,13:19,3,3,삼성,9,"0,46,49,54,55,68,69,71,75"
459,13:19,4,4,여의도,8,"7,18,31,47,48,57,64,79"
459,13:19,5,5,김포공항,6,"15,16,19,45,73,74"
459,13:19,6,6,일산,7,"2,8,28,42,51,52,56"
459,13:19,7,7,판교,1,43
459,13:19,8,8,동탄/용인,1,26
459,13:19,9,9,평택,18,"5,11,12,17,21,36,38,41,58,59,60,62,66,67,70,76,77,78"
460,13:20,1,1,서울역,3,"13,50,53"
460,13:20,10,10,인천공항,9,"6,9,24,27,32,40,63,65,72"
460,13:20,2,2,수서,3,"1,23,34"
460,13:20,3,3,삼성,8,"0,49,54,55,68,69,71,75"
460,13:20,4,4,여의도,9,"7,10,18,31,47,48,57,64,79"
460,13:20,5,5,김포공항,6,"15,16,19,45,73,74"
460,13:20,6,6,일산,5,"28,42,51,52,56"
460,13:20,7,7,판교,1,43
460,13:20,8,8,동탄/용인,1,26
460,13:20,9,9,평택,17,"11,12,17,21,36,38,41,58,59,60,62,66,67,70,76,77,78"
461,13:21,1,1,서울역,3,"13,50,53"
461,13:21,10,10,인천공항,9,"6,9,24,27,32,40,63,65,72"
461,13:21,2,2,수서,2,"4,34"
461,13:21,3,3,삼성,8,"0,49,54,55,68,69,71,75"
461,13:21,4,4,여의도,8,"10,18,31,47,48,57,64,79"
461,13:21,5,5,김포공항,6,"15,16,19,45,73,74"
461,13:21,6,6,일산,5,"28,42,51,52,56"
461,13:21,7,7,판교,1,43
461,13:21,8,8,동탄/용인,1,26
461,13:21,9,9,평택,14,"21,37,38,41,58,59,60,62,66,67,70,76,77,78"
462,13:22,1,1,서울역,3,"13,50,53"
462,13:22,10,10,인천공항,9,"6,9,24,27,32,40,63,65,72"
462,13:22,2,2,수서,2,"4,34"
462,13:22,3,3,삼성,8,"0,49,54,55,68,69,71,75"
462,13:22,4,4,여의도,8,"10,18,31,47,48,57,64,79"
462,13:22,5,5,김포공항,6,"15,16,19,45,73,74"
462,13:22,6,6,일산,5,"28,42,51,52,56"
462,13:22,7,7,판교,1,43
462,13:22,8,8,동탄/용인,1,26
462,13:22,9,9,평택,14,"21,37,38,41,58,59,60,62,66,67,70,76,77,78"
463,13:23,1,1,서울역,5,"13,14,33,50,53"
463,13:23,10,10,인천공항,9,"6,9,24,27,32,40,63,65,72"
463,13:23,2,2,수서,1,4
463,13:23,3,3,삼성,8,"0,49,54,55,68,69,71,75"
463,13:23,4,4,여의도,5,"18,48,57,64,79"
463,13:23,5,5,김포공항,5,"15,16,19,45,73"
463,13:23,6,6,일산,5,"28,42,51,52,56"
463,13:23,7,7,판교,1,43
463,13:23,8,8,동탄/용인,1,26
463,13:23,9,9,평택,15,"21,37,38,41,58,59,60,61,62,66,67,70,76,77,78"
464,13:24,1,1,서울역,5,"13,14,33,50,53"
464,13:24,10,10,인천공항,9,"6,9,24,27,32,40,63,65,72"
464,13:24,3,3,삼성,8,"0,49,54,55,68,69,71,75"
464,13:24,4,4,여의도,6,"18,35,48,57,64,79"
464,13:24,5,5,김포공항,5,"15,16,19,45,73"
464,13:24,6,6,일산,5,"28,42,51,52,56"
464,13:24,7,7,판교,1,43
464,13:24,8,8,동탄/용인,1,26
464,13:24,9,9,평택,15,"21,37,38,41,58,59,60,61,62,66,67,70,76,77,78"
465,13:25,1,1,서울역,5,"13,14,33,50,53"
465,13:25,10,10,인천공항,9,"6,9,24,27,32,40,63,65,72"
465,13:25,3,3,삼성,9,"0,20,49,54,55,68,69,71,75"
465,13:25,4,4,여의도,6,"18,35,48,57,64,79"
465,13:25,5,5,김포공항,5,"15,16,19,45,73"
465,13:25,6,6,일산,5,"28,42,51,52,56"
465,13:25,7,7,판교,2,"39,43"
465,13:25,8,8,동탄/용인,1,26
465,13:25,9,9,평택,15,"21,37,38,41,58,59,60,61,62,66,67,70,76,77,78"
466,13:26,1,1,서울역,4,"13,14,50,53"
466,13:26,10,10,인천공항,8,"6,24,27,32,40,63,65,72"
466,13:26,3,3,삼성,9,"0,20,49,54,55,68,69,71,75"
466,13:26,4,4,여의도,6,"18,35,48,57,64,79"
466,13:26,5,5,김포공항,6,"3,15,16,19,45,73"
466,13:26,6,6,일산,5,"42,44,51,52,56"
466,13:26,7,7,판교,2,"39,43"
466,13:26,8,8,동탄/용인,2,"5,26"
466,13:26,9,9,평택,15,"21,37,38,41,58,59,60,61,62,66,67,70,76,77,78"
467,13:27,1,1,서울역,4,"13,14,50,53"
467,13:27,10,10,인천공항,7,"6,27,32,40,63,65,72"
467,13:27,3,3,삼성,9,"0,20,49,54,55,68,69,71,75"
467,13:27,4,4,여의도,7,"18,35,46,48,57,64,79"
467,13:27,5,5,김포공항,6,"3,15,16,19,45,73"
467,13:27,6,6,일산,5,"42,44,51,52,56"
467,13:27,7,7,판교,4,"1,23,39,43"
467,13:27,8,8,동탄/용인,2,"5,26"
467,13:27,9,9,평택,14,"21,38,41,58,59,60,61,62,66,67,70,76,77,78"
468,13:28,1,1,서울역,4,"13,14,50,53"
468,13:28,10,10,인천공항,7,"6,27,32,40,63,65,72"
468,13:28,3,3,삼성,8,"0,49,54,55,68,69,71,75"
468,13:28,4,4,여의도,7,"18,35,46,48,57,64,79"
468,13:28,5,5,김포공항,6,"3,15,16,19,45,73"
468,13:28,6,6,일산,6,"7,42,44,51,52,56"
468,13:28,7,7,판교,3,"1,23,39"
468,13:28,8,8,동탄/용인,2,"5,26"
468,13:28,9,9,평택,14,"21,38,41,58,59,60,61,62,66,67,70,76,77,78"
469,13:29,1,1,서울역,2,"50,53"
469,13:29,10,10,인천공항,7,"6,27,32,40,63,65,72"
469,13:29,2,2,수서,1,31
469,13:29,3,3,삼성,8,"0,49,54,55,68,69,71,75"
469,13:29,4,4,여의도,7,"18,35,46,48,57,64,79"
469,13:29,5,5,김포공항,7,"3,10,15,16,19,45,73"
469,13:29,6,6,일산,6,"7,42,44,51,52,56"
469,13:29,7,7,판교,3,"1,23,39"
469,13:29,8,8,동탄/용인,1,26
469,13:29,9,9,평택,14,"21,38,41,58,59,60,61,62,66,67,70,76,77,78"
470,13:30,1,1,서울역,2,"50,53"
470,13:30,10,10,인천공항,7,"6,27,32,40,63,65,72"
470,13:30,2,2,수서,1,31
470,13:30,3,3,삼성,9,"0,8,49,54,55,68,69,71,75"
470,13:30,4,4,여의도,7,"18,33,46,48,57,64,79"
470,13:30,5,5,김포공항,6,"10,15,16,19,45,73"
470,13:30,6,6,일산,6,"7,42,44,51,52,56"
470,13:30,7,7,판교,4,"23,30,39,47"
470,13:30,8,8,동탄/용인,1,26
470,13:30,9,9,평택,14,"21,38,41,58,59,60,61,62,66,67,70,76,77,78"
471,13:31,1,1,서울역,3,"4,50,53"
471,13:31,10,10,인천공항,7,"6,25,32,40,63,65,72"
471,13:31,2,2,수서,2,"20,31"
471,13:31,3,3,삼성,9,"0,8,49,54,55,68,69,71,75"
471,13:31,4,4,여의도,7,"18,33,46,48,57,64,79"
471,13:31,5,5,김포공항,7,"10,15,16,19,34,45,73"
471,13:31,6,6,일산,5,"42,44,51,52,56"
471,13:31,7,7,판교,4,"23,30,39,47"
471,13:31,8,8,동탄/용인,1,26
471,13:31,9,9,평택,14,"21,38,41,58,59,60,61,62,66,67,70,76,77,78"
472,13:32,1,1,서울역,4,"4,29,50,53"
472,13:32,10,10,인천공항,7,"6,25,32,40,63,65,72"
472,13:32,2,2,수서,2,"20,31"
472,13:32,3,3,삼성,9,"0,8,49,54,55,68,69,71,75"
472,13:32,4,4,여의도,7,"18,33,46,48,57,64,79"
472,13:32,5,5,김포공항,7,"10,15,16,19,34,45,73"
472,13:32,6,6,일산,5,"42,44,51,52,56"
472,13:32,7,7,판교,5,"2,23,30,39,47"
472,13:32,8,8,동탄/용인,1,26
472,13:32,9,9,평택,14,"21,22,38,41,58,59,60,62,66,67,70,76,77,78"
473,13:33,1,1,서울역,4,"4,29,50,53"
473,13:33,10,10,인천공항,8,"6,25,32,40,63,65,72,74"
473,13:33,2,2,수서,2,"20,31"
473,13:33,3,3,삼성,8,"0,49,54,55,68,69,71,75"
473,13:33,4,4,여의도,6,"18,33,48,57,64,79"
473,13:33,5,5,김포공항,7,"10,15,16,19,34,45,73"
473,13:33,6,6,일산,5,"42,44,51,52,56"
473,13:33,7,7,판교,5,"2,12,30,39,47"
473,13:33,8,8,동탄/용인,2,"26,37"
473,13:33,9,9,평택,14,"21,22,38,41,58,59,60,62,66,67,70,76,77,78"
474,13:34,1,1,서울역,4,"4,29,50,53"
474,13:34,10,10,인천공항,7,"25,32,40,63,65,72,74"
474,13:34,2,2,수서,2,"20,31"
474,13:34,3,3,삼성,8,"0,49,54,55,68,69,71,75"
474,13:34,4,4,여의도,6,"18,33,48,57,64,79"
474,13:34,5,5,김포공항,7,"10,15,16,19,34,45,73"
474,13:34,6,6,일산,5,"42,44,51,52,56"
474,13:34,7,7,판교,4,"2,12,30,47"
474,13:34,8,8,동탄/용인,2,"26,37"
474,13:34,9,9,평택,14,"21,22,38,41,58,59,60,62,66,67,70,76,77,78"
475,13:35,1,1,서울역,4,"4,29,50,53"
475,13:35,10,10,인천공항,7,"25,32,40,63,65,72,74"
475,13:35,2,2,수서,2,"20,31"
475,13:35,3,3,삼성,8,"0,49,54,55,68,69,71,75"
475,13:35,4,4,여의도,7,"18,33,43,48,57,64,79"
475,13:35,5,5,김포공항,7,"10,15,16,19,34,45,73"
475,13:35,6,6,일산,5,"42,44,51,52,56"
475,13:35,7,7,판교,4,"2,12,30,47"
475,13:35,8,8,동탄/용인,2,"26,37"
475,13:35,9,9,평택,14,"21,22,38,41,58,59,60,62,66,67,70,76,77,78"
476,13:36,1,1,서울역,4,"4,29,50,53"
476,13:36,10,10,인천공항,7,"25,32,40,63,65,72,74"
476,13:36,2,2,수서,2,"20,31"
476,13:36,3,3,삼성,10,"0,11,17,49,54,55,68,69,71,75"
476,13:36,4,4,여의도,7,"18,33,43,48,57,64,79"
476,13:36,5,5,김포공항,7,"10,15,16,19,34,45,73"
476,13:36,6,6,일산,5,"42,44,51,52,56"
476,13:36,7,7,판교,3,"2,30,47"
476,13:36,8,8,동탄/용인,2,"26,37"
476,13:36,9,9,평택,14,"21,22,38,41,58,59,60,62,66,67,70,76,77,78"
477,13:37,1,1,서울역,4,"4,29,50,53"
477,13:37,10,10,인천공항,7,"25,32,40,63,65,72,74"
477,13:37,2,2,수서,1,31
477,13:37,3,3,삼성,10,"0,11,17,49,54,55,68,69,71,75"
477,13:37,4,4,여의도,8,"1,18,33,43,48,57,64,79"
477,13:37,5,5,김포공항,7,"10,15,16,19,34,45,73"
477,13:37,6,6,일산,7,"3,9,42,44,51,52,56"
477,13:37,7,7,판교,3,"2,30,47"
477,13:37,8,8,동탄/용인,2,"26,37"
477,13:37,9,9,평택,14,"21,22,38,41,58,59,60,62,66,67,70,76,77,78"
478,13:38,1,1,서울역,4,"4,29,50,53"
478,13:38,10,10,인천공항,7,"25,32,40,63,65,72,74"
478,13:38,2,2,수서,1,31
478,13:38,3,3,삼성,10,"0,11,17,49,54,55,68,69,71,75"
478,13:38,4,4,여의도,9,"1,7,18,33,43,48,57,64,79"
478,13:38,5,5,김포공항,7,"10,15,16,19,34,45,73"
478,13:38,6,6,일산,7,"3,9,42,44,51,52,56"
478,13:38,7,7,판교,3,"28,30,47"
478,13:38,8,8,동탄/용인,2,"26,37"
478,13:38,9,9,평택,14,"21,22,38,41,58,59,60,62,66,67,70,76,77,78"
479,13:39,1,1,서울역,4,"4,29,50,53"
479,13:39,10,10,인천공항,7,"25,32,40,63,65,72,74"
479,13:39,2,2,수서,2,"31,46"
479,13:39,3,3,삼성,10,"0,5,11,49,54,55,68,69,71,75"
479,13:39,4,4,여의도,10,"1,7,18,24,33,43,48,57,64,79"
479,13:39,5,5,김포공항,7,"10,15,16,19,34,45,73"
479,13:39,6,6,일산,7,"3,9,42,44,51,52,56"
479,13:39,7,7,판교,3,"28,30,47"
479,13:39,8,8,동탄/용인,1,26
479,13:39,9,9,평택,14,"21,22,38,41,58,59,60,62,66,67,70,76,77,78"
480,13:40,1,1,서울역,3,"4,29,53"
480,13:40,10,10,인천공항,8,"25,32,36,40,63,65,72,74"
480,13:40,2,2,수서,1,46
480,13:40,3,3,삼성,8,"5,11,54,55,68,69,71,75"
480,13:40,4,4,여의도,9,"1,7,18,23,24,43,48,64,79"
480,13:40,5,5,김포공항,7,"10,15,16,19,34,45,73"
480,13:40,6,6,일산,5,"3,42,51,52,56"
480,13:40,7,7,판교,3,"28,30,47"
480,13:40,8,8,동탄/용인,1,26
480,13:40,9,9,평택,13,"21,22,38,41,59,60,62,66,67,70,76,77,78"
481,13:41,1,1,서울역,3,"4,29,53"
481,13:41,10,10,인천공항,8,"25,32,36,40,63,65,72,74"
481,13:41,2,2,수서,1,46
481,13:41,3,3,삼성,8,"5,11,54,55,68,69,71,75"
481,13:41,4,4,여의도,8,"1,18,23,24,39,48,64,79"
481,13:41,5,5,김포공항,6,"10,16,19,34,45,73"
481,13:41,6,6,일산,5,"3,42,51,52,56"
481,13:41,7,7,판교,3,"28,30,47"
481,13:41,8,8,동탄/용인,2,"13,26"
481,13:41,9,9,평택,13,"21,22,38,41,59,60,62,66,67,70,76,77,78"
482,13:42,1,1,서울역,3,"4,29,53"
482,13:42,10,10,인천공항,9,"14,25,32,36,40,63,65,72,74"
482,13:42,2,2,수서,2,"17,46"
482,13:42,3,3,삼성,7,"5,54,55,68,69,71,75"
482,13:42,4,4,여의도,8,"1,18,23,24,39,48,64,79"
482,13:42,5,5,김포공항,6,"10,16,19,34,45,73"
482,13:42,6,6,일산,5,"3,42,51,52,56"
482,13:42,7,7,판교,3,"28,30,47"
482,13:42,8,8,동탄/용인,2,"13,26"
482,13:42,9,9,평택,13,"21,22,38,41,59,60,62,66,67,70,76,77,78"
483,13:43,1,1,서울역,3,"4,29,53"
483,13:43,10,10,인천공항,9,"14,25,32,36,40,63,65,72,74"
483,13:43,2,2,수서,3,"17,46,49"
483,13:43,3,3,삼성,6,"5,55,68,69,71,75"
483,13:43,4,4,여의도,7,"1,18,24,39,48,64,79"
483,13:43,5,5,김포공항,5,"16,19,34,45,73"
483,13:43,6,6,일산,6,"3,8,42,51,52,56"
483,13:43,7,7,판교,2,"28,30"
483,13:43,8,8,동탄/용인,2,"13,26"
483,13:43,9,9,평택,12,"21,38,41,59,60,62,66,67,70,76,77,78"
484,13:44,1,1,서울역,3,"4,29,53"
484,13:44,10,10,인천공항,9,"14,25,32,36,40,63,65,72,74"
484,13:44,2,2,수서,3,"17,46,49"
484,13:44,3,3,삼성,6,"5,55,68,69,71,75"
484,13:44,4,4,여의도,8,"1,18,24,39,48,50,64,79"
484,13:44,5,5,김포공항,5,"16,19,34,45,73"
484,13:44,6,6,일산,6,"3,8,42,51,52,56"
484,13:44,7,7,판교,2,"28,30"
484,13:44,8,8,동탄/용인,1,26
484,13:44,9,9,평택,12,"21,38,41,59,60,62,66,67,70,76,77,78"
485,13:45,1,1,서울역,4,"2,4,29,53"
485,13:45,10,10,인천공항,9,"14,25,32,36,40,63,65,72,74"
485,13:45,2,2,수서,1,49
485,13:45,3,3,삼성,6,"5,55,68,69,71,75"
485,13:45,4,4,여의도,7,"1,18,24,39,50,64,79"
485,13:45,5,5,김포공항,6,"16,19,20,34,45,73"
485,13:45,6,6,일산,6,"3,8,42,51,52,56"
485,13:45,7,7,판교,2,"28,30"
485,13:45,8,8,동탄/용인,1,26
485,13:45,9,9,평택,13,"21,35,38,41,59,60,62,66,67,70,76,77,78"
486,13:46,1,1,서울역,4,"2,4,29,53"
486,13:46,10,10,인천공항,9,"14,25,32,36,40,63,65,72,74"
486,13:46,2,2,수서,1,49
486,13:46,3,3,삼성,7,"5,27,55,68,69,71,75"
486,13:46,4,4,여의도,9,"1,6,18,24,31,39,50,64,79"
486,13:46,5,5,김포공항,7,"12,16,19,20,34,45,73"
486,13:46,6,6,일산,6,"3,8,42,51,52,56"
486,13:46,7,7,판교,2,"28,30"
486,13:46,8,8,동탄/용인,2,"26,58"
486,13:46,9,9,평택,13,"21,35,38,41,59,60,62,66,67,70,76,77,78"
487,13:47,1,1,서울역,4,"2,4,29,53"
487,13:47,10,10,인천공항,9,"14,25,32,36,40,63,65,72,74"
487,13:47,2,2,수서,2,"43,49"
487,13:47,3,3,삼성,7,"5,27,55,68,69,71,75"
487,13:47,4,4,여의도,9,"1,6,18,24,31,39,61,64,79"
487,13:47,5,5,김포공항,7,"12,16,19,20,34,45,73"
487,13:47,6,6,일산,6,"3,8,42,51,52,56"
487,13:47,7,7,판교,3,"28,30,57"
487,13:47,8,8,동탄/용인,2,"26,58"
487,13:47,9,9,평택,13,"21,35,38,41,59,60,62,66,67,70,76,77,78"
488,13:48,1,1,서울역,4,"2,4,29,53"
488,13:48,10,10,인천공항,8,"25,32,36,40,63,65,72,74"
488,13:48,2,2,수서,2,"43,49"
488,13:48,3,3,삼성,7,"27,46,55,68,69,71,75"
488,13:48,4,4,여의도,9,"1,6,18,24,31,39,61,64,79"
488,13:48,5,5,김포공항,7,"12,16,19,20,34,45,73"
488,13:48,6,6,일산,6,"8,15,42,51,52,56"
488,13:48,7,7,판교,4,"7,28,30,57"
488,13:48,8,8,동탄/용인,2,"26,58"
488,13:48,9,9,평택,13,"21,35,38,41,59,60,62,66,67,70,76,77,78"
489,13:49,1,1,서울역,3,"4,29,53"
489,13:49,10,10,인천공항,8,"25,32,36,40,63,65,72,74"
489,13:49,2,2,수서,1,43
489,13:49,3,3,삼성,7,"27,46,55,68,69,71,75"
489,13:49,4,4,여의도,10,"1,6,10,18,24,31,39,61,64,79"
489,13:49,5,5,김포공항,8,"12,16,19,20,23,34,45,73"
489,13:49,6,6,일산,6,"8,15,42,51,52,56"
489,13:49,7,7,판교,4,"7,28,30,57"
489,13:49,8,8,동탄/용인,1,26
489,13:49,9,9,평택,12,"21,35,38,59,60,62,66,67,70,76,77,78"
490,13:50,1,1,서울역,3,"4,29,53"
490,13:50,10,10,인천공항,8,"25,32,36,40,63,65,72,74"
490,13:50,2,2,수서,1,43
490,13:50,3,3,삼성,8,"9,27,46,55,68,69,71,75"
490,13:50,4,4,여의도,9,"1,6,10,18,24,31,39,64,79"
490,13:50,5,5,김포공항,9,"11,12,16,19,20,23,34,45,73"
490,13:50,6,6,일산,4,"8,15,51,52"
490,13:50,7,7,판교,3,"7,28,30"
490,13:50,8,8,동탄/용인,2,"0,26"
490,13:50,9,9,평택,13,"13,21,35,38,59,60,62,66,67,70,76,77,78"
491,13:51,1,1,서울역,2,"4,53"
491,13:51,10,10,인천공항,8,"25,32,36,40,63,65,72,74"
491,13:51,2,2,수서,1,43
491,13:51,3,3,삼성,8,"9,27,46,55,68,69,71,75"
491,13:51,4,4,여의도,10,"1,6,10,17,18,24,31,39,64,79"
491,13:51,5,5,김포공항,9,"11,12,16,19,20,23,34,45,73"
491,13:51,6,6,일산,3,"8,51,52"
491,13:51,7,7,판교,3,"7,28,30"
491,13:51,8,8,동탄/용인,2,"0,26"
491,13:51,9,9,평택,13,"13,21,35,38,59,60,62,66,67,70,76,77,78"
492,13:52,1,1,서울역,2,"4,53"
492,13:52,10,10,인천공항,8,"25,32,36,40,63,65,72,74"
492,13:52,2,2,수서,1,43
492,13:52,3,3,삼성,8,"9,27,46,55,68,69,71,75"
492,13:52,4,4,여의도,7,"1,17,18,24,39,64,79"
492,13:52,5,5,김포공항,9,"11,12,16,19,20,23,34,45,73"
492,13:52,6,6,일산,3,"8,51,52"
492,13:52,7,7,판교,5,"7,28,30,44,48"
492,13:52,8,8,동탄/용인,2,"0,26"
492,13:52,9,9,평택,13,"13,21,35,38,59,60,62,66,67,70,76,77,78"
493,13:53,1,1,서울역,2,"4,53"
493,13:53,10,10,인천공항,8,"25,32,36,40,63,65,72,74"
493,13:53,3,3,삼성,8,"9,27,46,55,68,69,71,75"
493,13:53,4,4,여의도,7,"1,17,18,24,39,64,79"
493,13:53,5,5,김포공항,8,"12,16,19,20,23,34,45,73"
493,13:53,6,6,일산,3,"8,51,52"
493,13:53,7,7,판교,5,"7,28,30,44,48"
493,13:53,8,8,동탄/용인,2,"0,26"
493,13:53,9,9,평택,13,"13,21,35,38,59,60,62,66,67,70,76,77,78"
494,13:54,1,1,서울역,3,"4,53,61"
494,13:54,10,10,인천공항,8,"25,32,36,40,63,65,72,74"
494,13:54,3,3,삼성,8,"9,27,46,55,68,69,71,75"
494,13:54,4,4,여의도,6,"1,18,24,39,64,79"
494,13:54,5,5,김포공항,8,"12,16,19,20,23,34,45,73"
494,13:54,6,6,일산,3,"8,51,52"
494,13:54,7,7,판교,5,"7,28,44,48,50"
494,13:54,8,8,동탄/용인,2,"0,26"
494,13:54,9,9,평택,12,"13,35,38,59,60,62,66,67,70,76,77,78"
495,13:55,1,1,서울역,2,"53,61"
495,13:55,10,10,인천공항,8,"25,32,36,40,63,65,72,74"
495,13:55,3,3,삼성,8,"9,27,46,55,68,69,71,75"
495,13:55,4,4,여의도,7,"1,5,18,24,39,64,79"
495,13:55,5,5,김포공항,8,"12,16,19,20,23,34,45,73"
495,13:55,6,6,일산,2,"51,52"
495,13:55,7,7,판교,5,"7,28,44,48,50"
495,13:55,8,8,동탄/용인,3,"0,26,41"
495,13:55,9,9,평택,14,"13,33,35,38,47,59,60,62,66,67,70,76,77,78"
496,13:56,1,1,서울역,2,"53,61"
496,13:56,10,10,인천공항,8,"25,32,36,40,63,65,72,74"
496,13:56,3,3,삼성,8,"9,27,46,55,68,69,71,75"
496,13:56,4,4,여의도,7,"1,5,18,24,39,64,79"
496,13:56,5,5,김포공항,8,"12,16,19,20,23,34,45,73"
496,13:56,6,6,일산,4,"2,37,51,52"
496,13:56,7,7,판교,5,"7,28,44,48,50"
496,13:56,8,8,동탄/용인,2,"26,41"
496,13:56,9,9,평택,14,"13,33,35,38,47,59,60,62,66,67,70,76,77,78"
497,13:57,1,1,서울역,3,"53,56,61"
497,13:57,10,10,인천공항,8,"25,32,36,40,63,65,72,74"
497,13:57,2,2,수서,1,22
497,13:57,3,3,삼성,8,"9,27,46,55,68,69,71,75"
497,13:57,4,4,여의도,9,"1,5,18,24,39,42,57,64,79"
497,13:57,5,5,김포공항,8,"12,16,19,20,23,34,45,73"
497,13:57,6,6,일산,4,"2,37,51,52"
497,13:57,7,7,판교,5,"7,28,44,48,50"
497,13:57,8,8,동탄/용인,2,"26,41"
497,13:57,9,9,평택,14,"13,33,35,38,47,59,60,62,66,67,70,76,77,78"
498,13:58,1,1,서울역,3,"53,56,61"
498,13:58,10,10,인천공항,8,"32,36,40,54,63,65,72,74"
498,13:58,2,2,수서,2,"22,31"
498,13:58,3,3,삼성,8,"9,27,46,55,68,69,71,75"
498,13:58,4,4,여의도,10,"1,5,15,18,24,39,42,57,64,79"
498,13:58,5,5,김포공항,8,"12,16,19,20,23,34,45,73"
498,13:58,6,6,일산,4,"2,37,51,52"
498,13:58,7,7,판교,5,"7,28,44,48,50"
498,13:58,8,8,동탄/용인,1,26
498,13:58,9,9,평택,14,"13,33,35,38,47,59,60,62,66,67,70,76,77,78"
499,13:59,1,1,서울역,3,"53,56,61"
499,13:59,10,10,인천공항,8,"32,36,40,54,63,65,72,74"
499,13:59,2,2,수서,2,"22,31"
499,13:59,3,3,삼성,10,"6,9,27,46,55,58,68,69,71,75"
499,13:59,4,4,여의도,10,"1,5,15,18,24,39,42,57,64,79"
499,13:59,5,5,김포공항,8,"12,16,19,20,23,34,45,73"
499,13:59,6,6,일산,4,"2,37,51,52"
499,13:59,7,7,판교,6,"7,10,28,44,48,50"
499,13:59,8,8,동탄/용인,1,26
499,13:59,9,9,평택,14,"13,33,35,38,47,59,60,62,66,67,70,76,77,78"
500,14:00,1,1,서울역,3,"53,56,61"
500,14:00,10,10,인천공항,6,"32,36,40,54,63,74"
500,14:00,2,2,수서,3,"17,22,31"
500,14:00,3,3,삼성,7,"6,9,27,46,58,71,75"
500,14:00,4,4,여의도,8,"1,5,14,15,18,57,64,79"
500,14:00,5,5,김포공항,5,"12,16,19,20,34"
500,14:00,6,6,일산,5,"2,37,49,51,52"
500,14:00,7,7,판교,6,"3,7,10,28,44,48"
500,14:00,9,9,평택,14,"13,33,35,38,47,59,60,62,66,67,70,76,77,78"
501,14:01,1,1,서울역,3,"53,56,61"
501,14:01,10,10,인천공항,6,"32,36,40,54,63,74"
501,14:01,2,2,수서,3,"11,17,22"
501,14:01,3,3,삼성,7,"6,9,27,46,58,71,75"
501,14:01,4,4,여의도,7,"1,5,14,18,57,64,79"
501,14:01,5,5,김포공항,5,"12,16,19,20,34"
501,14:01,6,6,일산,4,"2,37,49,52"
501,14:01,7,7,판교,5,"3,7,10,28,44"
501,14:01,9,9,평택,14,"13,33,35,38,47,59,60,62,66,67,70,76,77,78"
502,14:02,1,1,서울역,3,"53,56,61"
502,14:02,10,10,인천공항,6,"32,36,40,54,63,74"
502,14:02,2,2,수서,4,"4,11,17,22"
502,14:02,3,3,삼성,7,"6,9,27,46,58,71,75"
502,14:02,4,4,여의도,7,"1,5,14,18,57,64,79"
502,14:02,5,5,김포공항,4,"12,16,19,34"
502,14:02,6,6,일산,4,"2,37,49,52"
502,14:02,7,7,판교,5,"3,7,10,28,44"
502,14:02,9,9,평택,14,"13,33,35,38,47,59,60,62,66,67,70,76,77,78"
503,14:03,1,1,서울역,3,"53,56,61"
503,14:03,10,10,인천공항,6,"32,36,40,54,63,74"
503,14:03,2,2,수서,5,"4,11,17,22,69"
503,14:03,3,3,삼성,7,"6,9,27,46,58,71,75"
503,14:03,4,4,여의도,6,"5,14,18,57,64,79"
503,14:03,5,5,김포공항,3,"12,19,34"
503,14:03,6,6,일산,4,"2,37,49,52"
503,14:03,7,7,판교,4,"7,10,28,44"
503,14:03,9,9,평택,14,"13,33,35,38,47,59,60,62,66,67,70,76,77,78"
504,14:04,1,1,서울역,3,"53,56,61"
504,14:04,10,10,인천공항,7,"29,32,36,40,54,63,74"
504,14:04,2,2,수서,5,"4,11,17,22,69"
504,14:04,3,3,삼성,7,"6,9,27,46,58,71,75"
504,14:04,4,4,여의도,6,"5,14,18,57,64,79"
504,14:04,5,5,김포공항,4,"12,19,30,34"
504,14:04,6,6,일산,5,"2,37,43,49,52"
504,14:04,7,7,판교,4,"7,10,28,44"
504,14:04,9,9,평택,13,"13,33,35,47,59,60,62,66,67,70,76,77,78"
505,14:05,1,1,서울역,3,"53,56,61"
505,14:05,10,10,인천공항,7,"29,32,36,40,54,63,74"
505,14:05,2,2,수서,5,"4,11,17,22,69"
505,14:05,3,3,삼성,7,"6,8,9,27,46,58,75"
505,14:05,4,4,여의도,5,"5,14,18,57,79"
505,14:05,5,5,김포공항,4,"12,19,30,34"
505,14:05,6,6,일산,4,"2,37,43,49"
505,14:05,7,7,판교,3,"7,28,44"
505,14:05,9,9,평택,13,"13,33,35,47,59,60,62,66,67,70,76,77,78"
506,14:06,1,1,서울역,4,"53,56,61,68"
506,14:06,10,10,인천공항,6,"29,32,36,54,63,74"
506,14:06,2,2,수서,2,"4,11"
506,14:06,3,3,삼성,6,"6,8,9,27,46,75"
506,14:06,4,4,여의도,4,"5,14,23,79"
506,14:06,5,5,김포공항,4,"12,19,30,34"
506,14:06,6,6,일산,4,"2,37,43,49"
506,14:06,7,7,판교,3,"7,28,44"
506,14:06,9,9,평택,14,"13,26,33,35,47,59,60,62,66,67,70,76,77,78"
507,14:07,1,1,서울역,5,"50,53,56,61,68"
507,14:07,10,10,인천공항,6,"29,32,36,54,63,74"
507,14:07,2,2,수서,2,"4,11"
507,14:07,3,3,삼성,7,"6,8,9,24,27,46,75"
507,14:07,4,4,여의도,4,"5,14,23,79"
507,14:07,5,5,김포공항,4,"12,19,30,34"
507,14:07,6,6,일산,3,"2,37,49"
507,14:07,7,7,판교,5,"7,28,39,42,44"
507,14:07,9,9,평택,13,"26,33,35,47,59,60,62,66,67,70,76,77,78"
508,14:08,1,1,서울역,6,"50,53,56,61,68,73"
508,14:08,10,10,인천공항,6,"29,32,36,54,63,74"
508,14:08,2,2,수서,3,"4,11,71"
508,14:08,3,3,삼성,8,"6,8,9,24,27,45,46,75"
508,14:08,4,4,여의도,4,"14,23,48,79"
508,14:08,5,5,김포공항,3,"19,30,55"
508,14:08,6,6,일산,2,"37,49"
508,14:08,7,7,판교,5,"7,28,39,42,44"
508,14:08,9,9,평택,13,"26,33,35,47,59,60,62,66,67,70,76,77,78"
509,14:09,1,1,서울역,5,"50,53,56,61,73"
509,14:09,10,10,인천공항,6,"29,32,36,54,63,74"
509,14:09,2,2,수서,4,"1,4,11,71"
509,14:09,3,3,삼성,8,"6,8,9,24,27,45,46,75"
509,14:09,4,4,여의도,5,"14,16,21,48,79"
509,14:09,5,5,김포공항,3,"19,30,55"
509,14:09,6,6,일산,1,37
509,14:09,7,7,판교,5,"7,28,39,42,44"
509,14:09,9,9,평택,12,"33,35,47,59,60,62,66,67,70,76,77,78"
510,14:10,1,1,서울역,4,"53,56,61,73"
510,14:10,10,10,인천공항,6,"29,32,36,54,63,74"
510,14:10,2,2,수서,4,"1,4,11,71"
510,14:10,3,3,삼성,9,"3,6,8,9,24,27,45,46,75"
510,14:10,4,4,여의도,5,"14,16,21,48,79"
510,14:10,5,5,김포공항,3,"19,30,55"
510,14:10,6,6,일산,1,37
510,14:10,7,7,판교,4,"7,28,42,44"
510,14:10,9,9,평택,12,"33,35,47,59,60,62,66,67,70,76,77,78"
511,14:11,1,1,서울역,3,"53,56,61"
511,14:11,10,10,인천공항,5,"29,32,54,63,74"
511,14:11,2,2,수서,3,"1,4,11"
511,14:11,3,3,삼성,8,"3,6,8,9,24,27,46,75"
511,14:11,4,4,여의도,3,"14,16,21"
511,14:11,5,5,김포공항,2,"19,30"
511,14:11,6,6,일산,1,65
511,14:11,7,7,판교,4,"7,28,42,44"
511,14:11,8,8,동탄/용인,1,31
511,14:11,9,9,평택,12,"33,35,47,59,60,62,66,67,70,76,77,78"
512,14:12,1,1,서울역,4,"53,56,58,61"
512,14:12,10,10,인천공항,6,"20,29,32,54,63,74"
512,14:12,2,2,수서,3,"4,11,57"
512,14:12,3,3,삼성,8,"3,6,8,9,24,27,46,75"
512,14:12,4,4,여의도,6,"10,14,16,21,69,72"
512,14:12,5,5,김포공항,1,30
512,14:12,6,6,일산,1,65
512,14:12,7,7,판교,5,"7,28,42,44,64"
512,14:12,8,8,동탄/용인,1,31
512,14:12,9,9,평택,12,"33,35,47,59,60,62,66,67,70,76,77,78"
513,14:13,1,1,서울역,6,"17,23,53,56,58,61"
513,14:13,10,10,인천공항,6,"20,29,32,54,63,74"
513,14:13,2,2,수서,3,"4,11,57"
513,14:13,3,3,삼성,8,"6,8,9,24,25,27,46,75"
513,14:13,4,4,여의도,6,"10,14,16,21,69,72"
513,14:13,5,5,김포공항,1,30
513,14:13,6,6,일산,2,"0,65"
513,14:13,7,7,판교,7,"7,18,28,42,44,51,64"
513,14:13,8,8,동탄/용인,1,31
513,14:13,9,9,평택,12,"33,35,47,59,60,62,66,67,70,76,77,78"
514,14:14,1,1,서울역,7,"17,23,43,53,56,58,61"
514,14:14,10,10,인천공항,6,"20,29,32,54,63,74"
514,14:14,2,2,수서,3,"4,11,57"
514,14:14,3,3,삼성,7,"6,8,24,25,27,46,75"
514,14:14,4,4,여의도,7,"10,14,16,21,34,69,72"
514,14:14,5,5,김포공항,2,"22,30"
514,14:14,6,6,일산,2,"0,65"
514,14:14,7,7,판교,7,"7,18,28,42,44,51,64"
514,14:14,8,8,동탄/용인,1,31
514,14:14,9,9,평택,12,"33,35,47,59,60,62,66,67,70,76,77,78"
515,14:15,1,1,서울역,6,"17,23,43,53,56,61"
515,14:15,10,10,인천공항,5,"20,29,32,63,74"
515,14:15,2,2,수서,3,"4,11,57"
515,14:15,3,3,삼성,7,"6,8,24,25,27,46,75"
515,14:15,4,4,여의도,6,"10,14,21,34,69,72"
515,14:15,5,5,김포공항,2,"22,30"
515,14:15,6,6,일산,3,"0,41,65"
515,14:15,7,7,판교,7,"7,18,28,42,44,51,64"
515,14:15,8,8,동탄/용인,2,"26,31"
515,14:15,9,9,평택,12,"33,35,47,59,60,62,66,67,70,76,77,78"
516,14:16,1,1,서울역,4,"17,43,56,61"
516,14:16,10,10,인천공항,4,"20,32,63,74"
516,14:16,2,2,수서,4,"4,11,12,57"
516,14:16,3,3,삼성,5,"8,25,27,46,75"
516,14:16,4,4,여의도,6,"10,14,21,34,69,72"
516,14:16,5,5,김포공항,2,"22,30"
516,14:16,6,6,일산,3,"0,41,65"
516,14:16,7,7,판교,8,"7,18,28,42,44,51,64,68"
516,14:16,8,8,동탄/용인,2,"26,31"
516,14:16,9,9,평택,12,"15,33,47,59,60,62,66,67,70,76,77,78"
517,14:17,1,1,서울역,3,"17,56,61"
517,14:17,10,10,인천공항,4,"20,32,63,74"
517,14:17,2,2,수서,5,"4,11,12,57,79"
517,14:17,3,3,삼성,6,"8,25,27,46,73,75"
517,14:17,4,4,여의도,7,"10,14,21,34,39,69,72"
517,14:17,5,5,김포공항,2,"22,30"
517,14:17,6,6,일산,2,"0,41"
517,14:17,7,7,판교,8,"7,18,28,42,44,51,64,68"
517,14:17,8,8,동탄/용인,2,"26,31"
517,14:17,9,9,평택,12,"15,33,47,59,60,62,66,67,70,76,77,78"
518,14:18,1,1,서울역,4,"17,56,61,71"
518,14:18,10,10,인천공항,4,"20,32,63,74"
518,14:18,2,2,수서,5,"4,11,12,57,79"
518,14:18,3,3,삼성,6,"8,25,27,46,73,75"
518,14:18,4,4,여의도,9,"10,14,21,34,39,40,45,69,72"
518,14:18,5,5,김포공항,2,"22,30"
518,14:18,6,6,일산,3,"0,41,48"
518,14:18,7,7,판교,8,"7,18,28,42,44,51,64,68"
518,14:18,8,8,동탄/용인,2,"26,31"
518,14:18,9,9,평택,12,"15,33,47,59,60,62,66,67,70,76,77,78"
519,14:19,1,1,서울역,4,"1,17,56,71"
519,14:19,10,10,인천공항,4,"20,32,63,74"
519,14:19,2,2,수서,6,"4,11,12,55,57,79"
519,14:19,3,3,삼성,7,"8,25,27,38,46,73,75"
519,14:19,4,4,여의도,9,"10,14,21,34,39,40,45,69,72"
519,14:19,5,5,김포공항,2,"22,30"
519,14:19,6,6,일산,4,"0,19,41,48"
519,14:19,7,7,판교,8,"7,18,28,42,44,51,64,68"
519,14:19,8,8,동탄/용인,2,"26,31"
519,14:19,9,9,평택,12,"15,33,47,59,60,62,66,67,70,76,77,78"
520,14:20,1,1,서울역,4,"1,17,56,71"
520,14:20,10,10,인천공항,3,"20,32,63"
520,14:20,2,2,수서,6,"4,11,12,55,57,79"
520,14:20,3,3,삼성,4,"8,25,38,75"
520,14:20,4,4,여의도,9,"3,10,14,21,34,39,40,45,69"
520,14:20,5,5,김포공항,1,22
520,14:20,6,6,일산,4,"0,19,41,48"
520,14:20,7,7,판교,7,"2,7,18,28,42,51,68"
520,14:20,8,8,동탄/용인,1,26
520,14:20,9,9,평택,10,"15,47,59,60,66,67,70,76,77,78"
521,14:21,1,1,서울역,3,"1,17,56"
521,14:21,10,10,인천공항,3,"20,32,63"
521,14:21,2,2,수서,6,"4,11,12,13,55,79"
521,14:21,3,3,삼성,5,"8,25,37,38,75"
521,14:21,4,4,여의도,9,"3,10,14,21,34,39,40,45,69"
521,14:21,5,5,김포공항,1,22
521,14:21,6,6,일산,4,"0,19,41,48"
521,14:21,7,7,판교,6,"2,7,18,42,51,68"
521,14:21,9,9,평택,10,"15,47,59,60,66,67,70,76,77,78"
522,14:22,1,1,서울역,4,"1,17,24,56"
522,14:22,10,10,인천공항,3,"20,32,63"
522,14:22,2,2,수서,6,"4,12,13,55,58,79"
522,14:22,3,3,삼성,5,"8,25,37,38,75"
522,14:22,4,4,여의도,9,"3,10,14,21,34,39,40,45,69"
522,14:22,5,5,김포공항,1,22
522,14:22,6,6,일산,4,"0,19,41,48"
522,14:22,7,7,판교,7,"2,7,16,18,42,51,68"
522,14:22,8,8,동탄/용인,1,52
522,14:22,9,9,평택,10,"15,47,59,60,66,67,70,76,77,78"
523,14:23,1,1,서울역,3,"1,24,56"
523,14:23,10,10,인천공항,4,"20,32,50,63"
523,14:23,2,2,수서,5,"12,13,55,58,79"
523,14:23,3,3,삼성,5,"8,25,37,38,75"
523,14:23,4,4,여의도,8,"3,10,14,21,34,39,40,45"
523,14:23,6,6,일산,4,"0,19,41,48"
523,14:23,7,7,판교,6,"2,16,42,51,53,68"
523,14:23,8,8,동탄/용인,1,52
523,14:23,9,9,평택,11,"5,15,47,59,60,66,67,70,76,77,78"
524,14:24,1,1,서울역,3,"1,24,56"
524,14:24,10,10,인천공항,4,"20,32,50,63"
524,14:24,2,2,수서,4,"12,55,58,79"
524,14:24,3,3,삼성,5,"8,25,37,38,75"
524,14:24,4,4,여의도,8,"3,10,14,21,34,39,40,45"
524,14:24,5,5,김포공항,1,6
524,14:24,6,6,일산,4,"0,19,41,48"
524,14:24,7,7,판교,6,"2,16,42,51,53,68"
524,14:24,8,8,동탄/용인,1,52
524,14:24,9,9,평택,11,"5,15,47,59,60,66,67,70,76,77,78"
525,14:25,1,1,서울역,2,"1,56"
525,14:25,10,10,인천공항,4,"20,32,50,63"
525,14:25,2,2,수서,3,"12,58,79"
525,14:25,3,3,삼성,5,"8,25,37,38,75"
525,14:25,4,4,여의도,7,"3,10,14,34,39,40,45"
525,14:25,5,5,김포공항,1,6
525,14:25,6,6,일산,4,"0,19,41,48"
525,14:25,7,7,판교,6,"2,16,42,51,53,68"
525,14:25,8,8,동탄/용인,1,52
525,14:25,9,9,평택,10,"5,47,59,60,66,67,70,76,77,78"
526,14:26,1,1,서울역,1,1
526,14:26,10,10,인천공항,4,"20,32,50,63"
526,14:26,2,2,수서,4,"12,58,64,72"
526,14:26,3,3,삼성,6,"8,25,36,37,38,75"
526,14:26,4,4,여의도,6,"3,10,14,30,34,45"
526,14:26,5,5,김포공항,1,6
526,14:26,6,6,일산,4,"0,19,41,48"
526,14:26,7,7,판교,7,"2,16,42,51,53,61,68"
526,14:26,8,8,동탄/용인,2,"49,52"
526,14:26,9,9,평택,9,"5,59,60,66,67,70,76,77,78"
527,14:27,1,1,서울역,2,"1,44"
527,14:27,10,10,인천공항,4,"20,32,50,63"
527,14:27,2,2,수서,4,"12,58,64,72"
527,14:27,3,3,삼성,7,"8,13,25,36,37,38,75"
527,14:27,4,4,여의도,7,"3,10,14,27,30,34,45"
527,14:27,5,5,김포공항,1,6
527,14:27,6,6,일산,2,"0,48"
527,14:27,7,7,판교,8,"2,16,42,46,51,53,61,68"
527,14:27,8,8,동탄/용인,2,"49,52"
527,14:27,9,9,평택,9,"5,59,60,66,67,70,76,77,78"
528,14:28,1,1,서울역,1,44
528,14:28,10,10,인천공항,4,"20,32,50,63"
528,14:28,2,2,수서,4,"12,58,64,72"
528,14:28,3,3,삼성,6,"8,13,25,36,37,38"
528,14:28,4,4,여의도,8,"3,10,14,27,28,29,30,45"
528,14:28,5,5,김포공항,1,6
528,14:28,6,6,일산,3,"0,48,71"
528,14:28,7,7,판교,6,"2,16,42,46,53,61"
528,14:28,8,8,동탄/용인,2,"49,52"
528,14:28,9,9,평택,9,"5,59,60,66,67,70,76,77,78"
529,14:29,1,1,서울역,1,44
529,14:29,10,10,인천공항,5,"20,23,32,50,63"
529,14:29,2,2,수서,1,58
529,14:29,3,3,삼성,6,"13,17,25,36,37,38"
529,14:29,4,4,여의도,9,"10,14,22,24,27,28,29,30,45"
529,14:29,5,5,김포공항,2,"6,57"
529,14:29,6,6,일산,3,"0,48,71"
529,14:29,7,7,판교,7,"2,16,42,46,53,61,65"
529,14:29,8,8,동탄/용인,2,"49,52"
529,14:29,9,9,평택,10,"5,9,59,60,66,67,70,76,77,78"
530,14:30,1,1,서울역,3,"7,40,44"
530,14:30,10,10,인천공항,5,"20,23,32,50,63"
530,14:30,2,2,수서,1,58
530,14:30,3,3,삼성,7,"13,17,25,36,37,38,54"
530,14:30,4,4,여의도,10,"10,14,18,22,24,27,28,29,30,45"
530,14:30,5,5,김포공항,3,"6,11,57"
530,14:30,6,6,일산,3,"0,48,71"
530,14:30,7,7,판교,6,"2,16,42,53,61,65"
530,14:30,8,8,동탄/용인,2,"49,52"
530,14:30,9,9,평택,10,"5,9,59,60,66,67,70,76,77,78"
531,14:31,1,1,서울역,3,"7,40,44"
531,14:31,10,10,인천공항,5,"20,23,32,50,63"
531,14:31,2,2,수서,2,"58,75"
531,14:31,3,3,삼성,8,"13,17,25,26,36,37,38,54"
531,14:31,4,4,여의도,10,"10,14,18,22,24,27,28,30,31,45"
531,14:31,5,5,김포공항,4,"4,6,11,57"
531,14:31,6,6,일산,3,"0,48,71"
531,14:31,7,7,판교,6,"2,16,42,53,61,65"
531,14:31,8,8,동탄/용인,2,"49,52"
531,14:31,9,9,평택,10,"5,9,59,60,66,67,70,76,77,78"
532,14:32,1,1,서울역,4,"7,40,44,55"
532,14:32,10,10,인천공항,5,"20,23,32,50,63"
532,14:32,2,2,수서,2,"58,75"
532,14:32,3,3,삼성,6,"13,17,26,37,38,54"
532,14:32,4,4,여의도,8,"10,18,24,27,28,31,45,79"
532,14:32,5,5,김포공항,4,"4,6,11,57"
532,14:32,6,6,일산,3,"0,48,71"
532,14:32,7,7,판교,5,"2,16,42,53,65"
532,14:32,8,8,동탄/용인,2,"49,52"
532,14:32,9,9,평택,10,"5,9,59,60,66,67,70,76,77,78"
533,14:33,1,1,서울역,4,"7,44,55,74"
533,14:33,10,10,인천공항,5,"20,23,32,50,63"
533,14:33,2,2,수서,3,"56,58,75"
533,14:33,3,3,삼성,5,"17,26,37,38,54"
533,14:33,4,4,여의도,7,"10,18,24,28,31,45,79"
533,14:33,5,5,김포공항,4,"4,6,11,57"
533,14:33,6,6,일산,3,"0,48,71"
533,14:33,7,7,판교,6,"2,16,39,42,53,65"
533,14:33,8,8,동탄/용인,2,"49,52"
533,14:33,9,9,평택,11,"5,9,43,59,60,66,67,70,76,77,78"
534,14:34,1,1,서울역,4,"7,44,55,74"
534,14:34,10,10,인천공항,5,"20,23,32,50,63"
534,14:34,2,2,수서,3,"56,58,75"
534,14:34,3,3,삼성,5,"17,26,37,38,54"
534,14:34,4,4,여의도,7,"10,18,24,28,31,45,79"
534,14:34,5,5,김포공항,4,"4,6,11,57"
534,14:34,6,6,일산,3,"0,48,71"
534,14:34,7,7,판교,6,"2,16,39,42,53,65"
534,14:34,8,8,동탄/용인,3,"49,52,69"
534,14:34,9,9,평택,11,"5,9,43,59,60,66,67,70,76,77,78"
535,14:35,1,1,서울역,4,"7,51,55,74"
535,14:35,10,10,인천공항,4,"23,32,50,63"
535,14:35,2,2,수서,4,"1,3,56,75"
535,14:35,3,3,삼성,5,"17,26,37,38,54"
535,14:35,4,4,여의도,7,"10,18,24,28,31,45,68"
535,14:35,5,5,김포공항,4,"4,6,11,57"
535,14:35,6,6,일산,3,"0,48,71"
535,14:35,7,7,판교,7,"2,16,39,42,53,65,72"
535,14:35,8,8,동탄/용인,3,"49,52,69"
535,14:35,9,9,평택,12,"5,9,43,59,60,66,67,70,73,76,77,78"
536,14:36,1,1,서울역,6,"7,33,51,55,62,74"
536,14:36,10,10,인천공항,4,"23,32,50,63"
536,14:36,2,2,수서,4,"1,3,56,75"
536,14:36,3,3,삼성,4,"17,26,37,38"
536,14:36,4,4,여의도,8,"8,10,18,24,28,31,45,68"
536,14:36,5,5,김포공항,3,"4,11,57"
536,14:36,6,6,일산,4,"0,35,48,71"
536,14:36,7,7,판교,7,"2,16,39,42,53,65,72"
536,14:36,8,8,동탄/용인,3,"49,52,69"
536,14:36,9,9,평택,12,"5,9,43,59,60,66,67,70,73,76,77,78"
537,14:37,1,1,서울역,7,"7,33,46,51,55,62,74"
537,14:37,10,10,인천공항,4,"23,32,50,63"
537,14:37,2,2,수서,3,"1,3,56"
537,14:37,3,3,삼성,4,"17,26,37,38"
537,14:37,4,4,여의도,7,"8,10,18,24,31,45,68"
537,14:37,5,5,김포공항,4,"4,11,12,57"
537,14:37,6,6,일산,2,"35,48"
537,14:37,7,7,판교,6,"2,16,39,53,65,72"
537,14:37,8,8,동탄/용인,2,"52,69"
537,14:37,9,9,평택,12,"5,9,43,59,60,66,67,70,73,76,77,78"
538,14:38,1,1,서울역,6,"7,33,46,51,62,74"
538,14:38,10,10,인천공항,3,"23,32,63"
538,14:38,2,2,수서,3,"1,3,56"
538,14:38,3,3,삼성,5,"17,26,29,37,38"
538,14:38,4,4,여의도,7,"8,10,18,24,31,45,68"
538,14:38,5,5,김포공항,4,"4,11,12,57"
538,14:38,6,6,일산,2,"35,48"
538,14:38,7,7,판교,6,"2,16,39,53,65,72"
538,14:38,8,8,동탄/용인,2,"52,69"
538,14:38,9,9,평택,11,"5,43,59,60,66,67,70,73,76,77,78"
539,14:39,1,1,서울역,5,"33,46,51,61,62"
539,14:39,10,10,인천공항,3,"23,32,63"
539,14:39,2,2,수서,4,"1,3,54,56"
539,14:39,3,3,삼성,5,"17,26,29,37,38"
539,14:39,4,4,여의도,7,"8,10,18,24,25,31,68"
539,14:39,5,5,김포공항,5,"4,11,12,27,57"
539,14:39,6,6,일산,2,"35,48"
539,14:39,7,7,판교,9,"2,14,16,19,39,41,53,65,72"
539,14:39,8,8,동탄/용인,3,"34,52,69"
539,14:39,9,9,평택,11,"5,43,59,60,66,67,70,73,76,77,78"
540,14:40,1,1,서울역,5,"33,46,51,61,62"
540,14:40,10,10,인천공항,3,"23,32,63"
540,14:40,2,2,수서,4,"1,3,54,56"
540,14:40,3,3,삼성,3,"26,29,38"
540,14:40,4,4,여의도,7,"8,10,15,18,24,25,68"
540,14:40,5,5,김포공항,4,"4,11,27,36"
540,14:40,6,6,일산,3,"35,48,64"
540,14:40,7,7,판교,6,"14,16,19,40,41,72"
540,14:40,8,8,동탄/용인,3,"34,52,69"
540,14:40,9,9,평택,10,"5,21,43,66,67,70,73,76,77,78"
541,14:41,1,1,서울역,5,"33,46,51,61,62"
541,14:41,10,10,인천공항,2,"32,63"
541,14:41,2,2,수서,4,"1,3,54,56"
541,14:41,3,3,삼성,3,"26,29,38"
541,14:41,4,4,여의도,7,"8,10,15,18,24,25,68"
541,14:41,5,5,김포공항,5,"4,11,27,36,79"
541,14:41,6,6,일산,3,"35,48,64"
541,14:41,7,7,판교,6,"14,16,19,40,41,72"
541,14:41,8,8,동탄/용인,3,"34,52,69"
541,14:41,9,9,평택,10,"5,21,43,66,67,70,73,76,77,78"
542,14:42,1,1,서울역,4,"33,46,51,61"
542,14:42,10,10,인천공항,1,32
542,14:42,2,2,수서,4,"1,3,54,56"
542,14:42,3,3,삼성,3,"26,29,38"
542,14:42,4,4,여의도,6,"8,10,15,18,24,68"
542,14:42,5,5,김포공항,4,"4,11,36,79"
542,14:42,6,6,일산,3,"35,48,64"
542,14:42,7,7,판교,6,"16,19,40,41,44,72"
542,14:42,8,8,동탄/용인,3,"34,52,69"
542,14:42,9,9,평택,10,"5,21,43,66,67,70,73,76,77,78"
543,14:43,1,1,서울역,4,"33,46,51,61"
543,14:43,10,10,인천공항,1,32
543,14:43,2,2,수서,5,"1,3,28,54,56"
543,14:43,3,3,삼성,3,"26,29,38"
543,14:43,4,4,여의도,5,"8,10,18,24,68"
543,14:43,5,5,김포공항,4,"4,11,58,79"
543,14:43,6,6,일산,3,"35,48,64"
543,14:43,7,7,판교,6,"16,19,40,41,44,72"
543,14:43,8,8,동탄/용인,3,"34,52,69"
543,14:43,9,9,평택,10,"5,21,43,66,67,70,73,76,77,78"
544,14:44,1,1,서울역,4,"33,46,51,61"
544,14:44,10,10,인천공항,2,"30,32"
544,14:44,2,2,수서,5,"1,3,28,54,56"
544,14:44,3,3,삼성,2,"26,38"
544,14:44,4,4,여의도,6,"8,10,18,24,42,68"
544,14:44,5,5,김포공항,3,"4,11,58"
544,14:44,6,6,일산,3,"35,48,64"
544,14:44,7,7,판교,5,"16,19,40,41,44"
544,14:44,8,8,동탄/용인,3,"34,52,69"
544,14:44,9,9,평택,10,"5,21,43,66,67,70,73,76,77,78"
545,14:45,1,1,서울역,3,"46,51,61"
545,14:45,10,10,인천공항,3,"30,32,47"
545,14:45,2,2,수서,5,"1,3,28,45,54"
545,14:45,3,3,삼성,2,"26,38"
545,14:45,4,4,여의도,6,"8,10,18,24,42,68"
545,14:45,5,5,김포공항,5,"4,11,20,58,75"
545,14:45,6,6,일산,3,"35,48,64"
545,14:45,7,7,판교,4,"16,19,40,44"
545,14:45,8,8,동탄/용인,2,"34,52"
545,14:45,9,9,평택,9,"21,43,66,67,70,73,76,77,78"
546,14:46,1,1,서울역,3,"46,51,61"
546,14:46,10,10,인천공항,3,"30,32,47"
546,14:46,2,2,수서,6,"1,3,28,39,45,54"
546,14:46,3,3,삼성,1,38
546,14:46,4,4,여의도,7,"8,10,12,18,24,42,68"
546,14:46,5,5,김포공항,5,"4,11,20,58,75"
546,14:46,6,6,일산,2,"35,64"
546,14:46,7,7,판교,4,"7,16,19,44"
546,14:46,8,8,동탄/용인,2,"34,52"
546,14:46,9,9,평택,9,"21,43,66,67,70,73,76,77,78"
547,14:47,1,1,서울역,3,"2,46,61"
547,14:47,10,10,인천공항,3,"30,32,47"
547,14:47,2,2,수서,6,"1,3,28,39,45,54"
547,14:47,3,3,삼성,4,"38,49,53,65"
547,14:47,4,4,여의도,6,"8,12,18,24,42,68"
547,14:47,5,5,김포공항,5,"4,11,20,58,75"
547,14:47,6,6,일산,2,"35,64"
547,14:47,7,7,판교,5,"7,16,19,31,44"
547,14:47,8,8,동탄/용인,2,"34,52"
547,14:47,9,9,평택,10,"21,22,43,66,67,70,73,76,77,78"
548,14:48,1,1,서울역,3,"2,46,61"
548,14:48,10,10,인천공항,3,"30,32,47"
548,14:48,2,2,수서,5,"1,3,28,39,45"
548,14:48,3,3,삼성,5,"38,49,53,57,65"
548,14:48,4,4,여의도,3,"12,42,68"
548,14:48,5,5,김포공항,5,"4,11,25,37,58"
548,14:48,6,6,일산,2,"35,64"
548,14:48,7,7,판교,4,"7,16,19,31"
548,14:48,8,8,동탄/용인,2,"34,52"
548,14:48,9,9,평택,11,"13,21,22,43,66,67,70,73,76,77,78"
549,14:49,1,1,서울역,3,"2,46,61"
549,14:49,10,10,인천공항,3,"30,32,47"
549,14:49,2,2,수서,4,"1,3,28,45"
549,14:49,3,3,삼성,5,"38,49,53,57,65"
549,14:49,4,4,여의도,2,"42,68"
549,14:49,5,5,김포공항,3,"25,37,58"
549,14:49,6,6,일산,1,35
549,14:49,7,7,판교,5,"0,7,16,19,31"
549,14:49,8,8,동탄/용인,2,"34,52"
549,14:49,9,9,평택,11,"13,21,22,43,66,67,70,73,76,77,78"
550,14:50,1,1,서울역,4,"2,29,46,61"
550,14:50,10,10,인천공항,3,"30,32,47"
550,14:50,2,2,수서,5,"1,3,27,28,45"
550,14:50,3,3,삼성,4,"15,49,57,65"
550,14:50,4,4,여의도,1,68
550,14:50,5,5,김포공항,3,"25,37,58"
550,14:50,6,6,일산,1,35
550,14:50,7,7,판교,4,"0,7,19,31"
550,14:50,8,8,동탄/용인,1,34
550,14:50,9,9,평택,11,"13,21,22,43,66,67,70,73,76,77,78"
551,14:51,1,1,서울역,4,"2,29,46,72"
551,14:51,10,10,인천공항,1,30
551,14:51,2,2,수서,3,"1,27,28"
551,14:51,3,3,삼성,4,"15,36,49,65"
551,14:51,4,4,여의도,1,68
551,14:51,5,5,김포공항,3,"25,37,58"
551,14:51,6,6,일산,1,35
551,14:51,7,7,판교,4,"0,7,19,31"
551,14:51,8,8,동탄/용인,1,34
551,14:51,9,9,평택,11,"13,21,22,43,66,67,70,73,76,77,78"
552,14:52,1,1,서울역,5,"2,29,46,56,72"
552,14:52,10,10,인천공항,2,"30,74"
552,14:52,2,2,수서,2,"27,28"
552,14:52,3,3,삼성,5,"15,36,41,49,65"
552,14:52,4,4,여의도,1,68
552,14:52,5,5,김포공항,3,"25,37,58"
552,14:52,6,6,일산,1,35
552,14:52,7,7,판교,4,"0,7,19,31"
552,14:52,8,8,동탄/용인,1,34
552,14:52,9,9,평택,11,"13,21,22,43,66,67,70,73,76,77,78"
553,14:53,1,1,서울역,4,"2,40,56,72"
553,14:53,10,10,인천공항,2,"30,74"
553,14:53,2,2,수서,1,28
553,14:53,3,3,삼성,4,"36,41,49,50"
553,14:53,4,4,여의도,1,23
553,14:53,5,5,김포공항,3,"25,37,58"
553,14:53,6,6,일산,1,35
553,14:53,7,7,판교,4,"0,7,19,31"
553,14:53,8,8,동탄/용인,1,34
553,14:53,9,9,평택,12,"6,13,21,22,43,66,67,70,73,76,77,78"
554,14:54,1,1,서울역,5,"2,9,40,56,72"
554,14:54,10,10,인천공항,3,"30,74,79"
554,14:54,2,2,수서,2,"18,28"
554,14:54,3,3,삼성,6,"3,36,41,45,49,50"
554,14:54,4,4,여의도,2,"20,23"
554,14:54,5,5,김포공항,4,"25,26,37,58"
554,14:54,6,6,일산,1,35
554,14:54,7,7,판교,6,"0,7,10,19,31,51"
554,14:54,8,8,동탄/용인,1,34
554,14:54,9,9,평택,14,"6,13,14,21,22,43,55,66,67,70,73,76,77,78"
555,14:55,1,1,서울역,5,"2,9,40,56,72"
555,14:55,10,10,인천공항,4,"17,30,74,79"
555,14:55,2,2,수서,1,18
555,14:55,3,3,삼성,7,"3,36,44,45,49,50,60"
555,14:55,4,4,여의도,4,"20,23,39,59"
555,14:55,5,5,김포공항,4,"25,26,37,58"
555,14:55,6,6,일산,2,"35,75"
555,14:55,7,7,판교,8,"0,7,8,10,19,24,31,51"
555,14:55,9,9,평택,14,"6,13,14,21,22,43,55,66,67,70,73,76,77,78"
556,14:56,1,1,서울역,5,"2,9,40,56,72"
556,14:56,10,10,인천공항,4,"17,30,74,79"
556,14:56,2,2,수서,1,18
556,14:56,3,3,삼성,7,"3,36,44,45,49,50,60"
556,14:56,4,4,여의도,4,"20,23,39,59"
556,14:56,5,5,김포공항,4,"25,26,37,58"
556,14:56,6,6,일산,2,"35,75"
556,14:56,7,7,판교,8,"0,7,8,10,19,24,31,51"
556,14:56,9,9,평택,15,"6,13,14,21,22,43,52,55,66,67,70,73,76,77,78"
557,14:57,1,1,서울역,6,"2,9,40,56,69,72"
557,14:57,10,10,인천공항,4,"17,30,74,79"
557,14:57,2,2,수서,1,18
557,14:57,3,3,삼성,8,"4,36,44,45,49,50,60,63"
557,14:57,4,4,여의도,6,"16,20,23,39,53,59"
557,14:57,5,5,김포공항,4,"25,26,37,58"
557,14:57,6,6,일산,3,"35,42,75"
557,14:57,7,7,판교,8,"0,7,8,10,19,24,31,51"
557,14:57,9,9,평택,16,"6,13,14,21,22,43,52,55,66,67,70,71,73,76,77,78"
558,14:58,1,1,서울역,6,"2,9,40,56,69,72"
558,14:58,10,10,인천공항,3,"33,74,79"
558,14:58,2,2,수서,1,18
558,14:58,3,3,삼성,7,"4,36,45,49,50,60,63"
558,14:58,4,4,여의도,5,"16,20,23,39,53"
558,14:58,5,5,김포공항,5,"25,26,37,38,58"
558,14:58,6,6,일산,3,"35,42,75"
558,14:58,7,7,판교,8,"0,8,10,19,24,31,48,51"
558,14:58,9,9,평택,16,"6,13,14,22,43,52,55,62,66,67,70,71,73,76,77,78"
559,14:59,1,1,서울역,5,"2,9,56,69,72"
559,14:59,10,10,인천공항,3,"33,74,79"
559,14:59,2,2,수서,1,18
559,14:59,3,3,삼성,10,"4,29,36,45,46,49,50,60,63,64"
559,14:59,4,4,여의도,5,"16,20,23,39,53"
559,14:59,5,5,김포공항,5,"25,26,37,38,58"
559,14:59,6,6,일산,4,"35,42,54,75"
559,14:59,7,7,판교,8,"0,8,10,19,24,31,48,51"
559,14:59,9,9,평택,16,"6,13,14,22,43,52,55,62,66,67,70,71,73,76,77,78"
560,15:00,1,1,서울역,4,"2,56,69,72"
560,15:00,10,10,인천공항,3,"33,74,79"
560,15:00,2,2,수서,1,18
560,15:00,3,3,삼성,9,"4,29,45,46,49,50,60,63,64"
560,15:00,4,4,여의도,5,"15,16,23,39,53"
560,15:00,5,5,김포공항,4,"1,25,37,38"
560,15:00,6,6,일산,4,"35,42,54,75"
560,15:00,7,7,판교,7,"0,8,19,24,31,48,68"
560,15:00,9,9,평택,15,"6,13,14,22,43,52,55,62,66,67,71,73,76,77,78"
561,15:01,1,1,서울역,3,"2,5,69"
561,15:01,10,10,인천공항,3,"12,33,79"
561,15:01,2,2,수서,1,18
561,15:01,3,3,삼성,8,"4,29,45,46,49,50,63,64"
561,15:01,4,4,여의도,5,"15,16,23,39,53"
561,15:01,5,5,김포공항,4,"1,25,37,65"
561,15:01,6,6,일산,5,"35,42,54,57,75"
561,15:01,7,7,판교,6,"0,8,19,24,31,68"
561,15:01,9,9,평택,15,"6,13,14,22,43,52,55,62,66,67,71,73,76,77,78"
562,15:02,1,1,서울역,3,"2,5,69"
562,15:02,10,10,인천공항,3,"12,33,79"
562,15:02,2,2,수서,1,18
562,15:02,3,3,삼성,5,"4,29,49,50,63"
562,15:02,4,4,여의도,4,"15,16,39,53"
562,15:02,5,5,김포공항,3,"1,37,65"
562,15:02,6,6,일산,5,"35,42,54,57,75"
562,15:02,7,7,판교,6,"0,8,19,24,31,68"
562,15:02,9,9,평택,15,"6,13,14,22,43,52,55,62,66,67,71,73,76,77,78"
563,15:03,1,1,서울역,4,"2,3,5,69"
563,15:03,10,10,인천공항,3,"12,33,79"
563,15:03,2,2,수서,1,18
563,15:03,3,3,삼성,4,"4,29,49,50"
563,15:03,4,4,여의도,4,"15,32,39,53"
563,15:03,5,5,김포공항,5,"1,28,37,41,65"
563,15:03,6,6,일산,5,"35,42,54,57,75"
563,15:03,7,7,판교,5,"0,8,24,31,68"
563,15:03,9,9,평택,15,"6,13,14,22,43,52,55,62,66,67,71,73,76,77,78"
564,15:04,1,1,서울역,4,"2,3,5,69"
564,15:04,10,10,인천공항,3,"12,33,79"
564,15:04,2,2,수서,1,18
564,15:04,3,3,삼성,4,"4,29,49,50"
564,15:04,4,4,여의도,4,"15,32,39,53"
564,15:04,5,5,김포공항,5,"1,28,37,41,65"
564,15:04,6,6,일산,5,"27,42,54,57,75"
564,15:04,7,7,판교,4,"0,8,24,68"
564,15:04,9,9,평택,15,"6,13,14,22,43,52,55,62,66,67,71,73,76,77,78"
565,15:05,1,1,서울역,5,"2,3,5,7,69"
565,15:05,10,10,인천공항,3,"12,33,79"
565,15:05,2,2,수서,2,"18,46"
565,15:05,3,3,삼성,4,"4,29,34,49"
565,15:05,4,4,여의도,4,"15,32,39,53"
565,15:05,5,5,김포공항,5,"1,28,37,41,65"
565,15:05,6,6,일산,5,"27,42,54,57,75"
565,15:05,7,7,판교,2,"8,68"
565,15:05,9,9,평택,15,"6,13,14,22,43,52,55,62,66,67,71,73,76,77,78"
566,15:06,1,1,서울역,6,"2,3,5,7,36,69"
566,15:06,10,10,인천공항,3,"12,33,79"
566,15:06,2,2,수서,4,"18,20,46,51"
566,15:06,3,3,삼성,5,"9,29,34,47,49"
566,15:06,4,4,여의도,4,"15,26,32,53"
566,15:06,5,5,김포공항,5,"1,28,37,44,65"
566,15:06,6,6,일산,4,"27,54,57,75"
566,15:06,7,7,판교,3,"8,40,68"
566,15:06,9,9,평택,16,"6,11,13,14,22,43,52,55,62,66,67,71,73,76,77,78"
567,15:07,1,1,서울역,6,"2,3,5,7,36,69"
567,15:07,10,10,인천공항,3,"12,33,79"
567,15:07,2,2,수서,5,"18,20,46,48,51"
567,15:07,3,3,삼성,4,"9,34,47,49"
567,15:07,4,4,여의도,6,"10,15,26,32,38,53"
567,15:07,5,5,김포공항,5,"1,28,37,44,65"
567,15:07,6,6,일산,4,"27,54,57,75"
567,15:07,7,7,판교,3,"8,40,68"
567,15:07,9,9,평택,16,"6,11,13,14,22,43,55,61,62,66,67,71,73,76,77,78"
568,15:08,1,1,서울역,7,"2,3,5,7,36,58,69"
568,15:08,10,10,인천공항,3,"12,33,79"
568,15:08,2,2,수서,7,"18,20,23,46,48,51,56"
568,15:08,3,3,삼성,4,"9,34,47,49"
568,15:08,4,4,여의도,6,"10,15,26,32,38,53"
568,15:08,5,5,김포공항,5,"1,28,37,44,65"
568,15:08,6,6,일산,4,"27,54,57,75"
568,15:08,7,7,판교,4,"8,40,68,72"
568,15:08,9,9,평택,16,"6,11,13,14,22,43,55,61,62,66,67,71,73,76,77,78"
569,15:09,1,1,서울역,5,"2,5,7,58,69"
569,15:09,10,10,인천공항,3,"12,33,79"
569,15:09,2,2,수서,6,"18,20,23,46,48,56"
569,15:09,3,3,삼성,4,"9,34,47,49"
569,15:09,4,4,여의도,6,"10,15,26,32,38,45"
569,15:09,5,5,김포공항,3,"1,37,65"
569,15:09,6,6,일산,4,"27,54,57,75"
569,15:09,7,7,판교,4,"8,40,64,72"
569,15:09,9,9,평택,16,"6,11,13,14,22,43,55,61,62,66,67,71,73,76,77,78"
570,15:10,1,1,서울역,4,"5,7,58,69"
570,15:10,10,10,인천공항,3,"12,33,79"
570,15:10,2,2,수서,6,"18,20,23,46,48,56"
570,15:10,3,3,삼성,4,"9,34,47,49"
570,15:10,4,4,여의도,9,"10,15,19,26,30,32,38,45,63"
570,15:10,5,5,김포공항,3,"1,37,65"
570,15:10,6,6,일산,2,"27,54"
570,15:10,7,7,판교,5,"8,16,40,64,72"
570,15:10,9,9,평택,15,"6,11,14,22,43,55,61,62,66,67,71,73,76,77,78"
571,15:11,1,1,서울역,4,"5,31,35,50"
571,15:11,10,10,인천공항,3,"12,33,79"
571,15:11,2,2,수서,6,"18,20,23,46,48,56"
571,15:11,3,3,삼성,4,"9,34,47,49"
571,15:11,4,4,여의도,8,"10,19,26,30,32,38,45,63"
571,15:11,5,5,김포공항,2,"1,65"
571,15:11,6,6,일산,2,"27,54"
571,15:11,7,7,판교,5,"8,16,40,64,72"
571,15:11,9,9,평택,15,"6,11,14,22,43,55,61,62,66,67,71,73,76,77,78"
572,15:12,1,1,서울역,5,"0,5,31,35,50"
572,15:12,10,10,인천공항,3,"12,33,79"
572,15:12,2,2,수서,5,"18,23,46,48,56"
572,15:12,3,3,삼성,2,"34,49"
572,15:12,4,4,여의도,7,"10,19,24,30,38,41,63"
572,15:12,5,5,김포공항,1,1
572,15:12,6,6,일산,2,"27,54"
572,15:12,7,7,판교,5,"8,16,40,64,72"
572,15:12,9,9,평택,14,"6,14,22,43,55,61,62,66,67,71,73,76,77,78"
573,15:13,1,1,서울역,5,"0,5,31,35,50"
573,15:13,10,10,인천공항,3,"12,33,79"
573,15:13,2,2,수서,3,"18,23,56"
573,15:13,3,3,삼성,2,"34,49"
573,15:13,4,4,여의도,6,"3,4,10,19,24,41"
573,15:13,5,5,김포공항,1,1
573,15:13,7,7,판교,6,"8,16,39,40,64,72"
573,15:13,9,9,평택,14,"6,22,43,55,59,61,62,66,67,71,73,76,77,78"
574,15:14,1,1,서울역,6,"0,5,21,31,35,50"
574,15:14,10,10,인천공항,3,"12,33,79"
574,15:14,2,2,수서,1,23
574,15:14,3,3,삼성,1,49
574,15:14,4,4,여의도,6,"3,4,10,19,24,41"
574,15:14,5,5,김포공항,1,1
574,15:14,7,7,판교,5,"8,16,39,40,64"
574,15:14,9,9,평택,14,"6,22,43,55,59,61,62,66,67,71,73,76,77,78"
575,15:15,1,1,서울역,5,"0,21,31,35,50"
575,15:15,10,10,인천공항,2,"12,79"
575,15:15,2,2,수서,1,23
575,15:15,3,3,삼성,1,49
575,15:15,4,4,여의도,8,"3,4,7,19,24,28,41,70"
575,15:15,5,5,김포공항,2,"1,29"
575,15:15,7,7,판교,5,"8,16,39,40,64"
575,15:15,9,9,평택,14,"6,22,43,55,59,61,62,66,67,71,73,76,77,78"
576,15:16,1,1,서울역,6,"0,21,31,35,50,68"
576,15:16,10,10,인천공항,2,"12,79"
576,15:16,2,2,수서,1,23
576,15:16,3,3,삼성,3,"46,49,74"
576,15:16,4,4,여의도,8,"3,4,7,19,24,28,41,70"
576,15:16,5,5,김포공항,2,"1,29"
576,15:16,6,6,일산,2,"36,44"
576,15:16,7,7,판교,6,"8,16,39,40,53,64"
576,15:16,9,9,평택,14,"6,43,55,59,60,61,62,66,67,71,73,76,77,78"
577,15:17,1,1,서울역,5,"0,21,31,50,68"
577,15:17,10,10,인천공항,2,"12,79"
577,15:17,2,2,수서,3,"2,15,23"
577,15:17,3,3,삼성,4,"46,49,56,74"
577,15:17,4,4,여의도,8,"3,4,7,19,24,28,41,70"
577,15:17,5,5,김포공항,3,"1,29,51"
577,15:17,6,6,일산,2,"36,44"
577,15:17,7,7,판교,6,"8,16,39,40,53,64"
577,15:17,9,9,평택,14,"6,17,43,59,60,61,62,66,67,71,73,76,77,78"
578,15:18,1,1,서울역,4,"21,31,50,68"
578,15:18,10,10,인천공항,2,"12,79"
578,15:18,2,2,수서,6,"2,15,23,26,32,45"
578,15:18,3,3,삼성,4,"46,49,56,74"
578,15:18,4,4,여의도,6,"3,4,7,19,20,24"
578,15:18,5,5,김포공항,3,"1,29,51"
578,15:18,6,6,일산,4,"36,37,44,58"
578,15:18,7,7,판교,7,"8,16,39,40,42,53,64"
578,15:18,8,8,동탄/용인,1,11
578,15:18,9,9,평택,14,"6,17,43,59,60,61,62,66,67,71,73,76,77,78"
579,15:19,1,1,서울역,3,"21,31,50"
579,15:19,10,10,인천공항,2,"12,79"
579,15:19,2,2,수서,8,"2,15,23,26,30,32,45,63"
579,15:19,3,3,삼성,4,"46,49,56,74"
579,15:19,4,4,여의도,5,"4,7,19,20,24"
579,15:19,5,5,김포공항,2,"29,51"
579,15:19,6,6,일산,4,"36,37,58,65"
579,15:19,7,7,판교,7,"8,16,39,40,42,53,64"
579,15:19,8,8,동탄/용인,1,11
579,15:19,9,9,평택,15,"6,17,25,43,59,60,61,62,66,67,71,73,76,77,78"
580,15:20,1,1,서울역,4,"21,27,31,50"
580,15:20,10,10,인천공항,2,"12,79"
580,15:20,2,2,수서,7,"2,23,26,30,32,45,63"
580,15:20,3,3,삼성,3,"46,49,74"
580,15:20,4,4,여의도,4,"4,19,20,24"
580,15:20,5,5,김포공항,3,"9,29,47"
580,15:20,6,6,일산,3,"37,58,65"
580,15:20,7,7,판교,5,"8,16,40,42,53"
580,15:20,8,8,동탄/용인,1,11
580,15:20,9,9,평택,12,"6,17,25,43,59,60,61,62,73,76,77,78"
581,15:21,1,1,서울역,4,"21,27,31,50"
581,15:21,10,10,인천공항,2,"12,79"
581,15:21,2,2,수서,5,"2,23,30,32,63"
581,15:21,3,3,삼성,4,"5,46,49,74"
581,15:21,4,4,여의도,3,"4,19,20"
581,15:21,5,5,김포공항,4,"9,29,47,48"
581,15:21,6,6,일산,3,"37,58,65"
581,15:21,7,7,판교,4,"8,16,42,53"
581,15:21,8,8,동탄/용인,1,72
581,15:21,9,9,평택,12,"6,17,25,43,59,60,61,62,73,76,77,78"
582,15:22,1,1,서울역,4,"21,27,31,50"
582,15:22,10,10,인천공항,2,"12,79"
582,15:22,2,2,수서,5,"2,23,30,32,63"
582,15:22,3,3,삼성,3,"5,49,74"
582,15:22,4,4,여의도,3,"19,20,52"
582,15:22,5,5,김포공항,6,"9,18,29,34,47,48"
582,15:22,6,6,일산,3,"37,58,65"
582,15:22,7,7,판교,7,"8,10,16,42,53,57,75"
582,15:22,8,8,동탄/용인,1,72
582,15:22,9,9,평택,12,"6,17,25,43,59,60,61,62,73,76,77,78"
583,15:23,1,1,서울역,2,"21,50"
583,15:23,10,10,인천공항,1,12
583,15:23,2,2,수서,4,"2,30,32,63"
583,15:23,3,3,삼성,3,"5,15,74"
583,15:23,4,4,여의도,2,"20,52"
583,15:23,5,5,김포공항,5,"9,18,29,34,48"
583,15:23,6,6,일산,3,"37,58,65"
583,15:23,7,7,판교,7,"8,10,16,42,53,57,75"
583,15:23,8,8,동탄/용인,1,72
583,15:23,9,9,평택,12,"6,17,25,43,59,60,61,62,73,76,77,78"
584,15:24,1,1,서울역,2,"21,50"
584,15:24,10,10,인천공항,2,"12,69"
584,15:24,2,2,수서,3,"30,35,63"
584,15:24,3,3,삼성,3,"5,15,74"
584,15:24,4,4,여의도,2,"20,52"
584,15:24,5,5,김포공항,4,"9,18,29,34"
584,15:24,6,6,일산,2,"37,65"
584,15:24,7,7,판교,6,"8,10,16,53,57,75"
584,15:24,8,8,동탄/용인,2,"38,72"
584,15:24,9,9,평택,12,"6,17,25,43,59,60,61,62,73,76,77,78"
585,15:25,1,1,서울역,2,"21,50"
585,15:25,10,10,인천공항,2,"12,69"
585,15:25,2,2,수서,4,"0,30,35,63"
585,15:25,3,3,삼성,3,"5,15,74"
585,15:25,4,4,여의도,3,"13,20,52"
585,15:25,5,5,김포공항,4,"9,18,29,34"
585,15:25,6,6,일산,2,"37,65"
585,15:25,7,7,판교,7,"8,10,16,53,54,57,75"
585,15:25,8,8,동탄/용인,2,"38,72"
585,15:25,9,9,평택,11,"6,17,25,43,60,61,62,73,76,77,78"
586,15:26,1,1,서울역,1,50
586,15:26,10,10,인천공항,2,"12,69"
586,15:26,2,2,수서,5,"0,30,35,39,63"
586,15:26,3,3,삼성,4,"5,15,23,74"
586,15:26,4,4,여의도,3,"13,20,52"
586,15:26,5,5,김포공항,3,"9,18,34"
586,15:26,6,6,일산,2,"37,65"
586,15:26,7,7,판교,8,"3,10,16,53,54,57,68,75"
586,15:26,8,8,동탄/용인,2,"38,72"
586,15:26,9,9,평택,11,"6,17,25,43,60,61,62,73,76,77,78"
587,15:27,1,1,서울역,1,50
587,15:27,10,10,인천공항,2,"12,69"
587,15:27,2,2,수서,5,"0,1,30,39,63"
587,15:27,3,3,삼성,6,"5,7,15,23,64,74"
587,15:27,4,4,여의도,2,"13,52"
587,15:27,5,5,김포공항,3,"9,18,34"
587,15:27,6,6,일산,2,"51,65"
587,15:27,7,7,판교,8,"3,10,16,26,53,54,57,68"
587,15:27,8,8,동탄/용인,1,72
587,15:27,9,9,평택,11,"6,17,25,43,60,61,62,73,76,77,78"
588,15:28,1,1,서울역,1,50
588,15:28,10,10,인천공항,1,69
588,15:28,2,2,수서,5,"0,1,4,39,63"
588,15:28,3,3,삼성,6,"5,7,15,23,64,74"
588,15:28,4,4,여의도,4,"13,14,40,52"
588,15:28,5,5,김포공항,4,"9,18,34,56"
588,15:28,6,6,일산,2,"51,65"
588,15:28,7,7,판교,7,"3,10,26,53,54,57,68"
588,15:28,8,8,동탄/용인,1,72
588,15:28,9,9,평택,11,"6,17,25,43,60,61,62,73,76,77,78"
589,15:29,1,1,서울역,1,50
589,15:29,10,10,인천공항,1,69
589,15:29,2,2,수서,4,"0,1,4,63"
589,15:29,3,3,삼성,6,"5,7,27,31,64,74"
589,15:29,4,4,여의도,4,"13,14,40,52"
589,15:29,5,5,김포공항,4,"9,34,45,56"
589,15:29,6,6,일산,2,"51,65"
589,15:29,7,7,판교,6,"10,26,53,54,57,68"
589,15:29,8,8,동탄/용인,1,72
589,15:29,9,9,평택,11,"6,17,25,43,60,61,62,73,76,77,78"
590,15:30,1,1,서울역,1,50
590,15:30,10,10,인천공항,2,"41,69"
590,15:30,2,2,수서,4,"0,1,4,63"
590,15:30,3,3,삼성,10,"5,7,19,27,31,33,35,36,64,74"
590,15:30,4,4,여의도,4,"13,14,40,52"
590,15:30,5,5,김포공항,4,"9,34,45,56"
590,15:30,6,6,일산,3,"47,51,65"
590,15:30,7,7,판교,6,"10,26,53,54,57,68"
590,15:30,8,8,동탄/용인,1,72
590,15:30,9,9,평택,11,"6,17,25,43,60,61,62,73,76,77,78"
591,15:31,1,1,서울역,1,50
591,15:31,10,10,인천공항,2,"41,69"
591,15:31,2,2,수서,4,"0,1,4,63"
591,15:31,3,3,삼성,11,"5,7,19,27,30,31,33,35,36,64,74"
591,15:31,4,4,여의도,5,"14,22,40,42,52"
591,15:31,5,5,김포공항,3,"34,45,49"
591,15:31,6,6,일산,4,"47,48,51,65"
591,15:31,7,7,판교,6,"10,26,44,53,57,68"
591,15:31,8,8,동탄/용인,1,72
591,15:31,9,9,평택,11,"6,17,25,43,60,61,62,73,76,77,78"
592,15:32,1,1,서울역,1,50
592,15:32,10,10,인천공항,2,"41,69"
592,15:32,2,2,수서,4,"0,1,4,63"
592,15:32,3,3,삼성,10,"5,7,19,27,30,33,35,36,64,74"
592,15:32,4,4,여의도,7,"11,14,22,29,40,42,52"
592,15:32,5,5,김포공항,4,"2,32,34,49"
592,15:32,6,6,일산,4,"46,47,48,51"
592,15:32,7,7,판교,5,"10,26,44,53,57"
592,15:32,8,8,동탄/용인,1,72
592,15:32,9,9,평택,11,"6,17,25,43,60,61,62,73,76,77,78"
593,15:33,1,1,서울역,1,50
593,15:33,10,10,인천공항,1,41
593,15:33,2,2,수서,5,"0,1,4,21,63"
593,15:33,3,3,삼성,7,"5,19,27,30,33,35,74"
593,15:33,4,4,여의도,8,"8,11,14,22,29,40,42,52"
593,15:33,5,5,김포공항,4,"2,32,34,49"
593,15:33,6,6,일산,3,"46,47,48"
593,15:33,7,7,판교,5,"10,26,44,53,57"
593,15:33,8,8,동탄/용인,1,72
593,15:33,9,9,평택,14,"6,17,25,28,38,43,60,61,62,70,73,76,77,78"
594,15:34,1,1,서울역,2,"50,75"
594,15:34,10,10,인천공항,1,41
594,15:34,2,2,수서,5,"0,1,4,21,63"
594,15:34,3,3,삼성,6,"5,19,27,33,35,74"
594,15:34,4,4,여의도,6,"8,11,14,22,29,40"
594,15:34,5,5,김포공항,4,"2,32,34,49"
594,15:34,6,6,일산,3,"46,47,48"
594,15:34,7,7,판교,5,"10,20,26,44,57"
594,15:34,8,8,동탄/용인,1,72
594,15:34,9,9,평택,14,"6,17,25,28,38,43,60,61,62,70,73,76,77,78"
595,15:35,1,1,서울역,4,"15,16,50,75"
595,15:35,10,10,인천공항,1,41
595,15:35,2,2,수서,6,"0,1,3,4,21,63"
595,15:35,3,3,삼성,6,"5,19,27,33,35,74"
595,15:35,4,4,여의도,8,"8,11,14,18,22,29,39,40"
595,15:35,5,5,김포공항,3,"2,34,49"
595,15:35,6,6,일산,3,"46,47,48"
595,15:35,7,7,판교,5,"10,20,26,44,57"
595,15:35,8,8,동탄/용인,1,72
595,15:35,9,9,평택,14,"6,17,25,28,38,43,60,61,62,70,73,76,77,78"
596,15:36,1,1,서울역,4,"15,16,50,75"
596,15:36,10,10,인천공항,2,"41,55"
596,15:36,2,2,수서,6,"0,1,3,4,21,63"
596,15:36,3,3,삼성,4,"27,33,35,74"
596,15:36,4,4,여의도,8,"8,11,14,18,22,29,39,40"
596,15:36,5,5,김포공항,3,"2,34,49"
596,15:36,6,6,일산,3,"46,47,48"
596,15:36,7,7,판교,5,"10,20,26,44,57"
596,15:36,8,8,동탄/용인,1,72
596,15:36,9,9,평택,14,"17,24,25,28,38,43,60,61,62,70,73,76,77,78"
597,15:37,1,1,서울역,3,"15,16,75"
597,15:37,10,10,인천공항,2,"41,55"
597,15:37,2,2,수서,8,"0,1,3,4,13,21,30,63"
597,15:37,3,3,삼성,4,"27,33,35,74"
597,15:37,4,4,여의도,8,"8,9,11,18,22,29,39,40"
597,15:37,5,5,김포공항,4,"2,23,34,49"
597,15:37,6,6,일산,3,"46,47,48"
597,15:37,7,7,판교,5,"10,20,26,44,57"
597,15:37,8,8,동탄/용인,1,72
597,15:37,9,9,평택,14,"17,24,25,28,38,43,60,61,62,70,73,76,77,78"
598,15:38,1,1,서울역,3,"15,31,75"
598,15:38,10,10,인천공항,2,"41,55"
598,15:38,2,2,수서,7,"0,1,4,13,21,30,63"
598,15:38,3,3,삼성,4,"33,35,74,79"
598,15:38,4,4,여의도,8,"8,9,11,18,22,29,39,40"
598,15:38,5,5,김포공항,4,"2,23,34,49"
598,15:38,6,6,일산,3,"47,48,56"
598,15:38,7,7,판교,5,"10,20,26,44,57"
598,15:38,8,8,동탄/용인,1,72
598,15:38,9,9,평택,13,"17,24,28,38,43,60,61,62,70,73,76,77,78"
599,15:39,1,1,서울역,3,"15,31,75"
599,15:39,10,10,인천공항,4,"55,66,67,71"
599,15:39,2,2,수서,8,"0,1,4,5,13,21,30,63"
599,15:39,3,3,삼성,3,"35,74,79"
599,15:39,4,4,여의도,9,"8,9,11,18,22,29,39,40,68"
599,15:39,5,5,김포공항,4,"2,23,34,49"
599,15:39,6,6,일산,5,"12,45,47,48,56"
599,15:39,7,7,판교,6,"10,20,26,37,44,57"
599,15:39,9,9,평택,12,"17,24,28,38,43,60,61,62,73,76,77,78"
600,15:40,1,1,서울역,3,"15,31,75"
600,15:40,10,10,인천공항,4,"55,66,67,71"
600,15:40,2,2,수서,7,"0,1,4,5,13,30,63"
600,15:40,3,3,삼성,2,"74,79"
600,15:40,4,4,여의도,8,"7,8,9,18,22,29,39,68"
600,15:40,5,5,김포공항,3,"2,23,34"
600,15:40,6,6,일산,5,"12,45,47,48,56"
600,15:40,7,7,판교,2,"10,37"
600,15:40,9,9,평택,9,"17,24,28,38,60,61,62,77,78"
601,15:41,1,1,서울역,3,"15,31,75"
601,15:41,10,10,인천공항,4,"55,66,67,71"
601,15:41,2,2,수서,7,"0,1,4,5,13,30,63"
601,15:41,3,3,삼성,2,"74,79"
601,15:41,4,4,여의도,7,"7,8,9,22,29,39,68"
601,15:41,5,5,김포공항,3,"2,23,34"
601,15:41,6,6,일산,5,"12,45,47,48,56"
601,15:41,7,7,판교,4,"10,37,42,52"
601,15:41,8,8,동탄/용인,1,58
601,15:41,9,9,평택,9,"17,24,28,38,60,61,62,77,78"
602,15:42,1,1,서울역,3,"15,31,75"
602,15:42,10,10,인천공항,4,"55,66,67,71"
602,15:42,2,2,수서,7,"0,1,4,5,13,30,63"
602,15:42,3,3,삼성,2,"74,79"
602,15:42,4,4,여의도,7,"7,9,16,22,29,39,68"
602,15:42,5,5,김포공항,3,"2,23,34"
602,15:42,6,6,일산,4,"12,47,48,56"
602,15:42,7,7,판교,4,"10,37,42,52"
602,15:42,8,8,동탄/용인,1,58
602,15:42,9,9,평택,9,"17,24,28,38,60,61,62,77,78"
603,15:43,1,1,서울역,3,"15,31,75"
603,15:43,10,10,인천공항,4,"55,66,67,71"
603,15:43,2,2,수서,6,"0,1,5,13,30,63"
603,15:43,3,3,삼성,3,"32,74,79"
603,15:43,4,4,여의도,6,"7,9,16,22,39,68"
603,15:43,5,5,김포공항,3,"2,23,34"
603,15:43,6,6,일산,5,"12,36,47,48,56"
603,15:43,7,7,판교,4,"10,37,42,52"
603,15:43,8,8,동탄/용인,1,58
603,15:43,9,9,평택,9,"17,24,28,38,54,60,62,77,78"
604,15:44,1,1,서울역,3,"15,31,75"
604,15:44,10,10,인천공항,4,"55,66,67,71"
604,15:44,2,2,수서,6,"0,1,5,13,50,63"
604,15:44,3,3,삼성,3,"14,32,74"
604,15:44,4,4,여의도,6,"7,9,16,22,39,68"
604,15:44,5,5,김포공항,3,"2,19,23"
604,15:44,6,6,일산,5,"12,36,47,48,56"
604,15:44,7,7,판교,5,"10,37,42,52,65"
604,15:44,8,8,동탄/용인,1,58
604,15:44,9,9,평택,9,"17,24,28,38,54,60,62,77,78"
605,15:45,1,1,서울역,3,"15,31,75"
605,15:45,10,10,인천공항,3,"55,66,71"
605,15:45,2,2,수서,6,"0,1,5,13,50,63"
605,15:45,3,3,삼성,3,"14,32,74"
605,15:45,4,4,여의도,7,"7,9,16,22,27,39,68"
605,15:45,5,5,김포공항,3,"2,19,23"
605,15:45,6,6,일산,4,"36,47,56,59"
605,15:45,7,7,판교,6,"10,37,42,51,52,65"
605,15:45,8,8,동탄/용인,1,58
605,15:45,9,9,평택,9,"17,24,28,38,54,60,62,77,78"
606,15:46,1,1,서울역,3,"15,31,75"
606,15:46,10,10,인천공항,3,"55,66,71"
606,15:46,2,2,수서,8,"0,1,5,11,13,50,57,63"
606,15:46,3,3,삼성,3,"14,32,74"
606,15:46,4,4,여의도,7,"7,16,21,22,27,39,68"
606,15:46,5,5,김포공항,3,"2,19,23"
606,15:46,6,6,일산,3,"36,56,59"
606,15:46,7,7,판교,6,"10,37,42,51,52,65"
606,15:46,8,8,동탄/용인,1,58
606,15:46,9,9,평택,8,"17,24,28,54,60,62,77,78"
607,15:47,1,1,서울역,4,"15,20,44,75"
607,15:47,10,10,인천공항,3,"55,66,71"
607,15:47,2,2,수서,6,"0,5,11,50,57,63"
607,15:47,3,3,삼성,3,"14,32,40"
607,15:47,4,4,여의도,8,"7,16,21,22,26,27,39,68"
607,15:47,5,5,김포공항,4,"2,19,23,33"
607,15:47,6,6,일산,3,"36,49,59"
607,15:47,7,7,판교,5,"10,37,42,51,52"
607,15:47,8,8,동탄/용인,1,58
607,15:47,9,9,평택,8,"17,24,28,54,60,62,77,78"
608,15:48,1,1,서울역,4,"15,20,44,75"
608,15:48,2,2,수서,5,"0,5,11,50,57"
608,15:48,3,3,삼성,5,"14,32,40,46,69"
608,15:48,4,4,여의도,6,"7,21,22,26,27,39"
608,15:48,5,5,김포공항,4,"19,23,33,35"
608,15:48,6,6,일산,3,"36,49,59"
608,15:48,7,7,판교,6,"10,18,37,42,51,52"
608,15:48,8,8,동탄/용인,1,58
608,15:48,9,9,평택,8,"17,28,54,60,62,64,77,78"
609,15:49,1,1,서울역,3,"15,20,44"
609,15:49,2,2,수서,3,"5,50,57"
609,15:49,3,3,삼성,6,"8,14,32,40,46,69"
609,15:49,4,4,여의도,5,"7,22,26,27,39"
609,15:49,5,5,김포공항,4,"19,23,33,35"
609,15:49,6,6,일산,3,"3,49,59"
609,15:49,7,7,판교,6,"10,18,37,42,51,52"
609,15:49,8,8,동탄/용인,1,58
609,15:49,9,9,평택,7,"17,28,54,62,64,77,78"
610,15:50,1,1,서울역,2,"4,15"
610,15:50,10,10,인천공항,1,53
610,15:50,2,2,수서,3,"5,50,57"
610,15:50,3,3,삼성,6,"1,8,14,32,46,69"
610,15:50,4,4,여의도,4,"7,27,39,72"
610,15:50,5,5,김포공항,4,"19,23,33,35"
610,15:50,6,6,일산,3,"3,49,59"
610,15:50,7,7,판교,7,"10,18,29,37,42,51,52"
610,15:50,8,8,동탄/용인,1,58
610,15:50,9,9,평택,7,"17,28,54,62,64,77,78"
611,15:51,1,1,서울역,2,"4,15"
611,15:51,10,10,인천공항,1,53
611,15:51,2,2,수서,3,"5,50,57"
611,15:51,3,3,삼성,6,"1,8,14,32,46,69"
611,15:51,4,4,여의도,6,"6,7,27,39,41,72"
611,15:51,5,5,김포공항,4,"19,23,33,35"
611,15:51,6,6,일산,3,"3,49,59"
611,15:51,7,7,판교,6,"10,18,29,42,51,52"
611,15:51,8,8,동탄/용인,1,58
611,15:51,9,9,평택,7,"17,28,54,62,64,77,78"
612,15:52,1,1,서울역,1,4
612,15:52,10,10,인천공항,1,53
612,15:52,2,2,수서,3,"5,25,50"
612,15:52,3,3,삼성,6,"1,8,14,32,46,69"
612,15:52,4,4,여의도,5,"6,7,39,41,72"
612,15:52,5,5,김포공항,5,"19,23,30,33,35"
612,15:52,6,6,일산,3,"3,49,59"
612,15:52,7,7,판교,5,"10,18,29,51,52"
612,15:52,8,8,동탄/용인,1,58
612,15:52,9,9,평택,7,"17,28,54,62,64,77,78"
613,15:53,1,1,서울역,1,4
613,15:53,10,10,인천공항,1,53
613,15:53,2,2,수서,2,"25,50"
613,15:53,3,3,삼성,6,"8,9,31,32,46,69"
613,15:53,4,4,여의도,6,"6,7,13,39,41,72"
613,15:53,5,5,김포공항,5,"19,23,30,33,35"
613,15:53,6,6,일산,3,"3,49,59"
613,15:53,7,7,판교,4,"10,18,29,51"
613,15:53,8,8,동탄/용인,1,58
613,15:53,9,9,평택,7,"17,28,54,62,64,77,78"
614,15:54,1,1,서울역,2,"4,65"
614,15:54,10,10,인천공항,1,53
614,15:54,2,2,수서,3,"16,25,50"
614,15:54,3,3,삼성,7,"8,9,31,32,46,69,70"
614,15:54,4,4,여의도,7,"6,7,13,39,41,44,72"
614,15:54,5,5,김포공항,5,"19,23,30,33,35"
614,15:54,6,6,일산,4,"3,49,59,79"
614,15:54,7,7,판교,5,"10,18,29,45,51"
614,15:54,8,8,동탄/용인,1,58
614,15:54,9,9,평택,7,"17,28,54,62,64,77,78"
615,15:55,1,1,서울역,2,"4,65"
615,15:55,10,10,인천공항,1,53
615,15:55,2,2,수서,4,"16,21,25,50"
615,15:55,3,3,삼성,10,"8,9,12,31,32,46,48,69,70,73"
615,15:55,4,4,여의도,6,"6,13,41,43,44,72"
615,15:55,5,5,김포공항,6,"19,23,30,33,35,74"
615,15:55,6,6,일산,5,"2,3,49,59,79"
615,15:55,7,7,판교,4,"18,29,45,51"
615,15:55,8,8,동탄/용인,1,58
615,15:55,9,9,평택,6,"17,28,62,64,77,78"
616,15:56,1,1,서울역,3,"4,27,65"
616,15:56,10,10,인천공항,1,53
616,15:56,2,2,수서,4,"1,16,21,25"
616,15:56,3,3,삼성,10,"8,9,12,31,32,46,48,69,70,73"
616,15:56,4,4,여의도,5,"6,13,41,43,44"
616,15:56,5,5,김포공항,8,"19,23,26,30,33,35,63,74"
616,15:56,6,6,일산,4,"2,3,59,79"
616,15:56,7,7,판교,4,"18,29,45,51"
616,15:56,8,8,동탄/용인,1,58
616,15:56,9,9,평택,6,"17,28,62,64,77,78"
617,15:57,1,1,서울역,3,"4,27,65"
617,15:57,10,10,인천공항,1,53
617,15:57,2,2,수서,5,"1,16,20,21,25"
617,15:57,3,3,삼성,9,"8,9,12,31,46,48,69,70,73"
617,15:57,4,4,여의도,6,"6,13,40,41,43,44"
617,15:57,5,5,김포공항,10,"0,11,19,23,26,30,33,35,63,74"
617,15:57,6,6,일산,4,"2,3,59,79"
617,15:57,7,7,판교,5,"18,22,29,45,51"
617,15:57,8,8,동탄/용인,1,58
617,15:57,9,9,평택,6,"17,28,62,64,77,78"
618,15:58,1,1,서울역,3,"4,27,65"
618,15:58,10,10,인천공항,1,53
618,15:58,2,2,수서,5,"1,16,20,21,25"
618,15:58,3,3,삼성,8,"8,9,31,46,48,69,70,73"
618,15:58,4,4,여의도,7,"6,13,37,40,41,43,44"
618,15:58,5,5,김포공항,10,"0,11,19,23,26,30,33,35,63,74"
618,15:58,6,6,일산,4,"2,3,59,79"
618,15:58,7,7,판교,6,"18,22,29,45,47,51"
618,15:58,8,8,동탄/용인,1,58
618,15:58,9,9,평택,6,"17,28,62,64,77,78"
619,15:59,1,1,서울역,5,"4,27,39,61,65"
619,15:59,10,10,인천공항,1,76
619,15:59,2,2,수서,5,"1,16,20,21,25"
619,15:59,3,3,삼성,8,"8,31,36,46,48,69,70,73"
619,15:59,4,4,여의도,8,"6,13,37,40,41,42,43,44"
619,15:59,5,5,김포공항,10,"0,11,19,23,26,30,33,35,63,74"
619,15:59,6,6,일산,4,"2,3,59,79"
619,15:59,7,7,판교,7,"18,22,29,45,47,51,56"
619,15:59,8,8,동탄/용인,1,68
619,15:59,9,9,평택,6,"17,28,62,64,77,78"
620,16:00,1,1,서울역,4,"4,27,39,61"
620,16:00,10,10,인천공항,1,76
620,16:00,2,2,수서,5,"1,16,20,21,38"
620,16:00,3,3,삼성,8,"8,36,46,48,67,69,70,73"
620,16:00,4,4,여의도,8,"6,14,37,40,41,42,43,55"
620,16:00,5,5,김포공항,7,"0,11,19,23,26,63,74"
620,16:00,6,6,일산,3,"2,3,59"
620,16:00,7,7,판교,7,"18,22,24,29,45,47,56"
620,16:00,8,8,동탄/용인,1,68
620,16:00,9,9,평택,5,"17,28,62,64,78"
621,16:01,1,1,서울역,4,"4,27,39,61"
621,16:01,10,10,인천공항,1,76
621,16:01,2,2,수서,4,"1,16,20,38"
621,16:01,3,3,삼성,7,"8,36,46,48,67,69,70"
621,16:01,4,4,여의도,8,"6,14,37,40,41,42,43,55"
621,16:01,5,5,김포공항,6,"0,5,19,23,26,63"
621,16:01,6,6,일산,3,"2,3,59"
621,16:01,7,7,판교,7,"18,22,24,29,45,47,56"
621,16:01,8,8,동탄/용인,1,68
621,16:01,9,9,평택,6,"17,28,34,62,64,78"
622,16:02,1,1,서울역,4,"4,27,39,61"
622,16:02,10,10,인천공항,1,76
622,16:02,2,2,수서,3,"16,20,38"
622,16:02,3,3,삼성,7,"8,36,46,48,67,69,70"
622,16:02,4,4,여의도,9,"6,10,14,37,40,41,42,43,55"
622,16:02,5,5,김포공항,7,"0,5,19,23,26,63,72"
622,16:02,6,6,일산,3,"2,3,59"
622,16:02,7,7,판교,7,"7,18,22,24,45,47,56"
622,16:02,8,8,동탄/용인,1,68
622,16:02,9,9,평택,6,"17,28,34,62,64,78"
623,16:03,1,1,서울역,4,"4,27,39,61"
623,16:03,10,10,인천공항,1,76
623,16:03,2,2,수서,3,"16,20,38"
623,16:03,3,3,삼성,8,"8,36,46,48,66,67,69,70"
623,16:03,4,4,여의도,8,"6,10,37,40,41,42,43,55"
623,16:03,5,5,김포공항,7,"0,5,19,26,52,63,72"
623,16:03,6,6,일산,3,"2,3,57"
623,16:03,7,7,판교,6,"7,18,22,45,47,56"
623,16:03,8,8,동탄/용인,1,68
623,16:03,9,9,평택,6,"17,28,34,62,64,78"
624,16:04,1,1,서울역,5,"4,12,27,39,61"
624,16:04,10,10,인천공항,1,76
624,16:04,2,2,수서,3,"16,20,38"
624,16:04,3,3,삼성,7,"8,36,46,66,67,69,70"
624,16:04,4,4,여의도,6,"10,40,41,42,55,60"
624,16:04,5,5,김포공항,8,"0,5,19,26,50,52,63,72"
624,16:04,6,6,일산,3,"2,3,57"
624,16:04,7,7,판교,6,"7,18,22,45,47,56"
624,16:04,8,8,동탄/용인,1,68
624,16:04,9,9,평택,6,"17,28,34,62,64,78"
625,16:05,1,1,서울역,5,"4,9,12,27,39"
625,16:05,10,10,인천공항,2,"15,76"
625,16:05,2,2,수서,2,"20,38"
625,16:05,3,3,삼성,5,"8,46,66,67,70"
625,16:05,4,4,여의도,6,"10,40,41,42,55,60"
625,16:05,5,5,김포공항,6,"0,5,32,50,52,72"
625,16:05,6,6,일산,3,"2,3,57"
625,16:05,7,7,판교,6,"7,18,22,45,47,56"
625,16:05,9,9,평택,7,"17,28,34,62,64,75,78"
626,16:06,1,1,서울역,6,"4,9,12,27,31,39"
626,16:06,10,10,인천공항,2,"15,76"
626,16:06,2,2,수서,2,"20,38"
626,16:06,3,3,삼성,5,"8,46,66,67,70"
626,16:06,4,4,여의도,4,"10,41,42,60"
626,16:06,5,5,김포공항,5,"0,5,32,50,72"
626,16:06,6,6,일산,3,"2,3,57"
626,16:06,7,7,판교,5,"7,22,45,47,56"
626,16:06,8,8,동탄/용인,1,77
626,16:06,9,9,평택,7,"17,28,34,62,64,75,78"
627,16:07,1,1,서울역,9,"4,9,12,25,27,31,39,51,79"
627,16:07,10,10,인천공항,2,"15,76"
627,16:07,2,2,수서,1,38
627,16:07,3,3,삼성,5,"8,46,66,67,70"
627,16:07,4,4,여의도,4,"10,21,42,60"
627,16:07,5,5,김포공항,5,"0,5,32,50,72"
627,16:07,6,6,일산,4,"2,3,13,57"
627,16:07,7,7,판교,5,"7,22,45,47,56"
627,16:07,8,8,동탄/용인,1,77
627,16:07,9,9,평택,8,"17,28,34,62,64,71,75,78"
628,16:08,1,1,서울역,11,"9,12,25,30,31,33,37,39,43,51,79"
628,16:08,10,10,인천공항,2,"15,76"
628,16:08,2,2,수서,2,"35,38"
628,16:08,3,3,삼성,4,"8,66,67,70"
628,16:08,4,4,여의도,4,"10,21,42,60"
628,16:08,5,5,김포공항,4,"0,5,32,50"
628,16:08,6,6,일산,4,"3,13,57,74"
628,16:08,7,7,판교,6,"7,22,45,47,49,56"
628,16:08,8,8,동탄/용인,1,77
628,16:08,9,9,평택,8,"17,28,34,62,64,71,75,78"
629,16:09,1,1,서울역,11,"9,11,12,25,30,33,37,39,43,51,79"
629,16:09,10,10,인천공항,2,"15,76"
629,16:09,2,2,수서,4,"24,35,38,54"
629,16:09,3,3,삼성,2,"8,70"
629,16:09,4,4,여의도,5,"10,21,29,42,60"
629,16:09,5,5,김포공항,4,"5,14,32,50"
629,16:09,6,6,일산,4,"3,13,57,74"
629,16:09,7,7,판교,6,"7,22,45,47,49,56"
629,16:09,9,9,평택,8,"17,28,34,62,64,71,75,78"
630,16:10,1,1,서울역,9,"9,11,12,30,33,37,39,43,79"
630,16:10,10,10,인천공항,2,"15,76"
630,16:10,2,2,수서,5,"6,24,35,38,54"
630,16:10,3,3,삼성,2,"8,70"
630,16:10,4,4,여의도,6,"10,21,29,42,58,60"
630,16:10,5,5,김포공항,5,"1,5,14,32,50"
630,16:10,6,6,일산,2,"57,74"
630,16:10,7,7,판교,5,"7,22,47,49,56"
630,16:10,9,9,평택,6,"34,62,64,71,75,78"
631,16:11,1,1,서울역,7,"9,11,12,30,33,37,79"
631,16:11,10,10,인천공항,1,15
631,16:11,2,2,수서,5,"6,24,35,38,54"
631,16:11,3,3,삼성,2,"8,70"
631,16:11,4,4,여의도,8,"19,21,26,29,42,53,58,60"
631,16:11,5,5,김포공항,4,"1,5,14,50"
631,16:11,6,6,일산,2,"57,74"
631,16:11,7,7,판교,5,"7,22,47,49,56"
631,16:11,9,9,평택,6,"34,62,64,68,71,75"
632,16:12,1,1,서울역,7,"9,11,12,30,33,37,79"
632,16:12,10,10,인천공항,2,"15,44"
632,16:12,2,2,수서,6,"6,24,35,38,54,55"
632,16:12,3,3,삼성,2,"8,70"
632,16:12,4,4,여의도,8,"19,21,26,29,42,53,58,60"
632,16:12,5,5,김포공항,4,"1,5,48,50"
632,16:12,6,6,일산,1,74
632,16:12,7,7,판교,4,"7,47,49,56"
632,16:12,9,9,평택,6,"34,62,64,68,71,75"
633,16:13,1,1,서울역,6,"9,11,30,33,37,79"
633,16:13,10,10,인천공항,3,"15,44,65"
633,16:13,2,2,수서,6,"6,24,35,54,55,63"
633,16:13,3,3,삼성,4,"8,40,59,70"
633,16:13,4,4,여의도,8,"18,19,26,29,42,53,58,60"
633,16:13,5,5,김포공항,6,"1,5,16,36,48,50"
633,16:13,6,6,일산,2,"52,74"
633,16:13,7,7,판교,5,"7,23,47,49,56"
633,16:13,9,9,평택,5,"62,64,68,71,75"
634,16:14,1,1,서울역,5,"9,11,20,37,79"
634,16:14,10,10,인천공항,2,"44,65"
634,16:14,2,2,수서,6,"6,24,35,54,55,63"
634,16:14,3,3,삼성,5,"4,8,40,59,70"
634,16:14,4,4,여의도,6,"18,29,42,58,60,72"
634,16:14,5,5,김포공항,6,"1,5,16,36,48,50"
634,16:14,6,6,일산,1,52
634,16:14,7,7,판교,6,"7,23,41,47,49,56"
634,16:14,9,9,평택,5,"62,64,68,71,75"
635,16:15,1,1,서울역,5,"9,11,20,37,79"
635,16:15,10,10,인천공항,2,"44,65"
635,16:15,2,2,수서,5,"6,27,54,55,63"
635,16:15,3,3,삼성,6,"4,8,31,40,59,70"
635,16:15,4,4,여의도,6,"18,42,46,58,60,72"
635,16:15,5,5,김포공항,6,"1,5,16,36,48,50"
635,16:15,6,6,일산,2,"52,69"
635,16:15,7,7,판교,5,"23,41,47,49,56"
635,16:15,9,9,평택,5,"62,64,68,71,75"
636,16:16,1,1,서울역,4,"9,20,37,79"
636,16:16,10,10,인천공항,3,"44,65,73"
636,16:16,2,2,수서,5,"6,27,54,55,63"
636,16:16,3,3,삼성,6,"4,8,31,40,59,70"
636,16:16,4,4,여의도,6,"18,42,46,58,60,72"
636,16:16,5,5,김포공항,6,"1,5,16,36,48,50"
636,16:16,6,6,일산,2,"52,69"
636,16:16,7,7,판교,5,"23,41,47,49,56"
636,16:16,8,8,동탄/용인,1,28
636,16:16,9,9,평택,5,"62,64,68,71,75"
637,16:17,1,1,서울역,3,"9,20,79"
637,16:17,10,10,인천공항,3,"44,65,73"
637,16:17,2,2,수서,8,"0,6,10,25,27,54,55,63"
637,16:17,3,3,삼성,6,"4,8,31,40,59,70"
637,16:17,4,4,여의도,6,"13,18,45,46,58,60"
637,16:17,5,5,김포공항,8,"1,5,16,36,48,50,66,67"
637,16:17,6,6,일산,2,"52,69"
637,16:17,7,7,판교,6,"23,41,47,49,51,56"
637,16:17,8,8,동탄/용인,2,"28,78"
637,16:17,9,9,평택,5,"62,64,68,71,75"
638,16:18,1,1,서울역,4,"9,19,20,26"
638,16:18,10,10,인천공항,3,"61,65,73"
638,16:18,2,2,수서,9,"0,6,10,25,27,39,54,55,63"
638,16:18,3,3,삼성,5,"4,31,40,59,70"
638,16:18,4,4,여의도,7,"13,14,18,45,46,58,60"
638,16:18,5,5,김포공항,8,"1,5,16,36,48,50,66,67"
638,16:18,6,6,일산,2,"52,69"
638,16:18,7,7,판교,7,"23,41,43,47,49,51,56"
638,16:18,8,8,동탄/용인,2,"28,78"
638,16:18,9,9,평택,4,"62,64,71,75"
639,16:19,1,1,서울역,6,"9,19,20,22,26,32"
639,16:19,10,10,인천공항,2,"61,73"
639,16:19,2,2,수서,9,"0,10,21,25,27,39,54,55,63"
639,16:19,3,3,삼성,4,"4,31,40,59"
639,16:19,4,4,여의도,7,"13,14,38,45,46,57,60"
639,16:19,5,5,김포공항,8,"1,5,16,36,48,50,66,67"
639,16:19,6,6,일산,2,"52,69"
639,16:19,7,7,판교,7,"23,41,43,47,49,51,56"
639,16:19,8,8,동탄/용인,2,"28,78"
639,16:19,9,9,평택,4,"62,64,71,75"
640,16:20,1,1,서울역,6,"9,19,20,22,26,32"
640,16:20,10,10,인천공항,2,"61,73"
640,16:20,2,2,수서,9,"0,10,21,25,27,39,54,55,63"
640,16:20,3,3,삼성,3,"31,40,59"
640,16:20,4,4,여의도,7,"14,38,45,46,57,60,77"
640,16:20,5,5,김포공항,4,"1,5,50,67"
640,16:20,6,6,일산,3,"12,52,69"
640,16:20,7,7,판교,5,"23,43,49,51,56"
640,16:20,8,8,동탄/용인,2,"28,78"
640,16:20,9,9,평택,3,"64,71,75"
641,16:21,1,1,서울역,5,"9,19,20,22,32"
641,16:21,10,10,인천공항,2,"61,73"
641,16:21,2,2,수서,9,"0,10,21,25,29,33,39,55,63"
641,16:21,3,3,삼성,4,"31,40,53,59"
641,16:21,4,4,여의도,6,"38,45,46,57,60,77"
641,16:21,5,5,김포공항,4,"1,5,50,67"
641,16:21,6,6,일산,3,"12,52,69"
641,16:21,7,7,판교,5,"23,43,49,51,56"
641,16:21,8,8,동탄/용인,2,"28,78"
641,16:21,9,9,평택,3,"64,71,75"
642,16:22,1,1,서울역,5,"9,19,20,22,32"
642,16:22,10,10,인천공항,2,"61,73"
642,16:22,2,2,수서,8,"0,10,25,29,33,39,55,63"
642,16:22,3,3,삼성,4,"11,31,53,59"
642,16:22,4,4,여의도,6,"7,38,45,46,60,77"
642,16:22,5,5,김포공항,5,"1,5,30,50,67"
642,16:22,6,6,일산,2,"12,69"
642,16:22,7,7,판교,6,"3,23,43,49,51,56"
642,16:22,8,8,동탄/용인,2,"28,78"
642,16:22,9,9,평택,3,"64,71,75"
643,16:23,1,1,서울역,5,"9,19,20,22,32"
643,16:23,10,10,인천공항,2,"61,73"
643,16:23,2,2,수서,9,"0,10,25,29,33,39,42,55,63"
643,16:23,3,3,삼성,3,"11,53,59"
643,16:23,4,4,여의도,6,"7,38,45,46,60,77"
643,16:23,5,5,김포공항,5,"5,24,30,35,50"
643,16:23,6,6,일산,2,"12,69"
643,16:23,7,7,판교,5,"3,23,43,51,56"
643,16:23,8,8,동탄/용인,2,"28,78"
643,16:23,9,9,평택,3,"64,71,75"
644,16:24,1,1,서울역,4,"9,20,22,32"
644,16:24,10,10,인천공항,2,"61,73"
644,16:24,2,2,수서,7,"0,10,25,29,33,42,63"
644,16:24,3,3,삼성,3,"11,53,59"
644,16:24,4,4,여의도,6,"7,38,45,46,60,77"
644,16:24,5,5,김포공항,5,"5,24,30,35,50"
644,16:24,6,6,일산,3,"12,37,69"
644,16:24,7,7,판교,5,"3,23,43,51,56"
644,16:24,8,8,동탄/용인,2,"28,78"
644,16:24,9,9,평택,3,"64,71,75"
645,16:25,1,1,서울역,2,"9,20"
645,16:25,10,10,인천공항,3,"61,73,74"
645,16:25,2,2,수서,9,"0,10,18,25,29,33,42,58,63"
645,16:25,3,3,삼성,3,"11,53,59"
645,16:25,4,4,여의도,6,"7,17,38,45,46,77"
645,16:25,5,5,김포공항,5,"5,24,30,35,50"
645,16:25,6,6,일산,4,"12,37,69,79"
645,16:25,7,7,판교,5,"3,23,34,43,51"
645,16:25,8,8,동탄/용인,2,"28,78"
645,16:25,9,9,평택,3,"64,71,75"
646,16:26,1,1,서울역,3,"4,9,20"
646,16:26,10,10,인천공항,3,"61,73,74"
646,16:26,2,2,수서,10,"0,10,18,25,29,31,33,42,58,63"
646,16:26,3,3,삼성,4,"11,53,59,76"
646,16:26,4,4,여의도,6,"7,15,17,36,38,46"
646,16:26,5,5,김포공항,4,"5,24,30,50"
646,16:26,6,6,일산,4,"12,37,69,79"
646,16:26,7,7,판교,4,"3,23,34,43"
646,16:26,8,8,동탄/용인,3,"28,62,78"
646,16:26,9,9,평택,3,"64,71,75"
647,16:27,1,1,서울역,4,"4,9,20,41"
647,16:27,10,10,인천공항,2,"73,74"
647,16:27,2,2,수서,9,"0,10,18,25,31,33,42,58,63"
647,16:27,3,3,삼성,2,"11,76"
647,16:27,4,4,여의도,7,"7,15,17,27,36,38,47"
647,16:27,5,5,김포공항,6,"5,6,24,30,50,70"
647,16:27,6,6,일산,4,"12,37,69,79"
647,16:27,7,7,판교,5,"3,13,23,34,43"
647,16:27,8,8,동탄/용인,3,"28,62,78"
647,16:27,9,9,평택,3,"64,71,75"
648,16:28,1,1,서울역,8,"4,9,16,20,41,48,54,66"
648,16:28,10,10,인천공항,2,"73,74"
648,16:28,2,2,수서,9,"0,10,18,25,31,33,42,58,63"
648,16:28,3,3,삼성,2,"11,76"
648,16:28,4,4,여의도,7,"7,15,17,21,27,36,47"
648,16:28,5,5,김포공항,5,"5,6,24,50,70"
648,16:28,6,6,일산,4,"12,37,69,79"
648,16:28,7,7,판교,5,"3,13,23,26,43"
648,16:28,8,8,동탄/용인,2,"62,78"
648,16:28,9,9,평택,4,"2,64,71,75"
649,16:29,1,1,서울역,7,"16,20,41,48,52,54,66"
649,16:29,10,10,인천공항,2,"73,74"
649,16:29,2,2,수서,7,"0,10,18,25,33,42,58"
649,16:29,3,3,삼성,1,11
649,16:29,4,4,여의도,8,"7,15,17,21,22,27,40,47"
649,16:29,5,5,김포공항,4,"5,6,24,70"
649,16:29,6,6,일산,4,"12,37,69,79"
649,16:29,7,7,판교,6,"3,13,23,26,43,57"
649,16:29,8,8,동탄/용인,2,"62,78"
649,16:29,9,9,평택,4,"2,64,71,75"
650,16:30,1,1,서울역,8,"16,20,41,48,49,52,54,66"
650,16:30,10,10,인천공항,2,"73,74"
650,16:30,2,2,수서,6,"10,18,25,33,42,58"
650,16:30,3,3,삼성,2,"11,19"
650,16:30,4,4,여의도,8,"7,15,17,21,22,27,40,47"
650,16:30,5,5,김포공항,4,"5,6,24,70"
650,16:30,6,6,일산,3,"12,37,79"
650,16:30,7,7,판교,6,"3,13,26,43,55,57"
650,16:30,8,8,동탄/용인,1,62
650,16:30,9,9,평택,4,"2,64,71,75"
651,16:31,1,1,서울역,7,"20,39,41,49,52,54,67"
651,16:31,10,10,인천공항,1,74
651,16:31,2,2,수서,7,"1,10,25,33,42,58,60"
651,16:31,3,3,삼성,1,19
651,16:31,4,4,여의도,7,"7,15,17,22,27,40,47"
651,16:31,5,5,김포공항,4,"5,6,24,70"
651,16:31,6,6,일산,2,"12,37"
651,16:31,7,7,판교,6,"3,13,26,43,55,57"
651,16:31,8,8,동탄/용인,1,62
651,16:31,9,9,평택,2,"2,75"
652,16:32,1,1,서울역,7,"20,39,41,49,52,54,67"
652,16:32,10,10,인천공항,1,74
652,16:32,2,2,수서,8,"1,10,25,33,42,45,58,60"
652,16:32,3,3,삼성,1,19
652,16:32,4,4,여의도,8,"7,15,17,22,27,40,47,56"
652,16:32,5,5,김포공항,4,"5,6,24,70"
652,16:32,6,6,일산,2,"12,37"
652,16:32,7,7,판교,7,"3,13,26,32,43,55,57"
652,16:32,9,9,평택,2,"2,72"
653,16:33,1,1,서울역,9,"20,39,41,49,51,52,53,54,67"
653,16:33,10,10,인천공항,1,74
653,16:33,2,2,수서,8,"1,10,25,33,42,45,58,60"
653,16:33,3,3,삼성,4,"19,44,68,77"
653,16:33,4,4,여의도,7,"7,15,17,22,40,47,56"
653,16:33,5,5,김포공항,4,"5,6,24,70"
653,16:33,6,6,일산,2,"12,37"
653,16:33,7,7,판교,6,"3,13,26,32,43,57"
653,16:33,9,9,평택,3,"2,8,72"
654,16:34,1,1,서울역,8,"20,29,39,41,49,51,52,53"
654,16:34,10,10,인천공항,1,74
654,16:34,2,2,수서,9,"1,10,25,33,38,42,45,58,60"
654,16:34,3,3,삼성,6,"19,44,46,65,68,77"
654,16:34,4,4,여의도,8,"7,15,17,22,30,40,47,56"
654,16:34,5,5,김포공항,4,"5,6,24,70"
654,16:34,6,6,일산,2,"12,37"
654,16:34,7,7,판교,6,"3,13,26,32,43,57"
654,16:34,9,9,평택,3,"2,8,72"
655,16:35,1,1,서울역,9,"20,29,39,41,49,51,52,53,76"
655,16:35,10,10,인천공항,1,74
655,16:35,2,2,수서,9,"1,10,25,33,38,42,45,58,60"
655,16:35,3,3,삼성,8,"4,19,34,44,46,65,68,77"
655,16:35,4,4,여의도,8,"7,15,17,22,30,40,47,56"
655,16:35,5,5,김포공항,3,"5,6,70"
655,16:35,6,6,일산,2,"12,37"
655,16:35,7,7,판교,5,"3,13,26,32,57"
655,16:35,9,9,평택,3,"2,8,72"
656,16:36,1,1,서울역,8,"20,29,39,41,49,51,52,76"
656,16:36,10,10,인천공항,2,"35,74"
656,16:36,2,2,수서,7,"1,25,33,38,42,45,60"
656,16:36,3,3,삼성,8,"4,19,34,36,44,46,65,77"
656,16:36,4,4,여의도,8,"7,15,17,22,30,40,47,56"
656,16:36,5,5,김포공항,3,"5,6,70"
656,16:36,6,6,일산,2,"9,12"
656,16:36,7,7,판교,4,"3,26,32,57"
656,16:36,9,9,평택,4,"2,8,14,72"
657,16:37,1,1,서울역,6,"29,41,49,51,52,76"
657,16:37,10,10,인천공항,2,"35,74"
657,16:37,2,2,수서,8,"1,21,25,33,38,42,45,60"
657,16:37,3,3,삼성,10,"4,19,34,36,44,46,48,50,65,77"
657,16:37,4,4,여의도,10,"7,15,17,18,22,23,30,40,47,56"
657,16:37,5,5,김포공항,5,"5,6,31,63,70"
657,16:37,6,6,일산,3,"9,12,59"
657,16:37,7,7,판교,4,"3,26,32,57"
657,16:37,8,8,동탄/용인,1,71
657,16:37,9,9,평택,4,"2,8,14,72"
658,16:38,1,1,서울역,5,"29,41,49,51,79"
658,16:38,10,10,인천공항,2,"35,74"
658,16:38,2,2,수서,9,"1,21,25,33,38,42,45,60,66"
658,16:38,3,3,삼성,10,"4,19,34,36,44,46,48,50,65,77"
658,16:38,4,4,여의도,10,"11,15,17,18,22,23,30,40,47,56"
658,16:38,5,5,김포공항,6,"0,5,6,31,63,70"
658,16:38,6,6,일산,4,"9,12,16,59"
658,16:38,7,7,판교,4,"3,26,32,57"
658,16:38,8,8,동탄/용인,1,71
658,16:38,9,9,평택,4,"2,8,14,72"
659,16:39,1,1,서울역,5,"29,41,49,51,79"
659,16:39,10,10,인천공항,2,"35,74"
659,16:39,2,2,수서,11,"1,21,25,27,33,38,42,45,60,66,68"
659,16:39,3,3,삼성,10,"4,19,34,36,46,48,50,58,65,77"
659,16:39,4,4,여의도,10,"11,15,17,18,22,23,30,40,47,56"
659,16:39,5,5,김포공항,6,"0,5,6,31,63,70"
659,16:39,6,6,일산,4,"9,12,16,59"
659,16:39,7,7,판교,4,"3,26,32,57"
659,16:39,8,8,동탄/용인,1,71
659,16:39,9,9,평택,4,"2,8,14,72"
660,16:40,1,1,서울역,5,"41,49,51,55,79"
660,16:40,10,10,인천공항,2,"35,74"
660,16:40,2,2,수서,8,"21,25,27,38,42,45,66,68"
660,16:40,3,3,삼성,8,"19,36,46,48,58,65,69,77"
660,16:40,4,4,여의도,7,"11,15,17,18,23,40,56"
660,16:40,5,5,김포공항,5,"0,5,6,31,63"
660,16:40,6,6,일산,3,"9,12,16"
660,16:40,7,7,판교,4,"3,26,32,57"
660,16:40,9,9,평택,4,"2,8,14,72"
661,16:41,1,1,서울역,5,"41,49,51,55,79"
661,16:41,10,10,인천공항,2,"35,74"
661,16:41,2,2,수서,9,"21,25,27,38,42,45,66,67,68"
661,16:41,3,3,삼성,7,"19,36,46,58,65,69,77"
661,16:41,4,4,여의도,7,"15,17,18,23,40,56,78"
661,16:41,5,5,김포공항,5,"0,5,6,31,63"
661,16:41,6,6,일산,4,"9,12,16,54"
661,16:41,7,7,판교,3,"3,26,57"
661,16:41,9,9,평택,3,"2,8,14"
662,16:42,1,1,서울역,5,"41,49,51,55,79"
662,16:42,10,10,인천공항,1,74
662,16:42,2,2,수서,8,"21,25,27,38,42,45,66,67"
662,16:42,3,3,삼성,8,"19,36,46,58,61,65,69,77"
662,16:42,4,4,여의도,8,"15,17,18,23,40,43,56,78"
662,16:42,5,5,김포공항,4,"0,5,31,63"
662,16:42,6,6,일산,2,"16,54"
662,16:42,7,7,판교,3,"3,26,57"
662,16:42,9,9,평택,3,"2,8,14"
663,16:43,1,1,서울역,5,"41,49,51,55,79"
663,16:43,10,10,인천공항,1,74
663,16:43,2,2,수서,7,"21,25,27,42,45,66,67"
663,16:43,3,3,삼성,8,"19,20,36,58,61,65,69,77"
663,16:43,4,4,여의도,9,"13,15,17,18,23,40,43,56,78"
663,16:43,5,5,김포공항,2,"0,5"
663,16:43,6,6,일산,3,"16,53,54"
663,16:43,7,7,판교,4,"3,26,57,64"
663,16:43,9,9,평택,3,"2,8,14"
664,16:44,1,1,서울역,4,"47,49,51,55"
664,16:44,10,10,인천공항,1,74
664,16:44,2,2,수서,9,"7,21,25,27,42,45,48,66,67"
664,16:44,3,3,삼성,8,"19,20,36,58,61,65,69,77"
664,16:44,4,4,여의도,9,"13,15,17,18,23,40,43,56,78"
664,16:44,5,5,김포공항,3,"0,5,10"
664,16:44,6,6,일산,3,"39,53,54"
664,16:44,7,7,판교,3,"26,57,64"
664,16:44,9,9,평택,3,"2,8,14"
665,16:45,1,1,서울역,4,"47,49,51,55"
665,16:45,10,10,인천공항,1,74
665,16:45,2,2,수서,9,"7,21,25,27,45,48,66,67,76"
665,16:45,3,3,삼성,8,"19,20,36,58,61,65,69,77"
665,16:45,4,4,여의도,9,"13,15,17,18,23,40,43,56,78"
665,16:45,5,5,김포공항,3,"0,5,10"
665,16:45,6,6,일산,5,"28,39,52,53,54"
665,16:45,7,7,판교,3,"26,57,64"
665,16:45,9,9,평택,3,"2,8,14"
666,16:46,1,1,서울역,6,"4,34,47,49,51,55"
666,16:46,2,2,수서,10,"7,21,22,25,27,45,48,66,67,76"
666,16:46,3,3,삼성,8,"19,20,36,58,61,65,73,77"
666,16:46,4,4,여의도,10,"13,15,17,18,33,43,44,56,60,78"
666,16:46,5,5,김포공항,3,"0,5,10"
666,16:46,6,6,일산,5,"28,39,52,53,54"
666,16:46,7,7,판교,1,57
666,16:46,9,9,평택,3,"2,8,14"
667,16:47,1,1,서울역,7,"4,34,47,49,51,55,59"
667,16:47,2,2,수서,9,"7,21,22,25,27,45,66,67,76"
667,16:47,3,3,삼성,9,"19,20,36,58,61,65,73,75,77"
667,16:47,4,4,여의도,10,"13,15,17,18,33,43,44,56,60,78"
667,16:47,5,5,김포공항,3,"0,5,10"
667,16:47,6,6,일산,4,"28,52,53,54"
667,16:47,7,7,판교,1,50
667,16:47,9,9,평택,3,"2,8,14"
668,16:48,1,1,서울역,7,"4,34,47,49,55,59,70"
668,16:48,2,2,수서,7,"7,21,22,25,66,67,76"
668,16:48,3,3,삼성,8,"19,20,58,61,65,73,75,77"
668,16:48,4,4,여의도,10,"13,15,17,18,32,33,44,56,60,78"
668,16:48,5,5,김포공항,5,"0,1,5,10,29"
668,16:48,6,6,일산,4,"28,52,53,54"
668,16:48,7,7,판교,3,"11,37,50"
668,16:48,9,9,평택,2,"2,8"
669,16:49,1,1,서울역,9,"4,9,12,34,47,49,55,59,70"
669,16:49,2,2,수서,6,"7,21,22,25,67,76"
669,16:49,3,3,삼성,8,"19,20,58,61,65,73,75,77"
669,16:49,4,4,여의도,9,"13,15,17,18,32,33,44,56,78"
669,16:49,5,5,김포공항,5,"0,1,5,10,29"
669,16:49,6,6,일산,5,"28,52,53,54,62"
669,16:49,7,7,판교,3,"11,37,50"
669,16:49,9,9,평택,2,"2,8"
670,16:50,1,1,서울역,8,"4,9,12,34,47,49,55,70"
670,16:50,2,2,수서,6,"7,21,22,25,67,76"
670,16:50,3,3,삼성,8,"19,20,58,61,65,73,75,77"
670,16:50,4,4,여의도,8,"13,15,17,18,32,33,44,56"
670,16:50,5,5,김포공항,4,"0,1,5,29"
670,16:50,6,6,일산,5,"28,52,53,54,62"
670,16:50,7,7,판교,2,"11,37"
670,16:50,9,9,평택,2,"2,8"
671,16:51,1,1,서울역,8,"4,9,12,16,34,47,55,63"
671,16:51,2,2,수서,7,"7,21,22,36,41,67,76"
671,16:51,3,3,삼성,8,"20,31,58,61,65,73,75,77"
671,16:51,4,4,여의도,10,"3,13,17,18,32,33,42,44,56,71"
671,16:51,5,5,김포공항,4,"0,1,38,46"
671,16:51,6,6,일산,5,"28,52,53,54,62"
671,16:51,7,7,판교,1,37
671,16:51,8,8,동탄/용인,1,30
671,16:51,9,9,평택,1,2
672,16:52,1,1,서울역,6,"16,34,43,47,55,63"
672,16:52,10,10,인천공항,1,6
672,16:52,2,2,수서,9,"7,21,22,23,36,40,41,67,76"
672,16:52,3,3,삼성,6,"20,31,61,73,75,77"
672,16:52,4,4,여의도,9,"3,13,17,18,32,33,42,56,71"
672,16:52,5,5,김포공항,5,"0,1,38,46,79"
672,16:52,6,6,일산,5,"28,52,53,54,62"
672,16:52,7,7,판교,1,37
672,16:52,8,8,동탄/용인,1,30
672,16:52,9,9,평택,2,"2,24"
673,16:53,1,1,서울역,5,"16,34,43,55,63"
673,16:53,10,10,인천공항,1,6
673,16:53,2,2,수서,9,"7,21,22,23,36,40,41,67,76"
673,16:53,3,3,삼성,4,"20,31,61,73"
673,16:53,4,4,여의도,9,"3,13,18,26,32,42,56,64,71"
673,16:53,5,5,김포공항,5,"0,1,38,46,79"
673,16:53,6,6,일산,6,"28,52,53,54,62,68"
673,16:53,7,7,판교,1,37
673,16:53,8,8,동탄/용인,1,30
673,16:53,9,9,평택,2,"2,24"
674,16:54,1,1,서울역,6,"34,39,43,55,57,63"
674,16:54,10,10,인천공항,1,6
674,16:54,2,2,수서,7,"21,22,23,40,41,67,76"
674,16:54,3,3,삼성,4,"20,51,61,73"
674,16:54,4,4,여의도,7,"3,18,26,32,42,64,71"
674,16:54,5,5,김포공항,6,"0,1,38,46,69,79"
674,16:54,6,6,일산,6,"28,52,53,54,62,68"
674,16:54,7,7,판교,1,37
674,16:54,8,8,동탄/용인,1,30
674,16:54,9,9,평택,2,"2,24"
675,16:55,1,1,서울역,6,"39,43,45,55,57,63"
675,16:55,10,10,인천공항,1,6
675,16:55,2,2,수서,5,"21,22,40,41,67"
675,16:55,3,3,삼성,4,"20,51,61,73"
675,16:55,4,4,여의도,8,"3,18,26,32,42,64,66,71"
675,16:55,5,5,김포공항,7,"0,1,38,46,48,69,79"
675,16:55,6,6,일산,6,"28,52,53,54,62,68"
675,16:55,7,7,판교,1,37
675,16:55,8,8,동탄/용인,1,30
675,16:55,9,9,평택,2,"2,24"
676,16:56,1,1,서울역,6,"39,43,45,55,57,63"
676,16:56,10,10,인천공항,1,6
676,16:56,2,2,수서,5,"21,22,40,41,67"
676,16:56,3,3,삼성,5,"20,51,61,72,73"
676,16:56,4,4,여의도,8,"3,18,26,32,42,64,66,71"
676,16:56,5,5,김포공항,8,"0,1,27,38,46,48,69,79"
676,16:56,6,6,일산,6,"28,52,53,54,62,68"
676,16:56,7,7,판교,2,"37,60"
676,16:56,8,8,동탄/용인,1,30
676,16:56,9,9,평택,2,"2,24"
677,16:57,1,1,서울역,6,"33,43,45,50,55,57"
677,16:57,10,10,인천공항,1,6
677,16:57,2,2,수서,4,"21,22,40,41"
677,16:57,3,3,삼성,6,"20,35,51,61,72,73"
677,16:57,4,4,여의도,9,"3,18,26,29,32,42,64,66,71"
677,16:57,5,5,김포공항,8,"0,1,27,38,46,48,69,79"
677,16:57,6,6,일산,5,"28,53,54,62,68"
677,16:57,7,7,판교,3,"37,60,78"
677,16:57,8,8,동탄/용인,1,30
677,16:57,9,9,평택,2,"2,24"
678,16:58,1,1,서울역,7,"33,43,45,50,55,57,65"
678,16:58,10,10,인천공항,1,6
678,16:58,2,2,수서,4,"22,40,41,44"
678,16:58,3,3,삼성,8,"4,10,20,35,51,61,72,73"
678,16:58,4,4,여의도,10,"3,11,18,26,29,32,42,64,66,71"
678,16:58,5,5,김포공항,9,"0,1,27,38,46,48,59,69,79"
678,16:58,6,6,일산,6,"28,49,53,54,62,68"
678,16:58,7,7,판교,4,"15,37,60,78"
678,16:58,8,8,동탄/용인,1,30
678,16:58,9,9,평택,2,"2,24"
679,16:59,1,1,서울역,8,"33,43,45,50,55,57,65,75"
679,16:59,10,10,인천공항,1,6
679,16:59,2,2,수서,4,"22,40,41,44"
679,16:59,3,3,삼성,9,"4,5,10,20,35,51,61,72,73"
679,16:59,4,4,여의도,9,"3,11,26,29,32,42,58,66,71"
679,16:59,5,5,김포공항,12,"0,1,19,25,27,38,46,48,59,69,70,79"
679,16:59,6,6,일산,8,"9,12,28,49,53,54,62,68"
679,16:59,7,7,판교,4,"15,37,60,78"
679,16:59,8,8,동탄/용인,1,30
679,16:59,9,9,평택,2,"2,24"
680,17:00,1,1,서울역,8,"33,43,45,50,55,57,65,75"
680,17:00,10,10,인천공항,1,6
680,17:00,2,2,수서,7,"13,22,40,41,44,47,56"
680,17:00,3,3,삼성,9,"4,5,10,16,20,35,51,61,73"
680,17:00,4,4,여의도,9,"3,11,26,29,32,42,58,66,71"
680,17:00,5,5,김포공항,11,"0,19,25,27,38,46,48,59,69,70,79"
680,17:00,6,6,일산,8,"9,12,28,49,53,54,62,68"
680,17:00,7,7,판교,4,"15,37,60,78"
680,17:00,8,8,동탄/용인,1,30
680,17:00,9,9,평택,2,"2,24"
681,17:01,1,1,서울역,8,"33,43,45,50,55,57,65,75"
681,17:01,10,10,인천공항,1,6
681,17:01,2,2,수서,7,"13,22,40,41,44,47,56"
681,17:01,3,3,삼성,10,"4,5,10,16,20,34,35,51,73,74"
681,17:01,4,4,여의도,10,"3,11,23,26,29,31,32,42,58,71"
681,17:01,5,5,김포공항,12,"0,19,25,27,38,46,48,59,69,70,77,79"
681,17:01,6,6,일산,8,"9,12,28,49,53,54,62,68"
681,17:01,7,7,판교,3,"15,60,78"
681,17:01,8,8,동탄/용인,1,30
681,17:01,9,9,평택,2,"2,24"
682,17:02,1,1,서울역,9,"33,43,45,50,55,57,65,75,76"
682,17:02,10,10,인천공항,1,6
682,17:02,2,2,수서,7,"13,22,40,41,44,47,56"
682,17:02,3,3,삼성,10,"4,5,10,16,20,34,35,51,73,74"
682,17:02,4,4,여의도,10,"3,11,23,26,29,31,32,42,58,71"
682,17:02,5,5,김포공항,13,"0,7,19,25,36,38,46,48,59,69,70,77,79"
682,17:02,6,6,일산,8,"9,12,28,49,53,54,62,68"
682,17:02,7,7,판교,3,"15,60,78"
682,17:02,8,8,동탄/용인,1,30
682,17:02,9,9,평택,2,"2,24"
683,17:03,1,1,서울역,8,"33,43,50,55,57,65,75,76"
683,17:03,10,10,인천공항,1,6
683,17:03,2,2,수서,6,"13,40,41,44,47,56"
683,17:03,3,3,삼성,10,"4,5,10,14,16,20,34,35,51,74"
683,17:03,4,4,여의도,10,"3,11,23,26,29,31,32,58,67,71"
683,17:03,5,5,김포공항,13,"0,7,19,25,36,38,46,48,59,69,70,77,79"
683,17:03,6,6,일산,6,"9,12,28,49,62,68"
683,17:03,7,7,판교,3,"15,60,78"
683,17:03,9,9,평택,2,"2,24"
684,17:04,1,1,서울역,8,"33,43,50,55,57,65,75,76"
684,17:04,10,10,인천공항,1,6
684,17:04,2,2,수서,5,"13,40,41,47,56"
684,17:04,3,3,삼성,10,"4,5,10,14,16,20,34,35,51,74"
684,17:04,4,4,여의도,9,"3,11,26,29,31,32,58,67,71"
684,17:04,5,5,김포공항,12,"7,19,25,36,38,46,48,59,69,70,77,79"
684,17:04,6,6,일산,7,"9,12,28,39,49,62,68"
684,17:04,7,7,판교,3,"15,60,78"
684,17:04,9,9,평택,2,"2,24"
685,17:05,1,1,서울역,9,"33,43,50,55,57,65,66,75,76"
685,17:05,10,10,인천공항,1,6
685,17:05,2,2,수서,7,"13,18,40,41,47,56,64"
685,17:05,3,3,삼성,9,"4,5,14,16,20,34,35,51,74"
685,17:05,4,4,여의도,8,"3,11,29,31,32,58,67,71"
685,17:05,5,5,김포공항,12,"7,19,36,38,46,48,59,63,69,70,77,79"
685,17:05,6,6,일산,7,"9,12,28,39,49,62,68"
685,17:05,7,7,판교,3,"15,60,78"
685,17:05,9,9,평택,2,"2,24"
686,17:06,1,1,서울역,7,"43,50,65,66,72,75,76"
686,17:06,10,10,인천공항,1,6
686,17:06,2,2,수서,7,"13,18,40,41,47,56,64"
686,17:06,3,3,삼성,9,"4,5,14,16,20,34,35,51,74"
686,17:06,4,4,여의도,8,"3,8,11,31,32,58,67,71"
686,17:06,5,5,김포공항,13,"7,19,21,36,38,46,48,59,63,69,70,77,79"
686,17:06,6,6,일산,7,"9,12,28,39,49,62,68"
686,17:06,7,7,판교,2,"15,78"
686,17:06,9,9,평택,2,"2,24"
687,17:07,1,1,서울역,7,"43,50,65,66,72,75,76"
687,17:07,10,10,인천공항,1,6
687,17:07,2,2,수서,7,"13,18,40,41,47,56,64"
687,17:07,3,3,삼성,9,"4,5,14,16,20,34,35,51,74"
687,17:07,4,4,여의도,7,"8,11,31,32,58,67,71"
687,17:07,5,5,김포공항,13,"7,19,21,36,38,46,48,59,63,69,70,77,79"
687,17:07,6,6,일산,7,"9,12,28,39,49,62,68"
687,17:07,7,7,판교,1,78
687,17:07,9,9,평택,2,"2,24"
688,17:08,1,1,서울역,7,"43,50,65,66,72,75,76"
688,17:08,10,10,인천공항,1,6
688,17:08,2,2,수서,7,"13,18,40,41,47,56,64"
688,17:08,3,3,삼성,9,"1,5,14,16,20,34,35,51,74"
688,17:08,4,4,여의도,8,"8,11,31,32,37,58,67,71"
688,17:08,5,5,김포공항,12,"7,19,21,36,38,46,48,59,69,70,77,79"
688,17:08,6,6,일산,6,"9,12,39,49,62,68"
688,17:08,7,7,판교,1,78
688,17:08,9,9,평택,3,"2,17,24"
689,17:09,1,1,서울역,6,"43,50,65,66,75,76"
689,17:09,10,10,인천공항,1,6
689,17:09,2,2,수서,8,"13,18,40,41,42,47,56,64"
689,17:09,3,3,삼성,8,"1,5,14,20,34,35,51,74"
689,17:09,4,4,여의도,9,"8,11,22,31,32,37,58,67,71"
689,17:09,5,5,김포공항,12,"7,19,21,36,38,46,48,59,69,70,77,79"
689,17:09,6,6,일산,6,"9,12,39,49,62,68"
689,17:09,7,7,판교,2,"52,78"
689,17:09,9,9,평택,3,"2,17,24"
690,17:10,1,1,서울역,5,"43,50,66,75,76"
690,17:10,10,10,인천공항,1,6
690,17:10,2,2,수서,9,"13,18,23,40,41,42,47,56,64"
690,17:10,3,3,삼성,9,"1,5,14,20,27,34,35,51,74"
690,17:10,4,4,여의도,10,"8,11,22,32,37,44,58,67,71,73"
690,17:10,5,5,김포공항,12,"7,19,21,36,38,46,48,59,69,70,77,79"
690,17:10,6,6,일산,5,"9,12,49,62,68"
690,17:10,7,7,판교,3,"45,52,78"
690,17:10,9,9,평택,3,"2,17,24"
691,17:11,1,1,서울역,5,"43,50,66,75,76"
691,17:11,10,10,인천공항,1,6
691,17:11,2,2,수서,10,"13,18,23,26,40,41,42,47,56,64"
691,17:11,3,3,삼성,6,"1,14,20,27,51,74"
691,17:11,4,4,여의도,10,"8,11,22,32,37,44,58,67,71,73"
691,17:11,5,5,김포공항,12,"7,19,21,36,38,46,48,59,69,70,77,79"
691,17:11,6,6,일산,5,"9,12,49,62,68"
691,17:11,7,7,판교,3,"45,52,78"
691,17:11,9,9,평택,2,"2,17"
692,17:12,1,1,서울역,5,"43,50,66,75,76"
692,17:12,10,10,인천공항,1,6
692,17:12,2,2,수서,10,"0,13,18,23,26,40,41,42,60,64"
692,17:12,3,3,삼성,5,"1,14,27,51,74"
692,17:12,4,4,여의도,10,"8,11,22,32,37,44,58,67,71,73"
692,17:12,5,5,김포공항,12,"7,19,21,36,38,46,48,59,69,70,77,79"
692,17:12,6,6,일산,5,"9,12,49,62,68"
692,17:12,7,7,판교,3,"45,52,78"
692,17:12,9,9,평택,2,"2,17"
693,17:13,1,1,서울역,4,"50,66,75,76"
693,17:13,2,2,수서,9,"0,13,18,26,40,41,42,60,64"
693,17:13,3,3,삼성,8,"1,14,27,29,30,51,54,74"
693,17:13,4,4,여의도,10,"8,11,22,32,37,44,58,67,71,73"
693,17:13,5,5,김포공항,13,"7,10,19,21,36,38,46,48,59,69,70,77,79"
693,17:13,6,6,일산,5,"12,49,55,62,68"
693,17:13,7,7,판교,3,"45,52,78"
693,17:13,9,9,평택,1,17
694,17:14,1,1,서울역,3,"50,75,76"
694,17:14,2,2,수서,10,"0,13,18,26,34,40,41,42,60,64"
694,17:14,3,3,삼성,8,"3,14,27,29,30,51,54,74"
694,17:14,4,4,여의도,10,"8,11,15,22,32,37,44,67,71,73"
694,17:14,5,5,김포공항,15,"7,10,19,21,33,36,38,46,48,57,59,69,70,77,79"
694,17:14,6,6,일산,5,"12,49,55,62,68"
694,17:14,7,7,판교,3,"45,52,78"
694,17:14,9,9,평택,1,17
695,17:15,1,1,서울역,3,"16,50,75"
695,17:15,10,10,인천공항,1,25
695,17:15,2,2,수서,7,"0,13,18,26,34,41,64"
695,17:15,3,3,삼성,8,"3,27,29,30,51,54,72,74"
695,17:15,4,4,여의도,8,"8,15,32,37,44,67,71,73"
695,17:15,5,5,김포공항,15,"7,10,19,21,33,36,38,46,48,57,59,69,70,77,79"
695,17:15,6,6,일산,5,"12,49,55,62,68"
695,17:15,7,7,판교,4,"45,52,53,78"
695,17:15,9,9,평택,1,17
696,17:16,1,1,서울역,3,"16,50,75"
696,17:16,10,10,인천공항,1,25
696,17:16,2,2,수서,8,"0,13,18,26,31,34,41,64"
696,17:16,3,3,삼성,9,"3,27,29,30,51,54,65,72,74"
696,17:16,4,4,여의도,6,"8,15,37,44,67,71"
696,17:16,5,5,김포공항,15,"7,10,19,21,33,36,38,46,48,57,59,69,70,77,79"
696,17:16,6,6,일산,4,"12,49,62,68"
696,17:16,7,7,판교,3,"52,53,78"
696,17:16,9,9,평택,2,"17,61"
697,17:17,1,1,서울역,4,"16,39,50,75"
697,17:17,10,10,인천공항,1,25
697,17:17,2,2,수서,6,"0,13,18,31,41,64"
697,17:17,3,3,삼성,9,"3,27,29,30,51,54,65,72,74"
697,17:17,4,4,여의도,6,"8,15,37,44,67,71"
697,17:17,5,5,김포공항,15,"7,10,19,21,33,36,38,46,48,57,59,69,70,77,79"
697,17:17,6,6,일산,4,"12,49,62,68"
697,17:17,7,7,판교,3,"52,53,78"
697,17:17,8,8,동탄/용인,1,24
697,17:17,9,9,평택,1,61
698,17:18,1,1,서울역,4,"16,39,50,58"
698,17:18,10,10,인천공항,2,"25,63"
698,17:18,2,2,수서,5,"0,13,18,31,64"
698,17:18,3,3,삼성,10,"3,27,28,29,30,51,54,65,72,74"
698,17:18,4,4,여의도,8,"5,15,37,44,47,56,67,71"
698,17:18,5,5,김포공항,15,"7,10,19,21,33,36,38,46,48,57,59,69,70,77,79"
698,17:18,6,6,일산,4,"12,49,62,68"
698,17:18,7,7,판교,3,"52,53,78"
698,17:18,8,8,동탄/용인,1,24
698,17:18,9,9,평택,1,61
699,17:19,1,1,서울역,4,"16,39,50,58"
699,17:19,10,10,인천공항,2,"25,63"
699,17:19,2,2,수서,5,"0,13,18,31,64"
699,17:19,3,3,삼성,6,"3,28,30,54,72,74"
699,17:19,4,4,여의도,9,"5,15,23,37,44,47,56,67,71"
699,17:19,5,5,김포공항,16,"7,10,19,21,33,35,36,38,46,48,57,59,69,70,77,79"
699,17:19,6,6,일산,4,"12,49,62,68"
699,17:19,7,7,판교,3,"52,53,78"
699,17:19,8,8,동탄/용인,1,24
699,17:19,9,9,평택,1,61
700,17:20,1,1,서울역,4,"9,16,50,58"
700,17:20,10,10,인천공항,2,"25,63"
700,17:20,2,2,수서,5,"0,13,18,31,64"
700,17:20,3,3,삼성,7,"3,28,30,54,66,72,74"
700,17:20,4,4,여의도,9,"5,15,23,37,44,47,56,67,71"
700,17:20,5,5,김포공항,13,"7,10,19,35,36,38,46,48,59,69,70,77,79"
700,17:20,6,6,일산,4,"12,49,62,68"
700,17:20,7,7,판교,3,"43,52,53"
700,17:20,9,9,평택,1,61
701,17:21,1,1,서울역,4,"9,14,16,50"
701,17:21,10,10,인천공항,2,"25,63"
701,17:21,2,2,수서,7,"0,11,13,18,22,31,64"
701,17:21,3,3,삼성,7,"3,28,30,54,66,72,74"
701,17:21,4,4,여의도,10,"5,15,23,37,42,44,47,60,67,71"
701,17:21,5,5,김포공항,13,"7,10,19,35,36,38,46,48,59,69,70,77,79"
701,17:21,6,6,일산,3,"12,62,68"
701,17:21,7,7,판교,2,"43,52"
701,17:21,9,9,평택,1,61
702,17:22,1,1,서울역,4,"9,14,16,40"
702,17:22,10,10,인천공항,2,"25,63"
702,17:22,2,2,수서,8,"0,11,13,18,22,31,32,64"
702,17:22,3,3,삼성,5,"3,28,66,72,74"
702,17:22,4,4,여의도,9,"5,15,23,37,42,44,47,60,67"
702,17:22,5,5,김포공항,12,"10,19,35,36,38,46,48,59,69,70,77,79"
702,17:22,6,6,일산,3,"12,62,68"
702,17:22,7,7,판교,3,"43,52,76"
702,17:22,9,9,평택,1,61
703,17:23,1,1,서울역,4,"9,14,40,45"
703,17:23,10,10,인천공항,2,"4,63"
703,17:23,2,2,수서,8,"0,11,13,18,22,31,32,64"
703,17:23,3,3,삼성,6,"3,28,66,72,73,74"
703,17:23,4,4,여의도,9,"5,23,34,37,42,44,47,60,67"
703,17:23,5,5,김포공항,11,"10,35,36,38,48,55,59,69,70,77,79"
703,17:23,6,6,일산,3,"12,62,68"
703,17:23,7,7,판교,3,"43,52,76"
703,17:23,9,9,평택,1,61
704,17:24,1,1,서울역,5,"9,14,26,40,45"
704,17:24,10,10,인천공항,2,"4,63"
704,17:24,2,2,수서,8,"8,11,13,18,22,31,32,64"
704,17:24,3,3,삼성,4,"3,66,73,75"
704,17:24,4,4,여의도,7,"5,23,34,42,44,60,67"
704,17:24,5,5,김포공항,9,"35,36,48,55,59,69,70,77,79"
704,17:24,6,6,일산,3,"12,62,68"
704,17:24,7,7,판교,2,"43,76"
704,17:24,9,9,평택,1,61
705,17:25,1,1,서울역,6,"9,14,26,29,40,45"
705,17:25,10,10,인천공항,2,"4,63"
705,17:25,2,2,수서,8,"8,11,13,18,22,31,32,64"
705,17:25,3,3,삼성,4,"3,66,73,75"
705,17:25,4,4,여의도,7,"5,6,34,42,44,60,67"
705,17:25,5,5,김포공항,9,"35,36,48,55,59,69,70,77,79"
705,17:25,6,6,일산,2,"62,68"
705,17:25,7,7,판교,2,"43,76"
705,17:25,9,9,평택,1,61
706,17:26,1,1,서울역,6,"9,14,26,29,40,45"
706,17:26,10,10,인천공항,2,"4,63"
706,17:26,2,2,수서,8,"8,11,13,18,22,31,32,64"
706,17:26,3,3,삼성,5,"3,39,66,73,75"
706,17:26,4,4,여의도,8,"5,6,34,42,44,57,60,67"
706,17:26,5,5,김포공항,10,"35,36,41,48,55,59,69,70,77,79"
706,17:26,6,6,일산,2,"62,68"
706,17:26,7,7,판교,2,"43,76"
706,17:26,9,9,평택,1,61
707,17:27,1,1,서울역,6,"9,14,26,29,40,45"
707,17:27,10,10,인천공항,3,"4,20,63"
707,17:27,2,2,수서,7,"8,11,13,18,31,32,64"
707,17:27,3,3,삼성,6,"3,39,58,66,73,78"
707,17:27,4,4,여의도,8,"5,6,34,42,44,57,60,67"
707,17:27,5,5,김포공항,12,"35,36,41,48,51,55,59,65,69,70,77,79"
707,17:27,6,6,일산,2,"62,68"
707,17:27,7,7,판교,2,"43,76"
707,17:27,9,9,평택,1,61
708,17:28,1,1,서울역,8,"9,14,26,29,30,40,45,54"
708,17:28,10,10,인천공항,3,"4,20,63"
708,17:28,2,2,수서,6,"8,11,13,18,32,64"
708,17:28,3,3,삼성,7,"3,39,56,58,66,73,78"
708,17:28,4,4,여의도,10,"2,5,6,34,42,44,53,57,60,67"
708,17:28,5,5,김포공항,12,"35,36,41,48,51,55,59,65,69,70,77,79"
708,17:28,6,6,일산,1,68
708,17:28,7,7,판교,2,"43,76"
708,17:28,9,9,평택,1,61
709,17:29,1,1,서울역,6,"14,26,29,30,40,54"
709,17:29,10,10,인천공항,4,"1,4,20,63"
709,17:29,2,2,수서,6,"8,11,15,18,32,64"
709,17:29,3,3,삼성,7,"3,16,39,56,58,73,78"
709,17:29,4,4,여의도,9,"2,5,6,34,42,44,53,60,67"
709,17:29,5,5,김포공항,12,"35,36,41,48,51,55,59,65,69,70,77,79"
709,17:29,6,6,일산,1,68
709,17:29,7,7,판교,3,"43,71,76"
709,17:29,9,9,평택,1,61
710,17:30,1,1,서울역,6,"7,26,29,30,40,54"
710,17:30,10,10,인천공항,4,"1,4,20,63"
710,17:30,2,2,수서,8,"8,11,15,32,37,47,64,75"
710,17:30,3,3,삼성,7,"16,24,39,56,58,73,78"
710,17:30,4,4,여의도,11,"0,2,5,6,34,38,42,44,53,60,67"
710,17:30,5,5,김포공항,13,"35,36,41,48,50,51,55,59,65,69,70,77,79"
710,17:30,6,6,일산,1,68
710,17:30,7,7,판교,3,"43,71,76"
710,17:30,9,9,평택,1,61
711,17:31,1,1,서울역,4,"7,26,30,54"
711,17:31,10,10,인천공항,4,"1,4,20,63"
711,17:31,2,2,수서,9,"8,11,15,23,32,37,47,64,75"
711,17:31,3,3,삼성,7,"16,19,24,39,58,73,78"
711,17:31,4,4,여의도,10,"0,2,5,34,38,42,44,52,60,72"
711,17:31,5,5,김포공항,13,"35,36,41,48,50,51,55,59,65,69,70,77,79"
711,17:31,6,6,일산,1,68
711,17:31,7,7,판교,3,"43,71,76"
711,17:31,9,9,평택,1,61
712,17:32,1,1,서울역,5,"7,12,26,30,54"
712,17:32,10,10,인천공항,4,"1,4,20,63"
712,17:32,2,2,수서,9,"8,10,11,23,32,37,47,49,75"
712,17:32,3,3,삼성,7,"16,19,24,39,58,73,78"
712,17:32,4,4,여의도,9,"0,2,5,17,38,44,52,60,72"
712,17:32,5,5,김포공항,15,"28,35,36,41,48,50,51,55,59,65,69,70,74,77,79"
712,17:32,6,6,일산,1,68
712,17:32,7,7,판교,2,"71,76"
712,17:32,9,9,평택,1,61
713,17:33,1,1,서울역,4,"7,12,30,54"
713,17:33,10,10,인천공항,5,"1,4,20,46,63"
713,17:33,2,2,수서,7,"10,23,32,37,47,49,75"
713,17:33,3,3,삼성,5,"16,19,24,39,73"
713,17:33,4,4,여의도,8,"0,2,5,17,22,52,60,72"
713,17:33,5,5,김포공항,15,"28,35,36,41,48,50,51,55,59,65,69,70,74,77,79"
713,17:33,6,6,일산,1,68
713,17:33,7,7,판교,2,"71,76"
713,17:33,9,9,평택,1,61
714,17:34,1,1,서울역,4,"7,12,30,54"
714,17:34,10,10,인천공항,6,"1,4,20,27,46,63"
714,17:34,2,2,수서,7,"10,23,32,37,47,49,75"
714,17:34,3,3,삼성,4,"16,19,24,39"
714,17:34,4,4,여의도,8,"0,5,17,22,31,52,60,72"
714,17:34,5,5,김포공항,14,"28,35,41,48,50,51,55,59,65,69,70,74,77,79"
714,17:34,6,6,일산,1,68
714,17:34,7,7,판교,1,71
714,17:34,8,8,동탄/용인,1,21
714,17:34,9,9,평택,1,61
715,17:35,1,1,서울역,4,"7,12,30,54"
715,17:35,10,10,인천공항,6,"1,4,20,27,46,63"
715,17:35,2,2,수서,8,"10,23,32,37,47,49,57,75"
715,17:35,3,3,삼성,5,"16,19,24,39,45"
715,17:35,4,4,여의도,10,"0,5,13,17,22,25,31,52,60,72"
715,17:35,5,5,김포공항,13,"28,35,48,50,51,55,59,65,69,70,74,77,79"
715,17:35,6,6,일산,1,68
715,17:35,7,7,판교,1,71
715,17:35,8,8,동탄/용인,1,21
715,17:35,9,9,평택,1,61
716,17:36,1,1,서울역,5,"3,7,12,30,54"
716,17:36,10,10,인천공항,6,"1,4,20,27,46,63"
716,17:36,2,2,수서,8,"10,23,32,47,49,57,58,75"
716,17:36,3,3,삼성,5,"16,19,24,39,45"
716,17:36,4,4,여의도,9,"5,13,17,22,25,31,52,66,72"
716,17:36,5,5,김포공항,13,"28,35,48,50,51,55,59,65,69,70,74,77,79"
716,17:36,6,6,일산,1,68
716,17:36,7,7,판교,2,"9,71"
716,17:36,8,8,동탄/용인,1,21
716,17:36,9,9,평택,1,61
717,17:37,1,1,서울역,6,"3,7,12,18,30,54"
717,17:37,10,10,인천공항,6,"1,4,20,27,46,63"
717,17:37,2,2,수서,9,"10,23,32,47,49,53,57,58,75"
717,17:37,3,3,삼성,6,"16,19,24,39,40,45"
717,17:37,4,4,여의도,9,"5,13,17,22,25,31,52,66,72"
717,17:37,5,5,김포공항,13,"28,35,48,50,51,55,59,65,69,70,74,77,79"
717,17:37,6,6,일산,1,68
717,17:37,7,7,판교,3,"9,14,71"
717,17:37,8,8,동탄/용인,1,21
717,17:37,9,9,평택,2,"33,61"
718,17:38,1,1,서울역,6,"3,7,12,18,30,54"
718,17:38,10,10,인천공항,6,"1,4,20,27,46,63"
718,17:38,2,2,수서,8,"23,42,47,49,53,57,58,75"
718,17:38,3,3,삼성,7,"6,16,19,24,40,45,62"
718,17:38,4,4,여의도,10,"5,13,15,17,22,25,31,52,66,72"
718,17:38,5,5,김포공항,12,"35,48,50,51,55,59,65,69,70,74,77,79"
718,17:38,6,6,일산,1,68
718,17:38,7,7,판교,4,"9,14,67,71"
718,17:38,8,8,동탄/용인,1,21
718,17:38,9,9,평택,2,"33,61"
719,17:39,1,1,서울역,6,"3,12,18,30,54,64"
719,17:39,10,10,인천공항,6,"1,4,20,27,46,63"
719,17:39,2,2,수서,9,"23,38,42,47,49,53,57,58,75"
719,17:39,3,3,삼성,8,"6,16,19,24,34,40,45,62"
719,17:39,4,4,여의도,12,"5,8,13,15,17,22,25,31,43,52,66,72"
719,17:39,5,5,김포공항,13,"35,48,50,51,55,56,59,65,69,70,74,77,79"
719,17:39,6,6,일산,1,68
719,17:39,7,7,판교,4,"9,14,67,71"
719,17:39,8,8,동탄/용인,1,21
719,17:39,9,9,평택,2,"33,61"
720,17:40,1,1,서울역,6,"3,11,12,18,30,64"
720,17:40,10,10,인천공항,6,"1,4,20,27,46,63"
720,17:40,2,2,수서,9,"2,38,42,47,49,53,57,58,75"
720,17:40,3,3,삼성,5,"6,34,40,45,62"
720,17:40,4,4,여의도,10,"5,8,13,15,17,22,25,31,43,66"
720,17:40,5,5,김포공항,8,"35,48,56,69,70,74,77,79"
720,17:40,6,6,일산,1,68
720,17:40,7,7,판교,4,"9,14,44,67"
720,17:40,8,8,동탄/용인,1,21
720,17:40,9,9,평택,2,"33,61"
721,17:41,1,1,서울역,6,"3,11,12,18,30,64"
721,17:41,10,10,인천공항,5,"4,20,27,46,63"
721,17:41,2,2,수서,6,"2,38,47,53,57,58"
721,17:41,3,3,삼성,5,"6,34,40,45,62"
721,17:41,4,4,여의도,11,"5,8,13,15,22,25,31,43,66,73,76"
721,17:41,5,5,김포공항,9,"35,48,56,69,70,74,77,78,79"
721,17:41,6,6,일산,1,68
721,17:41,7,7,판교,4,"9,14,44,67"
721,17:41,8,8,동탄/용인,1,21
721,17:41,9,9,평택,2,"33,61"
722,17:42,1,1,서울역,4,"11,12,18,30"
722,17:42,10,10,인천공항,5,"4,20,27,46,63"
722,17:42,2,2,수서,7,"0,2,38,47,53,57,60"
722,17:42,3,3,삼성,6,"6,34,36,40,45,62"
722,17:42,4,4,여의도,11,"5,8,13,15,22,25,31,37,43,73,76"
722,17:42,5,5,김포공항,8,"35,48,69,70,74,77,78,79"
722,17:42,6,6,일산,1,68
722,17:42,7,7,판교,4,"9,14,44,67"
722,17:42,8,8,동탄/용인,1,21
722,17:42,9,9,평택,2,"33,61"
723,17:43,1,1,서울역,1,11
723,17:43,10,10,인천공항,4,"4,27,46,63"
723,17:43,2,2,수서,7,"0,2,38,47,53,57,60"
723,17:43,3,3,삼성,6,"6,34,36,40,45,62"
723,17:43,4,4,여의도,10,"5,8,13,15,25,31,37,43,73,76"
723,17:43,5,5,김포공항,8,"35,48,69,70,74,77,78,79"
723,17:43,6,6,일산,1,68
723,17:43,7,7,판교,4,"9,14,44,67"
723,17:43,8,8,동탄/용인,1,21
723,17:43,9,9,평택,1,61
724,17:44,1,1,서울역,1,11
724,17:44,10,10,인천공항,5,"4,27,29,46,63"
724,17:44,2,2,수서,6,"0,2,38,47,53,60"
724,17:44,3,3,삼성,5,"6,34,36,40,62"
724,17:44,4,4,여의도,11,"8,10,13,15,25,31,32,37,43,73,76"
724,17:44,5,5,김포공항,7,"35,48,69,70,74,77,79"
724,17:44,6,6,일산,1,68
724,17:44,7,7,판교,4,"9,14,44,67"
724,17:44,9,9,평택,1,61
725,17:45,1,1,서울역,1,11
725,17:45,10,10,인천공항,6,"4,27,29,41,46,63"
725,17:45,2,2,수서,5,"0,2,38,47,60"
725,17:45,3,3,삼성,4,"6,36,40,62"
725,17:45,4,4,여의도,10,"10,13,15,25,31,32,37,39,73,76"
725,17:45,5,5,김포공항,6,"35,69,70,74,77,79"
725,17:45,6,6,일산,1,68
725,17:45,7,7,판교,3,"9,14,44"
725,17:45,9,9,평택,1,61
726,17:46,1,1,서울역,1,11
726,17:46,10,10,인천공항,7,"4,26,27,29,41,46,63"
726,17:46,2,2,수서,8,"0,2,38,47,52,60,71,72"
726,17:46,3,3,삼성,5,"6,28,36,54,62"
726,17:46,4,4,여의도,14,"10,13,15,25,31,32,37,39,50,55,59,65,73,76"
726,17:46,5,5,김포공항,6,"35,69,70,74,77,79"
726,17:46,6,6,일산,1,68
726,17:46,7,7,판교,3,"7,9,44"
726,17:46,9,9,평택,1,61
727,17:47,1,1,서울역,1,11
727,17:47,10,10,인천공항,7,"4,26,27,29,41,46,63"
727,17:47,2,2,수서,8,"0,2,38,47,52,60,71,72"
727,17:47,3,3,삼성,5,"6,28,36,54,62"
727,17:47,4,4,여의도,16,"10,13,15,16,31,32,37,39,49,50,55,59,65,73,75,76"
727,17:47,5,5,김포공항,6,"35,69,70,74,77,79"
727,17:47,7,7,판교,4,"7,9,42,44"
727,17:47,9,9,평택,1,61
728,17:48,1,1,서울역,2,"11,51"
728,17:48,10,10,인천공항,7,"4,26,27,29,41,46,63"
728,17:48,2,2,수서,8,"0,2,47,52,60,66,71,72"
728,17:48,3,3,삼성,6,"17,28,36,54,62,64"
728,17:48,4,4,여의도,17,"10,13,16,31,32,37,39,49,50,55,56,58,59,65,73,75,76"
728,17:48,5,5,김포공항,7,"23,24,69,70,74,77,79"
728,17:48,7,7,판교,3,"7,42,44"
728,17:48,9,9,평택,1,61
729,17:49,1,1,서울역,1,51
729,17:49,10,10,인천공항,7,"4,26,27,29,41,46,63"
729,17:49,2,2,수서,9,"0,2,22,47,52,60,66,71,72"
729,17:49,3,3,삼성,8,"12,17,28,30,36,54,62,64"
729,17:49,4,4,여의도,16,"10,13,16,31,32,37,39,49,50,56,58,59,65,73,75,76"
729,17:49,5,5,김포공항,7,"23,24,69,70,74,77,79"
729,17:49,7,7,판교,4,"3,7,42,44"
729,17:49,9,9,평택,1,61
730,17:50,1,1,서울역,1,51
730,17:50,10,10,인천공항,7,"4,26,27,29,41,46,63"
730,17:50,2,2,수서,9,"0,5,22,47,52,60,66,71,72"
730,17:50,3,3,삼성,8,"12,17,28,30,36,54,62,64"
730,17:50,4,4,여의도,15,"13,16,31,32,37,39,49,50,56,57,58,59,65,73,75"
730,17:50,5,5,김포공항,7,"23,24,69,70,74,77,79"
730,17:50,6,6,일산,1,19
730,17:50,7,7,판교,4,"3,7,42,44"
731,17:51,10,10,인천공항,7,"4,26,27,29,41,46,63"
731,17:51,2,2,수서,10,"0,5,8,22,43,47,52,66,71,72"
731,17:51,3,3,삼성,7,"12,17,28,30,36,54,64"
731,17:51,4,4,여의도,12,"16,31,32,37,39,49,50,57,59,65,73,75"
731,17:51,5,5,김포공항,8,"18,23,24,69,70,74,77,79"
731,17:51,6,6,일산,2,"19,78"
731,17:51,7,7,판교,4,"3,7,42,44"
732,17:52,1,1,서울역,1,53
732,17:52,10,10,인천공항,7,"4,26,27,29,41,46,63"
732,17:52,2,2,수서,6,"0,5,8,43,66,72"
732,17:52,3,3,삼성,7,"12,17,28,30,36,64,67"
732,17:52,4,4,여의도,9,"16,31,32,37,39,49,57,73,75"
732,17:52,5,5,김포공항,9,"18,23,24,45,69,70,74,77,79"
732,17:52,6,6,일산,2,"19,78"
732,17:52,7,7,판교,4,"3,7,42,44"
733,17:53,1,1,서울역,2,"48,53"
733,17:53,10,10,인천공항,6,"26,27,29,41,46,63"
733,17:53,2,2,수서,6,"0,5,8,43,66,72"
733,17:53,3,3,삼성,7,"12,17,28,30,36,64,67"
733,17:53,4,4,여의도,11,"14,16,31,32,37,39,40,49,57,73,75"
733,17:53,5,5,김포공항,10,"18,23,24,34,45,69,70,74,77,79"
733,17:53,6,6,일산,1,78
733,17:53,7,7,판교,4,"3,7,42,44"
734,17:54,1,1,서울역,2,"48,53"
734,17:54,10,10,인천공항,6,"26,27,29,41,46,63"
734,17:54,2,2,수서,6,"0,5,43,62,66,72"
734,17:54,3,3,삼성,7,"12,21,25,28,30,36,67"
734,17:54,4,4,여의도,11,"14,16,32,37,38,39,40,49,57,73,75"
734,17:54,5,5,김포공항,10,"18,23,24,34,45,69,70,74,77,79"
734,17:54,6,6,일산,1,78
734,17:54,7,7,판교,4,"3,7,42,44"
735,17:55,1,1,서울역,2,"48,53"
735,17:55,10,10,인천공항,6,"26,27,29,41,46,63"
735,17:55,2,2,수서,6,"0,5,43,62,66,72"
735,17:55,3,3,삼성,4,"21,25,36,67"
735,17:55,4,4,여의도,14,"6,9,14,16,20,32,37,38,39,40,49,57,73,75"
735,17:55,5,5,김포공항,10,"18,23,24,34,45,69,70,74,77,79"
735,17:55,6,6,일산,1,78
735,17:55,7,7,판교,3,"3,15,42"
736,17:56,1,1,서울역,2,"48,53"
736,17:56,10,10,인천공항,6,"26,27,29,41,46,63"
736,17:56,2,2,수서,8,"0,5,10,43,62,66,72,76"
736,17:56,3,3,삼성,6,"1,21,25,36,55,67"
736,17:56,4,4,여의도,14,"2,6,9,14,20,32,37,38,39,40,49,57,73,75"
736,17:56,5,5,김포공항,10,"18,23,24,34,45,69,70,74,77,79"
736,17:56,6,6,일산,1,78
736,17:56,7,7,판교,4,"3,11,15,42"
737,17:57,1,1,서울역,2,"48,53"
737,17:57,10,10,인천공항,6,"26,27,29,41,46,63"
737,17:57,2,2,수서,5,"5,10,13,72,76"
737,17:57,3,3,삼성,5,"1,21,25,55,67"
737,17:57,4,4,여의도,12,"2,6,9,14,20,38,39,40,49,57,73,75"
737,17:57,5,5,김포공항,9,"18,23,34,45,69,70,74,77,79"
737,17:57,7,7,판교,4,"3,11,15,42"
738,17:58,1,1,서울역,2,"48,53"
738,17:58,10,10,인천공항,7,"26,27,29,35,41,46,63"
738,17:58,2,2,수서,6,"5,10,13,50,72,76"
738,17:58,3,3,삼성,6,"1,21,25,55,56,58"
738,17:58,4,4,여의도,15,"2,6,9,14,20,22,33,38,39,40,49,52,57,73,75"
738,17:58,5,5,김포공항,9,"18,23,34,45,69,70,74,77,79"
738,17:58,6,6,일산,1,51
738,17:58,7,7,판교,4,"3,11,15,42"
739,17:59,1,1,서울역,2,"47,53"
739,17:59,10,10,인천공항,7,"26,27,29,35,41,46,63"
739,17:59,2,2,수서,6,"5,10,13,50,72,76"
739,17:59,3,3,삼성,8,"1,21,25,55,56,58,59,65"
739,17:59,4,4,여의도,15,"2,6,9,14,20,22,33,38,39,40,49,52,57,73,75"
739,17:59,5,5,김포공항,10,"18,23,34,45,60,69,70,74,77,79"
739,17:59,6,6,일산,1,51
739,17:59,7,7,판교,5,"3,11,15,42,68"
740,18:00,1,1,서울역,2,"47,53"
740,18:00,10,10,인천공항,4,"26,27,29,35"
740,18:00,2,2,수서,6,"5,10,13,50,72,76"
740,18:00,3,3,삼성,8,"1,21,25,55,56,58,59,65"
740,18:00,4,4,여의도,15,"2,6,8,9,14,20,22,33,39,40,49,52,57,73,75"
740,18:00,5,5,김포공항,3,"34,54,60"
740,18:00,6,6,일산,1,51
740,18:00,7,7,판교,5,"3,11,15,42,68"
741,18:01,1,1,서울역,3,"12,30,47"
741,18:01,10,10,인천공항,4,"26,27,29,35"
741,18:01,2,2,수서,5,"10,13,50,72,76"
741,18:01,3,3,삼성,8,"1,21,25,31,55,56,59,65"
741,18:01,4,4,여의도,14,"2,6,8,14,20,22,33,39,40,49,52,57,73,75"
741,18:01,5,5,김포공항,3,"34,54,60"
741,18:01,6,6,일산,1,51
741,18:01,7,7,판교,4,"3,11,42,68"
742,18:02,1,1,서울역,3,"12,30,47"
742,18:02,10,10,인천공항,4,"26,27,29,35"
742,18:02,2,2,수서,5,"10,13,50,72,76"
742,18:02,3,3,삼성,7,"1,21,25,31,56,59,65"
742,18:02,4,4,여의도,12,"2,6,7,8,20,22,33,39,49,52,57,73"
742,18:02,5,5,김포공항,4,"17,54,60,64"
742,18:02,6,6,일산,1,51
742,18:02,7,7,판교,3,"3,11,68"
743,18:03,1,1,서울역,4,"12,30,36,47"
743,18:03,10,10,인천공항,3,"27,29,35"
743,18:03,2,2,수서,4,"10,32,50,76"
743,18:03,3,3,삼성,7,"1,21,25,31,56,59,65"
743,18:03,4,4,여의도,14,"0,2,6,7,8,20,22,33,43,49,52,62,66,73"
743,18:03,5,5,김포공항,4,"17,54,60,64"
743,18:03,6,6,일산,2,"51,71"
743,18:03,7,7,판교,4,"3,11,16,68"
744,18:04,1,1,서울역,4,"12,30,36,47"
744,18:04,10,10,인천공항,2,"19,27"
744,18:04,2,2,수서,4,"10,32,50,76"
744,18:04,3,3,삼성,6,"1,21,25,31,59,65"
744,18:04,4,4,여의도,11,"0,2,6,7,8,20,43,49,62,66,73"
744,18:04,5,5,김포공항,4,"17,54,60,64"
744,18:04,6,6,일산,1,71
744,18:04,7,7,판교,5,"3,11,16,37,68"
745,18:05,1,1,서울역,4,"12,30,36,47"
745,18:05,10,10,인천공항,2,"19,27"
745,18:05,2,2,수서,4,"10,24,32,50"
745,18:05,3,3,삼성,5,"21,25,31,59,65"
745,18:05,4,4,여의도,12,"0,2,6,7,8,20,43,49,61,62,66,73"
745,18:05,5,5,김포공항,3,"17,54,64"
745,18:05,6,6,일산,1,71
745,18:05,7,7,판교,4,"3,11,16,37"
746,18:06,1,1,서울역,4,"12,30,36,47"
746,18:06,10,10,인천공항,1,19
746,18:06,2,2,수서,4,"10,24,32,50"
746,18:06,3,3,삼성,4,"21,31,59,65"
746,18:06,4,4,여의도,12,"0,2,6,7,8,18,20,23,45,49,61,62"
746,18:06,5,5,김포공항,3,"17,64,67"
746,18:06,6,6,일산,1,71
746,18:06,7,7,판교,4,"3,11,16,37"
747,18:07,1,1,서울역,4,"12,30,36,47"
747,18:07,10,10,인천공항,1,19
747,18:07,2,2,수서,4,"9,10,24,32"
747,18:07,3,3,삼성,4,"21,31,59,65"
747,18:07,4,4,여의도,10,"0,2,5,7,8,18,23,45,61,62"
747,18:07,5,5,김포공항,3,"17,64,67"
747,18:07,6,6,일산,2,"44,71"
747,18:07,7,7,판교,4,"11,16,37,38"
748,18:08,1,1,서울역,5,"12,30,36,70,79"
748,18:08,10,10,인천공항,1,19
748,18:08,2,2,수서,5,"9,10,24,32,75"
748,18:08,3,3,삼성,6,"4,21,31,69,74,77"
748,18:08,4,4,여의도,10,"0,5,7,8,15,18,23,45,61,62"
748,18:08,5,5,김포공항,2,"17,67"
748,18:08,6,6,일산,3,"44,53,71"
748,18:08,7,7,판교,4,"11,16,37,38"
749,18:09,1,1,서울역,5,"12,30,36,70,79"
749,18:09,10,10,인천공항,1,19
749,18:09,2,2,수서,6,"9,10,24,32,39,75"
749,18:09,3,3,삼성,5,"4,31,69,74,77"
749,18:09,4,4,여의도,9,"0,5,7,15,42,55,61,62,72"
749,18:09,5,5,김포공항,3,"17,58,67"
749,18:09,6,6,일산,2,"44,53"
749,18:09,7,7,판교,7,"11,14,16,37,38,40,78"
750,18:10,1,1,서울역,7,"13,30,34,36,66,70,79"
750,18:10,10,10,인천공항,2,"19,28"
750,18:10,2,2,수서,7,"9,10,24,32,39,52,75"
750,18:10,3,3,삼성,6,"4,31,57,69,74,77"
750,18:10,4,4,여의도,9,"0,5,7,15,42,55,61,62,72"
750,18:10,5,5,김포공항,3,"17,58,67"
750,18:10,6,6,일산,2,"44,53"
750,18:10,7,7,판교,7,"11,14,16,37,38,40,78"
751,18:11,1,1,서울역,6,"13,30,34,36,66,70"
751,18:11,10,10,인천공항,2,"19,28"
751,18:11,2,2,수서,7,"9,10,24,32,39,52,75"
751,18:11,3,3,삼성,5,"4,22,31,57,77"
751,18:11,4,4,여의도,11,"0,5,7,15,42,55,56,61,62,72,76"
751,18:11,5,5,김포공항,3,"17,58,67"
751,18:11,6,6,일산,1,44
751,18:11,7,7,판교,7,"11,14,16,33,38,40,78"
752,18:12,1,1,서울역,7,"13,30,34,36,66,68,70"
752,18:12,10,10,인천공항,3,"19,28,48"
752,18:12,2,2,수서,8,"9,10,24,32,39,43,52,75"
752,18:12,3,3,삼성,5,"4,22,31,57,77"
752,18:12,4,4,여의도,10,"5,7,15,42,55,56,61,62,72,76"
752,18:12,5,5,김포공항,3,"17,58,67"
752,18:12,6,6,일산,1,44
752,18:12,7,7,판교,7,"11,14,16,33,38,40,78"
753,18:13,1,1,서울역,10,"13,34,36,41,45,46,63,66,68,70"
753,18:13,10,10,인천공항,3,"19,28,48"
753,18:13,2,2,수서,8,"9,10,24,32,39,43,60,75"
753,18:13,3,3,삼성,4,"4,22,57,77"
753,18:13,4,4,여의도,12,"5,7,15,25,42,50,55,56,61,62,72,76"
753,18:13,5,5,김포공항,4,"1,17,58,67"
753,18:13,6,6,일산,1,44
753,18:13,7,7,판교,7,"11,14,16,33,40,73,78"
754,18:14,1,1,서울역,11,"13,34,36,41,45,46,59,63,66,68,70"
754,18:14,10,10,인천공항,3,"19,28,48"
754,18:14,2,2,수서,10,"2,9,10,24,32,39,43,54,60,75"
754,18:14,3,3,삼성,6,"4,6,20,22,47,57"
754,18:14,4,4,여의도,12,"5,7,15,25,42,50,55,56,61,62,72,76"
754,18:14,5,5,김포공항,4,"1,17,58,67"
754,18:14,6,6,일산,1,44
754,18:14,7,7,판교,8,"11,14,16,33,40,49,73,78"
755,18:15,1,1,서울역,10,"13,34,36,41,45,46,59,63,66,68"
755,18:15,10,10,인천공항,3,"19,28,48"
755,18:15,2,2,수서,13,"2,8,9,10,18,23,24,32,39,51,54,60,75"
755,18:15,3,3,삼성,6,"4,6,20,22,47,57"
755,18:15,4,4,여의도,11,"5,7,15,25,26,42,50,56,61,65,76"
755,18:15,5,5,김포공항,4,"1,17,58,67"
755,18:15,6,6,일산,1,44
755,18:15,7,7,판교,7,"11,14,33,40,49,73,78"
756,18:16,1,1,서울역,6,"36,59,64,66,68,71"
756,18:16,10,10,인천공항,3,"19,28,48"
756,18:16,2,2,수서,10,"2,8,18,23,24,32,39,51,54,75"
756,18:16,3,3,삼성,6,"4,6,20,22,47,57"
756,18:16,4,4,여의도,13,"5,7,15,21,25,26,29,42,50,56,61,65,76"
756,18:16,5,5,김포공항,4,"1,17,58,67"
756,18:16,6,6,일산,1,44
756,18:16,7,7,판교,7,"11,14,33,40,49,73,78"
757,18:17,1,1,서울역,8,"35,36,59,64,66,68,69,71"
757,18:17,10,10,인천공항,3,"19,28,48"
757,18:17,2,2,수서,9,"2,8,18,23,24,32,39,51,75"
757,18:17,3,3,삼성,4,"6,20,47,57"
757,18:17,4,4,여의도,11,"5,21,25,26,29,30,42,50,61,65,76"
757,18:17,5,5,김포공항,4,"1,17,58,67"
757,18:17,6,6,일산,2,"12,44"
757,18:17,7,7,판교,7,"11,14,33,40,49,73,78"
758,18:18,1,1,서울역,7,"35,59,64,66,68,69,71"
758,18:18,10,10,인천공항,3,"19,28,48"
758,18:18,2,2,수서,7,"2,18,23,24,32,51,75"
758,18:18,3,3,삼성,4,"6,20,47,57"
758,18:18,4,4,여의도,12,"5,21,25,26,29,30,42,50,61,65,74,76"
758,18:18,5,5,김포공항,5,"1,17,53,58,67"
758,18:18,6,6,일산,2,"12,44"
758,18:18,7,7,판교,7,"11,14,33,40,49,73,78"
758,18:18,8,8,동탄/용인,1,37
759,18:19,1,1,서울역,6,"35,59,66,68,69,71"
759,18:19,10,10,인천공항,3,"19,28,48"
759,18:19,2,2,수서,7,"2,18,23,24,32,51,75"
759,18:19,3,3,삼성,5,"0,6,20,47,57"
759,18:19,4,4,여의도,11,"21,25,26,30,42,50,52,61,65,74,76"
759,18:19,5,5,김포공항,6,"1,17,53,58,67,79"
759,18:19,6,6,일산,3,"3,12,44"
759,18:19,7,7,판교,7,"11,14,33,40,49,73,78"
759,18:19,8,8,동탄/용인,1,37
760,18:20,1,1,서울역,5,"35,66,68,69,71"
760,18:20,10,10,인천공항,1,19
760,18:20,2,2,수서,4,"18,23,32,51"
760,18:20,3,3,삼성,5,"0,6,20,38,47"
760,18:20,4,4,여의도,9,"21,25,26,31,42,52,65,74,76"
760,18:20,5,5,김포공항,4,"1,53,67,79"
760,18:20,6,6,일산,3,"3,12,44"
760,18:20,7,7,판교,5,"14,33,40,49,78"
760,18:20,8,8,동탄/용인,1,37
761,18:21,1,1,서울역,4,"35,66,69,71"
761,18:21,10,10,인천공항,1,19
761,18:21,2,2,수서,4,"32,51,55,72"
761,18:21,3,3,삼성,7,"0,6,20,27,38,47,70"
761,18:21,4,4,여의도,11,"21,25,26,31,42,43,52,65,74,76,77"
761,18:21,5,5,김포공항,2,"1,79"
761,18:21,6,6,일산,3,"3,12,44"
761,18:21,7,7,판교,5,"14,33,40,49,78"
761,18:21,8,8,동탄/용인,1,37
762,18:22,1,1,서울역,2,"35,69"
762,18:22,10,10,인천공항,1,19
762,18:22,2,2,수서,4,"32,51,55,72"
762,18:22,3,3,삼성,9,"0,6,13,20,27,38,45,47,70"
762,18:22,4,4,여의도,10,"21,26,31,42,43,52,65,74,76,77"
762,18:22,5,5,김포공항,1,1
762,18:22,6,6,일산,4,"3,12,44,62"
762,18:22,7,7,판교,4,"33,40,49,78"
762,18:22,8,8,동탄/용인,1,37
763,18:23,1,1,서울역,3,"9,35,60"
763,18:23,10,10,인천공항,1,19
763,18:23,2,2,수서,7,"32,41,46,51,55,57,72"
763,18:23,3,3,삼성,8,"0,6,13,20,27,45,47,70"
763,18:23,4,4,여의도,8,"21,26,31,43,52,74,76,77"
763,18:23,5,5,김포공항,1,1
763,18:23,6,6,일산,4,"3,12,44,62"
763,18:23,7,7,판교,6,"33,34,40,49,63,78"
763,18:23,8,8,동탄/용인,1,37
764,18:24,1,1,서울역,5,"9,35,50,54,60"
764,18:24,10,10,인천공항,1,19
764,18:24,2,2,수서,6,"32,41,46,55,57,72"
764,18:24,3,3,삼성,10,"0,6,7,13,20,27,45,47,56,70"
764,18:24,4,4,여의도,8,"4,21,26,31,39,52,76,77"
764,18:24,5,5,김포공항,2,"1,10"
764,18:24,6,6,일산,4,"3,12,44,62"
764,18:24,7,7,판교,8,"8,15,33,34,40,49,63,78"
764,18:24,8,8,동탄/용인,1,37
765,18:25,1,1,서울역,4,"9,50,54,60"
765,18:25,10,10,인천공항,1,19
765,18:25,2,2,수서,6,"32,41,46,55,57,72"
765,18:25,3,3,삼성,7,"6,7,27,45,47,56,70"
765,18:25,4,4,여의도,7,"4,26,31,39,52,76,77"
765,18:25,5,5,김포공항,3,"1,10,22"
765,18:25,6,6,일산,2,"3,12"
765,18:25,7,7,판교,8,"8,15,33,34,36,49,63,78"
765,18:25,8,8,동탄/용인,1,37
766,18:26,1,1,서울역,4,"9,50,54,60"
766,18:26,10,10,인천공항,1,19
766,18:26,2,2,수서,7,"32,38,41,46,55,61,72"
766,18:26,3,3,삼성,9,"5,6,7,27,45,47,56,59,70"
766,18:26,4,4,여의도,9,"2,4,17,26,31,39,58,76,77"
766,18:26,5,5,김포공항,2,"10,22"
766,18:26,6,6,일산,1,3
766,18:26,7,7,판교,9,"8,15,29,33,34,36,49,63,78"
766,18:26,8,8,동탄/용인,1,37
767,18:27,1,1,서울역,5,"9,54,60,73,75"
767,18:27,10,10,인천공항,1,19
767,18:27,2,2,수서,6,"32,38,41,46,55,61"
767,18:27,3,3,삼성,10,"5,6,7,27,30,45,47,59,68,70"
767,18:27,4,4,여의도,10,"2,4,17,26,31,39,53,58,67,76"
767,18:27,5,5,김포공항,3,"10,22,64"
767,18:27,6,6,일산,2,"3,16"
767,18:27,7,7,판교,9,"8,15,29,33,34,36,49,63,78"
767,18:27,8,8,동탄/용인,1,37
768,18:28,1,1,서울역,6,"9,18,54,60,73,75"
768,18:28,10,10,인천공항,1,19
768,18:28,2,2,수서,6,"25,38,41,46,55,61"
768,18:28,3,3,삼성,8,"5,7,27,30,47,59,68,71"
768,18:28,4,4,여의도,11,"2,4,17,26,31,39,53,58,67,76,79"
768,18:28,5,5,김포공항,3,"10,24,64"
768,18:28,6,6,일산,2,"3,16"
768,18:28,7,7,판교,9,"8,15,29,33,34,36,49,63,78"
768,18:28,8,8,동탄/용인,1,37
769,18:29,1,1,서울역,5,"9,18,54,73,75"
769,18:29,10,10,인천공항,1,19
769,18:29,2,2,수서,4,"25,41,55,61"
769,18:29,3,3,삼성,9,"5,7,27,30,47,59,68,69,71"
769,18:29,4,4,여의도,9,"4,26,31,39,53,58,67,76,79"
769,18:29,5,5,김포공항,4,"10,23,24,64"
769,18:29,6,6,일산,2,"3,16"
769,18:29,7,7,판교,8,"8,15,33,36,49,63,66,78"
769,18:29,8,8,동탄/용인,2,"14,37"
770,18:30,1,1,서울역,4,"9,18,54,75"
770,18:30,10,10,인천공항,1,19
770,18:30,2,2,수서,4,"25,41,43,61"
770,18:30,3,3,삼성,11,"5,7,27,30,42,47,59,65,68,69,71"
770,18:30,4,4,여의도,8,"4,26,31,39,58,67,76,79"
770,18:30,5,5,김포공항,2,"23,24"
770,18:30,6,6,일산,2,"3,16"
770,18:30,7,7,판교,7,"15,33,36,49,63,66,78"
770,18:30,8,8,동탄/용인,1,14
771,18:31,1,1,서울역,6,"0,9,13,18,54,75"
771,18:31,10,10,인천공항,1,19
771,18:31,2,2,수서,6,"25,41,43,45,61,70"
771,18:31,3,3,삼성,11,"5,7,27,30,42,47,59,65,68,69,71"
771,18:31,4,4,여의도,7,"4,31,39,58,67,76,79"
771,18:31,5,5,김포공항,2,"23,24"
771,18:31,6,6,일산,2,"3,16"
771,18:31,7,7,판교,7,"15,36,49,63,66,74,78"
771,18:31,8,8,동탄/용인,1,14
772,18:32,1,1,서울역,7,"0,9,13,18,54,62,75"
772,18:32,10,10,인천공항,1,19
772,18:32,2,2,수서,5,"25,43,45,61,70"
772,18:32,3,3,삼성,12,"5,7,21,27,30,40,42,47,59,65,68,71"
772,18:32,4,4,여의도,6,"4,20,31,39,67,79"
772,18:32,5,5,김포공항,2,"24,51"
772,18:32,6,6,일산,2,"3,16"
772,18:32,7,7,판교,6,"15,36,63,66,74,78"
772,18:32,8,8,동탄/용인,1,14
772,18:32,9,9,평택,1,11
773,18:33,1,1,서울역,12,"0,2,9,12,13,17,18,28,54,56,57,62"
773,18:33,10,10,인천공항,1,19
773,18:33,2,2,수서,4,"25,45,61,70"
773,18:33,3,3,삼성,10,"5,7,21,27,40,47,52,59,68,71"
773,18:33,4,4,여의도,7,"4,20,31,39,67,72,79"
773,18:33,5,5,김포공항,3,"24,35,51"
773,18:33,6,6,일산,2,"3,16"
773,18:33,7,7,판교,5,"36,63,66,74,78"
773,18:33,8,8,동탄/용인,1,14
773,18:33,9,9,평택,1,11
774,18:34,1,1,서울역,10,"2,9,12,17,18,28,54,56,57,62"
774,18:34,2,2,수서,5,"1,25,50,61,70"
774,18:34,3,3,삼성,9,"5,7,21,27,40,47,52,59,68"
774,18:34,4,4,여의도,7,"4,20,22,32,39,67,72"
774,18:34,5,5,김포공항,3,"24,35,51"
774,18:34,6,6,일산,3,"3,16,77"
774,18:34,7,7,판교,4,"63,66,74,78"
774,18:34,8,8,동탄/용인,1,14
774,18:34,9,9,평택,1,11
775,18:35,1,1,서울역,9,"2,9,12,17,18,28,54,56,57"
775,18:35,2,2,수서,5,"1,25,50,61,70"
775,18:35,3,3,삼성,7,"7,27,47,52,59,60,68"
775,18:35,4,4,여의도,8,"4,20,22,32,38,39,67,72"
775,18:35,5,5,김포공항,3,"24,35,51"
775,18:35,6,6,일산,3,"3,16,77"
775,18:35,7,7,판교,4,"63,66,74,78"
776,18:36,1,1,서울역,6,"9,12,18,28,54,57"
776,18:36,2,2,수서,9,"1,25,30,42,48,50,61,65,70"
776,18:36,3,3,삼성,6,"7,27,47,52,60,68"
776,18:36,4,4,여의도,10,"4,20,22,32,34,38,39,64,67,72"
776,18:36,5,5,김포공항,4,"6,24,35,51"
776,18:36,6,6,일산,2,"16,77"
776,18:36,7,7,판교,4,"63,66,74,78"
776,18:36,8,8,동탄/용인,1,29
777,18:37,1,1,서울역,6,"9,12,18,28,54,57"
777,18:37,2,2,수서,9,"25,30,42,48,50,61,65,70,71"
777,18:37,3,3,삼성,6,"27,47,52,53,60,68"
777,18:37,4,4,여의도,9,"4,8,20,34,38,39,64,67,72"
777,18:37,5,5,김포공항,5,"6,24,35,46,51"
777,18:37,6,6,일산,2,"16,77"
777,18:37,7,7,판교,4,"63,66,73,78"
777,18:37,8,8,동탄/용인,1,29
778,18:38,1,1,서울역,8,"9,10,12,18,28,54,57,69"
778,18:38,2,2,수서,12,"21,25,30,40,42,48,50,61,65,70,71,76"
778,18:38,3,3,삼성,6,"27,47,52,53,60,68"
778,18:38,4,4,여의도,9,"4,8,20,23,34,38,39,64,72"
778,18:38,5,5,김포공항,6,"6,24,35,46,51,55"
778,18:38,6,6,일산,2,"16,77"
778,18:38,7,7,판교,4,"63,66,73,78"
778,18:38,8,8,동탄/용인,1,29
779,18:39,1,1,서울역,6,"9,10,18,41,54,69"
779,18:39,2,2,수서,9,"21,25,40,48,50,65,70,71,76"
779,18:39,3,3,삼성,7,"27,47,52,53,58,60,68"
779,18:39,4,4,여의도,9,"4,8,20,23,38,39,43,49,72"
779,18:39,5,5,김포공항,6,"6,24,35,46,51,55"
779,18:39,6,6,일산,2,"16,77"
779,18:39,7,7,판교,4,"63,66,73,78"
779,18:39,8,8,동탄/용인,1,29
780,18:40,1,1,서울역,5,"10,18,41,54,69"
780,18:40,2,2,수서,9,"21,25,40,48,50,65,70,75,76"
780,18:40,3,3,삼성,7,"1,13,15,47,53,58,68"
780,18:40,4,4,여의도,9,"8,20,23,38,39,43,45,49,72"
780,18:40,5,5,김포공항,2,"6,55"
780,18:40,6,6,일산,1,16
780,18:40,7,7,판교,4,"63,66,73,78"
780,18:40,8,8,동탄/용인,1,29
781,18:41,1,1,서울역,7,"10,18,32,36,41,54,69"
781,18:41,2,2,수서,8,"0,25,48,50,65,70,75,76"
781,18:41,3,3,삼성,8,"1,13,15,31,47,53,58,68"
781,18:41,4,4,여의도,8,"8,20,23,38,43,45,49,72"
781,18:41,5,5,김포공항,2,"6,55"
781,18:41,6,6,일산,1,16
781,18:41,7,7,판교,4,"63,66,73,79"
781,18:41,8,8,동탄/용인,1,29
782,18:42,1,1,서울역,6,"10,32,36,41,54,69"
782,18:42,2,2,수서,6,"0,25,48,50,75,76"
782,18:42,3,3,삼성,10,"1,2,13,15,31,47,53,56,58,68"
782,18:42,4,4,여의도,9,"5,8,20,23,38,43,45,49,72"
782,18:42,5,5,김포공항,2,"6,55"
782,18:42,6,6,일산,1,62
782,18:42,7,7,판교,4,"63,66,73,79"
782,18:42,8,8,동탄/용인,1,29
783,18:43,1,1,서울역,5,"10,32,36,41,69"
783,18:43,2,2,수서,8,"0,25,27,48,50,52,75,76"
783,18:43,3,3,삼성,7,"1,2,31,47,56,58,68"
783,18:43,4,4,여의도,8,"5,8,20,23,38,43,45,49"
783,18:43,5,5,김포공항,2,"6,55"
783,18:43,6,6,일산,3,"17,33,62"
783,18:43,7,7,판교,4,"63,66,73,79"
783,18:43,8,8,동탄/용인,1,29
784,18:44,1,1,서울역,4,"32,36,41,69"
784,18:44,2,2,수서,8,"0,25,27,48,50,52,75,76"
784,18:44,3,3,삼성,7,"1,2,22,31,56,58,68"
784,18:44,4,4,여의도,9,"5,7,8,20,23,38,43,45,49"
784,18:44,5,5,김포공항,1,6
784,18:44,6,6,일산,3,"17,33,62"
784,18:44,7,7,판교,4,"63,66,73,79"
784,18:44,8,8,동탄/용인,1,29
785,18:45,1,1,서울역,4,"32,36,41,69"
785,18:45,2,2,수서,7,"0,25,27,50,52,75,76"
785,18:45,3,3,삼성,6,"1,2,22,31,67,68"
785,18:45,4,4,여의도,10,"5,7,8,20,23,30,38,42,43,45"
785,18:45,5,5,김포공항,1,6
785,18:45,6,6,일산,2,"17,33"
785,18:45,7,7,판교,3,"66,73,79"
785,18:45,8,8,동탄/용인,1,29
785,18:45,9,9,평택,1,44
786,18:46,1,1,서울역,5,"32,36,41,60,69"
786,18:46,2,2,수서,8,"0,4,12,27,50,57,75,76"
786,18:46,3,3,삼성,9,"1,2,9,22,31,34,64,67,68"
786,18:46,4,4,여의도,15,"5,7,8,19,20,23,24,30,35,38,42,43,45,46,51"
786,18:46,5,5,김포공항,1,6
786,18:46,6,6,일산,1,17
786,18:46,7,7,판교,4,"28,66,73,79"
786,18:46,8,8,동탄/용인,2,"29,59"
786,18:46,9,9,평택,2,"26,44"
787,18:47,1,1,서울역,5,"36,41,60,69,77"
787,18:47,2,2,수서,7,"0,4,12,27,50,57,75"
787,18:47,3,3,삼성,8,"1,2,9,31,34,64,67,68"
787,18:47,4,4,여의도,14,"5,7,19,20,23,24,30,35,40,42,43,45,46,51"
787,18:47,5,5,김포공항,1,61
787,18:47,6,6,일산,2,"17,37"
787,18:47,7,7,판교,3,"28,73,79"
787,18:47,8,8,동탄/용인,2,"29,59"
787,18:47,9,9,평택,2,"26,44"
788,18:48,1,1,서울역,5,"36,41,60,69,77"
788,18:48,2,2,수서,7,"0,4,12,27,50,57,75"
788,18:48,3,3,삼성,10,"1,2,9,18,31,34,39,64,67,68"
788,18:48,4,4,여의도,13,"5,7,19,20,23,24,30,35,40,43,45,46,51"
788,18:48,5,5,김포공항,1,61
788,18:48,6,6,일산,2,"17,37"
788,18:48,7,7,판교,3,"28,73,79"
788,18:48,8,8,동탄/용인,2,"29,59"
788,18:48,9,9,평택,2,"26,44"
789,18:49,1,1,서울역,9,"13,15,16,36,41,53,60,70,77"
789,18:49,2,2,수서,6,"0,12,50,57,72,75"
789,18:49,3,3,삼성,10,"2,9,18,31,34,39,54,64,67,68"
789,18:49,4,4,여의도,10,"5,7,19,23,30,35,40,43,45,51"
789,18:49,5,5,김포공항,2,"21,61"
789,18:49,6,6,일산,2,"37,74"
789,18:49,7,7,판교,3,"28,73,79"
789,18:49,8,8,동탄/용인,2,"29,59"
789,18:49,9,9,평택,2,"26,44"
790,18:50,1,1,서울역,8,"13,15,16,36,41,53,60,70"
790,18:50,2,2,수서,6,"12,22,50,57,72,75"
790,18:50,3,3,삼성,9,"2,9,18,34,39,54,64,67,68"
790,18:50,4,4,여의도,10,"5,7,11,19,30,35,43,45,51,55"
790,18:50,5,5,김포공항,3,"21,61,65"
790,18:50,6,6,일산,1,74
790,18:50,7,7,판교,3,"28,73,79"
790,18:50,8,8,동탄/용인,2,"29,59"
790,18:50,9,9,평택,2,"26,44"
791,18:51,1,1,서울역,10,"13,15,16,36,41,53,56,58,60,70"
791,18:51,2,2,수서,5,"12,22,57,72,75"
791,18:51,3,3,삼성,6,"9,18,34,39,54,64"
791,18:51,4,4,여의도,10,"5,7,11,19,30,35,43,45,51,55"
791,18:51,5,5,김포공항,4,"21,61,65,78"
791,18:51,6,6,일산,2,"71,74"
791,18:51,7,7,판교,3,"28,73,79"
791,18:51,8,8,동탄/용인,2,"29,59"
791,18:51,9,9,평택,2,"26,44"
792,18:52,1,1,서울역,9,"15,16,36,41,42,48,56,58,62"
792,18:52,2,2,수서,5,"12,22,57,72,75"
792,18:52,3,3,삼성,6,"4,9,18,39,63,64"
792,18:52,4,4,여의도,7,"5,7,11,30,43,45,55"
792,18:52,5,5,김포공항,5,"10,47,61,65,78"
792,18:52,6,6,일산,2,"14,71"
792,18:52,7,7,판교,4,"28,49,73,79"
792,18:52,8,8,동탄/용인,2,"29,59"
792,18:52,9,9,평택,1,44
793,18:53,1,1,서울역,10,"15,16,33,41,42,48,52,56,58,62"
793,18:53,2,2,수서,7,"8,12,22,31,57,72,75"
793,18:53,3,3,삼성,6,"4,9,18,39,63,64"
793,18:53,4,4,여의도,8,"5,6,7,11,30,43,55,76"
793,18:53,5,5,김포공항,5,"10,47,61,65,78"
793,18:53,6,6,일산,2,"14,71"
793,18:53,7,7,판교,4,"28,49,73,79"
793,18:53,8,8,동탄/용인,1,29
793,18:53,9,9,평택,1,44
794,18:54,1,1,서울역,10,"15,16,33,40,41,42,48,52,58,62"
794,18:54,2,2,수서,7,"8,12,22,31,57,72,75"
794,18:54,3,3,삼성,7,"4,9,38,39,63,64,66"
794,18:54,4,4,여의도,8,"5,6,7,11,30,43,55,76"
794,18:54,5,5,김포공항,5,"10,25,47,61,65"
794,18:54,6,6,일산,2,"14,71"
794,18:54,7,7,판교,5,"28,32,49,73,79"
794,18:54,8,8,동탄/용인,1,29
794,18:54,9,9,평택,1,44
795,18:55,1,1,서울역,7,"33,40,41,42,48,52,58"
795,18:55,2,2,수서,4,"8,22,31,34"
795,18:55,3,3,삼성,6,"4,9,38,39,64,66"
795,18:55,4,4,여의도,8,"6,7,11,27,30,43,55,76"
795,18:55,5,5,김포공항,5,"10,25,47,61,65"
795,18:55,6,6,일산,2,"14,71"
795,18:55,7,7,판교,4,"32,49,73,79"
795,18:55,8,8,동탄/용인,1,29
795,18:55,9,9,평택,1,44
796,18:56,1,1,서울역,7,"19,40,41,42,48,52,58"
796,18:56,2,2,수서,2,"8,34"
796,18:56,3,3,삼성,8,"4,9,20,24,38,39,64,66"
796,18:56,4,4,여의도,8,"1,6,11,27,43,55,70,76"
796,18:56,5,5,김포공항,5,"10,25,47,61,65"
796,18:56,6,6,일산,2,"14,71"
796,18:56,7,7,판교,5,"32,46,49,73,79"
796,18:56,8,8,동탄/용인,1,29
796,18:56,9,9,평택,2,"3,44"
797,18:57,1,1,서울역,6,"19,41,42,48,52,67"
797,18:57,2,2,수서,2,"8,34"
797,18:57,3,3,삼성,8,"4,9,20,23,24,39,64,66"
797,18:57,4,4,여의도,8,"1,6,11,27,43,55,70,76"
797,18:57,5,5,김포공항,5,"10,25,47,61,65"
797,18:57,6,6,일산,2,"14,71"
797,18:57,7,7,판교,5,"32,46,49,73,77"
797,18:57,8,8,동탄/용인,1,29
797,18:57,9,9,평택,1,3
798,18:58,1,1,서울역,7,"19,41,48,50,52,54,67"
798,18:58,2,2,수서,3,"8,34,63"
798,18:58,3,3,삼성,9,"9,13,20,23,24,39,60,64,66"
798,18:58,4,4,여의도,9,"1,6,11,21,43,55,68,70,76"
798,18:58,5,5,김포공항,6,"0,10,25,47,61,65"
798,18:58,6,6,일산,2,"14,71"
798,18:58,7,7,판교,4,"32,46,73,77"
798,18:58,8,8,동탄/용인,1,29
798,18:58,9,9,평택,1,3
799,18:59,1,1,서울역,6,"19,48,50,54,67,74"
799,18:59,2,2,수서,4,"8,34,45,63"
799,18:59,3,3,삼성,11,"9,13,20,23,24,35,36,39,60,64,66"
799,18:59,4,4,여의도,6,"1,21,43,68,70,76"
799,18:59,5,5,김포공항,7,"0,2,10,25,47,61,65"
799,18:59,6,6,일산,3,"14,53,71"
799,18:59,7,7,판교,4,"32,46,51,77"
799,18:59,8,8,동탄/용인,1,29
799,18:59,9,9,평택,1,3
800,19:00,1,1,서울역,5,"19,48,50,54,74"
800,19:00,2,2,수서,4,"8,34,45,63"
800,19:00,3,3,삼성,5,"13,35,36,60,64"
800,19:00,4,4,여의도,5,"1,21,68,70,76"
800,19:00,5,5,김포공항,2,"0,2"
800,19:00,6,6,일산,1,53
800,19:00,7,7,판교,1,51
800,19:00,8,8,동탄/용인,1,29
800,19:00,9,9,평택,1,3
801,19:01,1,1,서울역,5,"19,48,50,54,74"
801,19:01,2,2,수서,3,"8,45,63"
801,19:01,3,3,삼성,6,"13,15,16,35,36,64"
801,19:01,4,4,여의도,6,"1,21,68,70,72,76"
801,19:01,5,5,김포공항,2,"0,2"
801,19:01,6,6,일산,2,"53,56"
801,19:01,7,7,판교,1,51
801,19:01,8,8,동탄/용인,2,"29,69"
801,19:01,9,9,평택,1,3
802,19:02,1,1,서울역,6,"27,48,50,54,57,74"
802,19:02,2,2,수서,5,"7,8,45,62,63"
802,19:02,3,3,삼성,8,"5,13,15,16,28,35,36,64"
802,19:02,4,4,여의도,6,"1,21,22,68,72,76"
802,19:02,5,5,김포공항,2,"0,2"
802,19:02,6,6,일산,2,"53,56"
802,19:02,7,7,판교,1,51
802,19:02,8,8,동탄/용인,2,"29,69"
803,19:03,1,1,서울역,7,"27,31,48,50,54,57,74"
803,19:03,2,2,수서,7,"7,8,24,39,45,62,63"
803,19:03,3,3,삼성,10,"5,13,15,16,28,30,35,36,58,64"
803,19:03,4,4,여의도,6,"1,21,22,68,72,76"
803,19:03,5,5,김포공항,4,"0,2,12,75"
803,19:03,6,6,일산,2,"53,56"
803,19:03,7,7,판교,2,"33,51"
803,19:03,8,8,동탄/용인,1,69
804,19:04,1,1,서울역,7,"27,31,48,50,54,57,74"
804,19:04,2,2,수서,8,"7,8,24,39,45,60,62,63"
804,19:04,3,3,삼성,8,"5,13,28,30,35,36,58,64"
804,19:04,4,4,여의도,4,"1,22,72,76"
804,19:04,5,5,김포공항,3,"2,12,75"
804,19:04,6,6,일산,1,53
804,19:04,7,7,판교,2,"33,51"
805,19:05,1,1,서울역,4,"27,31,50,54"
805,19:05,2,2,수서,8,"6,7,24,39,42,45,60,62"
805,19:05,3,3,삼성,6,"5,30,35,41,58,64"
805,19:05,4,4,여의도,3,"49,72,76"
805,19:05,5,5,김포공항,3,"12,40,75"
805,19:05,7,7,판교,1,33
806,19:06,1,1,서울역,6,"20,23,27,31,50,66"
806,19:06,2,2,수서,6,"6,7,42,45,60,62"
806,19:06,3,3,삼성,5,"5,11,35,41,58"
806,19:06,4,4,여의도,8,"10,25,47,49,61,65,72,73"
806,19:06,5,5,김포공항,3,"4,40,75"
806,19:06,6,6,일산,1,52
806,19:06,7,7,판교,1,55
806,19:06,8,8,동탄/용인,1,17
807,19:07,1,1,서울역,8,"14,20,23,27,31,46,66,71"
807,19:07,2,2,수서,8,"6,7,15,16,42,45,60,62"
807,19:07,3,3,삼성,5,"5,11,35,41,58"
807,19:07,4,4,여의도,9,"9,10,25,26,47,49,61,65,73"
807,19:07,5,5,김포공항,3,"4,40,75"
807,19:07,6,6,일산,1,52
807,19:07,7,7,판교,2,"55,67"
807,19:07,8,8,동탄/용인,3,"17,37,77"
808,19:08,1,1,서울역,7,"14,20,23,31,46,66,71"
808,19:08,2,2,수서,4,"15,16,42,60"
808,19:08,3,3,삼성,3,"11,41,58"
808,19:08,4,4,여의도,8,"9,10,25,26,47,61,65,73"
808,19:08,5,5,김포공항,2,"4,75"
808,19:08,6,6,일산,1,52
808,19:08,7,7,판교,2,"55,67"
808,19:08,8,8,동탄/용인,3,"17,37,77"
809,19:09,1,1,서울역,4,"14,22,46,71"
809,19:09,2,2,수서,4,"15,16,42,60"
809,19:09,3,3,삼성,1,41
809,19:09,4,4,여의도,2,"9,26"
809,19:09,5,5,김포공항,2,"4,34"
809,19:09,6,6,일산,1,79
809,19:09,7,7,판교,3,"19,67,70"
809,19:09,8,8,동탄/용인,3,"17,37,77"
809,19:09,9,9,평택,1,18
810,19:10,1,1,서울역,1,22
810,19:10,2,2,수서,2,"21,42"
810,19:10,3,3,삼성,1,41
810,19:10,4,4,여의도,1,9
810,19:10,5,5,김포공항,2,"4,34"
810,19:10,6,6,일산,2,"59,79"
810,19:10,7,7,판교,2,"19,70"
810,19:10,8,8,동탄/용인,3,"17,37,77"
810,19:10,9,9,평택,1,18
811,19:11,1,1,서울역,1,22
811,19:11,2,2,수서,3,"1,21,51"
811,19:11,3,3,삼성,2,"6,48"
811,19:11,4,4,여의도,2,"8,9"
811,19:11,5,5,김포공항,2,"4,34"
811,19:11,6,6,일산,2,"59,79"
811,19:11,7,7,판교,2,"19,70"
811,19:11,8,8,동탄/용인,4,"17,37,43,77"
811,19:11,9,9,평택,2,"18,78"
812,19:12,1,1,서울역,1,0
812,19:12,2,2,수서,4,"1,11,21,51"
812,19:12,3,3,삼성,3,"6,48,54"
812,19:12,4,4,여의도,5,"8,9,13,44,53"
812,19:12,5,5,김포공항,2,"4,34"
812,19:12,6,6,일산,3,"32,59,79"
812,19:12,7,7,판교,2,"36,74"
812,19:12,8,8,동탄/용인,4,"17,37,43,77"
812,19:12,9,9,평택,3,"18,38,78"
813,19:13,1,1,서울역,1,0
813,19:13,2,2,수서,4,"1,11,21,51"
813,19:13,3,3,삼성,5,"2,6,48,50,54"
813,19:13,4,4,여의도,5,"8,13,33,44,53"
813,19:13,5,5,김포공항,4,"4,34,57,63"
813,19:13,6,6,일산,3,"12,32,79"
813,19:13,7,7,판교,3,"36,74,76"
813,19:13,8,8,동탄/용인,4,"17,37,43,77"
813,19:13,9,9,평택,3,"18,38,78"
814,19:14,1,1,서울역,1,0
814,19:14,2,2,수서,5,"1,11,21,41,51"
814,19:14,3,3,삼성,6,"2,6,42,50,54,72"
814,19:14,4,4,여의도,5,"8,13,33,44,53"
814,19:14,5,5,김포공항,7,"4,24,34,39,57,63,64"
814,19:14,6,6,일산,3,"12,32,79"
814,19:14,7,7,판교,3,"36,74,76"
814,19:14,8,8,동탄/용인,4,"17,37,43,77"
814,19:14,9,9,평택,3,"18,38,78"
815,19:15,1,1,서울역,2,"0,29"
815,19:15,2,2,수서,6,"1,11,21,41,51,61"
815,19:15,3,3,삼성,6,"2,6,31,42,50,72"
815,19:15,4,4,여의도,6,"8,13,33,35,44,53"
815,19:15,5,5,김포공항,7,"4,24,34,39,57,63,64"
815,19:15,6,6,일산,2,"12,79"
815,19:15,7,7,판교,3,"27,36,76"
815,19:15,8,8,동탄/용인,5,"17,37,43,68,77"
815,19:15,9,9,평택,3,"18,38,78"
816,19:16,1,1,서울역,3,"0,29,40"
816,19:16,2,2,수서,6,"1,11,21,41,51,61"
816,19:16,3,3,삼성,9,"2,6,14,31,42,46,55,71,72"
816,19:16,4,4,여의도,8,"8,13,16,33,35,44,53,60"
816,19:16,5,5,김포공항,7,"4,24,34,39,45,62,64"
816,19:16,6,6,일산,6,"10,25,65,73,75,79"
816,19:16,7,7,판교,8,"20,23,27,36,47,56,66,76"
816,19:16,8,8,동탄/용인,6,"17,30,37,43,68,77"
816,19:16,9,9,평택,3,"18,38,78"
817,19:17,1,1,서울역,3,"0,29,40"
817,19:17,2,2,수서,6,"1,11,21,41,51,61"
817,19:17,3,3,삼성,8,"2,14,31,42,46,55,71,72"
817,19:17,4,4,여의도,8,"3,13,16,33,35,44,53,60"
817,19:17,5,5,김포공항,6,"4,24,34,45,62,64"
817,19:17,6,6,일산,6,"10,25,65,73,75,79"
817,19:17,7,7,판교,9,"20,23,26,27,36,47,56,66,76"
817,19:17,8,8,동탄/용인,6,"17,30,37,67,68,77"
817,19:17,9,9,평택,3,"18,38,78"
818,19:18,1,1,서울역,2,"0,40"
818,19:18,2,2,수서,6,"1,11,21,41,51,61"
818,19:18,3,3,삼성,8,"2,14,22,42,46,55,71,72"
818,19:18,4,4,여의도,6,"3,13,16,33,53,60"
818,19:18,5,5,김포공항,6,"4,24,34,45,62,64"
818,19:18,6,6,일산,6,"5,10,25,65,73,75"
818,19:18,7,7,판교,8,"20,23,26,36,47,56,66,76"
818,19:18,8,8,동탄/용인,6,"7,17,30,37,67,77"
818,19:18,9,9,평택,3,"18,38,78"
819,19:19,1,1,서울역,3,"0,40,70"
819,19:19,2,2,수서,6,"1,11,21,41,51,61"
819,19:19,3,3,삼성,5,"2,22,42,52,72"
819,19:19,4,4,여의도,4,"3,13,33,53"
819,19:19,5,5,김포공항,4,"4,24,34,64"
819,19:19,6,6,일산,4,"5,25,65,75"
819,19:19,7,7,판교,5,"26,36,56,66,76"
819,19:19,8,8,동탄/용인,5,"7,17,37,67,77"
819,19:19,9,9,평택,3,"18,38,78"
820,19:20,1,1,서울역,3,"0,40,70"
820,19:20,10,10,인천공항,1,49
820,19:20,2,2,수서,6,"1,11,21,41,51,61"
820,19:20,3,3,삼성,5,"2,22,42,52,72"
820,19:20,4,4,여의도,4,"3,13,33,53"
820,19:20,5,5,김포공항,4,"4,24,34,64"
820,19:20,6,6,일산,4,"5,25,65,75"
820,19:20,7,7,판교,5,"26,36,56,66,76"
820,19:20,8,8,동탄/용인,5,"7,17,37,67,77"
820,19:20,9,9,평택,4,"18,28,38,78"
821,19:21,1,1,서울역,3,"0,40,70"
821,19:21,10,10,인천공항,2,"49,69"
821,19:21,2,2,수서,7,"1,11,21,31,41,51,61"
821,19:21,3,3,삼성,5,"2,22,42,52,72"
821,19:21,4,4,여의도,4,"3,13,33,53"
821,19:21,5,5,김포공항,4,"4,24,34,64"
821,19:21,6,6,일산,5,"5,15,25,65,75"
821,19:21,7,7,판교,5,"26,36,56,66,76"
821,19:21,8,8,동탄/용인,5,"7,17,37,67,77"
821,19:21,9,9,평택,4,"18,28,38,78"
822,19:22,1,1,서울역,4,"0,40,50,70"
822,19:22,10,10,인천공항,2,"49,69"
822,19:22,2,2,수서,8,"1,11,21,31,41,51,61,71"
822,19:22,3,3,삼성,5,"2,22,42,52,72"
822,19:22,4,4,여의도,5,"3,13,33,53,63"
822,19:22,5,5,김포공항,4,"4,24,34,64"
822,19:22,6,6,일산,5,"5,15,25,65,75"
822,19:22,7,7,판교,5,"26,36,56,66,76"
822,19:22,8,8,동탄/용인,5,"7,17,37,67,77"
822,19:22,9,9,평택,4,"18,28,38,78"
823,19:23,1,1,서울역,5,"0,40,50,60,70"
823,19:23,10,10,인천공항,2,"49,69"
823,19:23,2,2,수서,8,"1,11,21,31,41,51,61,71"
823,19:23,3,3,삼성,5,"2,22,42,52,72"
823,19:23,4,4,여의도,5,"3,13,33,53,63"
823,19:23,5,5,김포공항,5,"4,24,34,54,64"
823,19:23,6,6,일산,5,"5,15,25,65,75"
823,19:23,7,7,판교,5,"26,36,56,66,76"
823,19:23,8,8,동탄/용인,5,"7,17,37,67,77"
823,19:23,9,9,평택,4,"18,28,38,78"
824,19:24,1,1,서울역,5,"0,40,50,60,70"
824,19:24,10,10,인천공항,3,"49,59,69"
824,19:24,2,2,수서,8,"1,11,21,31,41,51,61,71"
824,19:24,3,3,삼성,5,"2,22,42,52,72"
824,19:24,4,4,여의도,5,"3,13,33,53,63"
824,19:24,5,5,김포공항,6,"4,24,34,44,54,64"
824,19:24,6,6,일산,5,"5,15,25,65,75"
824,19:24,7,7,판교,6,"6,26,36,56,66,76"
824,19:24,8,8,동탄/용인,5,"7,17,37,67,77"
824,19:24,9,9,평택,6,"18,28,38,58,68,78"
825,19:25,1,1,서울역,5,"0,40,50,60,70"
825,19:25,10,10,인천공항,4,"9,49,59,69"
825,19:25,2,2,수서,8,"1,11,21,31,41,51,61,71"
825,19:25,3,3,삼성,6,"2,22,32,42,52,72"
825,19:25,4,4,여의도,5,"3,13,33,53,63"
825,19:25,5,5,김포공항,7,"4,24,34,44,54,64,74"
825,19:25,6,6,일산,6,"5,15,25,35,65,75"
825,19:25,7,7,판교,6,"6,26,36,56,66,76"
825,19:25,8,8,동탄/용인,6,"7,17,27,37,67,77"
825,19:25,9,9,평택,6,"18,28,38,58,68,78"
826,19:26,1,1,서울역,7,"0,10,20,40,50,60,70"
826,19:26,10,10,인천공항,4,"9,49,59,69"
826,19:26,2,2,수서,8,"1,11,21,31,41,51,61,71"
826,19:26,3,3,삼성,7,"2,12,22,32,42,52,72"
826,19:26,4,4,여의도,7,"3,13,23,33,53,63,73"
826,19:26,5,5,김포공항,7,"4,24,34,44,54,64,74"
826,19:26,6,6,일산,7,"5,15,25,35,45,65,75"
826,19:26,7,7,판교,8,"6,16,26,36,46,56,66,76"
826,19:26,8,8,동탄/용인,7,"7,17,27,37,47,67,77"
826,19:26,9,9,평택,6,"18,28,38,58,68,78"
827,19:27,1,1,서울역,7,"0,10,20,40,50,60,70"
827,19:27,10,10,인천공항,5,"9,39,49,59,69"
827,19:27,2,2,수서,8,"1,11,21,31,41,51,61,71"
827,19:27,3,3,삼성,8,"2,12,22,32,42,52,62,72"
827,19:27,4,4,여의도,7,"3,13,23,33,53,63,73"
827,19:27,5,5,김포공항,8,"4,14,24,34,44,54,64,74"
827,19:27,6,6,일산,7,"5,15,25,35,45,65,75"
827,19:27,7,7,판교,8,"6,16,26,36,46,56,66,76"
827,19:27,8,8,동탄/용인,7,"7,17,27,37,47,67,77"
827,19:27,9,9,평택,6,"18,28,38,58,68,78"
828,19:28,1,1,서울역,7,"0,10,20,40,50,60,70"
828,19:28,10,10,인천공항,6,"9,19,39,49,59,69"
828,19:28,2,2,수서,8,"1,11,21,31,41,51,61,71"
828,19:28,3,3,삼성,8,"2,12,22,32,42,52,62,72"
828,19:28,4,4,여의도,8,"3,13,23,33,43,53,63,73"
828,19:28,5,5,김포공항,8,"4,14,24,34,44,54,64,74"
828,19:28,6,6,일산,7,"5,15,25,35,45,65,75"
828,19:28,7,7,판교,8,"6,16,26,36,46,56,66,76"
828,19:28,8,8,동탄/용인,7,"7,17,27,37,47,67,77"
828,19:28,9,9,평택,6,"18,28,38,58,68,78"
829,19:29,1,1,서울역,7,"0,10,20,40,50,60,70"
829,19:29,10,10,인천공항,7,"9,19,39,49,59,69,79"
829,19:29,2,2,수서,8,"1,11,21,31,41,51,61,71"
829,19:29,3,3,삼성,8,"2,12,22,32,42,52,62,72"
829,19:29,4,4,여의도,8,"3,13,23,33,43,53,63,73"
829,19:29,5,5,김포공항,8,"4,14,24,34,44,54,64,74"
829,19:29,6,6,일산,8,"5,15,25,35,45,55,65,75"
829,19:29,7,7,판교,8,"6,16,26,36,46,56,66,76"
829,19:29,8,8,동탄/용인,7,"7,17,27,37,47,67,77"
829,19:29,9,9,평택,7,"18,28,38,48,58,68,78"
830,19:30,1,1,서울역,7,"0,10,20,40,50,60,70"
830,19:30,10,10,인천공항,7,"9,19,39,49,59,69,79"
830,19:30,2,2,수서,8,"1,11,21,31,41,51,61,71"
830,19:30,3,3,삼성,8,"2,12,22,32,42,52,62,72"
830,19:30,4,4,여의도,8,"3,13,23,33,43,53,63,73"
830,19:30,5,5,김포공항,8,"4,14,24,34,44,54,64,74"
830,19:30,6,6,일산,8,"5,15,25,35,45,55,65,75"
830,19:30,7,7,판교,8,"6,16,26,36,46,56,66,76"
830,19:30,8,8,동탄/용인,8,"7,17,27,37,47,57,67,77"
830,19:30,9,9,평택,7,"18,28,38,48,58,68,78"
831,19:31,1,1,서울역,8,"0,10,20,30,40,50,60,70"
831,19:31,10,10,인천공항,8,"9,19,29,39,49,59,69,79"
831,19:31,2,2,수서,8,"1,11,21,31,41,51,61,71"
831,19:31,3,3,삼성,8,"2,12,22,32,42,52,62,72"
831,19:31,4,4,여의도,8,"3,13,23,33,43,53,63,73"
831,19:31,5,5,김포공항,8,"4,14,24,34,44,54,64,74"
831,19:31,6,6,일산,8,"5,15,25,35,45,55,65,75"
831,19:31,7,7,판교,8,"6,16,26,36,46,56,66,76"
831,19:31,8,8,동탄/용인,8,"7,17,27,37,47,57,67,77"
831,19:31,9,9,평택,7,"18,28,38,48,58,68,78"
832,19:32,1,1,서울역,8,"0,10,20,30,40,50,60,70"
832,19:32,10,10,인천공항,8,"9,19,29,39,49,59,69,79"
832,19:32,2,2,수서,8,"1,11,21,31,41,51,61,71"
832,19:32,3,3,삼성,8,"2,12,22,32,42,52,62,72"
832,19:32,4,4,여의도,8,"3,13,23,33,43,53,63,73"
832,19:32,5,5,김포공항,8,"4,14,24,34,44,54,64,74"
832,19:32,6,6,일산,8,"5,15,25,35,45,55,65,75"
832,19:32,7,7,판교,8,"6,16,26,36,46,56,66,76"
832,19:32,8,8,동탄/용인,8,"7,17,27,37,47,57,67,77"
832,19:32,9,9,평택,8,"8,18,28,38,48,58,68,78"
