time_min,time_hhmm,route_node_id,physical_node_id,physical_address,vehicle_count,vehicle_ids
0,05:40,1,1,서울역,10,"0,10,20,30,40,50,60,70,80,90"
0,05:40,10,10,인천공항,10,"9,19,29,39,49,59,69,79,89,99"
0,05:40,2,2,수서,10,"1,11,21,31,41,51,61,71,81,91"
0,05:40,3,3,삼성,10,"2,12,22,32,42,52,62,72,82,92"
0,05:40,4,4,여의도,10,"3,13,23,33,43,53,63,73,83,93"
0,05:40,5,5,김포공항,10,"4,14,24,34,44,54,64,74,84,94"
0,05:40,6,6,일산,10,"5,15,25,35,45,55,65,75,85,95"
0,05:40,7,7,판교,10,"6,16,26,36,46,56,66,76,86,96"
0,05:40,8,8,동탄/용인,10,"7,17,27,37,47,57,67,77,87,97"
0,05:40,9,9,평택,10,"8,18,28,38,48,58,68,78,88,98"
1,05:41,1,1,서울역,10,"0,10,20,30,40,50,60,70,80,90"
1,05:41,10,10,인천공항,10,"9,19,29,39,49,59,69,79,89,99"
1,05:41,2,2,수서,10,"1,11,21,31,41,51,61,71,81,91"
1,05:41,3,3,삼성,10,"2,12,22,32,42,52,62,72,82,92"
1,05:41,4,4,여의도,10,"3,13,23,33,43,53,63,73,83,93"
1,05:41,5,5,김포공항,10,"4,14,24,34,44,54,64,74,84,94"
1,05:41,6,6,일산,10,"5,15,25,35,45,55,65,75,85,95"
1,05:41,7,7,판교,10,"6,16,26,36,46,56,66,76,86,96"
1,05:41,8,8,동탄/용인,10,"7,17,27,37,47,57,67,77,87,97"
1,05:41,9,9,평택,10,"8,18,28,38,48,58,68,78,88,98"
2,05:42,1,1,서울역,10,"0,10,20,30,40,50,60,70,80,90"
2,05:42,10,10,인천공항,10,"9,19,29,39,49,59,69,79,89,99"
2,05:42,2,2,수서,10,"1,11,21,31,41,51,61,71,81,91"
2,05:42,3,3,삼성,10,"2,12,22,32,42,52,62,72,82,92"
2,05:42,4,4,여의도,10,"3,13,23,33,43,53,63,73,83,93"
2,05:42,5,5,김포공항,10,"4,14,24,34,44,54,64,74,84,94"
2,05:42,6,6,일산,10,"5,15,25,35,45,55,65,75,85,95"
2,05:42,7,7,판교,10,"6,16,26,36,46,56,66,76,86,96"
2,05:42,8,8,동탄/용인,10,"7,17,27,37,47,57,67,77,87,97"
2,05:42,9,9,평택,10,"8,18,28,38,48,58,68,78,88,98"
3,05:43,1,1,서울역,10,"0,10,20,30,40,50,60,70,80,90"
3,05:43,10,10,인천공항,10,"9,19,29,39,49,59,69,79,89,99"
3,05:43,2,2,수서,10,"1,11,21,31,41,51,61,71,81,91"
3,05:43,3,3,삼성,10,"2,12,22,32,42,52,62,72,82,92"
3,05:43,4,4,여의도,10,"3,13,23,33,43,53,63,73,83,93"
3,05:43,5,5,김포공항,10,"4,14,24,34,44,54,64,74,84,94"
3,05:43,6,6,일산,10,"5,15,25,35,45,55,65,75,85,95"
3,05:43,7,7,판교,10,"6,16,26,36,46,56,66,76,86,96"
3,05:43,8,8,동탄/용인,10,"7,17,27,37,47,57,67,77,87,97"
3,05:43,9,9,평택,10,"8,18,28,38,48,58,68,78,88,98"
4,05:44,1,1,서울역,10,"0,10,20,30,40,50,60,70,80,90"
4,05:44,10,10,인천공항,10,"9,19,29,39,49,59,69,79,89,99"
4,05:44,2,2,수서,10,"1,11,21,31,41,51,61,71,81,91"
4,05:44,3,3,삼성,10,"2,12,22,32,42,52,62,72,82,92"
4,05:44,4,4,여의도,10,"3,13,23,33,43,53,63,73,83,93"
4,05:44,5,5,김포공항,10,"4,14,24,34,44,54,64,74,84,94"
4,05:44,6,6,일산,10,"5,15,25,35,45,55,65,75,85,95"
4,05:44,7,7,판교,10,"6,16,26,36,46,56,66,76,86,96"
4,05:44,8,8,동탄/용인,10,"7,17,27,37,47,57,67,77,87,97"
4,05:44,9,9,평택,10,"8,18,28,38,48,58,68,78,88,98"
5,05:45,1,1,서울역,10,"0,10,20,30,40,50,60,70,80,90"
5,05:45,10,10,인천공항,10,"9,19,29,39,49,59,69,79,89,99"
5,05:45,2,2,수서,10,"1,11,21,31,41,51,61,71,81,91"
5,05:45,3,3,삼성,10,"2,12,22,32,42,52,62,72,82,92"
5,05:45,4,4,여의도,10,"3,13,23,33,43,53,63,73,83,93"
5,05:45,5,5,김포공항,10,"4,14,24,34,44,54,64,74,84,94"
5,05:45,6,6,일산,10,"5,15,25,35,45,55,65,75,85,95"
5,05:45,7,7,판교,10,"6,16,26,36,46,56,66,76,86,96"
5,05:45,8,8,동탄/용인,10,"7,17,27,37,47,57,67,77,87,97"
5,05:45,9,9,평택,10,"8,18,28,38,48,58,68,78,88,98"
6,05:46,1,1,서울역,10,"0,10,20,30,40,50,60,70,80,90"
6,05:46,10,10,인천공항,10,"9,19,29,39,49,59,69,79,89,99"
6,05:46,2,2,수서,10,"1,11,21,31,41,51,61,71,81,91"
6,05:46,3,3,삼성,10,"2,12,22,32,42,52,62,72,82,92"
6,05:46,4,4,여의도,10,"3,13,23,33,43,53,63,73,83,93"
6,05:46,5,5,김포공항,10,"4,14,24,34,44,54,64,74,84,94"
6,05:46,6,6,일산,10,"5,15,25,35,45,55,65,75,85,95"
6,05:46,7,7,판교,10,"6,16,26,36,46,56,66,76,86,96"
6,05:46,8,8,동탄/용인,10,"7,17,27,37,47,57,67,77,87,97"
6,05:46,9,9,평택,10,"8,18,28,38,48,58,68,78,88,98"
7,05:47,1,1,서울역,10,"0,10,20,30,40,50,60,70,80,90"
7,05:47,10,10,인천공항,10,"9,19,29,39,49,59,69,79,89,99"
7,05:47,2,2,수서,10,"1,11,21,31,41,51,61,71,81,91"
7,05:47,3,3,삼성,10,"2,12,22,32,42,52,62,72,82,92"
7,05:47,4,4,여의도,10,"3,13,23,33,43,53,63,73,83,93"
7,05:47,5,5,김포공항,10,"4,14,24,34,44,54,64,74,84,94"
7,05:47,6,6,일산,10,"5,15,25,35,45,55,65,75,85,95"
7,05:47,7,7,판교,10,"6,16,26,36,46,56,66,76,86,96"
7,05:47,8,8,동탄/용인,10,"7,17,27,37,47,57,67,77,87,97"
7,05:47,9,9,평택,10,"8,18,28,38,48,58,68,78,88,98"
8,05:48,1,1,서울역,10,"0,10,20,30,40,50,60,70,80,90"
8,05:48,10,10,인천공항,10,"9,19,29,39,49,59,69,79,89,99"
8,05:48,2,2,수서,10,"1,11,21,31,41,51,61,71,81,91"
8,05:48,3,3,삼성,10,"2,12,22,32,42,52,62,72,82,92"
8,05:48,4,4,여의도,10,"3,13,23,33,43,53,63,73,83,93"
8,05:48,5,5,김포공항,10,"4,14,24,34,44,54,64,74,84,94"
8,05:48,6,6,일산,10,"5,15,25,35,45,55,65,75,85,95"
8,05:48,7,7,판교,10,"6,16,26,36,46,56,66,76,86,96"
8,05:48,8,8,동탄/용인,10,"7,17,27,37,47,57,67,77,87,97"
8,05:48,9,9,평택,10,"8,18,28,38,48,58,68,78,88,98"
9,05:49,1,1,서울역,10,"0,10,20,30,40,50,60,70,80,90"
9,05:49,10,10,인천공항,10,"9,19,29,39,49,59,69,79,89,99"
9,05:49,2,2,수서,10,"1,11,21,31,41,51,61,71,81,91"
9,05:49,3,3,삼성,10,"2,12,22,32,42,52,62,72,82,92"
9,05:49,4,4,여의도,10,"3,13,23,33,43,53,63,73,83,93"
9,05:49,5,5,김포공항,10,"4,14,24,34,44,54,64,74,84,94"
9,05:49,6,6,일산,10,"5,15,25,35,45,55,65,75,85,95"
9,05:49,7,7,판교,10,"6,16,26,36,46,56,66,76,86,96"
9,05:49,8,8,동탄/용인,10,"7,17,27,37,47,57,67,77,87,97"
9,05:49,9,9,평택,10,"8,18,28,38,48,58,68,78,88,98"
10,05:50,1,1,서울역,10,"0,10,20,30,40,50,60,70,80,90"
10,05:50,10,10,인천공항,10,"9,19,29,39,49,59,69,79,89,99"
10,05:50,2,2,수서,10,"1,11,21,31,41,51,61,71,81,91"
10,05:50,3,3,삼성,10,"2,12,22,32,42,52,62,72,82,92"
10,05:50,4,4,여의도,10,"3,13,23,33,43,53,63,73,83,93"
10,05:50,5,5,김포공항,10,"4,14,24,34,44,54,64,74,84,94"
10,05:50,6,6,일산,10,"5,15,25,35,45,55,65,75,85,95"
10,05:50,7,7,판교,10,"6,16,26,36,46,56,66,76,86,96"
10,05:50,8,8,동탄/용인,10,"7,17,27,37,47,57,67,77,87,97"
10,05:50,9,9,평택,10,"8,18,28,38,48,58,68,78,88,98"
11,05:51,1,1,서울역,10,"0,10,20,30,40,50,60,70,80,90"
11,05:51,10,10,인천공항,10,"9,19,29,39,49,59,69,79,89,99"
11,05:51,2,2,수서,10,"1,11,21,31,41,51,61,71,81,91"
11,05:51,3,3,삼성,10,"2,12,22,32,42,52,62,72,82,92"
11,05:51,4,4,여의도,10,"3,13,23,33,43,53,63,73,83,93"
11,05:51,5,5,김포공항,10,"4,14,24,34,44,54,64,74,84,94"
11,05:51,6,6,일산,10,"5,15,25,35,45,55,65,75,85,95"
11,05:51,7,7,판교,10,"6,16,26,36,46,56,66,76,86,96"
11,05:51,8,8,동탄/용인,10,"7,17,27,37,47,57,67,77,87,97"
11,05:51,9,9,평택,10,"8,18,28,38,48,58,68,78,88,98"
12,05:52,1,1,서울역,10,"0,10,20,30,40,50,60,70,80,90"
12,05:52,10,10,인천공항,10,"9,19,29,39,49,59,69,79,89,99"
12,05:52,2,2,수서,10,"1,11,21,31,41,51,61,71,81,91"
12,05:52,3,3,삼성,10,"2,12,22,32,42,52,62,72,82,92"
12,05:52,4,4,여의도,10,"3,13,23,33,43,53,63,73,83,93"
12,05:52,5,5,김포공항,10,"4,14,24,34,44,54,64,74,84,94"
12,05:52,6,6,일산,10,"5,15,25,35,45,55,65,75,85,95"
12,05:52,7,7,판교,10,"6,16,26,36,46,56,66,76,86,96"
12,05:52,8,8,동탄/용인,10,"7,17,27,37,47,57,67,77,87,97"
12,05:52,9,9,평택,10,"8,18,28,38,48,58,68,78,88,98"
13,05:53,1,1,서울역,10,"0,10,20,30,40,50,60,70,80,90"
13,05:53,10,10,인천공항,10,"9,19,29,39,49,59,69,79,89,99"
13,05:53,2,2,수서,10,"1,11,21,31,41,51,61,71,81,91"
13,05:53,3,3,삼성,10,"2,12,22,32,42,52,62,72,82,92"
13,05:53,4,4,여의도,10,"3,13,23,33,43,53,63,73,83,93"
13,05:53,5,5,김포공항,10,"4,14,24,34,44,54,64,74,84,94"
13,05:53,6,6,일산,10,"5,15,25,35,45,55,65,75,85,95"
13,05:53,7,7,판교,10,"6,16,26,36,46,56,66,76,86,96"
13,05:53,8,8,동탄/용인,10,"7,17,27,37,47,57,67,77,87,97"
13,05:53,9,9,평택,10,"8,18,28,38,48,58,68,78,88,98"
14,05:54,1,1,서울역,10,"0,10,20,30,40,50,60,70,80,90"
14,05:54,10,10,인천공항,10,"9,19,29,39,49,59,69,79,89,99"
14,05:54,2,2,수서,10,"1,11,21,31,41,51,61,71,81,91"
14,05:54,3,3,삼성,10,"2,12,22,32,42,52,62,72,82,92"
14,05:54,4,4,여의도,10,"3,13,23,33,43,53,63,73,83,93"
14,05:54,5,5,김포공항,10,"4,14,24,34,44,54,64,74,84,94"
14,05:54,6,6,일산,10,"5,15,25,35,45,55,65,75,85,95"
14,05:54,7,7,판교,10,"6,16,26,36,46,56,66,76,86,96"
14,05:54,8,8,동탄/용인,10,"7,17,27,37,47,57,67,77,87,97"
14,05:54,9,9,평택,10,"8,18,28,38,48,58,68,78,88,98"
15,05:55,1,1,서울역,10,"0,10,20,30,40,50,60,70,80,90"
15,05:55,10,10,인천공항,10,"9,19,29,39,49,59,69,79,89,99"
15,05:55,2,2,수서,10,"1,11,21,31,41,51,61,71,81,91"
15,05:55,3,3,삼성,10,"2,12,22,32,42,52,62,72,82,92"
15,05:55,4,4,여의도,10,"3,13,23,33,43,53,63,73,83,93"
15,05:55,5,5,김포공항,10,"4,14,24,34,44,54,64,74,84,94"
15,05:55,6,6,일산,10,"5,15,25,35,45,55,65,75,85,95"
15,05:55,7,7,판교,10,"6,16,26,36,46,56,66,76,86,96"
15,05:55,8,8,동탄/용인,10,"7,17,27,37,47,57,67,77,87,97"
15,05:55,9,9,평택,10,"8,18,28,38,48,58,68,78,88,98"
16,05:56,1,1,서울역,10,"0,10,20,30,40,50,60,70,80,90"
16,05:56,10,10,인천공항,10,"9,19,29,39,49,59,69,79,89,99"
16,05:56,2,2,수서,10,"1,11,21,31,41,51,61,71,81,91"
16,05:56,3,3,삼성,10,"2,12,22,32,42,52,62,72,82,92"
16,05:56,4,4,여의도,10,"3,13,23,33,43,53,63,73,83,93"
16,05:56,5,5,김포공항,10,"4,14,24,34,44,54,64,74,84,94"
16,05:56,6,6,일산,10,"5,15,25,35,45,55,65,75,85,95"
16,05:56,7,7,판교,10,"6,16,26,36,46,56,66,76,86,96"
16,05:56,8,8,동탄/용인,10,"7,17,27,37,47,57,67,77,87,97"
16,05:56,9,9,평택,10,"8,18,28,38,48,58,68,78,88,98"
17,05:57,1,1,서울역,10,"0,10,20,30,40,50,60,70,80,90"
17,05:57,10,10,인천공항,10,"9,19,29,39,49,59,69,79,89,99"
17,05:57,2,2,수서,10,"1,11,21,31,41,51,61,71,81,91"
17,05:57,3,3,삼성,10,"2,12,22,32,42,52,62,72,82,92"
17,05:57,4,4,여의도,10,"3,13,23,33,43,53,63,73,83,93"
17,05:57,5,5,김포공항,10,"4,14,24,34,44,54,64,74,84,94"
17,05:57,6,6,일산,10,"5,15,25,35,45,55,65,75,85,95"
17,05:57,7,7,판교,10,"6,16,26,36,46,56,66,76,86,96"
17,05:57,8,8,동탄/용인,10,"7,17,27,37,47,57,67,77,87,97"
17,05:57,9,9,평택,10,"8,18,28,38,48,58,68,78,88,98"
18,05:58,1,1,서울역,10,"0,10,20,30,40,50,60,70,80,90"
18,05:58,10,10,인천공항,10,"9,19,29,39,49,59,69,79,89,99"
18,05:58,2,2,수서,10,"1,11,21,31,41,51,61,71,81,91"
18,05:58,3,3,삼성,10,"2,12,22,32,42,52,62,72,82,92"
18,05:58,4,4,여의도,10,"3,13,23,33,43,53,63,73,83,93"
18,05:58,5,5,김포공항,10,"4,14,24,34,44,54,64,74,84,94"
18,05:58,6,6,일산,10,"5,15,25,35,45,55,65,75,85,95"
18,05:58,7,7,판교,10,"6,16,26,36,46,56,66,76,86,96"
18,05:58,8,8,동탄/용인,10,"7,17,27,37,47,57,67,77,87,97"
18,05:58,9,9,평택,10,"8,18,28,38,48,58,68,78,88,98"
19,05:59,1,1,서울역,10,"0,10,20,30,40,50,60,70,80,90"
19,05:59,10,10,인천공항,10,"9,19,29,39,49,59,69,79,89,99"
19,05:59,2,2,수서,10,"1,11,21,31,41,51,61,71,81,91"
19,05:59,3,3,삼성,10,"2,12,22,32,42,52,62,72,82,92"
19,05:59,4,4,여의도,10,"3,13,23,33,43,53,63,73,83,93"
19,05:59,5,5,김포공항,10,"4,14,24,34,44,54,64,74,84,94"
19,05:59,6,6,일산,10,"5,15,25,35,45,55,65,75,85,95"
19,05:59,7,7,판교,10,"6,16,26,36,46,56,66,76,86,96"
19,05:59,8,8,동탄/용인,10,"7,17,27,37,47,57,67,77,87,97"
19,05:59,9,9,평택,10,"8,18,28,38,48,58,68,78,88,98"
20,06:00,1,1,서울역,10,"0,10,20,30,40,50,60,70,80,90"
20,06:00,10,10,인천공항,10,"9,19,29,39,49,59,69,79,89,99"
20,06:00,2,2,수서,10,"1,11,21,31,41,51,61,71,81,91"
20,06:00,3,3,삼성,10,"2,12,22,32,42,52,62,72,82,92"
20,06:00,4,4,여의도,10,"3,13,23,33,43,53,63,73,83,93"
20,06:00,5,5,김포공항,10,"4,14,24,34,44,54,64,74,84,94"
20,06:00,6,6,일산,10,"5,15,25,35,45,55,65,75,85,95"
20,06:00,7,7,판교,10,"6,16,26,36,46,56,66,76,86,96"
20,06:00,8,8,동탄/용인,10,"7,17,27,37,47,57,67,77,87,97"
20,06:00,9,9,평택,10,"8,18,28,38,48,58,68,78,88,98"
21,06:01,1,1,서울역,10,"0,10,20,30,40,50,60,70,80,90"
21,06:01,10,10,인천공항,10,"9,19,29,39,49,59,69,79,89,99"
21,06:01,2,2,수서,10,"1,11,21,31,41,51,61,71,81,91"
21,06:01,3,3,삼성,10,"2,12,22,32,42,52,62,72,82,92"
21,06:01,4,4,여의도,10,"3,13,23,33,43,53,63,73,83,93"
21,06:01,5,5,김포공항,10,"4,14,24,34,44,54,64,74,84,94"
21,06:01,6,6,일산,10,"5,15,25,35,45,55,65,75,85,95"
21,06:01,7,7,판교,10,"6,16,26,36,46,56,66,76,86,96"
21,06:01,8,8,동탄/용인,10,"7,17,27,37,47,57,67,77,87,97"
21,06:01,9,9,평택,10,"8,18,28,38,48,58,68,78,88,98"
22,06:02,1,1,서울역,10,"0,10,20,30,40,50,60,70,80,90"
22,06:02,10,10,인천공항,10,"9,19,29,39,49,59,69,79,89,99"
22,06:02,2,2,수서,10,"1,11,21,31,41,51,61,71,81,91"
22,06:02,3,3,삼성,10,"2,12,22,32,42,52,62,72,82,92"
22,06:02,4,4,여의도,10,"3,13,23,33,43,53,63,73,83,93"
22,06:02,5,5,김포공항,10,"4,14,24,34,44,54,64,74,84,94"
22,06:02,6,6,일산,10,"5,15,25,35,45,55,65,75,85,95"
22,06:02,7,7,판교,10,"6,16,26,36,46,56,66,76,86,96"
22,06:02,8,8,동탄/용인,10,"7,17,27,37,47,57,67,77,87,97"
22,06:02,9,9,평택,10,"8,18,28,38,48,58,68,78,88,98"
23,06:03,1,1,서울역,10,"0,10,20,30,40,50,60,70,80,90"
23,06:03,10,10,인천공항,10,"9,19,29,39,49,59,69,79,89,99"
23,06:03,2,2,수서,10,"1,11,21,31,41,51,61,71,81,91"
23,06:03,3,3,삼성,10,"2,12,22,32,42,52,62,72,82,92"
23,06:03,4,4,여의도,10,"3,13,23,33,43,53,63,73,83,93"
23,06:03,5,5,김포공항,10,"4,14,24,34,44,54,64,74,84,94"
23,06:03,6,6,일산,10,"5,15,25,35,45,55,65,75,85,95"
23,06:03,7,7,판교,10,"6,16,26,36,46,56,66,76,86,96"
23,06:03,8,8,동탄/용인,10,"7,17,27,37,47,57,67,77,87,97"
23,06:03,9,9,평택,10,"8,18,28,38,48,58,68,78,88,98"
24,06:04,1,1,서울역,10,"0,10,20,30,40,50,60,70,80,90"
24,06:04,10,10,인천공항,10,"9,19,29,39,49,59,69,79,89,99"
24,06:04,2,2,수서,10,"1,11,21,31,41,51,61,71,81,91"
24,06:04,3,3,삼성,10,"2,12,22,32,42,52,62,72,82,92"
24,06:04,4,4,여의도,10,"3,13,23,33,43,53,63,73,83,93"
24,06:04,5,5,김포공항,10,"4,14,24,34,44,54,64,74,84,94"
24,06:04,6,6,일산,10,"5,15,25,35,45,55,65,75,85,95"
24,06:04,7,7,판교,10,"6,16,26,36,46,56,66,76,86,96"
24,06:04,8,8,동탄/용인,10,"7,17,27,37,47,57,67,77,87,97"
24,06:04,9,9,평택,10,"8,18,28,38,48,58,68,78,88,98"
25,06:05,1,1,서울역,10,"0,10,20,30,40,50,60,70,80,90"
25,06:05,10,10,인천공항,10,"9,19,29,39,49,59,69,79,89,99"
25,06:05,2,2,수서,10,"1,11,21,31,41,51,61,71,81,91"
25,06:05,3,3,삼성,10,"2,12,22,32,42,52,62,72,82,92"
25,06:05,4,4,여의도,10,"3,13,23,33,43,53,63,73,83,93"
25,06:05,5,5,김포공항,10,"4,14,24,34,44,54,64,74,84,94"
25,06:05,6,6,일산,10,"5,15,25,35,45,55,65,75,85,95"
25,06:05,7,7,판교,10,"6,16,26,36,46,56,66,76,86,96"
25,06:05,8,8,동탄/용인,10,"7,17,27,37,47,57,67,77,87,97"
25,06:05,9,9,평택,10,"8,18,28,38,48,58,68,78,88,98"
26,06:06,1,1,서울역,10,"0,10,20,30,40,50,60,70,80,90"
26,06:06,10,10,인천공항,10,"9,19,29,39,49,59,69,79,89,99"
26,06:06,2,2,수서,10,"1,11,21,31,41,51,61,71,81,91"
26,06:06,3,3,삼성,10,"2,12,22,32,42,52,62,72,82,92"
26,06:06,4,4,여의도,10,"3,13,23,33,43,53,63,73,83,93"
26,06:06,5,5,김포공항,10,"4,14,24,34,44,54,64,74,84,94"
26,06:06,6,6,일산,10,"5,15,25,35,45,55,65,75,85,95"
26,06:06,7,7,판교,10,"6,16,26,36,46,56,66,76,86,96"
26,06:06,8,8,동탄/용인,10,"7,17,27,37,47,57,67,77,87,97"
26,06:06,9,9,평택,10,"8,18,28,38,48,58,68,78,88,98"
27,06:07,1,1,서울역,10,"0,10,20,30,40,50,60,70,80,90"
27,06:07,10,10,인천공항,10,"9,19,29,39,49,59,69,79,89,99"
27,06:07,2,2,수서,10,"1,11,21,31,41,51,61,71,81,91"
27,06:07,3,3,삼성,10,"2,12,22,32,42,52,62,72,82,92"
27,06:07,4,4,여의도,10,"3,13,23,33,43,53,63,73,83,93"
27,06:07,5,5,김포공항,10,"4,14,24,34,44,54,64,74,84,94"
27,06:07,6,6,일산,10,"5,15,25,35,45,55,65,75,85,95"
27,06:07,7,7,판교,10,"6,16,26,36,46,56,66,76,86,96"
27,06:07,8,8,동탄/용인,10,"7,17,27,37,47,57,67,77,87,97"
27,06:07,9,9,평택,10,"8,18,28,38,48,58,68,78,88,98"
28,06:08,1,1,서울역,10,"0,10,20,30,40,50,60,70,80,90"
28,06:08,10,10,인천공항,10,"9,19,29,39,49,59,69,79,89,99"
28,06:08,2,2,수서,10,"1,11,21,31,41,51,61,71,81,91"
28,06:08,3,3,삼성,10,"2,12,22,32,42,52,62,72,82,92"
28,06:08,4,4,여의도,10,"3,13,23,33,43,53,63,73,83,93"
28,06:08,5,5,김포공항,10,"4,14,24,34,44,54,64,74,84,94"
28,06:08,6,6,일산,10,"5,15,25,35,45,55,65,75,85,95"
28,06:08,7,7,판교,10,"6,16,26,36,46,56,66,76,86,96"
28,06:08,8,8,동탄/용인,10,"7,17,27,37,47,57,67,77,87,97"
28,06:08,9,9,평택,10,"8,18,28,38,48,58,68,78,88,98"
29,06:09,1,1,서울역,10,"0,10,20,30,40,50,60,70,80,90"
29,06:09,10,10,인천공항,10,"9,19,29,39,49,59,69,79,89,99"
29,06:09,2,2,수서,10,"1,11,21,31,41,51,61,71,81,91"
29,06:09,3,3,삼성,10,"2,12,22,32,42,52,62,72,82,92"
29,06:09,4,4,여의도,9,"13,23,33,43,53,63,73,83,93"
29,06:09,5,5,김포공항,10,"4,14,24,34,44,54,64,74,84,94"
29,06:09,6,6,일산,10,"5,15,25,35,45,55,65,75,85,95"
29,06:09,7,7,판교,10,"6,16,26,36,46,56,66,76,86,96"
29,06:09,8,8,동탄/용인,10,"7,17,27,37,47,57,67,77,87,97"
29,06:09,9,9,평택,10,"8,18,28,38,48,58,68,78,88,98"
30,06:10,1,1,서울역,10,"0,10,20,30,40,50,60,70,80,90"
30,06:10,10,10,인천공항,10,"9,19,29,39,49,59,69,79,89,99"
30,06:10,2,2,수서,10,"1,11,21,31,41,51,61,71,81,91"
30,06:10,3,3,삼성,10,"2,12,22,32,42,52,62,72,82,92"
30,06:10,4,4,여의도,9,"13,23,33,43,53,63,73,83,93"
30,06:10,5,5,김포공항,10,"4,14,24,34,44,54,64,74,84,94"
30,06:10,6,6,일산,10,"5,15,25,35,45,55,65,75,85,95"
30,06:10,7,7,판교,10,"6,16,26,36,46,56,66,76,86,96"
30,06:10,8,8,동탄/용인,10,"7,17,27,37,47,57,67,77,87,97"
30,06:10,9,9,평택,10,"8,18,28,38,48,58,68,78,88,98"
31,06:11,1,1,서울역,10,"0,10,20,30,40,50,60,70,80,90"
31,06:11,10,10,인천공항,10,"9,19,29,39,49,59,69,79,89,99"
31,06:11,2,2,수서,10,"1,11,21,31,41,51,61,71,81,91"
31,06:11,3,3,삼성,10,"2,12,22,32,42,52,62,72,82,92"
31,06:11,4,4,여의도,9,"13,23,33,43,53,63,73,83,93"
31,06:11,5,5,김포공항,10,"4,14,24,34,44,54,64,74,84,94"
31,06:11,6,6,일산,10,"5,15,25,35,45,55,65,75,85,95"
31,06:11,7,7,판교,10,"6,16,26,36,46,56,66,76,86,96"
31,06:11,8,8,동탄/용인,10,"7,17,27,37,47,57,67,77,87,97"
31,06:11,9,9,평택,10,"8,18,28,38,48,58,68,78,88,98"
32,06:12,1,1,서울역,10,"0,10,20,30,40,50,60,70,80,90"
32,06:12,10,10,인천공항,9,"9,29,39,49,59,69,79,89,99"
32,06:12,2,2,수서,10,"1,11,21,31,41,51,61,71,81,91"
32,06:12,3,3,삼성,10,"2,12,22,32,42,52,62,72,82,92"
32,06:12,4,4,여의도,9,"13,23,33,43,53,63,73,83,93"
32,06:12,5,5,김포공항,10,"4,14,24,34,44,54,64,74,84,94"
32,06:12,6,6,일산,10,"5,15,25,35,45,55,65,75,85,95"
32,06:12,7,7,판교,10,"6,16,26,36,46,56,66,76,86,96"
32,06:12,8,8,동탄/용인,10,"7,17,27,37,47,57,67,77,87,97"
32,06:12,9,9,평택,10,"8,18,28,38,48,58,68,78,88,98"
33,06:13,1,1,서울역,10,"0,10,20,30,40,50,60,70,80,90"
33,06:13,10,10,인천공항,9,"9,29,39,49,59,69,79,89,99"
33,06:13,2,2,수서,10,"1,11,21,31,41,51,61,71,81,91"
33,06:13,3,3,삼성,10,"2,12,22,32,42,52,62,72,82,92"
33,06:13,4,4,여의도,9,"13,23,33,43,53,63,73,83,93"
33,06:13,5,5,김포공항,10,"4,14,24,34,44,54,64,74,84,94"
33,06:13,6,6,일산,10,"5,15,25,35,45,55,65,75,85,95"
33,06:13,7,7,판교,10,"6,16,26,36,46,56,66,76,86,96"
33,06:13,8,8,동탄/용인,10,"7,17,27,37,47,57,67,77,87,97"
33,06:13,9,9,평택,10,"8,18,28,38,48,58,68,78,88,98"
34,06:14,1,1,서울역,10,"0,10,20,30,40,50,60,70,80,90"
34,06:14,10,10,인천공항,9,"9,29,39,49,59,69,79,89,99"
34,06:14,2,2,수서,10,"1,11,21,31,41,51,61,71,81,91"
34,06:14,3,3,삼성,10,"2,12,22,32,42,52,62,72,82,92"
34,06:14,4,4,여의도,9,"13,23,33,43,53,63,73,83,93"
34,06:14,5,5,김포공항,10,"4,14,24,34,44,54,64,74,84,94"
34,06:14,6,6,일산,10,"5,15,25,35,45,55,65,75,85,95"
34,06:14,7,7,판교,10,"6,16,26,36,46,56,66,76,86,96"
34,06:14,8,8,동탄/용인,10,"7,17,27,37,47,57,67,77,87,97"
34,06:14,9,9,평택,10,"8,18,28,38,48,58,68,78,88,98"
35,06:15,1,1,서울역,10,"0,10,20,30,40,50,60,70,80,90"
35,06:15,10,10,인천공항,9,"9,29,39,49,59,69,79,89,99"
35,06:15,2,2,수서,10,"1,11,21,31,41,51,61,71,81,91"
35,06:15,3,3,삼성,10,"2,12,22,32,42,52,62,72,82,92"
35,06:15,4,4,여의도,9,"13,23,33,43,53,63,73,83,93"
35,06:15,5,5,김포공항,10,"4,14,24,34,44,54,64,74,84,94"
35,06:15,6,6,일산,10,"5,15,25,35,45,55,65,75,85,95"
35,06:15,7,7,판교,10,"6,16,26,36,46,56,66,76,86,96"
35,06:15,8,8,동탄/용인,10,"7,17,27,37,47,57,67,77,87,97"
35,06:15,9,9,평택,10,"8,18,28,38,48,58,68,78,88,98"
36,06:16,1,1,서울역,10,"0,10,20,30,40,50,60,70,80,90"
36,06:16,10,10,인천공항,9,"9,29,39,49,59,69,79,89,99"
36,06:16,2,2,수서,10,"1,11,21,31,41,51,61,71,81,91"
36,06:16,3,3,삼성,10,"2,12,22,32,42,52,62,72,82,92"
36,06:16,4,4,여의도,9,"13,23,33,43,53,63,73,83,93"
36,06:16,5,5,김포공항,10,"4,14,24,34,44,54,64,74,84,94"
36,06:16,6,6,일산,9,"15,25,35,45,55,65,75,85,95"
36,06:16,7,7,판교,10,"6,16,26,36,46,56,66,76,86,96"
36,06:16,8,8,동탄/용인,10,"7,17,27,37,47,57,67,77,87,97"
36,06:16,9,9,평택,10,"8,18,28,38,48,58,68,78,88,98"
37,06:17,1,1,서울역,10,"0,10,20,30,40,50,60,70,80,90"
37,06:17,10,10,인천공항,9,"9,29,39,49,59,69,79,89,99"
37,06:17,2,2,수서,10,"1,11,21,31,41,51,61,71,81,91"
37,06:17,3,3,삼성,10,"2,12,22,32,42,52,62,72,82,92"
37,06:17,4,4,여의도,9,"13,23,33,43,53,63,73,83,93"
37,06:17,5,5,김포공항,10,"4,14,24,34,44,54,64,74,84,94"
37,06:17,6,6,일산,9,"15,25,35,45,55,65,75,85,95"
37,06:17,7,7,판교,10,"6,16,26,36,46,56,66,76,86,96"
37,06:17,8,8,동탄/용인,10,"7,17,27,37,47,57,67,77,87,97"
37,06:17,9,9,평택,10,"8,18,28,38,48,58,68,78,88,98"
38,06:18,1,1,서울역,10,"0,10,20,30,40,50,60,70,80,90"
38,06:18,10,10,인천공항,9,"9,29,39,49,59,69,79,89,99"
38,06:18,2,2,수서,10,"1,11,21,31,41,51,61,71,81,91"
38,06:18,3,3,삼성,10,"2,12,22,32,42,52,62,72,82,92"
38,06:18,4,4,여의도,9,"13,23,33,43,53,63,73,83,93"
38,06:18,5,5,김포공항,10,"4,14,24,34,44,54,64,74,84,94"
38,06:18,6,6,일산,9,"15,25,35,45,55,65,75,85,95"
38,06:18,7,7,판교,10,"6,16,26,36,46,56,66,76,86,96"
38,06:18,8,8,동탄/용인,10,"7,17,27,37,47,57,67,77,87,97"
38,06:18,9,9,평택,10,"8,18,28,38,48,58,68,78,88,98"
39,06:19,1,1,서울역,10,"0,10,20,30,40,50,60,70,80,90"
39,06:19,10,10,인천공항,9,"9,29,39,49,59,69,79,89,99"
39,06:19,2,2,수서,10,"1,11,21,31,41,51,61,71,81,91"
39,06:19,3,3,삼성,10,"2,12,22,32,42,52,62,72,82,92"
39,06:19,4,4,여의도,9,"13,23,33,43,53,63,73,83,93"
39,06:19,5,5,김포공항,10,"4,14,24,34,44,54,64,74,84,94"
39,06:19,6,6,일산,9,"15,25,35,45,55,65,75,85,95"
39,06:19,7,7,판교,10,"6,16,26,36,46,56,66,76,86,96"
39,06:19,8,8,동탄/용인,10,"7,17,27,37,47,57,67,77,87,97"
39,06:19,9,9,평택,10,"8,18,28,38,48,58,68,78,88,98"
40,06:20,1,1,서울역,10,"0,10,20,30,40,50,60,70,80,90"
40,06:20,10,10,인천공항,9,"9,29,39,49,59,69,79,89,99"
40,06:20,2,2,수서,10,"1,11,21,31,41,51,61,71,81,91"
40,06:20,3,3,삼성,10,"2,12,22,32,42,52,62,72,82,92"
40,06:20,4,4,여의도,9,"13,23,33,43,53,63,73,83,93"
40,06:20,5,5,김포공항,10,"4,14,24,34,44,54,64,74,84,94"
40,06:20,6,6,일산,9,"15,25,35,45,55,65,75,85,95"
40,06:20,7,7,판교,10,"6,16,26,36,46,56,66,76,86,96"
40,06:20,8,8,동탄/용인,10,"7,17,27,37,47,57,67,77,87,97"
40,06:20,9,9,평택,10,"8,18,28,38,48,58,68,78,88,98"
41,06:21,1,1,서울역,10,"0,10,20,30,40,50,60,70,80,90"
41,06:21,10,10,인천공항,9,"9,29,39,49,59,69,79,89,99"
41,06:21,2,2,수서,10,"1,11,21,31,41,51,61,71,81,91"
41,06:21,3,3,삼성,10,"2,12,22,32,42,52,62,72,82,92"
41,06:21,4,4,여의도,9,"13,23,33,43,53,63,73,83,93"
41,06:21,5,5,김포공항,10,"4,14,24,34,44,54,64,74,84,94"
41,06:21,6,6,일산,9,"15,25,35,45,55,65,75,85,95"
41,06:21,7,7,판교,10,"6,16,26,36,46,56,66,76,86,96"
41,06:21,8,8,동탄/용인,10,"7,17,27,37,47,57,67,77,87,97"
41,06:21,9,9,평택,10,"8,18,28,38,48,58,68,78,88,98"
42,06:22,1,1,서울역,10,"0,10,20,30,40,50,60,70,80,90"
42,06:22,10,10,인천공항,9,"9,29,39,49,59,69,79,89,99"
42,06:22,2,2,수서,10,"1,11,21,31,41,51,61,71,81,91"
42,06:22,3,3,삼성,10,"2,12,22,32,42,52,62,72,82,92"
42,06:22,4,4,여의도,9,"13,23,33,43,53,63,73,83,93"
42,06:22,5,5,김포공항,10,"4,14,24,34,44,54,64,74,84,94"
42,06:22,6,6,일산,9,"15,25,35,45,55,65,75,85,95"
42,06:22,7,7,판교,10,"6,16,26,36,46,56,66,76,86,96"
42,06:22,8,8,동탄/용인,10,"7,17,27,37,47,57,67,77,87,97"
42,06:22,9,9,평택,10,"8,18,28,38,48,58,68,78,88,98"
43,06:23,1,1,서울역,10,"0,10,20,30,40,50,60,70,80,90"
43,06:23,10,10,인천공항,9,"9,29,39,49,59,69,79,89,99"
43,06:23,2,2,수서,10,"1,11,21,31,41,51,61,71,81,91"
43,06:23,3,3,삼성,10,"2,12,22,32,42,52,62,72,82,92"
43,06:23,4,4,여의도,9,"13,23,33,43,53,63,73,83,93"
43,06:23,5,5,김포공항,10,"4,14,24,34,44,54,64,74,84,94"
43,06:23,6,6,일산,9,"15,25,35,45,55,65,75,85,95"
43,06:23,7,7,판교,10,"6,16,26,36,46,56,66,76,86,96"
43,06:23,8,8,동탄/용인,10,"7,17,27,37,47,57,67,77,87,97"
43,06:23,9,9,평택,10,"8,18,28,38,48,58,68,78,88,98"
44,06:24,1,1,서울역,10,"0,10,20,30,40,50,60,70,80,90"
44,06:24,10,10,인천공항,9,"9,29,39,49,59,69,79,89,99"
44,06:24,2,2,수서,10,"1,11,21,31,41,51,61,71,81,91"
44,06:24,3,3,삼성,10,"2,12,22,32,42,52,62,72,82,92"
44,06:24,4,4,여의도,9,"13,23,33,43,53,63,73,83,93"
44,06:24,5,5,김포공항,10,"4,14,24,34,44,54,64,74,84,94"
44,06:24,6,6,일산,8,"15,25,35,55,65,75,85,95"
44,06:24,7,7,판교,10,"6,16,26,36,46,56,66,76,86,96"
44,06:24,8,8,동탄/용인,10,"7,17,27,37,47,57,67,77,87,97"
44,06:24,9,9,평택,11,"3,8,18,28,38,48,58,68,78,88,98"
45,06:25,1,1,서울역,10,"0,10,20,30,40,50,60,70,80,90"
45,06:25,10,10,인천공항,9,"9,29,39,49,59,69,79,89,99"
45,06:25,2,2,수서,10,"1,11,21,31,41,51,61,71,81,91"
45,06:25,3,3,삼성,10,"2,12,22,32,42,52,62,72,82,92"
45,06:25,4,4,여의도,9,"13,23,33,43,53,63,73,83,93"
45,06:25,5,5,김포공항,10,"4,14,24,34,44,54,64,74,84,94"
45,06:25,6,6,일산,8,"15,25,35,55,65,75,85,95"
45,06:25,7,7,판교,10,"6,16,26,36,46,56,66,76,86,96"
45,06:25,8,8,동탄/용인,10,"7,17,27,37,47,57,67,77,87,97"
45,06:25,9,9,평택,11,"3,8,18,28,38,48,58,68,78,88,98"
46,06:26,1,1,서울역,10,"0,10,20,30,40,50,60,70,80,90"
46,06:26,10,10,인천공항,9,"9,29,39,49,59,69,79,89,99"
46,06:26,2,2,수서,10,"1,11,21,31,41,51,61,71,81,91"
46,06:26,3,3,삼성,10,"2,12,22,32,42,52,62,72,82,92"
46,06:26,4,4,여의도,9,"13,23,33,43,53,63,73,83,93"
46,06:26,5,5,김포공항,10,"4,14,24,34,44,54,64,74,84,94"
46,06:26,6,6,일산,8,"15,25,35,55,65,75,85,95"
46,06:26,7,7,판교,10,"6,16,26,36,46,56,66,76,86,96"
46,06:26,8,8,동탄/용인,10,"7,17,27,37,47,57,67,77,87,97"
46,06:26,9,9,평택,11,"3,8,18,28,38,48,58,68,78,88,98"
47,06:27,1,1,서울역,10,"0,10,20,30,40,50,60,70,80,90"
47,06:27,10,10,인천공항,9,"9,29,39,49,59,69,79,89,99"
47,06:27,2,2,수서,10,"1,11,21,31,41,51,61,71,81,91"
47,06:27,3,3,삼성,11,"2,12,19,22,32,42,52,62,72,82,92"
47,06:27,4,4,여의도,9,"13,23,33,43,53,63,73,83,93"
47,06:27,5,5,김포공항,10,"4,14,24,34,44,54,64,74,84,94"
47,06:27,6,6,일산,8,"15,25,35,55,65,75,85,95"
47,06:27,7,7,판교,10,"6,16,26,36,46,56,66,76,86,96"
47,06:27,8,8,동탄/용인,10,"7,17,27,37,47,57,67,77,87,97"
47,06:27,9,9,평택,11,"3,8,18,28,38,48,58,68,78,88,98"
48,06:28,1,1,서울역,10,"0,10,20,30,40,50,60,70,80,90"
48,06:28,10,10,인천공항,9,"9,29,39,49,59,69,79,89,99"
48,06:28,2,2,수서,10,"1,11,21,31,41,51,61,71,81,91"
48,06:28,3,3,삼성,11,"2,12,19,22,32,42,52,62,72,82,92"
48,06:28,4,4,여의도,9,"13,23,33,43,53,63,73,83,93"
48,06:28,5,5,김포공항,10,"4,14,24,34,44,54,64,74,84,94"
48,06:28,6,6,일산,8,"15,25,35,55,65,75,85,95"
48,06:28,7,7,판교,11,"5,6,16,26,36,46,56,66,76,86,96"
48,06:28,8,8,동탄/용인,10,"7,17,27,37,47,57,67,77,87,97"
48,06:28,9,9,평택,11,"3,8,18,28,38,48,58,68,78,88,98"
49,06:29,1,1,서울역,10,"0,10,20,30,40,50,60,70,80,90"
49,06:29,10,10,인천공항,9,"9,29,39,49,59,69,79,89,99"
49,06:29,2,2,수서,10,"1,11,21,31,41,51,61,71,81,91"
49,06:29,3,3,삼성,11,"2,12,19,22,32,42,52,62,72,82,92"
49,06:29,4,4,여의도,9,"13,23,33,43,53,63,73,83,93"
49,06:29,5,5,김포공항,10,"4,14,24,34,44,54,64,74,84,94"
49,06:29,6,6,일산,8,"15,25,35,55,65,75,85,95"
49,06:29,7,7,판교,11,"5,6,16,26,36,46,56,66,76,86,96"
49,06:29,8,8,동탄/용인,10,"7,17,27,37,47,57,67,77,87,97"
49,06:29,9,9,평택,11,"3,8,18,28,38,48,58,68,78,88,98"
50,06:30,1,1,서울역,10,"0,10,20,30,40,50,60,70,80,90"
50,06:30,10,10,인천공항,9,"9,29,39,49,59,69,79,89,99"
50,06:30,2,2,수서,10,"1,11,21,31,41,51,61,71,81,91"
50,06:30,3,3,삼성,11,"2,12,19,22,32,42,52,62,72,82,92"
50,06:30,4,4,여의도,9,"13,23,33,43,53,63,73,83,93"
50,06:30,5,5,김포공항,10,"4,14,24,34,44,54,64,74,84,94"
50,06:30,6,6,일산,8,"15,25,35,55,65,75,85,95"
50,06:30,7,7,판교,11,"5,6,16,26,36,46,56,66,76,86,96"
50,06:30,8,8,동탄/용인,10,"7,17,27,37,47,57,67,77,87,97"
50,06:30,9,9,평택,11,"3,8,18,28,38,48,58,68,78,88,98"
51,06:31,1,1,서울역,10,"0,10,20,30,40,50,60,70,80,90"
51,06:31,10,10,인천공항,9,"9,29,39,49,59,69,79,89,99"
51,06:31,2,2,수서,10,"1,11,21,31,41,51,61,71,81,91"
51,06:31,3,3,삼성,11,"2,12,19,22,32,42,52,62,72,82,92"
51,06:31,4,4,여의도,9,"13,23,33,43,53,63,73,83,93"
51,06:31,5,5,김포공항,10,"4,14,24,34,44,54,64,74,84,94"
51,06:31,6,6,일산,8,"15,25,35,55,65,75,85,95"
51,06:31,7,7,판교,11,"5,6,16,26,36,46,56,66,76,86,96"
51,06:31,8,8,동탄/용인,10,"7,17,27,37,47,57,67,77,87,97"
51,06:31,9,9,평택,11,"3,8,18,28,38,48,58,68,78,88,98"
52,06:32,1,1,서울역,9,"0,20,30,40,50,60,70,80,90"
52,06:32,10,10,인천공항,9,"9,29,39,49,59,69,79,89,99"
52,06:32,2,2,수서,10,"1,11,21,31,41,51,61,71,81,91"
52,06:32,3,3,삼성,11,"2,12,19,22,32,42,52,62,72,82,92"
52,06:32,4,4,여의도,9,"13,23,33,43,53,63,73,83,93"
52,06:32,5,5,김포공항,10,"4,14,24,34,44,54,64,74,84,94"
52,06:32,6,6,일산,8,"15,25,35,55,65,75,85,95"
52,06:32,7,7,판교,11,"5,6,16,26,36,46,56,66,76,86,96"
52,06:32,8,8,동탄/용인,10,"7,17,27,37,47,57,67,77,87,97"
52,06:32,9,9,평택,11,"3,8,18,28,38,48,58,68,78,88,98"
53,06:33,1,1,서울역,9,"0,20,30,40,50,60,70,80,90"
53,06:33,10,10,인천공항,9,"9,29,39,49,59,69,79,89,99"
53,06:33,2,2,수서,10,"1,11,21,31,41,51,61,71,81,91"
53,06:33,3,3,삼성,11,"2,12,19,22,32,42,52,62,72,82,92"
53,06:33,4,4,여의도,9,"13,23,33,43,53,63,73,83,93"
53,06:33,5,5,김포공항,10,"4,14,24,34,44,54,64,74,84,94"
53,06:33,6,6,일산,8,"15,25,35,55,65,75,85,95"
53,06:33,7,7,판교,11,"5,6,16,26,36,46,56,66,76,86,96"
53,06:33,8,8,동탄/용인,10,"7,17,27,37,47,57,67,77,87,97"
53,06:33,9,9,평택,11,"3,8,18,28,38,48,58,68,78,88,98"
54,06:34,1,1,서울역,9,"0,20,30,40,50,60,70,80,90"
54,06:34,10,10,인천공항,9,"9,29,39,49,59,69,79,89,99"
54,06:34,2,2,수서,10,"1,11,21,31,41,51,61,71,81,91"
54,06:34,3,3,삼성,11,"2,12,19,22,32,42,52,62,72,82,92"
54,06:34,4,4,여의도,9,"13,23,33,43,53,63,73,83,93"
54,06:34,5,5,김포공항,10,"4,14,24,34,44,54,64,74,84,94"
54,06:34,6,6,일산,8,"15,25,35,55,65,75,85,95"
54,06:34,7,7,판교,11,"5,6,16,26,36,46,56,66,76,86,96"
54,06:34,8,8,동탄/용인,10,"7,17,27,37,47,57,67,77,87,97"
54,06:34,9,9,평택,11,"3,8,18,28,38,48,58,68,78,88,98"
55,06:35,1,1,서울역,9,"0,20,30,40,50,60,70,80,90"
55,06:35,10,10,인천공항,9,"9,29,39,49,59,69,79,89,99"
55,06:35,2,2,수서,10,"1,11,21,31,41,51,61,71,81,91"
55,06:35,3,3,삼성,11,"2,12,19,22,32,42,52,62,72,82,92"
55,06:35,4,4,여의도,9,"13,23,33,43,53,63,73,83,93"
55,06:35,5,5,김포공항,10,"4,14,24,34,44,54,64,74,84,94"
55,06:35,6,6,일산,8,"15,25,35,55,65,75,85,95"
55,06:35,7,7,판교,11,"5,6,16,26,36,46,56,66,76,86,96"
55,06:35,8,8,동탄/용인,10,"7,17,27,37,47,57,67,77,87,97"
55,06:35,9,9,평택,11,"3,8,18,28,38,48,58,68,78,88,98"
56,06:36,1,1,서울역,9,"0,20,30,40,50,60,70,80,90"
56,06:36,10,10,인천공항,9,"9,29,39,49,59,69,79,89,99"
56,06:36,2,2,수서,10,"1,11,21,31,41,51,61,71,81,91"
56,06:36,3,3,삼성,11,"2,12,19,22,32,42,52,62,72,82,92"
56,06:36,4,4,여의도,9,"13,23,33,43,53,63,73,83,93"
56,06:36,5,5,김포공항,10,"4,14,24,34,44,54,64,74,84,94"
56,06:36,6,6,일산,8,"15,25,35,55,65,75,85,95"
56,06:36,7,7,판교,12,"5,6,16,26,36,45,46,56,66,76,86,96"
56,06:36,8,8,동탄/용인,10,"7,17,27,37,47,57,67,77,87,97"
56,06:36,9,9,평택,11,"3,8,18,28,38,48,58,68,78,88,98"
57,06:37,1,1,서울역,9,"0,20,30,40,50,60,70,80,90"
57,06:37,10,10,인천공항,9,"9,29,39,49,59,69,79,89,99"
57,06:37,2,2,수서,10,"1,11,21,31,41,51,61,71,81,91"
57,06:37,3,3,삼성,11,"2,12,19,22,32,42,52,62,72,82,92"
57,06:37,4,4,여의도,9,"13,23,33,43,53,63,73,83,93"
57,06:37,5,5,김포공항,10,"4,14,24,34,44,54,64,74,84,94"
57,06:37,6,6,일산,7,"15,35,55,65,75,85,95"
57,06:37,7,7,판교,12,"5,6,16,26,36,45,46,56,66,76,86,96"
57,06:37,8,8,동탄/용인,10,"7,17,27,37,47,57,67,77,87,97"
57,06:37,9,9,평택,11,"3,8,18,28,38,48,58,68,78,88,98"
58,06:38,1,1,서울역,9,"0,20,30,40,50,60,70,80,90"
58,06:38,10,10,인천공항,9,"9,29,39,49,59,69,79,89,99"
58,06:38,2,2,수서,10,"1,11,21,31,41,51,61,71,81,91"
58,06:38,3,3,삼성,11,"2,12,19,22,32,42,52,62,72,82,92"
58,06:38,4,4,여의도,9,"13,23,33,43,53,63,73,83,93"
58,06:38,5,5,김포공항,10,"4,14,24,34,44,54,64,74,84,94"
58,06:38,6,6,일산,7,"15,35,55,65,75,85,95"
58,06:38,7,7,판교,12,"5,6,16,26,36,45,46,56,66,76,86,96"
58,06:38,8,8,동탄/용인,10,"7,17,27,37,47,57,67,77,87,97"
58,06:38,9,9,평택,11,"3,8,18,28,38,48,58,68,78,88,98"
59,06:39,1,1,서울역,9,"0,20,30,40,50,60,70,80,90"
59,06:39,10,10,인천공항,9,"9,29,39,49,59,69,79,89,99"
59,06:39,2,2,수서,10,"1,11,21,31,41,51,61,71,81,91"
59,06:39,3,3,삼성,11,"2,12,19,22,32,42,52,62,72,82,92"
59,06:39,4,4,여의도,9,"13,23,33,43,53,63,73,83,93"
59,06:39,5,5,김포공항,10,"4,14,24,34,44,54,64,74,84,94"
59,06:39,6,6,일산,7,"15,35,55,65,75,85,95"
59,06:39,7,7,판교,12,"5,6,16,26,36,45,46,56,66,76,86,96"
59,06:39,8,8,동탄/용인,10,"7,17,27,37,47,57,67,77,87,97"
59,06:39,9,9,평택,11,"3,8,18,28,38,48,58,68,78,88,98"
60,06:40,1,1,서울역,9,"0,20,30,40,50,60,70,80,90"
60,06:40,10,10,인천공항,8,"9,39,49,59,69,79,89,99"
60,06:40,2,2,수서,10,"1,11,21,31,41,51,61,71,81,91"
60,06:40,3,3,삼성,11,"2,12,19,22,32,42,52,62,72,82,92"
60,06:40,4,4,여의도,9,"13,23,33,43,53,63,73,83,93"
60,06:40,5,5,김포공항,10,"4,14,24,34,44,54,64,74,84,94"
60,06:40,6,6,일산,7,"15,35,55,65,75,85,95"
60,06:40,7,7,판교,12,"5,6,16,26,36,45,46,56,66,76,86,96"
60,06:40,8,8,동탄/용인,10,"7,17,27,37,47,57,67,77,87,97"
60,06:40,9,9,평택,11,"3,8,18,28,38,48,58,68,78,88,98"
61,06:41,1,1,서울역,9,"0,20,30,40,50,60,70,80,90"
61,06:41,10,10,인천공항,8,"9,39,49,59,69,79,89,99"
61,06:41,2,2,수서,10,"1,11,21,31,41,51,61,71,81,91"
61,06:41,3,3,삼성,11,"2,12,19,22,32,42,52,62,72,82,92"
61,06:41,4,4,여의도,9,"13,23,33,43,53,63,73,83,93"
61,06:41,5,5,김포공항,10,"4,14,24,34,44,54,64,74,84,94"
61,06:41,6,6,일산,7,"15,35,55,65,75,85,95"
61,06:41,7,7,판교,12,"5,6,16,26,36,45,46,56,66,76,86,96"
61,06:41,8,8,동탄/용인,10,"7,17,27,37,47,57,67,77,87,97"
61,06:41,9,9,평택,11,"3,8,18,28,38,48,58,68,78,88,98"
62,06:42,1,1,서울역,9,"0,20,30,40,50,60,70,80,90"
62,06:42,10,10,인천공항,8,"9,39,49,59,69,79,89,99"
62,06:42,2,2,수서,10,"1,11,21,31,41,51,61,71,81,91"
62,06:42,3,3,삼성,11,"2,12,19,22,32,42,52,62,72,82,92"
62,06:42,4,4,여의도,9,"13,23,33,43,53,63,73,83,93"
62,06:42,5,5,김포공항,10,"4,14,24,34,44,54,64,74,84,94"
62,06:42,6,6,일산,7,"15,35,55,65,75,85,95"
62,06:42,7,7,판교,12,"5,6,16,26,36,45,46,56,66,76,86,96"
62,06:42,8,8,동탄/용인,10,"7,17,27,37,47,57,67,77,87,97"
62,06:42,9,9,평택,11,"3,8,18,28,38,48,58,68,78,88,98"
63,06:43,1,1,서울역,9,"0,20,30,40,50,60,70,80,90"
63,06:43,10,10,인천공항,7,"39,49,59,69,79,89,99"
63,06:43,2,2,수서,10,"1,11,21,31,41,51,61,71,81,91"
63,06:43,3,3,삼성,11,"2,12,19,22,32,42,52,62,72,82,92"
63,06:43,4,4,여의도,9,"13,23,33,43,53,63,73,83,93"
63,06:43,5,5,김포공항,10,"4,14,24,34,44,54,64,74,84,94"
63,06:43,6,6,일산,7,"15,35,55,65,75,85,95"
63,06:43,7,7,판교,12,"5,6,16,26,36,45,46,56,66,76,86,96"
63,06:43,8,8,동탄/용인,10,"7,17,27,37,47,57,67,77,87,97"
63,06:43,9,9,평택,11,"3,8,18,28,38,48,58,68,78,88,98"
64,06:44,1,1,서울역,9,"0,20,30,40,50,60,70,80,90"
64,06:44,10,10,인천공항,7,"39,49,59,69,79,89,99"
64,06:44,2,2,수서,10,"1,11,21,31,41,51,61,71,81,91"
64,06:44,3,3,삼성,11,"2,12,19,22,32,42,52,62,72,82,92"
64,06:44,4,4,여의도,9,"13,23,33,43,53,63,73,83,93"
64,06:44,5,5,김포공항,10,"4,14,24,34,44,54,64,74,84,94"
64,06:44,6,6,일산,7,"15,35,55,65,75,85,95"
64,06:44,7,7,판교,12,"5,6,16,26,36,45,46,56,66,76,86,96"
64,06:44,8,8,동탄/용인,10,"7,17,27,37,47,57,67,77,87,97"
64,06:44,9,9,평택,11,"3,8,18,28,38,48,58,68,78,88,98"
65,06:45,1,1,서울역,9,"0,20,30,40,50,60,70,80,90"
65,06:45,10,10,인천공항,8,"10,39,49,59,69,79,89,99"
65,06:45,2,2,수서,10,"1,11,21,31,41,51,61,71,81,91"
65,06:45,3,3,삼성,11,"2,12,19,22,32,42,52,62,72,82,92"
65,06:45,4,4,여의도,9,"13,23,33,43,53,63,73,83,93"
65,06:45,5,5,김포공항,10,"4,14,24,34,44,54,64,74,84,94"
65,06:45,6,6,일산,7,"15,35,55,65,75,85,95"
65,06:45,7,7,판교,12,"5,6,16,26,36,45,46,56,66,76,86,96"
65,06:45,8,8,동탄/용인,10,"7,17,27,37,47,57,67,77,87,97"
65,06:45,9,9,평택,11,"3,8,18,28,38,48,58,68,78,88,98"
66,06:46,1,1,서울역,9,"0,20,30,40,50,60,70,80,90"
66,06:46,10,10,인천공항,8,"10,39,49,59,69,79,89,99"
66,06:46,2,2,수서,10,"1,11,21,31,41,51,61,71,81,91"
66,06:46,3,3,삼성,11,"2,12,19,22,32,42,52,62,72,82,92"
66,06:46,4,4,여의도,9,"13,23,33,43,53,63,73,83,93"
66,06:46,5,5,김포공항,10,"4,14,24,34,44,54,64,74,84,94"
66,06:46,6,6,일산,7,"15,35,55,65,75,85,95"
66,06:46,7,7,판교,12,"5,6,16,26,36,45,46,56,66,76,86,96"
66,06:46,8,8,동탄/용인,10,"7,17,27,37,47,57,67,77,87,97"
66,06:46,9,9,평택,11,"3,8,18,28,38,48,58,68,78,88,98"
67,06:47,1,1,서울역,9,"0,20,30,40,50,60,70,80,90"
67,06:47,10,10,인천공항,8,"10,39,49,59,69,79,89,99"
67,06:47,2,2,수서,10,"1,11,21,31,41,51,61,71,81,91"
67,06:47,3,3,삼성,11,"2,12,19,22,32,42,52,62,72,82,92"
67,06:47,4,4,여의도,8,"23,33,43,53,63,73,83,93"
67,06:47,5,5,김포공항,10,"4,14,24,34,44,54,64,74,84,94"
67,06:47,6,6,일산,7,"15,35,55,65,75,85,95"
67,06:47,7,7,판교,12,"5,6,16,26,36,45,46,56,66,76,86,96"
67,06:47,8,8,동탄/용인,10,"7,17,27,37,47,57,67,77,87,97"
67,06:47,9,9,평택,11,"3,8,18,28,38,48,58,68,78,88,98"
68,06:48,1,1,서울역,8,"20,30,40,50,60,70,80,90"
68,06:48,10,10,인천공항,8,"10,39,49,59,69,79,89,99"
68,06:48,2,2,수서,10,"1,11,21,31,41,51,61,71,81,91"
68,06:48,3,3,삼성,11,"2,12,19,22,32,42,52,62,72,82,92"
68,06:48,4,4,여의도,8,"23,33,43,53,63,73,83,93"
68,06:48,5,5,김포공항,10,"4,14,24,34,44,54,64,74,84,94"
68,06:48,6,6,일산,7,"15,35,55,65,75,85,95"
68,06:48,7,7,판교,12,"5,6,16,26,36,45,46,56,66,76,86,96"
68,06:48,8,8,동탄/용인,10,"7,17,27,37,47,57,67,77,87,97"
68,06:48,9,9,평택,11,"3,8,18,28,38,48,58,68,78,88,98"
69,06:49,1,1,서울역,8,"20,30,40,50,60,70,80,90"
69,06:49,10,10,인천공항,7,"10,39,59,69,79,89,99"
69,06:49,2,2,수서,10,"1,11,21,31,41,51,61,71,81,91"
69,06:49,3,3,삼성,11,"2,12,19,22,32,42,52,62,72,82,92"
69,06:49,4,4,여의도,8,"23,33,43,53,63,73,83,93"
69,06:49,5,5,김포공항,10,"4,14,24,34,44,54,64,74,84,94"
69,06:49,6,6,일산,7,"15,35,55,65,75,85,95"
69,06:49,7,7,판교,13,"5,6,16,25,26,36,45,46,56,66,76,86,96"
69,06:49,8,8,동탄/용인,10,"7,17,27,37,47,57,67,77,87,97"
69,06:49,9,9,평택,11,"3,8,18,28,38,48,58,68,78,88,98"
70,06:50,1,1,서울역,8,"20,30,40,50,60,70,80,90"
70,06:50,10,10,인천공항,7,"10,39,59,69,79,89,99"
70,06:50,2,2,수서,10,"1,11,21,31,41,51,61,71,81,91"
70,06:50,3,3,삼성,11,"2,12,19,22,32,42,52,62,72,82,92"
70,06:50,4,4,여의도,8,"23,33,43,53,63,73,83,93"
70,06:50,5,5,김포공항,10,"4,14,24,34,44,54,64,74,84,94"
70,06:50,6,6,일산,7,"15,35,55,65,75,85,95"
70,06:50,7,7,판교,13,"5,6,16,25,26,36,45,46,56,66,76,86,96"
70,06:50,8,8,동탄/용인,10,"7,17,27,37,47,57,67,77,87,97"
70,06:50,9,9,평택,11,"3,8,18,28,38,48,58,68,78,88,98"
71,06:51,1,1,서울역,8,"20,30,40,50,60,70,80,90"
71,06:51,10,10,인천공항,6,"10,39,69,79,89,99"
71,06:51,2,2,수서,10,"1,11,21,31,41,51,61,71,81,91"
71,06:51,3,3,삼성,11,"2,12,19,22,32,42,52,62,72,82,92"
71,06:51,4,4,여의도,8,"23,33,43,53,63,73,83,93"
71,06:51,5,5,김포공항,10,"4,14,24,34,44,54,64,74,84,94"
71,06:51,6,6,일산,7,"15,35,55,65,75,85,95"
71,06:51,7,7,판교,13,"5,6,16,25,26,36,45,46,56,66,76,86,96"
71,06:51,8,8,동탄/용인,10,"7,17,27,37,47,57,67,77,87,97"
71,06:51,9,9,평택,11,"3,8,18,28,38,48,58,68,78,88,98"
72,06:52,1,1,서울역,8,"20,30,40,50,60,70,80,90"
72,06:52,10,10,인천공항,6,"10,39,69,79,89,99"
72,06:52,2,2,수서,10,"1,11,21,31,41,51,61,71,81,91"
72,06:52,3,3,삼성,11,"2,12,19,22,32,42,52,62,72,82,92"
72,06:52,4,4,여의도,9,"23,29,33,43,53,63,73,83,93"
72,06:52,5,5,김포공항,10,"4,14,24,34,44,54,64,74,84,94"
72,06:52,6,6,일산,7,"15,35,55,65,75,85,95"
72,06:52,7,7,판교,13,"5,6,16,25,26,36,45,46,56,66,76,86,96"
72,06:52,8,8,동탄/용인,10,"7,17,27,37,47,57,67,77,87,97"
72,06:52,9,9,평택,11,"3,8,18,28,38,48,58,68,78,88,98"
73,06:53,1,1,서울역,8,"20,30,40,50,60,70,80,90"
73,06:53,10,10,인천공항,6,"10,39,69,79,89,99"
73,06:53,2,2,수서,10,"1,11,21,31,41,51,61,71,81,91"
73,06:53,3,3,삼성,11,"2,12,19,22,32,42,52,62,72,82,92"
73,06:53,4,4,여의도,9,"23,29,33,43,53,63,73,83,93"
73,06:53,5,5,김포공항,10,"4,14,24,34,44,54,64,74,84,94"
73,06:53,6,6,일산,7,"15,35,55,65,75,85,95"
73,06:53,7,7,판교,13,"5,6,16,25,26,36,45,46,56,66,76,86,96"
73,06:53,8,8,동탄/용인,10,"7,17,27,37,47,57,67,77,87,97"
73,06:53,9,9,평택,11,"3,8,18,28,38,48,58,68,78,88,98"
74,06:54,1,1,서울역,8,"20,30,40,50,60,70,80,90"
74,06:54,10,10,인천공항,5,"39,69,79,89,99"
74,06:54,2,2,수서,10,"1,11,21,31,41,51,61,71,81,91"
74,06:54,3,3,삼성,11,"2,12,19,22,32,42,52,62,72,82,92"
74,06:54,4,4,여의도,9,"23,29,33,43,53,63,73,83,93"
74,06:54,5,5,김포공항,10,"4,14,24,34,44,54,64,74,84,94"
74,06:54,6,6,일산,7,"15,35,55,65,75,85,95"
74,06:54,7,7,판교,13,"5,6,16,25,26,36,45,46,56,66,76,86,96"
74,06:54,8,8,동탄/용인,10,"7,17,27,37,47,57,67,77,87,97"
74,06:54,9,9,평택,11,"3,8,18,28,38,48,58,68,78,88,98"
75,06:55,1,1,서울역,8,"20,30,40,50,60,70,80,90"
75,06:55,10,10,인천공항,5,"39,69,79,89,99"
75,06:55,2,2,수서,10,"1,11,21,31,41,51,61,71,81,91"
75,06:55,3,3,삼성,11,"2,12,19,22,32,42,52,62,72,82,92"
75,06:55,4,4,여의도,9,"23,29,33,43,53,63,73,83,93"
75,06:55,5,5,김포공항,10,"4,14,24,34,44,54,64,74,84,94"
75,06:55,6,6,일산,7,"15,35,55,65,75,85,95"
75,06:55,7,7,판교,13,"5,6,16,25,26,36,45,46,56,66,76,86,96"
75,06:55,8,8,동탄/용인,10,"7,17,27,37,47,57,67,77,87,97"
75,06:55,9,9,평택,11,"3,8,18,28,38,48,58,68,78,88,98"
76,06:56,1,1,서울역,8,"20,30,40,50,60,70,80,90"
76,06:56,10,10,인천공항,5,"39,69,79,89,99"
76,06:56,2,2,수서,10,"1,11,21,31,41,51,61,71,81,91"
76,06:56,3,3,삼성,11,"2,12,19,22,32,42,52,62,72,82,92"
76,06:56,4,4,여의도,8,"29,33,43,53,63,73,83,93"
76,06:56,5,5,김포공항,10,"4,14,24,34,44,54,64,74,84,94"
76,06:56,6,6,일산,7,"15,35,55,65,75,85,95"
76,06:56,7,7,판교,13,"5,6,16,25,26,36,45,46,56,66,76,86,96"
76,06:56,8,8,동탄/용인,10,"7,17,27,37,47,57,67,77,87,97"
76,06:56,9,9,평택,11,"3,8,18,28,38,48,58,68,78,88,98"
77,06:57,1,1,서울역,8,"20,30,40,50,60,70,80,90"
77,06:57,10,10,인천공항,4,"39,79,89,99"
77,06:57,2,2,수서,10,"1,11,21,31,41,51,61,71,81,91"
77,06:57,3,3,삼성,11,"2,12,19,22,32,42,52,62,72,82,92"
77,06:57,4,4,여의도,8,"29,33,43,53,63,73,83,93"
77,06:57,5,5,김포공항,10,"4,14,24,34,44,54,64,74,84,94"
77,06:57,6,6,일산,7,"15,35,55,65,75,85,95"
77,06:57,7,7,판교,13,"5,6,16,25,26,36,45,46,56,66,76,86,96"
77,06:57,8,8,동탄/용인,10,"7,17,27,37,47,57,67,77,87,97"
77,06:57,9,9,평택,11,"3,8,18,28,38,48,58,68,78,88,98"
78,06:58,1,1,서울역,8,"20,30,40,50,60,70,80,90"
78,06:58,10,10,인천공항,4,"39,79,89,99"
78,06:58,2,2,수서,10,"1,11,21,31,41,51,61,71,81,91"
78,06:58,3,3,삼성,12,"2,9,12,19,22,32,42,52,62,72,82,92"
78,06:58,4,4,여의도,8,"29,33,43,53,63,73,83,93"
78,06:58,5,5,김포공항,10,"4,14,24,34,44,54,64,74,84,94"
78,06:58,6,6,일산,7,"15,35,55,65,75,85,95"
78,06:58,7,7,판교,13,"5,6,16,25,26,36,45,46,56,66,76,86,96"
78,06:58,8,8,동탄/용인,10,"7,17,27,37,47,57,67,77,87,97"
78,06:58,9,9,평택,11,"3,8,18,28,38,48,58,68,78,88,98"
79,06:59,1,1,서울역,8,"20,30,40,50,60,70,80,90"
79,06:59,10,10,인천공항,4,"39,79,89,99"
79,06:59,2,2,수서,10,"1,11,21,31,41,51,61,71,81,91"
79,06:59,3,3,삼성,12,"2,9,12,19,22,32,42,52,62,72,82,92"
79,06:59,4,4,여의도,8,"29,33,43,53,63,73,83,93"
79,06:59,5,5,김포공항,10,"4,14,24,34,44,54,64,74,84,94"
79,06:59,6,6,일산,7,"15,35,55,65,75,85,95"
79,06:59,7,7,판교,13,"5,6,16,25,26,36,45,46,56,66,76,86,96"
79,06:59,8,8,동탄/용인,10,"7,17,27,37,47,57,67,77,87,97"
79,06:59,9,9,평택,11,"3,8,18,28,38,48,58,68,78,88,98"
80,07:00,1,1,서울역,8,"20,30,40,50,60,70,80,90"
80,07:00,10,10,인천공항,4,"39,79,89,99"
80,07:00,2,2,수서,10,"1,11,21,31,41,51,61,71,81,91"
80,07:00,3,3,삼성,12,"2,9,12,19,22,32,42,52,62,72,82,92"
80,07:00,4,4,여의도,8,"29,33,43,53,63,73,83,93"
80,07:00,5,5,김포공항,10,"4,14,24,34,44,54,64,74,84,94"
80,07:00,6,6,일산,7,"15,35,55,65,75,85,95"
80,07:00,7,7,판교,13,"5,6,16,25,26,36,45,46,56,66,76,86,96"
80,07:00,8,8,동탄/용인,10,"7,17,27,37,47,57,67,77,87,97"
80,07:00,9,9,평택,11,"3,8,18,28,38,48,58,68,78,88,98"
81,07:01,1,1,서울역,8,"20,30,40,50,60,70,80,90"
81,07:01,10,10,인천공항,5,"0,39,79,89,99"
81,07:01,2,2,수서,10,"1,11,21,31,41,51,61,71,81,91"
81,07:01,3,3,삼성,12,"2,9,12,19,22,32,42,52,62,72,82,92"
81,07:01,4,4,여의도,8,"29,33,43,53,63,73,83,93"
81,07:01,5,5,김포공항,10,"4,14,24,34,44,54,64,74,84,94"
81,07:01,6,6,일산,7,"15,35,55,65,75,85,95"
81,07:01,7,7,판교,13,"5,6,16,25,26,36,45,46,56,66,76,86,96"
81,07:01,8,8,동탄/용인,10,"7,17,27,37,47,57,67,77,87,97"
81,07:01,9,9,평택,11,"3,8,18,28,38,48,58,68,78,88,98"
82,07:02,1,1,서울역,8,"20,30,40,50,60,70,80,90"
82,07:02,10,10,인천공항,5,"0,39,79,89,99"
82,07:02,2,2,수서,10,"1,11,21,31,41,51,61,71,81,91"
82,07:02,3,3,삼성,12,"2,9,12,19,22,32,42,52,62,72,82,92"
82,07:02,4,4,여의도,8,"29,33,43,53,63,73,83,93"
82,07:02,5,5,김포공항,10,"4,14,24,34,44,54,64,74,84,94"
82,07:02,6,6,일산,7,"15,35,55,65,75,85,95"
82,07:02,7,7,판교,13,"5,6,16,25,26,36,45,46,56,66,76,86,96"
82,07:02,8,8,동탄/용인,10,"7,17,27,37,47,57,67,77,87,97"
82,07:02,9,9,평택,12,"3,8,13,18,28,38,48,58,68,78,88,98"
83,07:03,1,1,서울역,8,"20,30,40,50,60,70,80,90"
83,07:03,10,10,인천공항,5,"0,39,79,89,99"
83,07:03,2,2,수서,10,"1,11,21,31,41,51,61,71,81,91"
83,07:03,3,3,삼성,12,"2,9,12,19,22,32,42,52,62,72,82,92"
83,07:03,4,4,여의도,8,"29,33,43,53,63,73,83,93"
83,07:03,5,5,김포공항,10,"4,14,24,34,44,54,64,74,84,94"
83,07:03,6,6,일산,7,"15,35,55,65,75,85,95"
83,07:03,7,7,판교,13,"5,6,16,25,26,36,45,46,56,66,76,86,96"
83,07:03,8,8,동탄/용인,10,"7,17,27,37,47,57,67,77,87,97"
83,07:03,9,9,평택,12,"3,8,13,18,28,38,48,58,68,78,88,98"
84,07:04,1,1,서울역,8,"20,30,40,50,60,70,80,90"
84,07:04,10,10,인천공항,5,"0,39,79,89,99"
84,07:04,2,2,수서,10,"1,11,21,31,41,51,61,71,81,91"
84,07:04,3,3,삼성,13,"2,9,12,19,22,32,42,49,52,62,72,82,92"
84,07:04,4,4,여의도,8,"29,33,43,53,63,73,83,93"
84,07:04,5,5,김포공항,9,"4,24,34,44,54,64,74,84,94"
84,07:04,6,6,일산,7,"15,35,55,65,75,85,95"
84,07:04,7,7,판교,13,"5,6,16,25,26,36,45,46,56,66,76,86,96"
84,07:04,8,8,동탄/용인,10,"7,17,27,37,47,57,67,77,87,97"
84,07:04,9,9,평택,12,"3,8,13,18,28,38,48,58,68,78,88,98"
85,07:05,1,1,서울역,8,"20,30,40,50,60,70,80,90"
85,07:05,10,10,인천공항,5,"0,39,79,89,99"
85,07:05,2,2,수서,10,"1,11,21,31,41,51,61,71,81,91"
85,07:05,3,3,삼성,13,"2,9,12,19,22,32,42,49,52,62,72,82,92"
85,07:05,4,4,여의도,8,"29,33,43,53,63,73,83,93"
85,07:05,5,5,김포공항,8,"24,34,44,54,64,74,84,94"
85,07:05,6,6,일산,7,"15,35,55,65,75,85,95"
85,07:05,7,7,판교,13,"5,6,16,25,26,36,45,46,56,66,76,86,96"
85,07:05,8,8,동탄/용인,9,"7,27,37,47,57,67,77,87,97"
85,07:05,9,9,평택,12,"3,8,13,18,28,38,48,58,68,78,88,98"
86,07:06,1,1,서울역,8,"20,30,40,50,60,70,80,90"
86,07:06,10,10,인천공항,5,"0,39,79,89,99"
86,07:06,2,2,수서,10,"1,11,21,31,41,51,61,71,81,91"
86,07:06,3,3,삼성,14,"2,9,12,19,22,32,42,49,52,59,62,72,82,92"
86,07:06,4,4,여의도,9,"10,29,33,43,53,63,73,83,93"
86,07:06,5,5,김포공항,8,"24,34,44,54,64,74,84,94"
86,07:06,6,6,일산,7,"15,35,55,65,75,85,95"
86,07:06,7,7,판교,13,"5,6,16,25,26,36,45,46,56,66,76,86,96"
86,07:06,8,8,동탄/용인,9,"7,27,37,47,57,67,77,87,97"
86,07:06,9,9,평택,12,"3,8,13,18,28,38,48,58,68,78,88,98"
87,07:07,1,1,서울역,8,"20,30,40,50,60,70,80,90"
87,07:07,10,10,인천공항,5,"0,39,79,89,99"
87,07:07,2,2,수서,10,"1,11,21,31,41,51,61,71,81,91"
87,07:07,3,3,삼성,14,"2,9,12,19,22,32,42,49,52,59,62,72,82,92"
87,07:07,4,4,여의도,9,"10,29,33,43,53,63,73,83,93"
87,07:07,5,5,김포공항,8,"24,34,44,54,64,74,84,94"
87,07:07,6,6,일산,7,"15,35,55,65,75,85,95"
87,07:07,7,7,판교,13,"5,6,16,25,26,36,45,46,56,66,76,86,96"
87,07:07,8,8,동탄/용인,9,"7,27,37,47,57,67,77,87,97"
87,07:07,9,9,평택,12,"3,8,13,18,28,38,48,58,68,78,88,98"
88,07:08,1,1,서울역,8,"20,30,40,50,60,70,80,90"
88,07:08,10,10,인천공항,5,"0,39,79,89,99"
88,07:08,2,2,수서,10,"1,11,21,31,41,51,61,71,81,91"
88,07:08,3,3,삼성,14,"2,9,12,19,22,32,42,49,52,59,62,72,82,92"
88,07:08,4,4,여의도,9,"10,29,33,43,53,63,73,83,93"
88,07:08,5,5,김포공항,8,"24,34,44,54,64,74,84,94"
88,07:08,6,6,일산,7,"15,35,55,65,75,85,95"
88,07:08,7,7,판교,13,"5,6,16,25,26,36,45,46,56,66,76,86,96"
88,07:08,8,8,동탄/용인,9,"7,27,37,47,57,67,77,87,97"
88,07:08,9,9,평택,12,"3,8,13,18,28,38,48,58,68,78,88,98"
89,07:09,1,1,서울역,8,"20,30,40,50,60,70,80,90"
89,07:09,10,10,인천공항,5,"0,39,79,89,99"
89,07:09,2,2,수서,10,"1,11,21,31,41,51,61,71,81,91"
89,07:09,3,3,삼성,14,"2,9,12,19,22,32,42,49,52,59,62,72,82,92"
89,07:09,4,4,여의도,9,"10,29,33,43,53,63,73,83,93"
89,07:09,5,5,김포공항,8,"24,34,44,54,64,74,84,94"
89,07:09,6,6,일산,7,"15,35,55,65,75,85,95"
89,07:09,7,7,판교,13,"5,6,16,25,26,36,45,46,56,66,76,86,96"
89,07:09,8,8,동탄/용인,9,"7,27,37,47,57,67,77,87,97"
89,07:09,9,9,평택,12,"3,8,13,18,28,38,48,58,68,78,88,98"
90,07:10,1,1,서울역,8,"20,30,40,50,60,70,80,90"
90,07:10,10,10,인천공항,5,"0,39,79,89,99"
90,07:10,2,2,수서,10,"1,11,21,31,41,51,61,71,81,91"
90,07:10,3,3,삼성,14,"2,9,12,19,22,32,42,49,52,59,62,72,82,92"
90,07:10,4,4,여의도,9,"10,29,33,43,53,63,73,83,93"
90,07:10,5,5,김포공항,8,"24,34,44,54,64,74,84,94"
90,07:10,6,6,일산,7,"15,35,55,65,75,85,95"
90,07:10,7,7,판교,13,"5,6,16,25,26,36,45,46,56,66,76,86,96"
90,07:10,8,8,동탄/용인,9,"7,27,37,47,57,67,77,87,97"
90,07:10,9,9,평택,12,"3,8,13,18,28,38,48,58,68,78,88,98"
91,07:11,1,1,서울역,8,"20,30,40,50,60,70,80,90"
91,07:11,10,10,인천공항,5,"0,39,79,89,99"
91,07:11,2,2,수서,10,"1,11,21,31,41,51,61,71,81,91"
91,07:11,3,3,삼성,14,"2,9,12,19,22,32,42,49,52,59,62,72,82,92"
91,07:11,4,4,여의도,9,"10,29,33,43,53,63,73,83,93"
91,07:11,5,5,김포공항,8,"24,34,44,54,64,74,84,94"
91,07:11,6,6,일산,6,"15,35,55,75,85,95"
91,07:11,7,7,판교,13,"5,6,16,25,26,36,45,46,56,66,76,86,96"
91,07:11,8,8,동탄/용인,9,"7,27,37,47,57,67,77,87,97"
91,07:11,9,9,평택,13,"3,8,13,18,23,28,38,48,58,68,78,88,98"
92,07:12,1,1,서울역,8,"20,30,40,50,60,70,80,90"
92,07:12,10,10,인천공항,5,"0,39,79,89,99"
92,07:12,2,2,수서,10,"1,11,21,31,41,51,61,71,81,91"
92,07:12,3,3,삼성,15,"2,9,12,19,22,32,42,49,52,59,62,69,72,82,92"
92,07:12,4,4,여의도,9,"10,29,33,43,53,63,73,83,93"
92,07:12,5,5,김포공항,8,"24,34,44,54,64,74,84,94"
92,07:12,6,6,일산,6,"15,35,55,75,85,95"
92,07:12,7,7,판교,13,"5,6,16,25,26,36,45,46,56,66,76,86,96"
92,07:12,8,8,동탄/용인,9,"7,27,37,47,57,67,77,87,97"
92,07:12,9,9,평택,13,"3,8,13,18,23,28,38,48,58,68,78,88,98"
93,07:13,1,1,서울역,9,"4,20,30,40,50,60,70,80,90"
93,07:13,10,10,인천공항,5,"0,39,79,89,99"
93,07:13,2,2,수서,9,"1,21,31,41,51,61,71,81,91"
93,07:13,3,3,삼성,15,"2,9,12,19,22,32,42,49,52,59,62,69,72,82,92"
93,07:13,4,4,여의도,9,"10,29,33,43,53,63,73,83,93"
93,07:13,5,5,김포공항,8,"24,34,44,54,64,74,84,94"
93,07:13,6,6,일산,6,"15,35,55,75,85,95"
93,07:13,7,7,판교,12,"6,16,25,26,36,45,46,56,66,76,86,96"
93,07:13,8,8,동탄/용인,8,"7,37,47,57,67,77,87,97"
93,07:13,9,9,평택,13,"3,8,13,18,23,28,38,48,58,68,78,88,98"
94,07:14,1,1,서울역,9,"4,20,30,40,50,60,70,80,90"
94,07:14,10,10,인천공항,5,"0,39,79,89,99"
94,07:14,2,2,수서,8,"1,31,41,51,61,71,81,91"
94,07:14,3,3,삼성,15,"2,9,12,19,22,32,42,49,52,59,62,69,72,82,92"
94,07:14,4,4,여의도,9,"10,29,33,43,53,63,73,83,93"
94,07:14,5,5,김포공항,8,"24,34,44,54,64,74,84,94"
94,07:14,6,6,일산,6,"15,35,55,75,85,95"
94,07:14,7,7,판교,13,"6,14,16,25,26,36,45,46,56,66,76,86,96"
94,07:14,8,8,동탄/용인,8,"7,37,47,57,67,77,87,97"
94,07:14,9,9,평택,13,"3,8,13,18,23,28,38,48,58,68,78,88,98"
95,07:15,1,1,서울역,9,"4,20,30,40,50,60,70,80,90"
95,07:15,10,10,인천공항,5,"0,39,79,89,99"
95,07:15,2,2,수서,9,"1,17,31,41,51,61,71,81,91"
95,07:15,3,3,삼성,15,"2,9,12,19,22,32,42,49,52,59,62,69,72,82,92"
95,07:15,4,4,여의도,9,"10,29,33,43,53,63,73,83,93"
95,07:15,5,5,김포공항,8,"24,34,44,54,64,74,84,94"
95,07:15,6,6,일산,6,"15,35,55,75,85,95"
95,07:15,7,7,판교,13,"6,14,16,25,26,36,45,46,56,66,76,86,96"
95,07:15,8,8,동탄/용인,8,"7,37,47,57,67,77,87,97"
95,07:15,9,9,평택,13,"3,8,13,18,23,28,38,48,58,68,78,88,98"
96,07:16,1,1,서울역,9,"4,20,30,40,50,60,70,80,90"
96,07:16,10,10,인천공항,5,"0,39,79,89,99"
96,07:16,2,2,수서,9,"1,17,31,41,51,61,71,81,91"
96,07:16,3,3,삼성,15,"2,9,12,19,22,32,42,49,52,59,62,69,72,82,92"
96,07:16,4,4,여의도,9,"10,29,33,43,53,63,73,83,93"
96,07:16,5,5,김포공항,8,"24,34,44,54,64,74,84,94"
96,07:16,6,6,일산,6,"15,35,55,75,85,95"
96,07:16,7,7,판교,13,"6,14,16,25,26,36,45,46,56,66,76,86,96"
96,07:16,8,8,동탄/용인,8,"7,37,47,57,67,77,87,97"
96,07:16,9,9,평택,13,"3,8,13,18,23,28,38,48,58,68,78,88,98"
97,07:17,1,1,서울역,9,"4,20,30,40,50,60,70,80,90"
97,07:17,10,10,인천공항,5,"0,39,79,89,99"
97,07:17,2,2,수서,9,"1,17,31,41,51,61,71,81,91"
97,07:17,3,3,삼성,15,"2,9,12,19,22,32,42,49,52,59,62,69,72,82,92"
97,07:17,4,4,여의도,9,"10,29,33,43,53,63,73,83,93"
97,07:17,5,5,김포공항,8,"24,34,44,54,64,74,84,94"
97,07:17,6,6,일산,6,"15,35,55,75,85,95"
97,07:17,7,7,판교,13,"6,14,16,25,26,36,45,46,56,66,76,86,96"
97,07:17,8,8,동탄/용인,8,"7,37,47,57,67,77,87,97"
97,07:17,9,9,평택,13,"3,8,13,18,23,28,38,48,58,68,78,88,98"
98,07:18,1,1,서울역,9,"4,20,30,40,50,60,70,80,90"
98,07:18,10,10,인천공항,5,"0,39,79,89,99"
98,07:18,2,2,수서,9,"1,17,31,41,51,61,71,81,91"
98,07:18,3,3,삼성,15,"2,9,12,19,22,32,42,49,52,59,62,69,72,82,92"
98,07:18,4,4,여의도,9,"10,29,33,43,53,63,73,83,93"
98,07:18,5,5,김포공항,8,"24,34,44,54,64,74,84,94"
98,07:18,6,6,일산,6,"15,35,55,75,85,95"
98,07:18,7,7,판교,13,"6,14,16,25,26,36,45,46,56,66,76,86,96"
98,07:18,8,8,동탄/용인,8,"7,37,47,57,67,77,87,97"
98,07:18,9,9,평택,13,"3,8,13,18,23,28,38,48,58,68,78,88,98"
99,07:19,1,1,서울역,9,"4,20,30,40,50,60,70,80,90"
99,07:19,10,10,인천공항,5,"0,39,79,89,99"
99,07:19,2,2,수서,9,"1,17,31,41,51,61,71,81,91"
99,07:19,3,3,삼성,15,"2,9,12,19,22,32,42,49,52,59,62,69,72,82,92"
99,07:19,4,4,여의도,10,"10,11,29,33,43,53,63,73,83,93"
99,07:19,5,5,김포공항,8,"24,34,44,54,64,74,84,94"
99,07:19,6,6,일산,6,"15,35,55,75,85,95"
99,07:19,7,7,판교,13,"6,14,16,25,26,36,45,46,56,66,76,86,96"
99,07:19,8,8,동탄/용인,8,"7,37,47,57,67,77,87,97"
99,07:19,9,9,평택,13,"3,8,13,18,23,28,38,48,58,68,78,88,98"
100,07:20,1,1,서울역,10,"4,5,20,30,40,50,60,70,80,90"
100,07:20,10,10,인천공항,5,"0,39,79,89,99"
100,07:20,2,2,수서,9,"1,17,31,41,51,61,71,81,91"
100,07:20,3,3,삼성,15,"2,9,12,19,22,32,42,49,52,59,62,69,72,82,92"
100,07:20,4,4,여의도,11,"10,11,21,29,33,43,53,63,73,83,93"
100,07:20,5,5,김포공항,8,"24,34,44,54,64,74,84,94"
100,07:20,6,6,일산,4,"35,55,75,85"
100,07:20,7,7,판교,13,"6,14,16,25,26,36,45,46,56,66,76,86,96"
100,07:20,8,8,동탄/용인,8,"7,37,47,57,67,77,87,97"
100,07:20,9,9,평택,13,"3,8,13,18,23,28,38,48,58,68,78,88,98"
101,07:21,1,1,서울역,10,"4,5,20,30,40,50,60,70,80,90"
101,07:21,10,10,인천공항,5,"0,39,79,89,99"
101,07:21,2,2,수서,9,"1,17,31,41,51,61,71,81,91"
101,07:21,3,3,삼성,16,"2,9,12,19,22,32,42,49,52,59,62,65,69,72,82,92"
101,07:21,4,4,여의도,11,"10,11,21,29,33,43,53,63,73,83,93"
101,07:21,5,5,김포공항,8,"24,34,44,54,64,74,84,94"
101,07:21,6,6,일산,4,"35,55,75,85"
101,07:21,7,7,판교,13,"6,14,16,25,26,36,45,46,56,66,76,86,96"
101,07:21,8,8,동탄/용인,8,"7,37,47,57,67,77,87,97"
101,07:21,9,9,평택,13,"3,8,13,18,23,28,38,48,58,68,78,88,98"
102,07:22,1,1,서울역,10,"4,5,20,30,40,50,60,70,80,90"
102,07:22,10,10,인천공항,5,"0,39,79,89,99"
102,07:22,2,2,수서,9,"1,17,31,41,51,61,71,81,91"
102,07:22,3,3,삼성,16,"2,9,12,19,22,32,42,49,52,59,62,65,69,72,82,92"
102,07:22,4,4,여의도,11,"10,11,21,29,33,43,53,63,73,83,93"
102,07:22,5,5,김포공항,8,"24,34,44,54,64,74,84,94"
102,07:22,6,6,일산,4,"35,55,75,85"
102,07:22,7,7,판교,13,"6,14,16,25,26,36,45,46,56,66,76,86,96"
102,07:22,8,8,동탄/용인,8,"7,37,47,57,67,77,87,97"
102,07:22,9,9,평택,13,"3,8,13,18,23,28,38,48,58,68,78,88,98"
103,07:23,1,1,서울역,10,"4,5,20,30,40,50,60,70,80,90"
103,07:23,10,10,인천공항,5,"0,39,79,89,99"
103,07:23,2,2,수서,10,"1,17,27,31,41,51,61,71,81,91"
103,07:23,3,3,삼성,16,"2,9,12,19,22,32,42,49,52,59,62,65,69,72,82,92"
103,07:23,4,4,여의도,11,"10,11,21,29,33,43,53,63,73,83,93"
103,07:23,5,5,김포공항,8,"24,34,44,54,64,74,84,94"
103,07:23,6,6,일산,4,"35,55,75,85"
103,07:23,7,7,판교,12,"6,14,16,25,26,36,46,56,66,76,86,96"
103,07:23,8,8,동탄/용인,7,"7,47,57,67,77,87,97"
103,07:23,9,9,평택,13,"3,8,13,18,23,28,38,48,58,68,78,88,98"
104,07:24,1,1,서울역,10,"4,5,20,30,40,50,60,70,80,90"
104,07:24,10,10,인천공항,5,"0,39,79,89,99"
104,07:24,2,2,수서,9,"1,27,31,41,51,61,71,81,91"
104,07:24,3,3,삼성,16,"2,9,12,19,22,32,42,49,52,59,62,65,69,72,82,92"
104,07:24,4,4,여의도,11,"10,11,21,29,33,43,53,63,73,83,93"
104,07:24,5,5,김포공항,8,"24,34,44,54,64,74,84,94"
104,07:24,6,6,일산,4,"35,55,75,85"
104,07:24,7,7,판교,12,"6,14,16,25,26,36,46,56,66,76,86,96"
104,07:24,8,8,동탄/용인,7,"7,47,57,67,77,87,97"
104,07:24,9,9,평택,13,"3,8,13,18,23,28,38,48,58,68,78,88,98"
105,07:25,1,1,서울역,10,"4,5,20,30,40,50,60,70,80,90"
105,07:25,10,10,인천공항,5,"0,39,79,89,99"
105,07:25,2,2,수서,9,"1,27,31,41,51,61,71,81,91"
105,07:25,3,3,삼성,16,"2,9,12,19,22,32,42,49,52,59,62,65,69,72,82,92"
105,07:25,4,4,여의도,11,"10,11,21,29,33,43,53,63,73,83,93"
105,07:25,5,5,김포공항,8,"24,34,44,54,64,74,84,94"
105,07:25,6,6,일산,4,"35,55,75,85"
105,07:25,7,7,판교,12,"6,14,16,25,26,36,46,56,66,76,86,96"
105,07:25,8,8,동탄/용인,7,"7,47,57,67,77,87,97"
105,07:25,9,9,평택,13,"3,8,13,18,23,28,38,48,58,68,78,88,98"
106,07:26,1,1,서울역,10,"4,5,20,30,40,50,60,70,80,90"
106,07:26,10,10,인천공항,5,"0,39,79,89,99"
106,07:26,2,2,수서,9,"1,27,31,41,51,61,71,81,91"
106,07:26,3,3,삼성,16,"2,9,12,19,22,32,42,49,52,59,62,65,69,72,82,92"
106,07:26,4,4,여의도,11,"10,11,21,29,33,43,53,63,73,83,93"
106,07:26,5,5,김포공항,8,"24,34,44,54,64,74,84,94"
106,07:26,6,6,일산,4,"35,55,75,85"
106,07:26,7,7,판교,12,"6,14,16,25,26,36,46,56,66,76,86,96"
106,07:26,8,8,동탄/용인,6,"47,57,67,77,87,97"
106,07:26,9,9,평택,13,"3,8,13,18,23,28,38,48,58,68,78,88,98"
107,07:27,1,1,서울역,11,"4,5,15,20,30,40,50,60,70,80,90"
107,07:27,10,10,인천공항,5,"0,39,79,89,99"
107,07:27,2,2,수서,9,"1,27,31,41,51,61,71,81,91"
107,07:27,3,3,삼성,16,"2,9,12,19,22,32,42,49,52,59,62,65,69,72,82,92"
107,07:27,4,4,여의도,11,"10,11,21,29,33,43,53,63,73,83,93"
107,07:27,5,5,김포공항,8,"24,34,44,54,64,74,84,94"
107,07:27,6,6,일산,4,"35,55,75,85"
107,07:27,7,7,판교,12,"6,14,16,25,26,36,46,56,66,76,86,96"
107,07:27,8,8,동탄/용인,6,"47,57,67,77,87,97"
107,07:27,9,9,평택,13,"3,8,13,18,23,28,38,48,58,68,78,88,98"
108,07:28,1,1,서울역,11,"4,5,15,20,30,40,50,60,70,80,90"
108,07:28,10,10,인천공항,5,"0,39,79,89,99"
108,07:28,2,2,수서,9,"1,27,31,41,51,61,71,81,91"
108,07:28,3,3,삼성,16,"2,9,12,19,22,32,42,49,52,59,62,65,69,72,82,92"
108,07:28,4,4,여의도,11,"10,11,21,29,33,43,53,63,73,83,93"
108,07:28,5,5,김포공항,8,"24,34,44,54,64,74,84,94"
108,07:28,6,6,일산,4,"35,55,75,85"
108,07:28,7,7,판교,12,"6,14,16,25,26,36,46,56,66,76,86,96"
108,07:28,8,8,동탄/용인,6,"47,57,67,77,87,97"
108,07:28,9,9,평택,13,"3,8,13,18,23,28,38,48,58,68,78,88,98"
109,07:29,1,1,서울역,11,"4,5,15,20,30,40,50,60,70,80,90"
109,07:29,10,10,인천공항,5,"0,39,79,89,99"
109,07:29,2,2,수서,9,"1,27,31,41,51,61,71,81,91"
109,07:29,3,3,삼성,16,"2,9,12,19,22,32,42,49,52,59,62,65,69,72,82,92"
109,07:29,4,4,여의도,11,"10,11,21,29,33,43,53,63,73,83,93"
109,07:29,5,5,김포공항,8,"24,34,44,54,64,74,84,94"
109,07:29,6,6,일산,4,"35,55,75,85"
109,07:29,7,7,판교,12,"6,14,16,25,26,36,46,56,66,76,86,96"
109,07:29,8,8,동탄/용인,6,"47,57,67,77,87,97"
109,07:29,9,9,평택,13,"3,8,13,18,23,28,38,48,58,68,78,88,98"
110,07:30,1,1,서울역,11,"4,5,15,20,30,40,50,60,70,80,90"
110,07:30,10,10,인천공항,5,"0,39,79,89,99"
110,07:30,2,2,수서,9,"1,27,31,41,51,61,71,81,91"
110,07:30,3,3,삼성,16,"2,9,12,19,22,32,42,49,52,59,62,65,69,72,82,92"
110,07:30,4,4,여의도,12,"10,11,17,21,29,33,43,53,63,73,83,93"
110,07:30,5,5,김포공항,8,"24,34,44,54,64,74,84,94"
110,07:30,6,6,일산,4,"35,55,75,85"
110,07:30,7,7,판교,12,"6,14,16,25,26,36,46,56,66,76,86,96"
110,07:30,8,8,동탄/용인,6,"47,57,67,77,87,97"
110,07:30,9,9,평택,13,"3,8,13,18,23,28,38,48,58,68,78,88,98"
111,07:31,1,1,서울역,11,"4,5,15,20,30,40,50,60,70,80,90"
111,07:31,10,10,인천공항,5,"0,39,79,89,99"
111,07:31,2,2,수서,8,"27,31,41,51,61,71,81,91"
111,07:31,3,3,삼성,16,"2,9,12,19,22,32,42,49,52,59,62,65,69,72,82,92"
111,07:31,4,4,여의도,12,"10,11,17,21,29,33,43,53,63,73,83,93"
111,07:31,5,5,김포공항,8,"24,34,44,54,64,74,84,94"
111,07:31,6,6,일산,3,"35,75,85"
111,07:31,7,7,판교,12,"6,14,16,25,26,36,46,56,66,76,86,96"
111,07:31,8,8,동탄/용인,6,"47,57,67,77,87,97"
111,07:31,9,9,평택,13,"3,8,13,18,23,28,38,48,58,68,78,88,98"
112,07:32,1,1,서울역,11,"4,5,15,20,30,40,50,60,70,80,90"
112,07:32,10,10,인천공항,5,"0,39,79,89,99"
112,07:32,2,2,수서,8,"27,31,41,51,61,71,81,91"
112,07:32,3,3,삼성,16,"2,9,12,19,22,32,42,49,52,59,62,65,69,72,82,92"
112,07:32,4,4,여의도,12,"10,11,17,21,29,33,43,53,63,73,83,93"
112,07:32,5,5,김포공항,8,"24,34,44,54,64,74,84,94"
112,07:32,6,6,일산,3,"35,75,85"
112,07:32,7,7,판교,13,"6,14,16,25,26,36,46,56,66,76,86,95,96"
112,07:32,8,8,동탄/용인,6,"47,57,67,77,87,97"
112,07:32,9,9,평택,13,"3,8,13,18,23,28,38,48,58,68,78,88,98"
113,07:33,1,1,서울역,11,"4,5,15,20,30,40,50,60,70,80,90"
113,07:33,10,10,인천공항,5,"0,39,79,89,99"
113,07:33,2,2,수서,9,"27,31,37,41,51,61,71,81,91"
113,07:33,3,3,삼성,16,"2,9,12,19,22,32,42,49,52,59,62,65,69,72,82,92"
113,07:33,4,4,여의도,12,"10,11,17,21,29,33,43,53,63,73,83,93"
113,07:33,5,5,김포공항,8,"24,34,44,54,64,74,84,94"
113,07:33,6,6,일산,3,"35,75,85"
113,07:33,7,7,판교,13,"6,14,16,25,26,36,46,56,66,76,86,95,96"
113,07:33,8,8,동탄/용인,6,"47,57,67,77,87,97"
113,07:33,9,9,평택,13,"3,8,13,18,23,28,38,48,58,68,78,88,98"
114,07:34,1,1,서울역,11,"4,5,15,20,30,40,50,60,70,80,90"
114,07:34,10,10,인천공항,5,"0,39,79,89,99"
114,07:34,2,2,수서,9,"27,31,37,41,51,61,71,81,91"
114,07:34,3,3,삼성,16,"2,9,12,19,22,32,42,49,52,59,62,65,69,72,82,92"
114,07:34,4,4,여의도,12,"10,11,17,21,29,33,43,53,63,73,83,93"
114,07:34,5,5,김포공항,8,"24,34,44,54,64,74,84,94"
114,07:34,6,6,일산,3,"35,75,85"
114,07:34,7,7,판교,12,"6,16,25,26,36,46,56,66,76,86,95,96"
114,07:34,8,8,동탄/용인,6,"47,57,67,77,87,97"
114,07:34,9,9,평택,13,"3,8,13,18,23,28,38,48,58,68,78,88,98"
115,07:35,1,1,서울역,11,"4,5,15,20,30,40,50,60,70,80,90"
115,07:35,10,10,인천공항,5,"0,39,79,89,99"
115,07:35,2,2,수서,9,"27,31,37,41,51,61,71,81,91"
115,07:35,3,3,삼성,16,"2,9,12,19,22,32,42,49,52,59,62,65,69,72,82,92"
115,07:35,4,4,여의도,12,"10,11,17,21,29,33,43,53,63,73,83,93"
115,07:35,5,5,김포공항,8,"24,34,44,54,64,74,84,94"
115,07:35,6,6,일산,4,"35,45,75,85"
115,07:35,7,7,판교,12,"6,16,25,26,36,46,56,66,76,86,95,96"
115,07:35,8,8,동탄/용인,5,"57,67,77,87,97"
115,07:35,9,9,평택,13,"3,8,13,18,23,28,38,48,58,68,78,88,98"
116,07:36,1,1,서울역,11,"4,5,15,20,30,40,50,60,70,80,90"
116,07:36,10,10,인천공항,5,"0,39,79,89,99"
116,07:36,2,2,수서,10,"7,27,31,37,41,51,61,71,81,91"
116,07:36,3,3,삼성,16,"2,9,12,19,22,32,42,49,52,59,62,65,69,72,82,92"
116,07:36,4,4,여의도,12,"10,11,17,21,29,33,43,53,63,73,83,93"
116,07:36,5,5,김포공항,8,"24,34,44,54,64,74,84,94"
116,07:36,6,6,일산,3,"35,45,85"
116,07:36,7,7,판교,12,"6,16,25,26,36,46,56,66,76,86,95,96"
116,07:36,8,8,동탄/용인,5,"57,67,77,87,97"
116,07:36,9,9,평택,13,"3,8,13,18,23,28,38,48,58,68,78,88,98"
117,07:37,1,1,서울역,11,"4,5,15,20,30,40,50,60,70,80,90"
117,07:37,10,10,인천공항,5,"0,39,79,89,99"
117,07:37,2,2,수서,10,"7,27,31,37,41,51,61,71,81,91"
117,07:37,3,3,삼성,16,"2,9,12,19,22,32,42,49,52,59,62,65,69,72,82,92"
117,07:37,4,4,여의도,13,"1,10,11,17,21,29,33,43,53,63,73,83,93"
117,07:37,5,5,김포공항,8,"24,34,44,54,64,74,84,94"
117,07:37,6,6,일산,3,"35,45,85"
117,07:37,7,7,판교,12,"6,16,25,26,36,46,56,66,76,86,95,96"
117,07:37,8,8,동탄/용인,5,"57,67,77,87,97"
117,07:37,9,9,평택,13,"3,8,13,18,23,28,38,48,58,68,78,88,98"
118,07:38,1,1,서울역,12,"4,5,15,20,30,40,50,55,60,70,80,90"
118,07:38,10,10,인천공항,5,"0,39,79,89,99"
118,07:38,2,2,수서,10,"7,27,31,37,41,51,61,71,81,91"
118,07:38,3,3,삼성,16,"2,9,12,19,22,32,42,49,52,59,62,65,69,72,82,92"
118,07:38,4,4,여의도,13,"1,10,11,17,21,29,33,43,53,63,73,83,93"
118,07:38,5,5,김포공항,8,"24,34,44,54,64,74,84,94"
118,07:38,6,6,일산,3,"35,45,85"
118,07:38,7,7,판교,12,"6,16,25,26,36,46,56,66,76,86,95,96"
118,07:38,8,8,동탄/용인,5,"57,67,77,87,97"
118,07:38,9,9,평택,13,"3,8,13,18,23,28,38,48,58,68,78,88,98"
119,07:39,1,1,서울역,12,"4,5,15,20,30,40,50,55,60,70,80,90"
119,07:39,10,10,인천공항,5,"0,39,79,89,99"
119,07:39,2,2,수서,10,"7,27,31,37,41,51,61,71,81,91"
119,07:39,3,3,삼성,16,"2,9,12,19,22,32,42,49,52,59,62,65,69,72,82,92"
119,07:39,4,4,여의도,13,"1,10,11,17,21,29,33,43,53,63,73,83,93"
119,07:39,5,5,김포공항,8,"24,34,44,54,64,74,84,94"
119,07:39,6,6,일산,3,"35,45,85"
119,07:39,7,7,판교,12,"6,16,25,26,36,46,56,66,76,86,95,96"
119,07:39,8,8,동탄/용인,5,"57,67,77,87,97"
119,07:39,9,9,평택,13,"3,8,13,18,23,28,38,48,58,68,78,88,98"
120,07:40,1,1,서울역,12,"4,5,15,20,30,40,50,55,60,70,80,90"
120,07:40,10,10,인천공항,5,"0,39,79,89,99"
120,07:40,2,2,수서,10,"7,27,31,37,41,51,61,71,81,91"
120,07:40,3,3,삼성,16,"2,9,12,19,22,32,42,49,52,59,62,65,69,72,82,92"
120,07:40,4,4,여의도,13,"1,10,11,17,21,29,33,43,53,63,73,83,93"
120,07:40,5,5,김포공항,8,"24,34,44,54,64,74,84,94"
120,07:40,6,6,일산,3,"35,45,85"
120,07:40,7,7,판교,12,"6,16,25,26,36,46,56,66,76,86,95,96"
120,07:40,8,8,동탄/용인,5,"57,67,77,87,97"
120,07:40,9,9,평택,13,"3,8,13,18,23,28,38,48,58,68,78,88,98"
121,07:41,1,1,서울역,12,"4,5,15,20,30,40,50,55,60,70,80,90"
121,07:41,10,10,인천공항,5,"0,39,79,89,99"
121,07:41,2,2,수서,10,"7,27,31,37,41,51,61,71,81,91"
121,07:41,3,3,삼성,16,"2,9,12,19,22,32,42,49,52,59,62,65,69,72,82,92"
121,07:41,4,4,여의도,14,"1,10,11,14,17,21,29,33,43,53,63,73,83,93"
121,07:41,5,5,김포공항,8,"24,34,44,54,64,74,84,94"
121,07:41,6,6,일산,3,"35,45,85"
121,07:41,7,7,판교,12,"6,16,25,26,36,46,56,66,76,86,95,96"
121,07:41,8,8,동탄/용인,5,"57,67,77,87,97"
121,07:41,9,9,평택,13,"3,8,13,18,23,28,38,48,58,68,78,88,98"
122,07:42,1,1,서울역,12,"4,5,15,20,30,40,50,55,60,70,80,90"
122,07:42,10,10,인천공항,5,"0,39,79,89,99"
122,07:42,2,2,수서,10,"7,27,31,37,41,51,61,71,81,91"
122,07:42,3,3,삼성,16,"2,9,12,19,22,32,42,49,52,59,62,65,69,72,82,92"
122,07:42,4,4,여의도,13,"1,10,11,14,21,29,33,43,53,63,73,83,93"
122,07:42,5,5,김포공항,8,"24,34,44,54,64,74,84,94"
122,07:42,6,6,일산,3,"35,45,85"
122,07:42,7,7,판교,11,"6,25,26,36,46,56,66,76,86,95,96"
122,07:42,8,8,동탄/용인,5,"57,67,77,87,97"
122,07:42,9,9,평택,13,"3,8,13,18,23,28,38,48,58,68,78,88,98"
123,07:43,1,1,서울역,13,"4,5,15,20,30,40,50,55,60,70,75,80,90"
123,07:43,10,10,인천공항,5,"0,39,79,89,99"
123,07:43,2,2,수서,10,"7,27,31,37,41,51,61,71,81,91"
123,07:43,3,3,삼성,15,"2,9,12,19,32,42,49,52,59,62,65,69,72,82,92"
123,07:43,4,4,여의도,13,"1,10,11,14,21,29,33,43,53,63,73,83,93"
123,07:43,5,5,김포공항,8,"24,34,44,54,64,74,84,94"
123,07:43,6,6,일산,3,"35,45,85"
123,07:43,7,7,판교,11,"6,25,26,36,46,56,66,76,86,95,96"
123,07:43,8,8,동탄/용인,5,"57,67,77,87,97"
123,07:43,9,9,평택,13,"3,8,13,18,23,28,38,48,58,68,78,88,98"
124,07:44,1,1,서울역,13,"4,5,15,20,30,40,50,55,60,70,75,80,90"
124,07:44,10,10,인천공항,5,"0,39,79,89,99"
124,07:44,2,2,수서,10,"7,27,31,37,41,51,61,71,81,91"
124,07:44,3,3,삼성,15,"2,9,12,19,32,42,49,52,59,62,65,69,72,82,92"
124,07:44,4,4,여의도,13,"1,10,11,14,21,29,33,43,53,63,73,83,93"
124,07:44,5,5,김포공항,8,"24,34,44,54,64,74,84,94"
124,07:44,6,6,일산,3,"35,45,85"
124,07:44,7,7,판교,11,"6,25,26,36,46,56,66,76,86,95,96"
124,07:44,8,8,동탄/용인,5,"57,67,77,87,97"
124,07:44,9,9,평택,13,"3,8,13,18,23,28,38,48,58,68,78,88,98"
125,07:45,1,1,서울역,13,"4,5,15,20,30,40,50,55,60,70,75,80,90"
125,07:45,10,10,인천공항,5,"0,39,79,89,99"
125,07:45,2,2,수서,11,"7,27,31,37,41,47,51,61,71,81,91"
125,07:45,3,3,삼성,14,"2,9,12,19,42,49,52,59,62,65,69,72,82,92"
125,07:45,4,4,여의도,13,"1,10,11,14,21,29,33,43,53,63,73,83,93"
125,07:45,5,5,김포공항,8,"24,34,44,54,64,74,84,94"
125,07:45,6,6,일산,3,"35,45,85"
125,07:45,7,7,판교,11,"6,25,26,36,46,56,66,76,86,95,96"
125,07:45,8,8,동탄/용인,5,"57,67,77,87,97"
125,07:45,9,9,평택,12,"8,13,18,23,28,38,48,58,68,78,88,98"
126,07:46,1,1,서울역,13,"4,5,15,20,30,40,50,55,60,70,75,80,90"
126,07:46,10,10,인천공항,5,"0,39,79,89,99"
126,07:46,2,2,수서,11,"7,27,31,37,41,47,51,61,71,81,91"
126,07:46,3,3,삼성,14,"2,9,12,19,42,49,52,59,62,65,69,72,82,92"
126,07:46,4,4,여의도,13,"1,10,11,14,21,29,33,43,53,63,73,83,93"
126,07:46,5,5,김포공항,8,"24,34,44,54,64,74,84,94"
126,07:46,6,6,일산,2,"45,85"
126,07:46,7,7,판교,10,"6,26,36,46,56,66,76,86,95,96"
126,07:46,8,8,동탄/용인,5,"57,67,77,87,97"
126,07:46,9,9,평택,11,"13,18,23,28,38,48,58,68,78,88,98"
127,07:47,1,1,서울역,13,"4,5,15,20,30,40,50,55,60,70,75,80,90"
127,07:47,10,10,인천공항,5,"0,39,79,89,99"
127,07:47,2,2,수서,11,"7,27,31,37,41,47,51,61,71,81,91"
127,07:47,3,3,삼성,14,"2,9,12,19,42,49,52,59,62,65,69,72,82,92"
127,07:47,4,4,여의도,13,"1,10,11,14,21,29,33,43,53,63,73,83,93"
127,07:47,5,5,김포공항,8,"24,34,44,54,64,74,84,94"
127,07:47,6,6,일산,2,"45,85"
127,07:47,7,7,판교,9,"6,36,46,56,66,76,86,95,96"
127,07:47,8,8,동탄/용인,5,"57,67,77,87,97"
127,07:47,9,9,평택,11,"13,18,23,28,38,48,58,68,78,88,98"
128,07:48,1,1,서울역,13,"4,5,15,20,30,40,50,55,60,70,75,80,90"
128,07:48,10,10,인천공항,5,"0,39,79,89,99"
128,07:48,2,2,수서,11,"7,27,31,37,41,47,51,61,71,81,91"
128,07:48,3,3,삼성,14,"2,9,12,19,42,49,52,59,62,65,69,72,82,92"
128,07:48,4,4,여의도,13,"1,10,11,14,21,29,33,43,53,63,73,83,93"
128,07:48,5,5,김포공항,8,"24,34,44,54,64,74,84,94"
128,07:48,6,6,일산,2,"45,85"
128,07:48,7,7,판교,8,"6,46,56,66,76,86,95,96"
128,07:48,8,8,동탄/용인,5,"57,67,77,87,97"
128,07:48,9,9,평택,11,"13,18,23,28,38,48,58,68,78,88,98"
129,07:49,1,1,서울역,13,"4,5,15,20,30,40,50,55,60,70,75,80,90"
129,07:49,10,10,인천공항,5,"0,39,79,89,99"
129,07:49,2,2,수서,11,"7,27,31,37,41,47,51,61,71,81,91"
129,07:49,3,3,삼성,14,"2,9,12,19,42,49,52,59,62,65,69,72,82,92"
129,07:49,4,4,여의도,14,"1,10,11,14,16,21,29,33,43,53,63,73,83,93"
129,07:49,5,5,김포공항,8,"24,34,44,54,64,74,84,94"
129,07:49,6,6,일산,3,"17,45,85"
129,07:49,7,7,판교,8,"6,46,56,66,76,86,95,96"
129,07:49,8,8,동탄/용인,5,"57,67,77,87,97"
129,07:49,9,9,평택,11,"13,18,23,28,38,48,58,68,78,88,98"
130,07:50,1,1,서울역,13,"4,5,15,20,30,40,50,55,60,70,75,80,90"
130,07:50,10,10,인천공항,5,"0,39,79,89,99"
130,07:50,2,2,수서,11,"7,27,31,37,41,47,51,61,71,81,91"
130,07:50,3,3,삼성,14,"2,9,12,19,42,49,52,59,62,65,69,72,82,92"
130,07:50,4,4,여의도,14,"1,10,11,14,16,21,29,33,43,53,63,73,83,93"
130,07:50,5,5,김포공항,8,"24,34,44,54,64,74,84,94"
130,07:50,6,6,일산,3,"17,45,85"
130,07:50,7,7,판교,8,"6,46,56,66,76,86,95,96"
130,07:50,8,8,동탄/용인,5,"57,67,77,87,97"
130,07:50,9,9,평택,11,"13,18,23,28,38,48,58,68,78,88,98"
131,07:51,1,1,서울역,13,"4,5,15,20,30,40,50,55,60,70,75,80,90"
131,07:51,10,10,인천공항,5,"0,39,79,89,99"
131,07:51,2,2,수서,11,"7,27,31,37,41,47,51,61,71,81,91"
131,07:51,3,3,삼성,14,"2,9,12,19,42,49,52,59,62,65,69,72,82,92"
131,07:51,4,4,여의도,14,"1,10,11,14,16,21,29,33,43,53,63,73,83,93"
131,07:51,5,5,김포공항,8,"24,34,44,54,64,74,84,94"
131,07:51,6,6,일산,3,"17,45,85"
131,07:51,7,7,판교,8,"6,46,56,66,76,86,95,96"
131,07:51,8,8,동탄/용인,5,"57,67,77,87,97"
131,07:51,9,9,평택,11,"13,18,23,28,38,48,58,68,78,88,98"
132,07:52,1,1,서울역,13,"4,5,15,20,30,40,50,55,60,70,75,80,90"
132,07:52,10,10,인천공항,5,"0,39,79,89,99"
132,07:52,2,2,수서,10,"27,31,37,41,47,51,61,71,81,91"
132,07:52,3,3,삼성,14,"2,9,12,19,42,49,52,59,62,65,69,72,82,92"
132,07:52,4,4,여의도,14,"1,10,11,14,16,21,29,33,43,53,63,73,83,93"
132,07:52,5,5,김포공항,8,"24,34,44,54,64,74,84,94"
132,07:52,6,6,일산,3,"17,45,85"
132,07:52,7,7,판교,7,"46,56,66,76,86,95,96"
132,07:52,8,8,동탄/용인,4,"67,77,87,97"
132,07:52,9,9,평택,11,"13,18,23,28,38,48,58,68,78,88,98"
133,07:53,1,1,서울역,14,"4,5,15,20,30,35,40,50,55,60,70,75,80,90"
133,07:53,10,10,인천공항,5,"0,39,79,89,99"
133,07:53,2,2,수서,10,"27,31,37,41,47,51,61,71,81,91"
133,07:53,3,3,삼성,14,"2,9,12,19,42,49,52,59,62,65,69,72,82,92"
133,07:53,4,4,여의도,15,"1,10,11,14,16,21,25,29,33,43,53,63,73,83,93"
133,07:53,5,5,김포공항,8,"24,34,44,54,64,74,84,94"
133,07:53,6,6,일산,3,"17,45,85"
133,07:53,7,7,판교,7,"46,56,66,76,86,95,96"
133,07:53,8,8,동탄/용인,5,"22,67,77,87,97"
133,07:53,9,9,평택,11,"13,18,23,28,38,48,58,68,78,88,98"
134,07:54,1,1,서울역,14,"4,5,15,20,30,35,40,50,55,60,70,75,80,90"
134,07:54,10,10,인천공항,5,"0,39,79,89,99"
134,07:54,2,2,수서,10,"27,31,37,41,47,51,61,71,81,91"
134,07:54,3,3,삼성,14,"2,9,12,19,42,49,52,59,62,65,69,72,82,92"
134,07:54,4,4,여의도,16,"1,10,11,14,16,21,25,26,29,33,43,53,63,73,83,93"
134,07:54,5,5,김포공항,8,"24,34,44,54,64,74,84,94"
134,07:54,6,6,일산,3,"17,45,85"
134,07:54,7,7,판교,7,"46,56,66,76,86,95,96"
134,07:54,8,8,동탄/용인,5,"22,67,77,87,97"
134,07:54,9,9,평택,11,"13,18,23,28,38,48,58,68,78,88,98"
135,07:55,1,1,서울역,14,"4,5,15,20,30,35,40,50,55,60,70,75,80,90"
135,07:55,10,10,인천공항,5,"0,39,79,89,99"
135,07:55,2,2,수서,10,"27,31,37,41,47,51,61,71,81,91"
135,07:55,3,3,삼성,14,"2,9,12,19,42,49,52,59,62,65,69,72,82,92"
135,07:55,4,4,여의도,17,"1,10,11,14,16,21,25,26,29,33,36,43,53,63,73,83,93"
135,07:55,5,5,김포공항,8,"24,34,44,54,64,74,84,94"
135,07:55,6,6,일산,2,"45,85"
135,07:55,7,7,판교,7,"46,56,66,76,86,95,96"
135,07:55,8,8,동탄/용인,6,"22,32,67,77,87,97"
135,07:55,9,9,평택,11,"13,18,23,28,38,48,58,68,78,88,98"
136,07:56,1,1,서울역,14,"4,5,15,20,30,35,40,50,55,60,70,75,80,90"
136,07:56,10,10,인천공항,5,"0,39,79,89,99"
136,07:56,2,2,수서,10,"27,31,37,41,47,51,61,71,81,91"
136,07:56,3,3,삼성,14,"2,9,12,19,42,49,52,59,62,65,69,72,82,92"
136,07:56,4,4,여의도,17,"1,10,11,14,16,21,25,26,29,33,36,43,53,63,73,83,93"
136,07:56,5,5,김포공항,8,"24,34,44,54,64,74,84,94"
136,07:56,6,6,일산,2,"45,85"
136,07:56,7,7,판교,7,"46,56,66,76,86,95,96"
136,07:56,8,8,동탄/용인,6,"22,32,67,77,87,97"
136,07:56,9,9,평택,11,"13,18,23,28,38,48,58,68,78,88,98"
137,07:57,1,1,서울역,14,"4,5,15,20,30,35,40,50,55,60,70,75,80,90"
137,07:57,10,10,인천공항,5,"0,39,79,89,99"
137,07:57,2,2,수서,9,"27,31,37,41,51,61,71,81,91"
137,07:57,3,3,삼성,14,"2,9,12,19,42,49,52,59,62,65,69,72,82,92"
137,07:57,4,4,여의도,17,"1,10,11,14,16,21,25,26,29,33,36,43,53,63,73,83,93"
137,07:57,5,5,김포공항,8,"24,34,44,54,64,74,84,94"
137,07:57,6,6,일산,2,"45,85"
137,07:57,7,7,판교,7,"46,56,66,76,86,95,96"
137,07:57,8,8,동탄/용인,6,"22,32,67,77,87,97"
137,07:57,9,9,평택,11,"13,18,23,28,38,48,58,68,78,88,98"
138,07:58,1,1,서울역,14,"4,5,15,20,30,35,40,50,55,60,70,75,80,90"
138,07:58,10,10,인천공항,5,"0,39,79,89,99"
138,07:58,2,2,수서,9,"27,31,37,41,51,61,71,81,91"
138,07:58,3,3,삼성,14,"2,9,12,19,42,49,52,59,62,65,69,72,82,92"
138,07:58,4,4,여의도,18,"1,7,10,11,14,16,21,25,26,29,33,36,43,53,63,73,83,93"
138,07:58,5,5,김포공항,7,"24,34,44,64,74,84,94"
138,07:58,6,6,일산,2,"45,85"
138,07:58,7,7,판교,7,"46,56,66,76,86,95,96"
138,07:58,8,8,동탄/용인,6,"22,32,67,77,87,97"
138,07:58,9,9,평택,11,"13,18,23,28,38,48,58,68,78,88,98"
139,07:59,1,1,서울역,15,"4,5,6,15,20,30,35,40,50,55,60,70,75,80,90"
139,07:59,10,10,인천공항,5,"0,39,79,89,99"
139,07:59,2,2,수서,9,"27,31,37,41,51,61,71,81,91"
139,07:59,3,3,삼성,14,"2,9,12,19,42,49,52,59,62,65,69,72,82,92"
139,07:59,4,4,여의도,18,"1,7,10,11,14,16,21,25,26,29,33,36,43,53,63,73,83,93"
139,07:59,5,5,김포공항,7,"24,34,44,64,74,84,94"
139,07:59,6,6,일산,2,"45,85"
139,07:59,7,7,판교,7,"46,56,66,76,86,95,96"
139,07:59,8,8,동탄/용인,6,"22,32,67,77,87,97"
139,07:59,9,9,평택,11,"13,18,23,28,38,48,58,68,78,88,98"
140,08:00,1,1,서울역,15,"4,5,6,15,20,30,35,40,50,55,60,70,75,80,90"
140,08:00,10,10,인천공항,5,"0,39,79,89,99"
140,08:00,2,2,수서,9,"27,31,37,41,51,61,71,81,91"
140,08:00,3,3,삼성,14,"2,9,12,19,42,49,52,59,62,65,69,72,82,92"
140,08:00,4,4,여의도,18,"1,7,10,11,14,16,21,25,26,29,33,36,43,53,63,73,83,93"
140,08:00,5,5,김포공항,7,"24,34,44,64,74,84,94"
140,08:00,6,6,일산,2,"45,85"
140,08:00,7,7,판교,7,"46,56,66,76,86,95,96"
140,08:00,8,8,동탄/용인,6,"22,32,67,77,87,97"
140,08:00,9,9,평택,11,"13,18,23,28,38,48,58,68,78,88,98"
141,08:01,1,1,서울역,15,"4,5,6,15,20,30,35,40,50,55,60,70,75,80,90"
141,08:01,10,10,인천공항,5,"0,39,79,89,99"
141,08:01,2,2,수서,9,"27,31,37,41,51,61,71,81,91"
141,08:01,3,3,삼성,14,"2,9,12,19,42,49,52,59,62,65,69,72,82,92"
141,08:01,4,4,여의도,18,"1,7,10,11,14,16,21,25,26,29,33,36,43,53,63,73,83,93"
141,08:01,5,5,김포공항,7,"24,34,44,64,74,84,94"
141,08:01,6,6,일산,2,"45,85"
141,08:01,7,7,판교,7,"46,56,66,76,86,95,96"
141,08:01,8,8,동탄/용인,6,"22,32,67,77,87,97"
141,08:01,9,9,평택,11,"13,18,23,28,38,48,58,68,78,88,98"
142,08:02,1,1,서울역,15,"4,5,6,15,20,30,35,40,50,55,60,70,75,80,90"
142,08:02,10,10,인천공항,5,"0,39,79,89,99"
142,08:02,2,2,수서,10,"27,31,37,41,51,57,61,71,81,91"
142,08:02,3,3,삼성,14,"2,9,12,19,42,49,52,59,62,65,69,72,82,92"
142,08:02,4,4,여의도,17,"1,7,10,11,14,16,25,26,29,33,36,43,53,63,73,83,93"
142,08:02,5,5,김포공항,7,"24,34,44,64,74,84,94"
142,08:02,6,6,일산,2,"45,85"
142,08:02,7,7,판교,7,"46,56,66,76,86,95,96"
142,08:02,8,8,동탄/용인,6,"22,32,67,77,87,97"
142,08:02,9,9,평택,11,"13,18,23,28,38,48,58,68,78,88,98"
143,08:03,1,1,서울역,15,"4,5,6,15,20,30,35,40,50,55,60,70,75,80,90"
143,08:03,10,10,인천공항,5,"0,39,79,89,99"
143,08:03,2,2,수서,9,"31,37,41,51,57,61,71,81,91"
143,08:03,3,3,삼성,14,"2,9,12,19,42,49,52,59,62,65,69,72,82,92"
143,08:03,4,4,여의도,17,"1,7,10,11,14,16,25,26,29,33,36,43,53,63,73,83,93"
143,08:03,5,5,김포공항,7,"24,34,44,64,74,84,94"
143,08:03,6,6,일산,2,"45,85"
143,08:03,7,7,판교,7,"46,56,66,76,86,95,96"
143,08:03,8,8,동탄/용인,5,"22,67,77,87,97"
143,08:03,9,9,평택,11,"13,18,23,28,38,48,58,68,78,88,98"
144,08:04,1,1,서울역,14,"4,5,15,20,30,35,40,50,55,60,70,75,80,90"
144,08:04,10,10,인천공항,5,"0,39,79,89,99"
144,08:04,2,2,수서,9,"31,37,41,51,57,61,71,81,91"
144,08:04,3,3,삼성,14,"2,9,12,19,42,49,52,59,62,65,69,72,82,92"
144,08:04,4,4,여의도,17,"1,7,10,11,14,16,25,26,29,33,36,43,53,63,73,83,93"
144,08:04,5,5,김포공항,7,"24,34,44,64,74,84,94"
144,08:04,6,6,일산,2,"45,85"
144,08:04,7,7,판교,7,"46,56,66,76,86,95,96"
144,08:04,8,8,동탄/용인,5,"22,67,77,87,97"
144,08:04,9,9,평택,11,"13,18,23,28,38,48,58,68,78,88,98"
145,08:05,1,1,서울역,14,"4,5,15,20,30,35,40,50,55,60,70,75,80,90"
145,08:05,10,10,인천공항,5,"0,39,79,89,99"
145,08:05,2,2,수서,9,"31,37,41,51,57,61,71,81,91"
145,08:05,3,3,삼성,13,"2,9,12,19,42,49,52,59,62,65,72,82,92"
145,08:05,4,4,여의도,17,"1,7,10,11,14,16,25,26,29,33,36,43,53,63,73,83,93"
145,08:05,5,5,김포공항,8,"24,34,44,47,64,74,84,94"
145,08:05,6,6,일산,3,"3,45,85"
145,08:05,7,7,판교,7,"46,56,66,76,86,95,96"
145,08:05,8,8,동탄/용인,5,"22,67,77,87,97"
145,08:05,9,9,평택,11,"13,18,23,28,38,48,58,68,78,88,98"
146,08:06,1,1,서울역,14,"4,5,15,20,30,35,40,50,55,60,70,75,80,90"
146,08:06,10,10,인천공항,5,"0,39,79,89,99"
146,08:06,2,2,수서,10,"31,37,41,51,54,57,61,71,81,91"
146,08:06,3,3,삼성,13,"2,9,12,19,42,49,52,59,62,65,72,82,92"
146,08:06,4,4,여의도,17,"1,7,10,11,14,16,25,26,29,33,36,43,53,63,73,83,93"
146,08:06,5,5,김포공항,8,"24,34,44,47,64,74,84,94"
146,08:06,6,6,일산,4,"3,8,45,85"
146,08:06,7,7,판교,7,"46,56,66,76,86,95,96"
146,08:06,8,8,동탄/용인,5,"22,67,77,87,97"
146,08:06,9,9,평택,10,"13,23,28,38,48,58,68,78,88,98"
147,08:07,1,1,서울역,14,"4,5,15,20,30,35,40,50,55,60,70,75,80,90"
147,08:07,10,10,인천공항,5,"0,39,79,89,99"
147,08:07,2,2,수서,10,"31,37,41,51,54,57,61,71,81,91"
147,08:07,3,3,삼성,11,"9,12,19,42,49,52,59,62,65,82,92"
147,08:07,4,4,여의도,17,"1,7,10,11,14,16,25,26,29,33,36,43,53,63,73,83,93"
147,08:07,5,5,김포공항,8,"24,34,44,47,64,74,84,94"
147,08:07,6,6,일산,4,"3,8,45,85"
147,08:07,7,7,판교,6,"17,46,56,76,95,96"
147,08:07,8,8,동탄/용인,5,"22,67,77,87,97"
147,08:07,9,9,평택,10,"13,23,28,38,48,58,68,78,88,98"
148,08:08,1,1,서울역,14,"4,5,15,20,30,35,40,50,55,60,70,75,80,90"
148,08:08,10,10,인천공항,5,"0,39,79,89,99"
148,08:08,2,2,수서,9,"37,41,51,54,57,61,71,81,91"
148,08:08,3,3,삼성,11,"9,12,19,42,49,52,59,62,65,82,92"
148,08:08,4,4,여의도,17,"1,7,10,11,14,16,25,26,29,33,36,43,53,63,73,83,93"
148,08:08,5,5,김포공항,7,"24,34,44,47,74,84,94"
148,08:08,6,6,일산,4,"3,8,45,85"
148,08:08,7,7,판교,5,"17,46,56,76,96"
148,08:08,8,8,동탄/용인,4,"67,77,87,97"
148,08:08,9,9,평택,10,"13,23,28,38,48,58,68,78,88,98"
149,08:09,1,1,서울역,14,"4,5,15,20,30,35,40,50,55,60,70,75,80,90"
149,08:09,10,10,인천공항,5,"0,39,79,89,99"
149,08:09,2,2,수서,9,"37,41,51,54,57,61,71,81,91"
149,08:09,3,3,삼성,10,"9,12,19,42,49,52,59,62,65,92"
149,08:09,4,4,여의도,16,"1,10,11,14,16,26,27,29,33,36,43,53,63,73,83,93"
149,08:09,5,5,김포공항,6,"34,44,47,74,84,94"
149,08:09,6,6,일산,5,"3,8,21,45,85"
149,08:09,7,7,판교,5,"17,46,56,76,96"
149,08:09,8,8,동탄/용인,3,"67,77,97"
149,08:09,9,9,평택,10,"13,23,28,38,48,58,68,78,88,98"
150,08:10,1,1,서울역,14,"4,5,15,20,30,35,40,50,55,60,70,75,80,90"
150,08:10,10,10,인천공항,5,"0,39,79,89,99"
150,08:10,2,2,수서,8,"37,41,51,54,57,61,81,91"
150,08:10,3,3,삼성,10,"9,12,19,42,49,52,59,62,65,92"
150,08:10,4,4,여의도,16,"1,10,11,14,16,26,27,29,33,36,43,53,63,73,83,93"
150,08:10,5,5,김포공항,6,"34,44,47,74,84,94"
150,08:10,6,6,일산,5,"3,8,21,45,85"
150,08:10,7,7,판교,5,"17,46,56,76,96"
150,08:10,8,8,동탄/용인,3,"67,77,97"
150,08:10,9,9,평택,10,"13,23,28,38,48,58,68,78,88,98"
151,08:11,1,1,서울역,14,"4,5,15,20,30,35,40,50,55,60,70,75,80,90"
151,08:11,10,10,인천공항,5,"0,39,79,89,99"
151,08:11,2,2,수서,7,"37,41,51,54,57,61,81"
151,08:11,3,3,삼성,10,"9,12,19,42,49,52,59,62,65,92"
151,08:11,4,4,여의도,16,"1,10,11,14,16,26,27,29,33,36,43,53,63,73,83,93"
151,08:11,5,5,김포공항,5,"34,44,74,84,94"
151,08:11,6,6,일산,6,"3,6,8,21,45,85"
151,08:11,7,7,판교,5,"17,46,56,76,96"
151,08:11,8,8,동탄/용인,3,"67,77,97"
151,08:11,9,9,평택,10,"13,23,28,38,48,58,68,78,88,98"
152,08:12,1,1,서울역,14,"4,5,15,20,30,35,40,50,55,60,70,75,80,90"
152,08:12,10,10,인천공항,5,"0,39,79,89,99"
152,08:12,2,2,수서,6,"41,51,54,57,61,81"
152,08:12,3,3,삼성,9,"12,19,42,49,52,59,62,65,92"
152,08:12,4,4,여의도,16,"1,10,11,14,16,26,27,29,33,36,43,53,63,73,83,93"
152,08:12,5,5,김포공항,5,"34,44,74,84,94"
152,08:12,6,6,일산,6,"3,6,8,21,45,85"
152,08:12,7,7,판교,4,"17,46,56,96"
152,08:12,8,8,동탄/용인,3,"67,77,97"
152,08:12,9,9,평택,10,"13,23,28,38,48,58,68,78,88,98"
153,08:13,1,1,서울역,14,"4,5,15,20,30,35,40,50,55,60,70,75,80,90"
153,08:13,10,10,인천공항,5,"0,39,79,89,99"
153,08:13,2,2,수서,5,"41,51,54,57,81"
153,08:13,3,3,삼성,10,"12,19,32,42,49,52,59,62,65,92"
153,08:13,4,4,여의도,16,"1,10,11,14,16,26,27,29,33,36,43,53,63,73,83,93"
153,08:13,5,5,김포공항,6,"34,44,69,74,84,94"
153,08:13,6,6,일산,6,"3,6,8,21,45,85"
153,08:13,7,7,판교,4,"17,46,56,96"
153,08:13,8,8,동탄/용인,3,"67,77,97"
153,08:13,9,9,평택,10,"13,23,28,38,48,58,68,78,88,98"
154,08:14,1,1,서울역,15,"4,5,15,20,30,35,40,50,55,60,66,70,75,80,90"
154,08:14,10,10,인천공항,5,"0,39,79,89,99"
154,08:14,2,2,수서,5,"41,51,54,57,81"
154,08:14,3,3,삼성,10,"12,19,32,42,49,52,59,62,65,92"
154,08:14,4,4,여의도,19,"1,2,10,11,14,16,26,27,29,31,33,36,43,53,63,73,83,86,93"
154,08:14,5,5,김포공항,5,"34,44,69,84,94"
154,08:14,6,6,일산,5,"6,8,21,45,85"
154,08:14,7,7,판교,4,"17,46,56,96"
154,08:14,8,8,동탄/용인,3,"67,77,97"
154,08:14,9,9,평택,10,"13,23,28,38,48,58,68,78,88,98"
155,08:15,1,1,서울역,15,"4,5,15,20,30,35,40,50,55,60,66,70,75,80,90"
155,08:15,10,10,인천공항,5,"0,39,79,89,99"
155,08:15,2,2,수서,5,"41,51,54,57,81"
155,08:15,3,3,삼성,10,"12,19,32,42,49,52,59,62,65,92"
155,08:15,4,4,여의도,20,"1,2,10,11,14,16,26,27,29,31,33,36,43,53,63,73,83,86,93,95"
155,08:15,5,5,김포공항,5,"34,44,69,84,94"
155,08:15,6,6,일산,3,"6,45,85"
155,08:15,7,7,판교,4,"17,46,56,96"
155,08:15,8,8,동탄/용인,3,"67,77,97"
155,08:15,9,9,평택,10,"13,23,28,38,48,58,68,78,88,98"
156,08:16,1,1,서울역,15,"4,5,15,20,30,35,40,50,55,60,66,70,75,80,90"
156,08:16,10,10,인천공항,5,"0,39,79,89,99"
156,08:16,2,2,수서,5,"41,51,54,57,81"
156,08:16,3,3,삼성,10,"12,19,32,52,59,61,62,64,65,92"
156,08:16,4,4,여의도,20,"1,2,10,11,14,16,26,27,29,31,33,36,43,53,63,73,83,86,93,95"
156,08:16,5,5,김포공항,4,"44,69,84,94"
156,08:16,6,6,일산,5,"6,7,25,45,85"
156,08:16,7,7,판교,5,"17,46,56,71,96"
156,08:16,8,8,동탄/용인,3,"67,77,97"
156,08:16,9,9,평택,10,"13,23,28,38,48,58,68,78,88,98"
157,08:17,1,1,서울역,15,"4,5,15,20,30,35,40,50,55,60,66,70,75,80,90"
157,08:17,10,10,인천공항,5,"0,39,79,89,99"
157,08:17,2,2,수서,4,"41,54,57,81"
157,08:17,3,3,삼성,10,"12,19,24,32,59,61,62,64,65,92"
157,08:17,4,4,여의도,20,"1,2,10,11,14,16,26,27,29,31,33,36,43,53,63,73,83,86,93,95"
157,08:17,5,5,김포공항,4,"44,69,84,94"
157,08:17,6,6,일산,5,"6,7,25,45,85"
157,08:17,7,7,판교,6,"17,46,56,71,91,96"
157,08:17,8,8,동탄/용인,4,"67,72,77,97"
157,08:17,9,9,평택,10,"13,23,28,38,48,58,68,78,88,98"
158,08:18,1,1,서울역,16,"4,5,9,15,20,30,35,40,50,55,60,66,70,75,80,90"
158,08:18,10,10,인천공항,5,"0,39,79,89,99"
158,08:18,2,2,수서,5,"22,41,54,57,81"
158,08:18,3,3,삼성,10,"12,19,24,32,59,61,62,64,65,92"
158,08:18,4,4,여의도,21,"1,2,10,11,14,16,26,27,29,31,33,36,37,43,53,63,73,83,86,93,95"
158,08:18,5,5,김포공항,4,"44,69,84,94"
158,08:18,6,6,일산,3,"7,25,45"
158,08:18,7,7,판교,5,"17,46,56,71,91"
158,08:18,8,8,동탄/용인,3,"72,77,97"
158,08:18,9,9,평택,10,"13,23,28,38,48,58,68,78,88,98"
159,08:19,1,1,서울역,17,"4,5,9,15,20,30,35,40,50,55,60,66,70,75,76,80,90"
159,08:19,10,10,인천공항,5,"0,39,79,89,99"
159,08:19,2,2,수서,5,"22,41,54,57,81"
159,08:19,3,3,삼성,10,"12,19,24,32,47,59,62,64,65,92"
159,08:19,4,4,여의도,21,"1,2,10,11,14,16,26,27,29,31,33,36,37,43,53,63,73,83,86,93,95"
159,08:19,5,5,김포공항,4,"44,69,84,94"
159,08:19,6,6,일산,3,"7,25,45"
159,08:19,7,7,판교,5,"17,46,56,71,91"
159,08:19,8,8,동탄/용인,4,"72,77,82,97"
159,08:19,9,9,평택,10,"13,23,28,38,48,58,68,78,88,98"
160,08:20,1,1,서울역,16,"4,9,15,20,30,35,40,50,55,60,66,70,75,76,80,90"
160,08:20,10,10,인천공항,5,"0,39,79,89,99"
160,08:20,2,2,수서,5,"22,41,54,57,81"
160,08:20,3,3,삼성,10,"12,19,24,32,47,59,62,64,65,92"
160,08:20,4,4,여의도,21,"2,10,11,14,16,26,27,29,31,33,36,37,43,53,63,73,83,86,87,93,95"
160,08:20,5,5,김포공항,4,"44,69,84,94"
160,08:20,6,6,일산,3,"7,25,45"
160,08:20,7,7,판교,5,"17,46,56,71,91"
160,08:20,8,8,동탄/용인,4,"72,77,82,97"
160,08:20,9,9,평택,10,"13,23,28,38,48,58,68,78,88,98"
161,08:21,1,1,서울역,17,"3,4,9,15,20,30,35,40,50,55,60,66,70,75,76,80,90"
161,08:21,10,10,인천공항,5,"0,39,79,89,99"
161,08:21,2,2,수서,5,"22,41,54,57,81"
161,08:21,3,3,삼성,10,"12,19,24,32,47,59,62,64,65,92"
161,08:21,4,4,여의도,21,"2,10,11,14,16,26,27,29,31,33,36,37,43,53,63,73,83,86,87,93,95"
161,08:21,5,5,김포공항,4,"44,69,84,94"
161,08:21,6,6,일산,3,"7,25,45"
161,08:21,7,7,판교,4,"46,56,71,91"
161,08:21,8,8,동탄/용인,4,"72,77,82,97"
161,08:21,9,9,평택,10,"13,23,28,38,48,58,68,78,88,98"
162,08:22,1,1,서울역,19,"3,4,8,9,15,18,20,30,35,40,50,55,60,66,70,75,76,80,90"
162,08:22,10,10,인천공항,5,"0,39,79,89,99"
162,08:22,2,2,수서,5,"22,41,54,57,81"
162,08:22,3,3,삼성,11,"12,19,24,32,47,59,62,64,65,74,92"
162,08:22,4,4,여의도,21,"2,10,11,14,16,26,27,29,31,33,36,37,43,53,63,73,83,86,87,93,95"
162,08:22,5,5,김포공항,4,"44,69,84,94"
162,08:22,6,6,일산,2,"25,45"
162,08:22,7,7,판교,4,"46,56,71,91"
162,08:22,8,8,동탄/용인,4,"72,77,82,97"
162,08:22,9,9,평택,9,"13,28,38,48,58,68,78,88,98"
163,08:23,1,1,서울역,19,"3,4,8,9,15,18,20,30,35,40,50,55,60,66,70,75,76,80,90"
163,08:23,10,10,인천공항,5,"0,39,79,89,99"
163,08:23,2,2,수서,5,"22,41,54,57,81"
163,08:23,3,3,삼성,10,"12,19,32,47,59,62,64,65,74,92"
163,08:23,4,4,여의도,23,"2,10,11,14,16,26,27,29,31,33,36,37,42,43,49,53,63,73,83,86,87,93,95"
163,08:23,5,5,김포공항,3,"44,69,84"
163,08:23,6,6,일산,1,45
163,08:23,7,7,판교,3,"46,56,91"
163,08:23,8,8,동탄/용인,3,"77,82,97"
163,08:23,9,9,평택,9,"13,28,38,48,58,68,78,88,98"
164,08:24,1,1,서울역,20,"3,4,8,9,15,18,20,30,35,40,50,51,55,60,66,70,75,76,80,90"
164,08:24,10,10,인천공항,5,"0,39,79,89,99"
164,08:24,2,2,수서,5,"22,41,54,57,81"
164,08:24,3,3,삼성,10,"19,32,34,47,59,62,64,65,74,92"
164,08:24,4,4,여의도,24,"2,10,11,14,16,26,27,29,31,33,36,37,42,43,49,52,53,63,73,83,86,87,93,95"
164,08:24,5,5,김포공항,3,"44,69,84"
164,08:24,6,6,일산,1,45
164,08:24,7,7,판교,2,"46,56"
164,08:24,8,8,동탄/용인,3,"77,82,97"
164,08:24,9,9,평택,9,"13,28,38,48,58,68,78,88,98"
165,08:25,1,1,서울역,21,"3,4,6,9,15,18,20,30,35,40,50,51,55,60,66,70,75,76,80,90,96"
165,08:25,10,10,인천공항,5,"0,39,79,89,99"
165,08:25,2,2,수서,4,"22,41,57,81"
165,08:25,3,3,삼성,9,"19,21,32,34,62,64,65,74,92"
165,08:25,4,4,여의도,24,"2,10,11,14,16,26,27,29,31,33,36,37,42,43,49,52,53,63,73,83,86,87,93,95"
165,08:25,5,5,김포공항,3,"44,69,84"
165,08:25,6,6,일산,1,45
165,08:25,7,7,판교,2,"46,56"
165,08:25,8,8,동탄/용인,3,"77,82,97"
165,08:25,9,9,평택,9,"13,28,38,48,58,68,78,88,98"
166,08:26,1,1,서울역,21,"3,4,6,9,15,18,20,30,35,40,50,51,55,60,66,70,75,76,80,90,96"
166,08:26,10,10,인천공항,5,"0,39,79,89,99"
166,08:26,2,2,수서,5,"22,24,41,57,81"
166,08:26,3,3,삼성,8,"19,21,34,62,64,65,74,92"
166,08:26,4,4,여의도,24,"2,10,11,14,16,26,27,29,31,33,36,37,42,43,49,52,53,63,73,83,86,87,93,95"
166,08:26,5,5,김포공항,3,"44,69,84"
166,08:26,6,6,일산,1,45
166,08:26,7,7,판교,2,"46,56"
166,08:26,8,8,동탄/용인,3,"77,82,97"
166,08:26,9,9,평택,8,"28,38,48,58,68,78,88,98"
167,08:27,1,1,서울역,21,"3,4,6,9,15,18,20,30,35,40,50,51,55,60,66,70,75,76,80,90,96"
167,08:27,10,10,인천공항,5,"0,39,79,89,99"
167,08:27,2,2,수서,5,"22,24,41,57,81"
167,08:27,3,3,삼성,7,"19,21,34,64,65,74,92"
167,08:27,4,4,여의도,24,"2,10,11,14,16,26,27,29,31,33,36,37,42,43,49,52,53,63,73,83,86,87,93,95"
167,08:27,5,5,김포공항,4,"44,61,69,84"
167,08:27,6,6,일산,3,"1,5,45"
167,08:27,7,7,판교,2,"46,56"
167,08:27,8,8,동탄/용인,3,"77,82,97"
167,08:27,9,9,평택,8,"28,38,48,58,68,78,88,98"
168,08:28,1,1,서울역,21,"3,4,6,9,15,18,20,30,35,40,50,51,55,60,66,70,75,76,80,90,96"
168,08:28,10,10,인천공항,5,"0,39,79,89,99"
168,08:28,2,2,수서,5,"22,24,41,57,81"
168,08:28,3,3,삼성,7,"19,21,34,64,65,74,92"
168,08:28,4,4,여의도,25,"2,10,11,14,16,17,26,27,29,31,33,36,37,42,43,49,52,53,63,73,83,86,87,93,95"
168,08:28,5,5,김포공항,4,"44,61,69,84"
168,08:28,6,6,일산,3,"1,5,45"
168,08:28,7,7,판교,2,"46,56"
168,08:28,8,8,동탄/용인,2,"77,97"
168,08:28,9,9,평택,8,"28,38,48,58,68,78,88,98"
169,08:29,1,1,서울역,22,"3,4,6,7,9,15,18,20,30,35,40,50,51,55,60,66,70,75,76,80,90,96"
169,08:29,10,10,인천공항,5,"0,39,79,89,99"
169,08:29,2,2,수서,4,"22,41,57,81"
169,08:29,3,3,삼성,7,"19,21,34,64,65,74,92"
169,08:29,4,4,여의도,25,"2,10,11,14,16,17,26,27,29,31,33,36,37,42,43,49,52,53,63,73,83,86,87,93,95"
169,08:29,5,5,김포공항,3,"44,61,84"
169,08:29,6,6,일산,3,"1,5,45"
169,08:29,7,7,판교,2,"46,56"
169,08:29,8,8,동탄/용인,2,"77,97"
169,08:29,9,9,평택,8,"28,38,48,58,68,78,88,98"
170,08:30,1,1,서울역,25,"3,4,6,7,9,12,15,18,20,30,35,40,50,51,55,60,66,67,70,71,75,76,80,90,96"
170,08:30,10,10,인천공항,5,"0,39,79,89,99"
170,08:30,2,2,수서,4,"22,41,57,81"
170,08:30,3,3,삼성,7,"19,21,34,64,65,74,92"
170,08:30,4,4,여의도,25,"2,10,11,14,16,17,26,27,29,31,33,36,37,42,43,49,52,53,63,73,83,86,87,93,95"
170,08:30,5,5,김포공항,2,"61,84"
170,08:30,6,6,일산,3,"1,5,45"
170,08:30,7,7,판교,3,"46,56,85"
170,08:30,8,8,동탄/용인,2,"77,97"
170,08:30,9,9,평택,8,"28,38,48,58,68,78,88,98"
171,08:31,1,1,서울역,25,"3,4,6,7,9,12,15,18,20,30,35,40,50,51,55,60,66,67,70,71,75,76,80,90,96"
171,08:31,10,10,인천공항,5,"0,39,79,89,99"
171,08:31,2,2,수서,4,"22,41,57,81"
171,08:31,3,3,삼성,8,"19,21,34,64,65,74,92,94"
171,08:31,4,4,여의도,26,"2,10,11,14,16,17,26,27,29,31,33,36,37,42,43,49,52,53,63,73,83,86,87,91,93,95"
171,08:31,5,5,김포공항,2,"61,84"
171,08:31,6,6,일산,3,"1,5,45"
171,08:31,7,7,판교,3,"46,56,85"
171,08:31,8,8,동탄/용인,2,"77,97"
171,08:31,9,9,평택,8,"28,38,48,58,68,78,88,98"
172,08:32,1,1,서울역,26,"3,4,6,7,9,12,15,18,20,30,35,40,50,51,54,55,60,66,67,70,71,75,76,80,90,96"
172,08:32,10,10,인천공항,5,"0,39,79,89,99"
172,08:32,2,2,수서,4,"22,41,57,81"
172,08:32,3,3,삼성,8,"19,21,34,64,65,74,92,94"
172,08:32,4,4,여의도,28,"2,10,11,14,16,17,26,27,29,31,33,36,37,42,43,47,49,52,53,59,63,73,83,86,87,91,93,95"
172,08:32,5,5,김포공항,2,"61,84"
172,08:32,6,6,일산,4,"1,5,8,45"
172,08:32,7,7,판교,2,"56,85"
172,08:32,8,8,동탄/용인,2,"77,97"
172,08:32,9,9,평택,8,"28,38,48,58,68,78,88,98"
173,08:33,1,1,서울역,27,"3,4,6,7,9,12,15,18,20,30,35,40,50,51,54,55,60,62,66,67,70,71,75,76,80,90,96"
173,08:33,10,10,인천공항,5,"0,39,79,89,99"
173,08:33,2,2,수서,4,"41,57,72,81"
173,08:33,3,3,삼성,9,"19,21,25,34,64,65,74,92,94"
173,08:33,4,4,여의도,29,"2,10,11,14,16,17,26,27,29,31,32,33,36,37,42,43,47,49,52,53,59,63,73,83,86,87,91,93,95"
173,08:33,5,5,김포공항,2,"61,84"
173,08:33,6,6,일산,2,"8,45"
173,08:33,7,7,판교,1,85
173,08:33,8,8,동탄/용인,2,"77,97"
173,08:33,9,9,평택,8,"28,38,48,58,68,78,88,98"
174,08:34,1,1,서울역,27,"3,4,6,7,9,12,15,18,20,30,35,40,50,51,54,55,60,62,66,67,70,71,75,76,80,90,96"
174,08:34,10,10,인천공항,5,"0,39,79,89,99"
174,08:34,2,2,수서,4,"41,57,72,81"
174,08:34,3,3,삼성,9,"19,21,25,34,64,65,74,92,94"
174,08:34,4,4,여의도,29,"2,10,11,14,16,17,26,27,29,31,32,33,36,37,42,43,47,49,52,53,59,63,73,83,86,87,91,93,95"
174,08:34,5,5,김포공항,2,"61,84"
174,08:34,6,6,일산,2,"8,45"
174,08:34,7,7,판교,1,85
174,08:34,8,8,동탄/용인,2,"77,97"
174,08:34,9,9,평택,8,"28,38,48,58,68,78,88,98"
175,08:35,1,1,서울역,27,"3,4,6,7,9,12,15,18,20,30,35,40,50,51,54,55,60,62,66,67,70,71,75,76,80,90,96"
175,08:35,10,10,인천공항,5,"0,39,79,89,99"
175,08:35,2,2,수서,4,"41,57,72,81"
175,08:35,3,3,삼성,9,"19,21,25,34,64,65,74,92,94"
175,08:35,4,4,여의도,29,"2,10,11,14,16,17,26,27,29,31,32,33,36,37,42,43,47,49,52,53,59,63,73,83,86,87,91,93,95"
175,08:35,5,5,김포공항,2,"61,84"
175,08:35,6,6,일산,2,"8,45"
175,08:35,7,7,판교,1,85
175,08:35,8,8,동탄/용인,2,"77,97"
175,08:35,9,9,평택,8,"28,38,48,58,68,78,88,98"
176,08:36,1,1,서울역,28,"3,4,6,7,9,12,15,18,20,24,30,35,40,50,51,54,55,60,62,66,67,70,71,75,76,80,90,96"
176,08:36,10,10,인천공항,5,"0,39,79,89,99"
176,08:36,2,2,수서,4,"41,57,72,81"
176,08:36,3,3,삼성,8,"19,21,25,34,65,74,92,94"
176,08:36,4,4,여의도,29,"2,10,11,14,16,17,26,27,29,31,32,33,36,37,42,43,47,49,52,53,59,63,73,83,86,87,91,93,95"
176,08:36,5,5,김포공항,2,"61,84"
176,08:36,6,6,일산,2,"8,45"
176,08:36,7,7,판교,1,85
176,08:36,8,8,동탄/용인,2,"77,97"
176,08:36,9,9,평택,8,"28,38,48,58,68,78,88,98"
177,08:37,1,1,서울역,28,"3,4,6,7,9,12,15,18,20,24,30,35,40,50,51,54,55,60,62,66,67,70,71,75,76,80,90,96"
177,08:37,10,10,인천공항,5,"0,39,79,89,99"
177,08:37,2,2,수서,4,"41,57,72,81"
177,08:37,3,3,삼성,9,"19,21,25,34,65,69,74,92,94"
177,08:37,4,4,여의도,29,"2,10,11,14,16,17,26,27,29,31,32,33,36,37,42,43,47,49,52,53,59,63,73,83,86,87,91,93,95"
177,08:37,5,5,김포공항,2,"61,84"
177,08:37,6,6,일산,2,"8,45"
177,08:37,7,7,판교,1,85
177,08:37,8,8,동탄/용인,2,"77,97"
177,08:37,9,9,평택,8,"28,38,48,58,68,78,88,98"
178,08:38,1,1,서울역,29,"3,4,6,7,9,12,15,18,20,23,24,30,35,40,50,51,54,55,60,62,66,67,70,71,75,76,80,90,96"
178,08:38,10,10,인천공항,5,"0,39,79,89,99"
178,08:38,2,2,수서,3,"57,72,81"
178,08:38,3,3,삼성,10,"19,21,25,34,44,65,69,74,92,94"
178,08:38,4,4,여의도,29,"2,10,11,14,16,17,26,27,29,31,32,33,36,37,42,43,47,49,52,53,59,63,73,83,86,87,91,93,95"
178,08:38,5,5,김포공항,2,"61,84"
178,08:38,6,6,일산,1,45
178,08:38,7,7,판교,2,"13,85"
178,08:38,8,8,동탄/용인,2,"77,97"
178,08:38,9,9,평택,8,"28,38,48,58,68,78,88,98"
179,08:39,1,1,서울역,29,"3,4,6,7,9,12,15,18,20,23,24,30,35,40,50,51,54,55,60,62,66,67,70,71,75,76,80,90,96"
179,08:39,10,10,인천공항,5,"0,39,79,89,99"
179,08:39,2,2,수서,2,"72,81"
179,08:39,3,3,삼성,9,"21,25,34,44,65,69,74,92,94"
179,08:39,4,4,여의도,32,"2,10,11,14,16,17,22,26,27,29,31,32,33,36,37,42,43,46,47,49,52,53,59,63,73,82,83,86,87,91,93,95"
179,08:39,5,5,김포공항,2,"61,84"
179,08:39,6,6,일산,1,45
179,08:39,7,7,판교,1,13
179,08:39,8,8,동탄/용인,2,"77,97"
179,08:39,9,9,평택,8,"28,38,48,58,68,78,88,98"
180,08:40,1,1,서울역,30,"1,3,4,5,6,7,9,12,15,18,23,24,30,35,40,50,51,54,55,60,62,66,67,70,71,75,76,80,90,96"
180,08:40,10,10,인천공항,5,"0,39,79,89,99"
180,08:40,2,2,수서,2,"72,81"
180,08:40,3,3,삼성,8,"21,25,34,44,69,74,92,94"
180,08:40,4,4,여의도,31,"11,14,16,17,22,26,27,29,31,32,33,36,37,42,43,46,47,49,52,53,56,59,63,73,82,83,86,87,91,93,95"
180,08:40,5,5,김포공항,2,"61,84"
180,08:40,6,6,일산,1,45
180,08:40,7,7,판교,1,13
180,08:40,8,8,동탄/용인,2,"77,97"
180,08:40,9,9,평택,8,"28,38,48,58,68,78,88,98"
181,08:41,1,1,서울역,30,"1,3,4,5,6,7,9,12,15,18,23,24,30,35,40,50,51,54,55,60,62,66,67,70,71,75,76,80,90,96"
181,08:41,10,10,인천공항,5,"0,39,79,89,99"
181,08:41,2,2,수서,2,"72,81"
181,08:41,3,3,삼성,7,"25,34,44,69,74,92,94"
181,08:41,4,4,여의도,31,"11,14,16,17,22,26,27,29,31,32,33,36,37,42,43,46,47,49,52,53,56,59,63,73,82,83,86,87,91,93,95"
181,08:41,5,5,김포공항,2,"61,84"
181,08:41,6,6,일산,1,45
181,08:41,7,7,판교,1,13
181,08:41,8,8,동탄/용인,2,"77,97"
181,08:41,9,9,평택,8,"28,38,48,58,68,78,88,98"
182,08:42,1,1,서울역,30,"1,3,4,5,6,7,9,12,15,18,23,24,30,35,40,50,51,54,55,60,62,66,67,70,71,75,76,80,90,96"
182,08:42,10,10,인천공항,5,"0,39,79,89,99"
182,08:42,2,2,수서,2,"72,81"
182,08:42,3,3,삼성,6,"25,34,44,69,92,94"
182,08:42,4,4,여의도,30,"11,14,16,17,22,26,27,29,31,32,36,37,42,43,46,47,49,52,53,56,59,63,73,82,83,86,87,91,93,95"
182,08:42,5,5,김포공항,1,84
182,08:42,6,6,일산,1,45
182,08:42,7,7,판교,1,13
182,08:42,8,8,동탄/용인,1,97
182,08:42,9,9,평택,8,"28,38,48,58,68,78,88,98"
183,08:43,1,1,서울역,29,"1,3,5,6,7,9,12,15,18,23,24,30,35,40,50,51,54,55,60,62,66,67,70,71,75,76,80,90,96"
183,08:43,10,10,인천공항,5,"0,39,79,89,99"
183,08:43,2,2,수서,2,"72,81"
183,08:43,3,3,삼성,6,"25,34,44,69,92,94"
183,08:43,4,4,여의도,31,"11,14,16,17,22,26,27,29,31,32,36,37,42,43,46,47,49,52,53,56,59,63,64,73,82,83,86,87,91,93,95"
183,08:43,5,5,김포공항,1,84
183,08:43,6,6,일산,1,45
183,08:43,7,7,판교,1,13
183,08:43,8,8,동탄/용인,1,97
183,08:43,9,9,평택,7,"28,38,48,58,68,78,98"
184,08:44,1,1,서울역,28,"1,5,6,7,9,12,15,18,23,24,30,35,40,50,51,54,55,60,62,66,67,70,71,75,76,80,90,96"
184,08:44,10,10,인천공항,5,"0,39,79,89,99"
184,08:44,2,2,수서,2,"72,81"
184,08:44,3,3,삼성,6,"25,34,44,69,92,94"
184,08:44,4,4,여의도,31,"11,14,16,17,22,26,29,31,32,36,37,41,42,43,46,47,49,52,53,56,59,63,64,73,82,83,86,87,91,93,95"
184,08:44,6,6,일산,1,45
184,08:44,7,7,판교,1,13
184,08:44,8,8,동탄/용인,1,97
184,08:44,9,9,평택,7,"28,38,48,58,68,78,98"
185,08:45,1,1,서울역,30,"1,5,6,7,8,9,12,15,18,19,23,24,30,35,40,50,51,54,55,60,62,66,67,70,71,75,76,80,90,96"
185,08:45,10,10,인천공항,5,"0,39,79,89,99"
185,08:45,2,2,수서,2,"72,81"
185,08:45,3,3,삼성,6,"25,34,44,69,92,94"
185,08:45,4,4,여의도,31,"14,16,17,22,26,29,31,32,36,37,41,42,43,46,47,49,52,53,56,57,59,63,64,73,82,83,86,87,91,93,95"
185,08:45,6,6,일산,1,45
185,08:45,7,7,판교,1,13
185,08:45,8,8,동탄/용인,1,97
185,08:45,9,9,평택,7,"28,38,48,58,68,78,98"
186,08:46,1,1,서울역,30,"1,6,7,8,9,12,15,18,19,23,24,30,35,40,50,51,54,55,60,62,66,67,70,71,75,76,80,85,90,96"
186,08:46,10,10,인천공항,5,"0,39,79,89,99"
186,08:46,2,2,수서,2,"72,81"
186,08:46,3,3,삼성,6,"20,25,34,44,92,94"
186,08:46,4,4,여의도,31,"14,16,17,22,26,29,31,32,36,37,41,42,43,46,47,49,52,53,56,57,59,63,64,73,82,83,86,87,91,93,95"
186,08:46,5,5,김포공항,1,10
186,08:46,7,7,판교,1,13
186,08:46,8,8,동탄/용인,1,97
186,08:46,9,9,평택,7,"28,38,48,58,68,78,98"
187,08:47,1,1,서울역,30,"1,6,7,8,9,12,15,18,19,23,24,30,35,40,50,51,54,55,60,62,66,67,70,71,75,76,80,85,90,96"
187,08:47,10,10,인천공항,5,"0,39,79,89,99"
187,08:47,2,2,수서,2,"72,81"
187,08:47,3,3,삼성,6,"20,25,34,44,92,94"
187,08:47,4,4,여의도,32,"14,16,17,22,26,29,31,32,36,37,41,42,43,46,47,49,52,53,56,57,59,63,64,65,73,82,83,86,87,91,93,95"
187,08:47,5,5,김포공항,1,10
187,08:47,6,6,일산,1,2
187,08:47,7,7,판교,1,13
187,08:47,8,8,동탄/용인,1,97
187,08:47,9,9,평택,7,"28,38,48,58,68,78,98"
188,08:48,1,1,서울역,30,"1,6,7,8,9,12,15,18,19,23,24,30,35,40,50,51,54,55,60,62,66,67,70,71,75,76,80,85,90,96"
188,08:48,10,10,인천공항,5,"0,39,79,89,99"
188,08:48,2,2,수서,2,"72,81"
188,08:48,3,3,삼성,6,"20,25,34,44,92,94"
188,08:48,4,4,여의도,33,"14,16,17,21,22,26,29,31,32,36,37,41,42,43,46,47,49,52,53,56,57,59,63,64,65,73,82,83,86,87,91,93,95"
188,08:48,5,5,김포공항,1,10
188,08:48,6,6,일산,1,2
188,08:48,7,7,판교,1,13
188,08:48,8,8,동탄/용인,1,97
188,08:48,9,9,평택,6,"38,48,58,68,78,98"
189,08:49,1,1,서울역,30,"1,6,7,8,9,12,15,18,19,23,24,30,35,40,50,51,54,55,60,62,66,67,70,71,75,76,80,85,90,96"
189,08:49,10,10,인천공항,5,"0,39,79,89,99"
189,08:49,2,2,수서,2,"72,81"
189,08:49,3,3,삼성,5,"25,34,44,92,94"
189,08:49,4,4,여의도,34,"14,16,17,21,22,26,29,31,32,36,37,41,42,43,46,47,49,52,53,56,57,59,63,64,65,73,74,82,83,86,87,91,93,95"
189,08:49,6,6,일산,2,"2,33"
189,08:49,7,7,판교,1,13
189,08:49,8,8,동탄/용인,2,"88,97"
189,08:49,9,9,평택,6,"38,48,58,68,78,98"
190,08:50,1,1,서울역,29,"1,6,7,8,9,12,15,19,23,24,30,35,40,50,51,54,55,60,62,66,67,70,71,75,76,80,85,90,96"
190,08:50,10,10,인천공항,5,"0,39,79,89,99"
190,08:50,2,2,수서,2,"72,81"
190,08:50,3,3,삼성,5,"25,34,44,61,92"
190,08:50,4,4,여의도,34,"14,16,17,21,22,26,29,31,32,36,37,41,42,43,46,47,49,52,53,56,57,59,63,64,65,73,74,82,83,86,87,91,93,95"
190,08:50,5,5,김포공항,1,27
190,08:50,6,6,일산,2,"4,33"
190,08:50,7,7,판교,1,13
190,08:50,8,8,동탄/용인,2,"88,97"
190,08:50,9,9,평택,6,"38,48,58,68,78,98"
191,08:51,1,1,서울역,29,"1,6,7,8,9,12,15,19,23,24,30,35,40,50,51,54,55,60,62,66,67,70,71,75,76,80,85,90,96"
191,08:51,10,10,인천공항,5,"0,39,79,89,99"
191,08:51,2,2,수서,2,"72,81"
191,08:51,3,3,삼성,4,"25,34,44,61"
191,08:51,4,4,여의도,33,"14,16,17,21,22,26,31,32,36,37,41,42,43,46,47,49,52,53,56,57,59,63,64,65,73,74,82,83,86,87,91,93,95"
191,08:51,5,5,김포공항,2,"11,27"
191,08:51,6,6,일산,3,"3,4,33"
191,08:51,7,7,판교,1,13
191,08:51,8,8,동탄/용인,1,88
191,08:51,9,9,평택,6,"38,48,58,68,78,98"
192,08:52,1,1,서울역,29,"6,7,8,9,12,15,19,23,24,30,35,40,50,51,54,55,60,62,66,67,69,70,71,75,76,80,85,90,96"
192,08:52,10,10,인천공항,5,"0,39,79,89,99"
192,08:52,2,2,수서,2,"72,81"
192,08:52,3,3,삼성,6,"5,25,34,44,61,84"
192,08:52,4,4,여의도,32,"14,16,21,22,26,31,32,36,37,41,42,43,46,47,49,52,53,56,57,59,63,64,65,73,74,82,83,86,87,91,93,95"
192,08:52,5,5,김포공항,2,"11,27"
192,08:52,6,6,일산,3,"3,4,33"
192,08:52,7,7,판교,1,13
192,08:52,8,8,동탄/용인,1,88
192,08:52,9,9,평택,6,"38,48,58,68,78,98"
193,08:53,1,1,서울역,30,"6,7,8,9,12,15,19,23,24,30,35,40,45,50,51,54,55,60,62,66,67,69,70,71,75,76,80,85,90,96"
193,08:53,10,10,인천공항,5,"0,39,79,89,99"
193,08:53,2,2,수서,2,"72,81"
193,08:53,3,3,삼성,6,"5,25,34,44,61,84"
193,08:53,4,4,여의도,33,"14,16,21,22,26,31,32,36,37,41,42,43,46,47,49,52,53,56,57,59,63,64,65,73,74,77,82,83,86,87,91,93,95"
193,08:53,5,5,김포공항,2,"11,27"
193,08:53,6,6,일산,3,"3,4,33"
193,08:53,7,7,판교,1,13
193,08:53,8,8,동탄/용인,1,88
193,08:53,9,9,평택,5,"48,58,68,78,98"
194,08:54,1,1,서울역,30,"6,7,8,9,12,15,19,23,24,30,35,40,45,50,51,54,55,60,62,66,67,69,70,71,75,76,80,85,90,96"
194,08:54,10,10,인천공항,5,"0,39,79,89,99"
194,08:54,2,2,수서,2,"72,81"
194,08:54,3,3,삼성,6,"5,25,34,44,61,84"
194,08:54,4,4,여의도,33,"14,16,21,22,26,31,32,36,37,41,42,43,46,47,49,52,53,56,57,59,63,64,65,73,74,77,82,83,86,87,91,93,95"
194,08:54,5,5,김포공항,2,"11,27"
194,08:54,6,6,일산,3,"3,4,33"
194,08:54,7,7,판교,1,13
194,08:54,8,8,동탄/용인,1,88
194,08:54,9,9,평택,5,"48,58,68,78,98"
195,08:55,1,1,서울역,30,"6,7,8,9,12,15,19,23,24,30,35,40,45,50,51,54,55,60,62,66,67,69,70,71,75,76,80,85,90,96"
195,08:55,10,10,인천공항,5,"0,39,79,89,99"
195,08:55,2,2,수서,2,"72,81"
195,08:55,3,3,삼성,6,"5,25,34,44,61,84"
195,08:55,4,4,여의도,33,"14,16,21,22,26,31,32,36,37,41,42,43,46,47,49,52,53,56,57,59,63,64,65,73,74,77,82,83,86,87,91,93,95"
195,08:55,5,5,김포공항,2,"11,27"
195,08:55,6,6,일산,3,"3,4,33"
195,08:55,7,7,판교,1,13
195,08:55,9,9,평택,5,"48,58,68,78,98"
196,08:56,1,1,서울역,30,"6,7,8,9,12,15,19,23,24,30,35,40,45,50,51,54,55,60,62,66,67,69,70,71,75,76,80,85,90,96"
196,08:56,10,10,인천공항,5,"0,39,79,89,99"
196,08:56,2,2,수서,2,"72,81"
196,08:56,3,3,삼성,6,"5,25,34,44,61,84"
196,08:56,4,4,여의도,33,"14,16,21,22,26,31,32,36,37,41,42,43,46,47,49,52,53,56,57,59,63,64,65,73,74,77,82,83,86,87,91,93,95"
196,08:56,5,5,김포공항,1,11
196,08:56,6,6,일산,1,3
196,08:56,7,7,판교,1,13
196,08:56,9,9,평택,5,"48,58,68,78,98"
197,08:57,1,1,서울역,32,"2,6,7,8,9,12,15,19,23,24,30,35,40,45,50,51,54,55,60,62,66,67,69,70,71,75,76,80,85,90,92,96"
197,08:57,10,10,인천공항,5,"0,39,79,89,99"
197,08:57,2,2,수서,3,"10,72,81"
197,08:57,3,3,삼성,6,"5,25,34,44,61,84"
197,08:57,4,4,여의도,34,"14,16,21,22,26,31,32,36,37,41,42,43,46,47,49,52,53,56,57,59,63,64,65,73,74,77,82,83,86,87,91,93,94,95"
197,08:57,5,5,김포공항,2,"11,29"
197,08:57,6,6,일산,1,18
197,08:57,7,7,판교,1,13
197,08:57,9,9,평택,5,"48,58,68,78,98"
198,08:58,1,1,서울역,32,"2,6,7,8,9,12,15,19,23,24,30,35,40,45,50,51,54,55,60,62,66,67,69,70,71,75,76,80,85,90,92,96"
198,08:58,10,10,인천공항,5,"0,39,79,89,99"
198,08:58,2,2,수서,4,"10,17,72,81"
198,08:58,3,3,삼성,5,"25,34,44,61,84"
198,08:58,4,4,여의도,34,"14,16,21,22,26,31,32,36,37,41,42,43,46,47,49,52,53,56,57,59,63,64,65,73,74,77,82,83,86,87,91,93,94,95"
198,08:58,5,5,김포공항,1,29
198,08:58,6,6,일산,1,18
198,08:58,7,7,판교,1,13
198,08:58,9,9,평택,5,"48,58,68,78,98"
199,08:59,1,1,서울역,32,"2,6,7,8,9,12,15,19,23,24,30,35,40,45,50,51,54,55,60,62,66,67,69,70,71,75,76,80,85,90,92,96"
199,08:59,10,10,인천공항,5,"0,39,79,89,99"
199,08:59,2,2,수서,4,"10,17,72,81"
199,08:59,3,3,삼성,4,"25,34,44,84"
199,08:59,4,4,여의도,34,"14,16,21,22,26,31,32,36,37,41,42,43,46,47,49,52,53,56,57,59,63,64,65,73,74,77,82,83,86,87,91,93,94,95"
199,08:59,5,5,김포공항,1,29
199,08:59,6,6,일산,2,"1,18"
199,08:59,7,7,판교,1,13
199,08:59,8,8,동탄/용인,1,20
199,08:59,9,9,평택,5,"48,58,68,78,98"
200,09:00,1,1,서울역,31,"6,7,8,9,12,15,19,23,24,30,35,40,45,50,51,54,55,60,62,66,67,69,70,71,75,76,80,85,90,92,96"
200,09:00,10,10,인천공항,5,"0,39,79,89,99"
200,09:00,2,2,수서,4,"10,17,72,81"
200,09:00,3,3,삼성,4,"25,34,44,84"
200,09:00,4,4,여의도,34,"14,16,21,22,26,31,32,36,37,41,42,43,46,47,49,52,53,56,57,59,63,64,65,73,74,77,82,83,86,87,91,93,94,95"
200,09:00,5,5,김포공항,1,29
200,09:00,6,6,일산,2,"1,18"
200,09:00,7,7,판교,1,28
200,09:00,8,8,동탄/용인,1,20
200,09:00,9,9,평택,5,"48,58,68,78,98"
201,09:01,1,1,서울역,30,"7,8,9,12,15,19,23,24,30,35,40,45,50,51,54,55,60,62,66,67,69,70,71,75,76,80,85,90,92,96"
201,09:01,10,10,인천공항,5,"0,39,79,89,99"
201,09:01,2,2,수서,5,"10,17,72,81,97"
201,09:01,3,3,삼성,3,"34,44,84"
201,09:01,4,4,여의도,34,"14,16,21,22,26,31,32,36,37,41,42,43,46,47,49,52,53,56,57,59,63,64,65,73,74,77,82,83,86,87,91,93,94,95"
201,09:01,5,5,김포공항,1,29
201,09:01,6,6,일산,2,"1,18"
201,09:01,7,7,판교,1,28
201,09:01,8,8,동탄/용인,1,20
201,09:01,9,9,평택,4,"48,58,78,98"
202,09:02,1,1,서울역,30,"7,8,9,12,15,19,23,24,30,35,40,45,50,51,54,55,60,62,66,67,69,70,71,75,76,80,85,90,92,96"
202,09:02,10,10,인천공항,5,"0,39,79,89,99"
202,09:02,2,2,수서,5,"10,17,72,81,97"
202,09:02,3,3,삼성,3,"34,44,84"
202,09:02,4,4,여의도,34,"14,16,21,22,26,31,32,36,37,41,42,43,46,47,49,52,53,56,57,59,63,64,65,73,74,77,82,83,86,87,91,93,94,95"
202,09:02,5,5,김포공항,1,29
202,09:02,6,6,일산,1,18
202,09:02,7,7,판교,1,28
202,09:02,8,8,동탄/용인,1,20
202,09:02,9,9,평택,4,"48,58,78,98"
203,09:03,1,1,서울역,31,"4,7,8,9,12,15,19,23,24,30,35,40,45,50,51,54,55,60,62,66,67,69,70,71,75,76,80,85,90,92,96"
203,09:03,10,10,인천공항,5,"0,39,79,89,99"
203,09:03,2,2,수서,5,"10,17,72,81,97"
203,09:03,3,3,삼성,2,"34,84"
203,09:03,4,4,여의도,34,"14,16,21,22,26,31,32,36,37,41,42,43,46,47,49,52,53,56,57,59,63,64,65,73,74,77,82,83,86,87,91,93,94,95"
203,09:03,8,8,동탄/용인,1,20
203,09:03,9,9,평택,3,"58,78,98"
204,09:04,1,1,서울역,31,"3,4,7,8,9,12,15,19,23,30,35,40,45,50,51,54,55,60,62,66,67,69,70,71,75,76,80,85,90,92,96"
204,09:04,10,10,인천공항,5,"0,39,79,89,99"
204,09:04,2,2,수서,4,"10,72,81,97"
204,09:04,3,3,삼성,3,"27,34,84"
204,09:04,4,4,여의도,34,"14,16,21,22,26,31,32,36,37,41,42,43,46,47,49,52,53,56,57,59,63,64,65,73,74,77,82,83,86,87,91,93,94,95"
204,09:04,8,8,동탄/용인,1,20
204,09:04,9,9,평택,3,"58,78,98"
205,09:05,1,1,서울역,32,"3,4,7,8,9,12,15,19,23,30,35,40,45,50,51,54,55,60,61,62,66,67,69,70,71,75,76,80,85,90,92,96"
205,09:05,10,10,인천공항,5,"0,39,79,89,99"
205,09:05,2,2,수서,4,"10,72,81,97"
205,09:05,3,3,삼성,3,"27,34,84"
205,09:05,4,4,여의도,35,"5,14,16,21,22,26,31,32,36,37,41,42,43,46,47,49,52,53,56,57,59,63,64,65,73,74,77,82,83,86,87,91,93,94,95"
205,09:05,7,7,판교,1,38
205,09:05,8,8,동탄/용인,1,20
205,09:05,9,9,평택,3,"58,78,98"
206,09:06,1,1,서울역,32,"3,4,7,8,9,12,15,19,23,30,35,40,45,50,51,54,55,60,61,62,66,67,69,70,71,75,76,80,85,90,92,96"
206,09:06,10,10,인천공항,5,"0,39,79,89,99"
206,09:06,2,2,수서,4,"10,72,81,97"
206,09:06,3,3,삼성,6,"2,11,27,33,34,84"
206,09:06,4,4,여의도,35,"5,14,16,21,22,26,31,32,36,37,41,42,43,46,47,49,52,53,56,57,59,63,64,65,73,74,77,82,83,86,87,91,93,94,95"
206,09:06,7,7,판교,1,38
206,09:06,8,8,동탄/용인,1,20
206,09:06,9,9,평택,3,"58,78,98"
207,09:07,1,1,서울역,33,"3,4,7,8,9,12,15,19,23,30,35,40,45,50,51,54,55,60,61,62,66,67,69,70,71,75,76,80,85,88,90,92,96"
207,09:07,10,10,인천공항,5,"0,39,79,89,99"
207,09:07,2,2,수서,4,"10,72,81,97"
207,09:07,3,3,삼성,5,"2,11,27,33,84"
207,09:07,4,4,여의도,36,"5,13,14,16,21,22,26,31,32,36,37,41,42,43,46,47,49,52,53,56,57,59,63,64,65,73,74,77,82,83,86,87,91,93,94,95"
207,09:07,7,7,판교,1,38
207,09:07,8,8,동탄/용인,1,20
207,09:07,9,9,평택,3,"58,78,98"
208,09:08,1,1,서울역,33,"3,4,7,8,9,12,15,19,23,30,35,40,45,50,51,54,55,60,61,62,66,67,69,70,71,75,76,80,85,88,90,92,96"
208,09:08,10,10,인천공항,5,"0,39,79,89,99"
208,09:08,2,2,수서,3,"72,81,97"
208,09:08,3,3,삼성,4,"2,11,27,33"
208,09:08,4,4,여의도,36,"5,13,16,21,22,25,26,31,32,36,37,41,42,43,46,47,49,52,53,56,57,59,63,64,65,73,74,77,82,83,86,87,91,93,94,95"
208,09:08,6,6,일산,1,6
208,09:08,7,7,판교,1,38
208,09:08,8,8,동탄/용인,1,20
208,09:08,9,9,평택,3,"58,78,98"
209,09:09,1,1,서울역,34,"1,3,4,7,8,9,12,15,19,23,30,35,40,45,50,51,54,55,60,61,62,66,67,69,70,71,75,76,80,85,88,90,92,96"
209,09:09,10,10,인천공항,5,"0,39,79,89,99"
209,09:09,2,2,수서,3,"72,81,97"
209,09:09,3,3,삼성,4,"2,11,27,33"
209,09:09,4,4,여의도,36,"5,13,16,21,22,25,26,31,32,36,37,41,42,43,46,47,49,52,53,56,57,59,63,64,65,73,74,77,82,83,86,87,91,93,94,95"
209,09:09,6,6,일산,1,6
209,09:09,7,7,판교,1,38
209,09:09,8,8,동탄/용인,1,20
209,09:09,9,9,평택,3,"58,78,98"
210,09:10,1,1,서울역,35,"1,3,4,7,8,9,12,15,19,23,28,30,35,40,45,50,51,54,55,60,61,62,66,67,69,70,71,75,76,80,85,88,90,92,96"
210,09:10,10,10,인천공항,5,"0,39,79,89,99"
210,09:10,2,2,수서,2,"81,97"
210,09:10,3,3,삼성,4,"2,11,27,33"
210,09:10,4,4,여의도,39,"5,13,16,17,18,21,22,25,26,31,32,36,37,41,42,43,44,46,47,49,52,53,56,57,59,63,64,65,73,74,77,82,83,86,87,91,93,94,95"
210,09:10,6,6,일산,1,6
210,09:10,7,7,판교,1,38
210,09:10,8,8,동탄/용인,1,20
210,09:10,9,9,평택,3,"58,78,98"
211,09:11,1,1,서울역,35,"1,3,4,7,8,9,12,15,19,23,28,30,35,40,45,50,51,54,55,60,61,62,66,67,69,70,71,75,76,80,85,88,90,92,96"
211,09:11,10,10,인천공항,5,"0,39,79,89,99"
211,09:11,2,2,수서,2,"81,97"
211,09:11,3,3,삼성,5,"2,11,27,29,33"
211,09:11,4,4,여의도,39,"5,13,16,17,18,21,22,25,26,31,32,36,37,41,42,43,44,46,47,49,52,53,56,57,59,63,64,65,73,74,77,82,83,86,87,91,93,94,95"
211,09:11,6,6,일산,2,"6,24"
211,09:11,7,7,판교,1,38
211,09:11,9,9,평택,3,"58,78,98"
212,09:12,1,1,서울역,35,"1,3,4,7,8,9,12,15,19,23,28,30,35,40,45,50,51,54,55,60,61,62,66,67,69,70,71,75,76,80,85,88,90,92,96"
212,09:12,10,10,인천공항,5,"0,39,79,89,99"
212,09:12,2,2,수서,2,"81,97"
212,09:12,3,3,삼성,3,"11,27,29"
212,09:12,4,4,여의도,39,"5,13,16,17,18,21,22,25,26,31,32,36,37,41,42,43,44,46,47,49,52,53,56,57,59,63,64,65,73,74,77,82,83,86,87,91,93,94,95"
212,09:12,6,6,일산,2,"6,24"
212,09:12,7,7,판교,1,38
212,09:12,9,9,평택,3,"58,78,98"
213,09:13,1,1,서울역,35,"1,3,4,7,8,9,12,15,19,23,28,30,35,40,45,50,51,54,55,60,61,62,66,67,69,70,71,75,76,80,85,88,90,92,96"
213,09:13,10,10,인천공항,5,"0,39,79,89,99"
213,09:13,2,2,수서,2,"81,97"
213,09:13,3,3,삼성,3,"11,27,29"
213,09:13,4,4,여의도,39,"5,13,16,17,18,21,22,25,26,31,32,36,37,41,42,43,44,46,47,49,52,53,56,57,59,63,64,65,73,74,77,82,83,86,87,91,93,94,95"
213,09:13,6,6,일산,2,"6,24"
213,09:13,7,7,판교,1,38
213,09:13,9,9,평택,3,"58,78,98"
214,09:14,1,1,서울역,36,"1,3,4,7,8,9,12,15,19,23,28,30,35,40,45,50,51,54,55,60,61,62,66,67,69,70,71,75,76,80,84,85,88,90,92,96"
214,09:14,10,10,인천공항,5,"0,39,79,89,99"
214,09:14,2,2,수서,3,"14,81,97"
214,09:14,3,3,삼성,3,"11,27,29"
214,09:14,4,4,여의도,40,"5,10,13,17,18,21,22,25,26,31,32,34,36,37,41,42,43,44,46,47,49,52,53,56,57,59,63,64,65,73,74,77,82,83,86,87,91,93,94,95"
214,09:14,6,6,일산,2,"6,24"
214,09:14,7,7,판교,1,38
214,09:14,9,9,평택,3,"58,78,98"
215,09:15,1,1,서울역,36,"1,3,4,7,8,9,12,15,19,23,28,30,35,40,45,50,51,54,55,60,61,62,66,67,69,70,71,75,76,80,84,85,88,90,92,96"
215,09:15,10,10,인천공항,5,"0,39,79,89,99"
215,09:15,2,2,수서,3,"14,33,97"
215,09:15,3,3,삼성,3,"11,27,29"
215,09:15,4,4,여의도,40,"5,10,13,17,18,21,22,25,26,31,32,34,36,37,41,42,43,44,46,47,49,52,53,56,57,59,63,64,65,73,74,77,82,83,86,87,91,93,94,95"
215,09:15,6,6,일산,1,24
215,09:15,7,7,판교,2,"38,48"
215,09:15,9,9,평택,3,"58,78,98"
216,09:16,1,1,서울역,36,"1,3,4,7,8,9,12,15,19,23,28,30,35,40,45,50,51,54,55,60,61,62,66,67,69,70,71,75,76,80,84,85,88,90,92,96"
216,09:16,10,10,인천공항,5,"0,39,79,89,99"
216,09:16,2,2,수서,3,"14,33,97"
216,09:16,3,3,삼성,3,"11,27,29"
216,09:16,4,4,여의도,41,"5,10,13,17,18,21,22,25,26,31,32,34,36,37,41,42,43,44,46,47,49,52,53,56,57,59,63,64,65,72,73,74,77,82,83,86,87,91,93,94,95"
216,09:16,6,6,일산,1,24
216,09:16,7,7,판교,2,"38,48"
216,09:16,9,9,평택,3,"58,78,98"
217,09:17,1,1,서울역,37,"1,3,4,7,8,9,12,15,19,23,28,30,35,40,45,50,51,54,55,60,61,62,66,67,68,69,70,71,75,76,80,84,85,88,90,92,96"
217,09:17,10,10,인천공항,5,"0,39,79,89,99"
217,09:17,2,2,수서,3,"14,33,97"
217,09:17,3,3,삼성,3,"11,27,29"
217,09:17,4,4,여의도,41,"5,10,13,17,18,21,22,25,26,31,32,34,36,37,41,42,43,44,46,47,49,52,53,56,57,59,63,64,65,72,73,74,77,82,83,86,87,91,93,94,95"
217,09:17,7,7,판교,2,"38,48"
217,09:17,9,9,평택,3,"58,78,98"
218,09:18,1,1,서울역,37,"1,3,4,7,8,9,12,15,19,23,28,30,35,40,45,50,51,54,55,60,61,62,66,67,68,69,70,71,75,76,80,84,85,88,90,92,96"
218,09:18,10,10,인천공항,5,"0,39,79,89,99"
218,09:18,2,2,수서,2,"14,97"
218,09:18,3,3,삼성,3,"11,27,29"
218,09:18,4,4,여의도,41,"5,10,13,17,18,21,22,25,26,31,32,34,36,37,41,42,43,44,46,47,49,52,53,56,57,59,63,64,65,72,73,74,77,82,83,86,87,91,93,94,95"
218,09:18,7,7,판교,2,"38,48"
218,09:18,9,9,평택,3,"58,78,98"
219,09:19,1,1,서울역,37,"1,3,4,7,8,9,12,15,19,23,28,30,35,40,45,50,51,54,55,60,61,62,66,67,68,69,70,71,75,76,80,84,85,88,90,92,96"
219,09:19,10,10,인천공항,5,"0,39,79,89,99"
219,09:19,2,2,수서,2,"14,97"
219,09:19,3,3,삼성,2,"11,29"
219,09:19,4,4,여의도,41,"2,5,10,13,18,21,22,25,26,31,32,34,36,37,41,42,43,44,46,47,49,52,53,56,57,59,63,64,65,72,73,74,77,82,83,86,87,91,93,94,95"
219,09:19,7,7,판교,2,"38,48"
219,09:19,9,9,평택,3,"58,78,98"
220,09:20,1,1,서울역,37,"1,3,4,7,8,9,12,15,19,23,28,30,35,40,45,50,51,54,55,60,61,62,66,67,68,69,70,71,75,76,80,84,85,88,90,92,96"
220,09:20,10,10,인천공항,5,"0,39,79,89,99"
220,09:20,2,2,수서,2,"14,97"
220,09:20,3,3,삼성,2,"11,29"
220,09:20,4,4,여의도,39,"2,10,13,18,22,25,26,31,32,34,36,37,41,42,43,44,46,47,49,52,53,56,57,59,63,64,65,72,73,74,77,82,83,86,87,91,93,94,95"
220,09:20,7,7,판교,2,"38,48"
220,09:20,9,9,평택,3,"58,78,98"
221,09:21,1,1,서울역,36,"1,3,4,8,9,12,15,19,23,28,30,35,40,45,50,51,54,55,60,61,62,66,67,68,69,70,71,75,76,80,84,85,88,90,92,96"
221,09:21,10,10,인천공항,5,"0,39,79,89,99"
221,09:21,2,2,수서,3,"14,20,97"
221,09:21,3,3,삼성,1,29
221,09:21,4,4,여의도,40,"2,10,13,18,22,25,26,31,32,34,36,37,41,42,43,44,46,47,49,52,53,56,57,59,63,64,65,72,73,74,77,81,82,83,86,87,91,93,94,95"
221,09:21,7,7,판교,3,"16,38,48"
221,09:21,9,9,평택,3,"58,78,98"
222,09:22,1,1,서울역,37,"1,3,4,6,8,9,12,15,19,23,28,30,35,40,45,50,51,54,55,60,61,62,66,67,68,69,70,71,75,76,80,84,85,88,90,92,96"
222,09:22,10,10,인천공항,5,"0,39,79,89,99"
222,09:22,2,2,수서,3,"14,20,97"
222,09:22,3,3,삼성,1,29
222,09:22,4,4,여의도,40,"2,10,13,18,22,25,26,31,32,34,36,37,41,42,43,44,46,47,49,52,53,56,57,59,63,64,65,72,73,74,77,81,82,83,86,87,91,93,94,95"
222,09:22,7,7,판교,2,"16,38"
222,09:22,9,9,평택,3,"58,78,98"
223,09:23,1,1,서울역,37,"1,3,4,6,8,9,12,15,19,23,28,30,35,40,45,50,51,54,55,60,61,62,66,67,68,69,70,71,75,76,80,84,85,88,90,92,96"
223,09:23,10,10,인천공항,5,"0,39,79,89,99"
223,09:23,2,2,수서,2,"14,20"
223,09:23,3,3,삼성,1,29
223,09:23,4,4,여의도,40,"2,10,13,18,22,25,26,31,32,34,36,37,41,42,43,44,46,47,49,52,53,56,57,59,63,64,65,72,73,74,77,81,82,83,86,87,91,93,94,95"
223,09:23,7,7,판교,1,16
223,09:23,9,9,평택,3,"58,78,98"
224,09:24,1,1,서울역,37,"1,3,4,6,8,9,12,15,19,23,28,30,35,40,45,50,51,54,55,60,61,62,66,67,68,69,70,71,75,76,80,84,85,88,90,92,96"
224,09:24,10,10,인천공항,5,"0,39,79,89,99"
224,09:24,2,2,수서,2,"14,20"
224,09:24,3,3,삼성,1,29
224,09:24,4,4,여의도,40,"2,10,13,18,22,25,26,31,32,34,36,37,41,42,43,44,46,47,49,52,53,56,57,59,63,64,65,72,73,74,77,81,82,83,86,87,91,93,94,95"
224,09:24,7,7,판교,1,16
224,09:24,9,9,평택,3,"58,78,98"
225,09:25,1,1,서울역,38,"1,3,4,6,8,9,12,15,19,23,28,30,33,35,40,45,50,51,54,55,60,61,62,66,67,68,69,70,71,75,76,80,84,85,88,90,92,96"
225,09:25,10,10,인천공항,5,"0,39,79,89,99"
225,09:25,2,2,수서,2,"14,20"
225,09:25,3,3,삼성,1,29
225,09:25,4,4,여의도,40,"2,10,13,18,22,25,26,31,32,34,36,37,41,42,43,44,46,47,49,52,53,56,57,59,63,64,65,72,73,74,77,81,82,83,86,87,91,93,94,95"
225,09:25,7,7,판교,1,16
225,09:25,9,9,평택,3,"58,78,98"
226,09:26,1,1,서울역,38,"1,3,4,6,8,9,12,15,19,23,28,30,33,35,40,45,50,51,54,55,60,61,62,66,67,68,69,70,71,75,76,80,84,85,88,90,92,96"
226,09:26,10,10,인천공항,5,"0,39,79,89,99"
226,09:26,2,2,수서,3,"5,14,20"
226,09:26,3,3,삼성,1,29
226,09:26,4,4,여의도,41,"2,10,13,18,22,25,26,27,31,32,34,36,37,41,42,43,44,46,47,49,52,53,56,57,59,63,64,65,72,73,74,77,81,82,83,86,87,91,93,94,95"
226,09:26,5,5,김포공항,1,21
226,09:26,7,7,판교,2,"16,17"
226,09:26,9,9,평택,3,"58,78,98"
227,09:27,1,1,서울역,38,"1,3,4,6,8,9,12,15,19,23,28,30,33,35,40,45,50,51,54,55,60,61,62,66,67,68,69,70,71,75,76,80,84,85,88,90,92,96"
227,09:27,10,10,인천공항,5,"0,39,79,89,99"
227,09:27,2,2,수서,3,"5,14,20"
227,09:27,3,3,삼성,3,"7,24,29"
227,09:27,4,4,여의도,41,"2,10,13,18,22,25,26,27,31,32,34,36,37,41,42,43,44,46,47,49,52,53,56,57,59,63,64,65,72,73,74,77,81,82,83,86,87,91,93,94,95"
227,09:27,5,5,김포공항,1,21
227,09:27,7,7,판교,2,"16,17"
227,09:27,9,9,평택,3,"58,78,98"
228,09:28,1,1,서울역,38,"1,3,4,6,8,9,12,15,19,23,28,30,33,35,40,45,50,51,54,55,60,61,62,66,67,68,69,70,71,75,76,80,84,85,88,90,92,96"
228,09:28,10,10,인천공항,5,"0,39,79,89,99"
228,09:28,2,2,수서,3,"5,14,20"
228,09:28,3,3,삼성,3,"7,24,29"
228,09:28,4,4,여의도,41,"2,10,11,18,22,25,26,27,31,32,34,36,37,41,42,43,44,46,47,49,52,53,56,57,59,63,64,65,72,73,74,77,81,82,83,86,87,91,93,94,95"
228,09:28,5,5,김포공항,1,21
228,09:28,7,7,판교,2,"16,17"
228,09:28,9,9,평택,3,"58,78,98"
229,09:29,1,1,서울역,39,"1,3,4,6,8,9,12,15,19,23,28,30,33,35,40,45,48,50,51,54,55,60,61,62,66,67,68,69,70,71,75,76,80,84,85,88,90,92,96"
229,09:29,10,10,인천공항,5,"0,39,79,89,99"
229,09:29,2,2,수서,3,"5,14,20"
229,09:29,3,3,삼성,3,"7,24,29"
229,09:29,4,4,여의도,41,"2,10,11,18,22,25,26,27,31,32,34,36,37,41,42,43,44,46,47,49,52,53,56,57,59,63,64,65,72,73,74,77,81,82,83,86,87,91,93,94,95"
229,09:29,7,7,판교,2,"16,17"
229,09:29,9,9,평택,3,"58,78,98"
230,09:30,1,1,서울역,40,"1,3,4,6,8,9,12,15,19,23,28,30,33,35,40,45,48,50,51,54,55,60,61,62,66,67,68,69,70,71,75,76,80,84,85,88,90,92,96,97"
230,09:30,10,10,인천공항,5,"0,39,79,89,99"
230,09:30,2,2,수서,2,"5,14"
230,09:30,3,3,삼성,3,"7,24,29"
230,09:30,4,4,여의도,42,"2,10,11,18,22,25,26,27,31,32,34,36,37,38,41,42,43,44,46,47,49,52,53,56,57,59,63,64,65,72,73,74,77,81,82,83,86,87,91,93,94,95"
230,09:30,7,7,판교,1,17
230,09:30,9,9,평택,3,"58,78,98"
231,09:31,1,1,서울역,40,"1,3,4,6,8,9,12,15,19,23,28,30,33,35,40,45,48,50,51,54,55,60,61,62,66,67,68,69,70,71,75,76,80,84,85,88,90,92,96,97"
231,09:31,10,10,인천공항,5,"0,39,79,89,99"
231,09:31,2,2,수서,1,5
231,09:31,3,3,삼성,3,"7,24,29"
231,09:31,4,4,여의도,42,"2,10,11,18,22,25,26,27,31,32,34,36,37,38,41,42,43,44,46,47,49,52,53,56,57,59,63,64,65,72,73,74,77,81,82,83,86,87,91,93,94,95"
231,09:31,7,7,판교,1,17
231,09:31,9,9,평택,2,"78,98"
232,09:32,1,1,서울역,40,"1,3,4,6,8,9,12,15,19,23,28,30,33,35,40,45,48,50,51,54,55,60,61,62,66,67,68,69,70,71,75,76,80,84,85,88,90,92,96,97"
232,09:32,10,10,인천공항,5,"0,39,79,89,99"
232,09:32,2,2,수서,1,5
232,09:32,3,3,삼성,2,"7,24"
232,09:32,4,4,여의도,42,"2,10,11,18,22,25,26,27,31,32,34,36,37,38,41,42,43,44,46,47,49,52,53,56,57,59,63,64,65,72,73,74,77,81,82,83,86,87,91,93,94,95"
232,09:32,9,9,평택,2,"78,98"
233,09:33,1,1,서울역,39,"1,3,4,6,9,12,15,19,23,28,30,33,35,40,45,48,50,51,54,55,60,61,62,66,67,68,69,70,71,75,76,80,84,85,88,90,92,96,97"
233,09:33,10,10,인천공항,5,"0,39,79,89,99"
233,09:33,2,2,수서,1,5
233,09:33,3,3,삼성,1,24
233,09:33,4,4,여의도,41,"10,11,18,22,25,26,27,31,32,34,36,37,38,41,42,43,44,46,47,49,52,53,56,57,59,63,64,65,72,73,74,77,81,82,83,86,87,91,93,94,95"
233,09:33,9,9,평택,2,"78,98"
234,09:34,1,1,서울역,39,"1,3,4,6,9,12,15,19,23,28,30,33,35,40,45,48,50,51,54,55,60,61,62,66,67,68,69,70,71,75,76,80,84,85,88,90,92,96,97"
234,09:34,10,10,인천공항,5,"0,39,79,89,99"
234,09:34,2,2,수서,1,5
234,09:34,3,3,삼성,1,24
234,09:34,4,4,여의도,41,"10,11,18,22,25,26,27,31,32,34,36,37,38,41,42,43,44,46,47,49,52,53,56,57,59,63,64,65,72,73,74,77,81,82,83,86,87,91,93,94,95"
234,09:34,9,9,평택,2,"78,98"
235,09:35,1,1,서울역,39,"1,3,4,6,9,12,15,19,23,28,30,33,35,40,45,48,50,51,54,55,60,61,62,66,67,68,69,70,71,75,76,80,84,85,88,90,92,96,97"
235,09:35,10,10,인천공항,5,"0,39,79,89,99"
235,09:35,2,2,수서,1,5
235,09:35,3,3,삼성,1,24
235,09:35,4,4,여의도,41,"10,11,18,22,25,26,27,31,32,34,36,37,38,41,42,43,44,46,47,49,52,53,56,57,59,63,64,65,72,73,74,77,81,82,83,86,87,91,93,94,95"
235,09:35,7,7,판교,1,13
235,09:35,9,9,평택,2,"78,98"
236,09:36,1,1,서울역,39,"1,3,4,6,9,12,15,19,23,28,30,33,35,40,45,48,50,51,54,55,60,61,62,66,67,68,69,70,71,75,76,80,84,85,88,90,92,96,97"
236,09:36,10,10,인천공항,5,"0,39,79,89,99"
236,09:36,2,2,수서,1,5
236,09:36,3,3,삼성,1,24
236,09:36,4,4,여의도,42,"10,11,18,20,22,25,26,27,31,32,34,36,37,38,41,42,43,44,46,47,49,52,53,56,57,59,63,64,65,72,73,74,77,81,82,83,86,87,91,93,94,95"
236,09:36,7,7,판교,1,13
236,09:36,9,9,평택,2,"78,98"
237,09:37,1,1,서울역,40,"1,3,4,6,9,12,15,16,19,23,28,30,33,35,40,45,48,50,51,54,55,60,61,62,66,67,68,69,70,71,75,76,80,84,85,88,90,92,96,97"
237,09:37,10,10,인천공항,5,"0,39,79,89,99"
237,09:37,3,3,삼성,2,"21,24"
237,09:37,4,4,여의도,42,"11,14,18,20,22,25,26,27,31,32,34,36,37,38,41,42,43,44,46,47,49,52,53,56,57,59,63,64,65,72,73,74,77,81,82,83,86,87,91,93,94,95"
237,09:37,7,7,판교,1,13
237,09:37,9,9,평택,2,"78,98"
238,09:38,1,1,서울역,40,"1,3,4,6,9,12,15,16,19,23,28,30,33,35,40,45,48,50,51,54,55,60,61,62,66,67,68,69,70,71,75,76,80,84,85,88,90,92,96,97"
238,09:38,10,10,인천공항,5,"0,39,79,89,99"
238,09:38,3,3,삼성,2,"21,24"
238,09:38,4,4,여의도,42,"11,14,18,20,22,25,26,27,31,32,34,36,37,38,41,42,43,44,46,47,49,52,53,56,57,59,63,64,65,72,73,74,77,81,82,83,86,87,91,93,94,95"
238,09:38,7,7,판교,1,13
238,09:38,9,9,평택,2,"78,98"
239,09:39,1,1,서울역,40,"1,3,4,6,9,12,15,16,19,23,28,30,33,35,40,45,48,50,51,54,55,60,61,62,66,67,68,69,70,71,75,76,80,84,85,88,90,92,96,97"
239,09:39,10,10,인천공항,5,"0,39,79,89,99"
239,09:39,2,2,수서,1,2
239,09:39,3,3,삼성,3,"8,21,24"
239,09:39,4,4,여의도,44,"11,14,17,18,20,22,25,26,27,29,31,32,34,36,37,38,41,42,43,44,46,47,49,52,53,56,57,59,63,64,65,72,73,74,77,81,82,83,86,87,91,93,94,95"
239,09:39,7,7,판교,1,13
239,09:39,9,9,평택,2,"78,98"
240,09:40,1,1,서울역,39,"1,3,4,6,9,12,16,19,23,28,30,33,35,40,45,48,50,51,54,55,60,61,62,66,67,68,69,70,71,75,76,80,84,85,88,90,92,96,97"
240,09:40,10,10,인천공항,5,"0,39,79,89,99"
240,09:40,2,2,수서,1,2
240,09:40,3,3,삼성,1,8
240,09:40,4,4,여의도,41,"7,14,17,20,25,26,27,29,31,32,34,36,37,38,41,42,44,46,47,49,52,53,56,57,59,63,64,65,72,73,74,77,81,82,83,86,87,91,93,94,95"
240,09:40,7,7,판교,1,13
240,09:40,9,9,평택,2,"78,98"
241,09:41,1,1,서울역,39,"1,3,4,6,9,12,16,19,23,28,30,33,35,40,45,48,50,51,54,55,60,61,62,66,67,68,69,70,71,75,76,80,84,85,88,90,92,96,97"
241,09:41,10,10,인천공항,5,"0,39,79,89,99"
241,09:41,2,2,수서,1,2
241,09:41,3,3,삼성,1,8
241,09:41,4,4,여의도,41,"7,14,17,20,25,26,27,29,31,32,34,36,37,38,41,42,44,46,47,49,52,53,56,57,59,63,64,65,72,73,74,77,81,82,83,86,87,91,93,94,95"
241,09:41,7,7,판교,1,13
241,09:41,9,9,평택,2,"78,98"
242,09:42,1,1,서울역,38,"1,3,4,6,9,16,19,23,28,30,33,35,40,45,48,50,51,54,55,60,61,62,66,67,68,69,70,71,75,76,80,84,85,88,90,92,96,97"
242,09:42,10,10,인천공항,5,"0,39,79,89,99"
242,09:42,2,2,수서,1,2
242,09:42,3,3,삼성,1,8
242,09:42,4,4,여의도,41,"7,14,17,20,25,26,27,29,31,32,34,36,37,38,41,42,44,46,47,49,52,53,56,57,59,63,64,65,72,73,74,77,81,82,83,86,87,91,93,94,95"
242,09:42,7,7,판교,1,13
242,09:42,9,9,평택,2,"78,98"
243,09:43,1,1,서울역,38,"1,3,4,6,9,16,19,23,28,30,33,35,40,45,48,50,51,54,55,60,61,62,66,67,68,69,70,71,75,76,80,84,85,88,90,92,96,97"
243,09:43,10,10,인천공항,5,"0,39,79,89,99"
243,09:43,2,2,수서,3,"2,10,21"
243,09:43,3,3,삼성,1,8
243,09:43,4,4,여의도,42,"5,7,14,17,20,25,26,27,29,31,32,34,36,37,38,41,42,44,46,47,49,52,53,56,57,59,63,64,65,72,73,74,77,81,82,83,86,87,91,93,94,95"
243,09:43,7,7,판교,2,"13,58"
243,09:43,9,9,평택,2,"78,98"
244,09:44,1,1,서울역,38,"1,3,4,6,9,16,19,23,28,30,33,35,40,45,48,50,51,54,55,60,61,62,66,67,68,69,70,71,75,76,80,84,85,88,90,92,96,97"
244,09:44,10,10,인천공항,5,"0,39,79,89,99"
244,09:44,2,2,수서,3,"2,10,21"
244,09:44,3,3,삼성,1,8
244,09:44,4,4,여의도,41,"5,7,14,17,20,25,26,27,29,31,32,34,36,37,41,42,44,46,47,49,52,53,56,57,59,63,64,65,72,73,74,77,81,82,83,86,87,91,93,94,95"
244,09:44,7,7,판교,2,"13,58"
244,09:44,9,9,평택,2,"78,98"
245,09:45,1,1,서울역,38,"1,3,4,6,9,16,19,23,28,30,33,35,40,45,48,50,51,54,55,60,61,62,66,67,68,69,70,71,75,76,80,84,85,88,90,92,96,97"
245,09:45,10,10,인천공항,5,"0,39,79,89,99"
245,09:45,2,2,수서,3,"2,10,21"
245,09:45,3,3,삼성,1,8
245,09:45,4,4,여의도,41,"5,7,14,17,20,25,26,27,29,31,32,34,36,37,41,42,44,46,47,49,52,53,56,57,59,63,64,65,72,73,74,77,81,82,83,86,87,91,93,94,95"
245,09:45,7,7,판교,2,"13,58"
245,09:45,9,9,평택,2,"78,98"
246,09:46,1,1,서울역,38,"1,3,4,6,9,16,19,23,28,30,33,35,40,45,48,50,51,54,55,60,61,62,66,67,68,69,70,71,75,76,80,84,85,88,90,92,96,97"
246,09:46,10,10,인천공항,5,"0,39,79,89,99"
246,09:46,2,2,수서,2,"2,10"
246,09:46,4,4,여의도,41,"5,7,14,17,20,25,26,27,29,31,32,34,36,37,41,42,44,46,47,49,52,53,56,57,59,63,64,65,72,73,74,77,81,82,83,86,87,91,93,94,95"
246,09:46,5,5,김포공항,4,"11,18,22,43"
246,09:46,7,7,판교,2,"13,58"
246,09:46,9,9,평택,2,"78,98"
247,09:47,1,1,서울역,37,"1,3,4,6,9,16,19,23,28,30,33,35,45,48,50,51,54,55,60,61,62,66,67,68,69,70,71,75,76,80,84,85,88,90,92,96,97"
247,09:47,10,10,인천공항,5,"0,39,79,89,99"
247,09:47,2,2,수서,2,"2,10"
247,09:47,4,4,여의도,42,"5,7,14,17,20,24,25,26,27,29,31,32,34,36,37,41,42,44,46,47,49,52,53,56,57,59,63,64,65,72,73,74,77,81,82,83,86,87,91,93,94,95"
247,09:47,5,5,김포공항,4,"11,18,22,43"
247,09:47,6,6,일산,1,15
247,09:47,7,7,판교,2,"13,58"
247,09:47,9,9,평택,1,98
248,09:48,1,1,서울역,36,"1,3,4,6,9,19,23,28,30,33,35,45,48,50,51,54,55,60,61,62,66,67,68,69,70,71,75,76,80,84,85,88,90,92,96,97"
248,09:48,10,10,인천공항,5,"0,39,79,89,99"
248,09:48,2,2,수서,2,"2,10"
248,09:48,3,3,삼성,1,12
248,09:48,4,4,여의도,42,"5,7,14,17,20,24,25,26,27,29,31,32,34,36,37,41,42,44,46,47,49,52,53,56,57,59,63,64,65,72,73,74,77,81,82,83,86,87,91,93,94,95"
248,09:48,5,5,김포공항,4,"11,18,22,43"
248,09:48,6,6,일산,1,15
248,09:48,7,7,판교,2,"13,58"
248,09:48,9,9,평택,1,98
249,09:49,1,1,서울역,36,"1,3,4,6,9,19,23,28,30,33,35,45,48,50,51,54,55,60,61,62,66,67,68,69,70,71,75,76,80,84,85,88,90,92,96,97"
249,09:49,10,10,인천공항,5,"0,39,79,89,99"
249,09:49,2,2,수서,2,"2,10"
249,09:49,3,3,삼성,1,12
249,09:49,4,4,여의도,42,"5,7,14,17,20,24,25,26,27,29,31,32,34,36,37,41,42,44,46,47,49,52,53,56,57,59,63,64,65,72,73,74,77,81,82,83,86,87,91,93,94,95"
249,09:49,6,6,일산,1,15
249,09:49,7,7,판교,2,"13,58"
249,09:49,9,9,평택,1,98
250,09:50,1,1,서울역,36,"1,3,4,6,9,19,23,28,30,33,35,45,48,50,51,54,55,60,61,62,66,67,68,69,70,71,75,76,80,84,85,88,90,92,96,97"
250,09:50,10,10,인천공항,5,"0,39,79,89,99"
250,09:50,2,2,수서,3,"2,10,38"
250,09:50,3,3,삼성,1,12
250,09:50,4,4,여의도,42,"5,7,14,17,20,24,25,26,27,29,31,32,34,36,37,41,42,44,46,47,49,52,53,56,57,59,63,64,65,72,73,74,77,81,82,83,86,87,91,93,94,95"
250,09:50,6,6,일산,1,15
250,09:50,7,7,판교,2,"13,58"
250,09:50,9,9,평택,1,98
251,09:51,1,1,서울역,35,"3,4,6,9,19,23,28,30,33,35,45,48,50,51,54,55,60,61,62,66,67,68,69,70,71,75,76,80,84,85,88,90,92,96,97"
251,09:51,10,10,인천공항,5,"0,39,79,89,99"
251,09:51,2,2,수서,3,"2,10,38"
251,09:51,3,3,삼성,1,12
251,09:51,4,4,여의도,41,"5,7,14,17,20,24,25,26,27,29,31,32,34,36,37,41,44,46,47,49,52,53,56,57,59,63,64,65,72,73,74,77,81,82,83,86,87,91,93,94,95"
251,09:51,6,6,일산,1,15
251,09:51,7,7,판교,1,58
251,09:51,9,9,평택,1,98
252,09:52,1,1,서울역,35,"3,4,6,9,19,23,28,30,33,35,45,48,50,51,54,55,60,61,62,66,67,68,69,70,71,75,76,80,84,85,88,90,92,96,97"
252,09:52,10,10,인천공항,5,"0,39,79,89,99"
252,09:52,2,2,수서,2,"2,38"
252,09:52,3,3,삼성,1,12
252,09:52,4,4,여의도,42,"5,7,14,17,20,21,24,25,26,27,29,31,32,34,36,37,41,44,46,47,49,52,53,56,57,59,63,64,65,72,73,74,77,81,82,83,86,87,91,93,94,95"
252,09:52,6,6,일산,1,15
252,09:52,7,7,판교,1,58
252,09:52,9,9,평택,1,98
253,09:53,1,1,서울역,35,"3,4,6,9,19,23,28,30,33,35,45,48,50,51,54,55,60,61,62,66,67,68,69,70,71,75,76,80,84,85,88,90,92,96,97"
253,09:53,10,10,인천공항,5,"0,39,79,89,99"
253,09:53,2,2,수서,2,"2,38"
253,09:53,3,3,삼성,2,"12,40"
253,09:53,4,4,여의도,42,"5,7,8,14,17,20,21,24,25,26,27,31,32,34,36,37,41,44,46,47,49,52,53,56,57,59,63,64,65,72,73,74,77,81,82,83,86,87,91,93,94,95"
253,09:53,7,7,판교,1,58
253,09:53,9,9,평택,1,98
254,09:54,1,1,서울역,35,"3,4,6,9,19,23,28,30,33,35,45,48,50,51,54,55,60,61,62,66,67,68,69,70,71,75,76,80,84,85,88,90,92,96,97"
254,09:54,10,10,인천공항,5,"0,39,79,89,99"
254,09:54,2,2,수서,2,"2,38"
254,09:54,3,3,삼성,2,"16,40"
254,09:54,4,4,여의도,42,"5,7,8,14,17,20,21,24,25,26,27,31,32,34,36,37,41,44,46,47,49,52,53,56,57,59,63,64,65,72,73,74,77,81,82,83,86,87,91,93,94,95"
254,09:54,7,7,판교,1,58
254,09:54,9,9,평택,1,98
255,09:55,1,1,서울역,35,"3,4,6,9,19,23,28,30,33,35,45,48,50,51,54,55,60,61,62,66,67,68,69,70,71,75,76,80,84,85,88,90,92,96,97"
255,09:55,10,10,인천공항,5,"0,39,79,89,99"
255,09:55,2,2,수서,2,"2,38"
255,09:55,3,3,삼성,2,"16,40"
255,09:55,4,4,여의도,42,"5,7,8,14,17,20,21,24,25,26,27,31,32,34,36,37,41,44,46,47,49,52,53,56,57,59,63,64,65,72,73,74,77,81,82,83,86,87,91,93,94,95"
255,09:55,7,7,판교,1,58
255,09:55,9,9,평택,1,98
256,09:56,1,1,서울역,35,"3,4,6,9,19,23,28,30,33,35,45,48,50,51,54,55,60,61,62,66,67,68,69,70,71,75,76,80,84,85,88,90,92,96,97"
256,09:56,10,10,인천공항,5,"0,39,79,89,99"
256,09:56,2,2,수서,1,2
256,09:56,3,3,삼성,2,"16,40"
256,09:56,4,4,여의도,42,"5,7,8,14,17,20,21,24,25,26,27,31,32,34,36,37,41,44,46,47,49,52,53,56,57,59,63,64,65,72,73,74,77,81,82,83,86,87,91,93,94,95"
256,09:56,7,7,판교,1,58
256,09:56,9,9,평택,1,98
257,09:57,1,1,서울역,35,"3,4,6,9,19,23,28,30,33,35,45,48,50,51,54,55,60,61,62,66,67,68,69,70,71,75,76,80,84,85,88,90,92,96,97"
257,09:57,10,10,인천공항,5,"0,39,79,89,99"
257,09:57,2,2,수서,1,2
257,09:57,3,3,삼성,5,"11,16,22,40,43"
257,09:57,4,4,여의도,42,"5,7,8,14,17,20,21,24,25,26,27,31,32,34,36,37,41,44,46,47,49,52,53,56,57,59,63,64,65,72,73,74,77,81,82,83,86,87,91,93,94,95"
257,09:57,5,5,김포공항,1,42
257,09:57,7,7,판교,1,58
257,09:57,9,9,평택,1,98
258,09:58,1,1,서울역,36,"3,4,6,9,13,19,23,28,30,33,35,45,48,50,51,54,55,60,61,62,66,67,68,69,70,71,75,76,80,84,85,88,90,92,96,97"
258,09:58,10,10,인천공항,5,"0,39,79,89,99"
258,09:58,2,2,수서,1,2
258,09:58,3,3,삼성,5,"11,16,22,40,43"
258,09:58,4,4,여의도,43,"5,7,8,10,14,17,20,21,24,25,26,27,31,32,34,36,37,41,44,46,47,49,52,53,56,57,59,63,64,65,72,73,74,77,81,82,83,86,87,91,93,94,95"
258,09:58,5,5,김포공항,1,42
258,09:58,7,7,판교,2,"1,58"
258,09:58,9,9,평택,1,98
259,09:59,1,1,서울역,36,"3,4,6,9,13,19,23,28,30,33,35,45,48,50,51,54,55,60,61,62,66,67,68,69,70,71,75,76,80,84,85,88,90,92,96,97"
259,09:59,10,10,인천공항,5,"0,39,79,89,99"
259,09:59,2,2,수서,2,"2,29"
259,09:59,3,3,삼성,4,"11,16,22,43"
259,09:59,4,4,여의도,42,"7,8,10,14,17,20,21,24,25,26,27,31,32,34,36,37,41,44,46,47,49,52,53,56,57,59,63,64,65,72,73,74,77,81,82,83,86,87,91,93,94,95"
259,09:59,5,5,김포공항,1,42
259,09:59,7,7,판교,4,"1,18,58,78"
259,09:59,9,9,평택,1,98
260,10:00,1,1,서울역,30,"4,6,9,13,15,19,23,28,30,35,48,50,51,54,55,60,62,66,67,69,70,71,76,80,84,85,90,92,96,97"
260,10:00,10,10,인천공항,5,"0,39,79,89,99"
260,10:00,2,2,수서,2,"2,29"
260,10:00,3,3,삼성,2,"11,43"
260,10:00,4,4,여의도,31,"7,8,10,14,17,20,21,25,26,27,31,32,34,36,41,44,46,47,53,56,57,59,63,65,73,77,81,82,83,86,91"
260,10:00,5,5,김포공항,1,42
260,10:00,7,7,판교,4,"1,18,58,78"
260,10:00,9,9,평택,1,98
261,10:01,1,1,서울역,26,"4,6,9,13,15,19,23,30,35,50,51,54,55,60,66,67,69,71,76,80,84,85,90,92,96,97"
261,10:01,10,10,인천공항,5,"0,39,79,89,99"
261,10:01,2,2,수서,2,"2,29"
261,10:01,3,3,삼성,2,"11,43"
261,10:01,4,4,여의도,30,"7,8,10,12,14,17,20,21,26,31,32,34,36,41,44,46,47,53,56,57,59,63,65,73,77,81,82,83,86,91"
261,10:01,5,5,김포공항,1,42
261,10:01,7,7,판교,4,"1,18,58,78"
261,10:01,9,9,평택,1,98
262,10:02,1,1,서울역,25,"4,6,9,13,15,19,23,30,35,50,51,54,55,60,66,67,69,76,80,84,85,90,92,96,97"
262,10:02,10,10,인천공항,5,"0,39,79,89,99"
262,10:02,2,2,수서,2,"2,29"
262,10:02,3,3,삼성,2,"11,43"
262,10:02,4,4,여의도,30,"7,8,10,12,14,17,20,21,26,31,32,34,36,38,41,44,46,53,56,57,59,63,65,73,77,81,82,83,86,91"
262,10:02,5,5,김포공항,1,42
262,10:02,7,7,판교,3,"1,18,58"
262,10:02,9,9,평택,1,98
263,10:03,1,1,서울역,21,"4,6,9,13,19,23,30,35,50,51,54,55,60,66,69,76,84,90,92,96,97"
263,10:03,10,10,인천공항,5,"0,39,79,89,99"
263,10:03,2,2,수서,2,"22,29"
263,10:03,3,3,삼성,1,43
263,10:03,4,4,여의도,28,"7,8,10,12,14,17,20,26,31,32,34,36,38,41,44,46,53,56,57,59,63,65,73,77,81,82,83,86"
263,10:03,5,5,김포공항,1,42
263,10:03,7,7,판교,3,"1,18,58"
263,10:03,9,9,평택,1,98
264,10:04,1,1,서울역,20,"4,6,13,19,23,30,35,50,51,54,55,60,66,69,76,84,90,92,96,97"
264,10:04,10,10,인천공항,5,"0,39,79,89,99"
264,10:04,2,2,수서,2,"22,29"
264,10:04,4,4,여의도,25,"7,8,10,12,14,17,20,31,32,34,36,38,41,44,46,56,57,59,63,65,73,81,82,83,86"
264,10:04,5,5,김포공항,1,42
264,10:04,7,7,판교,3,"1,18,58"
264,10:04,9,9,평택,1,98
265,10:05,1,1,서울역,18,"4,13,19,23,30,35,51,54,55,60,66,69,76,84,90,92,96,97"
265,10:05,10,10,인천공항,5,"0,39,79,89,99"
265,10:05,2,2,수서,2,"5,22"
265,10:05,4,4,여의도,21,"7,8,10,12,14,20,31,32,34,36,38,41,56,57,59,63,65,73,82,83,86"
265,10:05,7,7,판교,2,"1,58"
265,10:05,9,9,평택,1,98
266,10:06,1,1,서울역,15,"4,13,19,23,30,35,51,54,69,76,84,90,92,96,97"
266,10:06,10,10,인천공항,5,"0,39,79,89,99"
266,10:06,2,2,수서,5,"5,24,49,52,74"
266,10:06,3,3,삼성,2,"3,45"
266,10:06,4,4,여의도,22,"7,8,10,12,14,20,31,32,34,36,38,40,41,56,57,59,63,65,73,82,83,86"
266,10:06,5,5,김포공항,2,"72,87"
266,10:06,7,7,판교,2,"1,58"
266,10:06,9,9,평택,1,98
267,10:07,1,1,서울역,15,"4,13,19,23,30,35,51,54,69,76,84,90,92,96,97"
267,10:07,10,10,인천공항,5,"0,39,79,89,99"
267,10:07,2,2,수서,5,"5,24,49,52,74"
267,10:07,3,3,삼성,3,"3,45,48"
267,10:07,4,4,여의도,22,"7,8,10,12,14,16,31,32,34,36,38,40,41,56,57,59,63,65,73,82,83,86"
267,10:07,5,5,김포공항,2,"72,87"
267,10:07,6,6,일산,5,"33,61,64,68,93"
267,10:07,7,7,판교,3,"1,58,75"
267,10:07,9,9,평택,1,98
268,10:08,1,1,서울역,14,"4,13,19,23,30,35,51,54,76,84,90,92,96,97"
268,10:08,10,10,인천공항,4,"0,79,89,99"
268,10:08,2,2,수서,5,"5,24,49,52,74"
268,10:08,3,3,삼성,3,"3,45,48"
268,10:08,4,4,여의도,20,"7,8,10,12,14,16,31,32,34,36,38,40,41,57,59,63,65,73,82,83"
268,10:08,5,5,김포공항,3,"47,72,87"
268,10:08,6,6,일산,7,"28,33,61,62,64,68,93"
268,10:08,7,7,판교,4,"1,25,70,75"
268,10:08,9,9,평택,1,98
269,10:09,1,1,서울역,14,"13,19,23,30,35,51,54,76,78,84,90,92,96,97"
269,10:09,10,10,인천공항,4,"0,79,89,99"
269,10:09,2,2,수서,2,"5,52"
269,10:09,3,3,삼성,2,"48,80"
269,10:09,4,4,여의도,21,"2,7,8,10,12,14,16,31,32,34,36,38,40,41,57,59,63,65,73,82,83"
269,10:09,5,5,김포공항,2,"47,87"
269,10:09,6,6,일산,8,"28,33,61,62,64,68,71,93"
269,10:09,7,7,판교,4,"1,25,70,75"
269,10:09,9,9,평택,1,98
270,10:10,1,1,서울역,14,"13,19,23,35,43,51,54,76,78,84,90,92,96,97"
270,10:10,10,10,인천공항,4,"0,79,89,99"
270,10:10,2,2,수서,4,"5,52,53,77"
270,10:10,3,3,삼성,4,"9,21,48,80"
270,10:10,4,4,여의도,22,"2,7,8,10,11,12,14,16,31,32,34,36,38,40,41,57,59,63,65,73,82,83"
270,10:10,5,5,김포공항,2,"47,87"
270,10:10,6,6,일산,5,"28,62,64,67,71"
270,10:10,7,7,판교,4,"1,15,25,70"
270,10:10,9,9,평택,1,98
271,10:11,1,1,서울역,11,"19,23,35,43,54,78,84,90,92,96,97"
271,10:11,10,10,인천공항,4,"0,79,89,99"
271,10:11,2,2,수서,6,"5,46,52,53,77,81"
271,10:11,3,3,삼성,6,"6,9,21,48,50,80"
271,10:11,4,4,여의도,20,"2,7,8,10,11,12,16,31,32,34,36,38,40,41,59,63,65,73,82,83"
271,10:11,5,5,김포공항,2,"17,87"
271,10:11,6,6,일산,2,"67,71"
271,10:11,7,7,판교,3,"1,15,26"
271,10:11,8,8,동탄/용인,2,"37,95"
271,10:11,9,9,평택,1,98
272,10:12,1,1,서울역,13,"18,19,23,29,35,43,54,78,84,90,92,96,97"
272,10:12,10,10,인천공항,5,"0,79,89,94,99"
272,10:12,2,2,수서,5,"5,46,53,77,81"
272,10:12,3,3,삼성,6,"6,9,21,48,50,60"
272,10:12,4,4,여의도,20,"2,7,8,10,11,12,16,31,32,34,36,38,40,41,59,63,65,73,82,83"
272,10:12,5,5,김포공항,1,17
272,10:12,6,6,일산,2,"67,71"
272,10:12,7,7,판교,2,"15,26"
272,10:12,8,8,동탄/용인,3,"27,37,95"
272,10:12,9,9,평택,1,98
273,10:13,1,1,서울역,13,"18,19,22,29,35,43,54,78,84,90,92,96,97"
273,10:13,10,10,인천공항,4,"0,89,94,99"
273,10:13,2,2,수서,6,"5,20,46,53,77,81"
273,10:13,3,3,삼성,5,"6,9,21,50,60"
273,10:13,4,4,여의도,20,"2,7,8,10,11,12,16,31,32,34,36,38,40,41,59,63,65,73,82,83"
273,10:13,5,5,김포공항,1,17
273,10:13,6,6,일산,3,"55,66,71"
273,10:13,7,7,판교,2,"15,26"
273,10:13,8,8,동탄/용인,3,"27,37,95"
273,10:13,9,9,평택,1,98
274,10:14,1,1,서울역,13,"18,19,22,29,35,43,54,78,84,90,92,96,97"
274,10:14,10,10,인천공항,3,"0,89,94"
274,10:14,2,2,수서,4,"5,20,53,77"
274,10:14,3,3,삼성,5,"6,9,21,50,60"
274,10:14,4,4,여의도,19,"2,7,8,10,11,12,16,31,32,34,36,38,40,41,59,65,73,82,83"
274,10:14,5,5,김포공항,1,17
274,10:14,6,6,일산,3,"55,66,71"
274,10:14,7,7,판교,2,"15,26"
274,10:14,8,8,동탄/용인,2,"27,91"
275,10:15,1,1,서울역,14,"18,19,22,29,35,43,54,58,78,84,90,92,96,97"
275,10:15,10,10,인천공항,2,"0,89"
275,10:15,2,2,수서,4,"5,20,53,77"
275,10:15,3,3,삼성,5,"6,9,21,50,56"
275,10:15,4,4,여의도,19,"2,8,10,11,12,16,24,31,32,34,36,38,40,41,59,65,73,82,83"
275,10:15,5,5,김포공항,1,17
275,10:15,6,6,일산,4,"55,66,69,71"
275,10:15,7,7,판교,3,"15,26,42"
275,10:15,8,8,동탄/용인,1,91
276,10:16,1,1,서울역,14,"18,19,22,29,35,43,54,58,78,84,90,92,96,97"
276,10:16,10,10,인천공항,2,"0,89"
276,10:16,2,2,수서,2,"5,20"
276,10:16,3,3,삼성,4,"6,30,50,56"
276,10:16,4,4,여의도,16,"2,10,11,12,16,24,34,36,38,40,41,59,65,73,82,83"
276,10:16,5,5,김포공항,1,17
276,10:16,6,6,일산,3,"66,69,71"
276,10:16,7,7,판교,3,"4,26,42"
276,10:16,8,8,동탄/용인,1,91
276,10:16,9,9,평택,1,88
277,10:17,1,1,서울역,14,"18,19,22,29,35,43,54,58,78,84,90,92,96,97"
277,10:17,10,10,인천공항,2,"0,44"
277,10:17,2,2,수서,2,"5,20"
277,10:17,3,3,삼성,5,"13,30,50,51,56"
277,10:17,4,4,여의도,16,"2,10,11,12,16,24,34,36,38,40,41,59,65,73,82,83"
277,10:17,5,5,김포공항,4,"14,45,49,57"
277,10:17,6,6,일산,2,"66,69"
277,10:17,7,7,판교,2,"4,42"
277,10:17,8,8,동탄/용인,1,91
277,10:17,9,9,평택,1,88
278,10:18,1,1,서울역,15,"18,19,22,28,29,35,43,54,58,78,84,90,92,96,97"
278,10:18,10,10,인천공항,2,"0,44"
278,10:18,2,2,수서,2,"5,20"
278,10:18,3,3,삼성,4,"13,30,51,56"
278,10:18,4,4,여의도,17,"2,11,12,16,24,25,34,36,38,40,41,59,64,65,73,82,83"
278,10:18,5,5,김포공항,4,"14,45,49,57"
278,10:18,6,6,일산,2,"66,76"
278,10:18,7,7,판교,2,"4,42"
278,10:18,8,8,동탄/용인,1,91
278,10:18,9,9,평택,1,88
279,10:19,1,1,서울역,15,"18,19,22,28,29,35,43,54,58,78,84,90,92,96,97"
279,10:19,10,10,인천공항,2,"0,44"
279,10:19,2,2,수서,3,"5,20,47"
279,10:19,3,3,삼성,4,"13,30,51,56"
279,10:19,4,4,여의도,18,"1,2,11,12,16,24,25,34,36,38,40,41,59,64,65,73,82,83"
279,10:19,5,5,김포공항,4,"14,45,49,57"
279,10:19,6,6,일산,2,"3,76"
279,10:19,7,7,판교,3,"4,42,72"
279,10:19,8,8,동탄/용인,2,"86,91"
279,10:19,9,9,평택,1,85
280,10:20,1,1,서울역,5,"28,43,54,92,97"
280,10:20,10,10,인천공항,2,"0,44"
280,10:20,2,2,수서,3,"5,20,47"
280,10:20,3,3,삼성,6,"13,30,33,51,56,61"
280,10:20,4,4,여의도,16,"1,2,11,12,16,24,25,34,36,39,41,59,64,65,73,83"
280,10:20,5,5,김포공항,5,"14,45,49,52,57"
280,10:20,6,6,일산,3,"3,74,76"
280,10:20,7,7,판교,3,"4,42,72"
280,10:20,8,8,동탄/용인,2,"86,91"
280,10:20,9,9,평택,1,85
281,10:21,1,1,서울역,5,"43,46,54,92,97"
281,10:21,10,10,인천공항,2,"0,44"
281,10:21,2,2,수서,5,"5,7,20,47,68"
281,10:21,3,3,삼성,7,"13,30,33,51,56,61,62"
281,10:21,4,4,여의도,15,"1,2,11,12,16,24,25,34,36,39,41,59,65,73,83"
281,10:21,5,5,김포공항,6,"14,45,48,49,52,57"
281,10:21,6,6,일산,3,"3,74,76"
281,10:21,7,7,판교,3,"4,42,72"
281,10:21,8,8,동탄/용인,2,"86,91"
281,10:21,9,9,평택,1,85
282,10:22,1,1,서울역,5,"9,43,46,54,97"
282,10:22,10,10,인천공항,2,"0,44"
282,10:22,2,2,수서,6,"5,7,8,20,47,68"
282,10:22,3,3,삼성,7,"13,30,33,51,56,61,62"
282,10:22,4,4,여의도,13,"1,2,11,12,16,24,25,36,39,41,59,65,83"
282,10:22,5,5,김포공항,6,"14,45,48,49,52,57"
282,10:22,6,6,일산,5,"3,74,75,76,80"
282,10:22,7,7,판교,2,"42,72"
282,10:22,8,8,동탄/용인,1,86
283,10:23,1,1,서울역,8,"6,9,15,43,46,54,55,97"
283,10:23,10,10,인천공항,2,"0,44"
283,10:23,2,2,수서,5,"7,8,20,47,68"
283,10:23,3,3,삼성,5,"31,33,51,61,62"
283,10:23,4,4,여의도,14,"1,2,11,12,16,21,24,25,36,39,41,59,65,83"
283,10:23,5,5,김포공항,4,"14,45,48,52"
283,10:23,6,6,일산,5,"3,74,75,76,80"
283,10:23,7,7,판교,3,"32,42,72"
283,10:23,8,8,동탄/용인,1,86
283,10:23,9,9,평택,1,70
284,10:24,1,1,서울역,7,"6,9,15,43,54,55,97"
284,10:24,10,10,인천공항,3,"0,44,67"
284,10:24,2,2,수서,5,"7,8,20,47,68"
284,10:24,3,3,삼성,5,"31,33,51,61,62"
284,10:24,4,4,여의도,15,"1,2,11,12,16,21,24,25,26,39,41,59,65,83,96"
284,10:24,5,5,김포공항,4,"45,48,52,53"
284,10:24,6,6,일산,5,"3,74,75,76,80"
284,10:24,7,7,판교,3,"32,42,72"
284,10:24,8,8,동탄/용인,1,86
284,10:24,9,9,평택,1,70
285,10:25,1,1,서울역,8,"6,9,15,17,43,54,55,97"
285,10:25,10,10,인천공항,3,"0,44,67"
285,10:25,2,2,수서,3,"7,8,68"
285,10:25,3,3,삼성,4,"31,33,61,62"
285,10:25,4,4,여의도,17,"1,2,11,12,16,21,24,25,26,37,39,41,59,65,79,83,96"
285,10:25,5,5,김포공항,4,"45,48,52,53"
285,10:25,6,6,일산,7,"3,60,74,75,76,80,81"
285,10:25,7,7,판교,4,"10,32,42,72"
285,10:25,8,8,동탄/용인,1,86
285,10:25,9,9,평택,1,70
286,10:26,1,1,서울역,8,"6,9,15,17,43,54,55,97"
286,10:26,10,10,인천공항,4,"0,23,44,67"
286,10:26,2,2,수서,3,"7,8,68"
286,10:26,3,3,삼성,6,"18,22,31,62,84,90"
286,10:26,4,4,여의도,17,"1,2,11,12,16,21,24,25,26,37,39,41,59,65,79,83,96"
286,10:26,5,5,김포공항,6,"40,48,50,52,53,82"
286,10:26,6,6,일산,5,"3,60,75,80,81"
286,10:26,7,7,판교,4,"10,32,42,72"
286,10:26,8,8,동탄/용인,1,86
286,10:26,9,9,평택,1,70
287,10:27,1,1,서울역,8,"6,9,15,17,43,54,55,97"
287,10:27,10,10,인천공항,4,"0,23,44,67"
287,10:27,2,2,수서,5,"7,8,19,29,35"
287,10:27,3,3,삼성,7,"18,22,28,31,62,84,90"
287,10:27,4,4,여의도,15,"1,2,11,12,16,21,25,26,37,39,41,59,65,79,83"
287,10:27,5,5,김포공항,6,"40,48,50,52,53,82"
287,10:27,6,6,일산,8,"3,58,60,75,77,78,80,81"
287,10:27,7,7,판교,4,"10,32,38,72"
287,10:27,8,8,동탄/용인,1,93
287,10:27,9,9,평택,1,70
288,10:28,1,1,서울역,8,"6,9,15,17,43,54,55,97"
288,10:28,10,10,인천공항,4,"0,23,44,67"
288,10:28,2,2,수서,6,"7,8,19,29,35,98"
288,10:28,3,3,삼성,6,"18,22,28,31,84,90"
288,10:28,4,4,여의도,13,"1,2,11,16,21,26,37,39,41,59,65,79,83"
288,10:28,5,5,김포공항,7,"40,48,50,52,53,73,82"
288,10:28,6,6,일산,8,"3,58,60,75,77,78,80,81"
288,10:28,7,7,판교,4,"10,32,38,72"
288,10:28,8,8,동탄/용인,1,93
288,10:28,9,9,평택,1,70
289,10:29,1,1,서울역,7,"6,9,13,17,43,54,97"
289,10:29,10,10,인천공항,5,"0,23,44,67,69"
289,10:29,2,2,수서,6,"7,8,19,29,35,98"
289,10:29,3,3,삼성,5,"28,31,34,66,99"
289,10:29,4,4,여의도,16,"1,2,4,5,11,16,21,26,37,39,41,59,65,79,83,89"
289,10:29,5,5,김포공항,4,"48,50,53,73"
289,10:29,6,6,일산,8,"3,58,60,75,77,78,80,81"
289,10:29,7,7,판교,5,"10,32,38,71,72"
289,10:29,8,8,동탄/용인,1,93
289,10:29,9,9,평택,2,"63,87"
290,10:30,1,1,서울역,7,"6,9,13,17,43,54,97"
290,10:30,10,10,인천공항,5,"0,23,44,67,69"
290,10:30,2,2,수서,3,"7,8,98"
290,10:30,3,3,삼성,5,"31,34,66,94,99"
290,10:30,4,4,여의도,16,"1,2,4,5,16,21,26,30,37,41,56,59,65,79,83,89"
290,10:30,5,5,김포공항,2,"50,73"
290,10:30,6,6,일산,6,"3,60,75,77,80,81"
290,10:30,7,7,판교,5,"10,32,38,71,72"
290,10:30,8,8,동탄/용인,1,93
290,10:30,9,9,평택,2,"63,87"
291,10:31,1,1,서울역,8,"6,13,17,43,49,54,57,97"
291,10:31,10,10,인천공항,5,"0,23,44,67,69"
291,10:31,2,2,수서,3,"7,8,98"
291,10:31,3,3,삼성,6,"31,34,36,66,94,99"
291,10:31,4,4,여의도,17,"1,2,4,5,16,20,21,26,30,37,41,56,59,65,79,83,89"
291,10:31,5,5,김포공항,2,"50,73"
291,10:31,6,6,일산,7,"3,60,75,77,80,81,95"
291,10:31,7,7,판교,5,"10,32,38,71,72"
291,10:31,8,8,동탄/용인,1,93
291,10:31,9,9,평택,2,"63,87"
292,10:32,1,1,서울역,9,"6,13,17,33,43,49,54,57,97"
292,10:32,10,10,인천공항,5,"0,23,44,67,69"
292,10:32,2,2,수서,3,"7,8,98"
292,10:32,3,3,삼성,7,"14,31,34,36,66,94,99"
292,10:32,4,4,여의도,16,"1,2,4,5,16,20,21,26,30,37,41,56,59,65,79,83"
292,10:32,5,5,김포공항,3,"46,50,73"
292,10:32,6,6,일산,8,"3,27,60,75,77,80,81,95"
292,10:32,7,7,판교,4,"10,38,71,72"
292,10:32,8,8,동탄/용인,1,93
292,10:32,9,9,평택,2,"63,87"
293,10:33,1,1,서울역,10,"6,13,17,33,43,49,54,57,74,97"
293,10:33,10,10,인천공항,4,"23,44,67,69"
293,10:33,2,2,수서,4,"7,8,24,98"
293,10:33,3,3,삼성,7,"14,31,34,36,66,94,99"
293,10:33,4,4,여의도,16,"1,2,4,5,16,20,21,26,30,37,56,59,61,65,79,83"
293,10:33,5,5,김포공항,5,"46,47,50,51,73"
293,10:33,6,6,일산,6,"27,60,77,80,81,95"
293,10:33,7,7,판교,4,"10,38,71,72"
293,10:33,8,8,동탄/용인,1,93
293,10:33,9,9,평택,2,"63,87"
294,10:34,1,1,서울역,13,"6,13,17,33,42,43,49,54,57,62,74,91,97"
294,10:34,10,10,인천공항,4,"23,44,67,69"
294,10:34,2,2,수서,5,"7,8,24,25,98"
294,10:34,3,3,삼성,8,"14,31,34,36,45,66,94,99"
294,10:34,4,4,여의도,15,"1,2,4,5,16,20,26,30,37,56,59,61,65,79,83"
294,10:34,5,5,김포공항,4,"46,47,50,51"
294,10:34,6,6,일산,6,"27,60,77,80,81,95"
294,10:34,7,7,판교,5,"10,38,71,72,96"
294,10:34,8,8,동탄/용인,2,"92,93"
294,10:34,9,9,평택,2,"63,87"
295,10:35,1,1,서울역,13,"6,13,17,33,42,43,49,54,57,62,74,91,97"
295,10:35,10,10,인천공항,4,"23,44,67,69"
295,10:35,2,2,수서,5,"7,8,24,25,98"
295,10:35,3,3,삼성,8,"14,31,34,36,45,66,94,99"
295,10:35,4,4,여의도,13,"1,2,4,16,20,26,30,37,56,61,65,79,83"
295,10:35,5,5,김포공항,3,"47,51,68"
295,10:35,6,6,일산,5,"27,60,77,80,95"
295,10:35,7,7,판교,5,"10,38,71,72,96"
295,10:35,8,8,동탄/용인,2,"92,93"
295,10:35,9,9,평택,2,"63,87"
296,10:36,1,1,서울역,13,"6,17,33,42,43,49,54,57,62,74,89,91,97"
296,10:36,10,10,인천공항,4,"23,44,67,69"
296,10:36,2,2,수서,5,"7,8,24,25,98"
296,10:36,3,3,삼성,6,"14,34,36,45,66,99"
296,10:36,4,4,여의도,13,"1,2,4,18,20,26,30,37,56,61,65,79,83"
296,10:36,5,5,김포공항,3,"47,51,68"
296,10:36,6,6,일산,4,"27,60,80,95"
296,10:36,7,7,판교,5,"10,38,71,72,96"
296,10:36,8,8,동탄/용인,2,"92,93"
296,10:36,9,9,평택,3,"63,64,87"
297,10:37,1,1,서울역,14,"6,17,19,33,42,43,49,54,57,62,74,89,91,97"
297,10:37,10,10,인천공항,4,"23,44,67,69"
297,10:37,2,2,수서,5,"7,8,24,25,98"
297,10:37,3,3,삼성,8,"14,34,39,45,52,66,85,99"
297,10:37,4,4,여의도,13,"1,2,4,18,20,26,30,37,56,61,65,79,83"
297,10:37,5,5,김포공항,5,"22,47,51,55,68"
297,10:37,6,6,일산,4,"27,60,80,95"
297,10:37,7,7,판교,6,"10,11,38,71,72,96"
297,10:37,8,8,동탄/용인,2,"92,93"
297,10:37,9,9,평택,3,"63,64,87"
298,10:38,1,1,서울역,15,"6,17,19,33,42,43,48,49,54,57,62,74,89,91,97"
298,10:38,10,10,인천공항,4,"23,44,67,69"
298,10:38,2,2,수서,6,"7,8,24,25,53,98"
298,10:38,3,3,삼성,6,"14,39,45,52,66,85"
298,10:38,4,4,여의도,14,"1,2,4,18,20,26,30,37,56,61,65,79,83,86"
298,10:38,5,5,김포공항,8,"22,28,29,35,47,51,55,68"
298,10:38,6,6,일산,4,"27,60,80,95"
298,10:38,7,7,판교,7,"10,11,38,71,72,76,96"
298,10:38,8,8,동탄/용인,2,"92,93"
298,10:38,9,9,평택,2,"64,87"
299,10:39,1,1,서울역,15,"6,17,19,33,42,43,48,49,54,57,62,74,89,91,97"
299,10:39,10,10,인천공항,4,"23,44,67,69"
299,10:39,2,2,수서,4,"8,24,25,53"
299,10:39,3,3,삼성,6,"14,39,45,52,66,85"
299,10:39,4,4,여의도,15,"1,2,4,18,20,26,30,32,37,56,61,65,79,83,86"
299,10:39,5,5,김포공항,8,"22,28,29,35,47,51,55,68"
299,10:39,6,6,일산,4,"27,60,88,95"
299,10:39,7,7,판교,8,"10,11,38,40,71,76,82,96"
299,10:39,8,8,동탄/용인,2,"92,93"
299,10:39,9,9,평택,2,"64,87"
300,10:40,1,1,서울역,12,"6,17,19,33,42,48,54,57,62,74,89,97"
300,10:40,10,10,인천공항,4,"23,44,67,69"
300,10:40,2,2,수서,5,"8,21,24,25,53"
300,10:40,3,3,삼성,6,"14,39,45,52,66,85"
300,10:40,4,4,여의도,13,"1,2,4,18,20,30,32,37,56,61,65,79,86"
300,10:40,5,5,김포공항,7,"22,28,29,35,51,55,68"
300,10:40,6,6,일산,4,"27,60,88,95"
300,10:40,7,7,판교,7,"11,38,40,41,71,76,82"
300,10:40,9,9,평택,1,64
301,10:41,1,1,서울역,9,"6,17,19,33,42,54,57,62,97"
301,10:41,10,10,인천공항,3,"23,44,67"
301,10:41,2,2,수서,5,"8,21,24,25,53"
301,10:41,3,3,삼성,6,"14,39,45,52,66,85"
301,10:41,4,4,여의도,13,"1,2,4,18,20,30,32,37,56,61,65,79,86"
301,10:41,5,5,김포공항,6,"22,28,29,35,51,55"
301,10:41,6,6,일산,3,"60,88,95"
301,10:41,7,7,판교,7,"11,38,40,41,71,76,82"
301,10:41,9,9,평택,1,64
302,10:42,1,1,서울역,9,"6,17,19,33,42,54,57,62,97"
302,10:42,10,10,인천공항,4,"15,23,44,67"
302,10:42,2,2,수서,5,"8,21,24,25,53"
302,10:42,3,3,삼성,7,"14,39,45,52,59,66,85"
302,10:42,4,4,여의도,12,"1,2,18,20,30,32,37,56,61,65,79,86"
302,10:42,5,5,김포공항,6,"22,28,29,35,51,55"
302,10:42,6,6,일산,3,"60,88,95"
302,10:42,7,7,판교,9,"11,38,40,41,58,71,76,78,82"
302,10:42,9,9,평택,1,64
303,10:43,1,1,서울역,9,"6,17,19,33,36,42,46,54,57"
303,10:43,10,10,인천공항,4,"15,23,44,67"
303,10:43,2,2,수서,5,"8,21,24,25,53"
303,10:43,3,3,삼성,9,"14,39,45,50,52,59,66,75,85"
303,10:43,4,4,여의도,11,"1,2,18,20,30,32,37,56,65,79,86"
303,10:43,5,5,김포공항,4,"22,28,29,35"
303,10:43,6,6,일산,3,"60,88,95"
303,10:43,7,7,판교,9,"11,38,40,41,58,71,76,78,82"
303,10:43,9,9,평택,2,"12,64"
304,10:44,1,1,서울역,9,"6,17,19,33,34,36,42,46,54"
304,10:44,10,10,인천공항,5,"9,15,23,44,67"
304,10:44,2,2,수서,4,"8,21,24,25"
304,10:44,3,3,삼성,10,"14,39,45,50,52,59,66,70,75,85"
304,10:44,4,4,여의도,10,"1,2,18,20,30,32,37,65,79,86"
304,10:44,5,5,김포공항,5,"22,29,31,35,94"
304,10:44,6,6,일산,3,"60,88,95"
304,10:44,7,7,판교,9,"11,38,40,41,58,71,76,78,82"
304,10:44,9,9,평택,4,"12,64,84,90"
305,10:45,1,1,서울역,8,"17,19,33,34,36,42,46,54"
305,10:45,10,10,인천공항,5,"9,15,23,44,67"
305,10:45,2,2,수서,4,"8,21,24,25"
305,10:45,3,3,삼성,10,"14,39,45,50,52,59,66,70,75,85"
305,10:45,4,4,여의도,12,"1,2,7,18,20,30,32,37,65,79,86,89"
305,10:45,5,5,김포공항,5,"22,29,31,35,94"
305,10:45,6,6,일산,3,"60,88,95"
305,10:45,7,7,판교,9,"3,11,40,41,58,71,76,78,82"
305,10:45,9,9,평택,4,"12,64,84,90"
306,10:46,1,1,서울역,8,"17,33,34,36,42,46,54,98"
306,10:46,10,10,인천공항,5,"9,15,23,44,67"
306,10:46,2,2,수서,6,"8,21,24,25,26,81"
306,10:46,3,3,삼성,10,"14,39,45,50,52,59,66,70,75,85"
306,10:46,4,4,여의도,13,"1,2,7,18,20,30,32,37,65,72,79,86,89"
306,10:46,5,5,김포공항,5,"29,31,35,94,99"
306,10:46,6,6,일산,3,"60,88,95"
306,10:46,7,7,판교,9,"3,11,40,41,58,71,76,78,82"
306,10:46,8,8,동탄/용인,1,87
306,10:46,9,9,평택,4,"12,64,84,90"
307,10:47,1,1,서울역,9,"10,17,33,34,36,42,46,54,98"
307,10:47,10,10,인천공항,5,"9,15,23,44,67"
307,10:47,2,2,수서,7,"8,21,24,25,26,77,81"
307,10:47,3,3,삼성,9,"14,39,45,50,59,66,70,75,85"
307,10:47,4,4,여의도,12,"1,2,7,20,30,32,37,65,72,79,86,89"
307,10:47,5,5,김포공항,5,"29,31,35,94,99"
307,10:47,6,6,일산,4,"49,60,91,95"
307,10:47,7,7,판교,9,"3,11,40,41,58,71,76,78,82"
307,10:47,8,8,동탄/용인,2,"87,96"
307,10:47,9,9,평택,4,"12,64,84,90"
308,10:48,1,1,서울역,8,"10,17,34,36,42,46,54,98"
308,10:48,10,10,인천공항,4,"9,23,44,67"
308,10:48,2,2,수서,7,"8,21,24,25,26,77,81"
308,10:48,3,3,삼성,9,"0,39,45,50,59,66,70,75,85"
308,10:48,4,4,여의도,11,"1,2,7,20,30,32,37,65,72,79,86"
308,10:48,5,5,김포공항,5,"29,31,35,94,99"
308,10:48,6,6,일산,5,"49,60,74,91,95"
308,10:48,7,7,판교,8,"3,11,41,58,71,76,78,82"
308,10:48,8,8,동탄/용인,3,"73,87,96"
308,10:48,9,9,평택,4,"12,64,84,90"
309,10:49,1,1,서울역,8,"10,17,34,36,46,54,68,98"
309,10:49,10,10,인천공항,5,"9,13,23,44,67"
309,10:49,2,2,수서,6,"8,24,25,26,77,81"
309,10:49,3,3,삼성,10,"0,4,39,45,50,59,66,70,75,85"
309,10:49,4,4,여의도,11,"1,2,7,20,30,32,37,65,72,79,86"
309,10:49,5,5,김포공항,5,"29,31,48,94,99"
309,10:49,6,6,일산,5,"49,60,74,91,95"
309,10:49,7,7,판교,8,"3,11,41,58,71,76,78,82"
309,10:49,8,8,동탄/용인,2,"73,96"
309,10:49,9,9,평택,3,"12,84,90"
310,10:50,1,1,서울역,6,"10,17,36,46,68,98"
310,10:50,10,10,인천공항,6,"9,13,23,44,67,80"
310,10:50,2,2,수서,6,"8,24,25,26,77,81"
310,10:50,3,3,삼성,11,"0,4,39,45,50,59,66,70,75,85,93"
310,10:50,4,4,여의도,10,"1,7,19,20,30,32,37,65,72,86"
310,10:50,5,5,김포공항,3,"31,48,99"
310,10:50,6,6,일산,4,"60,74,95,97"
310,10:50,7,7,판교,10,"3,11,41,47,58,61,71,76,78,82"
310,10:50,8,8,동탄/용인,1,73
310,10:50,9,9,평택,2,"5,12"
311,10:51,1,1,서울역,6,"10,17,36,55,68,98"
311,10:51,10,10,인천공항,6,"9,13,23,44,67,80"
311,10:51,2,2,수서,6,"8,25,26,51,77,81"
311,10:51,3,3,삼성,12,"0,4,39,45,50,56,59,66,70,75,85,93"
311,10:51,4,4,여의도,11,"1,7,19,20,30,32,37,65,72,86,92"
311,10:51,5,5,김포공항,4,"31,48,62,99"
311,10:51,6,6,일산,5,"57,60,74,95,97"
311,10:51,7,7,판교,10,"3,11,41,47,58,61,71,76,78,82"
311,10:51,8,8,동탄/용인,2,"73,83"
311,10:51,9,9,평택,3,"5,12,16"
312,10:52,1,1,서울역,5,"10,17,36,38,55"
312,10:52,10,10,인천공항,5,"9,13,44,67,80"
312,10:52,2,2,수서,6,"8,25,26,28,51,77"
312,10:52,3,3,삼성,12,"0,4,39,45,50,56,59,66,70,75,85,93"
312,10:52,4,4,여의도,10,"1,7,19,20,30,37,65,72,86,92"
312,10:52,5,5,김포공항,4,"31,53,62,99"
312,10:52,6,6,일산,5,"57,60,74,95,97"
312,10:52,7,7,판교,11,"3,6,11,41,47,58,61,71,76,78,82"
312,10:52,8,8,동탄/용인,2,"73,83"
312,10:52,9,9,평택,2,"5,16"
313,10:53,1,1,서울역,5,"10,17,36,38,55"
313,10:53,10,10,인천공항,5,"9,13,44,67,80"
313,10:53,2,2,수서,6,"8,18,26,28,51,77"
313,10:53,3,3,삼성,11,"0,4,39,45,50,56,59,66,75,85,93"
313,10:53,4,4,여의도,10,"1,7,19,20,30,63,65,72,86,92"
313,10:53,5,5,김포공항,3,"53,62,99"
313,10:53,6,6,일산,4,"57,60,74,95"
313,10:53,7,7,판교,12,"3,6,11,27,41,47,58,61,71,76,78,82"
313,10:53,8,8,동탄/용인,2,"73,83"
313,10:53,9,9,평택,2,"5,16"
314,10:54,1,1,서울역,7,"10,17,22,36,38,55,88"
314,10:54,10,10,인천공항,5,"9,13,44,67,80"
314,10:54,2,2,수서,6,"8,18,26,28,51,77"
314,10:54,3,3,삼성,11,"0,4,39,45,50,56,59,66,75,85,93"
314,10:54,4,4,여의도,11,"1,7,19,20,30,52,63,65,72,86,92"
314,10:54,5,5,김포공항,2,"53,99"
314,10:54,6,6,일산,3,"60,74,95"
314,10:54,7,7,판교,11,"3,6,11,27,47,58,61,71,76,78,82"
314,10:54,8,8,동탄/용인,1,83
314,10:54,9,9,평택,2,"5,16"
315,10:55,1,1,서울역,8,"10,17,22,36,38,40,55,88"
315,10:55,10,10,인천공항,4,"9,44,67,80"
315,10:55,2,2,수서,5,"8,18,28,51,77"
315,10:55,3,3,삼성,11,"0,4,39,45,50,56,59,66,75,85,93"
315,10:55,4,4,여의도,11,"1,7,19,20,21,30,52,63,65,72,92"
315,10:55,5,5,김포공항,2,"53,99"
315,10:55,6,6,일산,3,"60,74,95"
315,10:55,7,7,판교,11,"3,6,11,27,47,58,61,71,76,78,82"
315,10:55,8,8,동탄/용인,1,83
315,10:55,9,9,평택,2,"5,16"
316,10:56,1,1,서울역,8,"10,17,22,36,38,40,55,88"
316,10:56,10,10,인천공항,4,"9,44,67,80"
316,10:56,2,2,수서,5,"8,18,28,51,77"
316,10:56,3,3,삼성,12,"0,4,39,45,50,56,59,66,69,75,85,93"
316,10:56,4,4,여의도,13,"1,7,19,20,21,30,52,63,65,68,72,92,98"
316,10:56,5,5,김포공항,3,"14,53,99"
316,10:56,6,6,일산,2,"60,95"
316,10:56,7,7,판교,10,"3,6,11,27,58,61,71,76,78,82"
316,10:56,8,8,동탄/용인,1,83
316,10:56,9,9,평택,3,"5,16,43"
317,10:57,1,1,서울역,8,"10,17,22,36,38,40,55,88"
317,10:57,10,10,인천공항,4,"9,44,67,80"
317,10:57,2,2,수서,5,"8,18,28,51,77"
317,10:57,3,3,삼성,11,"0,4,35,45,50,56,59,66,69,79,85"
317,10:57,4,4,여의도,11,"7,20,21,24,30,52,63,65,68,72,98"
317,10:57,5,5,김포공항,4,"14,42,53,99"
317,10:57,6,6,일산,2,"60,95"
317,10:57,7,7,판교,11,"2,3,6,11,27,58,61,71,76,78,82"
317,10:57,9,9,평택,2,"5,43"
318,10:58,1,1,서울역,9,"10,17,22,29,36,38,40,55,88"
318,10:58,10,10,인천공항,4,"9,44,67,80"
318,10:58,2,2,수서,6,"8,18,32,51,77,94"
318,10:58,3,3,삼성,10,"0,35,45,50,56,59,66,69,79,85"
318,10:58,4,4,여의도,11,"7,20,21,24,30,52,63,65,68,72,98"
318,10:58,5,5,김포공항,4,"14,42,53,54"
318,10:58,6,6,일산,3,"46,60,95"
318,10:58,7,7,판교,11,"2,3,6,11,27,58,61,71,76,78,82"
318,10:58,9,9,평택,2,"5,43"
319,10:59,1,1,서울역,8,"17,22,29,36,38,40,55,88"
319,10:59,10,10,인천공항,3,"9,67,80"
319,10:59,2,2,수서,7,"8,18,32,37,51,77,94"
319,10:59,3,3,삼성,10,"0,35,45,50,59,66,69,79,85,87"
319,10:59,4,4,여의도,10,"7,20,21,24,30,52,63,65,72,98"
319,10:59,5,5,김포공항,4,"14,42,53,54"
319,10:59,6,6,일산,3,"46,60,95"
319,10:59,7,7,판교,11,"2,3,6,11,27,58,61,71,76,78,82"
319,10:59,9,9,평택,2,"5,43"
320,11:00,1,1,서울역,8,"17,22,25,29,36,38,40,55"
320,11:00,10,10,인천공항,3,"9,67,80"
320,11:00,2,2,수서,7,"8,18,32,37,51,77,94"
320,11:00,3,3,삼성,10,"0,35,45,50,66,69,79,85,87,96"
320,11:00,4,4,여의도,11,"7,15,20,21,24,30,52,63,65,72,98"
320,11:00,5,5,김포공항,4,"14,53,54,81"
320,11:00,6,6,일산,3,"46,60,95"
320,11:00,7,7,판교,11,"2,3,6,11,27,58,61,71,76,78,82"
320,11:00,9,9,평택,2,"5,43"
321,11:01,1,1,서울역,8,"17,22,25,29,36,38,40,55"
321,11:01,10,10,인천공항,3,"9,67,80"
321,11:01,2,2,수서,8,"8,18,32,37,49,51,77,94"
321,11:01,3,3,삼성,11,"0,31,35,45,50,66,69,79,85,87,96"
321,11:01,4,4,여의도,11,"15,20,21,24,30,41,52,63,65,72,98"
321,11:01,5,5,김포공항,5,"14,53,54,70,81"
321,11:01,6,6,일산,3,"46,60,95"
321,11:01,7,7,판교,11,"2,3,6,11,27,58,61,71,76,78,82"
321,11:01,9,9,평택,2,"5,43"
322,11:02,1,1,서울역,8,"17,22,25,29,36,38,40,55"
322,11:02,10,10,인천공항,4,"9,48,67,80"
322,11:02,2,2,수서,8,"8,18,32,37,49,51,77,94"
322,11:02,3,3,삼성,11,"0,31,35,45,50,66,69,79,85,87,96"
322,11:02,4,4,여의도,9,"15,20,21,24,30,41,52,65,72"
322,11:02,5,5,김포공항,5,"14,53,54,70,81"
322,11:02,6,6,일산,3,"46,60,95"
322,11:02,7,7,판교,13,"2,3,6,11,27,58,61,71,76,78,82,86,91"
322,11:02,9,9,평택,2,"5,43"
323,11:03,1,1,서울역,8,"22,25,29,36,38,39,40,55"
323,11:03,10,10,인천공항,4,"9,48,67,80"
323,11:03,2,2,수서,8,"8,18,32,37,49,51,77,94"
323,11:03,3,3,삼성,11,"0,31,35,45,50,66,69,79,85,87,96"
323,11:03,4,4,여의도,9,"15,20,21,30,41,47,52,65,72"
323,11:03,5,5,김포공항,6,"14,26,53,54,70,81"
323,11:03,6,6,일산,3,"46,60,95"
323,11:03,7,7,판교,12,"2,6,11,27,58,61,71,76,78,82,86,91"
323,11:03,9,9,평택,3,"5,43,89"
324,11:04,1,1,서울역,9,"4,22,25,29,36,38,39,40,55"
324,11:04,10,10,인천공항,4,"9,48,62,67"
324,11:04,2,2,수서,8,"8,18,32,37,49,51,77,94"
324,11:04,3,3,삼성,11,"0,31,35,45,50,66,69,85,87,92,96"
324,11:04,4,4,여의도,10,"15,20,21,23,30,47,52,64,65,72"
324,11:04,5,5,김포공항,5,"14,26,53,70,81"
324,11:04,6,6,일산,3,"46,60,95"
324,11:04,7,7,판교,13,"1,2,6,11,27,58,61,71,76,78,82,86,91"
324,11:04,9,9,평택,4,"5,33,43,89"
325,11:05,1,1,서울역,9,"4,22,25,29,36,38,39,40,55"
325,11:05,10,10,인천공항,5,"9,48,57,62,67"
325,11:05,2,2,수서,6,"32,37,49,51,77,94"
325,11:05,3,3,삼성,10,"0,31,35,50,66,84,85,87,92,96"
325,11:05,4,4,여의도,11,"15,20,21,23,30,47,52,64,65,72,73"
325,11:05,5,5,김포공항,5,"26,53,70,75,81"
325,11:05,6,6,일산,3,"46,60,95"
325,11:05,7,7,판교,13,"1,2,11,27,58,61,71,76,78,82,86,91,97"
325,11:05,9,9,평택,4,"5,33,43,89"
326,11:06,1,1,서울역,9,"4,22,25,29,38,39,40,55,90"
326,11:06,10,10,인천공항,5,"9,48,57,62,67"
326,11:06,2,2,수서,6,"32,37,49,51,77,94"
326,11:06,3,3,삼성,10,"0,31,35,50,84,85,87,92,96,99"
326,11:06,4,4,여의도,11,"15,20,21,23,30,47,52,64,65,72,73"
326,11:06,5,5,김포공항,6,"26,28,53,70,75,81"
326,11:06,6,6,일산,3,"13,60,95"
326,11:06,7,7,판교,13,"1,2,11,27,58,61,71,76,78,82,86,91,97"
326,11:06,9,9,평택,5,"5,33,34,43,89"
327,11:07,1,1,서울역,9,"4,22,25,29,38,39,40,55,90"
327,11:07,10,10,인천공항,5,"9,48,57,62,67"
327,11:07,2,2,수서,8,"7,32,37,49,51,74,77,94"
327,11:07,3,3,삼성,9,"0,35,50,84,85,87,92,96,99"
327,11:07,4,4,여의도,11,"15,20,21,23,30,47,52,59,64,72,73"
327,11:07,5,5,김포공항,5,"26,28,70,75,81"
327,11:07,6,6,일산,3,"13,88,93"
327,11:07,7,7,판교,13,"1,2,11,27,58,61,71,76,78,82,86,91,97"
327,11:07,9,9,평택,5,"5,33,34,43,89"
328,11:08,1,1,서울역,11,"4,12,22,25,29,38,39,40,42,55,90"
328,11:08,10,10,인천공항,5,"9,48,57,62,67"
328,11:08,2,2,수서,9,"7,32,37,49,51,63,74,77,94"
328,11:08,3,3,삼성,9,"0,35,50,84,85,87,92,96,99"
328,11:08,4,4,여의도,12,"15,20,21,23,30,47,52,59,64,72,73,83"
328,11:08,5,5,김포공항,5,"26,28,70,75,81"
328,11:08,6,6,일산,3,"13,88,93"
328,11:08,7,7,판교,12,"1,2,27,58,61,71,76,78,82,86,91,97"
328,11:08,9,9,평택,5,"5,33,34,43,89"
329,11:09,1,1,서울역,11,"4,12,22,25,29,38,39,40,42,55,90"
329,11:09,10,10,인천공항,6,"9,19,48,57,62,67"
329,11:09,2,2,수서,10,"7,24,32,37,49,51,63,74,77,94"
329,11:09,3,3,삼성,9,"0,35,50,84,85,87,92,96,99"
329,11:09,4,4,여의도,12,"15,20,21,23,30,47,52,59,64,72,73,83"
329,11:09,5,5,김포공항,4,"28,70,75,81"
329,11:09,6,6,일산,3,"13,88,93"
329,11:09,7,7,판교,11,"1,2,58,61,71,76,78,82,86,91,97"
329,11:09,9,9,평택,5,"5,33,34,43,89"
330,11:10,1,1,서울역,11,"4,12,22,25,29,38,39,40,42,55,90"
330,11:10,10,10,인천공항,6,"9,19,48,57,62,67"
330,11:10,2,2,수서,10,"7,24,32,37,49,51,63,74,77,94"
330,11:10,3,3,삼성,9,"0,35,50,84,85,87,92,96,99"
330,11:10,4,4,여의도,11,"3,20,21,23,30,47,52,59,64,73,83"
330,11:10,5,5,김포공항,5,"28,41,70,75,81"
330,11:10,6,6,일산,3,"13,88,93"
330,11:10,7,7,판교,10,"1,2,61,71,76,78,82,86,91,97"
330,11:10,9,9,평택,4,"33,34,43,89"
331,11:11,1,1,서울역,12,"4,12,22,25,29,38,39,40,42,45,55,90"
331,11:11,10,10,인천공항,6,"9,19,48,57,62,67"
331,11:11,2,2,수서,10,"7,24,32,37,49,51,63,74,77,94"
331,11:11,3,3,삼성,8,"0,50,84,85,87,92,96,99"
331,11:11,4,4,여의도,12,"3,20,21,23,30,44,47,52,59,64,73,83"
331,11:11,5,5,김포공항,5,"28,41,70,75,81"
331,11:11,6,6,일산,3,"13,88,93"
331,11:11,7,7,판교,10,"1,2,61,71,76,78,82,86,91,97"
331,11:11,9,9,평택,4,"33,34,43,89"
332,11:12,1,1,서울역,11,"4,12,22,29,38,39,40,42,45,55,90"
332,11:12,10,10,인천공항,6,"10,19,48,57,62,67"
332,11:12,2,2,수서,10,"7,24,32,37,49,51,63,74,77,94"
332,11:12,3,3,삼성,7,"0,50,84,87,92,96,99"
332,11:12,4,4,여의도,12,"3,6,16,20,23,44,47,52,59,64,73,83"
332,11:12,5,5,김포공항,5,"41,70,75,79,81"
332,11:12,6,6,일산,2,"88,93"
332,11:12,7,7,판교,10,"1,2,61,71,76,78,82,86,91,97"
332,11:12,9,9,평택,4,"33,34,43,89"
333,11:13,1,1,서울역,12,"4,12,22,29,31,38,39,40,42,45,55,90"
333,11:13,10,10,인천공항,5,"10,19,57,62,67"
333,11:13,2,2,수서,11,"7,14,24,32,37,49,51,63,74,77,94"
333,11:13,3,3,삼성,7,"0,50,84,87,92,96,99"
333,11:13,4,4,여의도,12,"3,6,16,20,23,44,47,52,59,66,73,83"
333,11:13,5,5,김포공항,8,"8,18,41,69,70,75,79,81"
333,11:13,6,6,일산,2,"88,93"
333,11:13,7,7,판교,10,"1,2,61,71,76,78,82,86,91,97"
333,11:13,9,9,평택,4,"33,34,43,89"
334,11:14,1,1,서울역,13,"4,12,22,29,31,38,39,40,42,45,55,90,95"
334,11:14,10,10,인천공항,5,"10,19,57,62,67"
334,11:14,2,2,수서,11,"7,14,24,32,37,49,51,63,74,77,94"
334,11:14,3,3,삼성,8,"0,50,65,84,87,92,96,99"
334,11:14,4,4,여의도,12,"3,6,16,20,23,44,47,52,59,66,73,83"
334,11:14,5,5,김포공항,8,"8,18,41,69,70,75,79,81"
334,11:14,6,6,일산,2,"88,93"
334,11:14,7,7,판교,10,"2,54,61,71,76,78,82,86,91,97"
334,11:14,9,9,평택,6,"33,34,43,56,68,89"
335,11:15,1,1,서울역,14,"4,11,12,22,29,31,38,39,40,42,45,55,90,95"
335,11:15,10,10,인천공항,4,"10,19,57,67"
335,11:15,2,2,수서,11,"7,14,24,32,37,49,51,63,74,77,94"
335,11:15,3,3,삼성,9,"0,50,53,65,84,87,92,96,99"
335,11:15,4,4,여의도,12,"3,6,16,20,23,44,47,52,59,66,73,83"
335,11:15,5,5,김포공항,8,"8,18,41,69,70,75,79,81"
335,11:15,6,6,일산,2,"88,93"
335,11:15,7,7,판교,10,"2,54,61,71,76,78,82,86,91,97"
335,11:15,9,9,평택,6,"33,34,43,56,68,89"
336,11:16,1,1,서울역,14,"4,11,12,22,29,31,38,39,40,42,45,55,90,95"
336,11:16,10,10,인천공항,5,"10,17,19,57,67"
336,11:16,2,2,수서,12,"7,14,15,24,32,37,49,51,63,74,77,94"
336,11:16,3,3,삼성,9,"0,50,53,65,84,87,92,96,99"
336,11:16,4,4,여의도,13,"3,6,16,20,23,27,44,47,52,59,66,73,83"
336,11:16,5,5,김포공항,8,"8,18,41,69,70,75,79,81"
336,11:16,6,6,일산,2,"88,93"
336,11:16,7,7,판교,10,"2,54,61,71,76,78,82,86,91,97"
336,11:16,9,9,평택,6,"33,34,43,56,68,89"
337,11:17,1,1,서울역,14,"4,11,12,22,29,31,35,38,39,40,42,45,55,90"
337,11:17,10,10,인천공항,5,"10,17,19,57,67"
337,11:17,2,2,수서,12,"7,14,15,24,32,37,49,51,63,74,77,94"
337,11:17,3,3,삼성,9,"0,50,53,65,84,87,92,96,99"
337,11:17,4,4,여의도,13,"3,6,16,20,23,27,47,52,58,59,66,73,83"
337,11:17,5,5,김포공항,8,"8,18,41,69,70,75,79,81"
337,11:17,6,6,일산,2,"88,93"
337,11:17,7,7,판교,11,"2,54,61,71,72,76,78,82,86,91,97"
337,11:17,9,9,평택,7,"33,34,43,56,68,89,98"
338,11:18,1,1,서울역,14,"4,11,12,22,29,31,35,38,39,40,42,45,55,90"
338,11:18,10,10,인천공항,5,"10,17,19,57,67"
338,11:18,2,2,수서,12,"7,14,15,24,30,32,37,49,63,74,77,94"
338,11:18,3,3,삼성,9,"0,50,53,65,84,87,92,96,99"
338,11:18,4,4,여의도,13,"3,6,16,20,23,27,47,52,58,59,66,73,83"
338,11:18,5,5,김포공항,8,"8,18,41,69,70,75,79,81"
338,11:18,6,6,일산,2,"88,93"
338,11:18,7,7,판교,12,"2,46,54,61,71,72,76,78,82,86,91,97"
338,11:18,9,9,평택,7,"33,34,43,56,68,89,98"
339,11:19,1,1,서울역,14,"4,11,12,13,29,31,35,38,39,40,42,45,55,90"
339,11:19,10,10,인천공항,5,"10,17,19,57,67"
339,11:19,2,2,수서,12,"7,14,15,24,30,32,37,49,63,74,77,94"
339,11:19,3,3,삼성,9,"50,53,65,80,84,87,92,96,99"
339,11:19,4,4,여의도,13,"3,6,16,20,23,27,47,52,58,59,66,73,83"
339,11:19,5,5,김포공항,7,"18,41,69,70,75,79,81"
339,11:19,6,6,일산,2,"88,93"
339,11:19,7,7,판교,13,"2,26,46,54,60,71,72,76,78,82,86,91,97"
339,11:19,9,9,평택,7,"33,34,43,56,68,89,98"
340,11:20,1,1,서울역,14,"4,11,12,13,29,31,35,38,39,40,42,45,55,90"
340,11:20,10,10,인천공항,5,"10,17,19,57,67"
340,11:20,2,2,수서,12,"7,14,15,24,28,30,37,49,63,74,77,94"
340,11:20,3,3,삼성,10,"50,53,64,65,80,84,87,92,96,99"
340,11:20,4,4,여의도,12,"3,6,16,20,23,27,47,52,58,59,66,83"
340,11:20,5,5,김포공항,7,"18,41,69,70,75,79,81"
340,11:20,6,6,일산,2,"88,93"
340,11:20,7,7,판교,13,"2,26,46,54,60,71,72,76,78,82,86,91,97"
340,11:20,9,9,평택,7,"33,34,43,56,68,89,98"
341,11:21,1,1,서울역,14,"4,11,12,13,29,31,35,38,39,40,42,45,55,90"
341,11:21,10,10,인천공항,5,"10,17,19,57,67"
341,11:21,2,2,수서,12,"7,14,15,24,28,30,37,49,63,74,77,94"
341,11:21,3,3,삼성,10,"50,53,64,65,80,84,87,92,96,99"
341,11:21,4,4,여의도,13,"1,3,6,16,20,23,27,47,52,58,59,66,83"
341,11:21,5,5,김포공항,7,"18,41,69,70,75,79,81"
341,11:21,6,6,일산,2,"88,93"
341,11:21,7,7,판교,13,"2,26,46,54,60,71,72,76,78,82,86,91,97"
341,11:21,9,9,평택,7,"33,34,43,56,68,89,98"
342,11:22,1,1,서울역,14,"4,11,12,13,29,31,35,38,39,40,42,45,55,90"
342,11:22,10,10,인천공항,5,"10,17,19,57,67"
342,11:22,2,2,수서,12,"7,14,15,24,28,30,37,49,63,74,77,94"
342,11:22,3,3,삼성,10,"50,53,64,65,80,84,87,92,96,99"
342,11:22,4,4,여의도,12,"1,3,6,20,23,27,47,52,58,59,66,83"
342,11:22,5,5,김포공항,7,"18,41,69,70,75,79,81"
342,11:22,6,6,일산,2,"88,93"
342,11:22,7,7,판교,13,"2,26,46,54,60,71,72,76,78,82,86,91,97"
342,11:22,9,9,평택,7,"34,36,43,56,68,89,98"
343,11:23,1,1,서울역,13,"11,12,13,29,31,35,38,39,40,42,45,55,90"
343,11:23,10,10,인천공항,5,"10,17,19,57,67"
343,11:23,2,2,수서,13,"7,14,15,24,28,30,37,44,49,63,74,77,94"
343,11:23,3,3,삼성,10,"50,53,64,65,80,84,87,92,96,99"
343,11:23,4,4,여의도,12,"1,3,6,20,23,27,47,52,58,59,66,83"
343,11:23,5,5,김포공항,7,"18,41,69,70,75,79,81"
343,11:23,6,6,일산,2,"88,93"
343,11:23,7,7,판교,13,"2,26,46,54,60,71,72,76,78,82,86,91,97"
343,11:23,9,9,평택,7,"34,36,43,56,68,89,98"
344,11:24,1,1,서울역,12,"12,13,29,31,35,38,39,40,42,45,55,90"
344,11:24,10,10,인천공항,5,"10,17,19,57,67"
344,11:24,2,2,수서,13,"7,14,15,24,28,30,37,44,49,63,74,77,94"
344,11:24,3,3,삼성,10,"50,53,64,65,80,84,87,92,96,99"
344,11:24,4,4,여의도,13,"1,3,6,9,20,23,27,47,52,58,59,66,83"
344,11:24,5,5,김포공항,6,"18,69,70,75,79,81"
344,11:24,6,6,일산,1,93
344,11:24,7,7,판교,13,"2,26,54,60,71,72,76,78,82,86,91,95,97"
344,11:24,9,9,평택,7,"34,36,43,56,68,89,98"
345,11:25,1,1,서울역,12,"12,13,29,31,35,38,39,40,42,45,55,90"
345,11:25,10,10,인천공항,5,"10,17,19,57,67"
345,11:25,2,2,수서,12,"7,14,15,28,30,37,44,49,63,74,77,94"
345,11:25,3,3,삼성,9,"53,64,65,80,84,87,92,96,99"
345,11:25,4,4,여의도,15,"1,3,5,6,9,20,23,27,47,48,52,58,59,66,83"
345,11:25,5,5,김포공항,5,"69,70,75,79,81"
345,11:25,6,6,일산,1,93
345,11:25,7,7,판교,12,"2,54,60,71,72,76,78,82,86,91,95,97"
345,11:25,9,9,평택,7,"34,36,43,56,68,89,98"
346,11:26,1,1,서울역,12,"12,13,29,31,35,38,39,40,42,45,55,90"
346,11:26,10,10,인천공항,5,"10,17,19,57,67"
346,11:26,2,2,수서,11,"7,14,28,30,37,44,49,63,74,77,94"
346,11:26,3,3,삼성,9,"53,64,65,80,84,87,92,96,99"
346,11:26,4,4,여의도,15,"1,3,5,6,9,23,32,47,48,52,58,59,61,66,83"
346,11:26,5,5,김포공항,6,"51,69,70,75,79,81"
346,11:26,6,6,일산,1,93
346,11:26,7,7,판교,13,"2,22,54,60,71,72,76,78,82,86,91,95,97"
346,11:26,9,9,평택,7,"34,36,43,56,68,89,98"
347,11:27,1,1,서울역,12,"12,13,29,31,35,38,39,40,42,45,55,90"
347,11:27,10,10,인천공항,5,"10,17,19,57,67"
347,11:27,2,2,수서,11,"7,14,28,30,37,44,49,63,74,77,94"
347,11:27,3,3,삼성,10,"8,53,64,65,80,84,87,92,96,99"
347,11:27,4,4,여의도,14,"1,3,5,9,23,32,47,48,52,58,59,61,66,83"
347,11:27,5,5,김포공항,4,"51,70,75,81"
347,11:27,6,6,일산,1,93
347,11:27,7,7,판교,14,"2,22,54,60,71,72,73,76,78,82,86,91,95,97"
347,11:27,9,9,평택,9,"21,34,36,43,56,68,85,89,98"
348,11:28,1,1,서울역,12,"12,13,29,31,35,38,39,40,42,45,55,90"
348,11:28,10,10,인천공항,5,"10,17,19,57,67"
348,11:28,2,2,수서,12,"7,14,16,28,30,37,44,49,63,74,77,94"
348,11:28,3,3,삼성,10,"8,53,64,65,80,84,87,92,96,99"
348,11:28,4,4,여의도,14,"1,3,5,9,23,32,47,48,52,58,59,61,66,83"
348,11:28,5,5,김포공항,4,"51,70,75,81"
348,11:28,6,6,일산,1,93
348,11:28,7,7,판교,14,"2,22,54,60,71,72,73,76,78,82,86,91,95,97"
348,11:28,9,9,평택,10,"21,25,34,36,43,56,68,85,89,98"
349,11:29,1,1,서울역,12,"12,13,29,31,35,38,39,40,42,45,55,90"
349,11:29,10,10,인천공항,5,"10,17,19,57,67"
349,11:29,2,2,수서,12,"7,14,16,28,30,37,44,49,63,74,77,94"
349,11:29,3,3,삼성,10,"4,8,53,65,80,84,87,92,96,99"
349,11:29,4,4,여의도,14,"1,3,5,9,23,32,47,48,52,58,59,61,66,83"
349,11:29,5,5,김포공항,4,"51,70,75,81"
349,11:29,6,6,일산,1,93
349,11:29,7,7,판교,13,"2,22,60,71,72,73,76,78,82,86,91,95,97"
349,11:29,9,9,평택,10,"21,25,34,36,43,56,68,85,89,98"
350,11:30,1,1,서울역,12,"12,13,29,31,35,38,39,40,42,45,55,90"
350,11:30,10,10,인천공항,5,"10,17,19,57,67"
350,11:30,2,2,수서,12,"7,14,16,28,30,37,44,49,63,74,77,94"
350,11:30,3,3,삼성,11,"4,8,53,62,65,80,84,87,92,96,99"
350,11:30,4,4,여의도,12,"1,3,5,9,32,47,48,52,58,61,66,83"
350,11:30,5,5,김포공항,3,"51,75,81"
350,11:30,6,6,일산,1,93
350,11:30,7,7,판교,12,"22,60,71,72,73,76,78,82,86,91,95,97"
350,11:30,9,9,평택,9,"21,25,36,43,56,68,85,89,98"
351,11:31,1,1,서울역,13,"12,13,29,31,35,38,39,40,42,45,50,55,90"
351,11:31,10,10,인천공항,5,"10,17,19,57,67"
351,11:31,2,2,수서,13,"7,11,14,16,28,30,37,44,49,63,74,77,94"
351,11:31,3,3,삼성,11,"4,8,53,62,65,80,84,87,92,96,99"
351,11:31,4,4,여의도,13,"1,3,5,9,32,46,47,48,52,58,61,66,83"
351,11:31,5,5,김포공항,3,"51,75,81"
351,11:31,6,6,일산,1,93
351,11:31,7,7,판교,11,"22,60,72,73,76,78,82,86,91,95,97"
351,11:31,9,9,평택,9,"21,25,36,43,56,68,85,89,98"
352,11:32,1,1,서울역,14,"12,13,24,29,31,35,38,39,40,42,45,50,55,90"
352,11:32,10,10,인천공항,5,"10,17,19,57,67"
352,11:32,2,2,수서,13,"11,14,16,20,28,30,37,44,49,63,74,77,94"
352,11:32,3,3,삼성,12,"4,8,41,53,62,65,80,84,87,92,96,99"
352,11:32,4,4,여의도,14,"1,3,5,9,15,26,32,46,47,48,52,61,66,83"
352,11:32,5,5,김포공항,3,"51,75,81"
352,11:32,6,6,일산,1,93
352,11:32,7,7,판교,11,"22,60,72,73,76,78,82,86,91,95,97"
352,11:32,9,9,평택,9,"21,25,36,43,56,68,85,89,98"
353,11:33,1,1,서울역,15,"12,13,18,24,29,31,35,38,39,40,42,45,50,55,90"
353,11:33,10,10,인천공항,5,"10,17,19,57,67"
353,11:33,2,2,수서,13,"11,14,16,20,28,30,37,44,49,63,74,77,94"
353,11:33,3,3,삼성,12,"4,8,41,53,62,65,80,84,87,92,96,99"
353,11:33,4,4,여의도,13,"1,3,5,15,26,32,46,47,48,52,61,66,83"
353,11:33,5,5,김포공항,3,"51,75,81"
353,11:33,6,6,일산,1,93
353,11:33,7,7,판교,12,"22,27,60,72,73,76,78,82,86,91,95,97"
353,11:33,9,9,평택,9,"21,25,36,43,56,68,85,89,98"
354,11:34,1,1,서울역,15,"12,13,18,24,29,31,35,38,39,40,42,45,50,55,90"
354,11:34,10,10,인천공항,5,"10,17,19,57,67"
354,11:34,2,2,수서,13,"11,14,16,20,28,30,37,44,49,63,74,77,94"
354,11:34,3,3,삼성,12,"4,8,41,53,62,65,80,84,87,92,96,99"
354,11:34,4,4,여의도,13,"1,3,5,15,26,32,46,47,48,52,61,66,83"
354,11:34,5,5,김포공항,3,"51,75,81"
354,11:34,6,6,일산,1,93
354,11:34,7,7,판교,12,"22,27,60,72,73,76,78,82,86,91,95,97"
354,11:34,9,9,평택,10,"0,21,25,36,43,56,68,85,89,98"
355,11:35,1,1,서울역,15,"12,13,18,24,29,31,35,38,39,40,42,45,50,55,90"
355,11:35,10,10,인천공항,5,"10,17,19,57,67"
355,11:35,2,2,수서,13,"11,14,16,20,28,30,37,44,49,63,74,77,94"
355,11:35,3,3,삼성,13,"4,8,41,53,62,65,69,80,84,87,92,96,99"
355,11:35,4,4,여의도,13,"1,3,5,15,26,32,46,47,48,52,61,66,83"
355,11:35,5,5,김포공항,3,"51,75,81"
355,11:35,6,6,일산,1,93
355,11:35,7,7,판교,12,"22,27,60,72,73,76,78,82,86,91,95,97"
355,11:35,9,9,평택,10,"0,21,25,36,43,56,68,85,89,98"
356,11:36,1,1,서울역,16,"12,13,18,24,29,31,35,38,39,40,42,45,50,54,55,90"
356,11:36,10,10,인천공항,5,"10,17,19,57,67"
356,11:36,2,2,수서,13,"11,14,16,20,23,30,37,44,49,63,74,77,94"
356,11:36,3,3,삼성,13,"4,8,41,53,62,65,69,80,84,87,92,96,99"
356,11:36,4,4,여의도,13,"1,3,5,15,26,32,46,47,48,52,61,66,83"
356,11:36,5,5,김포공항,3,"51,75,81"
356,11:36,6,6,일산,1,93
356,11:36,7,7,판교,12,"22,27,72,73,76,78,82,86,88,91,95,97"
356,11:36,9,9,평택,10,"0,21,25,36,43,56,68,85,89,98"
357,11:37,1,1,서울역,16,"12,13,18,24,29,31,35,38,39,40,42,45,50,54,55,90"
357,11:37,10,10,인천공항,5,"10,17,19,57,67"
357,11:37,2,2,수서,13,"11,14,16,20,23,30,37,44,49,63,74,77,94"
357,11:37,3,3,삼성,13,"4,8,41,53,62,65,69,80,84,87,92,96,99"
357,11:37,4,4,여의도,12,"1,2,3,15,26,32,33,46,47,48,52,66"
357,11:37,5,5,김포공항,3,"51,75,81"
357,11:37,6,6,일산,1,93
357,11:37,7,7,판교,13,"22,27,59,72,73,76,78,82,86,88,91,95,97"
357,11:37,9,9,평택,10,"0,21,25,36,43,56,68,85,89,98"
358,11:38,1,1,서울역,16,"12,13,18,24,29,31,35,38,39,40,42,45,50,54,55,90"
358,11:38,10,10,인천공항,5,"10,17,19,57,67"
358,11:38,2,2,수서,13,"11,14,16,20,23,30,37,44,49,63,74,77,94"
358,11:38,3,3,삼성,13,"4,8,53,62,65,69,70,80,84,87,92,96,99"
358,11:38,4,4,여의도,11,"1,2,3,15,26,33,46,48,52,66,71"
358,11:38,5,5,김포공항,3,"51,75,81"
358,11:38,6,6,일산,1,93
358,11:38,7,7,판교,11,"22,27,59,73,78,82,86,88,91,95,97"
358,11:38,9,9,평택,10,"0,21,25,36,43,56,68,85,89,98"
359,11:39,1,1,서울역,16,"12,13,18,24,29,31,35,38,39,40,42,45,50,54,55,90"
359,11:39,10,10,인천공항,5,"10,17,19,57,67"
359,11:39,2,2,수서,14,"9,11,14,16,20,23,30,37,44,49,63,74,77,94"
359,11:39,3,3,삼성,13,"4,8,53,62,65,69,70,80,84,87,92,96,99"
359,11:39,4,4,여의도,11,"1,2,3,15,26,33,46,48,52,66,71"
359,11:39,5,5,김포공항,3,"51,75,81"
359,11:39,6,6,일산,2,"64,93"
359,11:39,7,7,판교,12,"22,27,58,59,73,78,82,86,88,91,95,97"
359,11:39,9,9,평택,9,"0,25,36,43,56,68,85,89,98"
360,11:40,1,1,서울역,16,"12,13,18,24,29,31,35,38,39,40,42,45,50,54,55,90"
360,11:40,10,10,인천공항,5,"10,17,19,57,67"
360,11:40,2,2,수서,14,"9,11,14,16,20,23,30,37,44,49,63,74,77,94"
360,11:40,3,3,삼성,13,"4,8,53,62,65,69,70,80,84,87,92,96,99"
360,11:40,4,4,여의도,11,"1,2,3,15,26,33,46,48,52,66,71"
360,11:40,5,5,김포공항,4,"7,51,75,81"
360,11:40,6,6,일산,2,"64,93"
360,11:40,7,7,판교,12,"22,27,58,59,73,78,82,86,88,91,95,97"
360,11:40,9,9,평택,9,"0,25,36,43,56,68,85,89,98"
361,11:41,1,1,서울역,16,"12,13,18,24,29,31,35,38,39,40,42,45,50,54,55,90"
361,11:41,10,10,인천공항,5,"10,17,19,57,67"
361,11:41,2,2,수서,14,"9,11,14,16,20,23,30,37,44,49,63,74,77,94"
361,11:41,3,3,삼성,13,"4,8,53,62,65,69,70,80,84,87,92,96,99"
361,11:41,4,4,여의도,11,"1,2,3,15,26,33,46,48,52,66,71"
361,11:41,5,5,김포공항,4,"7,51,75,81"
361,11:41,6,6,일산,2,"64,93"
361,11:41,7,7,판교,12,"22,27,58,59,73,78,82,86,88,91,95,97"
361,11:41,9,9,평택,9,"0,25,36,43,56,68,85,89,98"
362,11:42,1,1,서울역,16,"12,13,18,24,29,31,35,38,39,40,42,45,50,54,55,90"
362,11:42,10,10,인천공항,5,"10,17,19,57,67"
362,11:42,2,2,수서,14,"9,11,14,16,20,23,30,37,44,49,63,74,77,94"
362,11:42,3,3,삼성,13,"4,8,53,62,65,69,70,80,84,87,92,96,99"
362,11:42,4,4,여의도,11,"1,2,3,15,26,33,46,48,52,66,71"
362,11:42,5,5,김포공항,4,"7,51,75,81"
362,11:42,6,6,일산,2,"64,93"
362,11:42,7,7,판교,12,"22,27,58,59,73,78,82,86,88,91,95,97"
362,11:42,9,9,평택,10,"0,6,25,36,43,56,68,85,89,98"
363,11:43,1,1,서울역,17,"12,13,18,24,29,31,35,38,39,40,42,45,50,54,55,60,90"
363,11:43,10,10,인천공항,5,"10,17,19,57,67"
363,11:43,2,2,수서,14,"9,11,14,16,20,23,30,37,44,49,63,74,77,94"
363,11:43,3,3,삼성,12,"4,8,53,65,69,70,80,84,87,92,96,99"
363,11:43,4,4,여의도,11,"1,2,3,15,26,33,46,48,52,66,71"
363,11:43,5,5,김포공항,4,"7,51,75,81"
363,11:43,6,6,일산,2,"64,93"
363,11:43,7,7,판교,12,"22,27,58,59,73,78,82,86,88,91,95,97"
363,11:43,9,9,평택,10,"0,6,25,36,43,56,68,85,89,98"
364,11:44,1,1,서울역,17,"12,13,18,24,29,31,35,38,39,40,42,45,50,54,55,60,90"
364,11:44,10,10,인천공항,5,"10,17,19,57,67"
364,11:44,2,2,수서,16,"9,11,14,16,20,23,30,32,37,44,47,49,63,74,77,94"
364,11:44,3,3,삼성,13,"4,8,53,61,65,69,70,80,84,87,92,96,99"
364,11:44,4,4,여의도,9,"1,2,26,33,46,48,52,66,71"
364,11:44,5,5,김포공항,5,"7,28,51,75,81"
364,11:44,6,6,일산,2,"64,93"
364,11:44,7,7,판교,13,"22,27,58,59,73,78,82,83,86,88,91,95,97"
364,11:44,9,9,평택,11,"0,6,25,36,43,56,68,79,85,89,98"
365,11:45,1,1,서울역,18,"12,13,18,24,29,31,35,38,39,40,42,45,50,54,55,60,72,90"
365,11:45,10,10,인천공항,5,"10,17,19,57,67"
365,11:45,2,2,수서,14,"9,16,20,23,30,32,37,44,47,49,63,74,77,94"
365,11:45,3,3,삼성,13,"4,8,53,61,65,69,70,80,84,87,92,96,99"
365,11:45,4,4,여의도,11,"1,2,26,33,34,46,48,52,66,71,76"
365,11:45,5,5,김포공항,5,"7,28,51,75,81"
365,11:45,6,6,일산,1,93
365,11:45,7,7,판교,13,"22,27,58,59,73,78,82,83,86,88,91,95,97"
365,11:45,9,9,평택,11,"0,6,25,36,43,56,68,79,85,89,98"
366,11:46,1,1,서울역,18,"12,13,18,24,29,31,35,38,39,40,42,45,50,54,55,60,72,90"
366,11:46,10,10,인천공항,5,"10,17,19,57,67"
366,11:46,2,2,수서,14,"9,16,20,23,30,32,37,44,47,49,63,74,77,94"
366,11:46,3,3,삼성,13,"4,8,53,61,65,69,70,80,84,87,92,96,99"
366,11:46,4,4,여의도,10,"1,26,33,34,46,48,52,66,71,76"
366,11:46,5,5,김포공항,5,"28,41,51,75,81"
366,11:46,6,6,일산,1,93
366,11:46,7,7,판교,12,"22,58,59,73,78,82,83,86,88,91,95,97"
366,11:46,9,9,평택,11,"0,6,25,36,43,56,68,79,85,89,98"
367,11:47,1,1,서울역,18,"12,13,18,24,29,31,35,38,39,40,42,45,50,54,55,60,72,90"
367,11:47,10,10,인천공항,5,"10,17,19,57,67"
367,11:47,2,2,수서,14,"9,16,20,23,30,32,37,44,47,49,63,74,77,94"
367,11:47,3,3,삼성,13,"4,8,53,61,65,69,70,80,84,87,92,96,99"
367,11:47,4,4,여의도,9,"26,33,34,46,48,52,66,71,76"
367,11:47,5,5,김포공항,5,"28,41,51,75,81"
367,11:47,6,6,일산,1,93
367,11:47,7,7,판교,12,"22,58,59,73,78,82,83,86,88,91,95,97"
367,11:47,9,9,평택,11,"0,6,25,36,43,56,68,79,85,89,98"
368,11:48,1,1,서울역,16,"12,13,18,24,29,35,38,39,42,45,50,54,55,60,72,90"
368,11:48,10,10,인천공항,5,"10,17,19,57,67"
368,11:48,2,2,수서,13,"16,20,23,30,32,37,44,47,49,63,74,77,94"
368,11:48,3,3,삼성,13,"4,8,53,61,65,69,70,80,84,87,92,96,99"
368,11:48,4,4,여의도,9,"26,33,34,46,48,52,66,71,76"
368,11:48,5,5,김포공항,5,"28,41,51,75,81"
368,11:48,6,6,일산,1,93
368,11:48,7,7,판교,11,"22,59,73,78,82,83,86,88,91,95,97"
368,11:48,9,9,평택,10,"6,25,36,43,56,68,79,85,89,98"
369,11:49,1,1,서울역,16,"12,13,18,24,29,35,38,39,42,45,50,54,55,60,72,90"
369,11:49,10,10,인천공항,5,"10,17,19,57,67"
369,11:49,2,2,수서,13,"16,20,23,30,32,37,44,47,49,63,74,77,94"
369,11:49,3,3,삼성,12,"4,8,61,65,69,70,80,84,87,92,96,99"
369,11:49,4,4,여의도,9,"26,33,34,46,48,52,66,71,76"
369,11:49,5,5,김포공항,5,"28,41,51,75,81"
369,11:49,6,6,일산,1,93
369,11:49,7,7,판교,11,"22,59,73,78,82,83,86,88,91,95,97"
369,11:49,9,9,평택,10,"6,25,36,43,56,68,79,85,89,98"
370,11:50,1,1,서울역,16,"12,13,18,24,29,35,38,39,42,45,50,54,55,60,72,90"
370,11:50,10,10,인천공항,5,"10,17,19,57,67"
370,11:50,2,2,수서,14,"15,16,20,23,30,32,37,44,47,49,63,74,77,94"
370,11:50,3,3,삼성,11,"4,8,65,69,70,80,84,87,92,96,99"
370,11:50,4,4,여의도,9,"26,33,34,46,48,52,66,71,76"
370,11:50,5,5,김포공항,4,"28,41,75,81"
370,11:50,6,6,일산,1,93
370,11:50,7,7,판교,11,"22,59,73,78,82,83,86,88,91,95,97"
370,11:50,9,9,평택,10,"6,25,36,43,56,68,79,85,89,98"
371,11:51,1,1,서울역,16,"12,13,18,24,29,35,38,39,42,45,50,54,55,60,72,90"
371,11:51,10,10,인천공항,5,"10,17,19,57,67"
371,11:51,2,2,수서,14,"15,16,20,23,30,32,37,44,47,49,63,74,77,94"
371,11:51,3,3,삼성,11,"4,8,65,69,70,80,84,87,92,96,99"
371,11:51,4,4,여의도,8,"33,34,46,48,52,66,71,76"
371,11:51,5,5,김포공항,4,"28,41,75,81"
371,11:51,6,6,일산,1,93
371,11:51,7,7,판교,12,"3,22,59,73,78,82,83,86,88,91,95,97"
371,11:51,9,9,평택,10,"6,25,36,43,56,68,79,85,89,98"
372,11:52,1,1,서울역,17,"12,14,18,24,29,35,38,39,42,45,50,54,55,60,64,72,90"
372,11:52,10,10,인천공항,5,"10,17,19,57,67"
372,11:52,2,2,수서,15,"2,15,16,20,23,30,32,37,44,47,49,63,74,77,94"
372,11:52,3,3,삼성,11,"4,8,65,69,70,80,84,87,92,96,99"
372,11:52,4,4,여의도,9,"33,34,40,46,48,52,66,71,76"
372,11:52,5,5,김포공항,4,"28,41,75,81"
372,11:52,6,6,일산,1,93
372,11:52,7,7,판교,12,"3,22,59,73,78,82,83,86,88,91,95,97"
372,11:52,9,9,평택,11,"5,6,25,36,43,56,68,79,85,89,98"
373,11:53,1,1,서울역,17,"12,14,18,24,29,35,38,39,42,45,50,54,55,60,64,72,90"
373,11:53,10,10,인천공항,5,"10,17,19,57,67"
373,11:53,2,2,수서,15,"2,15,16,20,23,30,32,37,44,47,49,63,74,77,94"
373,11:53,3,3,삼성,11,"4,8,65,69,70,80,84,87,92,96,99"
373,11:53,4,4,여의도,10,"27,33,34,40,46,48,52,66,71,76"
373,11:53,5,5,김포공항,5,"11,28,41,75,81"
373,11:53,6,6,일산,2,"7,62"
373,11:53,7,7,판교,12,"3,22,59,73,78,82,83,86,88,91,95,97"
373,11:53,9,9,평택,11,"5,6,25,36,43,56,68,79,85,89,98"
374,11:54,1,1,서울역,17,"12,14,18,24,29,35,38,39,42,45,50,54,55,60,64,72,90"
374,11:54,10,10,인천공항,5,"10,17,19,57,67"
374,11:54,2,2,수서,15,"2,15,16,20,23,30,32,37,44,47,49,63,74,77,94"
374,11:54,3,3,삼성,11,"4,8,65,69,70,80,84,87,92,96,99"
374,11:54,4,4,여의도,10,"21,27,33,34,40,48,52,66,71,76"
374,11:54,5,5,김포공항,5,"11,28,41,75,81"
374,11:54,6,6,일산,2,"7,62"
374,11:54,7,7,판교,13,"1,3,22,59,73,78,82,83,86,88,91,95,97"
374,11:54,9,9,평택,11,"5,6,25,36,43,56,68,79,85,89,98"
375,11:55,1,1,서울역,17,"12,14,18,24,29,35,38,39,42,45,50,54,55,60,64,72,90"
375,11:55,10,10,인천공항,5,"10,17,19,57,67"
375,11:55,2,2,수서,15,"2,15,16,20,23,30,32,37,44,47,49,63,74,77,94"
375,11:55,3,3,삼성,11,"4,8,65,69,70,80,84,87,92,96,99"
375,11:55,4,4,여의도,10,"21,27,33,34,48,52,58,66,71,76"
375,11:55,5,5,김포공항,5,"11,28,41,75,81"
375,11:55,6,6,일산,2,"7,62"
375,11:55,7,7,판교,13,"1,3,22,59,73,78,82,83,86,88,91,95,97"
375,11:55,9,9,평택,11,"5,6,25,36,43,56,68,79,85,89,98"
376,11:56,1,1,서울역,17,"12,14,18,24,29,35,38,39,42,45,50,54,55,60,64,72,90"
376,11:56,10,10,인천공항,5,"10,17,19,57,67"
376,11:56,2,2,수서,15,"2,15,16,20,23,30,32,37,44,47,49,63,74,77,94"
376,11:56,3,3,삼성,11,"4,8,65,69,70,80,84,87,92,96,99"
376,11:56,4,4,여의도,9,"21,27,34,52,53,58,66,71,76"
376,11:56,5,5,김포공항,6,"9,11,28,41,75,81"
376,11:56,6,6,일산,2,"7,62"
376,11:56,7,7,판교,12,"1,3,59,73,78,82,83,86,88,91,95,97"
376,11:56,9,9,평택,11,"5,6,25,36,43,56,68,79,85,89,98"
377,11:57,1,1,서울역,16,"14,18,24,29,35,38,39,42,45,50,54,55,60,64,72,90"
377,11:57,10,10,인천공항,5,"10,17,19,57,67"
377,11:57,2,2,수서,16,"2,15,16,20,23,26,30,32,37,44,47,49,63,74,77,94"
377,11:57,3,3,삼성,11,"4,8,65,69,70,80,84,87,92,96,99"
377,11:57,4,4,여의도,9,"21,27,34,52,53,58,66,71,76"
377,11:57,5,5,김포공항,6,"9,11,28,41,75,81"
377,11:57,6,6,일산,2,"7,62"
377,11:57,7,7,판교,11,"1,59,73,78,82,83,86,88,91,95,97"
377,11:57,9,9,평택,11,"5,6,25,36,43,56,68,79,85,89,98"
378,11:58,1,1,서울역,16,"14,18,24,29,35,38,39,42,45,50,54,55,60,64,72,90"
378,11:58,10,10,인천공항,5,"10,17,19,57,67"
378,11:58,2,2,수서,15,"2,15,20,23,26,30,32,37,44,47,49,63,74,77,94"
378,11:58,3,3,삼성,11,"4,8,65,69,70,80,84,87,92,96,99"
378,11:58,4,4,여의도,9,"21,27,34,52,53,58,66,71,76"
378,11:58,5,5,김포공항,7,"9,11,28,41,61,75,81"
378,11:58,6,6,일산,2,"7,62"
378,11:58,7,7,판교,10,"1,59,73,82,83,86,88,91,95,97"
378,11:58,9,9,평택,11,"5,6,25,36,43,56,68,79,85,89,98"
379,11:59,1,1,서울역,16,"14,18,24,29,35,38,39,42,45,50,54,55,60,64,72,90"
379,11:59,10,10,인천공항,5,"10,17,19,57,67"
379,11:59,2,2,수서,15,"2,15,20,23,26,30,32,37,44,47,49,63,74,77,94"
379,11:59,3,3,삼성,11,"4,8,65,69,70,80,84,87,92,96,99"
379,11:59,4,4,여의도,9,"21,27,34,52,53,58,66,71,76"
379,11:59,5,5,김포공항,6,"9,11,41,61,75,81"
379,11:59,6,6,일산,1,62
379,11:59,7,7,판교,11,"1,13,59,73,82,83,86,88,91,95,97"
379,11:59,9,9,평택,11,"5,6,25,36,43,56,68,79,85,89,98"
380,12:00,1,1,서울역,16,"14,18,24,29,35,38,39,42,45,50,54,55,60,64,72,90"
380,12:00,10,10,인천공항,4,"10,17,57,67"
380,12:00,2,2,수서,15,"2,15,20,23,26,30,32,37,44,47,49,63,74,77,94"
380,12:00,3,3,삼성,10,"4,65,69,70,80,84,87,92,96,99"
380,12:00,4,4,여의도,9,"21,27,34,52,53,58,66,71,76"
380,12:00,5,5,김포공항,6,"9,11,41,61,75,81"
380,12:00,6,6,일산,1,62
380,12:00,7,7,판교,11,"1,13,59,73,82,83,86,88,91,95,97"
380,12:00,9,9,평택,11,"5,6,25,36,43,56,68,79,85,89,98"
381,12:01,1,1,서울역,16,"14,18,24,29,35,38,39,42,45,50,54,55,60,64,72,90"
381,12:01,10,10,인천공항,4,"10,17,57,67"
381,12:01,2,2,수서,15,"2,15,20,23,26,30,32,37,44,47,49,63,74,77,94"
381,12:01,3,3,삼성,10,"46,65,69,70,80,84,87,92,96,99"
381,12:01,4,4,여의도,9,"21,27,34,52,53,58,66,71,76"
381,12:01,5,5,김포공항,6,"9,11,41,61,75,81"
381,12:01,6,6,일산,1,62
381,12:01,7,7,판교,11,"1,13,59,73,82,83,86,88,91,95,97"
381,12:01,9,9,평택,11,"5,6,25,36,43,56,68,79,85,89,98"
382,12:02,1,1,서울역,15,"14,18,24,35,38,39,42,45,50,54,55,60,64,72,90"
382,12:02,10,10,인천공항,4,"10,17,57,67"
382,12:02,2,2,수서,16,"2,15,20,23,26,30,32,33,37,44,47,49,63,74,77,94"
382,12:02,3,3,삼성,10,"46,65,69,70,80,84,87,92,96,99"
382,12:02,4,4,여의도,8,"21,27,34,53,58,66,71,76"
382,12:02,5,5,김포공항,6,"9,11,41,61,75,81"
382,12:02,6,6,일산,1,62
382,12:02,7,7,판교,11,"1,13,59,73,82,83,86,88,91,95,97"
382,12:02,9,9,평택,11,"5,6,25,36,43,56,68,79,85,89,98"
383,12:03,1,1,서울역,15,"14,18,24,35,38,39,42,45,50,54,55,60,64,72,90"
383,12:03,10,10,인천공항,4,"10,17,57,67"
383,12:03,2,2,수서,15,"2,20,23,26,30,32,33,37,44,47,49,63,74,77,94"
383,12:03,3,3,삼성,11,"12,46,65,69,70,80,84,87,92,96,99"
383,12:03,4,4,여의도,9,"0,22,27,34,53,58,66,71,76"
383,12:03,5,5,김포공항,6,"9,11,41,61,75,81"
383,12:03,6,6,일산,1,62
383,12:03,7,7,판교,11,"1,13,48,59,73,82,83,86,88,95,97"
383,12:03,9,9,평택,11,"5,6,25,36,43,56,68,79,85,89,98"
384,12:04,1,1,서울역,16,"3,14,18,24,35,38,39,42,45,50,54,55,60,64,72,90"
384,12:04,10,10,인천공항,4,"10,17,57,67"
384,12:04,2,2,수서,15,"2,20,23,26,30,32,33,37,44,47,49,63,74,77,94"
384,12:04,3,3,삼성,11,"12,46,65,69,70,80,84,87,92,96,99"
384,12:04,4,4,여의도,8,"0,22,34,53,58,66,71,76"
384,12:04,5,5,김포공항,6,"9,11,41,61,75,81"
384,12:04,6,6,일산,1,62
384,12:04,7,7,판교,10,"13,48,59,73,82,83,86,88,95,97"
384,12:04,9,9,평택,11,"6,25,31,36,43,56,68,79,85,89,98"
385,12:05,1,1,서울역,16,"3,14,18,24,35,38,39,42,45,50,54,55,60,64,72,90"
385,12:05,10,10,인천공항,4,"10,17,57,67"
385,12:05,2,2,수서,15,"2,20,23,26,30,32,33,37,44,47,49,63,74,77,94"
385,12:05,3,3,삼성,11,"12,46,65,69,70,80,84,87,92,96,99"
385,12:05,4,4,여의도,9,"0,22,34,53,58,66,71,76,78"
385,12:05,5,5,김포공항,6,"9,11,41,61,75,81"
385,12:05,6,6,일산,1,62
385,12:05,7,7,판교,11,"13,48,59,73,82,83,86,88,93,95,97"
385,12:05,9,9,평택,11,"6,25,31,36,43,56,68,79,85,89,98"
386,12:06,1,1,서울역,17,"3,8,14,18,24,35,38,39,42,45,50,54,55,60,64,72,90"
386,12:06,10,10,인천공항,4,"10,17,57,67"
386,12:06,2,2,수서,15,"2,20,23,26,30,32,33,37,44,47,49,63,74,77,94"
386,12:06,3,3,삼성,11,"12,46,65,69,70,80,84,87,92,96,99"
386,12:06,4,4,여의도,9,"0,22,34,53,58,66,71,76,78"
386,12:06,5,5,김포공항,7,"9,11,16,41,61,75,81"
386,12:06,6,6,일산,1,62
386,12:06,7,7,판교,11,"13,48,59,73,82,83,86,88,93,95,97"
386,12:06,9,9,평택,11,"6,25,31,36,43,56,68,79,85,89,98"
387,12:07,1,1,서울역,17,"3,8,14,18,24,35,38,39,42,45,50,54,55,60,64,72,90"
387,12:07,10,10,인천공항,4,"10,17,57,67"
387,12:07,2,2,수서,15,"2,20,23,26,30,32,33,37,44,47,49,63,74,77,94"
387,12:07,3,3,삼성,12,"12,28,46,65,69,70,80,84,87,92,96,99"
387,12:07,4,4,여의도,9,"0,22,34,53,58,66,71,76,78"
387,12:07,5,5,김포공항,7,"9,11,16,41,61,75,81"
387,12:07,6,6,일산,1,62
387,12:07,7,7,판교,11,"13,48,59,73,82,83,86,88,93,95,97"
387,12:07,9,9,평택,12,"6,25,31,36,43,51,56,68,79,85,89,98"
388,12:08,1,1,서울역,17,"3,8,14,18,24,35,38,39,42,45,50,54,55,60,64,72,90"
388,12:08,10,10,인천공항,4,"10,17,57,67"
388,12:08,2,2,수서,15,"2,20,23,26,30,32,33,37,44,47,49,63,74,77,94"
388,12:08,3,3,삼성,12,"12,28,46,65,69,70,80,84,87,92,96,99"
388,12:08,4,4,여의도,8,"0,22,34,58,66,71,76,78"
388,12:08,5,5,김포공항,7,"9,11,16,41,61,75,81"
388,12:08,6,6,일산,1,62
388,12:08,7,7,판교,11,"13,48,59,73,82,83,86,88,93,95,97"
388,12:08,9,9,평택,12,"6,25,31,36,43,51,56,68,79,85,89,98"
389,12:09,1,1,서울역,17,"3,8,14,18,24,35,38,39,42,45,50,54,55,60,64,72,90"
389,12:09,10,10,인천공항,4,"10,17,57,67"
389,12:09,2,2,수서,15,"2,20,23,26,30,32,33,37,44,47,49,63,74,77,94"
389,12:09,3,3,삼성,12,"12,28,46,65,69,70,80,84,87,92,96,99"
389,12:09,4,4,여의도,8,"0,22,34,58,66,71,76,78"
389,12:09,5,5,김포공항,7,"9,11,16,41,61,75,81"
389,12:09,6,6,일산,1,62
389,12:09,7,7,판교,12,"13,48,52,59,73,82,83,86,88,93,95,97"
389,12:09,9,9,평택,12,"6,25,31,36,43,51,56,68,79,85,89,98"
390,12:10,1,1,서울역,16,"3,8,18,24,35,38,39,42,45,50,54,55,60,64,72,90"
390,12:10,10,10,인천공항,4,"10,17,57,67"
390,12:10,2,2,수서,15,"2,20,23,26,30,32,33,37,44,47,49,63,74,77,94"
390,12:10,3,3,삼성,13,"12,21,28,46,65,69,70,80,84,87,92,96,99"
390,12:10,4,4,여의도,8,"0,22,34,58,66,71,76,78"
390,12:10,5,5,김포공항,7,"9,11,16,41,61,75,81"
390,12:10,6,6,일산,1,62
390,12:10,7,7,판교,12,"13,48,52,59,73,82,83,86,88,93,95,97"
390,12:10,9,9,평택,13,"6,25,31,36,40,43,51,56,68,79,85,89,98"
391,12:11,1,1,서울역,16,"1,8,18,24,35,38,39,42,45,50,54,55,60,64,72,90"
391,12:11,10,10,인천공항,4,"10,17,57,67"
391,12:11,2,2,수서,15,"2,20,23,26,30,32,33,37,44,47,49,63,74,77,94"
391,12:11,3,3,삼성,13,"12,21,28,46,65,69,70,80,84,87,92,96,99"
391,12:11,4,4,여의도,8,"0,22,34,58,66,71,76,78"
391,12:11,5,5,김포공항,8,"9,11,15,16,41,61,75,81"
391,12:11,6,6,일산,1,62
391,12:11,7,7,판교,13,"7,13,48,52,59,73,82,83,86,88,93,95,97"
391,12:11,9,9,평택,13,"6,25,31,36,40,43,51,56,68,79,85,89,98"
392,12:12,1,1,서울역,16,"1,8,18,24,35,38,39,42,45,50,54,55,60,64,72,90"
392,12:12,10,10,인천공항,4,"10,17,57,67"
392,12:12,2,2,수서,14,"20,23,26,30,32,33,37,44,47,49,63,74,77,94"
392,12:12,3,3,삼성,13,"12,21,28,46,65,69,70,80,84,87,92,96,99"
392,12:12,4,4,여의도,8,"0,22,34,58,66,71,76,78"
392,12:12,5,5,김포공항,8,"9,11,15,16,41,61,75,81"
392,12:12,6,6,일산,1,62
392,12:12,7,7,판교,13,"7,13,48,52,59,73,82,83,86,88,93,95,97"
392,12:12,9,9,평택,13,"6,25,31,36,40,43,51,56,68,79,85,89,98"
393,12:13,1,1,서울역,16,"1,8,18,24,35,38,39,42,45,50,54,55,60,64,72,90"
393,12:13,10,10,인천공항,4,"10,17,57,67"
393,12:13,2,2,수서,14,"20,23,26,30,32,33,37,44,47,49,63,74,77,94"
393,12:13,3,3,삼성,13,"12,21,28,46,65,69,70,80,84,87,92,96,99"
393,12:13,4,4,여의도,8,"0,22,34,58,66,71,76,78"
393,12:13,5,5,김포공항,9,"9,11,15,16,41,61,75,81,91"
393,12:13,6,6,일산,1,62
393,12:13,7,7,판교,12,"7,48,52,59,73,82,83,86,88,93,95,97"
393,12:13,9,9,평택,13,"6,25,31,36,40,43,51,56,68,79,85,89,98"
394,12:14,1,1,서울역,16,"1,8,18,24,35,38,39,42,45,50,54,55,60,64,72,90"
394,12:14,10,10,인천공항,4,"10,17,57,67"
394,12:14,2,2,수서,14,"20,23,26,30,32,33,37,44,47,49,63,74,77,94"
394,12:14,3,3,삼성,13,"12,21,28,46,65,69,70,80,84,87,92,96,99"
394,12:14,4,4,여의도,8,"0,22,34,58,66,71,76,78"
394,12:14,5,5,김포공항,9,"9,11,15,16,41,61,75,81,91"
394,12:14,6,6,일산,1,62
394,12:14,7,7,판교,12,"7,48,52,59,73,82,83,86,88,93,95,97"
394,12:14,9,9,평택,13,"6,25,31,36,40,43,51,56,68,79,85,89,98"
395,12:15,1,1,서울역,16,"1,8,18,24,35,38,39,42,45,50,54,55,60,64,72,90"
395,12:15,10,10,인천공항,5,"10,17,29,57,67"
395,12:15,2,2,수서,14,"20,23,26,30,32,33,37,44,47,49,63,74,77,94"
395,12:15,3,3,삼성,14,"12,19,21,28,46,65,69,70,80,84,87,92,96,99"
395,12:15,4,4,여의도,8,"0,22,34,58,66,71,76,78"
395,12:15,5,5,김포공항,9,"9,11,15,16,41,61,75,81,91"
395,12:15,6,6,일산,1,62
395,12:15,7,7,판교,10,"7,48,73,82,83,86,88,93,95,97"
395,12:15,9,9,평택,13,"6,25,31,36,40,43,51,56,68,79,85,89,98"
396,12:16,1,1,서울역,16,"1,8,18,24,35,38,39,42,45,50,54,55,60,64,72,90"
396,12:16,10,10,인천공항,6,"4,10,17,29,57,67"
396,12:16,2,2,수서,14,"20,23,26,30,32,33,37,44,47,49,63,74,77,94"
396,12:16,3,3,삼성,14,"12,19,21,28,46,65,69,70,80,84,87,92,96,99"
396,12:16,4,4,여의도,8,"0,22,34,58,66,71,76,78"
396,12:16,5,5,김포공항,9,"9,11,15,16,41,61,75,81,91"
396,12:16,6,6,일산,1,62
396,12:16,7,7,판교,10,"7,48,73,82,83,86,88,93,95,97"
396,12:16,9,9,평택,13,"6,25,31,36,40,43,51,56,68,79,85,89,98"
397,12:17,1,1,서울역,16,"1,8,18,24,35,38,39,42,45,50,54,55,60,64,72,90"
397,12:17,10,10,인천공항,6,"4,10,17,29,57,67"
397,12:17,2,2,수서,14,"20,23,26,30,32,33,37,44,47,49,63,74,77,94"
397,12:17,3,3,삼성,14,"12,19,21,28,46,65,69,70,80,84,87,92,96,99"
397,12:17,4,4,여의도,8,"0,22,34,58,66,71,76,78"
397,12:17,5,5,김포공항,9,"9,11,15,16,41,61,75,81,91"
397,12:17,6,6,일산,1,62
397,12:17,7,7,판교,10,"7,48,73,82,83,86,88,93,95,97"
397,12:17,9,9,평택,13,"6,25,31,36,40,43,51,56,68,79,85,89,98"
398,12:18,1,1,서울역,16,"1,8,18,24,35,38,39,42,45,50,54,55,60,64,72,90"
398,12:18,10,10,인천공항,6,"4,10,17,29,57,67"
398,12:18,2,2,수서,14,"20,23,26,30,32,33,37,44,47,49,63,74,77,94"
398,12:18,3,3,삼성,14,"12,19,21,28,46,65,69,70,80,84,87,92,96,99"
398,12:18,4,4,여의도,8,"0,22,34,58,66,71,76,78"
398,12:18,5,5,김포공항,8,"11,15,16,41,61,75,81,91"
398,12:18,6,6,일산,1,62
398,12:18,7,7,판교,11,"3,7,48,73,82,83,86,88,93,95,97"
398,12:18,9,9,평택,13,"6,25,31,36,40,43,51,56,68,79,85,89,98"
399,12:19,1,1,서울역,16,"1,8,18,24,35,38,39,42,45,50,54,55,60,64,72,90"
399,12:19,10,10,인천공항,6,"4,10,17,29,57,67"
399,12:19,2,2,수서,14,"20,23,26,30,32,33,37,44,47,49,63,74,77,94"
399,12:19,3,3,삼성,14,"12,19,21,28,46,65,69,70,80,84,87,92,96,99"
399,12:19,4,4,여의도,9,"0,5,22,34,58,66,71,76,78"
399,12:19,5,5,김포공항,8,"11,15,16,41,61,75,81,91"
399,12:19,6,6,일산,1,62
399,12:19,7,7,판교,9,"3,7,48,82,83,86,88,93,97"
399,12:19,9,9,평택,14,"6,25,27,31,36,40,43,51,56,68,79,85,89,98"
400,12:20,1,1,서울역,16,"1,13,18,24,35,38,39,42,45,50,54,55,60,64,72,90"
400,12:20,10,10,인천공항,6,"4,10,17,29,57,67"
400,12:20,2,2,수서,14,"20,23,26,30,32,33,37,44,47,49,63,74,77,94"
400,12:20,3,3,삼성,14,"12,19,21,28,46,65,69,70,80,84,87,92,96,99"
400,12:20,4,4,여의도,9,"0,5,22,34,58,66,71,76,78"
400,12:20,5,5,김포공항,8,"2,15,16,41,61,75,81,91"
400,12:20,6,6,일산,1,62
400,12:20,7,7,판교,7,"3,48,83,86,88,93,97"
400,12:20,9,9,평택,14,"6,25,27,31,36,40,43,51,56,68,79,85,89,98"
401,12:21,1,1,서울역,16,"1,13,18,24,35,38,39,42,45,50,54,55,60,64,72,90"
401,12:21,10,10,인천공항,6,"4,10,17,29,57,67"
401,12:21,2,2,수서,14,"20,23,26,30,32,33,37,44,47,49,63,74,77,94"
401,12:21,3,3,삼성,14,"12,19,21,28,46,65,69,70,80,84,87,92,96,99"
401,12:21,4,4,여의도,9,"0,5,22,34,58,66,71,76,78"
401,12:21,5,5,김포공항,8,"2,15,16,41,61,75,81,91"
401,12:21,6,6,일산,1,62
401,12:21,7,7,판교,7,"3,48,83,86,88,93,97"
401,12:21,9,9,평택,14,"6,25,27,31,36,40,43,51,56,68,79,85,89,98"
402,12:22,1,1,서울역,16,"1,13,18,24,35,38,39,42,45,50,54,55,60,64,72,90"
402,12:22,10,10,인천공항,6,"4,10,17,29,57,67"
402,12:22,2,2,수서,14,"20,23,26,30,32,33,37,44,47,49,63,74,77,94"
402,12:22,3,3,삼성,13,"12,19,21,28,65,69,70,80,84,87,92,96,99"
402,12:22,4,4,여의도,11,"0,5,22,34,52,58,59,66,71,76,78"
402,12:22,5,5,김포공항,8,"2,15,16,41,61,75,81,91"
402,12:22,6,6,일산,1,62
402,12:22,7,7,판교,7,"3,48,83,86,88,93,97"
402,12:22,9,9,평택,14,"6,25,27,31,36,40,43,51,56,68,79,85,89,98"
403,12:23,1,1,서울역,16,"1,13,18,24,35,38,39,42,45,50,54,55,60,64,72,90"
403,12:23,10,10,인천공항,7,"4,10,14,17,29,57,67"
403,12:23,2,2,수서,14,"20,23,26,30,32,33,37,44,47,49,63,74,77,94"
403,12:23,3,3,삼성,12,"19,21,28,65,69,70,80,84,87,92,96,99"
403,12:23,4,4,여의도,11,"0,5,22,34,52,58,59,66,71,76,78"
403,12:23,5,5,김포공항,8,"2,15,16,41,61,75,81,91"
403,12:23,6,6,일산,1,62
403,12:23,7,7,판교,7,"3,48,83,86,88,93,97"
403,12:23,9,9,평택,15,"6,25,27,31,36,40,43,51,53,56,68,79,85,89,98"
404,12:24,1,1,서울역,15,"1,13,18,35,38,39,42,45,50,54,55,60,64,72,90"
404,12:24,10,10,인천공항,7,"4,10,14,17,29,57,67"
404,12:24,2,2,수서,14,"20,23,26,30,32,33,37,44,47,49,63,74,77,94"
404,12:24,3,3,삼성,12,"19,21,28,65,69,70,80,84,87,92,96,99"
404,12:24,4,4,여의도,11,"0,5,22,34,52,58,59,66,71,76,78"
404,12:24,5,5,김포공항,8,"2,15,16,41,61,75,81,91"
404,12:24,6,6,일산,1,62
404,12:24,7,7,판교,7,"3,48,83,86,88,93,97"
404,12:24,9,9,평택,15,"6,25,27,31,36,40,43,51,53,56,68,79,85,89,98"
405,12:25,1,1,서울역,15,"1,13,18,35,38,39,42,45,50,54,55,60,64,72,90"
405,12:25,10,10,인천공항,7,"4,10,14,17,29,57,67"
405,12:25,2,2,수서,14,"20,23,26,30,32,33,37,44,47,49,63,74,77,94"
405,12:25,3,3,삼성,12,"19,21,28,65,69,70,80,84,87,92,96,99"
405,12:25,4,4,여의도,11,"0,5,22,34,52,58,59,66,71,76,78"
405,12:25,5,5,김포공항,8,"2,15,16,41,61,75,81,91"
405,12:25,6,6,일산,1,62
405,12:25,7,7,판교,7,"3,48,83,86,88,93,97"
405,12:25,9,9,평택,15,"6,25,27,31,36,40,43,51,53,56,68,79,85,89,98"
406,12:26,1,1,서울역,15,"1,13,18,35,38,39,42,45,50,54,55,60,64,72,90"
406,12:26,10,10,인천공항,7,"4,10,14,17,29,57,67"
406,12:26,2,2,수서,14,"20,23,26,30,32,33,37,44,47,49,63,74,77,94"
406,12:26,3,3,삼성,13,"9,19,21,28,65,69,70,80,84,87,92,96,99"
406,12:26,4,4,여의도,12,"0,5,22,34,52,58,59,66,71,73,76,78"
406,12:26,5,5,김포공항,8,"2,15,16,41,61,75,81,91"
406,12:26,6,6,일산,1,62
406,12:26,7,7,판교,7,"3,48,83,86,88,93,97"
406,12:26,9,9,평택,15,"6,25,27,31,36,40,43,51,53,56,68,79,85,89,98"
407,12:27,1,1,서울역,16,"1,7,13,18,35,38,39,42,45,50,54,55,60,64,72,90"
407,12:27,10,10,인천공항,7,"4,10,14,17,29,57,67"
407,12:27,2,2,수서,14,"20,23,26,30,32,33,37,44,47,49,63,74,77,94"
407,12:27,3,3,삼성,13,"9,19,21,28,65,69,70,80,84,87,92,96,99"
407,12:27,4,4,여의도,13,"0,5,22,34,52,58,59,66,71,73,76,78,82"
407,12:27,5,5,김포공항,8,"2,15,16,41,61,75,81,91"
407,12:27,6,6,일산,1,62
407,12:27,7,7,판교,7,"8,48,83,86,88,93,97"
407,12:27,9,9,평택,15,"6,25,27,31,36,40,43,51,53,56,68,79,85,89,98"
408,12:28,1,1,서울역,15,"1,7,13,35,38,39,42,45,50,54,55,60,64,72,90"
408,12:28,10,10,인천공항,7,"4,10,14,17,29,57,67"
408,12:28,2,2,수서,15,"11,20,23,26,30,32,33,37,44,47,49,63,74,77,94"
408,12:28,3,3,삼성,13,"9,19,21,28,65,69,70,80,84,87,92,96,99"
408,12:28,4,4,여의도,13,"0,5,22,34,52,58,59,66,71,73,76,78,82"
408,12:28,5,5,김포공항,8,"2,15,16,41,61,75,81,91"
408,12:28,7,7,판교,7,"8,48,83,86,88,93,97"
408,12:28,9,9,평택,15,"6,25,27,31,36,40,43,51,53,56,68,79,85,89,98"
409,12:29,1,1,서울역,15,"1,7,13,35,38,39,42,45,50,54,55,60,64,72,90"
409,12:29,10,10,인천공항,6,"4,10,14,29,57,67"
409,12:29,2,2,수서,14,"11,23,26,30,32,33,37,44,47,49,63,74,77,94"
409,12:29,3,3,삼성,13,"9,19,21,28,65,69,70,80,84,87,92,96,99"
409,12:29,4,4,여의도,13,"0,5,22,34,52,58,59,66,71,73,76,78,82"
409,12:29,5,5,김포공항,8,"2,15,16,41,61,75,81,91"
409,12:29,7,7,판교,7,"8,48,83,86,88,93,97"
409,12:29,9,9,평택,15,"6,25,27,31,36,40,43,51,53,56,68,79,85,89,98"
410,12:30,1,1,서울역,15,"1,7,13,35,38,39,42,45,50,54,55,60,64,72,90"
410,12:30,10,10,인천공항,6,"4,10,14,29,57,67"
410,12:30,2,2,수서,14,"11,23,26,30,32,33,37,44,47,49,63,74,77,94"
410,12:30,3,3,삼성,13,"9,19,21,28,65,69,70,80,84,87,92,96,99"
410,12:30,4,4,여의도,13,"0,5,22,34,52,58,59,66,71,73,76,78,82"
410,12:30,5,5,김포공항,8,"2,15,16,41,61,75,81,91"
410,12:30,7,7,판교,6,"8,83,86,88,93,97"
410,12:30,9,9,평택,15,"6,25,27,31,36,40,43,51,53,56,68,79,85,89,98"
411,12:31,1,1,서울역,15,"1,7,13,35,38,39,42,45,50,54,55,60,64,72,90"
411,12:31,10,10,인천공항,5,"4,10,14,29,57"
411,12:31,2,2,수서,14,"11,23,26,30,32,33,37,44,47,49,63,74,77,94"
411,12:31,3,3,삼성,13,"9,19,21,28,65,69,70,80,84,87,92,96,99"
411,12:31,4,4,여의도,13,"0,5,22,34,52,58,59,66,71,73,76,78,82"
411,12:31,5,5,김포공항,8,"2,15,16,41,61,75,81,91"
411,12:31,6,6,일산,1,95
411,12:31,7,7,판교,6,"8,83,86,88,93,97"
411,12:31,9,9,평택,15,"6,25,27,31,36,40,43,51,53,56,68,79,85,89,98"
412,12:32,1,1,서울역,15,"1,7,13,35,38,39,42,45,50,54,55,60,64,72,90"
412,12:32,10,10,인천공항,5,"4,10,14,29,57"
412,12:32,2,2,수서,14,"11,23,26,30,32,33,37,44,47,49,63,74,77,94"
412,12:32,3,3,삼성,12,"19,21,28,65,69,70,80,84,87,92,96,99"
412,12:32,4,4,여의도,13,"0,5,22,34,52,58,59,66,71,73,76,78,82"
412,12:32,5,5,김포공항,8,"2,15,16,41,61,75,81,91"
412,12:32,6,6,일산,1,95
412,12:32,7,7,판교,5,"8,86,88,93,97"
412,12:32,9,9,평택,15,"6,25,27,31,36,40,43,51,53,56,68,79,85,89,98"
413,12:33,1,1,서울역,15,"1,7,13,35,38,39,42,45,50,54,55,60,64,72,90"
413,12:33,10,10,인천공항,5,"4,10,14,29,57"
413,12:33,2,2,수서,14,"11,23,26,30,32,33,37,44,47,49,63,74,77,94"
413,12:33,3,3,삼성,11,"19,21,65,69,70,80,84,87,92,96,99"
413,12:33,4,4,여의도,12,"5,22,34,52,58,59,66,71,73,76,78,82"
413,12:33,5,5,김포공항,8,"2,15,16,41,61,75,81,91"
413,12:33,6,6,일산,1,95
413,12:33,7,7,판교,4,"86,88,93,97"
413,12:33,8,8,동탄/용인,1,12
413,12:33,9,9,평택,15,"6,25,27,31,36,40,43,51,53,56,68,79,85,89,98"
414,12:34,1,1,서울역,15,"1,7,13,35,38,39,42,45,50,54,55,60,64,72,90"
414,12:34,10,10,인천공항,5,"4,10,14,29,57"
414,12:34,2,2,수서,14,"11,23,26,30,32,33,37,44,47,49,63,74,77,94"
414,12:34,3,3,삼성,11,"19,21,65,69,70,80,84,87,92,96,99"
414,12:34,4,4,여의도,13,"3,5,22,34,52,58,59,66,71,73,76,78,82"
414,12:34,5,5,김포공항,8,"2,15,16,41,61,75,81,91"
414,12:34,6,6,일산,1,95
414,12:34,7,7,판교,4,"86,88,93,97"
414,12:34,8,8,동탄/용인,1,12
414,12:34,9,9,평택,15,"6,25,27,31,36,40,43,51,53,56,68,79,85,89,98"
415,12:35,1,1,서울역,15,"1,7,13,35,38,39,42,45,50,54,55,60,64,72,90"
415,12:35,10,10,인천공항,5,"4,10,14,29,57"
415,12:35,2,2,수서,14,"11,23,26,30,32,33,37,44,47,49,63,74,77,94"
415,12:35,3,3,삼성,11,"19,21,65,69,70,80,84,87,92,96,99"
415,12:35,4,4,여의도,13,"3,5,22,34,52,58,59,66,71,73,76,78,82"
415,12:35,5,5,김포공항,8,"2,15,16,41,61,75,81,91"
415,12:35,6,6,일산,1,95
415,12:35,7,7,판교,4,"86,88,93,97"
415,12:35,8,8,동탄/용인,1,12
415,12:35,9,9,평택,15,"6,25,27,31,36,40,43,51,53,56,68,79,85,89,98"
416,12:36,1,1,서울역,15,"1,7,13,35,38,39,42,45,50,54,55,60,64,72,90"
416,12:36,10,10,인천공항,5,"4,10,14,29,57"
416,12:36,2,2,수서,14,"11,23,26,30,32,33,37,44,47,49,63,74,77,94"
416,12:36,3,3,삼성,11,"19,21,65,69,70,80,84,87,92,96,99"
416,12:36,4,4,여의도,13,"3,5,22,34,52,58,59,66,71,73,76,78,82"
416,12:36,5,5,김포공항,8,"2,15,16,41,61,75,81,91"
416,12:36,6,6,일산,1,95
416,12:36,7,7,판교,3,"88,93,97"
416,12:36,8,8,동탄/용인,1,12
416,12:36,9,9,평택,15,"6,25,27,31,36,40,43,51,53,56,68,79,85,89,98"
417,12:37,1,1,서울역,16,"1,7,13,35,38,39,42,45,48,50,54,55,60,64,72,90"
417,12:37,10,10,인천공항,6,"4,10,14,24,29,57"
417,12:37,2,2,수서,13,"23,26,30,32,33,37,44,47,49,63,74,77,94"
417,12:37,3,3,삼성,11,"19,21,65,69,70,80,84,87,92,96,99"
417,12:37,4,4,여의도,13,"3,5,22,34,52,58,59,66,71,73,76,78,82"
417,12:37,5,5,김포공항,9,"2,15,16,20,41,61,75,81,91"
417,12:37,6,6,일산,1,95
417,12:37,7,7,판교,3,"88,93,97"
417,12:37,8,8,동탄/용인,1,12
417,12:37,9,9,평택,16,"6,25,27,31,36,40,43,46,51,53,56,68,79,85,89,98"
418,12:38,1,1,서울역,15,"1,7,13,38,39,42,45,48,50,54,55,60,64,72,90"
418,12:38,10,10,인천공항,6,"4,10,14,24,29,57"
418,12:38,2,2,수서,13,"23,26,30,32,33,37,44,47,49,63,74,77,94"
418,12:38,3,3,삼성,11,"19,21,65,69,70,80,84,87,92,96,99"
418,12:38,4,4,여의도,13,"3,5,22,34,52,58,59,66,71,73,76,78,82"
418,12:38,5,5,김포공항,9,"2,15,16,20,41,61,75,81,91"
418,12:38,6,6,일산,1,95
418,12:38,7,7,판교,3,"88,93,97"
418,12:38,8,8,동탄/용인,1,12
418,12:38,9,9,평택,16,"6,25,27,31,36,40,43,46,51,53,56,68,79,85,89,98"
419,12:39,1,1,서울역,15,"1,7,13,38,39,42,45,48,50,54,55,60,64,72,90"
419,12:39,10,10,인천공항,6,"4,10,14,24,29,57"
419,12:39,2,2,수서,14,"0,23,26,30,32,33,37,44,47,49,63,74,77,94"
419,12:39,3,3,삼성,11,"19,21,65,69,70,80,84,87,92,96,99"
419,12:39,4,4,여의도,14,"3,5,22,34,52,58,59,66,71,73,76,78,82,83"
419,12:39,5,5,김포공항,9,"2,15,16,20,41,61,75,81,91"
419,12:39,6,6,일산,1,95
419,12:39,7,7,판교,3,"88,93,97"
419,12:39,8,8,동탄/용인,1,12
419,12:39,9,9,평택,16,"6,25,27,31,36,40,43,46,51,53,56,68,79,85,89,98"
420,12:40,1,1,서울역,15,"1,7,13,38,39,42,45,48,50,54,55,60,64,72,90"
420,12:40,10,10,인천공항,6,"4,10,14,24,29,57"
420,12:40,2,2,수서,14,"0,23,26,30,32,33,37,44,47,49,63,74,77,94"
420,12:40,3,3,삼성,11,"19,21,65,69,70,80,84,87,92,96,99"
420,12:40,4,4,여의도,14,"3,5,22,34,52,58,59,66,71,73,76,78,82,83"
420,12:40,5,5,김포공항,9,"2,9,16,20,41,61,75,81,91"
420,12:40,6,6,일산,1,95
420,12:40,7,7,판교,3,"62,88,93"
420,12:40,8,8,동탄/용인,1,12
420,12:40,9,9,평택,16,"6,25,27,31,36,40,43,46,51,53,56,68,79,85,89,98"
421,12:41,1,1,서울역,15,"1,7,13,38,39,42,45,48,50,54,55,60,64,72,90"
421,12:41,10,10,인천공항,6,"10,14,18,24,29,57"
421,12:41,2,2,수서,14,"0,23,26,30,32,33,37,44,47,49,63,74,77,94"
421,12:41,3,3,삼성,11,"19,21,65,69,70,80,84,87,92,96,99"
421,12:41,4,4,여의도,14,"3,5,22,34,52,58,59,66,71,73,76,78,82,83"
421,12:41,5,5,김포공항,9,"2,9,16,20,41,61,75,81,91"
421,12:41,6,6,일산,1,95
421,12:41,7,7,판교,2,"62,93"
421,12:41,8,8,동탄/용인,1,12
421,12:41,9,9,평택,16,"6,25,27,31,36,40,43,46,51,53,56,68,79,85,89,98"
422,12:42,1,1,서울역,15,"1,7,13,38,39,42,45,48,50,54,55,60,64,72,90"
422,12:42,10,10,인천공항,6,"10,14,18,24,29,57"
422,12:42,2,2,수서,14,"0,23,26,30,32,33,37,44,47,49,63,74,77,94"
422,12:42,3,3,삼성,11,"19,21,65,69,70,80,84,87,92,96,99"
422,12:42,4,4,여의도,14,"3,5,22,34,52,58,59,66,71,73,76,78,82,83"
422,12:42,5,5,김포공항,9,"2,9,16,20,41,61,75,81,91"
422,12:42,6,6,일산,1,95
422,12:42,7,7,판교,1,62
422,12:42,8,8,동탄/용인,1,12
422,12:42,9,9,평택,16,"6,25,27,31,36,40,43,46,51,53,56,68,79,85,89,98"
423,12:43,1,1,서울역,15,"1,7,13,38,39,42,45,48,50,54,55,60,64,72,90"
423,12:43,10,10,인천공항,6,"10,14,18,24,29,57"
423,12:43,2,2,수서,13,"0,26,30,32,33,37,44,47,49,63,74,77,94"
423,12:43,3,3,삼성,11,"19,21,65,69,70,80,84,87,92,96,99"
423,12:43,4,4,여의도,15,"3,5,22,34,52,58,59,66,71,73,76,78,82,83,86"
423,12:43,5,5,김포공항,10,"2,8,9,16,20,41,61,75,81,91"
423,12:43,6,6,일산,1,95
423,12:43,7,7,판교,1,62
423,12:43,8,8,동탄/용인,1,12
423,12:43,9,9,평택,16,"6,25,27,31,36,40,43,46,51,53,56,68,79,85,89,98"
424,12:44,1,1,서울역,15,"1,7,13,38,39,42,45,48,50,54,55,60,64,72,90"
424,12:44,10,10,인천공항,6,"10,14,18,24,29,57"
424,12:44,2,2,수서,12,"0,26,30,32,33,37,47,49,63,74,77,94"
424,12:44,3,3,삼성,12,"17,19,21,65,69,70,80,84,87,92,96,99"
424,12:44,4,4,여의도,15,"3,5,22,34,52,58,59,66,71,73,76,78,82,83,86"
424,12:44,5,5,김포공항,10,"2,8,9,16,20,41,61,75,81,91"
424,12:44,6,6,일산,1,95
424,12:44,7,7,판교,1,62
424,12:44,8,8,동탄/용인,1,12
424,12:44,9,9,평택,16,"6,25,27,31,36,40,43,46,51,53,56,68,79,85,89,98"
425,12:45,1,1,서울역,15,"1,7,13,38,39,42,45,48,50,54,55,60,64,72,90"
425,12:45,10,10,인천공항,6,"10,14,18,24,29,57"
425,12:45,2,2,수서,12,"0,26,30,32,33,37,47,49,63,74,77,94"
425,12:45,3,3,삼성,12,"17,19,21,65,69,70,80,84,87,92,96,99"
425,12:45,4,4,여의도,15,"3,5,22,34,52,58,59,66,71,73,76,78,82,83,86"
425,12:45,5,5,김포공항,11,"2,8,9,11,16,20,41,61,75,81,91"
425,12:45,6,6,일산,1,95
425,12:45,7,7,판교,1,62
425,12:45,8,8,동탄/용인,1,12
425,12:45,9,9,평택,16,"6,25,27,31,36,40,43,46,51,53,56,68,79,85,89,98"
426,12:46,1,1,서울역,15,"1,7,13,38,39,42,45,48,50,54,55,60,64,72,90"
426,12:46,10,10,인천공항,6,"10,14,18,24,29,57"
426,12:46,2,2,수서,12,"0,26,30,32,33,37,47,49,63,74,77,94"
426,12:46,3,3,삼성,13,"17,19,21,65,67,69,70,80,84,87,92,96,99"
426,12:46,4,4,여의도,15,"3,5,22,34,52,58,59,66,71,73,76,78,82,83,86"
426,12:46,5,5,김포공항,11,"2,8,9,11,16,20,41,61,75,81,91"
426,12:46,6,6,일산,1,95
426,12:46,7,7,판교,1,62
426,12:46,8,8,동탄/용인,1,12
426,12:46,9,9,평택,16,"6,25,27,31,36,40,43,46,51,53,56,68,79,85,89,98"
427,12:47,1,1,서울역,15,"1,7,13,38,39,42,45,48,50,54,55,60,64,72,90"
427,12:47,10,10,인천공항,5,"10,18,24,29,57"
427,12:47,2,2,수서,12,"0,26,30,32,33,37,47,49,63,74,77,94"
427,12:47,3,3,삼성,13,"17,19,21,65,67,69,70,80,84,87,92,96,99"
427,12:47,4,4,여의도,15,"3,22,34,52,58,59,66,71,73,76,78,82,83,86,97"
427,12:47,5,5,김포공항,10,"8,9,11,16,20,41,61,75,81,91"
427,12:47,6,6,일산,1,95
427,12:47,7,7,판교,1,62
427,12:47,9,9,평택,16,"6,25,27,31,36,40,43,46,51,53,56,68,79,85,89,98"
428,12:48,1,1,서울역,16,"1,7,13,38,39,42,45,48,50,54,55,60,64,72,88,90"
428,12:48,10,10,인천공항,5,"10,18,24,29,57"
428,12:48,2,2,수서,11,"0,30,32,33,37,47,49,63,74,77,94"
428,12:48,3,3,삼성,12,"17,21,65,67,69,70,80,84,87,92,96,99"
428,12:48,4,4,여의도,15,"3,22,34,52,58,59,66,71,73,76,78,82,83,86,97"
428,12:48,5,5,김포공항,9,"8,9,11,20,41,61,75,81,91"
428,12:48,6,6,일산,1,95
428,12:48,7,7,판교,1,62
428,12:48,9,9,평택,17,"6,25,27,28,31,36,40,43,46,51,53,56,68,79,85,89,98"
429,12:49,1,1,서울역,16,"1,7,13,38,39,42,45,48,50,54,55,60,64,72,88,90"
429,12:49,10,10,인천공항,5,"10,18,24,29,57"
429,12:49,2,2,수서,10,"0,32,33,37,47,49,63,74,77,94"
429,12:49,3,3,삼성,12,"17,21,65,67,69,70,80,84,87,92,96,99"
429,12:49,4,4,여의도,16,"3,22,34,52,58,59,66,71,73,76,78,82,83,86,93,97"
429,12:49,5,5,김포공항,9,"8,9,11,20,41,61,75,81,91"
429,12:49,6,6,일산,1,95
429,12:49,7,7,판교,1,62
429,12:49,9,9,평택,17,"6,25,27,28,31,36,40,43,46,51,53,56,68,79,85,89,98"
430,12:50,1,1,서울역,16,"1,7,13,38,39,42,45,48,50,54,55,60,64,72,88,90"
430,12:50,10,10,인천공항,4,"10,24,29,57"
430,12:50,2,2,수서,10,"0,32,33,37,47,49,63,74,77,94"
430,12:50,3,3,삼성,10,"17,21,67,70,80,84,87,92,96,99"
430,12:50,4,4,여의도,16,"3,22,34,52,58,59,66,71,73,76,78,82,83,86,93,97"
430,12:50,5,5,김포공항,9,"8,9,11,20,41,61,75,81,91"
430,12:50,6,6,일산,1,95
430,12:50,7,7,판교,2,"44,62"
430,12:50,9,9,평택,17,"6,25,27,28,31,36,40,43,46,51,53,56,68,79,85,89,98"
431,12:51,1,1,서울역,16,"1,7,13,38,39,42,45,48,50,54,55,60,64,72,88,90"
431,12:51,10,10,인천공항,5,"10,24,29,35,57"
431,12:51,2,2,수서,10,"0,32,33,37,47,49,63,74,77,94"
431,12:51,3,3,삼성,10,"17,21,67,70,80,84,87,92,96,99"
431,12:51,4,4,여의도,16,"3,22,34,52,58,59,66,71,73,76,78,82,83,86,93,97"
431,12:51,5,5,김포공항,10,"8,9,11,20,23,41,61,75,81,91"
431,12:51,6,6,일산,1,95
431,12:51,7,7,판교,2,"44,62"
431,12:51,9,9,평택,17,"6,25,27,28,31,36,40,43,46,51,53,56,68,79,85,89,98"
432,12:52,1,1,서울역,16,"1,7,13,38,39,42,45,48,50,54,55,60,64,72,88,90"
432,12:52,10,10,인천공항,5,"10,24,29,35,57"
432,12:52,2,2,수서,10,"0,32,33,37,47,49,63,74,77,94"
432,12:52,3,3,삼성,10,"17,21,67,70,80,84,87,92,96,99"
432,12:52,4,4,여의도,16,"3,22,34,52,58,59,66,71,73,76,78,82,83,86,93,97"
432,12:52,5,5,김포공항,10,"8,9,11,20,23,41,61,75,81,91"
432,12:52,6,6,일산,1,95
432,12:52,7,7,판교,2,"44,62"
432,12:52,9,9,평택,17,"6,25,27,28,31,36,40,43,46,51,53,56,68,79,85,89,98"
433,12:53,1,1,서울역,15,"7,13,38,39,42,45,48,50,54,55,60,64,72,88,90"
433,12:53,10,10,인천공항,5,"10,24,29,35,57"
433,12:53,2,2,수서,11,"0,5,32,33,37,47,49,63,74,77,94"
433,12:53,3,3,삼성,10,"17,21,67,70,80,84,87,92,96,99"
433,12:53,4,4,여의도,17,"3,4,22,34,52,58,59,66,71,73,76,78,82,83,86,93,97"
433,12:53,5,5,김포공항,10,"8,9,11,20,23,41,61,75,81,91"
433,12:53,6,6,일산,1,95
433,12:53,7,7,판교,2,"44,62"
433,12:53,9,9,평택,17,"6,25,27,28,31,36,40,43,46,51,53,56,68,79,85,89,98"
434,12:54,1,1,서울역,15,"7,13,38,39,42,45,48,50,54,55,60,64,72,88,90"
434,12:54,10,10,인천공항,5,"10,24,29,35,57"
434,12:54,2,2,수서,11,"0,5,32,33,37,47,49,63,74,77,94"
434,12:54,3,3,삼성,10,"17,21,67,70,80,84,87,92,96,99"
434,12:54,4,4,여의도,17,"3,4,22,34,52,58,59,66,71,73,76,78,82,83,86,93,97"
434,12:54,5,5,김포공항,10,"8,9,11,20,23,41,61,75,81,91"
434,12:54,6,6,일산,1,95
434,12:54,7,7,판교,2,"44,62"
434,12:54,9,9,평택,17,"6,25,27,28,31,36,40,43,46,51,53,56,68,79,85,89,98"
435,12:55,1,1,서울역,15,"7,13,38,39,42,45,48,50,54,55,60,64,72,88,90"
435,12:55,10,10,인천공항,5,"10,24,29,35,57"
435,12:55,2,2,수서,10,"5,32,33,37,47,49,63,74,77,94"
435,12:55,3,3,삼성,10,"17,21,67,70,80,84,87,92,96,99"
435,12:55,4,4,여의도,17,"3,4,22,34,52,58,59,66,71,73,76,78,82,83,86,93,97"
435,12:55,5,5,김포공항,10,"8,9,11,20,23,41,61,75,81,91"
435,12:55,6,6,일산,1,95
435,12:55,7,7,판교,2,"44,62"
435,12:55,9,9,평택,17,"6,25,27,28,31,36,40,43,46,51,53,56,68,79,85,89,98"
436,12:56,1,1,서울역,15,"7,13,38,39,42,45,48,50,54,55,60,64,72,88,90"
436,12:56,10,10,인천공항,4,"24,29,35,57"
436,12:56,2,2,수서,10,"5,32,33,37,47,49,63,74,77,94"
436,12:56,3,3,삼성,10,"17,21,67,70,80,84,87,92,96,99"
436,12:56,4,4,여의도,17,"3,4,22,34,52,58,59,66,71,73,76,78,82,83,86,93,97"
436,12:56,5,5,김포공항,11,"8,9,11,20,23,26,41,61,75,81,91"
436,12:56,6,6,일산,1,95
436,12:56,7,7,판교,1,62
436,12:56,9,9,평택,17,"6,25,27,28,31,36,40,43,46,51,53,56,68,79,85,89,98"
437,12:57,1,1,서울역,15,"7,13,38,39,42,45,48,50,54,55,60,64,72,88,90"
437,12:57,10,10,인천공항,5,"2,24,29,35,57"
437,12:57,2,2,수서,10,"5,32,33,37,47,49,63,74,77,94"
437,12:57,3,3,삼성,11,"12,17,21,67,70,80,84,87,92,96,99"
437,12:57,4,4,여의도,18,"3,4,22,34,52,58,59,66,69,71,73,76,78,82,83,86,93,97"
437,12:57,5,5,김포공항,12,"8,9,11,20,23,26,30,41,61,75,81,91"
437,12:57,6,6,일산,1,95
437,12:57,7,7,판교,1,62
437,12:57,9,9,평택,18,"6,15,25,27,28,31,36,40,43,46,51,53,56,68,79,85,89,98"
438,12:58,1,1,서울역,15,"7,13,38,39,42,45,48,50,54,55,60,64,72,88,90"
438,12:58,10,10,인천공항,5,"2,24,29,35,57"
438,12:58,2,2,수서,10,"5,32,33,37,47,49,63,74,77,94"
438,12:58,3,3,삼성,11,"12,17,21,67,70,80,84,87,92,96,99"
438,12:58,4,4,여의도,17,"3,4,34,52,58,59,66,69,71,73,76,78,82,83,86,93,97"
438,12:58,5,5,김포공항,12,"8,9,11,20,23,26,30,41,61,75,81,91"
438,12:58,6,6,일산,2,"19,95"
438,12:58,7,7,판교,1,62
438,12:58,9,9,평택,18,"6,15,25,27,28,31,36,40,43,46,51,53,56,68,79,85,89,98"
439,12:59,1,1,서울역,15,"7,13,38,39,42,45,48,50,54,55,60,64,72,88,90"
439,12:59,10,10,인천공항,5,"2,24,29,35,57"
439,12:59,2,2,수서,10,"5,32,33,37,47,49,63,74,77,94"
439,12:59,3,3,삼성,11,"12,17,21,67,70,80,84,87,92,96,99"
439,12:59,4,4,여의도,17,"3,4,34,52,58,59,66,69,71,73,76,78,82,83,86,93,97"
439,12:59,5,5,김포공항,12,"8,9,11,20,23,26,30,41,61,75,81,91"
439,12:59,6,6,일산,2,"19,95"
439,12:59,7,7,판교,1,62
439,12:59,9,9,평택,18,"6,15,25,27,28,31,36,40,43,46,51,53,56,68,79,85,89,98"
440,13:00,1,1,서울역,15,"7,13,38,39,42,45,48,50,54,55,60,64,72,88,90"
440,13:00,10,10,인천공항,5,"2,24,29,35,57"
440,13:00,2,2,수서,10,"5,32,33,37,47,49,63,74,77,94"
440,13:00,3,3,삼성,11,"12,17,21,67,70,80,84,87,92,96,99"
440,13:00,4,4,여의도,16,"3,4,34,52,58,59,66,71,73,76,78,82,83,86,93,97"
440,13:00,5,5,김포공항,12,"8,9,11,20,23,26,30,41,61,75,81,91"
440,13:00,6,6,일산,2,"19,95"
440,13:00,7,7,판교,2,"1,62"
440,13:00,9,9,평택,18,"6,15,25,27,28,31,36,40,43,46,51,53,56,68,79,85,89,98"
441,13:01,1,1,서울역,14,"7,38,39,42,45,48,50,54,55,60,64,72,88,90"
441,13:01,10,10,인천공항,5,"2,24,29,35,57"
441,13:01,2,2,수서,10,"5,32,33,37,47,49,63,74,77,94"
441,13:01,3,3,삼성,11,"12,17,21,67,70,80,84,87,92,96,99"
441,13:01,4,4,여의도,16,"3,4,34,52,58,59,66,71,73,76,78,82,83,86,93,97"
441,13:01,5,5,김포공항,12,"8,9,11,20,23,26,30,41,61,75,81,91"
441,13:01,6,6,일산,2,"19,95"
441,13:01,7,7,판교,2,"1,62"
441,13:01,9,9,평택,18,"6,15,25,27,28,31,36,40,43,46,51,53,56,68,79,85,89,98"
442,13:02,1,1,서울역,13,"38,39,42,45,48,50,54,55,60,64,72,88,90"
442,13:02,10,10,인천공항,5,"2,24,29,35,57"
442,13:02,2,2,수서,10,"5,32,33,37,47,49,63,74,77,94"
442,13:02,3,3,삼성,12,"12,14,17,21,67,70,80,84,87,92,96,99"
442,13:02,4,4,여의도,16,"3,4,34,52,58,59,66,71,73,76,78,82,83,86,93,97"
442,13:02,5,5,김포공항,12,"8,9,11,20,23,26,30,41,61,75,81,91"
442,13:02,6,6,일산,2,"19,95"
442,13:02,7,7,판교,2,"1,62"
442,13:02,9,9,평택,18,"6,15,25,27,28,31,36,40,43,46,51,53,56,68,79,85,89,98"
443,13:03,1,1,서울역,13,"38,39,42,45,48,50,54,55,60,64,72,88,90"
443,13:03,10,10,인천공항,5,"2,24,29,35,57"
443,13:03,2,2,수서,9,"32,33,37,47,49,63,74,77,94"
443,13:03,3,3,삼성,11,"12,14,21,67,70,80,84,87,92,96,99"
443,13:03,4,4,여의도,17,"3,4,34,44,52,58,59,66,71,73,76,78,82,83,86,93,97"
443,13:03,5,5,김포공항,13,"0,8,9,11,20,23,26,30,41,61,75,81,91"
443,13:03,6,6,일산,2,"19,95"
443,13:03,7,7,판교,1,1
443,13:03,9,9,평택,18,"6,15,25,27,28,31,36,40,43,46,51,53,56,68,79,85,89,98"
444,13:04,1,1,서울역,13,"38,39,42,45,48,50,54,55,60,64,72,88,90"
444,13:04,10,10,인천공항,5,"2,24,29,35,57"
444,13:04,2,2,수서,9,"32,33,37,47,49,63,74,77,94"
444,13:04,3,3,삼성,11,"12,14,21,67,70,80,84,87,92,96,99"
444,13:04,4,4,여의도,17,"3,4,34,44,52,58,59,66,71,73,76,78,82,83,86,93,97"
444,13:04,5,5,김포공항,13,"0,8,9,11,20,23,26,30,41,61,75,81,91"
444,13:04,6,6,일산,2,"19,95"
444,13:04,7,7,판교,1,1
444,13:04,9,9,평택,17,"15,25,27,28,31,36,40,43,46,51,53,56,68,79,85,89,98"
445,13:05,1,1,서울역,13,"38,39,42,45,48,50,54,55,60,64,72,88,90"
445,13:05,10,10,인천공항,5,"2,24,29,35,57"
445,13:05,2,2,수서,9,"32,33,37,47,49,63,74,77,94"
445,13:05,3,3,삼성,12,"12,14,18,21,67,70,80,84,87,92,96,99"
445,13:05,4,4,여의도,17,"3,4,34,44,52,58,59,66,71,73,76,78,82,83,86,93,97"
445,13:05,5,5,김포공항,13,"0,8,9,11,20,23,26,30,41,61,75,81,91"
445,13:05,6,6,일산,1,19
445,13:05,7,7,판교,1,1
445,13:05,9,9,평택,19,"15,16,25,27,28,31,36,40,43,46,51,53,56,65,68,79,85,89,98"
446,13:06,1,1,서울역,13,"38,39,42,45,48,50,54,55,60,64,72,88,90"
446,13:06,10,10,인천공항,5,"2,24,29,35,57"
446,13:06,2,2,수서,9,"32,33,37,47,49,63,74,77,94"
446,13:06,3,3,삼성,12,"12,14,18,21,67,70,80,84,87,92,96,99"
446,13:06,4,4,여의도,17,"3,4,34,44,52,58,59,66,71,73,76,78,82,83,86,93,97"
446,13:06,5,5,김포공항,13,"0,8,9,11,20,23,26,30,41,61,75,81,91"
446,13:06,6,6,일산,1,19
446,13:06,7,7,판교,1,1
446,13:06,9,9,평택,19,"15,16,25,27,28,31,36,40,43,46,51,53,56,65,68,79,85,89,98"
447,13:07,1,1,서울역,13,"38,39,42,45,48,50,54,55,60,64,72,88,90"
447,13:07,10,10,인천공항,5,"2,24,29,35,57"
447,13:07,2,2,수서,9,"32,33,37,47,49,63,74,77,94"
447,13:07,3,3,삼성,12,"12,14,18,21,67,70,80,84,87,92,96,99"
447,13:07,4,4,여의도,17,"3,4,34,44,52,58,59,66,71,73,76,78,82,83,86,93,97"
447,13:07,5,5,김포공항,13,"0,8,9,11,20,23,26,30,41,61,75,81,91"
447,13:07,6,6,일산,1,19
447,13:07,7,7,판교,1,1
447,13:07,9,9,평택,19,"15,16,25,27,28,31,36,40,43,46,51,53,56,65,68,79,85,89,98"
448,13:08,1,1,서울역,13,"38,39,42,45,48,50,54,55,60,64,72,88,90"
448,13:08,10,10,인천공항,5,"2,24,29,35,57"
448,13:08,2,2,수서,7,"37,47,49,63,74,77,94"
448,13:08,3,3,삼성,12,"12,14,18,21,67,70,80,84,87,92,96,99"
448,13:08,4,4,여의도,18,"3,4,10,34,44,52,58,59,66,71,73,76,78,82,83,86,93,97"
448,13:08,5,5,김포공항,13,"0,8,9,11,20,23,26,30,41,61,75,81,91"
448,13:08,6,6,일산,1,19
448,13:08,7,7,판교,2,"1,13"
448,13:08,9,9,평택,19,"15,16,25,27,28,31,36,40,43,46,51,53,56,65,68,79,85,89,98"
449,13:09,1,1,서울역,13,"38,39,42,45,48,50,54,55,60,64,72,88,90"
449,13:09,10,10,인천공항,4,"2,29,35,57"
449,13:09,2,2,수서,8,"7,37,47,49,63,74,77,94"
449,13:09,3,3,삼성,12,"12,14,18,21,67,70,80,84,87,92,96,99"
449,13:09,4,4,여의도,18,"3,4,10,34,44,52,58,59,66,71,73,76,78,82,83,86,93,97"
449,13:09,5,5,김포공항,13,"0,8,9,11,20,23,26,30,41,61,75,81,91"
449,13:09,6,6,일산,1,19
449,13:09,7,7,판교,2,"1,13"
449,13:09,9,9,평택,19,"15,16,25,27,28,31,36,40,43,46,51,53,56,65,68,79,85,89,98"
450,13:10,1,1,서울역,14,"38,39,42,45,48,50,54,55,60,62,64,72,88,90"
450,13:10,10,10,인천공항,5,"2,22,29,35,57"
450,13:10,2,2,수서,8,"7,37,47,49,63,74,77,94"
450,13:10,3,3,삼성,12,"12,14,18,21,67,70,80,84,87,92,96,99"
450,13:10,4,4,여의도,17,"4,10,34,44,52,58,59,66,71,73,76,78,82,83,86,93,97"
450,13:10,5,5,김포공항,13,"0,8,9,11,20,23,26,30,41,61,75,81,91"
450,13:10,6,6,일산,1,19
450,13:10,7,7,판교,1,13
450,13:10,9,9,평택,18,"15,16,25,27,28,31,40,43,46,51,53,56,65,68,79,85,89,98"
451,13:11,1,1,서울역,14,"38,39,42,45,48,50,54,55,60,62,64,72,88,90"
451,13:11,10,10,인천공항,5,"2,22,29,35,57"
451,13:11,2,2,수서,8,"7,37,47,49,63,74,77,94"
451,13:11,3,3,삼성,11,"12,18,21,67,70,80,84,87,92,96,99"
451,13:11,4,4,여의도,17,"4,10,34,44,52,58,59,66,71,73,76,78,82,83,86,93,97"
451,13:11,5,5,김포공항,14,"0,5,8,9,11,20,23,26,30,41,61,75,81,91"
451,13:11,6,6,일산,1,19
451,13:11,7,7,판교,1,13
451,13:11,9,9,평택,18,"15,16,25,27,28,31,40,43,46,51,53,56,65,68,79,85,89,98"
452,13:12,1,1,서울역,15,"38,39,42,45,48,50,54,55,60,62,64,72,88,90,95"
452,13:12,10,10,인천공항,6,"2,22,29,35,57,69"
452,13:12,2,2,수서,8,"7,37,47,49,63,74,77,94"
452,13:12,3,3,삼성,11,"12,18,21,67,70,80,84,87,92,96,99"
452,13:12,4,4,여의도,16,"4,10,34,52,58,59,66,71,73,76,78,82,83,86,93,97"
452,13:12,5,5,김포공항,14,"0,5,8,9,11,20,23,26,30,41,61,75,81,91"
452,13:12,6,6,일산,1,19
452,13:12,7,7,판교,1,13
452,13:12,9,9,평택,18,"15,16,25,27,28,31,40,43,46,51,53,56,65,68,79,85,89,98"
453,13:13,1,1,서울역,15,"38,39,42,45,48,50,54,55,60,62,64,72,88,90,95"
453,13:13,10,10,인천공항,6,"2,22,29,35,57,69"
453,13:13,2,2,수서,7,"7,37,47,49,74,77,94"
453,13:13,3,3,삼성,11,"12,18,21,67,70,80,84,87,92,96,99"
453,13:13,4,4,여의도,16,"4,10,34,52,58,59,66,71,73,76,78,82,83,86,93,97"
453,13:13,5,5,김포공항,14,"0,5,8,9,11,20,23,26,30,41,61,75,81,91"
453,13:13,6,6,일산,2,"17,19"
453,13:13,7,7,판교,1,13
453,13:13,9,9,평택,18,"15,16,25,27,28,31,40,43,46,51,53,56,65,68,79,85,89,98"
454,13:14,1,1,서울역,15,"38,39,42,45,48,50,54,55,60,62,64,72,88,90,95"
454,13:14,10,10,인천공항,6,"2,22,29,35,57,69"
454,13:14,2,2,수서,7,"7,37,47,49,74,77,94"
454,13:14,3,3,삼성,11,"12,18,21,67,70,80,84,87,92,96,99"
454,13:14,4,4,여의도,16,"4,10,34,52,58,59,66,71,73,76,78,82,83,86,93,97"
454,13:14,5,5,김포공항,14,"0,5,8,9,11,20,23,26,30,41,61,75,81,91"
454,13:14,6,6,일산,2,"17,19"
454,13:14,7,7,판교,1,13
454,13:14,9,9,평택,17,"15,16,25,27,31,40,43,46,51,53,56,65,68,79,85,89,98"
455,13:15,1,1,서울역,15,"38,39,42,45,48,50,54,55,60,62,64,72,88,90,95"
455,13:15,10,10,인천공항,6,"2,22,29,35,57,69"
455,13:15,2,2,수서,7,"7,37,47,49,74,77,94"
455,13:15,3,3,삼성,11,"12,18,21,67,70,80,84,87,92,96,99"
455,13:15,4,4,여의도,16,"4,10,34,52,58,59,66,71,73,76,78,82,83,86,93,97"
455,13:15,5,5,김포공항,14,"0,5,8,9,11,20,23,26,30,41,61,75,81,91"
455,13:15,6,6,일산,2,"17,19"
455,13:15,7,7,판교,1,13
455,13:15,9,9,평택,17,"15,16,25,27,31,40,43,46,51,53,56,65,68,79,85,89,98"
456,13:16,1,1,서울역,15,"38,39,42,45,48,50,54,55,60,62,64,72,88,90,95"
456,13:16,10,10,인천공항,6,"2,22,29,35,57,69"
456,13:16,2,2,수서,8,"3,7,37,47,49,74,77,94"
456,13:16,3,3,삼성,11,"12,18,21,67,70,80,84,87,92,96,99"
456,13:16,4,4,여의도,16,"4,10,34,52,58,59,66,71,73,76,78,82,83,86,93,97"
456,13:16,5,5,김포공항,16,"0,5,8,9,11,20,23,26,30,32,33,41,61,75,81,91"
456,13:16,6,6,일산,2,"17,19"
456,13:16,7,7,판교,1,13
456,13:16,9,9,평택,17,"15,16,25,27,31,40,43,46,51,53,56,65,68,79,85,89,98"
457,13:17,1,1,서울역,16,"1,38,39,42,45,48,50,54,55,60,62,64,72,88,90,95"
457,13:17,10,10,인천공항,6,"2,22,29,35,57,69"
457,13:17,2,2,수서,8,"3,7,37,47,49,74,77,94"
457,13:17,3,3,삼성,11,"12,18,21,67,70,80,84,87,92,96,99"
457,13:17,4,4,여의도,15,"4,34,52,58,59,66,71,73,76,78,82,83,86,93,97"
457,13:17,5,5,김포공항,16,"0,5,8,9,11,20,23,26,30,32,33,41,61,75,81,91"
457,13:17,6,6,일산,2,"17,19"
457,13:17,7,7,판교,1,13
457,13:17,9,9,평택,17,"15,16,25,27,31,40,43,46,51,53,56,65,68,79,85,89,98"
458,13:18,1,1,서울역,16,"1,38,39,42,45,48,50,54,55,60,62,64,72,88,90,95"
458,13:18,10,10,인천공항,6,"2,22,29,35,57,69"
458,13:18,2,2,수서,9,"3,6,7,37,47,49,74,77,94"
458,13:18,3,3,삼성,11,"12,18,21,67,70,80,84,87,92,96,99"
458,13:18,4,4,여의도,15,"4,34,52,58,59,66,71,73,76,78,82,83,86,93,97"
458,13:18,5,5,김포공항,16,"0,5,8,9,11,20,23,26,30,32,33,41,61,75,81,91"
458,13:18,6,6,일산,1,17
458,13:18,7,7,판교,1,13
458,13:18,9,9,평택,17,"15,16,25,27,31,40,43,46,51,53,56,65,68,79,85,89,98"
459,13:19,1,1,서울역,16,"1,38,39,42,45,48,50,54,55,60,62,64,72,88,90,95"
459,13:19,10,10,인천공항,6,"2,22,29,35,57,69"
459,13:19,2,2,수서,9,"3,6,7,37,47,49,74,77,94"
459,13:19,3,3,삼성,11,"12,18,21,67,70,80,84,87,92,96,99"
459,13:19,4,4,여의도,15,"4,34,52,58,59,66,71,73,76,78,82,83,86,93,97"
459,13:19,5,5,김포공항,17,"0,5,8,9,11,20,23,24,26,30,32,33,41,61,75,81,91"
459,13:19,6,6,일산,1,17
459,13:19,7,7,판교,3,"13,44,63"
459,13:19,9,9,평택,17,"15,16,25,27,31,40,43,46,51,53,56,65,68,79,85,89,98"
460,13:20,1,1,서울역,16,"1,38,39,42,45,48,50,54,55,60,62,64,72,88,90,95"
460,13:20,10,10,인천공항,6,"2,22,29,35,57,69"
460,13:20,2,2,수서,9,"3,6,7,37,47,49,74,77,94"
460,13:20,3,3,삼성,11,"12,18,21,67,70,80,84,87,92,96,99"
460,13:20,4,4,여의도,14,"4,34,58,59,66,71,73,76,78,82,83,86,93,97"
460,13:20,5,5,김포공항,17,"0,5,8,9,11,20,23,24,26,30,32,33,41,61,75,81,91"
460,13:20,6,6,일산,1,17
460,13:20,7,7,판교,3,"13,44,63"
460,13:20,9,9,평택,17,"15,16,25,27,31,40,43,46,51,53,56,65,68,79,85,89,98"
461,13:21,1,1,서울역,16,"1,38,39,42,45,48,50,54,55,60,62,64,72,88,90,95"
461,13:21,10,10,인천공항,6,"2,22,29,35,57,69"
461,13:21,2,2,수서,9,"3,6,7,37,47,49,74,77,94"
461,13:21,3,3,삼성,11,"12,18,21,67,70,80,84,87,92,96,99"
461,13:21,4,4,여의도,14,"4,34,58,59,66,71,73,76,78,82,83,86,93,97"
461,13:21,5,5,김포공항,17,"0,5,8,9,11,20,23,24,26,30,32,33,41,61,75,81,91"
461,13:21,6,6,일산,1,17
461,13:21,7,7,판교,3,"13,44,63"
461,13:21,9,9,평택,17,"15,16,25,27,31,40,43,46,51,53,56,65,68,79,85,89,98"
462,13:22,1,1,서울역,16,"1,38,39,42,45,48,50,54,55,60,62,64,72,88,90,95"
462,13:22,10,10,인천공항,6,"2,22,29,35,57,69"
462,13:22,2,2,수서,8,"3,6,37,47,49,74,77,94"
462,13:22,3,3,삼성,11,"12,18,21,67,70,80,84,87,92,96,99"
462,13:22,4,4,여의도,14,"4,34,58,59,66,71,73,76,78,82,83,86,93,97"
462,13:22,5,5,김포공항,17,"0,5,8,9,11,20,23,24,26,30,32,33,41,61,75,81,91"
462,13:22,6,6,일산,1,17
462,13:22,7,7,판교,3,"13,44,63"
462,13:22,9,9,평택,17,"15,16,25,27,31,40,43,46,51,53,56,65,68,79,85,89,98"
463,13:23,1,1,서울역,16,"1,38,39,42,45,48,50,54,55,60,62,64,72,88,90,95"
463,13:23,10,10,인천공항,6,"2,22,29,35,57,69"
463,13:23,2,2,수서,9,"3,6,10,37,47,49,74,77,94"
463,13:23,3,3,삼성,11,"12,18,21,67,70,80,84,87,92,96,99"
463,13:23,4,4,여의도,14,"4,34,58,59,66,71,73,76,78,82,83,86,93,97"
463,13:23,5,5,김포공항,17,"0,5,8,9,11,20,23,24,26,30,32,33,41,61,75,81,91"
463,13:23,7,7,판교,3,"13,44,63"
463,13:23,9,9,평택,17,"15,16,25,27,31,40,43,46,51,53,56,65,68,79,85,89,98"
464,13:24,1,1,서울역,16,"1,38,39,42,45,48,50,54,55,60,62,64,72,88,90,95"
464,13:24,10,10,인천공항,6,"2,22,29,35,57,69"
464,13:24,2,2,수서,9,"3,6,10,37,47,49,74,77,94"
464,13:24,3,3,삼성,11,"12,18,21,67,70,80,84,87,92,96,99"
464,13:24,4,4,여의도,14,"4,34,58,59,66,71,73,76,78,82,83,86,93,97"
464,13:24,5,5,김포공항,17,"0,5,8,9,11,20,23,24,26,30,32,33,41,61,75,81,91"
464,13:24,7,7,판교,3,"13,44,63"
464,13:24,9,9,평택,17,"15,16,25,27,31,40,43,46,51,53,56,65,68,79,85,89,98"
465,13:25,1,1,서울역,16,"1,38,39,42,45,48,50,54,55,60,62,64,72,88,90,95"
465,13:25,10,10,인천공항,6,"2,22,29,35,57,69"
465,13:25,2,2,수서,9,"3,6,10,37,47,49,74,77,94"
465,13:25,3,3,삼성,11,"12,18,21,67,70,80,84,87,92,96,99"
465,13:25,4,4,여의도,14,"4,34,58,59,66,71,73,76,78,82,83,86,93,97"
465,13:25,5,5,김포공항,17,"0,5,8,9,11,20,23,24,26,30,32,33,41,61,75,81,91"
465,13:25,7,7,판교,1,13
465,13:25,9,9,평택,17,"15,16,25,27,31,40,43,46,51,53,56,65,68,79,85,89,98"
466,13:26,1,1,서울역,16,"1,36,39,42,45,48,50,54,55,60,62,64,72,88,90,95"
466,13:26,10,10,인천공항,6,"2,14,22,29,57,69"
466,13:26,2,2,수서,9,"3,6,10,37,47,49,74,77,94"
466,13:26,3,3,삼성,11,"12,18,21,67,70,80,84,87,92,96,99"
466,13:26,4,4,여의도,14,"4,34,58,59,66,71,73,76,78,82,83,86,93,97"
466,13:26,5,5,김포공항,17,"0,5,8,9,11,20,23,24,26,30,32,33,41,61,75,81,91"
466,13:26,7,7,판교,1,13
466,13:26,9,9,평택,17,"15,16,25,27,31,40,43,46,51,53,56,65,68,79,85,89,98"
467,13:27,1,1,서울역,16,"1,36,39,42,45,48,50,54,55,60,62,64,72,88,90,95"
467,13:27,10,10,인천공항,6,"2,14,22,29,57,69"
467,13:27,2,2,수서,9,"3,6,10,37,47,49,74,77,94"
467,13:27,3,3,삼성,11,"12,18,21,67,70,80,84,87,92,96,99"
467,13:27,4,4,여의도,14,"4,34,58,59,66,71,73,76,78,82,83,86,93,97"
467,13:27,5,5,김포공항,17,"0,5,8,9,11,20,23,24,26,30,32,33,41,61,75,81,91"
467,13:27,7,7,판교,1,52
467,13:27,9,9,평택,17,"15,16,25,27,31,40,43,46,51,53,56,65,68,79,85,89,98"
468,13:28,1,1,서울역,16,"1,36,39,42,45,48,50,54,55,60,62,64,72,88,90,95"
468,13:28,10,10,인천공항,6,"2,14,22,29,57,69"
468,13:28,2,2,수서,9,"3,6,10,37,47,49,74,77,94"
468,13:28,3,3,삼성,11,"12,18,21,67,70,80,84,87,92,96,99"
468,13:28,4,4,여의도,14,"4,34,58,59,66,71,73,76,78,82,83,86,93,97"
468,13:28,5,5,김포공항,17,"0,5,8,9,11,20,23,24,26,30,32,33,41,61,75,81,91"
468,13:28,7,7,판교,1,52
468,13:28,9,9,평택,17,"15,16,25,27,31,40,43,46,51,53,56,65,68,79,85,89,98"
469,13:29,1,1,서울역,16,"1,36,39,42,45,48,50,54,55,60,62,64,72,88,90,95"
469,13:29,10,10,인천공항,6,"2,14,22,29,57,69"
469,13:29,2,2,수서,9,"3,6,10,37,47,49,74,77,94"
469,13:29,3,3,삼성,12,"12,18,21,28,67,70,80,84,87,92,96,99"
469,13:29,4,4,여의도,14,"4,34,58,59,66,71,73,76,78,82,83,86,93,97"
469,13:29,5,5,김포공항,17,"0,5,8,9,11,20,23,24,26,30,32,33,41,61,75,81,91"
469,13:29,7,7,판교,1,52
469,13:29,9,9,평택,17,"15,16,25,27,31,40,43,46,51,53,56,65,68,79,85,89,98"
470,13:30,1,1,서울역,16,"1,36,39,42,45,48,50,54,55,60,62,64,72,88,90,95"
470,13:30,10,10,인천공항,5,"14,22,29,57,69"
470,13:30,2,2,수서,9,"3,6,10,37,47,49,74,77,94"
470,13:30,3,3,삼성,12,"12,18,21,28,67,70,80,84,87,92,96,99"
470,13:30,4,4,여의도,13,"4,58,59,66,71,73,76,78,82,83,86,93,97"
470,13:30,5,5,김포공항,18,"0,5,7,8,9,11,20,23,24,26,30,32,33,41,61,75,81,91"
470,13:30,7,7,판교,2,"19,52"
470,13:30,9,9,평택,16,"16,25,27,31,40,43,46,51,53,56,65,68,79,85,89,98"
471,13:31,1,1,서울역,16,"1,36,39,42,45,48,50,54,55,60,62,64,72,88,90,95"
471,13:31,10,10,인천공항,5,"14,22,29,57,69"
471,13:31,2,2,수서,9,"3,6,10,37,47,49,74,77,94"
471,13:31,3,3,삼성,11,"18,21,28,67,70,80,84,87,92,96,99"
471,13:31,4,4,여의도,13,"4,58,59,66,71,73,76,78,82,83,86,93,97"
471,13:31,5,5,김포공항,18,"0,5,7,8,9,11,20,23,24,26,30,32,33,41,61,75,81,91"
471,13:31,7,7,판교,2,"19,52"
471,13:31,9,9,평택,16,"16,25,27,31,40,43,46,51,53,56,65,68,79,85,89,98"
472,13:32,1,1,서울역,16,"1,36,39,42,45,48,50,54,55,60,62,64,72,88,90,95"
472,13:32,10,10,인천공항,4,"14,22,29,69"
472,13:32,2,2,수서,9,"3,6,10,37,47,49,74,77,94"
472,13:32,3,3,삼성,11,"18,21,28,67,70,80,84,87,92,96,99"
472,13:32,4,4,여의도,15,"4,44,58,59,63,66,71,73,76,78,82,83,86,93,97"
472,13:32,5,5,김포공항,18,"0,5,7,8,9,11,20,23,24,26,30,32,33,41,61,75,81,91"
472,13:32,7,7,판교,2,"19,52"
472,13:32,9,9,평택,16,"16,25,27,31,40,43,46,51,53,56,65,68,79,85,89,98"
473,13:33,1,1,서울역,16,"1,36,39,42,45,48,50,54,55,60,62,64,72,88,90,95"
473,13:33,10,10,인천공항,4,"14,22,29,69"
473,13:33,2,2,수서,9,"3,6,10,37,47,49,74,77,94"
473,13:33,3,3,삼성,11,"18,21,28,67,70,80,84,87,92,96,99"
473,13:33,4,4,여의도,14,"44,58,59,63,66,71,73,76,78,82,83,86,93,97"
473,13:33,5,5,김포공항,18,"0,5,7,8,9,11,20,23,24,26,30,32,33,41,61,75,81,91"
473,13:33,7,7,판교,2,"19,52"
473,13:33,9,9,평택,16,"16,25,27,31,40,43,46,51,53,56,65,68,79,85,89,98"
474,13:34,1,1,서울역,16,"1,36,39,42,45,48,50,54,55,60,62,64,72,88,90,95"
474,13:34,10,10,인천공항,4,"14,22,29,69"
474,13:34,2,2,수서,8,"3,6,10,37,49,74,77,94"
474,13:34,3,3,삼성,11,"18,21,28,67,70,80,84,87,92,96,99"
474,13:34,4,4,여의도,14,"13,44,59,63,66,71,73,76,78,82,83,86,93,97"
474,13:34,5,5,김포공항,18,"0,5,7,8,9,11,20,23,24,26,30,32,33,41,61,75,81,91"
474,13:34,7,7,판교,1,19
474,13:34,9,9,평택,16,"16,25,27,31,40,43,46,51,53,56,65,68,79,85,89,98"
475,13:35,1,1,서울역,16,"1,36,39,42,45,48,50,54,55,60,62,64,72,88,90,95"
475,13:35,10,10,인천공항,4,"14,22,29,69"
475,13:35,2,2,수서,7,"6,10,37,49,74,77,94"
475,13:35,3,3,삼성,11,"18,21,28,67,70,80,84,87,92,96,99"
475,13:35,4,4,여의도,14,"13,44,59,63,66,71,73,76,78,82,83,86,93,97"
475,13:35,5,5,김포공항,18,"0,5,7,8,9,11,20,23,24,26,30,32,33,41,61,75,81,91"
475,13:35,7,7,판교,2,"17,19"
475,13:35,9,9,평택,16,"16,25,27,31,40,43,46,51,53,56,65,68,79,85,89,98"
476,13:36,1,1,서울역,16,"1,36,39,42,45,48,50,54,55,60,62,64,72,88,90,95"
476,13:36,10,10,인천공항,4,"14,22,29,69"
476,13:36,2,2,수서,8,"6,10,34,37,49,74,77,94"
476,13:36,3,3,삼성,11,"18,21,28,67,70,80,84,87,92,96,99"
476,13:36,4,4,여의도,14,"13,44,59,63,66,71,73,76,78,82,83,86,93,97"
476,13:36,5,5,김포공항,18,"0,5,7,8,9,11,20,23,24,26,30,32,33,41,61,75,81,91"
476,13:36,7,7,판교,2,"17,19"
476,13:36,8,8,동탄/용인,1,15
476,13:36,9,9,평택,16,"16,25,27,31,40,43,46,51,53,56,65,68,79,85,89,98"
477,13:37,1,1,서울역,16,"1,36,39,42,45,48,50,54,55,60,62,64,72,88,90,95"
477,13:37,10,10,인천공항,4,"14,22,29,69"
477,13:37,2,2,수서,8,"6,10,34,37,49,74,77,94"
477,13:37,3,3,삼성,12,"18,21,28,47,67,70,80,84,87,92,96,99"
477,13:37,4,4,여의도,14,"13,44,59,63,66,71,73,76,78,82,83,86,93,97"
477,13:37,5,5,김포공항,18,"0,5,7,8,9,11,20,23,24,26,30,32,33,41,61,75,81,91"
477,13:37,7,7,판교,2,"17,19"
477,13:37,8,8,동탄/용인,1,15
477,13:37,9,9,평택,16,"16,25,27,31,40,43,46,51,53,56,65,68,79,85,89,98"
478,13:38,1,1,서울역,15,"1,39,42,45,48,50,54,55,60,62,64,72,88,90,95"
478,13:38,10,10,인천공항,4,"14,22,29,69"
478,13:38,2,2,수서,8,"6,10,34,37,49,74,77,94"
478,13:38,3,3,삼성,12,"18,21,28,47,67,70,80,84,87,92,96,99"
478,13:38,4,4,여의도,14,"13,44,59,63,66,71,73,76,78,82,83,86,93,97"
478,13:38,5,5,김포공항,18,"0,5,7,8,9,11,20,23,24,26,30,32,33,41,61,75,81,91"
478,13:38,7,7,판교,2,"17,19"
478,13:38,8,8,동탄/용인,2,"15,38"
478,13:38,9,9,평택,16,"16,25,27,31,40,43,46,51,53,56,65,68,79,85,89,98"
479,13:39,1,1,서울역,15,"1,39,42,45,48,50,54,55,60,62,64,72,88,90,95"
479,13:39,10,10,인천공항,4,"14,22,29,69"
479,13:39,2,2,수서,8,"6,10,34,37,49,74,77,94"
479,13:39,3,3,삼성,12,"18,21,28,47,67,70,80,84,87,92,96,99"
479,13:39,4,4,여의도,14,"13,44,59,63,66,71,73,76,78,82,83,86,93,97"
479,13:39,5,5,김포공항,18,"0,5,7,8,9,11,20,23,24,26,30,32,33,41,61,75,81,91"
479,13:39,7,7,판교,1,17
479,13:39,8,8,동탄/용인,1,38
479,13:39,9,9,평택,16,"16,25,27,31,40,43,46,51,53,56,65,68,79,85,89,98"
480,13:40,1,1,서울역,15,"1,39,42,45,48,50,54,55,60,62,64,72,88,90,95"
480,13:40,10,10,인천공항,4,"14,22,29,69"
480,13:40,2,2,수서,9,"6,10,34,37,49,58,74,77,94"
480,13:40,3,3,삼성,12,"4,18,21,28,67,70,80,84,87,92,96,99"
480,13:40,4,4,여의도,14,"13,44,59,63,66,71,73,76,78,82,83,86,93,97"
480,13:40,5,5,김포공항,17,"0,5,8,9,11,20,23,24,26,30,32,33,41,61,75,81,91"
480,13:40,7,7,판교,1,17
480,13:40,8,8,동탄/용인,1,38
480,13:40,9,9,평택,16,"16,25,27,31,40,43,46,51,53,56,65,68,79,85,89,98"
481,13:41,1,1,서울역,15,"1,39,42,45,48,50,54,55,60,62,64,72,88,90,95"
481,13:41,10,10,인천공항,4,"14,22,29,69"
481,13:41,2,2,수서,9,"6,10,34,37,49,58,74,77,94"
481,13:41,3,3,삼성,13,"4,18,21,28,35,67,70,80,84,87,92,96,99"
481,13:41,4,4,여의도,14,"13,44,52,59,66,71,73,76,78,82,83,86,93,97"
481,13:41,5,5,김포공항,17,"0,5,8,9,11,20,23,24,26,30,32,33,41,61,75,81,91"
481,13:41,6,6,일산,1,12
481,13:41,7,7,판교,1,17
481,13:41,8,8,동탄/용인,1,38
481,13:41,9,9,평택,16,"16,25,27,31,40,43,46,51,53,56,65,68,79,85,89,98"
482,13:42,1,1,서울역,15,"1,39,42,45,48,50,54,55,60,62,64,72,88,90,95"
482,13:42,10,10,인천공항,4,"14,22,29,69"
482,13:42,2,2,수서,9,"6,10,34,37,49,58,74,77,94"
482,13:42,3,3,삼성,13,"4,18,21,28,35,67,70,80,84,87,92,96,99"
482,13:42,4,4,여의도,15,"2,13,44,52,59,66,71,73,76,78,82,83,86,93,97"
482,13:42,5,5,김포공항,17,"0,5,8,9,11,20,23,24,26,30,32,33,41,61,75,81,91"
482,13:42,6,6,일산,1,12
482,13:42,7,7,판교,1,17
482,13:42,8,8,동탄/용인,1,38
482,13:42,9,9,평택,16,"16,25,27,31,40,43,46,51,53,56,65,68,79,85,89,98"
483,13:43,1,1,서울역,15,"1,39,42,45,48,50,54,55,60,62,64,72,88,90,95"
483,13:43,10,10,인천공항,4,"14,22,29,69"
483,13:43,2,2,수서,9,"6,10,34,37,49,58,74,77,94"
483,13:43,3,3,삼성,13,"4,18,21,28,35,67,70,80,84,87,92,96,99"
483,13:43,4,4,여의도,15,"2,13,44,52,59,66,71,73,76,78,82,83,86,93,97"
483,13:43,5,5,김포공항,18,"0,3,5,8,9,11,20,23,24,26,30,32,33,41,61,75,81,91"
483,13:43,6,6,일산,1,12
483,13:43,7,7,판교,1,17
483,13:43,8,8,동탄/용인,1,38
483,13:43,9,9,평택,16,"16,25,27,31,40,43,46,51,53,56,65,68,79,85,89,98"
484,13:44,1,1,서울역,15,"1,39,42,45,48,50,54,55,60,62,64,72,88,90,95"
484,13:44,10,10,인천공항,4,"14,22,29,69"
484,13:44,2,2,수서,9,"6,10,34,37,49,58,74,77,94"
484,13:44,3,3,삼성,13,"4,18,21,28,35,67,70,80,84,87,92,96,99"
484,13:44,4,4,여의도,15,"2,13,44,52,59,66,71,73,76,78,82,83,86,93,97"
484,13:44,5,5,김포공항,18,"0,3,5,8,9,11,20,23,24,26,30,32,33,41,61,75,81,91"
484,13:44,6,6,일산,1,12
484,13:44,7,7,판교,1,17
484,13:44,8,8,동탄/용인,1,38
484,13:44,9,9,평택,16,"16,25,27,31,40,43,46,51,53,56,65,68,79,85,89,98"
485,13:45,1,1,서울역,15,"1,39,42,45,48,50,54,55,60,62,64,72,88,90,95"
485,13:45,10,10,인천공항,4,"14,22,29,69"
485,13:45,2,2,수서,9,"6,10,34,37,49,58,74,77,94"
485,13:45,3,3,삼성,13,"4,18,21,28,35,67,70,80,84,87,92,96,99"
485,13:45,4,4,여의도,14,"2,13,52,59,66,71,73,76,78,82,83,86,93,97"
485,13:45,5,5,김포공항,18,"0,3,5,8,9,11,20,23,24,26,30,32,33,41,61,75,81,91"
485,13:45,6,6,일산,1,12
485,13:45,7,7,판교,1,17
485,13:45,8,8,동탄/용인,1,38
485,13:45,9,9,평택,16,"16,25,27,31,40,43,46,51,53,56,65,68,79,85,89,98"
486,13:46,1,1,서울역,16,"1,19,39,42,45,48,50,54,55,60,62,64,72,88,90,95"
486,13:46,10,10,인천공항,4,"14,22,29,69"
486,13:46,2,2,수서,9,"6,10,34,37,49,58,74,77,94"
486,13:46,3,3,삼성,13,"4,18,21,28,35,67,70,80,84,87,92,96,99"
486,13:46,4,4,여의도,14,"2,13,52,59,66,71,73,76,78,82,83,86,93,97"
486,13:46,5,5,김포공항,18,"0,3,5,8,9,11,20,23,24,26,30,32,33,41,61,75,81,91"
486,13:46,6,6,일산,1,12
486,13:46,7,7,판교,1,17
486,13:46,8,8,동탄/용인,1,38
486,13:46,9,9,평택,16,"16,25,27,31,40,43,46,51,53,56,65,68,79,85,89,98"
487,13:47,1,1,서울역,16,"1,19,39,42,45,48,50,54,55,60,62,64,72,88,90,95"
487,13:47,10,10,인천공항,4,"14,22,29,69"
487,13:47,2,2,수서,9,"6,10,34,37,49,58,74,77,94"
487,13:47,3,3,삼성,14,"4,18,21,28,35,57,67,70,80,84,87,92,96,99"
487,13:47,4,4,여의도,13,"2,13,52,59,66,71,76,78,82,83,86,93,97"
487,13:47,5,5,김포공항,18,"0,3,5,8,9,11,20,23,24,26,30,32,33,41,61,75,81,91"
487,13:47,6,6,일산,2,"7,12"
487,13:47,7,7,판교,1,17
487,13:47,9,9,평택,16,"16,25,27,31,40,43,46,51,53,56,65,68,79,85,89,98"
488,13:48,1,1,서울역,16,"1,19,39,42,45,48,50,54,55,60,62,64,72,88,90,95"
488,13:48,10,10,인천공항,4,"14,22,29,69"
488,13:48,2,2,수서,9,"6,10,34,37,49,58,74,77,94"
488,13:48,3,3,삼성,14,"4,18,21,28,35,57,67,70,80,84,87,92,96,99"
488,13:48,4,4,여의도,13,"2,13,52,59,66,71,76,78,82,83,86,93,97"
488,13:48,5,5,김포공항,18,"0,3,5,8,9,11,20,23,24,26,30,32,33,41,61,75,81,91"
488,13:48,6,6,일산,2,"7,12"
488,13:48,7,7,판교,2,"17,63"
488,13:48,9,9,평택,16,"16,25,27,31,40,43,46,51,53,56,65,68,79,85,89,98"
489,13:49,1,1,서울역,16,"1,19,39,42,45,48,50,54,55,60,62,64,72,88,90,95"
489,13:49,10,10,인천공항,4,"14,22,29,69"
489,13:49,2,2,수서,9,"6,10,34,37,49,58,74,77,94"
489,13:49,3,3,삼성,14,"4,18,21,28,35,57,67,70,80,84,87,92,96,99"
489,13:49,4,4,여의도,12,"2,52,59,66,71,76,78,82,83,86,93,97"
489,13:49,5,5,김포공항,18,"0,3,5,8,9,11,20,23,24,26,30,32,33,41,61,75,81,91"
489,13:49,6,6,일산,2,"7,12"
489,13:49,7,7,판교,2,"17,63"
489,13:49,9,9,평택,16,"16,25,27,31,40,43,46,51,53,56,65,68,79,85,89,98"
490,13:50,1,1,서울역,16,"1,19,39,42,45,48,50,54,55,60,62,64,72,88,90,95"
490,13:50,10,10,인천공항,4,"14,22,29,69"
490,13:50,2,2,수서,9,"6,10,34,37,49,58,74,77,94"
490,13:50,3,3,삼성,14,"4,18,21,28,35,57,67,70,80,84,87,92,96,99"
490,13:50,4,4,여의도,13,"2,15,52,59,66,71,76,78,82,83,86,93,97"
490,13:50,5,5,김포공항,18,"0,3,5,8,9,11,20,23,24,26,30,32,33,41,61,75,81,91"
490,13:50,6,6,일산,1,7
490,13:50,7,7,판교,2,"17,63"
490,13:50,9,9,평택,16,"16,25,27,31,40,43,46,51,53,56,65,68,79,85,89,98"
491,13:51,1,1,서울역,16,"1,19,39,42,45,48,50,54,55,60,62,64,72,88,90,95"
491,13:51,10,10,인천공항,5,"14,22,29,36,69"
491,13:51,2,2,수서,9,"6,10,34,37,49,58,74,77,94"
491,13:51,3,3,삼성,14,"4,18,21,28,35,57,67,70,80,84,87,92,96,99"
491,13:51,4,4,여의도,13,"2,15,52,59,66,71,76,78,82,83,86,93,97"
491,13:51,5,5,김포공항,18,"0,3,5,8,9,11,20,23,24,26,30,32,33,41,61,75,81,91"
491,13:51,6,6,일산,1,7
491,13:51,7,7,판교,2,"17,63"
491,13:51,9,9,평택,15,"16,27,31,40,43,46,51,53,56,65,68,79,85,89,98"
492,13:52,1,1,서울역,15,"1,19,42,45,48,50,54,55,60,62,64,72,88,90,95"
492,13:52,10,10,인천공항,5,"14,22,29,36,69"
492,13:52,2,2,수서,9,"6,10,34,37,49,58,74,77,94"
492,13:52,3,3,삼성,14,"4,18,21,28,35,57,67,70,80,84,87,92,96,99"
492,13:52,4,4,여의도,12,"2,15,52,59,66,71,78,82,83,86,93,97"
492,13:52,5,5,김포공항,18,"0,3,5,8,9,11,20,23,24,26,30,32,33,41,61,75,81,91"
492,13:52,6,6,일산,1,7
492,13:52,7,7,판교,3,"17,44,63"
492,13:52,9,9,평택,15,"16,27,31,40,43,46,51,53,56,65,68,79,85,89,98"
493,13:53,1,1,서울역,15,"1,19,42,45,48,50,54,55,60,62,64,72,88,90,95"
493,13:53,10,10,인천공항,5,"14,22,29,36,69"
493,13:53,2,2,수서,9,"6,10,34,37,49,58,74,77,94"
493,13:53,3,3,삼성,14,"4,18,21,28,35,57,67,70,80,84,87,92,96,99"
493,13:53,4,4,여의도,10,"2,52,59,66,71,82,83,86,93,97"
493,13:53,5,5,김포공항,17,"3,5,8,9,11,20,23,24,26,30,32,33,41,61,75,81,91"
493,13:53,7,7,판교,3,"17,44,63"
493,13:53,9,9,평택,15,"16,27,31,40,43,46,51,53,56,65,68,79,85,89,98"
494,13:54,1,1,서울역,15,"1,19,42,45,48,50,54,55,60,62,64,72,88,90,95"
494,13:54,10,10,인천공항,5,"14,22,29,36,69"
494,13:54,2,2,수서,9,"6,10,34,37,49,58,74,77,94"
494,13:54,3,3,삼성,14,"4,18,21,28,35,57,67,70,80,84,87,92,96,99"
494,13:54,4,4,여의도,9,"2,59,66,71,82,83,86,93,97"
494,13:54,5,5,김포공항,17,"3,5,8,9,11,20,23,24,26,30,32,33,41,61,75,81,91"
494,13:54,7,7,판교,4,"17,44,63,73"
494,13:54,9,9,평택,15,"16,27,31,40,43,46,51,53,56,65,68,79,85,89,98"
495,13:55,1,1,서울역,15,"1,19,42,45,48,50,54,55,60,62,64,72,88,90,95"
495,13:55,10,10,인천공항,6,"14,22,29,36,47,69"
495,13:55,2,2,수서,10,"6,10,13,34,37,49,58,74,77,94"
495,13:55,3,3,삼성,14,"4,18,21,28,35,57,67,70,80,84,87,92,96,99"
495,13:55,4,4,여의도,9,"2,59,66,71,82,83,86,93,97"
495,13:55,5,5,김포공항,17,"3,5,8,9,11,20,23,24,26,30,32,33,41,61,75,81,91"
495,13:55,7,7,판교,4,"17,44,63,73"
495,13:55,9,9,평택,15,"16,27,31,40,43,46,51,53,56,65,68,79,85,89,98"
496,13:56,1,1,서울역,15,"1,19,42,45,48,50,54,55,60,62,64,72,88,90,95"
496,13:56,10,10,인천공항,6,"14,22,29,36,47,69"
496,13:56,2,2,수서,10,"6,10,13,34,37,49,58,74,77,94"
496,13:56,3,3,삼성,14,"4,18,21,28,35,57,67,70,80,84,87,92,96,99"
496,13:56,4,4,여의도,9,"2,59,66,71,82,83,86,93,97"
496,13:56,5,5,김포공항,17,"3,5,8,9,11,20,23,24,26,30,32,33,41,61,75,81,91"
496,13:56,7,7,판교,3,"17,44,73"
496,13:56,9,9,평택,15,"16,27,31,40,43,46,51,53,56,65,68,79,85,89,98"
497,13:57,1,1,서울역,16,"1,12,19,42,45,48,50,54,55,60,62,64,72,88,90,95"
497,13:57,10,10,인천공항,6,"14,22,29,36,47,69"
497,13:57,2,2,수서,10,"6,10,13,34,37,49,58,74,77,94"
497,13:57,3,3,삼성,15,"4,18,21,28,35,38,57,67,70,80,84,87,92,96,99"
497,13:57,4,4,여의도,9,"2,59,66,71,82,83,86,93,97"
497,13:57,5,5,김포공항,17,"3,5,8,9,11,20,23,24,26,30,32,33,41,61,75,81,91"
497,13:57,7,7,판교,3,"17,44,73"
497,13:57,9,9,평택,15,"16,27,31,40,43,46,51,53,56,65,68,79,85,89,98"
498,13:58,1,1,서울역,16,"1,12,19,42,45,48,50,54,55,60,62,64,72,88,90,95"
498,13:58,10,10,인천공항,5,"22,29,36,47,69"
498,13:58,2,2,수서,10,"6,10,13,34,37,49,58,74,77,94"
498,13:58,3,3,삼성,15,"4,18,21,28,35,38,57,67,70,80,84,87,92,96,99"
498,13:58,4,4,여의도,6,"2,66,71,83,86,97"
498,13:58,5,5,김포공항,17,"3,5,8,9,11,20,23,24,26,30,32,33,41,61,75,81,91"
498,13:58,7,7,판교,3,"17,44,73"
498,13:58,9,9,평택,15,"16,27,31,40,43,46,51,53,56,65,68,79,85,89,98"
499,13:59,1,1,서울역,16,"1,12,19,42,45,48,50,54,55,60,62,64,72,88,90,95"
499,13:59,10,10,인천공항,5,"22,29,36,47,69"
499,13:59,2,2,수서,11,"6,10,13,34,37,39,49,58,74,77,94"
499,13:59,3,3,삼성,15,"4,18,21,28,35,38,57,67,70,80,84,87,92,96,99"
499,13:59,4,4,여의도,6,"2,66,71,83,86,97"
499,13:59,5,5,김포공항,17,"3,5,8,9,11,20,23,24,26,30,32,33,41,61,75,81,91"
499,13:59,7,7,판교,4,"17,44,73,76"
499,13:59,9,9,평택,15,"16,27,31,40,43,46,51,53,56,65,68,79,85,89,98"
500,14:00,1,1,서울역,16,"1,12,19,42,45,48,50,54,55,60,62,64,72,88,90,95"
500,14:00,10,10,인천공항,5,"22,29,36,47,69"
500,14:00,2,2,수서,12,"6,10,13,34,37,39,49,52,58,74,77,94"
500,14:00,3,3,삼성,15,"4,18,21,28,35,38,57,67,70,80,84,87,92,96,99"
500,14:00,4,4,여의도,6,"2,66,71,83,86,97"
500,14:00,5,5,김포공항,17,"3,5,8,9,11,20,23,24,26,30,32,33,41,61,75,81,91"
500,14:00,6,6,일산,1,15
500,14:00,7,7,판교,5,"17,44,73,76,78"
500,14:00,9,9,평택,15,"16,27,31,40,43,46,51,53,56,65,68,79,85,89,98"
501,14:01,1,1,서울역,16,"1,12,19,42,45,48,50,54,55,60,62,64,72,88,90,95"
501,14:01,10,10,인천공항,4,"22,36,47,69"
501,14:01,2,2,수서,13,"0,6,10,13,34,37,39,49,52,58,74,77,94"
501,14:01,3,3,삼성,15,"4,18,21,28,35,38,57,67,70,80,84,87,92,96,99"
501,14:01,4,4,여의도,6,"2,66,71,83,86,97"
501,14:01,5,5,김포공항,17,"3,5,8,9,11,20,23,24,26,30,32,33,41,61,75,81,91"
501,14:01,6,6,일산,1,15
501,14:01,7,7,판교,5,"17,44,73,76,78"
501,14:01,9,9,평택,15,"16,27,31,40,43,46,51,53,56,65,68,79,85,89,98"
502,14:02,1,1,서울역,16,"1,12,19,42,45,48,50,54,55,60,62,64,72,88,90,95"
502,14:02,10,10,인천공항,4,"22,36,47,69"
502,14:02,2,2,수서,13,"0,6,10,13,34,37,39,49,52,58,74,77,94"
502,14:02,3,3,삼성,15,"4,18,21,28,35,38,57,67,70,80,84,87,92,96,99"
502,14:02,4,4,여의도,6,"2,66,71,83,86,97"
502,14:02,5,5,김포공항,17,"3,5,8,9,11,20,23,24,26,30,32,33,41,61,75,81,91"
502,14:02,6,6,일산,1,15
502,14:02,7,7,판교,5,"17,44,73,76,78"
502,14:02,9,9,평택,15,"16,27,31,40,43,46,51,53,56,65,68,79,85,89,98"
503,14:03,1,1,서울역,15,"1,12,19,42,45,48,50,54,55,60,62,64,88,90,95"
503,14:03,10,10,인천공항,4,"22,36,47,69"
503,14:03,2,2,수서,13,"0,6,10,13,34,37,39,49,52,58,74,77,94"
503,14:03,3,3,삼성,15,"4,18,21,28,35,38,57,67,70,80,84,87,92,96,99"
503,14:03,4,4,여의도,7,"2,63,66,71,83,86,97"
503,14:03,5,5,김포공항,17,"3,5,8,9,11,20,23,24,26,30,32,33,41,61,75,81,91"
503,14:03,6,6,일산,1,15
503,14:03,7,7,판교,5,"17,44,73,76,78"
503,14:03,9,9,평택,15,"16,27,31,40,43,46,51,53,56,65,68,79,85,89,98"
504,14:04,1,1,서울역,15,"1,12,19,42,45,48,50,54,55,60,62,64,88,90,95"
504,14:04,10,10,인천공항,4,"22,36,47,69"
504,14:04,2,2,수서,13,"0,10,13,34,37,39,49,52,58,59,74,77,94"
504,14:04,3,3,삼성,15,"4,18,21,28,35,38,57,67,70,80,84,87,92,96,99"
504,14:04,4,4,여의도,7,"2,63,66,71,83,86,97"
504,14:04,5,5,김포공항,17,"3,5,8,9,11,20,23,24,26,30,32,33,41,61,75,81,91"
504,14:04,6,6,일산,1,15
504,14:04,7,7,판교,3,"73,76,78"
504,14:04,9,9,평택,15,"16,27,31,40,43,46,51,53,56,65,68,79,85,89,98"
505,14:05,1,1,서울역,15,"1,12,19,42,45,48,50,54,55,60,62,64,88,90,95"
505,14:05,10,10,인천공항,4,"22,36,47,69"
505,14:05,2,2,수서,13,"0,10,13,34,37,39,49,52,58,59,74,77,94"
505,14:05,3,3,삼성,15,"4,18,21,28,35,38,57,67,70,80,84,87,92,96,99"
505,14:05,4,4,여의도,7,"2,63,66,71,83,86,97"
505,14:05,5,5,김포공항,17,"3,5,8,9,11,20,23,24,26,30,32,33,41,61,75,81,91"
505,14:05,6,6,일산,1,15
505,14:05,7,7,판교,5,"7,73,76,78,82"
505,14:05,9,9,평택,15,"16,27,31,40,43,46,51,53,56,65,68,79,85,89,98"
506,14:06,1,1,서울역,15,"1,12,19,42,45,48,50,54,55,60,62,64,88,90,95"
506,14:06,10,10,인천공항,3,"36,47,69"
506,14:06,2,2,수서,11,"0,10,37,39,49,52,58,59,74,77,94"
506,14:06,3,3,삼성,15,"4,18,21,28,35,38,57,67,70,80,84,87,92,96,99"
506,14:06,4,4,여의도,7,"2,25,63,71,83,86,97"
506,14:06,5,5,김포공항,17,"3,5,8,9,11,20,23,24,26,30,32,33,41,61,75,81,91"
506,14:06,6,6,일산,1,15
506,14:06,7,7,판교,5,"7,73,76,78,82"
506,14:06,9,9,평택,15,"16,27,31,40,43,46,51,53,56,65,68,79,85,89,98"
507,14:07,1,1,서울역,15,"1,12,19,42,45,48,50,54,55,60,62,64,88,90,95"
507,14:07,10,10,인천공항,3,"36,47,69"
507,14:07,2,2,수서,10,"10,37,39,49,52,58,59,74,77,94"
507,14:07,3,3,삼성,14,"4,18,21,35,38,57,67,70,80,84,87,92,96,99"
507,14:07,4,4,여의도,7,"2,25,63,71,83,86,97"
507,14:07,5,5,김포공항,17,"3,5,8,9,11,20,23,24,26,30,32,33,41,61,75,81,91"
507,14:07,6,6,일산,1,15
507,14:07,7,7,판교,5,"7,73,76,78,82"
507,14:07,9,9,평택,15,"16,27,31,40,43,46,51,53,56,65,68,79,85,89,98"
508,14:08,1,1,서울역,14,"1,19,42,45,48,50,54,55,60,62,64,88,90,95"
508,14:08,10,10,인천공항,3,"36,47,69"
508,14:08,2,2,수서,9,"10,37,49,52,58,59,74,77,94"
508,14:08,3,3,삼성,14,"4,18,21,35,38,57,67,70,80,84,87,92,96,99"
508,14:08,4,4,여의도,6,"2,25,63,71,86,97"
508,14:08,5,5,김포공항,16,"5,8,9,11,20,23,24,26,30,32,33,41,61,75,81,91"
508,14:08,6,6,일산,1,15
508,14:08,7,7,판교,5,"7,73,76,78,82"
508,14:08,9,9,평택,15,"16,27,31,40,43,46,51,53,56,65,68,79,85,89,98"
509,14:09,1,1,서울역,14,"1,19,42,45,48,50,54,55,60,62,64,88,90,95"
509,14:09,10,10,인천공항,3,"36,47,69"
509,14:09,2,2,수서,9,"10,37,49,52,58,59,74,77,94"
509,14:09,3,3,삼성,13,"4,18,21,35,38,57,67,80,84,87,92,96,99"
509,14:09,4,4,여의도,5,"2,25,71,86,97"
509,14:09,5,5,김포공항,16,"5,8,9,11,20,23,24,26,30,32,33,41,61,75,81,91"
509,14:09,6,6,일산,1,15
509,14:09,7,7,판교,5,"7,73,76,78,82"
509,14:09,9,9,평택,15,"16,27,31,40,43,46,51,53,56,65,68,79,85,89,98"
510,14:10,1,1,서울역,14,"1,19,42,45,48,50,54,55,60,62,64,88,90,95"
510,14:10,10,10,인천공항,3,"36,47,69"
510,14:10,2,2,수서,9,"10,37,49,52,58,59,74,77,94"
510,14:10,3,3,삼성,13,"4,18,21,35,38,57,67,80,84,87,92,96,99"
510,14:10,4,4,여의도,6,"2,14,25,71,86,97"
510,14:10,5,5,김포공항,16,"5,8,9,11,20,23,24,26,30,32,33,41,61,75,81,91"
510,14:10,6,6,일산,1,15
510,14:10,7,7,판교,5,"7,73,76,78,82"
510,14:10,9,9,평택,15,"16,27,31,40,43,46,51,53,56,65,68,79,85,89,98"
511,14:11,1,1,서울역,14,"1,19,42,45,48,50,54,55,60,62,64,88,90,95"
511,14:11,10,10,인천공항,3,"36,47,69"
511,14:11,2,2,수서,9,"10,37,49,52,58,59,74,77,94"
511,14:11,3,3,삼성,12,"4,18,21,38,57,67,80,84,87,92,96,99"
511,14:11,4,4,여의도,8,"2,14,17,25,44,71,86,97"
511,14:11,5,5,김포공항,16,"5,8,9,11,20,23,24,26,30,32,33,41,61,75,81,91"
511,14:11,6,6,일산,1,15
511,14:11,7,7,판교,5,"7,73,76,78,82"
511,14:11,9,9,평택,15,"16,27,31,40,43,46,51,53,56,65,68,79,85,89,98"
512,14:12,1,1,서울역,14,"1,19,42,45,48,50,54,55,60,62,64,88,90,95"
512,14:12,10,10,인천공항,3,"36,47,69"
512,14:12,2,2,수서,10,"10,37,49,52,58,59,66,74,77,94"
512,14:12,3,3,삼성,12,"4,18,21,38,57,67,80,84,87,92,96,99"
512,14:12,4,4,여의도,9,"2,13,14,17,25,44,71,86,97"
512,14:12,5,5,김포공항,17,"5,6,8,9,11,20,23,24,26,30,32,33,41,61,75,81,91"
512,14:12,6,6,일산,1,15
512,14:12,7,7,판교,5,"7,73,76,78,82"
512,14:12,9,9,평택,15,"16,27,31,40,43,46,51,53,56,65,68,79,85,89,98"
513,14:13,1,1,서울역,15,"1,19,34,42,45,48,50,54,55,60,62,64,88,90,95"
513,14:13,10,10,인천공항,3,"36,47,69"
513,14:13,2,2,수서,10,"10,37,49,52,58,59,66,74,77,94"
513,14:13,3,3,삼성,11,"18,21,38,57,67,80,84,87,92,96,99"
513,14:13,4,4,여의도,9,"2,13,14,17,25,44,71,86,97"
513,14:13,5,5,김포공항,17,"5,6,8,9,11,20,23,24,26,30,32,33,41,61,75,81,91"
513,14:13,6,6,일산,1,15
513,14:13,7,7,판교,5,"7,73,76,78,82"
513,14:13,9,9,평택,16,"16,27,31,40,43,46,51,53,56,65,68,79,85,89,93,98"
514,14:14,1,1,서울역,13,"1,19,34,42,45,50,54,55,60,62,88,90,95"
514,14:14,10,10,인천공항,3,"36,47,69"
514,14:14,2,2,수서,10,"10,37,49,52,58,59,66,74,77,94"
514,14:14,3,3,삼성,9,"18,21,67,80,84,87,92,96,99"
514,14:14,4,4,여의도,8,"2,13,14,17,25,44,86,97"
514,14:14,5,5,김포공항,17,"5,6,8,9,11,20,23,24,26,30,32,33,41,61,75,81,91"
514,14:14,6,6,일산,1,15
514,14:14,7,7,판교,5,"7,73,76,78,82"
514,14:14,9,9,평택,16,"16,27,31,40,43,46,51,53,56,65,68,79,85,89,93,98"
515,14:15,1,1,서울역,13,"1,19,34,42,45,50,54,55,60,62,88,90,95"
515,14:15,10,10,인천공항,3,"36,47,69"
515,14:15,2,2,수서,9,"37,49,52,58,59,66,74,77,94"
515,14:15,3,3,삼성,9,"18,21,67,80,84,87,92,96,99"
515,14:15,4,4,여의도,8,"2,13,14,17,25,44,86,97"
515,14:15,5,5,김포공항,18,"0,5,6,8,9,11,20,23,24,26,30,32,33,41,61,75,81,91"
515,14:15,6,6,일산,1,15
515,14:15,7,7,판교,7,"7,12,73,76,78,82,83"
515,14:15,9,9,평택,16,"16,27,31,40,43,46,51,53,56,65,68,79,85,89,93,98"
516,14:16,1,1,서울역,12,"19,34,42,45,50,54,55,60,62,88,90,95"
516,14:16,10,10,인천공항,4,"36,47,69,72"
516,14:16,2,2,수서,10,"3,37,49,52,58,59,66,74,77,94"
516,14:16,3,3,삼성,9,"18,29,67,80,84,87,92,96,99"
516,14:16,4,4,여의도,8,"2,13,14,17,25,44,86,97"
516,14:16,5,5,김포공항,19,"0,5,6,8,9,11,20,23,24,26,30,32,33,39,41,61,75,81,91"
516,14:16,6,6,일산,1,15
516,14:16,7,7,판교,8,"7,12,63,73,76,78,82,83"
516,14:16,9,9,평택,16,"16,27,31,40,43,46,51,53,56,65,68,79,85,89,93,98"
517,14:17,1,1,서울역,13,"19,34,35,42,45,50,54,55,60,62,88,90,95"
517,14:17,10,10,인천공항,4,"36,47,69,72"
517,14:17,2,2,수서,10,"3,37,49,52,58,59,66,74,77,94"
517,14:17,3,3,삼성,8,"18,29,67,80,84,87,96,99"
517,14:17,4,4,여의도,8,"2,13,14,17,25,44,86,97"
517,14:17,5,5,김포공항,20,"0,5,6,8,9,11,20,23,24,26,30,32,33,39,41,61,70,75,81,91"
517,14:17,6,6,일산,1,15
517,14:17,7,7,판교,8,"7,12,63,73,76,78,82,83"
517,14:17,9,9,평택,15,"16,27,40,43,46,51,53,56,65,68,79,85,89,93,98"
518,14:18,1,1,서울역,13,"19,34,35,42,45,50,54,55,60,62,88,90,95"
518,14:18,10,10,인천공항,4,"36,47,69,72"
518,14:18,2,2,수서,10,"3,37,49,52,58,59,66,74,77,94"
518,14:18,3,3,삼성,8,"18,29,67,80,84,87,96,99"
518,14:18,4,4,여의도,9,"2,13,14,17,22,25,44,86,97"
518,14:18,5,5,김포공항,20,"0,5,6,8,9,11,20,23,24,26,30,32,33,39,41,61,70,75,81,91"
518,14:18,6,6,일산,1,15
518,14:18,7,7,판교,8,"7,12,63,73,76,78,82,83"
518,14:18,9,9,평택,15,"16,27,40,43,46,51,53,56,65,68,79,85,89,93,98"
519,14:19,1,1,서울역,11,"34,35,45,50,54,55,60,62,88,90,95"
519,14:19,10,10,인천공항,4,"36,47,69,72"
519,14:19,2,2,수서,10,"3,37,49,52,58,59,66,74,77,94"
519,14:19,3,3,삼성,8,"18,29,67,80,84,87,96,99"
519,14:19,4,4,여의도,9,"2,13,14,17,22,25,44,86,97"
519,14:19,5,5,김포공항,20,"0,5,6,8,9,11,20,23,24,26,30,32,33,39,41,61,70,75,81,91"
519,14:19,6,6,일산,1,15
519,14:19,7,7,판교,7,"12,63,73,76,78,82,83"
519,14:19,9,9,평택,15,"16,27,40,43,46,51,53,56,65,68,79,85,89,93,98"
520,14:20,1,1,서울역,11,"34,35,45,50,54,55,60,62,88,90,95"
520,14:20,10,10,인천공항,4,"36,47,69,72"
520,14:20,2,2,수서,10,"3,37,52,58,59,66,71,74,77,94"
520,14:20,3,3,삼성,9,"18,29,48,67,80,84,87,96,99"
520,14:20,4,4,여의도,10,"2,4,13,14,17,22,25,44,86,97"
520,14:20,5,5,김포공항,19,"5,6,8,9,11,20,23,24,26,30,32,33,39,41,61,70,75,81,91"
520,14:20,6,6,일산,1,15
520,14:20,7,7,판교,5,"12,63,76,78,83"
520,14:20,9,9,평택,15,"16,27,40,43,46,51,53,56,65,68,79,85,89,93,98"
521,14:21,1,1,서울역,9,"34,35,45,54,55,60,88,90,95"
521,14:21,10,10,인천공항,4,"36,47,69,72"
521,14:21,2,2,수서,10,"3,37,52,58,59,66,71,74,77,94"
521,14:21,3,3,삼성,9,"18,29,48,67,80,84,87,96,99"
521,14:21,4,4,여의도,11,"2,4,13,14,22,25,38,44,57,86,97"
521,14:21,5,5,김포공항,19,"5,6,8,9,11,20,23,24,26,30,32,33,39,41,61,70,75,81,91"
521,14:21,6,6,일산,1,15
521,14:21,7,7,판교,5,"12,63,76,78,83"
521,14:21,9,9,평택,15,"16,27,40,43,46,51,53,56,65,68,79,85,89,93,98"
522,14:22,1,1,서울역,9,"34,35,45,54,55,60,88,90,95"
522,14:22,10,10,인천공항,4,"36,47,69,72"
522,14:22,2,2,수서,10,"3,37,52,58,59,66,71,74,77,94"
522,14:22,3,3,삼성,9,"18,29,48,67,80,84,87,96,99"
522,14:22,4,4,여의도,11,"2,4,13,14,22,25,38,44,57,86,97"
522,14:22,5,5,김포공항,19,"5,6,8,9,11,20,23,24,26,30,32,33,39,41,61,70,75,81,91"
522,14:22,6,6,일산,1,15
522,14:22,7,7,판교,5,"12,63,76,78,83"
522,14:22,9,9,평택,16,"16,27,28,40,43,46,51,53,56,65,68,79,85,89,93,98"
523,14:23,1,1,서울역,8,"34,35,45,54,55,60,88,95"
523,14:23,10,10,인천공항,4,"36,47,69,72"
523,14:23,2,2,수서,8,"3,37,58,59,66,71,74,77"
523,14:23,3,3,삼성,6,"18,29,48,84,87,99"
523,14:23,4,4,여의도,9,"2,4,14,22,38,44,57,86,97"
523,14:23,5,5,김포공항,20,"5,6,8,9,10,11,20,23,24,26,30,32,33,39,41,61,70,75,81,91"
523,14:23,6,6,일산,1,15
523,14:23,7,7,판교,6,"1,12,63,76,78,83"
523,14:23,9,9,평택,16,"16,27,28,40,43,46,51,53,56,65,68,79,85,89,93,98"
524,14:24,1,1,서울역,8,"34,35,45,54,55,60,88,95"
524,14:24,10,10,인천공항,4,"36,47,69,72"
524,14:24,2,2,수서,8,"3,37,58,59,66,71,74,77"
524,14:24,3,3,삼성,6,"18,29,48,84,87,99"
524,14:24,4,4,여의도,9,"2,4,14,22,38,44,57,86,97"
524,14:24,5,5,김포공항,21,"5,6,8,9,10,11,20,21,23,24,26,30,32,33,39,41,61,70,75,81,91"
524,14:24,6,6,일산,1,15
524,14:24,7,7,판교,5,"1,12,63,76,78"
524,14:24,9,9,평택,16,"16,27,28,40,43,46,51,53,56,65,68,79,85,89,93,98"
525,14:25,1,1,서울역,8,"34,35,45,54,55,60,88,95"
525,14:25,10,10,인천공항,4,"36,47,69,72"
525,14:25,2,2,수서,8,"3,37,58,59,66,71,74,77"
525,14:25,3,3,삼성,5,"18,48,84,87,99"
525,14:25,4,4,여의도,9,"2,4,14,22,38,44,57,86,97"
525,14:25,5,5,김포공항,21,"5,6,8,9,10,11,20,21,23,24,26,30,32,33,39,41,61,70,75,81,91"
525,14:25,6,6,일산,1,15
525,14:25,7,7,판교,5,"1,12,63,76,78"
525,14:25,9,9,평택,16,"16,27,28,40,43,46,51,53,56,65,68,79,85,89,93,98"
526,14:26,1,1,서울역,7,"34,35,54,55,60,88,95"
526,14:26,10,10,인천공항,4,"36,47,69,72"
526,14:26,2,2,수서,9,"3,19,37,58,59,66,71,74,77"
526,14:26,3,3,삼성,5,"18,84,87,94,99"
526,14:26,4,4,여의도,9,"4,7,14,22,38,44,57,86,97"
526,14:26,5,5,김포공항,21,"5,6,8,9,10,11,20,21,23,24,26,30,32,33,39,41,61,70,75,81,91"
526,14:26,7,7,판교,6,"1,12,42,63,76,78"
526,14:26,9,9,평택,16,"16,27,28,40,43,46,51,53,56,65,68,79,85,89,93,98"
527,14:27,1,1,서울역,8,"34,35,54,55,60,73,88,95"
527,14:27,10,10,인천공항,4,"36,47,69,72"
527,14:27,2,2,수서,9,"3,19,37,58,59,66,71,74,77"
527,14:27,3,3,삼성,5,"18,84,87,94,99"
527,14:27,4,4,여의도,9,"4,7,14,22,38,44,82,86,97"
527,14:27,5,5,김포공항,21,"5,6,8,9,10,11,20,21,23,24,26,30,32,33,39,41,61,70,75,81,91"
527,14:27,6,6,일산,1,0
527,14:27,7,7,판교,5,"1,42,63,76,78"
527,14:27,9,9,평택,16,"16,27,28,40,43,46,51,53,56,65,68,79,85,89,93,98"
528,14:28,1,1,서울역,7,"34,35,55,60,73,88,95"
528,14:28,10,10,인천공항,4,"36,47,69,72"
528,14:28,2,2,수서,10,"3,19,37,50,58,59,66,71,74,77"
528,14:28,3,3,삼성,5,"18,84,87,94,99"
528,14:28,4,4,여의도,8,"4,7,14,22,38,44,82,97"
528,14:28,5,5,김포공항,22,"5,6,8,9,10,11,20,21,23,24,26,30,32,33,39,41,49,61,70,75,81,91"
528,14:28,6,6,일산,2,"0,62"
528,14:28,7,7,판교,4,"1,42,76,78"
528,14:28,9,9,평택,16,"16,27,28,40,43,46,51,53,56,65,68,79,85,89,93,98"
529,14:29,1,1,서울역,7,"34,35,55,60,73,88,95"
529,14:29,10,10,인천공항,4,"36,47,69,72"
529,14:29,2,2,수서,9,"3,19,37,50,58,59,71,74,77"
529,14:29,3,3,삼성,4,"84,87,94,99"
529,14:29,4,4,여의도,7,"4,7,22,38,44,82,97"
529,14:29,5,5,김포공항,22,"5,6,8,9,10,11,20,21,23,24,26,30,32,33,39,41,49,61,70,75,81,91"
529,14:29,6,6,일산,2,"0,62"
529,14:29,7,7,판교,4,"1,42,76,78"
529,14:29,9,9,평택,16,"16,27,28,40,43,46,51,53,56,65,68,79,85,89,93,98"
530,14:30,1,1,서울역,8,"34,35,52,55,60,73,88,95"
530,14:30,10,10,인천공항,4,"36,47,69,72"
530,14:30,2,2,수서,9,"3,19,37,50,58,59,71,74,77"
530,14:30,3,3,삼성,4,"84,87,94,99"
530,14:30,4,4,여의도,8,"4,7,22,38,44,67,82,97"
530,14:30,5,5,김포공항,22,"5,6,8,9,10,11,20,21,23,24,26,30,32,33,39,41,49,61,70,75,81,91"
530,14:30,6,6,일산,1,62
530,14:30,7,7,판교,6,"1,13,25,42,76,78"
530,14:30,9,9,평택,17,"16,27,28,40,43,46,51,53,56,64,65,68,79,85,89,93,98"
531,14:31,1,1,서울역,8,"34,35,52,55,60,73,88,95"
531,14:31,10,10,인천공항,4,"36,47,69,72"
531,14:31,2,2,수서,9,"3,19,37,50,58,59,71,74,77"
531,14:31,3,3,삼성,5,"83,84,87,94,99"
531,14:31,4,4,여의도,8,"4,7,22,38,44,67,82,97"
531,14:31,5,5,김포공항,24,"5,6,8,9,10,11,20,21,23,24,26,30,32,33,39,41,49,61,70,75,80,81,91,96"
531,14:31,6,6,일산,1,62
531,14:31,7,7,판교,6,"1,13,25,42,76,78"
531,14:31,9,9,평택,17,"16,27,28,40,43,46,51,53,56,64,65,68,79,85,89,93,98"
532,14:32,1,1,서울역,7,"34,35,52,60,73,88,95"
532,14:32,10,10,인천공항,3,"47,69,72"
532,14:32,2,2,수서,10,"2,3,19,37,50,58,59,71,74,77"
532,14:32,3,3,삼성,4,"83,84,87,99"
532,14:32,4,4,여의도,7,"4,7,29,44,67,82,97"
532,14:32,5,5,김포공항,24,"5,6,8,9,10,11,20,21,23,24,26,30,32,33,39,41,49,61,70,75,80,81,91,96"
532,14:32,6,6,일산,1,62
532,14:32,7,7,판교,6,"1,13,25,42,76,78"
532,14:32,9,9,평택,18,"16,27,28,40,43,46,51,53,56,64,65,68,79,85,89,92,93,98"
533,14:33,1,1,서울역,7,"31,35,52,60,73,88,95"
533,14:33,10,10,인천공항,3,"47,69,72"
533,14:33,2,2,수서,10,"2,3,19,37,45,50,58,71,74,77"
533,14:33,3,3,삼성,4,"83,84,87,99"
533,14:33,4,4,여의도,8,"4,7,29,44,48,67,82,97"
533,14:33,5,5,김포공항,24,"5,6,8,9,10,11,20,21,23,24,26,30,32,33,39,41,49,61,70,75,80,81,91,96"
533,14:33,6,6,일산,1,62
533,14:33,7,7,판교,6,"1,13,25,42,76,78"
533,14:33,9,9,평택,18,"16,27,28,40,43,46,51,53,56,64,65,68,79,85,89,92,93,98"
534,14:34,1,1,서울역,8,"12,31,35,52,60,73,88,95"
534,14:34,10,10,인천공항,3,"47,69,72"
534,14:34,2,2,수서,11,"2,3,19,37,45,50,58,71,74,77,86"
534,14:34,3,3,삼성,4,"83,84,87,99"
534,14:34,4,4,여의도,8,"4,7,29,44,48,67,82,97"
534,14:34,5,5,김포공항,24,"5,6,8,9,10,11,20,21,23,24,26,30,32,33,39,41,49,61,70,75,80,81,91,96"
534,14:34,6,6,일산,1,62
534,14:34,7,7,판교,7,"1,13,25,42,57,76,78"
534,14:34,9,9,평택,18,"16,27,28,40,43,46,51,53,56,64,65,68,79,85,89,92,93,98"
535,14:35,1,1,서울역,9,"12,31,35,52,60,63,73,88,95"
535,14:35,10,10,인천공항,2,"69,72"
535,14:35,2,2,수서,9,"3,19,37,45,50,58,74,77,86"
535,14:35,3,3,삼성,4,"83,84,87,99"
535,14:35,4,4,여의도,8,"4,7,29,44,48,67,82,97"
535,14:35,5,5,김포공항,24,"5,6,8,9,10,11,20,21,23,24,26,30,32,33,39,41,49,61,70,75,80,81,91,96"
535,14:35,6,6,일산,1,62
535,14:35,7,7,판교,7,"1,13,25,54,57,76,78"
535,14:35,9,9,평택,18,"16,27,28,40,43,46,51,53,56,64,65,68,79,85,89,92,93,98"
536,14:36,1,1,서울역,9,"12,31,35,52,60,63,73,88,95"
536,14:36,10,10,인천공항,3,"69,72,90"
536,14:36,2,2,수서,8,"3,19,37,45,50,74,77,86"
536,14:36,3,3,삼성,4,"83,84,87,99"
536,14:36,4,4,여의도,8,"4,7,18,29,48,67,82,97"
536,14:36,5,5,김포공항,24,"5,6,8,9,10,11,20,21,23,24,26,30,32,33,39,41,49,61,70,75,80,81,91,96"
536,14:36,6,6,일산,1,62
536,14:36,7,7,판교,7,"1,14,25,54,57,76,78"
536,14:36,9,9,평택,19,"16,17,27,28,40,43,46,51,53,56,64,65,68,79,85,89,92,93,98"
537,14:37,1,1,서울역,9,"12,31,35,52,60,63,73,88,95"
537,14:37,10,10,인천공항,3,"69,72,90"
537,14:37,2,2,수서,8,"3,19,37,45,50,74,77,86"
537,14:37,3,3,삼성,4,"83,84,87,99"
537,14:37,4,4,여의도,7,"4,7,18,29,48,82,97"
537,14:37,5,5,김포공항,25,"5,6,8,9,10,11,20,21,23,24,26,30,32,33,39,41,49,61,66,70,75,80,81,91,96"
537,14:37,6,6,일산,1,62
537,14:37,7,7,판교,6,"14,25,54,57,76,78"
537,14:37,9,9,평택,18,"16,17,28,40,43,46,51,53,56,64,65,68,79,85,89,92,93,98"
538,14:38,1,1,서울역,7,"12,31,35,52,60,63,73"
538,14:38,10,10,인천공항,3,"69,72,90"
538,14:38,2,2,수서,9,"3,19,37,38,45,50,74,77,86"
538,14:38,3,3,삼성,5,"2,83,84,87,99"
538,14:38,4,4,여의도,7,"4,7,18,29,48,82,97"
538,14:38,5,5,김포공항,25,"5,6,8,9,10,11,20,21,23,24,26,30,32,33,39,41,49,61,66,70,75,80,81,91,96"
538,14:38,6,6,일산,1,62
538,14:38,7,7,판교,7,"14,15,25,54,57,76,78"
538,14:38,9,9,평택,18,"16,17,28,40,43,46,51,53,56,64,65,68,79,85,89,92,93,98"
539,14:39,1,1,서울역,7,"12,31,35,52,60,63,73"
539,14:39,10,10,인천공항,3,"69,72,90"
539,14:39,2,2,수서,9,"3,19,37,38,45,50,74,77,86"
539,14:39,3,3,삼성,4,"2,84,87,99"
539,14:39,4,4,여의도,6,"4,7,18,29,82,97"
539,14:39,5,5,김포공항,25,"5,6,8,9,10,11,20,21,23,24,26,30,32,33,39,41,49,61,66,70,75,80,81,91,96"
539,14:39,6,6,일산,1,62
539,14:39,7,7,판교,8,"14,15,25,54,55,57,76,78"
539,14:39,9,9,평택,18,"16,17,28,40,43,46,51,53,56,64,65,68,79,85,89,92,93,98"
540,14:40,1,1,서울역,7,"12,31,35,52,60,63,73"
540,14:40,10,10,인천공항,3,"69,72,90"
540,14:40,2,2,수서,7,"3,19,37,38,45,77,86"
540,14:40,3,3,삼성,4,"2,84,87,99"
540,14:40,4,4,여의도,6,"4,7,18,29,82,97"
540,14:40,5,5,김포공항,26,"5,6,8,9,10,11,20,21,23,24,26,30,32,33,39,41,49,61,66,70,75,80,81,91,94,96"
540,14:40,7,7,판교,6,"14,15,25,54,55,78"
540,14:40,9,9,평택,18,"16,17,28,40,43,46,51,53,56,64,65,68,79,85,89,92,93,98"
541,14:41,1,1,서울역,7,"12,31,35,52,60,63,73"
541,14:41,10,10,인천공항,3,"69,72,90"
541,14:41,2,2,수서,6,"3,19,37,45,77,86"
541,14:41,3,3,삼성,3,"2,84,87"
541,14:41,4,4,여의도,6,"4,7,18,29,82,97"
541,14:41,5,5,김포공항,27,"5,6,8,9,10,11,20,21,23,24,26,30,32,33,39,41,49,59,61,66,70,75,80,81,91,94,96"
541,14:41,7,7,판교,6,"14,15,25,54,55,78"
541,14:41,9,9,평택,18,"16,17,28,40,43,46,51,53,56,64,65,68,79,85,89,92,93,98"
542,14:42,1,1,서울역,7,"12,31,35,52,60,63,73"
542,14:42,10,10,인천공항,3,"69,72,90"
542,14:42,2,2,수서,7,"3,19,37,44,45,77,86"
542,14:42,3,3,삼성,3,"2,84,87"
542,14:42,4,4,여의도,7,"4,7,18,29,42,82,97"
542,14:42,5,5,김포공항,27,"5,6,8,9,10,11,20,21,23,24,26,30,32,33,36,41,49,59,61,66,70,75,80,81,91,94,96"
542,14:42,7,7,판교,7,"0,14,15,25,54,55,78"
542,14:42,9,9,평택,17,"16,17,40,43,46,51,53,56,64,65,68,79,85,89,92,93,98"
543,14:43,1,1,서울역,8,"12,31,35,52,58,60,63,73"
543,14:43,10,10,인천공항,2,"72,90"
543,14:43,2,2,수서,8,"3,19,37,44,45,67,77,86"
543,14:43,3,3,삼성,4,"2,74,84,87"
543,14:43,4,4,여의도,7,"7,13,18,29,42,82,97"
543,14:43,5,5,김포공항,28,"5,6,8,9,10,11,20,21,23,24,26,30,32,33,36,41,49,59,61,66,70,71,75,80,81,91,94,96"
543,14:43,7,7,판교,7,"0,14,15,25,54,55,78"
543,14:43,9,9,평택,17,"16,17,40,43,46,51,53,56,64,65,68,79,85,89,92,93,98"
544,14:44,1,1,서울역,9,"1,12,31,35,52,58,60,63,73"
544,14:44,10,10,인천공항,2,"72,90"
544,14:44,2,2,수서,7,"3,19,37,44,45,67,77"
544,14:44,3,3,삼성,4,"38,74,84,87"
544,14:44,4,4,여의도,6,"7,13,18,42,82,97"
544,14:44,5,5,김포공항,28,"5,6,8,9,10,11,20,21,23,24,26,30,32,33,36,41,49,59,61,66,70,71,75,80,81,91,94,96"
544,14:44,7,7,판교,7,"0,14,15,25,54,55,78"
544,14:44,9,9,평택,17,"16,17,40,43,46,51,53,56,64,65,68,79,85,89,92,93,98"
545,14:45,1,1,서울역,8,"1,31,35,52,58,60,63,73"
545,14:45,10,10,인천공항,2,"72,90"
545,14:45,2,2,수서,7,"3,19,37,44,45,67,77"
545,14:45,3,3,삼성,4,"38,74,84,87"
545,14:45,4,4,여의도,4,"7,13,42,97"
545,14:45,5,5,김포공항,28,"5,6,8,9,10,11,20,21,23,24,26,30,32,33,36,41,49,59,61,66,70,71,75,80,81,91,94,96"
545,14:45,7,7,판교,9,"0,14,15,25,54,55,78,88,95"
545,14:45,9,9,평택,17,"16,17,40,43,46,51,53,56,64,65,68,79,85,89,92,93,98"
546,14:46,1,1,서울역,8,"1,31,35,52,58,60,63,73"
546,14:46,10,10,인천공항,2,"34,90"
546,14:46,2,2,수서,7,"3,19,37,44,45,67,77"
546,14:46,3,3,삼성,2,"38,84"
546,14:46,4,4,여의도,5,"7,13,42,50,97"
546,14:46,5,5,김포공항,28,"5,6,8,9,10,11,20,21,23,24,26,30,32,33,36,41,49,59,61,66,70,71,75,80,81,91,94,96"
546,14:46,7,7,판교,10,"0,14,15,25,48,54,55,78,88,95"
546,14:46,9,9,평택,17,"16,17,40,43,46,51,53,56,64,65,68,79,85,89,92,93,98"
547,14:47,1,1,서울역,8,"1,31,35,52,58,60,63,73"
547,14:47,10,10,인천공항,2,"34,90"
547,14:47,2,2,수서,7,"3,19,37,44,45,67,77"
547,14:47,3,3,삼성,3,"57,76,84"
547,14:47,4,4,여의도,5,"13,42,47,50,97"
547,14:47,5,5,김포공항,29,"5,6,8,9,10,11,20,21,23,24,26,30,32,33,36,41,49,59,61,66,70,71,75,80,81,83,91,94,96"
547,14:47,7,7,판교,10,"0,14,15,25,48,54,55,78,88,95"
547,14:47,9,9,평택,18,"16,17,22,40,43,46,51,53,56,64,65,68,79,85,89,92,93,98"
548,14:48,1,1,서울역,8,"1,31,35,52,58,60,63,73"
548,14:48,10,10,인천공항,2,"34,90"
548,14:48,2,2,수서,6,"3,19,44,45,67,77"
548,14:48,3,3,삼성,3,"57,76,84"
548,14:48,4,4,여의도,5,"13,47,50,97,99"
548,14:48,5,5,김포공항,29,"5,6,8,9,10,11,20,21,23,24,26,30,32,33,36,41,49,59,61,66,70,71,75,80,81,83,91,94,96"
548,14:48,7,7,판교,10,"0,14,15,25,48,54,55,78,88,95"
548,14:48,9,9,평택,18,"16,17,22,40,43,46,51,53,56,64,65,68,79,85,89,92,93,98"
549,14:49,1,1,서울역,7,"1,31,35,52,60,63,73"
549,14:49,10,10,인천공항,2,"34,90"
549,14:49,2,2,수서,6,"3,19,44,45,67,77"
549,14:49,3,3,삼성,3,"57,76,84"
549,14:49,4,4,여의도,5,"13,47,50,97,99"
549,14:49,5,5,김포공항,28,"5,6,8,9,11,20,21,23,24,26,30,32,33,36,41,49,59,61,66,70,71,75,80,81,83,91,94,96"
549,14:49,7,7,판교,10,"0,14,15,25,48,54,55,78,88,95"
549,14:49,9,9,평택,18,"16,17,22,40,43,46,51,53,56,64,65,68,79,85,89,92,93,98"
550,14:50,1,1,서울역,7,"1,31,35,52,60,63,73"
550,14:50,10,10,인천공항,2,"34,90"
550,14:50,2,2,수서,7,"3,19,29,44,45,67,77"
550,14:50,3,3,삼성,3,"39,76,84"
550,14:50,4,4,여의도,5,"13,47,50,97,99"
550,14:50,5,5,김포공항,28,"5,6,8,9,11,20,21,23,24,26,30,32,33,36,41,49,59,61,66,70,71,75,80,81,83,91,94,96"
550,14:50,7,7,판교,9,"0,4,14,48,54,55,78,88,95"
550,14:50,9,9,평택,18,"16,17,22,40,43,46,51,53,56,64,65,68,79,85,89,92,93,98"
551,14:51,1,1,서울역,6,"1,35,52,60,63,73"
551,14:51,10,10,인천공항,2,"34,90"
551,14:51,2,2,수서,6,"3,29,44,45,67,77"
551,14:51,3,3,삼성,4,"12,39,76,84"
551,14:51,4,4,여의도,5,"13,47,50,97,99"
551,14:51,5,5,김포공항,28,"5,6,8,9,11,20,21,23,24,26,30,32,33,36,41,49,59,61,66,70,71,75,80,81,83,91,94,96"
551,14:51,7,7,판교,9,"0,4,14,48,54,55,78,88,95"
551,14:51,9,9,평택,18,"16,17,22,40,43,46,51,53,56,64,65,68,79,85,89,92,93,98"
552,14:52,1,1,서울역,6,"1,35,52,63,73,74"
552,14:52,10,10,인천공항,2,"34,90"
552,14:52,2,2,수서,5,"29,44,45,67,77"
552,14:52,3,3,삼성,4,"12,39,76,84"
552,14:52,4,4,여의도,5,"13,47,50,97,99"
552,14:52,5,5,김포공항,29,"2,5,6,8,9,11,20,21,23,24,26,30,32,33,36,41,49,59,61,66,70,71,75,80,81,83,91,94,96"
552,14:52,7,7,판교,12,"0,4,14,18,48,54,55,62,78,82,88,95"
552,14:52,9,9,평택,18,"16,17,22,40,43,46,51,53,56,64,65,68,79,85,89,92,93,98"
553,14:53,1,1,서울역,6,"1,27,52,63,73,74"
553,14:53,10,10,인천공항,2,"34,90"
553,14:53,2,2,수서,4,"44,45,67,77"
553,14:53,3,3,삼성,2,"12,84"
553,14:53,4,4,여의도,5,"13,47,50,97,99"
553,14:53,5,5,김포공항,29,"2,5,6,8,9,11,20,21,23,24,26,30,32,33,36,41,49,59,61,66,70,71,75,80,81,83,91,94,96"
553,14:53,7,7,판교,12,"0,4,14,18,48,54,55,62,78,82,88,95"
553,14:53,9,9,평택,18,"16,17,22,40,43,46,51,53,56,64,65,68,79,85,89,92,93,98"
554,14:54,1,1,서울역,6,"1,27,52,63,73,74"
554,14:54,10,10,인천공항,2,"34,90"
554,14:54,2,2,수서,5,"42,44,45,67,77"
554,14:54,3,3,삼성,2,"12,84"
554,14:54,4,4,여의도,5,"13,47,50,97,99"
554,14:54,5,5,김포공항,30,"2,5,6,8,9,11,20,21,23,24,26,30,32,33,36,41,49,59,61,66,70,71,75,80,81,83,87,91,94,96"
554,14:54,7,7,판교,13,"0,4,7,14,18,48,54,55,62,78,82,88,95"
554,14:54,9,9,평택,18,"16,17,22,40,43,46,51,53,56,64,65,68,79,85,89,92,93,98"
555,14:55,1,1,서울역,6,"1,27,52,63,73,74"
555,14:55,10,10,인천공항,2,"34,90"
555,14:55,2,2,수서,5,"42,44,45,67,77"
555,14:55,3,3,삼성,2,"12,84"
555,14:55,4,4,여의도,6,"13,47,50,69,97,99"
555,14:55,5,5,김포공항,31,"2,5,6,8,9,11,20,21,23,24,26,30,32,33,36,38,41,49,59,61,66,70,71,75,80,81,83,87,91,94,96"
555,14:55,6,6,일산,1,86
555,14:55,7,7,판교,13,"0,4,7,14,18,48,54,55,62,78,82,88,95"
555,14:55,9,9,평택,18,"16,17,22,40,43,46,51,53,56,64,65,68,79,85,89,92,93,98"
556,14:56,1,1,서울역,6,"1,27,52,63,73,74"
556,14:56,10,10,인천공항,2,"34,90"
556,14:56,2,2,수서,5,"42,44,45,67,77"
556,14:56,3,3,삼성,3,"12,29,84"
556,14:56,4,4,여의도,5,"13,50,69,97,99"
556,14:56,5,5,김포공항,32,"2,5,6,8,9,11,20,21,23,24,26,30,32,33,36,37,38,41,49,59,61,66,70,71,75,80,81,83,87,91,94,96"
556,14:56,6,6,일산,1,86
556,14:56,7,7,판교,14,"0,4,7,14,18,48,54,55,58,62,78,82,88,95"
556,14:56,9,9,평택,18,"16,17,22,40,43,46,51,53,56,64,65,68,79,85,89,92,93,98"
557,14:57,1,1,서울역,6,"1,15,27,63,73,74"
557,14:57,10,10,인천공항,2,"34,90"
557,14:57,2,2,수서,5,"42,44,45,67,77"
557,14:57,3,3,삼성,4,"12,29,31,84"
557,14:57,4,4,여의도,7,"13,25,50,57,69,97,99"
557,14:57,5,5,김포공항,32,"2,5,6,8,9,11,20,21,23,24,26,30,32,33,36,37,38,41,49,59,61,66,70,71,75,80,81,83,87,91,94,96"
557,14:57,6,6,일산,1,86
557,14:57,7,7,판교,14,"0,4,7,14,18,48,54,55,58,62,78,82,88,95"
557,14:57,9,9,평택,18,"16,17,22,40,43,46,51,53,56,64,65,68,79,85,89,92,93,98"
558,14:58,1,1,서울역,7,"1,15,19,27,28,73,74"
558,14:58,10,10,인천공항,2,"34,90"
558,14:58,2,2,수서,4,"42,44,45,77"
558,14:58,3,3,삼성,4,"12,29,31,84"
558,14:58,4,4,여의도,7,"13,25,50,57,69,97,99"
558,14:58,5,5,김포공항,32,"2,5,6,8,9,11,20,21,23,24,26,30,32,33,36,37,38,41,49,59,61,66,70,71,75,80,81,83,87,91,94,96"
558,14:58,6,6,일산,1,86
558,14:58,7,7,판교,14,"0,4,7,14,18,48,54,55,58,62,78,82,88,95"
558,14:58,9,9,평택,18,"16,17,22,40,43,46,51,53,56,64,65,68,79,85,89,92,93,98"
559,14:59,1,1,서울역,7,"1,15,19,27,28,73,74"
559,14:59,10,10,인천공항,2,"34,90"
559,14:59,2,2,수서,4,"42,44,45,77"
559,14:59,3,3,삼성,3,"12,31,84"
559,14:59,4,4,여의도,7,"13,25,50,57,69,97,99"
559,14:59,5,5,김포공항,32,"2,5,6,8,9,11,20,21,23,24,26,30,32,33,36,37,38,41,49,59,61,66,70,71,75,80,81,83,87,91,94,96"
559,14:59,6,6,일산,1,86
559,14:59,7,7,판교,14,"0,4,7,18,48,54,55,58,60,62,78,82,88,95"
559,14:59,9,9,평택,18,"16,17,22,40,43,46,51,53,56,64,65,68,79,85,89,92,93,98"
560,15:00,1,1,서울역,7,"1,15,19,27,28,73,74"
560,15:00,10,10,인천공항,2,"34,90"
560,15:00,2,2,수서,4,"35,44,45,77"
560,15:00,3,3,삼성,3,"12,31,84"
560,15:00,4,4,여의도,7,"13,25,39,57,69,97,99"
560,15:00,5,5,김포공항,33,"2,3,5,6,8,9,11,20,21,23,24,26,30,32,33,36,37,38,41,49,59,61,66,70,71,75,80,81,83,87,91,94,96"
560,15:00,6,6,일산,1,86
560,15:00,7,7,판교,14,"0,4,7,18,48,54,55,58,60,62,78,82,88,95"
560,15:00,9,9,평택,18,"16,17,22,40,43,46,51,53,56,64,65,68,79,85,89,92,93,98"
561,15:01,1,1,서울역,7,"1,15,19,27,28,73,74"
561,15:01,10,10,인천공항,2,"34,90"
561,15:01,2,2,수서,4,"35,44,45,77"
561,15:01,3,3,삼성,3,"12,31,72"
561,15:01,4,4,여의도,7,"13,25,39,57,69,97,99"
561,15:01,5,5,김포공항,34,"2,3,5,6,8,9,11,20,21,23,24,26,30,32,33,36,37,38,41,49,59,61,66,70,71,75,76,80,81,83,87,91,94,96"
561,15:01,6,6,일산,1,86
561,15:01,7,7,판교,14,"0,4,7,18,48,54,55,58,60,62,78,82,88,95"
561,15:01,9,9,평택,17,"16,17,22,40,46,51,53,56,64,65,68,79,85,89,92,93,98"
562,15:02,1,1,서울역,6,"1,15,19,28,73,74"
562,15:02,10,10,인천공항,1,34
562,15:02,2,2,수서,5,"35,44,45,47,77"
562,15:02,3,3,삼성,3,"12,31,72"
562,15:02,4,4,여의도,5,"13,25,39,57,99"
562,15:02,5,5,김포공항,34,"2,3,5,6,8,9,11,20,21,23,24,26,30,32,33,36,37,38,41,49,59,61,66,70,71,75,76,80,81,83,87,91,94,96"
562,15:02,6,6,일산,1,86
562,15:02,7,7,판교,14,"0,4,7,18,48,54,55,58,60,62,78,82,88,95"
562,15:02,9,9,평택,17,"16,17,22,40,46,51,53,56,64,65,68,79,85,89,92,93,98"
563,15:03,1,1,서울역,6,"1,15,19,28,73,74"
563,15:03,10,10,인천공항,1,34
563,15:03,2,2,수서,4,"35,44,45,47"
563,15:03,3,3,삼성,3,"12,42,72"
563,15:03,4,4,여의도,5,"13,25,39,57,99"
563,15:03,5,5,김포공항,34,"2,3,5,6,8,9,11,20,21,23,24,26,30,32,33,36,37,38,41,49,59,61,66,70,71,75,76,80,81,83,87,91,94,96"
563,15:03,6,6,일산,1,86
563,15:03,7,7,판교,13,"0,4,7,48,54,55,58,60,62,78,82,88,95"
563,15:03,9,9,평택,17,"16,17,22,40,46,51,53,56,64,65,68,79,85,89,92,93,98"
564,15:04,1,1,서울역,6,"1,15,19,28,73,74"
564,15:04,10,10,인천공항,1,34
564,15:04,2,2,수서,5,"35,44,45,47,52"
564,15:04,3,3,삼성,3,"12,42,72"
564,15:04,4,4,여의도,5,"13,25,39,57,99"
564,15:04,5,5,김포공항,34,"2,3,5,6,8,9,11,20,21,23,24,26,30,32,33,36,37,38,41,49,59,61,66,70,71,75,76,80,81,83,87,91,94,96"
564,15:04,6,6,일산,1,86
564,15:04,7,7,판교,12,"0,4,48,54,55,58,60,62,78,82,88,95"
564,15:04,9,9,평택,17,"16,17,22,40,46,51,53,56,64,65,68,79,85,89,92,93,98"
565,15:05,1,1,서울역,4,"15,28,73,74"
565,15:05,10,10,인천공항,1,34
565,15:05,2,2,수서,4,"35,44,47,52"
565,15:05,3,3,삼성,3,"12,42,72"
565,15:05,4,4,여의도,5,"13,25,39,57,99"
565,15:05,5,5,김포공항,34,"2,3,5,6,8,9,11,20,21,23,24,26,30,32,33,36,37,38,41,49,59,61,66,70,71,75,76,80,81,83,87,91,94,96"
565,15:05,7,7,판교,12,"4,48,54,55,58,60,62,63,78,82,88,95"
565,15:05,9,9,평택,17,"16,17,22,40,46,51,53,56,64,65,68,79,85,89,92,93,98"
566,15:06,1,1,서울역,4,"15,28,73,74"
566,15:06,10,10,인천공항,1,34
566,15:06,2,2,수서,5,"35,44,47,50,52"
566,15:06,3,3,삼성,2,"12,72"
566,15:06,4,4,여의도,6,"13,14,25,29,39,99"
566,15:06,5,5,김포공항,35,"2,3,5,6,8,9,11,20,21,23,24,26,30,32,33,36,37,38,41,49,59,61,66,67,70,71,75,76,80,81,83,87,91,94,96"
566,15:06,7,7,판교,12,"4,48,54,55,58,60,62,63,78,82,88,95"
566,15:06,9,9,평택,18,"10,16,17,22,40,46,51,53,56,64,65,68,79,85,89,92,93,98"
567,15:07,1,1,서울역,4,"15,28,73,74"
567,15:07,10,10,인천공항,1,34
567,15:07,2,2,수서,5,"35,44,47,50,52"
567,15:07,3,3,삼성,1,72
567,15:07,4,4,여의도,5,"13,14,25,29,39"
567,15:07,5,5,김포공항,35,"2,3,5,6,8,9,11,20,21,23,24,26,30,32,33,36,37,38,41,49,59,61,66,67,70,71,75,76,80,81,83,87,91,94,96"
567,15:07,7,7,판교,12,"4,48,54,55,58,60,62,63,78,82,88,95"
567,15:07,9,9,평택,17,"10,16,22,40,46,51,53,56,64,65,68,79,85,89,92,93,98"
568,15:08,1,1,서울역,4,"15,28,73,74"
568,15:08,10,10,인천공항,1,34
568,15:08,2,2,수서,6,"35,44,47,50,52,97"
568,15:08,3,3,삼성,1,72
568,15:08,4,4,여의도,4,"13,14,25,29"
568,15:08,5,5,김포공항,35,"2,3,5,6,8,9,11,20,21,23,24,26,30,32,33,36,37,38,41,49,59,61,66,67,70,71,75,76,80,81,83,87,91,94,96"
568,15:08,7,7,판교,12,"4,48,54,55,58,60,62,63,78,82,88,95"
568,15:08,9,9,평택,17,"10,16,22,40,46,51,53,56,64,65,68,79,85,89,92,93,98"
569,15:09,1,1,서울역,3,"15,28,74"
569,15:09,10,10,인천공항,1,34
569,15:09,2,2,수서,6,"27,44,47,50,52,97"
569,15:09,3,3,삼성,1,72
569,15:09,4,4,여의도,4,"13,14,25,29"
569,15:09,5,5,김포공항,36,"2,3,5,6,8,9,11,20,21,23,24,26,30,32,33,36,37,38,41,49,59,61,66,67,70,71,75,76,80,81,83,84,87,91,94,96"
569,15:09,7,7,판교,13,"4,48,54,55,58,60,62,63,69,78,82,88,95"
569,15:09,9,9,평택,17,"10,16,22,40,46,51,53,56,64,65,68,79,85,89,92,93,98"
570,15:10,1,1,서울역,3,"15,28,74"
570,15:10,10,10,인천공항,1,34
570,15:10,2,2,수서,6,"27,44,47,50,52,97"
570,15:10,3,3,삼성,1,72
570,15:10,4,4,여의도,6,"13,14,18,25,29,31"
570,15:10,5,5,김포공항,36,"2,3,5,6,8,9,11,20,21,23,24,26,30,32,33,36,37,38,41,49,59,61,66,67,70,71,75,76,80,81,83,84,87,91,94,96"
570,15:10,7,7,판교,13,"4,48,54,55,58,60,62,63,69,78,82,88,95"
570,15:10,9,9,평택,17,"10,16,22,40,46,51,53,56,64,65,68,79,85,89,92,93,98"
571,15:11,1,1,서울역,4,"7,15,28,74"
571,15:11,10,10,인천공항,1,34
571,15:11,2,2,수서,6,"27,44,47,50,52,97"
571,15:11,3,3,삼성,2,"1,72"
571,15:11,4,4,여의도,7,"13,14,18,25,29,31,45"
571,15:11,5,5,김포공항,37,"2,3,5,6,8,9,11,20,21,23,24,26,30,32,33,36,37,38,41,49,59,61,66,67,70,71,75,76,77,80,81,83,84,87,91,94,96"
571,15:11,7,7,판교,13,"4,48,54,55,58,60,62,63,69,78,82,88,95"
571,15:11,9,9,평택,17,"10,16,22,40,46,51,53,56,64,65,68,79,85,89,92,93,98"
572,15:12,1,1,서울역,6,"0,7,15,28,74,86"
572,15:12,10,10,인천공항,1,34
572,15:12,2,2,수서,7,"27,44,47,50,52,57,97"
572,15:12,3,3,삼성,2,"1,72"
572,15:12,4,4,여의도,6,"13,14,18,25,31,45"
572,15:12,5,5,김포공항,37,"2,3,5,6,8,9,11,20,21,23,24,26,30,32,33,36,37,38,41,49,59,61,66,67,70,71,75,76,77,80,81,83,84,87,91,94,96"
572,15:12,6,6,일산,1,19
572,15:12,7,7,판교,13,"4,48,54,55,58,60,62,63,69,78,82,88,95"
572,15:12,9,9,평택,17,"10,16,22,40,46,51,53,56,64,65,68,79,85,89,92,93,98"
573,15:13,1,1,서울역,6,"0,7,15,28,74,86"
573,15:13,10,10,인천공항,1,34
573,15:13,2,2,수서,7,"27,44,47,50,57,97,99"
573,15:13,3,3,삼성,2,"1,72"
573,15:13,4,4,여의도,6,"13,14,18,25,31,45"
573,15:13,5,5,김포공항,37,"2,3,5,6,8,9,11,20,21,23,24,26,30,32,33,36,37,38,41,49,59,61,66,67,70,71,75,76,77,80,81,83,84,87,91,94,96"
573,15:13,6,6,일산,1,19
573,15:13,7,7,판교,13,"4,48,54,55,58,60,62,63,69,78,82,88,95"
573,15:13,9,9,평택,16,"10,16,40,46,51,53,56,64,65,68,79,85,89,92,93,98"
574,15:14,1,1,서울역,6,"0,7,15,28,74,86"
574,15:14,10,10,인천공항,1,34
574,15:14,2,2,수서,8,"27,39,44,47,50,57,97,99"
574,15:14,3,3,삼성,2,"1,72"
574,15:14,4,4,여의도,6,"13,14,18,25,31,45"
574,15:14,5,5,김포공항,38,"2,3,5,6,8,9,11,20,21,23,24,26,30,32,33,36,37,38,41,42,49,59,61,66,67,70,71,75,76,77,80,81,83,84,87,91,94,96"
574,15:14,6,6,일산,1,19
574,15:14,7,7,판교,13,"4,48,54,55,58,60,62,63,69,78,82,88,95"
574,15:14,9,9,평택,16,"10,16,40,46,51,53,56,64,65,68,79,85,89,92,93,98"
575,15:15,1,1,서울역,5,"0,7,15,74,86"
575,15:15,10,10,인천공항,1,34
575,15:15,2,2,수서,8,"27,39,44,47,50,57,97,99"
575,15:15,3,3,삼성,2,"1,72"
575,15:15,4,4,여의도,5,"13,14,18,31,45"
575,15:15,5,5,김포공항,39,"2,3,5,6,8,9,11,12,20,21,23,24,26,30,32,33,36,37,38,41,42,49,59,61,66,67,70,71,75,76,77,80,81,83,84,87,91,94,96"
575,15:15,6,6,일산,1,19
575,15:15,7,7,판교,12,"4,48,54,58,60,62,63,69,78,82,88,95"
575,15:15,9,9,평택,16,"10,16,40,46,51,53,56,64,65,68,79,85,89,92,93,98"
576,15:16,1,1,서울역,4,"0,7,15,86"
576,15:16,10,10,인천공항,1,34
576,15:16,2,2,수서,9,"27,39,44,47,50,57,73,97,99"
576,15:16,3,3,삼성,2,"1,72"
576,15:16,4,4,여의도,5,"13,14,18,31,45"
576,15:16,5,5,김포공항,39,"2,3,5,6,8,9,11,12,20,21,23,24,26,30,32,33,36,37,38,41,42,49,59,61,66,67,70,71,75,76,77,80,81,83,84,87,91,94,96"
576,15:16,6,6,일산,1,19
576,15:16,7,7,판교,11,"4,54,58,60,62,63,69,78,82,88,95"
576,15:16,9,9,평택,16,"10,16,40,46,51,53,56,64,65,68,79,85,89,92,93,98"
577,15:17,1,1,서울역,5,"0,7,15,43,86"
577,15:17,10,10,인천공항,1,34
577,15:17,2,2,수서,9,"27,39,44,47,50,57,73,97,99"
577,15:17,3,3,삼성,2,"1,90"
577,15:17,4,4,여의도,4,"14,18,31,45"
577,15:17,5,5,김포공항,40,"2,3,5,6,8,9,11,12,20,21,23,24,26,30,32,33,35,36,37,38,41,42,49,59,61,66,67,70,71,75,76,77,80,81,83,84,87,91,94,96"
577,15:17,6,6,일산,1,19
577,15:17,7,7,판교,11,"4,54,58,60,62,63,69,78,82,88,95"
577,15:17,9,9,평택,16,"10,16,40,46,51,53,56,64,65,68,79,85,89,92,93,98"
578,15:18,1,1,서울역,4,"0,7,15,43"
578,15:18,10,10,인천공항,1,34
578,15:18,2,2,수서,8,"39,44,47,50,57,73,97,99"
578,15:18,3,3,삼성,2,"1,90"
578,15:18,4,4,여의도,4,"14,18,31,45"
578,15:18,5,5,김포공항,40,"2,3,5,6,8,9,11,12,20,21,23,24,26,30,32,33,35,36,37,38,41,42,49,59,61,66,67,70,71,75,76,77,80,81,83,84,87,91,94,96"
578,15:18,6,6,일산,1,19
578,15:18,7,7,판교,11,"4,54,58,60,62,63,69,78,82,88,95"
578,15:18,9,9,평택,16,"10,16,40,46,51,53,56,64,65,68,79,85,89,92,93,98"
579,15:19,1,1,서울역,4,"0,7,15,43"
579,15:19,10,10,인천공항,1,34
579,15:19,2,2,수서,8,"39,44,47,50,57,73,97,99"
579,15:19,3,3,삼성,3,"1,29,90"
579,15:19,4,4,여의도,3,"14,18,45"
579,15:19,5,5,김포공항,39,"2,5,6,8,9,11,12,20,21,23,24,26,30,32,33,35,36,37,38,41,42,49,59,61,66,67,70,71,75,76,77,80,81,83,84,87,91,94,96"
579,15:19,6,6,일산,1,19
579,15:19,7,7,판교,11,"4,54,58,60,62,63,69,78,82,88,95"
579,15:19,9,9,평택,16,"10,16,40,46,51,53,56,64,65,68,79,85,89,92,93,98"
580,15:20,1,1,서울역,4,"0,7,15,43"
580,15:20,10,10,인천공항,1,34
580,15:20,2,2,수서,4,"39,47,50,73"
580,15:20,3,3,삼성,3,"1,29,90"
580,15:20,4,4,여의도,3,"14,18,45"
580,15:20,5,5,김포공항,32,"2,6,8,9,11,12,20,26,30,32,33,36,37,41,42,49,61,66,67,70,71,75,76,77,80,81,83,84,87,91,94,96"
580,15:20,6,6,일산,1,19
580,15:20,7,7,판교,11,"4,54,58,60,62,63,69,78,82,88,95"
580,15:20,9,9,평택,16,"10,16,40,46,51,53,56,64,65,68,79,85,89,92,93,98"
581,15:21,1,1,서울역,3,"0,7,43"
581,15:21,10,10,인천공항,1,34
581,15:21,2,2,수서,4,"39,47,50,73"
581,15:21,3,3,삼성,4,"1,28,29,90"
581,15:21,4,4,여의도,3,"14,18,45"
581,15:21,5,5,김포공항,31,"2,6,8,9,11,12,20,30,32,33,36,37,41,42,49,61,66,67,70,71,75,76,77,80,81,83,84,87,91,94,96"
581,15:21,6,6,일산,1,19
581,15:21,7,7,판교,10,"4,54,60,62,63,69,78,82,88,95"
581,15:21,9,9,평택,16,"10,16,40,46,51,53,56,64,65,68,79,85,89,92,93,98"
582,15:22,1,1,서울역,3,"0,7,43"
582,15:22,10,10,인천공항,1,34
582,15:22,2,2,수서,4,"39,47,50,73"
582,15:22,3,3,삼성,4,"1,28,29,90"
582,15:22,4,4,여의도,4,"17,18,45,55"
582,15:22,5,5,김포공항,29,"2,8,9,11,12,20,30,32,33,36,37,41,42,49,66,67,70,71,75,76,77,80,81,83,84,87,91,94,96"
582,15:22,6,6,일산,1,19
582,15:22,7,7,판교,9,"25,60,62,63,69,78,82,88,95"
582,15:22,9,9,평택,16,"10,16,40,46,51,53,56,64,65,68,79,85,89,92,93,98"
583,15:23,1,1,서울역,3,"0,7,43"
583,15:23,10,10,인천공항,1,34
583,15:23,2,2,수서,6,"13,39,47,50,73,74"
583,15:23,3,3,삼성,6,"28,29,57,90,97,99"
583,15:23,4,4,여의도,3,"17,48,55"
583,15:23,5,5,김포공항,26,"2,9,12,20,30,32,33,36,37,41,42,49,66,67,71,75,76,77,80,81,83,84,87,91,94,96"
583,15:23,7,7,판교,9,"25,60,62,63,69,78,82,88,95"
583,15:23,9,9,평택,16,"10,16,40,46,51,53,56,64,65,68,79,85,89,92,93,98"
584,15:24,1,1,서울역,3,"0,7,43"
584,15:24,10,10,인천공항,1,34
584,15:24,2,2,수서,6,"13,39,47,50,73,74"
584,15:24,3,3,삼성,6,"28,29,57,90,97,99"
584,15:24,4,4,여의도,3,"17,48,55"
584,15:24,5,5,김포공항,26,"2,9,12,20,30,32,33,36,37,41,42,49,66,67,71,75,76,77,80,81,83,84,87,91,94,96"
584,15:24,6,6,일산,1,52
584,15:24,7,7,판교,9,"25,60,62,63,69,78,82,88,95"
584,15:24,9,9,평택,15,"10,16,40,46,51,53,64,65,68,79,85,89,92,93,98"
585,15:25,1,1,서울역,3,"0,7,43"
585,15:25,10,10,인천공항,1,34
585,15:25,2,2,수서,6,"13,39,47,50,73,74"
585,15:25,3,3,삼성,5,"28,57,90,97,99"
585,15:25,4,4,여의도,3,"17,48,55"
585,15:25,5,5,김포공항,26,"2,9,12,20,30,33,36,37,41,42,49,66,67,71,72,75,76,77,80,81,83,84,87,91,94,96"
585,15:25,6,6,일산,1,52
585,15:25,7,7,판교,10,"25,60,62,63,69,78,82,86,88,95"
585,15:25,9,9,평택,15,"10,16,40,46,51,53,64,65,68,79,85,89,92,93,98"
586,15:26,1,1,서울역,3,"0,7,43"
586,15:26,10,10,인천공항,1,34
586,15:26,2,2,수서,4,"13,47,50,73"
586,15:26,3,3,삼성,4,"28,31,90,99"
586,15:26,4,4,여의도,5,"5,17,44,48,55"
586,15:26,5,5,김포공항,26,"2,9,12,20,27,30,33,36,37,41,42,49,67,71,72,75,76,77,80,81,83,84,87,91,94,96"
586,15:26,6,6,일산,1,52
586,15:26,7,7,판교,10,"25,60,62,63,69,78,82,86,88,95"
586,15:26,9,9,평택,15,"10,16,40,46,51,53,64,65,68,79,85,89,92,93,98"
587,15:27,1,1,서울역,3,"0,7,43"
587,15:27,10,10,인천공항,1,34
587,15:27,2,2,수서,5,"3,13,47,50,73"
587,15:27,3,3,삼성,4,"28,31,90,99"
587,15:27,4,4,여의도,5,"5,17,44,48,55"
587,15:27,5,5,김포공항,24,"2,12,20,27,33,36,37,41,42,49,67,71,72,75,76,77,80,81,83,84,87,91,94,96"
587,15:27,6,6,일산,3,"23,24,52"
587,15:27,7,7,판교,10,"25,60,62,63,69,78,82,86,88,95"
587,15:27,9,9,평택,15,"10,16,40,46,51,53,64,65,68,79,85,89,92,93,98"
588,15:28,1,1,서울역,3,"0,7,43"
588,15:28,2,2,수서,7,"3,13,14,15,47,50,73"
588,15:28,3,3,삼성,6,"21,28,31,38,90,99"
588,15:28,4,4,여의도,7,"5,6,22,44,48,55,58"
588,15:28,5,5,김포공항,23,"2,12,20,27,33,37,41,42,49,67,71,72,75,76,77,80,81,83,84,87,91,94,96"
588,15:28,6,6,일산,4,"23,24,26,52"
588,15:28,7,7,판교,9,"25,60,63,69,78,82,86,88,95"
588,15:28,9,9,평택,15,"10,16,40,46,51,53,64,65,68,79,85,89,92,93,98"
589,15:29,1,1,서울역,4,"0,7,43,54"
589,15:29,2,2,수서,7,"3,13,14,15,47,50,73"
589,15:29,3,3,삼성,7,"21,28,31,38,74,90,99"
589,15:29,4,4,여의도,8,"4,6,8,22,44,48,55,58"
589,15:29,5,5,김포공항,22,"12,20,27,33,37,41,42,49,67,71,72,75,76,77,80,81,83,84,87,91,94,96"
589,15:29,6,6,일산,4,"23,24,26,52"
589,15:29,7,7,판교,9,"25,60,63,69,78,82,86,88,95"
589,15:29,9,9,평택,14,"10,16,40,46,51,53,64,65,68,79,85,89,93,98"
590,15:30,1,1,서울역,4,"0,7,43,54"
590,15:30,10,10,인천공항,2,"35,59"
590,15:30,2,2,수서,7,"3,13,14,15,47,50,73"
590,15:30,3,3,삼성,6,"21,28,31,38,74,90"
590,15:30,4,4,여의도,8,"4,6,8,22,44,48,55,58"
590,15:30,5,5,김포공항,22,"12,20,27,33,37,41,42,49,67,71,72,75,76,77,80,81,83,84,87,91,94,96"
590,15:30,6,6,일산,3,"23,26,52"
590,15:30,7,7,판교,11,"18,25,45,60,63,69,78,82,86,88,95"
590,15:30,8,8,동탄/용인,1,56
590,15:30,9,9,평택,12,"10,16,40,46,51,53,64,65,79,89,93,98"
591,15:31,1,1,서울역,5,"0,7,29,43,54"
591,15:31,10,10,인천공항,2,"35,59"
591,15:31,2,2,수서,7,"3,13,14,15,47,50,73"
591,15:31,3,3,삼성,5,"11,28,31,74,90"
591,15:31,4,4,여의도,8,"4,8,22,32,44,48,55,58"
591,15:31,5,5,김포공항,21,"12,20,27,33,37,41,42,67,71,72,75,76,77,80,81,83,84,87,91,94,96"
591,15:31,6,6,일산,2,"23,26"
591,15:31,7,7,판교,11,"18,25,45,60,63,69,78,82,86,88,95"
591,15:31,8,8,동탄/용인,1,56
591,15:31,9,9,평택,12,"10,16,40,46,51,53,64,65,79,89,93,98"
592,15:32,1,1,서울역,5,"0,7,29,43,54"
592,15:32,10,10,인천공항,3,"35,59,61"
592,15:32,2,2,수서,7,"3,13,14,15,47,50,73"
592,15:32,3,3,삼성,3,"11,28,90"
592,15:32,4,4,여의도,6,"4,22,32,44,48,58"
592,15:32,5,5,김포공항,20,"12,20,33,37,41,42,67,71,72,75,76,77,80,81,83,84,87,91,94,96"
592,15:32,6,6,일산,2,"23,26"
592,15:32,7,7,판교,10,"18,25,45,60,69,78,82,86,88,95"
592,15:32,8,8,동탄/용인,1,56
592,15:32,9,9,평택,11,"10,16,46,51,53,64,65,79,89,93,98"
593,15:33,1,1,서울역,5,"0,7,29,43,54"
593,15:33,10,10,인천공항,3,"35,61,70"
593,15:33,2,2,수서,7,"3,13,14,15,47,50,73"
593,15:33,3,3,삼성,1,11
593,15:33,4,4,여의도,7,"4,9,22,32,44,48,58"
593,15:33,5,5,김포공항,20,"12,20,33,37,41,42,67,71,72,75,76,77,80,81,83,84,87,91,94,96"
593,15:33,6,6,일산,2,"1,26"
593,15:33,7,7,판교,9,"18,25,45,60,78,82,86,88,95"
593,15:33,8,8,동탄/용인,1,56
593,15:33,9,9,평택,11,"10,16,46,51,53,64,65,79,89,93,98"
594,15:34,1,1,서울역,5,"0,7,29,43,54"
594,15:34,10,10,인천공항,3,"35,61,70"
594,15:34,2,2,수서,7,"3,13,14,17,47,50,73"
594,15:34,3,3,삼성,1,11
594,15:34,4,4,여의도,5,"4,9,22,44,48"
594,15:34,5,5,김포공항,21,"20,33,37,39,41,42,67,71,72,75,76,77,80,81,83,84,87,91,94,96,97"
594,15:34,6,6,일산,2,"1,30"
594,15:34,7,7,판교,7,"18,45,78,82,86,88,95"
594,15:34,8,8,동탄/용인,1,56
594,15:34,9,9,평택,11,"10,16,46,51,53,64,65,79,89,93,98"
595,15:35,1,1,서울역,5,"0,7,29,43,54"
595,15:35,10,10,인천공항,3,"35,61,70"
595,15:35,2,2,수서,6,"3,13,14,17,47,50"
595,15:35,3,3,삼성,1,11
595,15:35,4,4,여의도,6,"4,9,22,44,48,62"
595,15:35,5,5,김포공항,21,"20,33,37,39,41,42,67,71,72,75,76,77,80,81,83,84,87,91,94,96,97"
595,15:35,6,6,일산,2,"1,30"
595,15:35,7,7,판교,8,"18,19,45,78,82,86,88,95"
595,15:35,8,8,동탄/용인,2,"56,92"
595,15:35,9,9,평택,11,"10,16,46,51,53,64,65,79,89,93,98"
596,15:36,1,1,서울역,5,"0,7,29,43,54"
596,15:36,10,10,인천공항,2,"61,66"
596,15:36,2,2,수서,6,"3,13,14,17,47,50"
596,15:36,3,3,삼성,1,11
596,15:36,4,4,여의도,5,"4,22,44,48,62"
596,15:36,5,5,김포공항,21,"20,33,37,39,41,42,67,71,72,75,76,77,80,81,83,84,87,91,94,96,97"
596,15:36,6,6,일산,3,"1,30,57"
596,15:36,7,7,판교,9,"5,18,19,45,78,82,86,88,95"
596,15:36,8,8,동탄/용인,1,92
596,15:36,9,9,평택,11,"10,16,46,51,53,64,65,79,89,93,98"
597,15:37,1,1,서울역,4,"0,7,29,54"
597,15:37,10,10,인천공항,2,"61,66"
597,15:37,2,2,수서,6,"3,13,14,17,47,50"
597,15:37,3,3,삼성,2,"2,15"
597,15:37,4,4,여의도,6,"4,22,44,48,49,62"
597,15:37,5,5,김포공항,21,"20,33,37,39,41,42,67,71,72,75,76,77,80,81,83,84,87,91,94,96,97"
597,15:37,6,6,일산,2,"1,57"
597,15:37,7,7,판교,8,"5,18,19,45,78,82,86,88"
597,15:37,8,8,동탄/용인,1,92
597,15:37,9,9,평택,11,"10,16,46,51,53,64,65,79,89,93,98"
598,15:38,1,1,서울역,4,"0,7,29,54"
598,15:38,10,10,인천공항,2,"36,66"
598,15:38,2,2,수서,5,"3,13,14,17,47"
598,15:38,3,3,삼성,2,"2,15"
598,15:38,4,4,여의도,7,"21,22,27,44,48,49,62"
598,15:38,5,5,김포공항,22,"20,33,37,39,41,42,67,71,72,75,76,77,80,81,83,84,87,91,94,96,97,99"
598,15:38,6,6,일산,2,"1,57"
598,15:38,7,7,판교,9,"5,6,18,19,45,78,82,86,88"
598,15:38,9,9,평택,10,"16,46,51,53,64,65,79,89,93,98"
599,15:39,1,1,서울역,5,"0,7,28,29,54"
599,15:39,10,10,인천공항,2,"36,66"
599,15:39,2,2,수서,4,"3,13,14,17"
599,15:39,3,3,삼성,3,"2,15,55"
599,15:39,4,4,여의도,9,"21,22,27,31,44,48,49,62,63"
599,15:39,5,5,김포공항,22,"20,33,37,39,41,42,67,71,72,75,76,77,80,81,83,84,87,91,94,96,97,99"
599,15:39,6,6,일산,2,"34,57"
599,15:39,7,7,판교,9,"5,6,8,19,45,78,82,86,88"
599,15:39,9,9,평택,10,"16,46,51,53,64,65,79,89,93,98"
600,15:40,1,1,서울역,4,"7,28,29,54"
600,15:40,10,10,인천공항,2,"36,66"
600,15:40,2,2,수서,4,"3,13,14,17"
600,15:40,3,3,삼성,2,"2,55"
600,15:40,4,4,여의도,10,"21,22,27,31,44,48,62,63,69,90"
600,15:40,5,5,김포공항,18,"20,33,37,39,41,42,71,74,76,81,83,84,87,91,94,96,97,99"
600,15:40,6,6,일산,2,"34,57"
600,15:40,7,7,판교,8,"5,6,8,19,45,78,82,86"
600,15:40,9,9,평택,10,"16,46,51,53,64,65,79,89,93,98"
601,15:41,1,1,서울역,5,"7,25,28,29,54"
601,15:41,10,10,인천공항,2,"36,66"
601,15:41,2,2,수서,4,"3,13,14,17"
601,15:41,3,3,삼성,4,"2,52,55,58"
601,15:41,4,4,여의도,9,"21,22,27,31,44,48,63,69,90"
601,15:41,5,5,김포공항,17,"20,33,37,39,41,71,74,76,81,83,84,87,91,94,96,97,99"
601,15:41,6,6,일산,2,"34,57"
601,15:41,7,7,판교,7,"5,6,8,19,45,78,82"
601,15:41,9,9,평택,9,"16,51,53,64,65,79,89,93,98"
602,15:42,1,1,서울역,5,"7,25,28,29,54"
602,15:42,10,10,인천공항,1,36
602,15:42,2,2,수서,4,"3,13,14,17"
602,15:42,3,3,삼성,4,"2,52,55,58"
602,15:42,4,4,여의도,9,"21,22,27,31,44,48,63,69,90"
602,15:42,5,5,김포공항,17,"20,33,37,39,41,71,74,76,81,83,84,87,91,94,96,97,99"
602,15:42,6,6,일산,2,"34,57"
602,15:42,7,7,판교,8,"5,6,8,19,24,45,78,82"
602,15:42,9,9,평택,9,"16,51,53,64,65,79,89,93,98"
603,15:43,1,1,서울역,4,"7,25,28,54"
603,15:43,10,10,인천공항,1,36
603,15:43,2,2,수서,4,"3,13,14,17"
603,15:43,3,3,삼성,3,"52,55,58"
603,15:43,4,4,여의도,8,"21,22,27,31,44,63,69,90"
603,15:43,5,5,김포공항,17,"20,33,37,39,41,71,74,76,81,83,84,87,91,94,96,97,99"
603,15:43,6,6,일산,2,"34,57"
603,15:43,7,7,판교,9,"5,6,8,9,19,24,45,78,82"
603,15:43,9,9,평택,7,"16,51,53,65,79,93,98"
604,15:44,1,1,서울역,3,"25,28,54"
604,15:44,2,2,수서,5,"3,13,14,17,43"
604,15:44,3,3,삼성,3,"52,55,58"
604,15:44,4,4,여의도,6,"22,31,44,63,69,90"
604,15:44,5,5,김포공항,16,"20,33,37,41,71,74,76,81,83,84,87,91,94,96,97,99"
604,15:44,6,6,일산,2,"34,57"
604,15:44,7,7,판교,9,"5,6,8,9,19,24,45,78,82"
604,15:44,9,9,평택,6,"16,51,53,65,79,98"
605,15:45,1,1,서울역,2,"25,54"
605,15:45,2,2,수서,5,"3,13,14,17,43"
605,15:45,3,3,삼성,3,"52,58,68"
605,15:45,4,4,여의도,5,"22,44,69,85,90"
605,15:45,5,5,김포공항,16,"11,20,33,37,41,71,74,81,83,84,87,91,94,96,97,99"
605,15:45,6,6,일산,2,"34,57"
605,15:45,7,7,판교,11,"4,5,6,8,9,19,23,24,45,78,82"
605,15:45,9,9,평택,5,"16,53,65,79,98"
606,15:46,1,1,서울역,3,"25,47,54"
606,15:46,2,2,수서,6,"13,14,17,40,43,88"
606,15:46,3,3,삼성,4,"0,52,58,68"
606,15:46,4,4,여의도,8,"18,22,44,69,72,75,85,90"
606,15:46,5,5,김포공항,16,"11,20,33,37,50,71,74,81,83,84,87,91,94,96,97,99"
606,15:46,6,6,일산,3,"34,57,73"
606,15:46,7,7,판교,12,"4,5,6,8,9,19,23,24,26,45,78,82"
606,15:46,9,9,평택,6,"16,38,53,65,79,98"
607,15:47,1,1,서울역,3,"25,47,54"
607,15:47,2,2,수서,6,"13,14,40,43,86,88"
607,15:47,3,3,삼성,4,"0,52,58,68"
607,15:47,4,4,여의도,9,"18,22,44,56,69,72,75,85,90"
607,15:47,5,5,김포공항,16,"11,20,33,37,50,71,74,81,83,87,91,94,95,96,97,99"
607,15:47,6,6,일산,4,"34,57,67,73"
607,15:47,7,7,판교,13,"4,5,6,8,9,19,23,24,26,45,49,78,82"
607,15:47,9,9,평택,5,"38,53,65,79,98"
608,15:48,1,1,서울역,3,"25,47,54"
608,15:48,2,2,수서,6,"13,14,40,43,86,88"
608,15:48,3,3,삼성,7,"0,52,58,59,62,68,80"
608,15:48,4,4,여의도,9,"18,22,35,44,56,72,75,85,90"
608,15:48,5,5,김포공항,15,"11,20,33,37,50,71,74,81,83,91,94,95,96,97,99"
608,15:48,6,6,일산,4,"34,57,67,73"
608,15:48,7,7,판교,13,"4,5,6,8,9,19,23,24,26,45,49,78,82"
608,15:48,9,9,평택,4,"38,53,79,98"
609,15:49,1,1,서울역,3,"25,47,54"
609,15:49,2,2,수서,6,"14,40,42,43,48,86"
609,15:49,3,3,삼성,8,"0,1,52,58,59,62,68,80"
609,15:49,4,4,여의도,7,"18,22,35,44,56,85,90"
609,15:49,5,5,김포공항,14,"11,20,37,50,71,74,81,83,91,94,95,96,97,99"
609,15:49,6,6,일산,4,"34,57,67,73"
609,15:49,7,7,판교,13,"4,5,6,8,9,23,24,26,30,45,49,78,82"
609,15:49,9,9,평택,4,"32,38,79,98"
610,15:50,1,1,서울역,2,"25,47"
610,15:50,10,10,인천공항,2,"60,77"
610,15:50,2,2,수서,5,"14,40,42,43,48"
610,15:50,3,3,삼성,8,"0,1,7,52,59,62,68,80"
610,15:50,4,4,여의도,8,"18,22,35,39,44,56,85,90"
610,15:50,5,5,김포공항,12,"11,20,37,50,74,83,91,94,95,96,97,99"
610,15:50,6,6,일산,3,"34,57,73"
610,15:50,7,7,판교,13,"4,5,6,8,9,23,24,26,30,45,49,78,82"
610,15:50,8,8,동탄/용인,1,93
610,15:50,9,9,평택,4,"32,38,79,98"
611,15:51,1,1,서울역,2,"25,47"
611,15:51,10,10,인천공항,2,"60,77"
611,15:51,2,2,수서,5,"14,40,42,43,48"
611,15:51,3,3,삼성,6,"0,1,7,52,59,62"
611,15:51,4,4,여의도,8,"18,22,35,39,44,56,85,90"
611,15:51,5,5,김포공항,13,"2,11,20,37,50,74,83,91,94,95,96,97,99"
611,15:51,6,6,일산,3,"34,57,73"
611,15:51,7,7,판교,13,"4,5,6,8,21,23,24,26,30,45,49,78,82"
611,15:51,8,8,동탄/용인,1,93
611,15:51,9,9,평택,4,"12,32,38,98"
612,15:52,1,1,서울역,2,"25,47"
612,15:52,10,10,인천공항,2,"60,77"
612,15:52,2,2,수서,5,"14,40,42,43,48"
612,15:52,3,3,삼성,7,"0,1,7,31,52,59,62"
612,15:52,4,4,여의도,8,"18,35,39,44,55,56,85,90"
612,15:52,5,5,김포공항,14,"2,11,20,37,50,74,83,91,92,94,95,96,97,99"
612,15:52,6,6,일산,2,"34,57"
612,15:52,7,7,판교,13,"4,5,6,8,21,23,24,26,30,45,49,78,82"
612,15:52,8,8,동탄/용인,1,93
612,15:52,9,9,평택,3,"12,32,98"
613,15:53,1,1,서울역,3,"25,47,76"
613,15:53,10,10,인천공항,1,60
613,15:53,2,2,수서,5,"14,40,42,43,48"
613,15:53,3,3,삼성,8,"0,1,7,31,52,59,61,62"
613,15:53,4,4,여의도,8,"10,17,18,35,55,56,85,90"
613,15:53,5,5,김포공항,14,"2,11,20,37,50,74,83,91,92,94,95,96,97,99"
613,15:53,6,6,일산,2,"34,57"
613,15:53,7,7,판교,11,"4,5,6,8,21,23,26,30,45,78,82"
613,15:53,9,9,평택,3,"12,32,98"
614,15:54,1,1,서울역,3,"25,47,76"
614,15:54,10,10,인천공항,1,60
614,15:54,2,2,수서,6,"14,40,42,43,48,69"
614,15:54,3,3,삼성,9,"0,1,7,31,41,52,59,61,62"
614,15:54,4,4,여의도,8,"10,17,18,35,55,56,85,90"
614,15:54,5,5,김포공항,15,"2,3,11,20,37,50,74,83,91,92,94,95,96,97,99"
614,15:54,6,6,일산,2,"34,57"
614,15:54,7,7,판교,10,"4,5,6,8,21,26,30,45,78,82"
614,15:54,9,9,평택,3,"12,32,98"
615,15:55,1,1,서울역,3,"25,47,76"
615,15:55,10,10,인천공항,1,60
615,15:55,2,2,수서,6,"14,40,43,46,48,69"
615,15:55,3,3,삼성,8,"1,7,31,41,52,59,61,62"
615,15:55,4,4,여의도,7,"10,17,18,35,56,85,90"
615,15:55,5,5,김포공항,14,"2,3,11,37,50,74,83,91,92,94,95,96,97,99"
615,15:55,6,6,일산,3,"34,57,87"
615,15:55,7,7,판교,8,"5,6,8,21,26,30,45,82"
615,15:55,9,9,평택,4,"12,15,70,98"
616,15:56,1,1,서울역,3,"25,47,76"
616,15:56,10,10,인천공항,1,60
616,15:56,2,2,수서,6,"14,40,43,46,48,69"
616,15:56,3,3,삼성,8,"1,7,31,41,52,59,61,62"
616,15:56,4,4,여의도,8,"10,17,18,19,35,36,85,90"
616,15:56,5,5,김포공항,14,"2,3,11,37,50,74,83,91,92,94,95,96,97,99"
616,15:56,6,6,일산,3,"34,57,87"
616,15:56,7,7,판교,8,"5,6,8,21,26,30,45,82"
616,15:56,8,8,동탄/용인,1,63
616,15:56,9,9,평택,4,"12,15,70,98"
617,15:57,1,1,서울역,4,"25,33,47,76"
617,15:57,10,10,인천공항,2,"60,84"
617,15:57,2,2,수서,6,"14,43,46,48,54,69"
617,15:57,3,3,삼성,9,"1,7,31,41,52,59,61,62,66"
617,15:57,4,4,여의도,9,"10,17,18,19,35,36,58,85,90"
617,15:57,5,5,김포공항,16,"2,3,11,13,37,50,74,83,88,91,92,94,95,96,97,99"
617,15:57,6,6,일산,4,"34,57,71,87"
617,15:57,7,7,판교,8,"5,6,8,21,26,30,45,82"
617,15:57,8,8,동탄/용인,1,63
617,15:57,9,9,평택,4,"12,15,70,98"
618,15:58,1,1,서울역,5,"9,25,33,47,76"
618,15:58,10,10,인천공항,3,"28,60,84"
618,15:58,2,2,수서,6,"14,43,46,48,54,69"
618,15:58,3,3,삼성,9,"1,7,31,41,59,61,62,66,81"
618,15:58,4,4,여의도,10,"10,17,18,19,35,36,58,64,85,90"
618,15:58,5,5,김포공항,17,"2,3,11,13,37,50,74,83,86,88,91,92,94,95,96,97,99"
618,15:58,6,6,일산,3,"34,57,71"
618,15:58,7,7,판교,8,"5,6,8,21,26,30,45,82"
618,15:58,8,8,동탄/용인,1,63
618,15:58,9,9,평택,4,"12,15,70,98"
619,15:59,1,1,서울역,7,"9,25,33,47,55,73,89"
619,15:59,10,10,인천공항,2,"28,84"
619,15:59,2,2,수서,7,"14,43,46,48,51,54,69"
619,15:59,3,3,삼성,8,"1,7,31,41,61,62,66,81"
619,15:59,4,4,여의도,9,"10,18,19,35,36,58,64,85,90"
619,15:59,5,5,김포공항,18,"2,3,11,13,37,50,68,74,83,86,88,91,92,94,95,96,97,99"
619,15:59,6,6,일산,3,"34,57,71"
619,15:59,7,7,판교,8,"5,6,8,16,21,22,30,45"
619,15:59,8,8,동탄/용인,1,63
619,15:59,9,9,평택,6,"12,15,27,29,70,98"
620,16:00,1,1,서울역,6,"9,25,47,55,73,89"
620,16:00,10,10,인천공항,2,"28,84"
620,16:00,2,2,수서,7,"14,43,46,48,51,54,69"
620,16:00,3,3,삼성,5,"7,61,62,66,81"
620,16:00,4,4,여의도,10,"10,18,19,24,35,36,58,64,85,90"
620,16:00,5,5,김포공항,11,"2,11,13,50,68,83,86,88,91,96,97"
620,16:00,6,6,일산,3,"34,57,71"
620,16:00,7,7,판교,9,"5,6,8,16,21,22,30,44,45"
620,16:00,8,8,동탄/용인,1,63
620,16:00,9,9,평택,6,"12,15,27,29,70,98"
621,16:01,1,1,서울역,6,"9,25,47,55,73,89"
621,16:01,10,10,인천공항,2,"28,84"
621,16:01,2,2,수서,7,"14,43,46,48,51,54,69"
621,16:01,3,3,삼성,3,"7,61,66"
621,16:01,4,4,여의도,10,"10,18,19,23,24,35,36,58,64,90"
621,16:01,5,5,김포공항,11,"2,11,13,50,68,83,86,88,91,96,97"
621,16:01,6,6,일산,2,"57,71"
621,16:01,7,7,판교,9,"5,6,8,16,21,22,30,44,45"
621,16:01,8,8,동탄/용인,1,63
621,16:01,9,9,평택,6,"12,15,27,29,70,98"
622,16:02,1,1,서울역,5,"9,25,47,73,89"
622,16:02,10,10,인천공항,2,"28,84"
622,16:02,2,2,수서,7,"14,43,46,48,51,54,69"
622,16:02,3,3,삼성,3,"7,61,66"
622,16:02,4,4,여의도,10,"4,10,18,19,23,24,35,36,58,64"
622,16:02,5,5,김포공항,10,"2,11,13,50,68,86,88,91,96,97"
622,16:02,6,6,일산,2,"57,71"
622,16:02,7,7,판교,10,"5,6,8,16,21,22,30,44,45,67"
622,16:02,8,8,동탄/용인,1,63
622,16:02,9,9,평택,6,"12,15,27,29,70,98"
623,16:03,1,1,서울역,4,"9,47,73,89"
623,16:03,10,10,인천공항,2,"28,84"
623,16:03,2,2,수서,7,"14,43,46,48,51,53,69"
623,16:03,3,3,삼성,4,"7,56,61,66"
623,16:03,4,4,여의도,11,"4,10,18,19,23,24,35,40,58,64,65"
623,16:03,5,5,김포공항,10,"0,2,11,13,49,68,88,91,96,97"
623,16:03,6,6,일산,2,"57,71"
623,16:03,7,7,판교,10,"5,6,8,16,21,22,30,44,45,67"
623,16:03,8,8,동탄/용인,1,63
623,16:03,9,9,평택,6,"12,15,27,29,70,98"
624,16:04,1,1,서울역,5,"9,47,52,73,89"
624,16:04,10,10,인천공항,2,"28,84"
624,16:04,2,2,수서,6,"43,46,48,51,53,69"
624,16:04,3,3,삼성,4,"7,56,61,66"
624,16:04,4,4,여의도,12,"4,10,18,19,23,24,35,40,58,64,65,93"
624,16:04,5,5,김포공항,9,"0,2,11,13,49,68,88,91,96"
624,16:04,6,6,일산,2,"57,71"
624,16:04,7,7,판교,9,"5,8,16,21,22,30,44,45,67"
624,16:04,8,8,동탄/용인,1,63
624,16:04,9,9,평택,8,"12,15,27,29,70,72,75,98"
625,16:05,1,1,서울역,5,"9,47,52,73,89"
625,16:05,10,10,인천공항,3,"28,39,84"
625,16:05,2,2,수서,5,"43,46,48,53,69"
625,16:05,3,3,삼성,3,"7,56,66"
625,16:05,4,4,여의도,13,"4,10,18,19,23,24,35,40,58,64,65,77,93"
625,16:05,5,5,김포공항,9,"0,2,11,13,49,68,88,91,96"
625,16:05,6,6,일산,1,57
625,16:05,7,7,판교,10,"5,8,16,20,21,22,30,44,45,67"
625,16:05,8,8,동탄/용인,1,63
625,16:05,9,9,평택,8,"12,15,27,29,70,72,75,98"
626,16:06,1,1,서울역,6,"9,31,47,52,73,89"
626,16:06,10,10,인천공항,4,"28,39,80,84"
626,16:06,2,2,수서,6,"38,43,46,48,53,69"
626,16:06,3,3,삼성,3,"7,56,66"
626,16:06,4,4,여의도,15,"4,18,19,23,24,26,35,40,58,59,64,65,77,79,93"
626,16:06,5,5,김포공항,5,"0,2,11,68,88"
626,16:06,6,6,일산,2,"42,57"
626,16:06,7,7,판교,9,"8,16,20,21,22,30,44,45,67"
626,16:06,8,8,동탄/용인,1,63
626,16:06,9,9,평택,8,"12,15,27,29,70,72,75,98"
627,16:07,1,1,서울역,5,"9,31,47,52,89"
627,16:07,10,10,인천공항,3,"28,39,80"
627,16:07,2,2,수서,5,"38,43,46,48,53"
627,16:07,3,3,삼성,3,"7,56,66"
627,16:07,4,4,여의도,15,"4,18,19,23,24,26,35,40,58,59,64,65,77,79,93"
627,16:07,5,5,김포공항,3,"0,2,11"
627,16:07,6,6,일산,4,"42,78,92,95"
627,16:07,7,7,판교,10,"8,16,20,21,22,30,33,44,45,67"
627,16:07,8,8,동탄/용인,1,63
627,16:07,9,9,평택,7,"12,27,29,70,72,75,98"
628,16:08,1,1,서울역,6,"9,31,37,52,89,99"
628,16:08,10,10,인천공항,3,"28,39,80"
628,16:08,2,2,수서,6,"3,38,43,46,48,53"
628,16:08,3,3,삼성,5,"7,56,66,74,94"
628,16:08,4,4,여의도,13,"18,19,23,24,26,40,58,59,64,65,77,79,93"
628,16:08,5,5,김포공항,4,"0,1,2,11"
628,16:08,6,6,일산,4,"42,78,92,95"
628,16:08,7,7,판교,10,"8,16,20,21,30,33,44,45,67,85"
628,16:08,8,8,동탄/용인,1,63
628,16:08,9,9,평택,7,"12,27,29,70,72,75,98"
629,16:09,1,1,서울역,5,"9,37,52,89,99"
629,16:09,10,10,인천공항,3,"28,39,80"
629,16:09,2,2,수서,7,"3,32,38,46,48,53,55"
629,16:09,3,3,삼성,5,"7,56,66,74,94"
629,16:09,4,4,여의도,13,"18,19,23,24,26,40,58,59,64,65,77,79,93"
629,16:09,5,5,김포공항,4,"0,1,11,62"
629,16:09,6,6,일산,4,"42,78,92,95"
629,16:09,7,7,판교,11,"8,16,20,21,30,33,44,45,67,85,90"
629,16:09,8,8,동탄/용인,1,63
629,16:09,9,9,평택,7,"12,27,29,70,72,75,98"
630,16:10,1,1,서울역,5,"9,37,52,89,99"
630,16:10,10,10,인천공항,3,"28,39,80"
630,16:10,2,2,수서,8,"3,25,32,38,48,53,55,83"
630,16:10,3,3,삼성,6,"7,36,56,66,74,94"
630,16:10,4,4,여의도,13,"18,19,23,24,26,40,58,59,64,65,77,79,93"
630,16:10,5,5,김포공항,4,"0,1,11,62"
630,16:10,6,6,일산,3,"41,42,78"
630,16:10,7,7,판교,10,"8,16,20,30,33,44,45,67,85,90"
630,16:10,8,8,동탄/용인,1,63
630,16:10,9,9,평택,5,"27,29,72,75,98"
631,16:11,1,1,서울역,5,"6,9,50,52,89"
631,16:11,10,10,인천공항,1,80
631,16:11,2,2,수서,8,"3,25,32,38,48,53,55,83"
631,16:11,3,3,삼성,5,"7,36,56,66,86"
631,16:11,4,4,여의도,12,"19,23,24,26,40,58,59,64,65,77,79,93"
631,16:11,5,5,김포공항,5,"0,1,11,54,62"
631,16:11,6,6,일산,4,"41,42,78,82"
631,16:11,7,7,판교,10,"8,16,20,30,33,44,45,67,85,90"
631,16:11,8,8,동탄/용인,1,63
631,16:11,9,9,평택,5,"27,29,72,75,98"
632,16:12,1,1,서울역,3,"6,50,52"
632,16:12,10,10,인천공항,2,"76,80"
632,16:12,2,2,수서,8,"3,10,25,32,38,53,55,83"
632,16:12,3,3,삼성,6,"7,36,56,66,86,97"
632,16:12,4,4,여의도,14,"19,23,24,40,58,59,61,64,65,77,79,91,93,96"
632,16:12,5,5,김포공항,5,"1,11,14,54,62"
632,16:12,6,6,일산,4,"41,42,78,82"
632,16:12,7,7,판교,10,"8,16,20,30,33,44,45,67,85,90"
632,16:12,8,8,동탄/용인,1,63
632,16:12,9,9,평택,5,"27,29,72,75,98"
633,16:13,1,1,서울역,2,"6,50"
633,16:13,10,10,인천공항,2,"76,80"
633,16:13,2,2,수서,8,"3,10,25,32,38,53,55,83"
633,16:13,3,3,삼성,6,"7,36,56,66,86,97"
633,16:13,4,4,여의도,15,"5,19,23,24,40,58,59,61,64,65,77,79,91,93,96"
633,16:13,5,5,김포공항,6,"1,11,14,51,54,62"
633,16:13,6,6,일산,3,"41,42,82"
633,16:13,7,7,판교,10,"16,20,30,33,34,44,45,67,85,90"
633,16:13,8,8,동탄/용인,1,63
633,16:13,9,9,평택,5,"27,29,72,75,98"
634,16:14,1,1,서울역,5,"6,13,49,50,69"
634,16:14,10,10,인천공항,2,"76,80"
634,16:14,2,2,수서,10,"3,4,10,25,32,35,38,53,55,83"
634,16:14,3,3,삼성,8,"7,36,47,56,60,66,86,97"
634,16:14,4,4,여의도,13,"5,19,23,24,58,59,61,64,65,79,91,93,96"
634,16:14,5,5,김포공항,6,"1,11,14,51,54,62"
634,16:14,6,6,일산,4,"41,42,73,82"
634,16:14,7,7,판교,9,"16,20,30,33,34,44,67,85,90"
634,16:14,8,8,동탄/용인,1,63
634,16:14,9,9,평택,6,"17,27,29,72,75,98"
635,16:15,1,1,서울역,6,"6,13,49,50,68,69"
635,16:15,10,10,인천공항,2,"76,80"
635,16:15,2,2,수서,9,"3,4,10,25,32,35,38,53,83"
635,16:15,3,3,삼성,8,"7,36,47,56,60,66,86,97"
635,16:15,4,4,여의도,13,"5,19,22,23,24,58,59,61,64,65,79,93,96"
635,16:15,5,5,김포공항,6,"1,11,14,51,54,62"
635,16:15,6,6,일산,4,"41,42,73,82"
635,16:15,7,7,판교,9,"16,20,30,33,34,44,67,85,90"
635,16:15,8,8,동탄/용인,1,63
635,16:15,9,9,평택,6,"17,27,29,72,75,98"
636,16:16,1,1,서울역,6,"6,13,49,50,68,69"
636,16:16,10,10,인천공항,3,"76,80,81"
636,16:16,2,2,수서,9,"3,4,10,25,31,32,35,38,53"
636,16:16,3,3,삼성,7,"7,47,56,60,66,86,97"
636,16:16,4,4,여의도,14,"5,19,22,23,24,46,58,59,61,64,65,79,93,96"
636,16:16,5,5,김포공항,5,"1,14,51,54,62"
636,16:16,6,6,일산,4,"41,42,73,82"
636,16:16,7,7,판교,9,"16,20,30,33,34,44,67,85,90"
636,16:16,8,8,동탄/용인,1,63
636,16:16,9,9,평택,6,"17,27,29,72,75,98"
637,16:17,1,1,서울역,4,"13,21,68,69"
637,16:17,10,10,인천공항,3,"76,80,81"
637,16:17,2,2,수서,11,"2,3,4,10,18,25,31,32,35,38,53"
637,16:17,3,3,삼성,6,"7,47,56,60,86,97"
637,16:17,4,4,여의도,12,"5,19,22,46,58,59,61,64,65,79,93,96"
637,16:17,5,5,김포공항,6,"1,14,43,51,54,62"
637,16:17,6,6,일산,3,"41,42,73"
637,16:17,7,7,판교,9,"16,20,33,34,44,67,71,85,90"
637,16:17,8,8,동탄/용인,1,63
637,16:17,9,9,평택,6,"17,27,29,72,75,98"
638,16:18,1,1,서울역,4,"13,21,68,69"
638,16:18,10,10,인천공항,3,"76,80,81"
638,16:18,2,2,수서,12,"2,3,4,10,18,25,26,31,32,35,38,53"
638,16:18,3,3,삼성,6,"9,47,56,60,86,97"
638,16:18,4,4,여의도,12,"5,19,22,46,48,58,59,61,64,65,93,96"
638,16:18,5,5,김포공항,5,"14,43,51,54,62"
638,16:18,6,6,일산,3,"41,42,73"
638,16:18,7,7,판교,8,"16,20,33,34,44,67,71,85"
638,16:18,8,8,동탄/용인,1,63
638,16:18,9,9,평택,6,"17,27,29,75,87,98"
639,16:19,1,1,서울역,4,"13,21,68,69"
639,16:19,10,10,인천공항,3,"76,80,81"
639,16:19,2,2,수서,12,"2,3,4,10,18,25,26,31,32,35,38,53"
639,16:19,3,3,삼성,4,"9,47,56,60"
639,16:19,4,4,여의도,9,"19,22,46,48,59,61,64,65,93"
639,16:19,5,5,김포공항,7,"14,37,43,51,54,62,74"
639,16:19,6,6,일산,4,"41,42,73,89"
639,16:19,7,7,판교,10,"15,16,20,33,34,44,57,67,71,85"
639,16:19,8,8,동탄/용인,1,63
639,16:19,9,9,평택,6,"17,27,29,75,87,98"
640,16:20,1,1,서울역,3,"13,21,68"
640,16:20,10,10,인천공항,3,"76,80,81"
640,16:20,2,2,수서,12,"2,3,10,18,25,26,31,32,35,38,40,53"
640,16:20,3,3,삼성,4,"9,47,56,60"
640,16:20,4,4,여의도,7,"8,19,22,46,48,59,61"
640,16:20,5,5,김포공항,6,"14,37,43,54,62,74"
640,16:20,6,6,일산,4,"41,52,73,89"
640,16:20,7,7,판교,9,"15,16,20,34,44,57,67,71,85"
640,16:20,8,8,동탄/용인,1,63
640,16:20,9,9,평택,6,"17,27,29,75,87,98"
641,16:21,1,1,서울역,1,21
641,16:21,10,10,인천공항,3,"80,81,92"
641,16:21,2,2,수서,12,"2,3,18,25,26,31,32,35,38,40,53,95"
641,16:21,3,3,삼성,5,"9,47,56,60,77"
641,16:21,4,4,여의도,6,"8,22,45,46,59,61"
641,16:21,5,5,김포공항,6,"14,37,43,54,62,74"
641,16:21,6,6,일산,4,"41,52,89,94"
641,16:21,7,7,판교,9,"15,16,20,34,44,57,67,71,85"
641,16:21,8,8,동탄/용인,1,63
641,16:21,9,9,평택,6,"17,27,29,75,87,98"
642,16:22,1,1,서울역,2,"21,55"
642,16:22,10,10,인천공항,2,"81,92"
642,16:22,2,2,수서,12,"2,3,18,25,26,31,32,35,38,40,53,95"
642,16:22,3,3,삼성,6,"9,47,56,60,77,84"
642,16:22,4,4,여의도,5,"8,22,45,46,59"
642,16:22,5,5,김포공항,5,"14,43,54,62,74"
642,16:22,6,6,일산,3,"52,89,94"
642,16:22,7,7,판교,9,"15,16,20,34,44,57,67,71,85"
642,16:22,8,8,동탄/용인,1,63
642,16:22,9,9,평택,6,"17,27,29,75,87,98"
643,16:23,1,1,서울역,1,55
643,16:23,10,10,인천공항,2,"81,92"
643,16:23,2,2,수서,12,"2,3,18,25,26,31,32,35,38,40,53,95"
643,16:23,3,3,삼성,3,"9,77,84"
643,16:23,4,4,여의도,5,"8,22,28,45,46"
643,16:23,5,5,김포공항,5,"14,43,54,62,74"
643,16:23,6,6,일산,3,"52,89,94"
643,16:23,7,7,판교,8,"15,20,34,44,57,67,71,85"
643,16:23,8,8,동탄/용인,1,63
643,16:23,9,9,평택,6,"17,27,29,75,87,98"
644,16:24,1,1,서울역,3,"55,64,65"
644,16:24,10,10,인천공항,3,"81,92,99"
644,16:24,2,2,수서,12,"2,3,11,18,25,26,31,32,40,49,53,95"
644,16:24,3,3,삼성,3,"9,77,84"
644,16:24,4,4,여의도,7,"8,22,28,30,45,46,66"
644,16:24,5,5,김포공항,6,"14,36,54,62,74,83"
644,16:24,6,6,일산,3,"6,52,89"
644,16:24,7,7,판교,10,"15,20,23,34,44,50,57,67,71,85"
644,16:24,8,8,동탄/용인,1,63
644,16:24,9,9,평택,6,"17,27,29,75,87,88"
645,16:25,1,1,서울역,4,"48,55,64,65"
645,16:25,10,10,인천공항,3,"81,92,99"
645,16:25,2,2,수서,11,"2,11,18,25,26,31,40,49,53,58,95"
645,16:25,3,3,삼성,4,"9,70,77,79"
645,16:25,4,4,여의도,7,"8,12,22,28,30,45,66"
645,16:25,5,5,김포공항,6,"14,36,54,62,74,83"
645,16:25,6,6,일산,2,"6,52"
645,16:25,7,7,판교,8,"20,23,34,50,57,71,78,85"
645,16:25,8,8,동탄/용인,1,63
645,16:25,9,9,평택,6,"17,27,29,75,87,88"
646,16:26,1,1,서울역,4,"48,55,64,65"
646,16:26,10,10,인천공항,3,"81,92,99"
646,16:26,2,2,수서,11,"2,11,18,25,26,31,40,49,53,58,95"
646,16:26,3,3,삼성,7,"1,9,39,69,70,77,79"
646,16:26,4,4,여의도,7,"8,12,22,28,30,45,66"
646,16:26,5,5,김포공항,6,"14,36,54,62,74,83"
646,16:26,6,6,일산,2,"6,52"
646,16:26,7,7,판교,9,"5,20,23,34,50,57,71,78,85"
646,16:26,8,8,동탄/용인,2,"63,91"
646,16:26,9,9,평택,5,"17,27,75,87,88"
647,16:27,1,1,서울역,4,"4,33,48,55"
647,16:27,10,10,인천공항,2,"92,99"
647,16:27,2,2,수서,11,"2,11,18,19,26,31,40,49,53,58,95"
647,16:27,3,3,삼성,8,"1,9,13,39,69,70,79,93"
647,16:27,4,4,여의도,5,"8,12,22,28,30"
647,16:27,5,5,김포공항,4,"14,62,74,86"
647,16:27,6,6,일산,2,"6,52"
647,16:27,7,7,판교,7,"5,23,50,57,71,78,85"
647,16:27,8,8,동탄/용인,2,"63,91"
647,16:27,9,9,평택,5,"17,27,75,87,88"
648,16:28,1,1,서울역,4,"4,10,33,51"
648,16:28,10,10,인천공항,2,"92,99"
648,16:28,2,2,수서,11,"2,11,18,19,26,31,40,49,53,58,95"
648,16:28,3,3,삼성,7,"1,9,13,39,69,70,93"
648,16:28,4,4,여의도,5,"8,12,22,28,30"
648,16:28,5,5,김포공항,3,"14,74,86"
648,16:28,6,6,일산,3,"6,52,68"
648,16:28,7,7,판교,6,"5,23,50,71,78,85"
648,16:28,8,8,동탄/용인,2,"63,91"
648,16:28,9,9,평택,5,"17,27,75,87,88"
649,16:29,1,1,서울역,5,"4,10,33,41,51"
649,16:29,10,10,인천공항,2,"92,99"
649,16:29,2,2,수서,11,"11,18,19,26,31,40,49,53,58,59,95"
649,16:29,3,3,삼성,9,"1,9,13,21,39,61,69,70,93"
649,16:29,4,4,여의도,5,"8,12,22,28,30"
649,16:29,5,5,김포공항,3,"14,74,86"
649,16:29,6,6,일산,4,"6,52,68,97"
649,16:29,7,7,판교,7,"5,23,50,71,78,82,85"
649,16:29,8,8,동탄/용인,2,"63,91"
649,16:29,9,9,평택,6,"0,17,27,75,87,88"
650,16:30,1,1,서울역,6,"4,10,33,37,41,51"
650,16:30,10,10,인천공항,2,"92,99"
650,16:30,2,2,수서,11,"11,18,19,26,31,40,49,53,58,59,95"
650,16:30,3,3,삼성,8,"1,13,21,39,42,61,69,70"
650,16:30,4,4,여의도,7,"8,12,16,22,28,30,47"
650,16:30,5,5,김포공항,2,"14,74"
650,16:30,6,6,일산,4,"6,68,90,97"
650,16:30,7,7,판교,7,"5,23,50,71,78,82,85"
650,16:30,8,8,동탄/용인,2,"63,91"
650,16:30,9,9,평택,6,"0,17,27,75,87,88"
651,16:31,1,1,서울역,8,"4,10,33,35,37,41,84,94"
651,16:31,10,10,인천공항,3,"92,96,99"
651,16:31,2,2,수서,13,"11,18,19,26,31,40,46,49,53,58,59,79,95"
651,16:31,3,3,삼성,8,"1,13,21,39,42,61,69,70"
651,16:31,4,4,여의도,8,"8,12,16,22,28,30,32,47"
651,16:31,5,5,김포공항,3,"14,56,60"
651,16:31,6,6,일산,4,"6,68,90,97"
651,16:31,7,7,판교,7,"5,23,50,71,78,82,85"
651,16:31,8,8,동탄/용인,1,91
651,16:31,9,9,평택,5,"0,17,75,87,88"
652,16:32,1,1,서울역,11,"4,10,33,35,37,41,43,44,84,89,94"
652,16:32,10,10,인천공항,2,"92,96"
652,16:32,2,2,수서,13,"11,18,19,26,31,40,46,49,53,58,59,79,95"
652,16:32,3,3,삼성,8,"1,13,21,39,42,61,69,70"
652,16:32,4,4,여의도,8,"8,12,16,22,30,32,47,67"
652,16:32,5,5,김포공항,4,"14,38,56,60"
652,16:32,6,6,일산,4,"6,68,90,97"
652,16:32,7,7,판교,7,"5,23,50,71,78,82,85"
652,16:32,8,8,동탄/용인,2,"29,91"
652,16:32,9,9,평택,6,"0,17,24,75,87,88"
653,16:33,1,1,서울역,9,"10,33,35,41,43,44,84,89,94"
653,16:33,10,10,인천공항,2,"92,96"
653,16:33,2,2,수서,14,"11,18,19,26,31,40,45,46,49,53,58,59,79,95"
653,16:33,3,3,삼성,9,"1,13,21,39,42,61,69,70,72"
653,16:33,4,4,여의도,8,"8,12,16,22,30,32,47,67"
653,16:33,5,5,김포공항,5,"3,14,38,56,60"
653,16:33,6,6,일산,4,"6,68,90,97"
653,16:33,7,7,판교,8,"5,23,50,71,73,78,82,85"
653,16:33,8,8,동탄/용인,2,"29,91"
653,16:33,9,9,평택,6,"0,7,17,24,75,87"
654,16:34,1,1,서울역,7,"10,33,35,41,43,44,89"
654,16:34,10,10,인천공항,2,"92,96"
654,16:34,2,2,수서,13,"11,18,19,26,31,40,45,46,49,53,58,59,95"
654,16:34,3,3,삼성,9,"1,13,21,39,42,61,69,70,72"
654,16:34,4,4,여의도,10,"8,12,16,20,22,30,32,34,47,67"
654,16:34,5,5,김포공항,5,"3,14,38,56,60"
654,16:34,6,6,일산,6,"6,64,65,68,90,97"
654,16:34,7,7,판교,8,"5,23,50,71,73,78,82,85"
654,16:34,8,8,동탄/용인,2,"29,91"
654,16:34,9,9,평택,5,"0,7,24,75,87"
655,16:35,1,1,서울역,6,"10,33,35,36,44,54"
655,16:35,10,10,인천공항,2,"92,96"
655,16:35,2,2,수서,14,"11,18,19,26,31,40,45,46,48,49,53,58,59,95"
655,16:35,3,3,삼성,9,"1,13,21,39,42,61,69,70,72"
655,16:35,4,4,여의도,11,"8,12,16,20,22,30,32,34,47,57,67"
655,16:35,5,5,김포공항,6,"3,14,25,38,56,60"
655,16:35,6,6,일산,7,"6,55,64,65,68,90,97"
655,16:35,7,7,판교,7,"5,23,50,73,78,82,85"
655,16:35,8,8,동탄/용인,1,91
655,16:35,9,9,평택,5,"0,7,24,75,87"
656,16:36,1,1,서울역,8,"10,33,35,36,44,54,62,93"
656,16:36,10,10,인천공항,1,96
656,16:36,2,2,수서,14,"11,18,19,26,31,40,45,46,48,49,53,58,59,95"
656,16:36,3,3,삼성,10,"1,13,21,39,42,61,69,70,72,76"
656,16:36,4,4,여의도,10,"8,12,16,20,22,30,32,34,57,67"
656,16:36,5,5,김포공항,5,"3,25,38,56,60"
656,16:36,6,6,일산,7,"6,55,64,65,68,90,97"
656,16:36,7,7,판교,6,"5,23,73,78,82,85"
656,16:36,8,8,동탄/용인,1,91
656,16:36,9,9,평택,5,"0,7,24,75,87"
657,16:37,1,1,서울역,7,"10,33,36,44,54,62,93"
657,16:37,10,10,인천공항,2,"83,96"
657,16:37,2,2,수서,13,"11,18,19,26,40,45,46,48,49,53,58,59,95"
657,16:37,3,3,삼성,11,"1,13,21,39,42,61,69,70,72,76,80"
657,16:37,4,4,여의도,11,"8,9,12,16,20,22,30,32,34,57,67"
657,16:37,5,5,김포공항,6,"2,3,25,38,56,60"
657,16:37,6,6,일산,9,"6,15,55,64,65,68,77,90,97"
657,16:37,7,7,판교,6,"5,23,73,78,82,85"
657,16:37,8,8,동탄/용인,1,91
657,16:37,9,9,평택,5,"0,7,24,75,87"
658,16:38,1,1,서울역,5,"10,33,44,62,93"
658,16:38,10,10,인천공항,2,"83,96"
658,16:38,2,2,수서,13,"18,19,26,28,40,45,46,48,49,53,58,59,95"
658,16:38,3,3,삼성,10,"1,13,21,39,42,69,70,72,76,80"
658,16:38,4,4,여의도,10,"8,9,12,16,20,22,30,34,57,67"
658,16:38,5,5,김포공항,5,"2,3,25,56,60"
658,16:38,6,6,일산,10,"6,15,51,55,64,65,68,77,90,97"
658,16:38,7,7,판교,6,"5,23,73,78,82,85"
658,16:38,8,8,동탄/용인,1,91
658,16:38,9,9,평택,5,"0,7,24,75,87"
659,16:39,1,1,서울역,4,"10,33,44,74"
659,16:39,10,10,인천공항,3,"66,83,96"
659,16:39,2,2,수서,12,"18,19,26,28,40,45,46,48,49,53,59,95"
659,16:39,3,3,삼성,12,"1,4,13,21,39,42,69,70,72,76,80,98"
659,16:39,4,4,여의도,10,"8,9,12,16,20,22,30,34,57,67"
659,16:39,5,5,김포공항,5,"2,3,25,56,60"
659,16:39,6,6,일산,10,"6,15,51,55,64,65,68,77,90,97"
659,16:39,7,7,판교,4,"5,23,78,82"
659,16:39,8,8,동탄/용인,1,91
659,16:39,9,9,평택,5,"0,7,24,75,87"
660,16:40,1,1,서울역,4,"10,33,44,74"
660,16:40,10,10,인천공항,3,"66,86,96"
660,16:40,2,2,수서,10,"18,19,26,28,40,45,46,53,59,95"
660,16:40,3,3,삼성,10,"4,21,39,42,69,70,72,76,80,98"
660,16:40,4,4,여의도,7,"9,12,16,20,22,57,67"
660,16:40,5,5,김포공항,3,"2,3,25"
660,16:40,6,6,일산,8,"6,37,51,55,64,65,68,90"
660,16:40,7,7,판교,4,"5,23,78,82"
660,16:40,9,9,평택,5,"0,7,24,75,87"
661,16:41,1,1,서울역,4,"10,33,44,74"
661,16:41,10,10,인천공항,2,"66,86"
661,16:41,2,2,수서,10,"18,19,26,28,40,45,46,59,84,95"
661,16:41,3,3,삼성,11,"4,21,39,41,42,69,70,72,76,80,98"
661,16:41,4,4,여의도,6,"9,12,16,20,22,67"
661,16:41,5,5,김포공항,2,"2,3"
661,16:41,6,6,일산,7,"37,51,55,64,65,68,90"
661,16:41,7,7,판교,4,"5,23,78,82"
661,16:41,9,9,평택,5,"0,7,24,75,87"
662,16:42,1,1,서울역,3,"10,33,44"
662,16:42,10,10,인천공항,2,"66,86"
662,16:42,2,2,수서,10,"18,19,26,28,40,45,46,59,84,95"
662,16:42,3,3,삼성,10,"4,21,39,41,70,72,76,80,81,98"
662,16:42,4,4,여의도,7,"9,12,16,20,22,67,71"
662,16:42,5,5,김포공항,3,"2,79,94"
662,16:42,6,6,일산,8,"37,51,55,64,65,68,89,90"
662,16:42,7,7,판교,5,"5,23,52,78,82"
662,16:42,9,9,평택,5,"0,7,24,75,87"
663,16:43,1,1,서울역,3,"10,33,50"
663,16:43,10,10,인천공항,2,"66,86"
663,16:43,2,2,수서,7,"18,26,28,45,46,59,84"
663,16:43,3,3,삼성,11,"4,21,35,39,41,70,72,76,80,81,98"
663,16:43,4,4,여의도,7,"9,12,16,20,22,31,71"
663,16:43,5,5,김포공항,4,"2,43,79,94"
663,16:43,6,6,일산,7,"37,51,55,64,65,68,89"
663,16:43,7,7,판교,6,"5,23,47,52,78,82"
663,16:43,9,9,평택,4,"0,24,75,87"
664,16:44,1,1,서울역,4,"10,33,34,50"
664,16:44,10,10,인천공항,2,"66,86"
664,16:44,2,2,수서,7,"18,26,28,32,45,59,84"
664,16:44,3,3,삼성,9,"4,21,35,39,70,72,80,81,98"
664,16:44,4,4,여의도,7,"9,12,16,20,22,31,71"
664,16:44,5,5,김포공항,4,"2,43,79,94"
664,16:44,6,6,일산,6,"51,55,64,65,68,89"
664,16:44,7,7,판교,5,"23,47,52,78,82"
664,16:44,9,9,평택,4,"0,24,75,87"
665,16:45,1,1,서울역,4,"10,33,34,50"
665,16:45,10,10,인천공항,2,"66,86"
665,16:45,2,2,수서,5,"26,32,45,59,84"
665,16:45,3,3,삼성,8,"4,21,35,39,70,72,80,81"
665,16:45,4,4,여의도,6,"9,12,20,22,31,71"
665,16:45,5,5,김포공항,2,"2,43"
665,16:45,6,6,일산,6,"36,51,55,64,65,68"
665,16:45,7,7,판교,4,"23,47,52,82"
665,16:45,9,9,평택,4,"0,24,75,87"
666,16:46,1,1,서울역,7,"1,13,33,34,50,58,73"
666,16:46,10,10,인천공항,3,"14,66,86"
666,16:46,2,2,수서,8,"8,26,30,32,45,59,84,93"
666,16:46,3,3,삼성,7,"4,21,35,39,70,72,81"
666,16:46,4,4,여의도,11,"9,12,20,27,29,31,48,49,56,71,85"
666,16:46,5,5,김포공항,5,"2,11,43,54,61"
666,16:46,6,6,일산,5,"36,51,55,65,68"
666,16:46,7,7,판교,5,"17,23,47,52,82"
666,16:46,9,9,평택,3,"0,75,87"
667,16:47,1,1,서울역,8,"1,13,15,33,50,58,73,97"
667,16:47,10,10,인천공항,3,"14,66,86"
667,16:47,2,2,수서,9,"8,26,30,32,41,59,76,84,93"
667,16:47,3,3,삼성,7,"4,21,35,39,70,72,81"
667,16:47,4,4,여의도,11,"12,20,27,29,31,48,49,53,56,71,85"
667,16:47,5,5,김포공항,6,"2,11,43,54,61,62"
667,16:47,6,6,일산,5,"36,51,55,65,68"
667,16:47,7,7,판교,3,"17,47,52"
667,16:47,9,9,평택,3,"0,75,87"
668,16:48,1,1,서울역,7,"1,13,15,50,58,73,97"
668,16:48,10,10,인천공항,3,"14,66,86"
668,16:48,2,2,수서,9,"8,26,30,32,41,59,76,84,93"
668,16:48,3,3,삼성,7,"4,35,39,70,72,81,88"
668,16:48,4,4,여의도,11,"12,20,27,29,31,48,49,53,56,71,85"
668,16:48,5,5,김포공항,6,"2,11,43,54,61,62"
668,16:48,6,6,일산,6,"36,51,55,63,65,68"
668,16:48,7,7,판교,4,"17,47,52,57"
668,16:48,9,9,평택,3,"0,75,87"
669,16:49,1,1,서울역,6,"15,25,50,58,73,97"
669,16:49,10,10,인천공항,3,"14,66,86"
669,16:49,2,2,수서,10,"8,26,30,32,41,59,67,76,84,93"
669,16:49,3,3,삼성,7,"4,35,39,44,70,81,88"
669,16:49,4,4,여의도,10,"12,20,27,29,31,40,42,53,71,85"
669,16:49,5,5,김포공항,6,"2,11,43,54,61,62"
669,16:49,6,6,일산,6,"36,51,55,63,65,68"
669,16:49,7,7,판교,4,"17,47,52,57"
669,16:49,9,9,평택,3,"0,75,87"
670,16:50,1,1,서울역,6,"15,25,50,58,73,90"
670,16:50,10,10,인천공항,3,"14,66,86"
670,16:50,2,2,수서,8,"8,26,30,32,59,67,84,93"
670,16:50,3,3,삼성,9,"3,4,35,39,44,70,81,88,91"
670,16:50,4,4,여의도,9,"12,20,27,29,31,40,42,71,85"
670,16:50,5,5,김포공항,7,"2,11,54,61,62,69,74"
670,16:50,6,6,일산,6,"36,51,55,63,65,68"
670,16:50,7,7,판교,5,"17,47,52,57,60"
670,16:50,9,9,평택,3,"0,75,87"
671,16:51,1,1,서울역,7,"15,25,37,50,58,73,90"
671,16:51,10,10,인천공항,3,"14,66,86"
671,16:51,2,2,수서,9,"8,26,30,32,59,67,77,84,93"
671,16:51,3,3,삼성,10,"3,6,35,39,44,70,81,88,91,92"
671,16:51,4,4,여의도,12,"5,12,18,20,27,28,29,31,40,42,71,85"
671,16:51,5,5,김포공항,9,"2,11,19,54,61,62,69,74,95"
671,16:51,6,6,일산,6,"36,51,55,63,65,68"
671,16:51,7,7,판교,5,"17,47,52,57,60"
671,16:51,9,9,평택,2,"0,99"
672,16:52,1,1,서울역,8,"15,37,50,58,73,78,89,90"
672,16:52,10,10,인천공항,2,"14,66"
672,16:52,2,2,수서,8,"8,26,30,32,59,77,84,93"
672,16:52,3,3,삼성,10,"3,6,10,35,39,70,81,88,91,92"
672,16:52,4,4,여의도,12,"5,12,18,20,27,28,29,40,42,71,83,85"
672,16:52,5,5,김포공항,10,"2,11,19,46,54,61,62,69,74,95"
672,16:52,6,6,일산,6,"36,51,55,63,65,68"
672,16:52,7,7,판교,6,"16,17,47,52,57,60"
672,16:52,9,9,평택,2,"0,99"
673,16:53,1,1,서울역,7,"37,50,58,73,78,89,94"
673,16:53,10,10,인천공항,2,"14,66"
673,16:53,2,2,수서,8,"8,9,26,30,77,79,84,93"
673,16:53,3,3,삼성,10,"3,6,10,35,39,70,81,88,91,92"
673,16:53,4,4,여의도,11,"5,12,18,20,27,28,29,42,71,83,85"
673,16:53,5,5,김포공항,10,"2,11,19,46,54,61,62,69,74,95"
673,16:53,6,6,일산,6,"36,51,55,63,65,68"
673,16:53,7,7,판교,5,"16,17,47,52,57"
673,16:53,9,9,평택,2,"0,99"
674,16:54,1,1,서울역,7,"50,58,73,78,82,89,94"
674,16:54,10,10,인천공항,2,"14,66"
674,16:54,2,2,수서,8,"8,9,26,30,34,79,84,93"
674,16:54,3,3,삼성,10,"3,6,10,35,39,70,81,88,91,92"
674,16:54,4,4,여의도,10,"5,18,20,23,27,28,29,71,83,85"
674,16:54,5,5,김포공항,10,"2,11,19,46,54,61,62,69,74,95"
674,16:54,6,6,일산,6,"36,51,55,63,65,68"
674,16:54,7,7,판교,5,"16,17,47,52,57"
674,16:54,9,9,평택,2,"0,99"
675,16:55,1,1,서울역,7,"50,58,72,73,78,82,94"
675,16:55,10,10,인천공항,2,"14,66"
675,16:55,2,2,수서,9,"8,9,26,30,34,48,49,79,93"
675,16:55,3,3,삼성,12,"1,3,6,10,13,35,39,70,81,88,91,92"
675,16:55,4,4,여의도,8,"5,18,20,23,27,28,29,71"
675,16:55,5,5,김포공항,11,"2,11,19,45,46,54,61,62,69,74,95"
675,16:55,6,6,일산,7,"33,36,51,55,63,65,68"
675,16:55,7,7,판교,5,"16,17,47,52,57"
675,16:55,9,9,평택,3,"0,38,99"
676,16:56,1,1,서울역,7,"31,50,58,72,73,78,82"
676,16:56,10,10,인천공항,2,"14,66"
676,16:56,2,2,수서,9,"8,9,26,30,34,48,49,53,93"
676,16:56,3,3,삼성,11,"1,3,6,10,13,35,39,81,88,91,92"
676,16:56,4,4,여의도,9,"5,18,20,23,27,28,29,43,71"
676,16:56,5,5,김포공항,12,"2,11,19,21,45,46,54,61,62,69,74,95"
676,16:56,6,6,일산,8,"33,36,51,55,63,65,68,80"
676,16:56,7,7,판교,5,"16,47,52,56,57"
676,16:56,9,9,평택,3,"0,38,99"
677,16:57,1,1,서울역,9,"31,40,41,50,58,72,73,78,82"
677,16:57,10,10,인천공항,2,"14,66"
677,16:57,2,2,수서,9,"8,9,26,30,34,48,49,53,93"
677,16:57,3,3,삼성,10,"1,3,6,10,13,35,39,88,91,92"
677,16:57,4,4,여의도,7,"5,20,23,27,29,43,71"
677,16:57,5,5,김포공항,12,"2,11,19,21,45,46,54,61,62,69,74,95"
677,16:57,6,6,일산,6,"33,36,55,63,68,80"
677,16:57,7,7,판교,5,"16,47,52,56,57"
677,16:57,9,9,평택,2,"0,38"
678,16:58,1,1,서울역,10,"31,40,41,42,44,50,58,72,73,82"
678,16:58,10,10,인천공항,2,"14,66"
678,16:58,2,2,수서,9,"8,9,26,30,34,48,49,53,93"
678,16:58,3,3,삼성,10,"1,3,6,7,10,13,35,39,91,92"
678,16:58,4,4,여의도,6,"5,23,27,29,43,71"
678,16:58,5,5,김포공항,14,"2,11,19,21,45,46,54,61,62,69,74,76,95,97"
678,16:58,6,6,일산,6,"33,36,55,63,68,80"
678,16:58,7,7,판교,6,"16,47,52,56,57,64"
678,16:58,9,9,평택,2,"0,38"
679,16:59,1,1,서울역,11,"31,40,41,42,44,50,58,67,72,73,82"
679,16:59,10,10,인천공항,2,"14,66"
679,16:59,2,2,수서,8,"9,26,30,34,48,49,53,93"
679,16:59,3,3,삼성,10,"1,3,6,7,10,13,35,39,91,92"
679,16:59,4,4,여의도,6,"5,23,27,29,59,71"
679,16:59,5,5,김포공항,15,"2,4,11,19,21,45,46,54,61,62,69,74,76,95,97"
679,16:59,6,6,일산,6,"33,36,55,63,68,80"
679,16:59,7,7,판교,6,"16,47,52,56,57,64"
679,16:59,9,9,평택,2,"0,38"
680,17:00,1,1,서울역,9,"31,41,42,44,50,58,67,72,73"
680,17:00,10,10,인천공항,3,"14,66,98"
680,17:00,2,2,수서,6,"9,12,30,34,48,93"
680,17:00,3,3,삼성,10,"1,3,6,7,10,13,35,39,91,92"
680,17:00,4,4,여의도,7,"5,23,27,29,59,60,71"
680,17:00,5,5,김포공항,13,"2,4,11,19,21,25,45,46,69,74,76,95,97"
680,17:00,6,6,일산,7,"15,33,36,55,63,68,80"
680,17:00,7,7,판교,7,"16,47,52,56,57,64,90"
680,17:00,9,9,평택,3,"0,38,96"
681,17:01,1,1,서울역,9,"31,41,42,50,58,67,72,73,77"
681,17:01,10,10,인천공항,3,"14,66,98"
681,17:01,2,2,수서,7,"9,12,30,34,48,85,93"
681,17:01,3,3,삼성,10,"1,3,6,7,10,13,35,39,91,92"
681,17:01,4,4,여의도,9,"5,23,24,27,29,59,60,71,84"
681,17:01,5,5,김포공항,10,"4,11,21,25,32,69,74,76,95,97"
681,17:01,6,6,일산,8,"15,33,36,37,55,63,68,80"
681,17:01,7,7,판교,6,"16,52,56,57,64,90"
681,17:01,9,9,평택,4,"0,22,38,96"
682,17:02,1,1,서울역,7,"41,42,50,58,72,73,77"
682,17:02,10,10,인천공항,3,"14,66,98"
682,17:02,2,2,수서,8,"9,12,30,34,48,85,89,93"
682,17:02,3,3,삼성,10,"1,3,6,7,10,13,35,39,91,92"
682,17:02,4,4,여의도,9,"5,23,24,27,29,59,60,71,84"
682,17:02,5,5,김포공항,8,"4,11,25,32,69,76,95,97"
682,17:02,6,6,일산,7,"15,33,36,37,63,68,80"
682,17:02,7,7,판교,5,"16,52,57,64,90"
682,17:02,9,9,평택,4,"0,22,38,96"
683,17:03,1,1,서울역,7,"41,42,58,72,73,77,79"
683,17:03,10,10,인천공항,2,"66,98"
683,17:03,2,2,수서,9,"9,12,18,28,30,34,85,89,94"
683,17:03,3,3,삼성,10,"1,3,6,7,10,13,35,39,91,92"
683,17:03,4,4,여의도,10,"5,17,23,24,27,29,59,60,71,84"
683,17:03,5,5,김포공항,8,"4,11,25,32,69,76,95,97"
683,17:03,6,6,일산,6,"15,33,36,37,63,80"
683,17:03,7,7,판교,4,"16,52,64,90"
683,17:03,9,9,평택,4,"0,22,38,96"
684,17:04,1,1,서울역,6,"41,58,72,73,77,79"
684,17:04,10,10,인천공항,2,"66,98"
684,17:04,2,2,수서,9,"9,12,18,20,28,30,34,89,94"
684,17:04,3,3,삼성,10,"1,3,6,7,10,13,35,39,78,91"
684,17:04,4,4,여의도,11,"5,17,23,24,27,29,59,60,71,81,84"
684,17:04,5,5,김포공항,8,"4,11,25,32,69,76,95,97"
684,17:04,6,6,일산,6,"15,33,36,37,63,80"
684,17:04,7,7,판교,2,"64,90"
684,17:04,9,9,평택,4,"0,22,38,96"
685,17:05,1,1,서울역,6,"41,58,72,73,77,79"
685,17:05,10,10,인천공항,2,"66,98"
685,17:05,2,2,수서,9,"9,12,18,20,28,30,34,89,94"
685,17:05,3,3,삼성,9,"1,6,7,10,13,35,39,78,91"
685,17:05,4,4,여의도,10,"5,17,23,24,27,29,60,81,84,88"
685,17:05,5,5,김포공항,7,"4,11,25,32,76,95,97"
685,17:05,6,6,일산,5,"15,36,37,63,80"
685,17:05,7,7,판교,2,"64,90"
685,17:05,9,9,평택,4,"0,22,38,96"
686,17:06,1,1,서울역,5,"41,72,73,77,79"
686,17:06,10,10,인천공항,2,"66,98"
686,17:06,2,2,수서,7,"12,18,20,28,34,89,94"
686,17:06,3,3,삼성,10,"1,7,10,13,35,39,43,78,82,91"
686,17:06,4,4,여의도,14,"5,17,24,27,29,54,60,61,62,75,81,84,87,88"
686,17:06,5,5,김포공항,4,"4,11,32,95"
686,17:06,6,6,일산,5,"15,36,37,63,80"
686,17:06,7,7,판교,1,90
686,17:06,9,9,평택,3,"0,22,38"
687,17:07,1,1,서울역,7,"41,49,53,72,73,77,79"
687,17:07,10,10,인천공항,3,"66,83,98"
687,17:07,2,2,수서,7,"12,18,20,28,34,89,94"
687,17:07,3,3,삼성,13,"1,7,10,13,35,39,43,44,51,78,82,86,91"
687,17:07,4,4,여의도,14,"17,27,29,45,46,54,60,61,62,75,81,84,87,88"
687,17:07,5,5,김포공항,5,"4,8,11,32,95"
687,17:07,6,6,일산,5,"15,36,37,63,80"
687,17:07,7,7,판교,1,90
687,17:07,9,9,평택,3,"0,22,38"
688,17:08,1,1,서울역,6,"41,49,53,73,77,79"
688,17:08,10,10,인천공항,3,"66,83,98"
688,17:08,2,2,수서,7,"12,18,20,28,34,89,94"
688,17:08,3,3,삼성,11,"7,10,13,35,43,44,51,78,82,86,91"
688,17:08,4,4,여의도,15,"17,27,29,45,46,47,54,60,61,62,75,81,84,87,88"
688,17:08,5,5,김포공항,7,"4,8,11,26,32,40,95"
688,17:08,6,6,일산,5,"15,36,37,63,80"
688,17:08,7,7,판교,1,90
688,17:08,9,9,평택,3,"0,22,38"
689,17:09,1,1,서울역,7,"19,41,49,53,56,73,77"
689,17:09,10,10,인천공항,3,"66,83,98"
689,17:09,2,2,수서,8,"2,12,18,20,28,34,89,94"
689,17:09,3,3,삼성,11,"7,10,13,35,43,44,50,51,78,86,91"
689,17:09,4,4,여의도,14,"17,29,45,46,47,48,54,60,75,81,84,87,88,93"
689,17:09,5,5,김포공항,5,"4,8,11,26,40"
689,17:09,6,6,일산,5,"15,31,37,63,80"
689,17:09,7,7,판교,2,"65,90"
689,17:09,9,9,평택,3,"0,22,38"
690,17:10,1,1,서울역,5,"19,41,56,73,92"
690,17:10,10,10,인천공항,3,"66,83,98"
690,17:10,2,2,수서,8,"2,12,18,20,28,34,89,94"
690,17:10,3,3,삼성,12,"7,10,13,21,35,43,44,50,51,74,86,91"
690,17:10,4,4,여의도,13,"17,29,47,48,54,57,60,75,81,84,87,88,93"
690,17:10,5,5,김포공항,6,"4,8,11,26,40,67"
690,17:10,6,6,일산,5,"15,31,37,63,80"
690,17:10,7,7,판교,2,"65,90"
690,17:10,9,9,평택,3,"0,22,38"
691,17:11,1,1,서울역,7,"3,19,41,56,73,85,92"
691,17:11,10,10,인천공항,3,"66,83,98"
691,17:11,2,2,수서,9,"2,12,20,28,34,59,71,89,94"
691,17:11,3,3,삼성,10,"7,10,21,43,44,50,51,74,86,91"
691,17:11,4,4,여의도,16,"16,17,29,47,48,52,54,57,60,69,75,81,84,87,88,93"
691,17:11,5,5,김포공항,5,"4,8,11,26,67"
691,17:11,6,6,일산,5,"15,31,37,63,80"
691,17:11,7,7,판교,2,"65,90"
691,17:11,9,9,평택,4,"0,22,38,70"
692,17:12,1,1,서울역,7,"3,19,33,41,56,85,92"
692,17:12,10,10,인천공항,3,"66,83,98"
692,17:12,2,2,수서,8,"2,12,20,23,59,71,89,94"
692,17:12,3,3,삼성,11,"7,21,43,44,50,51,55,58,74,86,91"
692,17:12,4,4,여의도,15,"9,16,29,47,48,52,57,60,69,81,84,87,88,93,99"
692,17:12,5,5,김포공항,6,"4,8,11,26,42,67"
692,17:12,6,6,일산,5,"15,31,37,63,80"
692,17:12,7,7,판교,2,"65,90"
692,17:12,9,9,평택,4,"0,22,38,70"
693,17:13,1,1,서울역,7,"3,19,30,33,56,85,92"
693,17:13,10,10,인천공항,3,"66,83,98"
693,17:13,2,2,수서,8,"2,12,23,24,59,71,89,94"
693,17:13,3,3,삼성,10,"7,43,44,50,51,55,58,74,86,91"
693,17:13,4,4,여의도,16,"6,9,16,29,47,52,57,60,64,69,81,84,87,88,93,99"
693,17:13,5,5,김포공항,5,"8,11,26,42,67"
693,17:13,6,6,일산,3,"31,37,80"
693,17:13,7,7,판교,2,"65,90"
693,17:13,9,9,평택,3,"22,38,70"
694,17:14,1,1,서울역,7,"3,19,30,33,56,92,97"
694,17:14,10,10,인천공항,3,"66,83,98"
694,17:14,2,2,수서,7,"2,12,23,24,35,89,94"
694,17:14,3,3,삼성,13,"5,7,43,44,50,51,55,58,72,74,76,86,91"
694,17:14,4,4,여의도,15,"6,9,16,29,47,52,57,64,69,81,84,87,88,93,99"
694,17:14,5,5,김포공항,5,"8,11,26,42,67"
694,17:14,6,6,일산,3,"31,37,80"
694,17:14,7,7,판교,1,65
694,17:14,9,9,평택,1,70
695,17:15,1,1,서울역,7,"3,30,33,56,82,92,97"
695,17:15,10,10,인천공항,2,"83,98"
695,17:15,2,2,수서,7,"2,12,23,24,27,35,94"
695,17:15,3,3,삼성,11,"5,7,44,51,55,58,72,74,76,86,91"
695,17:15,4,4,여의도,16,"6,9,14,16,29,47,52,57,64,69,81,84,87,88,93,99"
695,17:15,5,5,김포공항,5,"8,11,26,42,67"
695,17:15,6,6,일산,3,"31,37,80"
695,17:15,7,7,판교,2,"65,68"
695,17:15,9,9,평택,1,70
696,17:16,1,1,서울역,8,"3,30,33,36,56,78,82,97"
696,17:16,10,10,인천공항,3,"25,83,98"
696,17:16,2,2,수서,9,"2,12,23,24,27,35,45,46,94"
696,17:16,3,3,삼성,10,"5,7,44,51,55,58,72,76,86,91"
696,17:16,4,4,여의도,15,"6,9,14,16,47,52,57,64,69,81,84,87,88,93,99"
696,17:16,5,5,김포공항,5,"11,26,39,42,67"
696,17:16,6,6,일산,3,"31,37,80"
696,17:16,7,7,판교,5,"61,62,65,68,79"
696,17:16,9,9,평택,1,70
697,17:17,1,1,서울역,9,"13,30,32,33,36,56,78,82,97"
697,17:17,10,10,인천공항,3,"25,83,98"
697,17:17,2,2,수서,10,"2,12,23,24,27,45,46,49,53,94"
697,17:17,3,3,삼성,11,"5,7,44,51,55,58,72,76,86,91,95"
697,17:17,4,4,여의도,15,"6,9,14,18,40,47,52,57,64,81,84,87,88,93,99"
697,17:17,5,5,김포공항,5,"11,26,39,42,67"
697,17:17,6,6,일산,3,"31,37,80"
697,17:17,7,7,판교,5,"61,62,65,68,79"
697,17:17,9,9,평택,1,70
698,17:18,1,1,서울역,8,"13,30,32,33,36,56,78,97"
698,17:18,10,10,인천공항,3,"25,83,98"
698,17:18,2,2,수서,12,"2,12,17,23,24,27,45,46,49,53,75,94"
698,17:18,3,3,삼성,12,"5,7,44,51,55,58,72,73,76,86,91,95"
698,17:18,4,4,여의도,15,"6,9,14,18,28,40,47,52,57,64,81,84,87,88,93"
698,17:18,5,5,김포공항,6,"11,26,39,42,67,77"
698,17:18,6,6,일산,2,"37,80"
698,17:18,7,7,판교,5,"61,62,65,68,79"
698,17:18,9,9,평택,1,70
699,17:19,1,1,서울역,9,"13,30,32,33,34,36,56,78,97"
699,17:19,10,10,인천공항,3,"25,83,98"
699,17:19,2,2,수서,13,"2,12,17,23,24,27,45,46,48,49,53,75,94"
699,17:19,3,3,삼성,12,"5,7,51,54,55,58,72,73,76,86,91,95"
699,17:19,4,4,여의도,14,"6,9,14,18,28,40,47,52,57,64,84,87,88,93"
699,17:19,5,5,김포공항,5,"11,39,42,67,77"
699,17:19,6,6,일산,2,"37,80"
699,17:19,7,7,판교,5,"61,62,65,68,79"
699,17:19,9,9,평택,1,70
700,17:20,1,1,서울역,9,"13,20,30,32,33,34,36,56,78"
700,17:20,10,10,인천공항,3,"25,83,98"
700,17:20,2,2,수서,13,"2,12,17,23,24,27,45,46,48,49,53,75,94"
700,17:20,3,3,삼성,10,"7,51,54,55,58,72,73,86,91,95"
700,17:20,4,4,여의도,13,"6,14,28,47,52,57,59,64,71,84,87,88,93"
700,17:20,5,5,김포공항,4,"11,39,42,77"
700,17:20,6,6,일산,2,"37,80"
700,17:20,7,7,판교,6,"41,61,62,65,68,79"
700,17:20,9,9,평택,1,70
701,17:21,1,1,서울역,10,"4,13,20,30,32,34,36,50,56,78"
701,17:21,10,10,인천공항,3,"25,83,98"
701,17:21,2,2,수서,13,"2,12,17,23,24,27,45,46,48,49,53,85,94"
701,17:21,3,3,삼성,10,"7,54,55,58,60,72,73,86,91,95"
701,17:21,4,4,여의도,13,"6,28,52,57,59,64,71,84,87,88,90,93,96"
701,17:21,5,5,김포공항,5,"11,21,39,42,77"
701,17:21,6,6,일산,2,"37,80"
701,17:21,7,7,판교,5,"41,61,62,65,79"
701,17:21,9,9,평택,1,70
702,17:22,1,1,서울역,9,"4,13,20,32,34,36,50,74,78"
702,17:22,10,10,인천공항,3,"25,83,98"
702,17:22,2,2,수서,12,"2,12,17,23,24,27,29,48,49,53,85,94"
702,17:22,3,3,삼성,10,"7,54,55,58,60,72,73,86,92,95"
702,17:22,4,4,여의도,12,"6,28,52,57,59,64,71,87,88,90,93,96"
702,17:22,5,5,김포공항,5,"11,21,39,42,77"
702,17:22,6,6,일산,2,"37,80"
702,17:22,7,7,판교,5,"41,61,62,65,79"
702,17:22,9,9,평택,1,70
703,17:23,1,1,서울역,6,"4,20,34,36,50,74"
703,17:23,10,10,인천공항,4,"1,25,83,98"
703,17:23,2,2,수서,13,"2,12,16,17,23,24,27,29,48,49,53,85,94"
703,17:23,3,3,삼성,9,"7,54,58,60,63,73,86,92,95"
703,17:23,4,4,여의도,9,"6,28,35,57,71,88,90,93,96"
703,17:23,5,5,김포공항,7,"19,21,39,42,43,77,89"
703,17:23,6,6,일산,1,37
703,17:23,7,7,판교,5,"41,61,62,65,79"
703,17:23,9,9,평택,1,70
704,17:24,1,1,서울역,6,"4,20,34,36,50,74"
704,17:24,10,10,인천공항,4,"1,25,83,98"
704,17:24,2,2,수서,14,"3,8,12,16,17,23,24,27,29,48,49,53,94,99"
704,17:24,3,3,삼성,10,"7,54,58,60,63,73,82,86,92,95"
704,17:24,4,4,여의도,8,"6,28,35,57,71,88,90,96"
704,17:24,5,5,김포공항,6,"19,21,39,42,43,89"
704,17:24,6,6,일산,1,37
704,17:24,7,7,판교,6,"41,61,62,65,69,79"
705,17:25,1,1,서울역,6,"4,20,31,34,50,74"
705,17:25,10,10,인천공항,4,"1,25,83,98"
705,17:25,2,2,수서,13,"3,8,12,16,17,23,24,27,29,49,53,94,99"
705,17:25,3,3,삼성,9,"7,54,58,60,63,73,82,86,92"
705,17:25,4,4,여의도,8,"6,28,35,57,71,88,90,96"
705,17:25,5,5,김포공항,5,"19,21,42,43,89"
705,17:25,7,7,판교,6,"15,41,61,62,65,69"
706,17:26,1,1,서울역,8,"4,5,20,31,34,50,74,76"
706,17:26,10,10,인천공항,4,"1,25,83,98"
706,17:26,2,2,수서,11,"3,8,12,16,17,24,27,29,49,53,99"
706,17:26,3,3,삼성,9,"7,54,58,60,73,82,86,92,97"
706,17:26,4,4,여의도,8,"6,28,35,57,67,71,90,96"
706,17:26,5,5,김포공항,5,"19,21,42,43,89"
706,17:26,7,7,판교,6,"15,41,61,65,69,81"
707,17:27,1,1,서울역,8,"4,5,20,31,34,50,74,76"
707,17:27,10,10,인천공항,4,"1,10,25,98"
707,17:27,2,2,수서,10,"3,8,14,16,24,27,29,47,49,53"
707,17:27,3,3,삼성,12,"7,9,18,40,54,58,60,73,82,85,92,97"
707,17:27,4,4,여의도,6,"6,35,67,71,75,90"
707,17:27,5,5,김포공항,5,"19,42,43,44,89"
707,17:27,7,7,판교,5,"15,41,65,69,81"
708,17:28,1,1,서울역,8,"4,5,20,31,50,68,74,76"
708,17:28,10,10,인천공항,4,"1,10,25,98"
708,17:28,2,2,수서,10,"3,8,14,16,24,27,29,47,49,53"
708,17:28,3,3,삼성,11,"7,9,18,40,58,60,73,82,85,92,97"
708,17:28,4,4,여의도,10,"0,6,35,45,46,51,67,71,75,90"
708,17:28,5,5,김포공항,5,"19,42,43,44,89"
708,17:28,7,7,판교,5,"15,41,65,69,81"
709,17:29,1,1,서울역,8,"4,5,20,31,50,68,74,76"
709,17:29,10,10,인천공항,4,"1,10,25,26"
709,17:29,2,2,수서,13,"3,8,14,16,24,27,29,30,47,49,52,63,64"
709,17:29,3,3,삼성,11,"9,18,38,40,58,60,73,82,85,92,97"
709,17:29,4,4,여의도,9,"0,22,35,45,46,51,71,75,90"
709,17:29,5,5,김포공항,4,"19,42,43,44"
709,17:29,7,7,판교,5,"15,65,69,81,84"
710,17:30,1,1,서울역,8,"4,5,20,31,50,68,74,76"
710,17:30,10,10,인천공항,4,"1,10,25,26"
710,17:30,2,2,수서,14,"3,8,14,16,24,27,29,30,47,49,52,63,64,78"
710,17:30,3,3,삼성,12,"38,40,58,59,60,66,73,82,85,92,97,99"
710,17:30,4,4,여의도,12,"0,2,22,35,45,46,51,55,71,75,77,90"
710,17:30,5,5,김포공항,6,"19,42,43,44,56,91"
710,17:30,7,7,판교,7,"13,15,65,69,81,84,87"
711,17:31,1,1,서울역,8,"4,5,20,50,68,74,76,95"
711,17:31,10,10,인천공항,4,"1,10,25,26"
711,17:31,2,2,수서,14,"3,8,14,16,24,27,29,30,47,49,52,63,64,78"
711,17:31,3,3,삼성,15,"11,36,38,40,58,59,60,66,73,82,85,92,93,97,99"
711,17:31,4,4,여의도,13,"0,2,22,35,45,46,48,51,55,71,75,77,90"
711,17:31,5,5,김포공항,7,"19,32,43,44,56,72,91"
711,17:31,7,7,판교,7,"13,15,65,69,81,84,87"
712,17:32,1,1,서울역,9,"4,5,20,37,68,74,76,79,95"
712,17:32,10,10,인천공항,4,"1,10,25,26"
712,17:32,2,2,수서,13,"3,8,14,24,27,29,30,47,49,52,63,64,78"
712,17:32,3,3,삼성,15,"11,36,38,40,58,59,60,66,73,82,85,92,93,97,99"
712,17:32,4,4,여의도,13,"0,2,22,23,45,46,48,51,55,71,75,77,90"
712,17:32,5,5,김포공항,7,"19,32,43,44,56,72,91"
712,17:32,7,7,판교,6,"13,15,65,69,84,87"
713,17:33,1,1,서울역,9,"20,37,62,68,74,76,79,94,95"
713,17:33,10,10,인천공항,3,"1,10,26"
713,17:33,2,2,수서,13,"14,24,27,28,29,30,39,47,49,52,63,64,78"
713,17:33,3,3,삼성,15,"11,36,38,58,60,66,73,80,82,85,88,92,93,97,99"
713,17:33,4,4,여의도,12,"0,2,12,22,23,45,46,48,51,55,75,90"
713,17:33,5,5,김포공항,7,"19,32,43,44,56,72,91"
713,17:33,7,7,판교,6,"13,15,65,69,84,87"
714,17:34,1,1,서울역,10,"17,20,37,62,68,74,76,79,94,95"
714,17:34,10,10,인천공항,4,"1,10,26,33"
714,17:34,2,2,수서,11,"14,27,28,29,30,39,47,52,63,64,78"
714,17:34,3,3,삼성,13,"11,36,38,60,66,73,80,82,88,92,93,97,99"
714,17:34,4,4,여의도,11,"0,2,12,22,23,48,51,55,61,75,90"
714,17:34,5,5,김포공항,7,"19,32,43,44,56,72,91"
714,17:34,7,7,판교,8,"13,15,57,65,69,84,87,96"
715,17:35,1,1,서울역,11,"7,17,20,37,62,68,74,76,79,94,95"
715,17:35,10,10,인천공항,4,"1,10,26,33"
715,17:35,2,2,수서,12,"6,14,27,28,29,30,39,47,52,63,64,78"
715,17:35,3,3,삼성,14,"11,21,36,38,60,66,73,80,82,88,92,93,97,99"
715,17:35,4,4,여의도,13,"0,2,12,22,23,48,51,54,55,61,75,89,90"
715,17:35,5,5,김포공항,7,"32,43,44,56,72,86,91"
715,17:35,7,7,판교,8,"13,15,57,65,69,84,87,96"
716,17:36,1,1,서울역,12,"7,17,20,37,53,62,68,74,76,79,94,95"
716,17:36,10,10,인천공항,4,"1,10,26,33"
716,17:36,2,2,수서,11,"6,14,27,28,29,39,47,52,63,64,78"
716,17:36,3,3,삼성,14,"11,21,36,38,60,66,73,80,82,88,92,93,97,99"
716,17:36,4,4,여의도,11,"2,12,22,23,41,48,51,54,55,61,89"
716,17:36,5,5,김포공항,7,"32,43,44,56,72,86,91"
716,17:36,7,7,판교,8,"13,15,57,65,67,69,84,96"
717,17:37,1,1,서울역,9,"7,20,37,53,62,74,76,79,94"
717,17:37,10,10,인천공항,4,"1,10,26,33"
717,17:37,2,2,수서,11,"6,14,27,28,29,39,47,52,63,64,78"
717,17:37,3,3,삼성,14,"11,21,31,36,38,60,66,73,80,82,88,92,97,99"
717,17:37,4,4,여의도,12,"2,9,12,18,22,23,41,51,54,55,61,89"
717,17:37,5,5,김포공항,6,"43,44,56,72,86,91"
717,17:37,7,7,판교,8,"13,15,57,65,67,69,84,96"
718,17:38,1,1,서울역,9,"7,20,37,53,62,74,76,79,94"
718,17:38,10,10,인천공항,3,"1,10,33"
718,17:38,2,2,수서,11,"6,14,27,28,29,39,47,52,63,64,78"
718,17:38,3,3,삼성,15,"11,21,31,36,38,50,60,66,73,80,82,88,92,97,99"
718,17:38,4,4,여의도,12,"2,9,12,16,18,22,23,41,51,54,55,61"
718,17:38,5,5,김포공항,6,"43,44,56,72,86,91"
718,17:38,7,7,판교,7,"13,15,57,65,67,69,96"
719,17:39,1,1,서울역,8,"7,20,37,53,62,76,79,94"
719,17:39,10,10,인천공항,3,"1,10,33"
719,17:39,2,2,수서,9,"6,14,27,28,29,52,63,64,71"
719,17:39,3,3,삼성,16,"11,21,30,31,35,36,38,50,60,73,80,82,88,92,97,99"
719,17:39,4,4,여의도,15,"2,3,9,12,16,18,22,23,41,51,54,55,61,70,83"
719,17:39,5,5,김포공항,6,"43,44,56,72,86,91"
719,17:39,7,7,판교,7,"13,15,57,65,67,69,96"
719,17:39,8,8,동탄/용인,1,81
720,17:40,1,1,서울역,7,"7,8,20,53,62,79,94"
720,17:40,10,10,인천공항,3,"1,10,33"
720,17:40,2,2,수서,7,"6,14,28,29,52,64,71"
720,17:40,3,3,삼성,13,"21,30,31,35,36,50,60,73,80,88,92,97,99"
720,17:40,4,4,여의도,18,"2,3,9,12,16,18,22,23,24,40,41,51,54,55,59,61,70,83"
720,17:40,5,5,김포공항,3,"43,44,56"
720,17:40,7,7,판교,8,"4,5,15,65,67,69,77,96"
720,17:40,8,8,동탄/용인,1,81
721,17:41,1,1,서울역,7,"7,8,20,53,62,79,94"
721,17:41,10,10,인천공항,5,"1,10,33,34,42"
721,17:41,2,2,수서,7,"6,14,28,29,52,64,71"
721,17:41,3,3,삼성,12,"30,31,35,36,45,50,60,80,88,92,97,99"
721,17:41,4,4,여의도,19,"2,3,9,12,16,18,22,23,24,40,41,51,54,55,58,59,61,70,83"
721,17:41,5,5,김포공항,3,"43,44,56"
721,17:41,7,7,판교,9,"4,5,15,46,65,67,69,77,96"
721,17:41,8,8,동탄/용인,1,81
722,17:42,1,1,서울역,8,"7,8,20,53,62,79,94,98"
722,17:42,10,10,인천공항,5,"1,10,33,34,42"
722,17:42,2,2,수서,10,"0,6,14,28,29,52,64,71,75,90"
722,17:42,3,3,삼성,11,"31,35,36,45,50,60,80,88,92,97,99"
722,17:42,4,4,여의도,17,"2,3,9,16,18,22,23,24,40,51,54,55,58,59,61,70,83"
722,17:42,5,5,김포공항,4,"43,44,49,56"
722,17:42,7,7,판교,8,"4,5,15,46,65,69,77,96"
723,17:43,1,1,서울역,7,"7,8,53,62,93,94,98"
723,17:43,10,10,인천공항,4,"1,33,34,42"
723,17:43,2,2,수서,10,"0,6,14,28,29,52,64,71,75,90"
723,17:43,3,3,삼성,11,"19,31,35,36,45,50,60,68,80,92,99"
723,17:43,4,4,여의도,15,"2,3,9,16,18,22,23,24,40,51,58,59,70,83,87"
723,17:43,5,5,김포공항,4,"43,44,49,56"
723,17:43,7,7,판교,6,"4,5,15,46,65,77"
724,17:44,1,1,서울역,5,"8,62,93,94,98"
724,17:44,10,10,인천공항,4,"1,33,34,42"
724,17:44,2,2,수서,9,"0,6,14,28,29,52,71,75,90"
724,17:44,3,3,삼성,11,"19,31,35,36,45,50,60,68,80,92,99"
724,17:44,4,4,여의도,12,"3,16,18,22,23,24,40,58,59,70,83,87"
724,17:44,5,5,김포공항,3,"43,49,56"
724,17:44,6,6,일산,2,"17,85"
724,17:44,7,7,판교,6,"4,5,15,46,48,77"
725,17:45,1,1,서울역,6,"8,32,62,84,93,94"
725,17:45,10,10,인천공항,4,"1,33,34,42"
725,17:45,2,2,수서,9,"0,6,14,28,29,52,71,75,90"
725,17:45,3,3,삼성,13,"19,31,35,36,45,50,60,68,74,80,89,92,99"
725,17:45,4,4,여의도,12,"16,18,22,23,24,25,40,58,59,78,83,87"
725,17:45,5,5,김포공항,3,"43,49,95"
725,17:45,6,6,일산,2,"17,85"
725,17:45,7,7,판교,6,"4,5,15,46,48,77"
726,17:46,1,1,서울역,6,"32,39,47,62,84,93"
726,17:46,10,10,인천공항,3,"33,34,42"
726,17:46,2,2,수서,9,"0,6,14,28,29,52,71,75,90"
726,17:46,3,3,삼성,13,"19,31,35,36,37,45,50,68,74,76,89,92,99"
726,17:46,4,4,여의도,16,"16,18,22,23,24,25,27,40,58,59,72,78,83,86,87,91"
726,17:46,5,5,김포공항,3,"43,49,95"
726,17:46,6,6,일산,2,"17,85"
726,17:46,7,7,판교,5,"4,5,15,46,48"
727,17:47,1,1,서울역,7,"21,32,39,47,62,84,93"
727,17:47,10,10,인천공항,3,"33,34,42"
727,17:47,2,2,수서,9,"0,6,14,28,29,52,71,75,90"
727,17:47,3,3,삼성,12,"19,31,35,36,37,45,68,74,76,89,92,99"
727,17:47,4,4,여의도,16,"13,16,18,23,24,25,27,40,58,59,72,78,83,86,87,91"
727,17:47,5,5,김포공항,4,"43,49,66,95"
727,17:47,6,6,일산,2,"17,85"
727,17:47,7,7,판교,4,"4,5,15,48"
728,17:48,1,1,서울역,6,"21,32,39,47,84,93"
728,17:48,10,10,인천공항,3,"33,34,42"
728,17:48,2,2,수서,6,"0,6,28,52,71,75"
728,17:48,3,3,삼성,10,"19,35,36,37,45,68,74,76,89,99"
728,17:48,4,4,여의도,17,"13,16,18,23,24,25,27,40,58,59,72,73,78,83,86,87,91"
728,17:48,5,5,김포공항,6,"11,43,63,66,82,95"
728,17:48,6,6,일산,2,"17,85"
728,17:48,7,7,판교,4,"4,5,15,48"
729,17:49,1,1,서울역,5,"21,32,39,47,84"
729,17:49,10,10,인천공항,3,"33,34,42"
729,17:49,2,2,수서,7,"0,6,28,52,54,71,75"
729,17:49,3,3,삼성,9,"19,35,36,41,45,74,76,89,99"
729,17:49,4,4,여의도,12,"13,16,24,25,27,30,40,58,59,73,78,87"
729,17:49,5,5,김포공항,5,"11,43,63,66,82"
729,17:49,6,6,일산,2,"17,85"
729,17:49,7,7,판교,5,"4,5,12,15,48"
730,17:50,1,1,서울역,7,"21,32,39,47,69,84,96"
730,17:50,10,10,인천공항,3,"33,34,42"
730,17:50,2,2,수서,9,"0,2,9,28,52,54,71,75,79"
730,17:50,3,3,삼성,8,"19,35,36,41,55,74,76,89"
730,17:50,4,4,여의도,14,"13,16,24,25,27,30,40,58,59,64,73,78,88,97"
730,17:50,5,5,김포공항,4,"11,43,63,82"
730,17:50,6,6,일산,1,85
730,17:50,7,7,판교,5,"4,12,15,20,61"
731,17:51,1,1,서울역,7,"21,32,39,47,69,84,96"
731,17:51,10,10,인천공항,3,"33,34,42"
731,17:51,2,2,수서,9,"0,2,9,52,54,70,71,75,79"
731,17:51,3,3,삼성,9,"19,35,36,41,51,55,74,76,98"
731,17:51,4,4,여의도,13,"13,24,25,27,30,40,58,59,64,73,78,88,97"
731,17:51,5,5,김포공항,4,"11,43,63,82"
731,17:51,6,6,일산,2,"53,85"
731,17:51,7,7,판교,6,"4,7,12,15,20,61"
732,17:52,1,1,서울역,8,"21,32,47,60,69,80,84,96"
732,17:52,10,10,인천공항,3,"33,34,42"
732,17:52,2,2,수서,9,"0,2,9,52,54,70,71,75,79"
732,17:52,3,3,삼성,11,"3,8,35,36,41,51,55,74,76,81,98"
732,17:52,4,4,여의도,12,"13,25,27,30,40,58,59,64,73,78,88,97"
732,17:52,5,5,김포공항,5,"11,43,63,67,82"
732,17:52,6,6,일산,2,"53,85"
732,17:52,7,7,판교,6,"4,7,12,15,20,61"
732,17:52,9,9,평택,1,57
733,17:53,1,1,서울역,9,"21,32,47,60,69,77,80,84,96"
733,17:53,10,10,인천공항,3,"33,34,42"
733,17:53,2,2,수서,9,"0,2,9,52,54,70,71,75,79"
733,17:53,3,3,삼성,12,"3,8,26,35,36,41,51,55,74,76,81,98"
733,17:53,4,4,여의도,12,"13,25,27,30,40,58,59,64,73,78,88,97"
733,17:53,5,5,김포공항,5,"11,43,63,67,82"
733,17:53,6,6,일산,2,"53,85"
733,17:53,7,7,판교,6,"4,7,12,15,20,61"
733,17:53,9,9,평택,1,57
734,17:54,1,1,서울역,9,"21,32,47,60,69,77,80,84,96"
734,17:54,10,10,인천공항,3,"34,42,44"
734,17:54,2,2,수서,8,"0,2,9,52,54,70,75,79"
734,17:54,3,3,삼성,12,"3,8,22,26,36,41,51,55,62,76,81,98"
734,17:54,4,4,여의도,14,"13,14,25,27,30,49,58,59,64,73,78,88,90,97"
734,17:54,5,5,김포공항,4,"63,67,82,94"
734,17:54,6,6,일산,2,"53,85"
734,17:54,7,7,판교,6,"4,7,12,15,20,61"
734,17:54,9,9,평택,1,57
735,17:55,1,1,서울역,9,"21,32,37,60,69,77,80,84,96"
735,17:55,10,10,인천공항,4,"38,42,44,56"
735,17:55,2,2,수서,7,"2,9,23,54,70,75,79"
735,17:55,3,3,삼성,8,"22,26,36,51,55,62,81,98"
735,17:55,4,4,여의도,12,"13,14,30,49,59,64,73,78,88,90,95,97"
735,17:55,5,5,김포공항,5,"50,63,67,82,94"
735,17:55,6,6,일산,2,"53,85"
735,17:55,7,7,판교,5,"4,7,15,20,61"
736,17:56,1,1,서울역,9,"21,32,37,45,60,77,80,84,96"
736,17:56,10,10,인천공항,4,"38,42,44,56"
736,17:56,2,2,수서,7,"2,23,54,70,75,79,93"
736,17:56,3,3,삼성,10,"22,26,36,51,55,62,72,81,86,98"
736,17:56,4,4,여의도,13,"6,13,14,30,49,59,64,66,73,78,88,90,95"
736,17:56,5,5,김포공항,7,"31,50,63,67,82,92,94"
736,17:56,6,6,일산,2,"53,65"
736,17:56,7,7,판교,8,"4,7,15,18,20,61,83,91"
737,17:57,1,1,서울역,11,"21,32,37,45,48,60,77,80,84,89,96"
737,17:57,10,10,인천공항,4,"38,42,44,56"
737,17:57,2,2,수서,6,"2,16,23,75,79,93"
737,17:57,3,3,삼성,9,"22,26,36,51,55,62,72,81,86"
737,17:57,4,4,여의도,13,"5,6,13,14,30,59,64,66,73,78,88,90,95"
737,17:57,5,5,김포공항,8,"31,50,63,67,68,82,92,94"
737,17:57,6,6,일산,1,65
737,17:57,7,7,판교,8,"4,15,18,20,61,83,87,91"
738,17:58,1,1,서울역,10,"21,28,32,45,48,77,80,84,89,96"
738,17:58,10,10,인천공항,3,"38,44,56"
738,17:58,2,2,수서,6,"2,16,23,75,79,93"
738,17:58,3,3,삼성,11,"0,10,22,26,36,51,55,62,72,81,86"
738,17:58,4,4,여의도,12,"5,6,13,14,30,59,64,66,73,78,88,90"
738,17:58,5,5,김포공항,8,"31,50,63,67,68,82,92,94"
738,17:58,6,6,일산,1,65
738,17:58,7,7,판교,8,"4,15,18,20,61,83,87,91"
739,17:59,1,1,서울역,10,"21,28,32,45,48,77,80,84,89,96"
739,17:59,10,10,인천공항,3,"38,44,56"
739,17:59,2,2,수서,5,"2,16,23,75,93"
739,17:59,3,3,삼성,12,"0,10,22,24,26,36,51,55,62,72,81,86"
739,17:59,4,4,여의도,12,"5,6,13,14,19,30,59,64,73,78,88,90"
739,17:59,5,5,김포공항,8,"31,50,63,67,68,82,92,94"
739,17:59,6,6,일산,4,"29,39,46,65"
739,17:59,7,7,판교,8,"4,15,18,20,61,83,87,91"
740,18:00,1,1,서울역,9,"28,32,45,48,77,80,84,89,96"
740,18:00,10,10,인천공항,2,"38,44"
740,18:00,2,2,수서,5,"2,16,23,75,93"
740,18:00,3,3,삼성,10,"0,10,22,24,26,36,55,72,81,86"
740,18:00,4,4,여의도,12,"5,6,13,14,19,30,59,64,71,78,88,90"
740,18:00,5,5,김포공항,2,"50,92"
740,18:00,6,6,일산,4,"29,39,46,65"
740,18:00,7,7,판교,7,"4,18,20,61,83,87,91"
741,18:01,1,1,서울역,10,"8,28,32,45,48,77,80,84,89,96"
741,18:01,10,10,인천공항,2,"38,44"
741,18:01,2,2,수서,6,"16,23,25,27,75,93"
741,18:01,3,3,삼성,10,"0,1,10,22,24,26,47,55,72,86"
741,18:01,4,4,여의도,12,"5,6,13,14,19,30,35,64,71,78,88,90"
741,18:01,5,5,김포공항,2,"50,92"
741,18:01,6,6,일산,4,"29,39,46,65"
741,18:01,7,7,판교,8,"4,18,20,40,61,83,87,91"
742,18:02,1,1,서울역,12,"8,28,32,43,45,48,52,77,80,84,89,96"
742,18:02,10,10,인천공항,2,"38,44"
742,18:02,2,2,수서,7,"11,16,23,25,27,75,93"
742,18:02,3,3,삼성,7,"0,1,10,22,24,47,55"
742,18:02,4,4,여의도,15,"3,5,6,9,12,13,14,19,35,41,64,71,78,88,90"
742,18:02,5,5,김포공항,2,"50,74"
742,18:02,6,6,일산,3,"29,39,46"
742,18:02,7,7,판교,9,"4,17,18,20,40,58,61,83,87"
743,18:03,1,1,서울역,11,"8,28,32,43,45,48,52,77,84,89,96"
743,18:03,10,10,인천공항,2,"38,44"
743,18:03,2,2,수서,7,"11,16,23,25,27,75,93"
743,18:03,3,3,삼성,5,"0,1,10,24,47"
743,18:03,4,4,여의도,15,"3,5,6,9,12,14,19,35,41,54,64,70,71,78,90"
743,18:03,5,5,김포공항,3,"50,74,76"
743,18:03,6,6,일산,3,"29,39,46"
743,18:03,7,7,판교,9,"4,17,18,20,40,58,61,87,97"
744,18:04,1,1,서울역,11,"7,8,28,32,43,45,48,52,77,89,96"
744,18:04,10,10,인천공항,1,38
744,18:04,2,2,수서,7,"11,16,23,25,27,75,93"
744,18:04,3,3,삼성,6,"0,1,24,47,49,60"
744,18:04,4,4,여의도,16,"3,5,6,9,12,14,19,35,41,54,64,70,71,78,90,98"
744,18:04,5,5,김포공항,3,"69,74,76"
744,18:04,6,6,일산,3,"29,39,46"
744,18:04,7,7,판교,7,"4,17,18,40,58,87,97"
745,18:05,1,1,서울역,9,"7,8,28,32,43,48,52,89,96"
745,18:05,10,10,인천공항,2,"38,99"
745,18:05,2,2,수서,7,"11,16,23,25,27,75,93"
745,18:05,3,3,삼성,6,"0,1,24,47,49,60"
745,18:05,4,4,여의도,16,"3,5,6,9,12,14,19,35,41,54,64,70,71,79,90,98"
745,18:05,5,5,김포공항,3,"69,74,76"
745,18:05,6,6,일산,1,29
745,18:05,7,7,판교,8,"4,17,18,40,58,87,95,97"
746,18:06,1,1,서울역,10,"7,8,28,32,43,48,51,52,89,96"
746,18:06,10,10,인천공항,2,"38,99"
746,18:06,2,2,수서,7,"11,16,23,25,27,73,75"
746,18:06,3,3,삼성,7,"0,1,24,47,49,60,66"
746,18:06,4,4,여의도,15,"3,6,9,12,14,19,35,41,54,64,70,71,79,90,98"
746,18:06,5,5,김포공항,3,"69,74,76"
746,18:06,6,6,일산,1,29
746,18:06,7,7,판교,7,"4,17,18,40,58,87,95"
747,18:07,1,1,서울역,11,"7,8,28,32,43,48,51,52,81,89,96"
747,18:07,10,10,인천공항,2,"38,99"
747,18:07,2,2,수서,8,"11,16,21,23,25,27,73,75"
747,18:07,3,3,삼성,4,"24,49,60,66"
747,18:07,4,4,여의도,17,"2,3,6,9,12,14,15,19,34,35,41,54,62,70,71,79,98"
747,18:07,5,5,김포공항,2,"74,76"
747,18:07,6,6,일산,1,29
747,18:07,7,7,판교,6,"17,18,40,58,87,95"
748,18:08,1,1,서울역,13,"7,8,28,32,48,51,52,67,68,81,82,89,96"
748,18:08,10,10,인천공항,2,"38,99"
748,18:08,2,2,수서,12,"11,16,21,23,25,27,30,31,53,63,73,94"
748,18:08,3,3,삼성,3,"49,60,66"
748,18:08,4,4,여의도,15,"2,3,6,9,15,19,34,35,36,54,62,70,71,79,98"
748,18:08,5,5,김포공항,1,76
748,18:08,6,6,일산,1,29
748,18:08,7,7,판교,7,"17,18,40,58,59,85,87"
749,18:09,1,1,서울역,13,"7,8,28,32,48,51,52,67,68,81,82,89,96"
749,18:09,10,10,인천공항,2,"38,99"
749,18:09,2,2,수서,12,"11,16,21,23,25,27,30,31,53,63,73,94"
749,18:09,3,3,삼성,4,"33,49,60,66"
749,18:09,4,4,여의도,16,"2,3,6,9,15,19,34,35,36,62,70,71,72,79,91,98"
749,18:09,7,7,판교,6,"17,18,40,58,59,85"
750,18:10,1,1,서울역,10,"8,32,51,52,67,68,81,82,89,96"
750,18:10,10,10,인천공항,2,"38,99"
750,18:10,2,2,수서,11,"11,16,23,25,27,30,31,53,63,73,94"
750,18:10,3,3,삼성,5,"13,33,60,66,84"
750,18:10,4,4,여의도,18,"2,3,6,9,15,19,22,34,35,36,57,62,70,71,72,79,83,91"
750,18:10,5,5,김포공항,2,"26,86"
750,18:10,7,7,판교,7,"17,18,40,58,59,85,88"
751,18:11,1,1,서울역,8,"8,32,51,52,61,81,89,96"
751,18:11,10,10,인천공항,3,"37,38,99"
751,18:11,2,2,수서,9,"11,16,23,25,27,30,53,73,78"
751,18:11,3,3,삼성,6,"13,20,33,60,66,84"
751,18:11,4,4,여의도,19,"2,3,6,9,10,15,19,22,34,35,36,57,62,70,71,72,79,83,91"
751,18:11,5,5,김포공항,4,"26,55,80,86"
751,18:11,7,7,판교,7,"17,18,40,58,59,85,88"
752,18:12,1,1,서울역,8,"8,32,51,52,61,81,89,96"
752,18:12,10,10,인천공항,3,"37,38,99"
752,18:12,2,2,수서,11,"11,16,23,25,27,30,53,73,77,78,97"
752,18:12,3,3,삼성,6,"13,20,33,60,66,84"
752,18:12,4,4,여의도,20,"2,6,9,10,15,19,22,34,35,36,56,57,62,70,71,72,79,83,91,93"
752,18:12,5,5,김포공항,4,"26,55,80,86"
752,18:12,6,6,일산,1,45
752,18:12,7,7,판교,7,"17,18,40,58,59,85,88"
753,18:13,1,1,서울역,7,"32,51,52,61,81,89,96"
753,18:13,10,10,인천공항,3,"37,38,99"
753,18:13,2,2,수서,11,"11,16,23,25,27,30,53,73,77,78,97"
753,18:13,3,3,삼성,7,"5,13,20,33,42,66,84"
753,18:13,4,4,여의도,20,"2,6,9,10,15,19,22,34,35,36,56,57,62,70,71,72,79,83,91,93"
753,18:13,5,5,김포공항,4,"26,55,80,86"
753,18:13,6,6,일산,1,45
753,18:13,7,7,판교,7,"17,18,40,58,59,85,88"
754,18:14,1,1,서울역,7,"32,51,52,61,81,89,96"
754,18:14,10,10,인천공항,3,"37,38,99"
754,18:14,2,2,수서,12,"11,16,23,25,27,30,41,53,73,77,78,97"
754,18:14,3,3,삼성,10,"5,13,20,33,42,43,64,66,84,90"
754,18:14,4,4,여의도,22,"1,2,9,10,15,19,22,34,35,36,47,56,57,62,70,71,72,75,79,83,91,93"
754,18:14,5,5,김포공항,4,"26,55,80,86"
754,18:14,6,6,일산,1,45
754,18:14,7,7,판교,8,"17,18,40,58,59,65,85,88"
755,18:15,1,1,서울역,8,"32,52,61,69,81,89,95,96"
755,18:15,10,10,인천공항,3,"37,38,99"
755,18:15,2,2,수서,12,"11,16,23,25,27,30,41,53,54,73,77,78"
755,18:15,3,3,삼성,10,"5,13,20,33,42,43,64,66,84,90"
755,18:15,4,4,여의도,20,"1,2,9,10,15,19,22,24,34,35,36,47,57,62,70,71,75,76,83,91"
755,18:15,5,5,김포공항,5,"0,26,55,80,86"
755,18:15,6,6,일산,1,45
755,18:15,7,7,판교,9,"12,14,17,40,58,59,65,85,88"
756,18:16,1,1,서울역,10,"29,32,52,61,69,74,81,89,95,96"
756,18:16,10,10,인천공항,3,"37,38,99"
756,18:16,2,2,수서,11,"11,23,25,27,30,41,53,54,73,77,78"
756,18:16,3,3,삼성,10,"5,20,33,42,43,48,64,66,84,90"
756,18:16,4,4,여의도,17,"1,9,10,15,19,22,24,34,35,36,47,62,70,71,75,76,91"
756,18:16,5,5,김포공항,5,"0,26,55,80,86"
756,18:16,6,6,일산,1,45
756,18:16,7,7,판교,8,"12,14,17,58,59,65,85,88"
757,18:17,1,1,서울역,8,"21,29,69,74,81,89,95,96"
757,18:17,10,10,인천공항,3,"37,38,99"
757,18:17,2,2,수서,9,"23,25,30,41,53,54,73,77,78"
757,18:17,3,3,삼성,9,"5,33,42,43,48,64,66,84,90"
757,18:17,4,4,여의도,17,"1,9,10,15,19,22,24,34,35,47,49,62,70,71,75,76,91"
757,18:17,5,5,김포공항,5,"0,26,55,80,86"
757,18:17,6,6,일산,3,"7,45,98"
757,18:17,7,7,판교,10,"12,14,17,28,46,58,59,65,85,88"
758,18:18,1,1,서울역,9,"21,29,31,63,69,74,81,89,96"
758,18:18,10,10,인천공항,3,"37,38,99"
758,18:18,2,2,수서,9,"23,25,30,41,53,54,67,73,78"
758,18:18,3,3,삼성,9,"5,33,42,43,48,64,66,84,90"
758,18:18,4,4,여의도,15,"1,10,15,19,22,24,34,35,47,49,62,70,71,75,91"
758,18:18,5,5,김포공항,5,"0,26,55,80,86"
758,18:18,6,6,일산,3,"7,45,98"
758,18:18,7,7,판교,11,"12,14,17,28,46,58,59,65,68,85,88"
759,18:19,1,1,서울역,8,"21,29,31,63,69,81,89,96"
759,18:19,10,10,인천공항,3,"37,38,99"
759,18:19,2,2,수서,9,"23,25,30,41,53,54,67,73,78"
759,18:19,3,3,삼성,11,"3,5,8,33,42,43,48,64,66,84,90"
759,18:19,4,4,여의도,15,"1,10,15,19,22,24,34,35,47,49,62,70,71,75,91"
759,18:19,5,5,김포공항,7,"0,26,55,80,82,86,94"
759,18:19,6,6,일산,4,"4,7,45,98"
759,18:19,7,7,판교,11,"12,14,17,28,46,58,59,65,68,85,88"
759,18:19,9,9,평택,1,92
760,18:20,1,1,서울역,7,"21,29,31,63,69,89,96"
760,18:20,10,10,인천공항,2,"37,38"
760,18:20,2,2,수서,9,"23,25,30,41,53,54,67,73,78"
760,18:20,3,3,삼성,8,"3,8,33,42,43,48,66,84"
760,18:20,4,4,여의도,13,"1,10,19,22,24,34,47,49,62,70,71,75,91"
760,18:20,5,5,김포공항,4,"0,26,82,94"
760,18:20,6,6,일산,3,"4,7,45"
760,18:20,7,7,판교,12,"12,14,17,28,44,46,58,59,65,68,85,88"
760,18:20,9,9,평택,1,92
761,18:21,1,1,서울역,6,"21,29,31,63,89,96"
761,18:21,10,10,인천공항,2,"37,38"
761,18:21,2,2,수서,8,"23,25,30,41,53,54,73,78"
761,18:21,3,3,삼성,9,"3,6,8,33,42,43,48,51,66"
761,18:21,4,4,여의도,13,"1,10,19,22,24,34,47,49,62,70,71,75,91"
761,18:21,5,5,김포공항,6,"0,26,60,82,93,94"
761,18:21,6,6,일산,4,"4,7,45,87"
761,18:21,7,7,판교,9,"12,14,17,28,44,46,58,59,85"
761,18:21,9,9,평택,2,"50,92"
762,18:22,1,1,서울역,5,"21,29,31,63,96"
762,18:22,10,10,인천공항,2,"37,38"
762,18:22,2,2,수서,7,"30,41,53,54,57,73,78"
762,18:22,3,3,삼성,8,"3,6,8,33,43,51,66,79"
762,18:22,4,4,여의도,13,"1,10,19,22,24,34,47,49,62,70,71,75,91"
762,18:22,5,5,김포공항,3,"26,60,93"
762,18:22,6,6,일산,4,"4,7,45,87"
762,18:22,7,7,판교,10,"12,14,17,28,44,46,58,59,72,85"
762,18:22,9,9,평택,2,"50,92"
763,18:23,1,1,서울역,5,"16,29,31,63,96"
763,18:23,10,10,인천공항,2,"37,38"
763,18:23,2,2,수서,8,"30,36,53,54,57,64,73,78"
763,18:23,3,3,삼성,11,"2,3,6,8,33,40,43,51,52,66,79"
763,18:23,4,4,여의도,14,"1,10,11,13,19,22,24,34,47,49,62,70,71,91"
763,18:23,5,5,김포공항,3,"60,93,97"
763,18:23,6,6,일산,4,"4,7,45,87"
763,18:23,7,7,판교,10,"12,14,28,44,46,58,59,72,83,85"
763,18:23,9,9,평택,2,"50,92"
764,18:24,1,1,서울역,5,"16,29,35,63,96"
764,18:24,10,10,인천공항,1,38
764,18:24,2,2,수서,11,"9,30,36,53,54,57,61,64,73,78,84"
764,18:24,3,3,삼성,11,"2,3,6,8,33,40,43,51,52,66,79"
764,18:24,4,4,여의도,15,"1,10,11,13,19,22,24,34,47,49,62,70,71,77,91"
764,18:24,5,5,김포공항,1,97
764,18:24,6,6,일산,3,"4,7,45"
764,18:24,7,7,판교,10,"12,14,28,32,44,58,59,72,83,85"
764,18:24,9,9,평택,2,"50,92"
765,18:25,1,1,서울역,4,"16,29,35,63"
765,18:25,10,10,인천공항,1,38
765,18:25,2,2,수서,13,"9,30,36,48,53,54,57,61,64,73,78,84,95"
765,18:25,3,3,삼성,11,"2,3,6,8,33,40,43,51,52,66,79"
765,18:25,4,4,여의도,13,"10,11,13,22,24,34,47,49,62,70,71,77,91"
765,18:25,5,5,김포공항,2,"27,97"
765,18:25,6,6,일산,2,"4,7"
765,18:25,7,7,판교,9,"12,14,28,32,44,58,59,83,85"
765,18:25,9,9,평택,3,"39,50,92"
766,18:26,1,1,서울역,5,"16,29,35,63,90"
766,18:26,10,10,인천공항,1,38
766,18:26,2,2,수서,9,"9,30,36,48,57,61,73,84,95"
766,18:26,3,3,삼성,10,"2,3,6,8,33,43,52,66,79,81"
766,18:26,4,4,여의도,14,"10,11,13,22,24,34,47,49,55,70,71,77,80,86"
766,18:26,5,5,김포공항,2,"27,97"
766,18:26,6,6,일산,2,"4,7"
766,18:26,7,7,판교,8,"12,14,28,32,44,58,59,85"
766,18:26,8,8,동탄/용인,1,56
766,18:26,9,9,평택,3,"39,50,92"
767,18:27,1,1,서울역,4,"16,29,63,90"
767,18:27,10,10,인천공항,1,38
767,18:27,2,2,수서,10,"9,30,36,48,57,61,73,84,88,95"
767,18:27,3,3,삼성,10,"2,3,8,15,33,43,52,66,79,81"
767,18:27,4,4,여의도,15,"10,11,13,22,24,34,47,49,55,70,71,77,80,86,98"
767,18:27,5,5,김포공항,3,"27,74,97"
767,18:27,6,6,일산,4,"4,7,18,20"
767,18:27,7,7,판교,8,"12,14,28,32,44,58,59,85"
767,18:27,8,8,동탄/용인,1,56
767,18:27,9,9,평택,3,"39,50,92"
768,18:28,1,1,서울역,6,"16,29,63,67,68,90"
768,18:28,10,10,인천공항,1,38
768,18:28,2,2,수서,8,"9,36,57,61,73,84,88,95"
768,18:28,3,3,삼성,10,"2,3,15,33,43,52,66,79,81,89"
768,18:28,4,4,여의도,18,"10,11,13,22,24,25,34,47,49,55,70,71,77,80,82,86,94,98"
768,18:28,5,5,김포공항,3,"27,74,97"
768,18:28,6,6,일산,3,"7,18,20"
768,18:28,7,7,판교,8,"12,14,28,32,44,58,59,69"
768,18:28,8,8,동탄/용인,1,56
768,18:28,9,9,평택,3,"39,50,92"
769,18:29,1,1,서울역,6,"16,29,63,67,68,90"
769,18:29,10,10,인천공항,1,38
769,18:29,2,2,수서,10,"9,36,40,51,57,61,73,84,88,95"
769,18:29,3,3,삼성,11,"2,3,15,21,33,43,52,66,79,81,89"
769,18:29,4,4,여의도,14,"10,11,22,24,25,34,47,49,70,71,77,82,94,98"
769,18:29,5,5,김포공항,3,"27,74,97"
769,18:29,6,6,일산,3,"7,18,20"
769,18:29,7,7,판교,7,"14,28,32,44,58,59,69"
769,18:29,8,8,동탄/용인,2,"56,76"
769,18:29,9,9,평택,3,"39,50,92"
770,18:30,1,1,서울역,6,"16,29,63,67,68,90"
770,18:30,10,10,인천공항,1,38
770,18:30,2,2,수서,10,"9,36,40,51,57,61,73,84,88,95"
770,18:30,3,3,삼성,12,"0,2,3,15,21,33,43,52,66,79,81,89"
770,18:30,4,4,여의도,14,"10,11,17,22,24,25,34,47,49,70,71,82,93,94"
770,18:30,5,5,김포공항,4,"23,27,42,97"
770,18:30,6,6,일산,3,"5,7,18"
770,18:30,7,7,판교,6,"28,32,44,58,59,69"
770,18:30,8,8,동탄/용인,2,"56,76"
770,18:30,9,9,평택,2,"39,92"
771,18:31,1,1,서울역,6,"16,29,46,63,87,90"
771,18:31,10,10,인천공항,1,38
771,18:31,2,2,수서,11,"8,9,26,31,36,40,51,57,61,73,88"
771,18:31,3,3,삼성,11,"0,2,3,15,21,33,52,79,81,89,96"
771,18:31,4,4,여의도,12,"10,11,17,24,25,34,47,49,70,71,82,93"
771,18:31,5,5,김포공항,5,"23,27,41,42,97"
771,18:31,6,6,일산,3,"5,7,18"
771,18:31,7,7,판교,5,"28,32,44,58,69"
771,18:31,8,8,동탄/용인,2,"56,76"
771,18:31,9,9,평택,2,"39,92"
772,18:32,1,1,서울역,7,"16,29,45,46,63,72,87"
772,18:32,10,10,인천공항,1,38
772,18:32,2,2,수서,11,"8,9,26,31,36,51,57,61,62,73,88"
772,18:32,3,3,삼성,10,"0,3,15,19,33,52,79,81,89,96"
772,18:32,4,4,여의도,13,"10,11,17,24,25,34,47,49,70,71,78,82,93"
772,18:32,5,5,김포공항,4,"23,27,41,42"
772,18:32,6,6,일산,3,"5,7,18"
772,18:32,7,7,판교,5,"1,32,44,58,69"
772,18:32,8,8,동탄/용인,1,76
772,18:32,9,9,평택,2,"39,92"
773,18:33,1,1,서울역,10,"6,16,45,46,63,64,72,83,87,99"
773,18:33,10,10,인천공항,1,38
773,18:33,2,2,수서,10,"8,9,26,31,36,51,57,61,62,73"
773,18:33,3,3,삼성,11,"0,3,15,19,33,52,79,81,89,91,96"
773,18:33,4,4,여의도,11,"10,11,17,24,25,34,47,49,71,78,82"
773,18:33,5,5,김포공항,4,"23,27,41,42"
773,18:33,6,6,일산,4,"5,7,18,65"
773,18:33,7,7,판교,5,"1,32,44,58,69"
773,18:33,8,8,동탄/용인,1,76
773,18:33,9,9,평택,2,"39,92"
774,18:34,1,1,서울역,10,"6,16,45,46,63,64,72,83,87,99"
774,18:34,10,10,인천공항,1,60
774,18:34,2,2,수서,10,"9,26,31,36,43,51,57,61,62,73"
774,18:34,3,3,삼성,11,"0,3,15,19,33,52,79,81,89,91,96"
774,18:34,4,4,여의도,9,"10,11,17,24,25,34,47,71,78"
774,18:34,5,5,김포공항,6,"23,27,41,42,53,54"
774,18:34,6,6,일산,4,"5,7,18,65"
774,18:34,7,7,판교,5,"1,32,35,44,69"
774,18:34,8,8,동탄/용인,2,"75,76"
774,18:34,9,9,평택,2,"39,92"
775,18:35,1,1,서울역,12,"6,16,30,45,46,48,63,64,83,85,87,99"
775,18:35,10,10,인천공항,1,60
775,18:35,2,2,수서,10,"9,26,31,36,43,51,57,61,62,73"
775,18:35,3,3,삼성,11,"0,3,15,19,33,52,79,81,89,91,96"
775,18:35,4,4,여의도,9,"10,11,17,24,25,34,47,71,78"
775,18:35,5,5,김포공항,6,"23,27,41,42,53,54"
775,18:35,6,6,일산,4,"5,7,18,65"
775,18:35,7,7,판교,5,"1,32,35,44,69"
775,18:35,8,8,동탄/용인,2,"75,76"
775,18:35,9,9,평택,2,"39,92"
776,18:36,1,1,서울역,10,"16,30,45,46,48,63,64,85,87,99"
776,18:36,10,10,인천공항,1,60
776,18:36,2,2,수서,10,"9,26,31,36,43,51,57,61,62,73"
776,18:36,3,3,삼성,13,"0,3,12,13,15,19,33,55,80,81,89,91,96"
776,18:36,4,4,여의도,9,"11,24,25,34,37,47,71,74,78"
776,18:36,5,5,김포공항,6,"23,27,41,42,53,54"
776,18:36,6,6,일산,4,"7,18,65,86"
776,18:36,7,7,판교,5,"1,32,35,44,69"
776,18:36,8,8,동탄/용인,2,"75,76"
776,18:36,9,9,평택,2,"39,92"
777,18:37,1,1,서울역,9,"14,16,20,30,45,48,64,85,99"
777,18:37,2,2,수서,9,"9,26,31,36,43,57,61,62,73"
777,18:37,3,3,삼성,14,"0,3,12,13,15,19,33,55,77,80,81,89,91,96"
777,18:37,4,4,여의도,9,"11,25,34,37,47,71,74,78,95"
777,18:37,5,5,김포공항,6,"23,27,41,42,53,54"
777,18:37,6,6,일산,4,"7,18,65,86"
777,18:37,7,7,판교,5,"1,32,35,44,69"
777,18:37,8,8,동탄/용인,2,"75,76"
777,18:37,9,9,평택,2,"39,92"
778,18:38,1,1,서울역,10,"14,16,20,21,30,45,48,49,64,99"
778,18:38,2,2,수서,9,"9,26,31,36,43,57,61,67,73"
778,18:38,3,3,삼성,14,"0,12,13,15,19,22,33,55,77,80,81,89,91,96"
778,18:38,4,4,여의도,11,"11,25,34,37,40,47,71,74,78,95,97"
778,18:38,5,5,김포공항,6,"23,27,41,42,53,54"
778,18:38,6,6,일산,4,"18,65,68,86"
778,18:38,7,7,판교,6,"1,32,35,44,69,94"
778,18:38,8,8,동탄/용인,2,"75,76"
778,18:38,9,9,평택,2,"39,92"
779,18:39,1,1,서울역,9,"14,16,20,21,30,45,48,49,99"
779,18:39,2,2,수서,11,"9,26,31,36,43,61,67,70,73,79,90"
779,18:39,3,3,삼성,15,"0,12,13,15,19,22,29,33,55,77,80,81,89,91,96"
779,18:39,4,4,여의도,13,"2,11,25,28,34,37,40,47,71,78,88,95,97"
779,18:39,5,5,김포공항,7,"23,27,41,42,53,54,84"
779,18:39,6,6,일산,4,"18,65,68,86"
779,18:39,7,7,판교,6,"1,32,35,44,69,94"
779,18:39,8,8,동탄/용인,2,"75,76"
779,18:39,9,9,평택,2,"39,92"
780,18:40,1,1,서울역,7,"14,21,30,45,48,49,99"
780,18:40,2,2,수서,10,"9,26,31,36,61,67,70,73,79,90"
780,18:40,3,3,삼성,6,"12,15,19,22,29,55"
780,18:40,4,4,여의도,13,"2,11,25,28,34,37,40,47,71,78,88,95,97"
780,18:40,5,5,김포공항,3,"27,54,84"
780,18:40,6,6,일산,1,68
780,18:40,7,7,판교,5,"1,32,35,44,94"
780,18:40,8,8,동탄/용인,2,"75,76"
780,18:40,9,9,평택,2,"39,92"
781,18:41,1,1,서울역,7,"14,21,30,45,48,49,99"
781,18:41,2,2,수서,10,"9,26,31,36,61,67,70,73,79,90"
781,18:41,3,3,삼성,6,"12,19,22,29,55,82"
781,18:41,4,4,여의도,11,"2,11,25,28,37,40,47,71,88,95,97"
781,18:41,5,5,김포공항,2,"54,84"
781,18:41,6,6,일산,1,66
781,18:41,7,7,판교,4,"1,32,35,44"
781,18:41,8,8,동탄/용인,3,"75,76,98"
781,18:41,9,9,평택,2,"39,92"
782,18:42,1,1,서울역,7,"14,21,30,45,48,49,99"
782,18:42,2,2,수서,10,"9,26,31,61,67,70,72,73,79,90"
782,18:42,3,3,삼성,7,"6,12,19,22,29,55,82"
782,18:42,4,4,여의도,9,"2,11,25,28,40,47,71,95,97"
782,18:42,5,5,김포공항,3,"8,54,84"
782,18:42,6,6,일산,1,66
782,18:42,7,7,판교,4,"1,32,35,44"
782,18:42,8,8,동탄/용인,3,"75,76,98"
782,18:42,9,9,평택,1,92
783,18:43,1,1,서울역,7,"5,14,21,30,45,49,99"
783,18:43,2,2,수서,12,"9,24,26,31,33,61,67,70,72,73,79,90"
783,18:43,3,3,삼성,8,"6,10,12,17,22,29,55,82"
783,18:43,4,4,여의도,8,"2,11,25,28,40,47,71,97"
783,18:43,5,5,김포공항,3,"8,54,84"
783,18:43,6,6,일산,3,"59,66,83"
783,18:43,7,7,판교,3,"1,35,44"
783,18:43,8,8,동탄/용인,3,"75,76,98"
783,18:43,9,9,평택,1,92
784,18:44,1,1,서울역,6,"5,14,30,45,51,99"
784,18:44,2,2,수서,12,"9,24,26,31,33,61,67,70,72,73,79,90"
784,18:44,3,3,삼성,8,"6,10,12,17,22,29,55,82"
784,18:44,4,4,여의도,9,"2,11,25,28,40,47,62,71,97"
784,18:44,5,5,김포공항,4,"8,54,58,84"
784,18:44,6,6,일산,2,"59,83"
784,18:44,7,7,판교,4,"1,44,46,63"
784,18:44,8,8,동탄/용인,3,"75,76,93"
784,18:44,9,9,평택,1,92
785,18:45,1,1,서울역,6,"5,14,30,45,51,99"
785,18:45,2,2,수서,10,"9,24,26,31,33,61,67,72,73,90"
785,18:45,3,3,삼성,8,"6,10,12,17,22,29,64,82"
785,18:45,4,4,여의도,9,"2,3,11,25,40,47,50,62,97"
785,18:45,5,5,김포공항,3,"8,54,58"
785,18:45,6,6,일산,2,"59,83"
785,18:45,7,7,판교,4,"1,44,46,63"
785,18:45,8,8,동탄/용인,3,"75,76,93"
785,18:45,9,9,평택,1,92
786,18:46,1,1,서울역,11,"5,13,30,45,51,77,80,81,89,91,96"
786,18:46,2,2,수서,8,"24,26,31,61,67,72,73,90"
786,18:46,3,3,삼성,9,"6,10,12,16,17,22,29,64,82"
786,18:46,4,4,여의도,13,"2,3,11,23,25,40,41,42,47,50,53,62,97"
786,18:46,5,5,김포공항,4,"8,54,58,85"
786,18:46,6,6,일산,1,59
786,18:46,7,7,판교,4,"44,46,63,74"
786,18:46,8,8,동탄/용인,3,"52,76,93"
786,18:46,9,9,평택,1,92
787,18:47,1,1,서울역,15,"5,13,18,38,45,51,65,69,77,80,81,86,89,91,96"
787,18:47,2,2,수서,8,"24,26,31,61,67,72,73,90"
787,18:47,3,3,삼성,8,"6,10,12,16,17,29,64,82"
787,18:47,4,4,여의도,13,"0,2,3,11,23,27,40,41,42,47,50,53,62"
787,18:47,5,5,김포공항,4,"8,54,57,85"
787,18:47,6,6,일산,1,59
787,18:47,7,7,판교,5,"20,44,46,63,74"
787,18:47,8,8,동탄/용인,3,"52,76,93"
787,18:47,9,9,평택,1,92
788,18:48,1,1,서울역,16,"5,13,18,38,45,51,65,68,69,77,80,81,86,89,91,96"
788,18:48,2,2,수서,8,"24,26,31,55,61,67,73,90"
788,18:48,3,3,삼성,9,"6,10,12,16,17,34,64,78,82"
788,18:48,4,4,여의도,15,"0,2,3,11,23,27,36,40,41,42,47,50,53,62,94"
788,18:48,5,5,김포공항,5,"8,43,54,57,85"
788,18:48,6,6,일산,1,59
788,18:48,7,7,판교,5,"20,44,46,63,74"
788,18:48,8,8,동탄/용인,3,"52,76,93"
788,18:48,9,9,평택,2,"4,92"
789,18:49,1,1,서울역,11,"5,18,38,45,51,65,68,69,86,89,91"
789,18:49,2,2,수서,8,"24,26,31,55,61,67,73,90"
789,18:49,3,3,삼성,7,"10,12,16,34,64,78,82"
789,18:49,4,4,여의도,12,"0,2,3,23,27,36,40,47,50,53,62,94"
789,18:49,5,5,김포공항,5,"8,15,43,54,57"
789,18:49,6,6,일산,3,"56,59,88"
789,18:49,7,7,판교,5,"20,37,44,46,63"
789,18:49,8,8,동탄/용인,4,"52,76,87,93"
789,18:49,9,9,평택,2,"4,92"
790,18:50,1,1,서울역,8,"5,38,45,51,60,68,89,91"
790,18:50,2,2,수서,8,"24,26,31,55,61,67,73,90"
790,18:50,3,3,삼성,8,"10,12,16,21,32,34,78,95"
790,18:50,4,4,여의도,11,"0,2,3,23,36,40,47,50,53,62,94"
790,18:50,5,5,김포공항,5,"8,15,43,54,57"
790,18:50,6,6,일산,2,"56,88"
790,18:50,7,7,판교,6,"20,37,44,46,48,63"
790,18:50,8,8,동탄/용인,3,"52,87,93"
790,18:50,9,9,평택,3,"4,92,98"
791,18:51,1,1,서울역,8,"5,38,45,51,60,66,89,91"
791,18:51,2,2,수서,8,"24,26,29,55,61,67,71,90"
791,18:51,3,3,삼성,8,"10,12,16,21,32,34,35,95"
791,18:51,4,4,여의도,11,"0,3,23,36,40,47,50,53,62,70,84"
791,18:51,5,5,김포공항,5,"15,19,43,54,57"
791,18:51,6,6,일산,2,"56,88"
791,18:51,7,7,판교,6,"20,37,44,46,48,63"
791,18:51,8,8,동탄/용인,3,"52,87,93"
791,18:51,9,9,평택,3,"4,92,98"
792,18:52,1,1,서울역,7,"38,45,51,60,66,79,91"
792,18:52,2,2,수서,5,"26,29,55,71,90"
792,18:52,3,3,삼성,10,"10,12,14,16,21,28,32,34,35,95"
792,18:52,4,4,여의도,9,"0,3,36,40,47,50,62,70,84"
792,18:52,5,5,김포공항,5,"15,19,43,54,57"
792,18:52,6,6,일산,1,56
792,18:52,7,7,판교,5,"20,37,46,48,63"
792,18:52,8,8,동탄/용인,3,"52,87,93"
792,18:52,9,9,평택,3,"4,92,98"
793,18:53,1,1,서울역,8,"33,38,45,51,60,66,79,91"
793,18:53,2,2,수서,6,"25,26,29,55,71,90"
793,18:53,3,3,삼성,9,"1,10,12,14,16,28,30,34,35"
793,18:53,4,4,여의도,9,"3,36,40,47,50,62,70,83,84"
793,18:53,5,5,김포공항,4,"15,19,43,54"
793,18:53,6,6,일산,1,56
793,18:53,7,7,판교,3,"37,46,63"
793,18:53,8,8,동탄/용인,2,"87,93"
793,18:53,9,9,평택,3,"4,92,98"
794,18:54,1,1,서울역,6,"33,38,45,51,60,79"
794,18:54,2,2,수서,5,"25,26,71,78,90"
794,18:54,3,3,삼성,8,"1,10,12,14,16,28,30,34"
794,18:54,4,4,여의도,8,"3,36,47,50,62,70,72,83"
794,18:54,5,5,김포공항,4,"9,15,19,54"
794,18:54,6,6,일산,1,56
794,18:54,7,7,판교,3,"37,46,63"
794,18:54,8,8,동탄/용인,2,"87,93"
794,18:54,9,9,평택,2,"92,98"
795,18:55,1,1,서울역,6,"33,38,45,51,60,79"
795,18:55,2,2,수서,5,"25,26,71,78,90"
795,18:55,3,3,삼성,7,"1,10,12,13,14,30,34"
795,18:55,4,4,여의도,8,"3,36,47,50,62,70,72,83"
795,18:55,5,5,김포공항,4,"9,15,19,54"
795,18:55,6,6,일산,1,56
795,18:55,7,7,판교,3,"37,46,63"
795,18:55,8,8,동탄/용인,2,"87,93"
795,18:55,9,9,평택,2,"92,98"
796,18:56,1,1,서울역,7,"38,45,51,60,64,79,82"
796,18:56,2,2,수서,8,"21,25,26,32,71,78,90,96"
796,18:56,3,3,삼성,9,"1,10,11,12,13,14,30,34,75"
796,18:56,4,4,여의도,8,"3,6,36,47,62,70,72,83"
796,18:56,5,5,김포공항,4,"9,15,19,54"
796,18:56,6,6,일산,5,"56,77,80,81,85"
796,18:56,7,7,판교,5,"37,41,42,46,63"
796,18:56,8,8,동탄/용인,3,"49,87,93"
796,18:56,9,9,평택,2,"92,98"
797,18:57,1,1,서울역,9,"0,38,45,51,59,60,64,79,82"
797,18:57,2,2,수서,9,"2,18,21,25,26,32,65,90,96"
797,18:57,3,3,삼성,9,"1,11,12,13,14,27,30,34,75"
797,18:57,4,4,여의도,8,"6,36,39,47,62,72,73,83"
797,18:57,5,5,김포공항,3,"15,17,54"
797,18:57,6,6,일산,6,"22,56,77,80,81,85"
797,18:57,7,7,판교,6,"37,41,42,46,63,69"
797,18:57,8,8,동탄/용인,3,"49,87,93"
797,18:57,9,9,평택,2,"92,98"
798,18:58,1,1,서울역,8,"0,31,38,45,59,60,64,82"
798,18:58,2,2,수서,8,"2,18,21,25,26,32,65,96"
798,18:58,3,3,삼성,11,"1,5,11,12,13,14,27,30,34,75,89"
798,18:58,4,4,여의도,7,"6,36,39,47,72,73,83"
798,18:58,5,5,김포공항,4,"15,17,54,86"
798,18:58,6,6,일산,6,"22,56,77,80,81,85"
798,18:58,7,7,판교,6,"41,42,46,63,68,69"
798,18:58,8,8,동탄/용인,4,"49,87,93,97"
798,18:58,9,9,평택,2,"7,98"
799,18:59,1,1,서울역,8,"0,31,45,59,60,61,82,95"
799,18:59,2,2,수서,6,"2,8,18,21,26,65"
799,18:59,3,3,삼성,8,"5,12,13,14,23,27,34,89"
799,18:59,4,4,여의도,7,"6,36,39,47,72,73,83"
799,18:59,5,5,김포공항,5,"15,17,54,74,86"
799,18:59,6,6,일산,3,"22,56,85"
799,18:59,7,7,판교,4,"53,63,68,69"
799,18:59,8,8,동탄/용인,3,"87,93,97"
799,18:59,9,9,평택,2,"7,98"
800,19:00,1,1,서울역,8,"0,31,45,59,60,61,82,95"
800,19:00,2,2,수서,4,"2,8,21,26"
800,19:00,3,3,삼성,7,"5,12,13,23,34,66,89"
800,19:00,4,4,여의도,8,"6,20,33,36,39,43,47,83"
800,19:00,5,5,김포공항,5,"24,54,67,74,86"
800,19:00,6,6,일산,2,"56,85"
800,19:00,7,7,판교,2,"53,68"
800,19:00,8,8,동탄/용인,3,"87,93,97"
800,19:00,9,9,평택,2,"7,98"
801,19:01,1,1,서울역,9,"0,29,31,45,59,60,61,82,95"
801,19:01,2,2,수서,5,"2,8,21,26,91"
801,19:01,3,3,삼성,7,"5,12,13,23,34,66,89"
801,19:01,4,4,여의도,8,"6,20,33,36,39,43,47,83"
801,19:01,5,5,김포공항,4,"24,54,67,74"
801,19:01,6,6,일산,2,"56,85"
801,19:01,7,7,판교,1,53
801,19:01,8,8,동탄/용인,2,"93,97"
801,19:01,9,9,평택,2,"7,98"
802,19:02,1,1,서울역,9,"0,29,31,45,59,60,61,76,95"
802,19:02,2,2,수서,7,"1,2,11,21,26,50,91"
802,19:02,3,3,삼성,7,"5,12,13,23,34,66,89"
802,19:02,4,4,여의도,6,"20,33,36,39,43,83"
802,19:02,5,5,김포공항,5,"24,54,55,67,74"
802,19:02,6,6,일산,2,"56,85"
802,19:02,7,7,판교,1,53
802,19:02,8,8,동탄/용인,3,"93,94,97"
802,19:02,9,9,평택,3,"7,98,99"
803,19:03,1,1,서울역,8,"0,29,31,45,60,61,76,95"
803,19:03,2,2,수서,8,"1,11,14,21,26,50,70,91"
803,19:03,3,3,삼성,6,"5,12,13,23,34,89"
803,19:03,4,4,여의도,3,"33,43,83"
803,19:03,5,5,김포공항,6,"16,24,54,55,67,74"
803,19:03,6,6,일산,2,"56,85"
803,19:03,7,7,판교,1,53
803,19:03,8,8,동탄/용인,2,"94,97"
803,19:03,9,9,평택,3,"7,98,99"
804,19:04,1,1,서울역,7,"0,31,45,60,61,76,95"
804,19:04,2,2,수서,8,"1,11,14,21,50,62,70,91"
804,19:04,3,3,삼성,5,"3,12,13,23,34"
804,19:04,4,4,여의도,5,"10,33,43,83,90"
804,19:04,5,5,김포공항,6,"16,24,54,55,67,74"
804,19:04,6,6,일산,4,"35,44,56,85"
804,19:04,7,7,판교,1,53
804,19:04,8,8,동탄/용인,2,"94,97"
804,19:04,9,9,평택,3,"58,98,99"
805,19:05,1,1,서울역,6,"0,30,31,60,61,76"
805,19:05,2,2,수서,10,"1,11,14,21,41,50,62,70,79,91"
805,19:05,3,3,삼성,4,"3,23,34,38"
805,19:05,4,4,여의도,6,"10,33,37,43,83,90"
805,19:05,5,5,김포공항,7,"16,24,54,55,67,71,74"
805,19:05,6,6,일산,4,"35,44,56,85"
805,19:05,7,7,판교,2,"51,96"
805,19:05,8,8,동탄/용인,3,"40,94,97"
805,19:05,9,9,평택,4,"48,58,98,99"
806,19:06,1,1,서울역,7,"0,30,31,60,61,76,80"
806,19:06,2,2,수서,8,"1,11,21,41,50,62,79,91"
806,19:06,3,3,삼성,5,"2,3,23,38,42"
806,19:06,4,4,여의도,7,"10,15,33,37,43,83,90"
806,19:06,5,5,김포공항,5,"24,54,55,71,74"
806,19:06,6,6,일산,4,"35,44,56,85"
806,19:06,7,7,판교,2,"51,96"
806,19:06,8,8,동탄/용인,3,"40,94,97"
806,19:06,9,9,평택,4,"48,58,98,99"
807,19:07,1,1,서울역,7,"0,20,30,60,61,76,80"
807,19:07,10,10,인천공항,1,9
807,19:07,2,2,수서,8,"1,11,21,41,50,62,79,91"
807,19:07,3,3,삼성,6,"2,3,23,38,42,72"
807,19:07,4,4,여의도,6,"15,33,37,43,83,90"
807,19:07,5,5,김포공항,6,"24,32,54,55,71,74"
807,19:07,6,6,일산,5,"35,44,56,73,85"
807,19:07,7,7,판교,2,"51,96"
807,19:07,8,8,동탄/용인,4,"40,57,94,97"
807,19:07,9,9,평택,4,"48,58,98,99"
808,19:08,1,1,서울역,5,"0,20,30,60,80"
808,19:08,10,10,인천공항,1,9
808,19:08,2,2,수서,6,"1,11,21,41,62,91"
808,19:08,3,3,삼성,5,"2,3,38,42,72"
808,19:08,4,4,여의도,5,"15,33,43,83,90"
808,19:08,5,5,김포공항,4,"24,32,54,74"
808,19:08,6,6,일산,5,"35,44,73,78,85"
808,19:08,7,7,판교,2,"51,96"
808,19:08,8,8,동탄/용인,4,"40,57,94,97"
808,19:08,9,9,평택,4,"48,58,98,99"
809,19:09,1,1,서울역,5,"0,20,30,60,80"
809,19:09,10,10,인천공항,1,9
809,19:09,2,2,수서,6,"1,11,21,41,62,91"
809,19:09,3,3,삼성,6,"2,3,6,38,42,72"
809,19:09,4,4,여의도,5,"4,33,43,83,90"
809,19:09,5,5,김포공항,4,"24,32,54,74"
809,19:09,6,6,일산,6,"35,44,73,75,78,85"
809,19:09,7,7,판교,3,"51,82,96"
809,19:09,8,8,동탄/용인,4,"40,57,94,97"
809,19:09,9,9,평택,5,"48,58,84,98,99"
810,19:10,1,1,서울역,5,"0,20,30,60,80"
810,19:10,10,10,인천공항,1,9
810,19:10,2,2,수서,6,"1,11,21,41,81,91"
810,19:10,3,3,삼성,6,"2,6,22,38,42,72"
810,19:10,4,4,여의도,4,"4,33,43,83"
810,19:10,5,5,김포공항,3,"24,54,74"
810,19:10,6,6,일산,6,"25,35,52,75,78,85"
810,19:10,7,7,판교,5,"36,51,66,82,96"
810,19:10,8,8,동탄/용인,6,"7,27,40,57,94,97"
810,19:10,9,9,평택,6,"28,48,58,84,98,99"
811,19:11,1,1,서울역,6,"0,10,20,30,60,80"
811,19:11,10,10,인천공항,1,9
811,19:11,2,2,수서,6,"1,11,21,41,81,91"
811,19:11,3,3,삼성,6,"2,6,22,42,45,72"
811,19:11,4,4,여의도,4,"4,33,43,83"
811,19:11,5,5,김포공항,4,"24,54,59,74"
811,19:11,6,6,일산,7,"25,35,46,52,65,75,85"
811,19:11,7,7,판교,5,"36,66,82,86,96"
811,19:11,8,8,동탄/용인,7,"7,19,27,57,64,94,97"
811,19:11,9,9,평택,6,"28,48,58,84,98,99"
812,19:12,1,1,서울역,6,"0,10,20,30,60,80"
812,19:12,10,10,인천공항,1,9
812,19:12,2,2,수서,6,"1,11,21,41,81,91"
812,19:12,3,3,삼성,5,"2,22,42,45,72"
812,19:12,4,4,여의도,6,"12,13,33,43,53,83"
812,19:12,5,5,김포공항,5,"24,26,54,59,74"
812,19:12,6,6,일산,8,"25,35,46,52,63,65,75,85"
812,19:12,7,7,판교,6,"36,66,82,86,95,96"
812,19:12,8,8,동탄/용인,7,"7,19,27,57,64,94,97"
812,19:12,9,9,평택,6,"28,48,58,88,98,99"
813,19:13,1,1,서울역,8,"0,10,20,30,60,70,80,87"
813,19:13,10,10,인천공항,1,9
813,19:13,2,2,수서,6,"1,11,21,41,81,91"
813,19:13,3,3,삼성,7,"2,22,31,42,45,62,72"
813,19:13,4,4,여의도,7,"12,13,33,43,53,83,92"
813,19:13,5,5,김포공항,5,"24,26,54,59,74"
813,19:13,6,6,일산,7,"25,35,46,63,65,75,85"
813,19:13,7,7,판교,6,"36,66,82,86,95,96"
813,19:13,8,8,동탄/용인,8,"7,19,27,47,57,64,94,97"
813,19:13,9,9,평택,7,"28,48,58,68,88,98,99"
814,19:14,1,1,서울역,9,"0,10,20,30,60,70,80,87,90"
814,19:14,10,10,인천공항,1,9
814,19:14,2,2,수서,6,"1,11,21,41,81,91"
814,19:14,3,3,삼성,7,"2,22,31,42,61,62,72"
814,19:14,4,4,여의도,7,"12,13,33,43,53,83,92"
814,19:14,5,5,김포공항,6,"14,24,26,34,54,74"
814,19:14,6,6,일산,8,"5,25,35,46,63,65,75,85"
814,19:14,7,7,판교,6,"36,66,82,86,95,96"
814,19:14,8,8,동탄/용인,6,"7,17,27,47,57,97"
814,19:14,9,9,평택,8,"18,28,48,58,68,88,98,99"
815,19:15,1,1,서울역,11,"0,10,20,30,50,60,70,80,87,90,93"
815,19:15,10,10,인천공항,2,"9,39"
815,19:15,2,2,수서,6,"1,11,21,41,81,91"
815,19:15,3,3,삼성,7,"2,22,31,42,61,62,72"
815,19:15,4,4,여의도,7,"13,23,33,43,53,83,92"
815,19:15,5,5,김포공항,5,"14,24,34,54,74"
815,19:15,6,6,일산,8,"5,25,35,46,55,65,75,85"
815,19:15,7,7,판교,5,"36,66,76,86,96"
815,19:15,8,8,동탄/용인,6,"7,17,27,47,57,97"
815,19:15,9,9,평택,8,"18,28,48,58,68,88,98,99"
816,19:16,1,1,서울역,10,"0,10,20,30,50,60,70,80,90,93"
816,19:16,10,10,인천공항,4,"9,39,49,69"
816,19:16,2,2,수서,7,"1,11,21,41,71,81,91"
816,19:16,3,3,삼성,6,"2,22,42,61,62,72"
816,19:16,4,4,여의도,7,"13,23,33,43,53,83,92"
816,19:16,5,5,김포공항,5,"14,24,34,54,74"
816,19:16,6,6,일산,9,"5,15,25,35,46,55,65,75,85"
816,19:16,7,7,판교,6,"16,36,66,76,86,96"
816,19:16,8,8,동탄/용인,7,"7,17,27,47,57,77,97"
816,19:16,9,9,평택,9,"8,18,28,48,58,68,88,98,99"
817,19:17,1,1,서울역,10,"0,10,20,30,50,60,70,80,90,93"
817,19:17,10,10,인천공항,5,"9,29,39,49,69"
817,19:17,2,2,수서,8,"1,11,21,41,51,71,81,91"
817,19:17,3,3,삼성,5,"2,22,42,62,72"
817,19:17,4,4,여의도,9,"3,13,23,33,43,53,73,83,92"
817,19:17,5,5,김포공항,6,"14,24,34,44,54,74"
817,19:17,6,6,일산,8,"5,15,25,35,55,65,75,85"
817,19:17,7,7,판교,6,"16,36,66,76,86,96"
817,19:17,8,8,동탄/용인,7,"7,17,27,47,57,77,97"
817,19:17,9,9,평택,8,"8,18,28,48,58,68,88,98"
818,19:18,1,1,서울역,9,"0,10,20,30,50,60,70,80,90"
818,19:18,10,10,인천공항,5,"9,29,39,49,69"
818,19:18,2,2,수서,8,"1,11,21,41,51,71,81,91"
818,19:18,3,3,삼성,6,"2,22,32,42,62,72"
818,19:18,4,4,여의도,9,"3,13,23,33,43,53,73,83,92"
818,19:18,5,5,김포공항,7,"4,14,24,34,44,54,74"
818,19:18,6,6,일산,8,"5,15,25,35,55,65,75,85"
818,19:18,7,7,판교,6,"16,36,66,76,86,96"
818,19:18,8,8,동탄/용인,7,"7,17,27,47,57,77,97"
818,19:18,9,9,평택,8,"8,18,28,48,58,68,88,98"
819,19:19,1,1,서울역,9,"0,10,20,30,50,60,70,80,90"
819,19:19,10,10,인천공항,6,"9,29,39,49,69,89"
819,19:19,2,2,수서,9,"1,11,21,31,41,51,71,81,91"
819,19:19,3,3,삼성,6,"2,22,32,42,62,72"
819,19:19,4,4,여의도,8,"3,13,23,33,43,53,73,83"
819,19:19,5,5,김포공항,7,"4,14,24,34,44,54,74"
819,19:19,6,6,일산,8,"5,15,25,35,55,65,75,85"
819,19:19,7,7,판교,7,"6,16,36,66,76,86,96"
819,19:19,8,8,동탄/용인,8,"7,17,27,37,47,57,77,97"
819,19:19,9,9,평택,8,"8,18,28,48,58,68,88,98"
820,19:20,1,1,서울역,9,"0,10,20,30,50,60,70,80,90"
820,19:20,10,10,인천공항,6,"9,29,39,49,69,89"
820,19:20,2,2,수서,10,"1,11,21,31,41,51,61,71,81,91"
820,19:20,3,3,삼성,6,"2,22,32,42,62,72"
820,19:20,4,4,여의도,8,"3,13,23,33,43,53,73,83"
820,19:20,5,5,김포공항,7,"4,14,24,34,44,54,74"
820,19:20,6,6,일산,8,"5,15,25,35,55,65,75,85"
820,19:20,7,7,판교,8,"6,16,36,56,66,76,86,96"
820,19:20,8,8,동탄/용인,9,"7,17,27,37,47,57,67,77,97"
820,19:20,9,9,평택,8,"8,18,28,48,58,68,88,98"
821,19:21,1,1,서울역,9,"0,10,20,30,50,60,70,80,90"
821,19:21,10,10,인천공항,6,"9,29,39,49,69,89"
821,19:21,2,2,수서,10,"1,11,21,31,41,51,61,71,81,91"
821,19:21,3,3,삼성,6,"2,22,32,42,62,72"
821,19:21,4,4,여의도,8,"3,13,23,33,43,53,73,83"
821,19:21,5,5,김포공항,7,"4,14,24,34,44,54,74"
821,19:21,6,6,일산,8,"5,15,25,35,55,65,75,85"
821,19:21,7,7,판교,8,"6,16,36,56,66,76,86,96"
821,19:21,8,8,동탄/용인,9,"7,17,27,37,47,57,67,77,97"
821,19:21,9,9,평택,8,"8,18,28,48,58,68,88,98"
822,19:22,1,1,서울역,9,"0,10,20,30,50,60,70,80,90"
822,19:22,10,10,인천공항,6,"9,29,39,49,69,89"
822,19:22,2,2,수서,10,"1,11,21,31,41,51,61,71,81,91"
822,19:22,3,3,삼성,8,"2,12,22,32,42,62,72,82"
822,19:22,4,4,여의도,10,"3,13,23,33,43,53,63,73,83,93"
822,19:22,5,5,김포공항,7,"4,14,24,34,44,54,74"
822,19:22,6,6,일산,8,"5,15,25,35,55,65,75,85"
822,19:22,7,7,판교,8,"6,16,36,56,66,76,86,96"
822,19:22,8,8,동탄/용인,9,"7,17,27,37,47,57,67,77,97"
822,19:22,9,9,평택,8,"8,18,28,48,58,68,88,98"
823,19:23,1,1,서울역,10,"0,10,20,30,40,50,60,70,80,90"
823,19:23,10,10,인천공항,6,"9,29,39,49,69,89"
823,19:23,2,2,수서,10,"1,11,21,31,41,51,61,71,81,91"
823,19:23,3,3,삼성,9,"2,12,22,32,42,52,62,72,82"
823,19:23,4,4,여의도,10,"3,13,23,33,43,53,63,73,83,93"
823,19:23,5,5,김포공항,7,"4,14,24,34,44,54,74"
823,19:23,6,6,일산,8,"5,15,25,35,55,65,75,85"
823,19:23,7,7,판교,8,"6,16,36,56,66,76,86,96"
823,19:23,8,8,동탄/용인,9,"7,17,27,37,47,57,67,77,97"
823,19:23,9,9,평택,8,"8,18,28,48,58,68,88,98"
824,19:24,1,1,서울역,10,"0,10,20,30,40,50,60,70,80,90"
824,19:24,10,10,인천공항,8,"9,29,39,49,59,69,79,89"
824,19:24,2,2,수서,10,"1,11,21,31,41,51,61,71,81,91"
824,19:24,3,3,삼성,9,"2,12,22,32,42,52,62,72,82"
824,19:24,4,4,여의도,10,"3,13,23,33,43,53,63,73,83,93"
824,19:24,5,5,김포공항,7,"4,14,24,34,44,54,74"
824,19:24,6,6,일산,9,"5,15,25,35,45,55,65,75,85"
824,19:24,7,7,판교,8,"6,16,36,56,66,76,86,96"
824,19:24,8,8,동탄/용인,9,"7,17,27,37,47,57,67,77,97"
824,19:24,9,9,평택,8,"8,18,28,48,58,68,88,98"
825,19:25,1,1,서울역,10,"0,10,20,30,40,50,60,70,80,90"
825,19:25,10,10,인천공항,8,"9,29,39,49,59,69,79,89"
825,19:25,2,2,수서,10,"1,11,21,31,41,51,61,71,81,91"
825,19:25,3,3,삼성,9,"2,12,22,32,42,52,62,72,82"
825,19:25,4,4,여의도,10,"3,13,23,33,43,53,63,73,83,93"
825,19:25,5,5,김포공항,7,"4,14,24,34,44,54,74"
825,19:25,6,6,일산,9,"5,15,25,35,45,55,65,75,85"
825,19:25,7,7,판교,9,"6,16,26,36,56,66,76,86,96"
825,19:25,8,8,동탄/용인,9,"7,17,27,37,47,57,67,77,97"
825,19:25,9,9,평택,8,"8,18,28,48,58,68,88,98"
826,19:26,1,1,서울역,10,"0,10,20,30,40,50,60,70,80,90"
826,19:26,10,10,인천공항,8,"9,29,39,49,59,69,79,89"
826,19:26,2,2,수서,10,"1,11,21,31,41,51,61,71,81,91"
826,19:26,3,3,삼성,10,"2,12,22,32,42,52,62,72,82,92"
826,19:26,4,4,여의도,10,"3,13,23,33,43,53,63,73,83,93"
826,19:26,5,5,김포공항,7,"4,14,24,34,44,54,74"
826,19:26,6,6,일산,9,"5,15,25,35,45,55,65,75,85"
826,19:26,7,7,판교,9,"6,16,26,36,56,66,76,86,96"
826,19:26,8,8,동탄/용인,9,"7,17,27,37,47,57,67,77,97"
826,19:26,9,9,평택,9,"8,18,28,38,48,58,68,88,98"
827,19:27,1,1,서울역,10,"0,10,20,30,40,50,60,70,80,90"
827,19:27,10,10,인천공항,8,"9,29,39,49,59,69,79,89"
827,19:27,2,2,수서,10,"1,11,21,31,41,51,61,71,81,91"
827,19:27,3,3,삼성,10,"2,12,22,32,42,52,62,72,82,92"
827,19:27,4,4,여의도,10,"3,13,23,33,43,53,63,73,83,93"
827,19:27,5,5,김포공항,7,"4,14,24,34,44,54,74"
827,19:27,6,6,일산,10,"5,15,25,35,45,55,65,75,85,95"
827,19:27,7,7,판교,9,"6,16,26,36,56,66,76,86,96"
827,19:27,8,8,동탄/용인,9,"7,17,27,37,47,57,67,77,97"
827,19:27,9,9,평택,9,"8,18,28,38,48,58,68,88,98"
828,19:28,1,1,서울역,10,"0,10,20,30,40,50,60,70,80,90"
828,19:28,10,10,인천공항,8,"9,29,39,49,59,69,79,89"
828,19:28,2,2,수서,10,"1,11,21,31,41,51,61,71,81,91"
828,19:28,3,3,삼성,10,"2,12,22,32,42,52,62,72,82,92"
828,19:28,4,4,여의도,10,"3,13,23,33,43,53,63,73,83,93"
828,19:28,5,5,김포공항,9,"4,14,24,34,44,54,64,74,94"
828,19:28,6,6,일산,10,"5,15,25,35,45,55,65,75,85,95"
828,19:28,7,7,판교,9,"6,16,26,36,56,66,76,86,96"
828,19:28,8,8,동탄/용인,10,"7,17,27,37,47,57,67,77,87,97"
828,19:28,9,9,평택,9,"8,18,28,38,48,58,68,88,98"
829,19:29,1,1,서울역,10,"0,10,20,30,40,50,60,70,80,90"
829,19:29,10,10,인천공항,8,"9,29,39,49,59,69,79,89"
829,19:29,2,2,수서,10,"1,11,21,31,41,51,61,71,81,91"
829,19:29,3,3,삼성,10,"2,12,22,32,42,52,62,72,82,92"
829,19:29,4,4,여의도,10,"3,13,23,33,43,53,63,73,83,93"
829,19:29,5,5,김포공항,10,"4,14,24,34,44,54,64,74,84,94"
829,19:29,6,6,일산,10,"5,15,25,35,45,55,65,75,85,95"
829,19:29,7,7,판교,10,"6,16,26,36,46,56,66,76,86,96"
829,19:29,8,8,동탄/용인,10,"7,17,27,37,47,57,67,77,87,97"
829,19:29,9,9,평택,9,"8,18,28,38,48,58,68,88,98"
830,19:30,1,1,서울역,10,"0,10,20,30,40,50,60,70,80,90"
830,19:30,10,10,인천공항,8,"9,29,39,49,59,69,79,89"
830,19:30,2,2,수서,10,"1,11,21,31,41,51,61,71,81,91"
830,19:30,3,3,삼성,10,"2,12,22,32,42,52,62,72,82,92"
830,19:30,4,4,여의도,10,"3,13,23,33,43,53,63,73,83,93"
830,19:30,5,5,김포공항,10,"4,14,24,34,44,54,64,74,84,94"
830,19:30,6,6,일산,10,"5,15,25,35,45,55,65,75,85,95"
830,19:30,7,7,판교,10,"6,16,26,36,46,56,66,76,86,96"
830,19:30,8,8,동탄/용인,10,"7,17,27,37,47,57,67,77,87,97"
830,19:30,9,9,평택,9,"8,18,28,38,48,58,68,88,98"
831,19:31,1,1,서울역,10,"0,10,20,30,40,50,60,70,80,90"
831,19:31,10,10,인천공항,9,"9,19,29,39,49,59,69,79,89"
831,19:31,2,2,수서,10,"1,11,21,31,41,51,61,71,81,91"
831,19:31,3,3,삼성,10,"2,12,22,32,42,52,62,72,82,92"
831,19:31,4,4,여의도,10,"3,13,23,33,43,53,63,73,83,93"
831,19:31,5,5,김포공항,10,"4,14,24,34,44,54,64,74,84,94"
831,19:31,6,6,일산,10,"5,15,25,35,45,55,65,75,85,95"
831,19:31,7,7,판교,10,"6,16,26,36,46,56,66,76,86,96"
831,19:31,8,8,동탄/용인,10,"7,17,27,37,47,57,67,77,87,97"
831,19:31,9,9,평택,10,"8,18,28,38,48,58,68,78,88,98"
832,19:32,1,1,서울역,10,"0,10,20,30,40,50,60,70,80,90"
832,19:32,10,10,인천공항,9,"9,19,29,39,49,59,69,79,89"
832,19:32,2,2,수서,10,"1,11,21,31,41,51,61,71,81,91"
832,19:32,3,3,삼성,10,"2,12,22,32,42,52,62,72,82,92"
832,19:32,4,4,여의도,10,"3,13,23,33,43,53,63,73,83,93"
832,19:32,5,5,김포공항,10,"4,14,24,34,44,54,64,74,84,94"
832,19:32,6,6,일산,10,"5,15,25,35,45,55,65,75,85,95"
832,19:32,7,7,판교,10,"6,16,26,36,46,56,66,76,86,96"
832,19:32,8,8,동탄/용인,10,"7,17,27,37,47,57,67,77,87,97"
832,19:32,9,9,평택,10,"8,18,28,38,48,58,68,78,88,98"
833,19:33,1,1,서울역,10,"0,10,20,30,40,50,60,70,80,90"
833,19:33,10,10,인천공항,9,"9,19,29,39,49,59,69,79,89"
833,19:33,2,2,수서,10,"1,11,21,31,41,51,61,71,81,91"
833,19:33,3,3,삼성,10,"2,12,22,32,42,52,62,72,82,92"
833,19:33,4,4,여의도,10,"3,13,23,33,43,53,63,73,83,93"
833,19:33,5,5,김포공항,10,"4,14,24,34,44,54,64,74,84,94"
833,19:33,6,6,일산,10,"5,15,25,35,45,55,65,75,85,95"
833,19:33,7,7,판교,10,"6,16,26,36,46,56,66,76,86,96"
833,19:33,8,8,동탄/용인,10,"7,17,27,37,47,57,67,77,87,97"
833,19:33,9,9,평택,10,"8,18,28,38,48,58,68,78,88,98"
834,19:34,1,1,서울역,10,"0,10,20,30,40,50,60,70,80,90"
834,19:34,10,10,인천공항,9,"9,19,29,39,49,59,69,79,89"
834,19:34,2,2,수서,10,"1,11,21,31,41,51,61,71,81,91"
834,19:34,3,3,삼성,10,"2,12,22,32,42,52,62,72,82,92"
834,19:34,4,4,여의도,10,"3,13,23,33,43,53,63,73,83,93"
834,19:34,5,5,김포공항,10,"4,14,24,34,44,54,64,74,84,94"
834,19:34,6,6,일산,10,"5,15,25,35,45,55,65,75,85,95"
834,19:34,7,7,판교,10,"6,16,26,36,46,56,66,76,86,96"
834,19:34,8,8,동탄/용인,10,"7,17,27,37,47,57,67,77,87,97"
834,19:34,9,9,평택,10,"8,18,28,38,48,58,68,78,88,98"
835,19:35,1,1,서울역,10,"0,10,20,30,40,50,60,70,80,90"
835,19:35,10,10,인천공항,9,"9,19,29,39,49,59,69,79,89"
835,19:35,2,2,수서,10,"1,11,21,31,41,51,61,71,81,91"
835,19:35,3,3,삼성,10,"2,12,22,32,42,52,62,72,82,92"
835,19:35,4,4,여의도,10,"3,13,23,33,43,53,63,73,83,93"
835,19:35,5,5,김포공항,10,"4,14,24,34,44,54,64,74,84,94"
835,19:35,6,6,일산,10,"5,15,25,35,45,55,65,75,85,95"
835,19:35,7,7,판교,10,"6,16,26,36,46,56,66,76,86,96"
835,19:35,8,8,동탄/용인,10,"7,17,27,37,47,57,67,77,87,97"
835,19:35,9,9,평택,10,"8,18,28,38,48,58,68,78,88,98"
836,19:36,1,1,서울역,10,"0,10,20,30,40,50,60,70,80,90"
836,19:36,10,10,인천공항,10,"9,19,29,39,49,59,69,79,89,99"
836,19:36,2,2,수서,10,"1,11,21,31,41,51,61,71,81,91"
836,19:36,3,3,삼성,10,"2,12,22,32,42,52,62,72,82,92"
836,19:36,4,4,여의도,10,"3,13,23,33,43,53,63,73,83,93"
836,19:36,5,5,김포공항,10,"4,14,24,34,44,54,64,74,84,94"
836,19:36,6,6,일산,10,"5,15,25,35,45,55,65,75,85,95"
836,19:36,7,7,판교,10,"6,16,26,36,46,56,66,76,86,96"
836,19:36,8,8,동탄/용인,10,"7,17,27,37,47,57,67,77,87,97"
836,19:36,9,9,평택,10,"8,18,28,38,48,58,68,78,88,98"
