horizon_start,horizon_end,request_id,batch_id,planned_visit,planned_pickup_time,committed,drop_penalty
0,30,R1,B1,False,,False,95400
0,30,R2,B2,False,,False,97349
0,30,R3,B3,False,,False,97350
0,30,R4,B4,False,,False,94049
0,30,R5,B5,False,,False,89000
0,30,R6,B6,False,,False,97250
0,30,R7,B7,False,,False,97250
0,30,R8,B8,False,,False,97250
0,30,R9,B9,False,,False,94049
0,30,R10,B10,False,,False,97350
20,50,R1,B1,False,,False,98788
20,50,R2,B2,False,,False,100134
20,50,R3,B3,False,,False,100168
20,50,R4,B4,False,,False,96947
20,50,R5,B5,False,,False,92095
20,50,R6,B6,False,,False,100062
20,50,R7,B7,False,,False,100131
20,50,R8,B8,False,,False,100062
20,50,R9,B9,True,30.0,True,96947
20,50,R10,B10,False,,False,101902
20,50,R11,B11,True,33.0,True,188099
20,50,R12,B12,False,,False,96300
20,50,R13,B13,False,,False,97250
20,50,R14,B14,False,,False,95400
20,50,R15,B15,False,,False,97150
20,50,R16,B16,False,,False,94049
20,50,R17,B17,False,,False,89100
20,50,R18,B18,False,,False,96250
20,50,R19,B19,False,,False,94049
20,50,R20,B20,False,,False,95400
20,50,R21,B21,False,,False,89100
20,50,R22,B22,False,,False,95400
20,50,R23,B23,False,,False,94049
40,70,R1,B1,False,,False,122504
40,70,R2,B2,False,,False,119631
40,70,R3,B3,False,,False,114260
40,70,R4,B4,False,,False,117233
40,70,R5,B5,False,,False,107571
40,70,R6,B6,False,,False,114125
40,70,R7,B7,False,,False,114536
40,70,R8,B8,False,,False,108500
40,70,R10,B10,False,,False,124667
40,70,R12,B12,False,,False,108484
40,70,R13,B13,False,,False,99997
40,70,R14,B14,False,,False,101220
40,70,R15,B15,False,,False,99956
40,70,R16,B16,False,,False,96947
40,70,R17,B17,False,,False,93543
40,70,R18,B18,False,,False,99292
40,70,R19,B19,False,,False,96947
40,70,R20,B20,False,,False,101220
40,70,R21,B21,False,,False,93543
40,70,R22,B22,False,,False,101075
40,70,R23,B23,False,,False,96947
40,70,R24,B24,False,,False,95400
40,70,R25,B25,False,,False,94500
40,70,R26,B26,False,,False,97350
40,70,R27,B27,False,,False,94049
40,70,R28,B28,False,,False,97349
40,70,R29,B29,True,55.0,True,194500
40,70,R30,B30,False,,False,97350
40,70,R31,B31,False,,False,96250
40,70,R32,B32,True,60.0,False,97250
40,70,R33,B33,False,,False,95400
40,70,R34,B34,False,,False,94050
40,70,R35,B35,False,,False,97250
40,70,R36,B36,True,64.0,False,194700
40,70,R37,B37,False,,False,82250
40,70,R38,B38,False,,False,97250
40,70,R39,B39,False,,False,95400
40,70,R40,B40,False,,False,97250
40,70,R41,B41,False,,False,97350
40,70,R42,B42,False,,False,97250
60,90,R15,B15,False,,False,119602
60,90,R17,B17,False,,False,124645
60,90,R18,B18,False,,False,120592
60,90,R20,B20,False,,False,141964
60,90,R21,B21,False,,False,115759
60,90,R22,B22,False,,False,129450
60,90,R23,B23,False,,False,111437
60,90,R24,B24,False,,False,107041
60,90,R25,B25,False,,False,96599
60,90,R26,B26,False,,False,106455
60,90,R27,B27,False,,False,99845
60,90,R28,B28,False,,False,100134
60,90,R30,B30,False,,False,101902
60,90,R31,B31,False,,False,99292
60,90,R32,B32,False,,False,100062
60,90,R33,B33,False,,False,101220
60,90,R34,B34,False,,False,96986
60,90,R35,B35,False,,False,100062
60,90,R36,B36,True,64.0,True,200336
60,90,R37,B37,False,,False,84125
60,90,R38,B38,False,,False,100062
60,90,R39,B39,False,,False,101075
60,90,R40,B40,False,,False,100062
60,90,R41,B41,True,70.0,True,100168
60,90,R42,B42,False,,False,100062
60,90,R43,B43,False,,False,97250
60,90,R44,B44,True,71.0,True,194700
60,90,R45,B45,True,73.0,True,194700
60,90,R46,B46,False,,False,97350
60,90,R47,B47,False,,False,94050
60,90,R48,B48,False,,False,96300
60,90,R49,B49,False,,False,96400
60,90,R50,B50,False,,False,96100
60,90,R51,B51,False,,False,95550
60,90,R52,B52,True,84.0,False,95500
60,90,R53,B53,False,,False,94049
60,90,R54,B54,False,,False,77499
60,90,R55,B55,False,,False,77499
60,90,R56,B56,False,,False,97250
60,90,R57,B57,True,88.0,False,95500
60,90,R58,B58,False,,False,98149
60,90,R59,B59,False,,False,96800
60,90,R60,B60,False,,False,95550
60,90,R61,B61,False,,False,77499
80,110,R25,B25,False,,False,111292
80,110,R31,B31,False,,False,120592
80,110,R32,B32,False,,False,119750
80,110,R33,B33,False,,False,141964
80,110,R34,B34,False,,False,117543
80,110,R35,B35,False,,False,114125
80,110,R37,B37,False,,False,89750
80,110,R38,B38,False,,False,114125
80,110,R39,B39,False,,False,140800
80,110,R40,B40,False,,False,108500
80,110,R42,B42,False,,False,108500
80,110,R43,B43,False,,False,102875
80,110,R46,B46,False,,False,106455
80,110,R47,B47,False,,False,99923
80,110,R48,B48,False,,False,102016
80,110,R49,B49,False,,False,101672
80,110,R50,B50,False,,False,107076
80,110,R51,B51,False,,False,104660
80,110,R52,B52,True,84.0,True,98616
80,110,R53,B53,False,,False,96947
80,110,R54,B54,False,,False,79116
80,110,R55,B55,False,,False,79116
80,110,R56,B56,False,,False,100062
80,110,R57,B57,True,88.0,True,98616
80,110,R58,B58,True,90.0,True,103271
80,110,R59,B59,False,,False,100766
80,110,R60,B60,False,,False,104660
80,110,R61,B61,False,,False,79116
80,110,R62,B62,False,,False,98149
80,110,R63,B63,False,,False,95500
80,110,R64,B64,False,,False,94050
80,110,R65,B65,False,,False,95800
80,110,R66,B66,False,,False,97250
80,110,R67,B67,False,,False,77499
80,110,R68,B68,False,,False,95800
80,110,R69,B69,False,,False,94050
80,110,R70,B70,False,,False,95550
80,110,R71,B71,False,,False,94500
80,110,R72,B72,False,,False,93600
80,110,R73,B73,True,100.0,False,95550
80,110,R74,B74,False,,False,98149
80,110,R75,B75,False,,False,77499
80,110,R76,B76,False,,False,77499
80,110,R77,B77,True,103.0,False,286650
80,110,R78,B78,False,,False,95900
80,110,R79,B79,True,108.0,False,196299
80,110,R80,B80,False,,False,95800
80,110,R81,B81,False,,False,77499
80,110,R82,B82,False,,False,95800
80,110,R83,B83,False,,False,94050
80,110,R84,B84,False,,False,95550
80,110,R85,B85,False,,False,97250
100,130,R53,B53,False,,False,117233
100,130,R54,B54,False,,False,83969
100,130,R55,B55,False,,False,83969
100,130,R56,B56,False,,False,114125
100,130,R59,B59,False,,False,128528
100,130,R60,B60,False,,False,150210
100,130,R61,B61,False,,False,80734
100,130,R62,B62,False,,False,118638
100,130,R63,B63,False,,False,104849
100,130,R64,B64,False,,False,99923
100,130,R65,B65,False,,False,105341
100,130,R66,B66,False,,False,99997
100,130,R67,B67,False,,False,79116
100,130,R68,B68,True,100.0,True,121244
100,130,R69,B69,False,,False,96986
100,130,R70,B70,False,,False,113770
100,130,R71,B71,False,,False,96599
100,130,R72,B72,False,,False,96627
100,130,R73,B73,True,100.0,True,104660
100,130,R74,B74,True,101.0,True,108393
100,130,R75,B75,False,,False,79116
100,130,R76,B76,False,,False,79116
100,130,R77,B77,True,103.0,True,313980
100,130,R78,B78,False,,False,98421
100,130,R79,B79,True,108.0,True,206543
100,130,R80,B80,False,,False,108522
100,130,R81,B81,False,,False,79116
100,130,R82,B82,True,109.0,True,108522
100,130,R83,B83,False,,False,96986
100,130,R84,B84,True,109.0,True,104660
100,130,R85,B85,False,,False,99997
100,130,R86,B86,False,,False,96400
100,130,R87,B87,False,,False,96700
100,130,R88,B88,True,112.0,True,95550
100,130,R89,B89,False,,False,77499
100,130,R90,B90,True,113.0,True,95800
100,130,R91,B91,False,,False,95550
100,130,R92,B92,False,,False,94200
100,130,R93,B93,False,,False,94200
100,130,R94,B94,False,,False,92700
100,130,R95,B95,False,,False,96700
100,130,R96,B96,False,,False,92700
100,130,R97,B97,True,120.0,False,191600
100,130,R98,B98,False,,False,95800
100,130,R99,B99,False,,False,94200
100,130,R100,B100,False,,False,185400
100,130,R101,B101,True,123.0,False,191600
100,130,R102,B102,False,,False,94500
100,130,R103,B103,False,,False,96700
100,130,R104,B104,False,,False,96700
100,130,R105,B105,False,,False,96700
100,130,R106,B106,True,125.0,False,95550
100,130,R107,B107,False,,False,97250
100,130,R108,B108,False,,False,94050
100,130,R109,B109,False,,False,92700
100,130,R110,B110,False,,False,98149
100,130,R111,B111,False,,False,94050
100,130,R112,B112,False,,False,96800
100,130,R113,B113,True,129.0,False,95550
120,150,R66,B66,False,,False,119226
120,150,R67,B67,False,,False,90440
120,150,R71,B71,False,,False,107094
120,150,R75,B75,False,,False,87204
120,150,R76,B76,False,,False,87204
120,150,R78,B78,False,,False,116075
120,150,R80,B80,False,,False,197577
120,150,R81,B81,False,,False,83969
120,150,R83,B83,False,,False,111670
120,150,R85,B85,False,,False,102744
120,150,R86,B86,False,,False,112218
120,150,R87,B87,False,,False,110640
120,150,R89,B89,False,,False,79116
120,150,R91,B91,False,,False,122880
120,150,R92,B92,False,,False,105250
120,150,R93,B93,False,,False,105250
120,150,R94,B94,False,,False,94772
120,150,R95,B95,False,,False,103670
120,150,R96,B96,True,120.0,True,94772
120,150,R97,B97,True,120.0,True,242488
120,150,R98,B98,True,121.0,True,121244
120,150,R99,B99,False,,False,99725
120,150,R100,B100,True,123.0,True,189545
120,150,R101,B101,True,123.0,True,217044
120,150,R102,B102,False,,False,96599
120,150,R103,B103,False,,False,100185
120,150,R104,B104,False,,False,100185
120,150,R105,B105,False,,False,100185
120,150,R106,B106,True,125.0,True,104660
120,150,R107,B107,False,,False,100062
120,150,R108,B108,False,,False,96986
120,150,R109,B109,False,,False,94772
120,150,R110,B110,True,129.0,True,103271
120,150,R111,B111,False,,False,96986
120,150,R112,B112,False,,False,100766
120,150,R113,B113,True,129.0,True,104660
120,150,R114,B114,False,,False,96300
120,150,R115,B115,False,,False,97950
120,150,R116,B116,False,,False,94500
120,150,R117,B117,False,,False,97950
120,150,R118,B118,False,,False,95800
120,150,R119,B119,False,,False,97150
120,150,R120,B120,False,,False,77499
120,150,R121,B121,False,,False,98149
120,150,R122,B122,True,140.0,False,196500
120,150,R123,B123,False,,False,95450
120,150,R124,B124,False,,False,97150
120,150,R125,B125,False,,False,92700
120,150,R126,B126,True,141.0,False,98149
120,150,R127,B127,True,141.0,False,98050
120,150,R128,B128,False,,False,95500
120,150,R129,B129,False,,False,94150
120,150,R130,B130,True,141.0,False,96800
120,150,R131,B131,False,,False,92700
120,150,R132,B132,False,,False,97250
120,150,R133,B133,False,,False,98050
120,150,R134,B134,True,142.0,False,96300
120,150,R135,B135,False,,False,89300
120,150,R136,B136,True,143.0,False,95800
120,150,R137,B137,True,144.0,False,98250
120,150,R138,B138,False,,False,94200
120,150,R139,B139,True,144.0,False,196100
120,150,R140,B140,False,,False,94049
120,150,R141,B141,True,144.0,False,96800
120,150,R142,B142,False,,False,96700
120,150,R143,B143,True,145.0,False,98149
120,150,R144,B144,True,147.0,False,196100
120,150,R145,B145,True,145.0,False,95800
120,150,R146,B146,False,,False,95500
120,150,R147,B147,False,,False,96700
120,150,R148,B148,False,,False,95550
120,150,R149,B149,True,146.0,False,98149
120,150,R150,B150,True,146.0,False,98400
120,150,R151,B151,False,,False,94200
120,150,R152,B152,True,146.0,False,294150
120,150,R153,B153,True,146.0,False,95800
120,150,R154,B154,True,146.0,False,96300
120,150,R155,B155,True,147.0,False,191600
120,150,R156,B156,True,149.0,False,98149
120,150,R157,B157,True,149.0,False,98400
120,150,R158,B158,False,,False,98050
120,150,R159,B159,True,148.0,False,191600
120,150,R160,B160,False,,False,89300
120,150,R161,B161,False,,False,97950
120,150,R162,B162,False,,False,95500
120,150,R163,B163,False,,False,96800
120,150,R164,B164,False,,False,98250
120,150,R165,B165,False,,False,98250
120,150,R166,B166,True,150.0,False,95800
120,150,R167,B167,True,150.0,False,188099
120,150,R168,B168,False,,False,94500
120,150,R169,B169,False,,False,92700
140,170,R94,B94,False,,False,109282
140,170,R102,B102,False,,False,102896
140,170,R107,B107,False,,False,114125
140,170,R108,B108,False,,False,111670
140,170,R109,B109,False,,False,100991
140,170,R111,B111,False,,False,111670
140,170,R112,B112,False,,False,128528
140,170,R114,B114,False,,False,102016
140,170,R115,B115,False,,False,106077
140,170,R116,B116,False,,False,96599
140,170,R117,B117,False,,False,106668
140,170,R118,B118,True,140.0,True,121244
140,170,R119,B119,False,,False,99956
140,170,R120,B120,False,,False,79116
140,170,R121,B121,True,140.0,True,108393
140,170,R122,B122,True,140.0,True,224071
140,170,R123,B123,False,,False,100860
140,170,R124,B124,False,,False,99956
140,170,R125,B125,False,,False,94772
140,170,R126,B126,True,141.0,True,108393
140,170,R127,B127,True,141.0,True,102670
140,170,R128,B128,False,,False,98616
140,170,R129,B129,False,,False,103160
140,170,R130,B130,True,141.0,True,104732
140,170,R131,B131,False,,False,94772
140,170,R132,B132,False,,False,99997
140,170,R133,B133,False,,False,103055
140,170,R134,B134,True,142.0,True,99158
140,170,R135,B135,False,,False,92469
140,170,R136,B136,True,143.0,True,108522
140,170,R137,B137,True,144.0,True,105142
140,170,R138,B138,False,,False,99725
140,170,R139,B139,True,144.0,True,205340
140,170,R140,B140,False,,False,96947
140,170,R141,B141,True,144.0,True,100766
140,170,R142,B142,False,,False,100185
140,170,R143,B143,True,145.0,True,103271
140,170,R144,B144,True,147.0,True,205340
140,170,R145,B145,True,146.0,True,108522
140,170,R146,B146,False,,False,98616
140,170,R147,B147,False,,False,100185
140,170,R148,B148,False,,False,104660
140,170,R149,B149,True,148.0,True,103271
140,170,R150,B150,True,146.0,True,103777
140,170,R151,B151,False,,False,99725
140,170,R152,B152,True,146.0,True,308010
140,170,R153,B153,True,146.0,True,108522
140,170,R154,B154,True,146.0,True,99158
140,170,R155,B155,True,147.0,True,217044
140,170,R156,B156,True,152.0,True,103271
140,170,R157,B157,True,149.0,True,103777
140,170,R158,B158,True,148.0,True,102670
140,170,R159,B159,True,152.0,True,217044
140,170,R160,B160,False,,False,92469
140,170,R161,B161,True,149.0,True,102083
140,170,R162,B162,False,,False,98616
140,170,R163,B163,False,,False,100766
140,170,R164,B164,True,150.0,True,103732
140,170,R165,B165,True,150.0,True,105142
140,170,R166,B166,True,150.0,True,108522
140,170,R167,B167,True,150.0,True,193895
140,170,R168,B168,False,,False,96599
140,170,R169,B169,False,,False,94772
140,170,R170,B170,True,151.0,True,196100
140,170,R171,B171,False,,False,95800
140,170,R172,B172,False,,False,95400
140,170,R173,B173,False,,False,95500
140,170,R174,B174,False,,False,95450
140,170,R175,B175,True,153.0,True,98250
140,170,R176,B176,False,,False,96400
140,170,R177,B177,False,,False,98250
140,170,R178,B178,False,,False,94200
140,170,R179,B179,True,153.0,True,294150
140,170,R180,B180,False,,False,96400
140,170,R181,B181,True,154.0,True,98250
140,170,R182,B182,False,,False,98250
140,170,R183,B183,True,154.0,True,94049
140,170,R184,B184,True,154.0,True,193400
140,170,R185,B185,False,,False,97150
140,170,R186,B186,False,,False,95800
140,170,R187,B187,True,157.0,True,188100
140,170,R188,B188,False,,False,96800
140,170,R189,B189,False,,False,93600
140,170,R190,B190,False,,False,96300
140,170,R191,B191,False,,False,98050
140,170,R192,B192,False,,False,95800
140,170,R193,B193,False,,False,95500
140,170,R194,B194,False,,False,94049
140,170,R195,B195,True,156.0,True,96800
140,170,R196,B196,False,,False,95550
140,170,R197,B197,True,157.0,True,98050
140,170,R198,B198,True,157.0,True,96700
140,170,R199,B199,False,,False,96400
140,170,R200,B200,False,,False,77499
140,170,R201,B201,True,158.0,True,98400
140,170,R202,B202,False,,False,95900
140,170,R203,B203,False,,False,96300
140,170,R204,B204,True,158.0,True,193400
140,170,R205,B205,True,159.0,True,98250
140,170,R206,B206,True,159.0,True,98250
140,170,R207,B207,False,,False,95800
140,170,R208,B208,True,160.0,False,98250
140,170,R209,B209,True,160.0,False,98050
140,170,R210,B210,False,,False,95800
140,170,R211,B211,False,,False,95500
140,170,R212,B212,False,,False,94049
140,170,R213,B213,True,160.0,False,96800
140,170,R214,B214,False,,False,96400
140,170,R215,B215,True,161.0,False,98400
140,170,R216,B216,True,162.0,False,98250
140,170,R217,B217,False,,False,95800
140,170,R218,B218,True,161.0,False,96700
140,170,R219,B219,False,,False,89300
140,170,R220,B220,True,162.0,False,98250
140,170,R221,B221,True,162.0,False,98050
140,170,R222,B222,False,,False,96400
140,170,R223,B223,True,162.0,False,96300
140,170,R224,B224,False,,False,96400
140,170,R225,B225,True,163.0,False,98250
140,170,R226,B226,True,163.0,False,98050
140,170,R227,B227,False,,False,95500
140,170,R228,B228,True,163.0,False,96800
140,170,R229,B229,False,,False,98400
140,170,R230,B230,False,,False,97950
140,170,R231,B231,False,,False,94150
140,170,R232,B232,False,,False,94049
140,170,R233,B233,False,,False,95800
140,170,R234,B234,True,165.0,False,96300
140,170,R235,B235,False,,False,89300
140,170,R236,B236,False,,False,98250
140,170,R237,B237,True,166.0,False,196100
140,170,R238,B238,True,166.0,False,95800
140,170,R239,B239,True,166.0,False,96800
140,170,R240,B240,True,166.0,False,96700
140,170,R241,B241,False,,False,95900
140,170,R242,B242,True,167.0,False,294150
140,170,R243,B243,False,,False,95800
140,170,R244,B244,False,,False,94500
140,170,R245,B245,False,,False,95900
140,170,R246,B246,False,,False,95800
140,170,R247,B247,True,169.0,False,193400
140,170,R248,B248,False,,False,98149
140,170,R249,B249,False,,False,98250
140,170,R250,B250,True,170.0,False,191600
140,170,R251,B251,True,170.0,False,193400
160,190,R116,B116,False,,False,111292
160,190,R119,B119,False,,False,119602
160,190,R120,B120,False,,False,87204
160,190,R124,B124,False,,False,113989
160,190,R125,B125,False,,False,105136
160,190,R131,B131,False,,False,105136
160,190,R132,B132,False,,False,113732
160,190,R135,B135,False,,False,114654
160,190,R138,B138,False,,False,138400
160,190,R140,B140,False,,False,117233
160,190,R146,B146,False,,False,120431
160,190,R148,B148,False,,False,168430
160,190,R151,B151,False,,False,138400
160,190,R160,B160,False,,False,108316
160,190,R162,B162,False,,False,114198
160,190,R163,B163,False,,False,128528
160,190,R168,B168,False,,False,98698
160,190,R169,B169,False,,False,96845
160,190,R171,B171,False,,False,146688
160,190,R172,B172,False,,False,105564
160,190,R173,B173,False,,False,104849
160,190,R174,B174,False,,False,111682
160,190,R176,B176,False,,False,104264
160,190,R177,B177,False,,False,118928
160,190,R178,B178,False,,False,110775
160,190,R180,B180,False,,False,104264
160,190,R182,B182,False,,False,118928
160,190,R185,B185,False,,False,99956
160,190,R186,B186,False,,False,133966
160,190,R188,B188,False,,False,108698
160,190,R189,B189,False,,False,96670
160,190,R190,B190,False,,False,101946
160,190,R191,B191,False,,False,108060
160,190,R192,B192,False,,False,133966
160,190,R193,B193,False,,False,101732
160,190,R194,B194,False,,False,96947
160,190,R196,B196,False,,False,113770
160,190,R199,B199,False,,False,100332
160,190,R200,B200,False,,False,79116
160,190,R202,B202,False,,False,98421
160,190,R203,B203,False,,False,104422
160,190,R207,B207,False,,False,121244
160,190,R208,B208,True,164.0,True,112035
160,190,R209,B209,False,,False,102670
160,190,R210,B210,False,,False,121244
160,190,R211,B211,False,,False,98616
160,190,R212,B212,False,,False,96947
160,190,R213,B213,True,160.0,True,104732
160,190,R214,B214,True,160.0,True,99622
160,190,R215,B215,True,161.0,True,109155
160,190,R216,B216,True,161.0,True,112035
160,190,R217,B217,False,,False,121244
160,190,R218,B218,False,,False,103670
160,190,R219,B219,False,,False,92419
160,190,R220,B220,True,162.0,True,103732
160,190,R221,B221,True,162.0,True,102670
160,190,R222,B222,False,,False,100332
160,190,R223,B223,True,162.0,True,99158
160,190,R224,B224,True,163.0,True,99622
160,190,R225,B225,True,164.0,True,105142
160,190,R226,B226,True,163.0,True,102670
160,190,R227,B227,False,,False,98616
160,190,R228,B228,True,163.0,True,100766
160,190,R229,B229,True,164.0,True,103777
160,190,R230,B230,False,,False,102231
160,190,R231,B231,False,,False,98655
160,190,R232,B232,False,,False,96947
160,190,R233,B233,False,,False,108522
160,190,R234,B234,True,165.0,True,99123
160,190,R235,B235,False,,False,92419
160,190,R236,B236,True,166.0,True,103732
160,190,R237,B237,True,166.0,True,205340
160,190,R238,B238,True,167.0,True,108522
160,190,R239,B239,False,,False,100766
160,190,R240,B240,True,166.0,True,100185
160,190,R241,B241,False,,False,98421
160,190,R242,B242,True,167.0,True,308010
160,190,R243,B243,False,,False,108522
160,190,R244,B244,False,,False,96599
160,190,R245,B245,False,,False,98421
160,190,R246,B246,False,,False,108522
160,190,R247,B247,True,169.0,True,200370
160,190,R248,B248,True,170.0,True,103271
160,190,R249,B249,True,170.0,True,105142
160,190,R250,B250,True,170.0,True,217044
160,190,R251,B251,True,170.0,True,200370
160,190,R252,B252,False,,False,95900
160,190,R253,B253,False,,False,95800
160,190,R254,B254,False,,False,92700
160,190,R255,B255,False,,False,97250
160,190,R256,B256,False,,False,95900
160,190,R257,B257,False,,False,95400
160,190,R258,B258,False,,False,96400
160,190,R259,B259,True,173.0,True,196800
160,190,R260,B260,True,173.0,True,98250
160,190,R261,B261,False,,False,94500
160,190,R262,B262,False,,False,96800
160,190,R263,B263,False,,False,98250
160,190,R264,B264,True,174.0,True,98250
160,190,R265,B265,False,,False,97950
160,190,R266,B266,False,,False,95800
160,190,R267,B267,True,174.0,True,96300
160,190,R268,B268,False,,False,98149
160,190,R269,B269,True,175.0,True,196500
160,190,R270,B270,False,,False,89300
160,190,R271,B271,False,,False,77499
160,190,R272,B272,False,,False,98149
160,190,R273,B273,True,176.0,True,98400
160,190,R274,B274,True,177.0,True,98250
160,190,R275,B275,True,176.0,True,294150
160,190,R276,B276,False,,False,89300
160,190,R277,B277,True,178.0,True,196500
160,190,R278,B278,True,177.0,True,196100
160,190,R279,B279,False,,False,94050
160,190,R280,B280,False,,False,96700
160,190,R281,B281,False,,False,92700
160,190,R282,B282,False,,False,98250
160,190,R283,B283,True,179.0,True,98050
160,190,R284,B284,False,,False,95500
160,190,R285,B285,False,,False,94150
160,190,R286,B286,True,179.0,True,96300
160,190,R287,B287,False,,False,94150
160,190,R288,B288,False,,False,98400
160,190,R289,B289,True,181.0,False,195900
160,190,R290,B290,True,182.0,False,95800
160,190,R291,B291,False,,False,96400
160,190,R292,B292,False,,False,77499
160,190,R293,B293,False,,False,98250
160,190,R294,B294,False,,False,95900
160,190,R295,B295,True,183.0,False,383200
160,190,R296,B296,False,,False,94050
160,190,R297,B297,False,,False,98149
160,190,R298,B298,True,184.0,False,98250
160,190,R299,B299,False,,False,94200
160,190,R300,B300,True,185.0,False,191600
160,190,R301,B301,False,,False,95400
160,190,R302,B302,False,,False,97150
160,190,R303,B303,False,,False,96400
160,190,R304,B304,False,,False,95500
160,190,R305,B305,True,187.0,False,98250
160,190,R306,B306,False,,False,96400
160,190,R307,B307,False,,False,98400
160,190,R308,B308,False,,False,95900
160,190,R309,B309,False,,False,95500
160,190,R310,B310,False,,False,95550
160,190,R311,B311,False,,False,98149
160,190,R312,B312,False,,False,98050
160,190,R313,B313,False,,False,95500
160,190,R314,B314,False,,False,96400
160,190,R315,B315,False,,False,98050
160,190,R316,B316,False,,False,95800
180,210,R185,B185,False,,False,119602
180,210,R200,B200,False,,False,87204
180,210,R202,B202,False,,False,116075
180,210,R212,B212,False,,False,117233
180,210,R219,B219,False,,False,114252
180,210,R222,B222,False,,False,127857
180,210,R227,B227,False,,False,120431
180,210,R230,B230,False,,False,132200
180,210,R232,B232,False,,False,117233
180,210,R235,B235,False,,False,108014
180,210,R239,B239,False,,False,128528
180,210,R241,B241,False,,False,111031
180,210,R243,B243,False,,False,197577
180,210,R244,B244,False,,False,98698
180,210,R245,B245,False,,False,105987
180,210,R246,B246,False,,False,197577
180,210,R252,B252,False,,False,100943
180,210,R253,B253,False,,False,146688
180,210,R254,B254,False,,False,94772
180,210,R255,B255,False,,False,99997
180,210,R256,B256,False,,False,100943
180,210,R257,B257,False,,False,102176
180,210,R258,B258,False,,False,106945
180,210,R261,B261,False,,False,96599
180,210,R262,B262,False,,False,108698
180,210,R263,B263,False,,False,114698
180,210,R265,B265,False,,False,110793
180,210,R266,B266,False,,False,133966
180,210,R268,B268,False,,False,113516
180,210,R270,B270,False,,False,92419
180,210,R271,B271,False,,False,79116
180,210,R272,B272,True,180.0,True,113516
180,210,R276,B276,False,,False,92469
180,210,R279,B279,False,,False,96986
180,210,R280,B280,False,,False,103670
180,210,R281,B281,False,,False,94772
180,210,R282,B282,True,180.0,True,112035
180,210,R284,B284,False,,False,98616
180,210,R285,B285,False,,False,103160
180,210,R287,B287,False,,False,103160
180,210,R288,B288,True,181.0,True,109155
180,210,R289,B289,True,181.0,True,204618
180,210,R290,B290,False,,False,108522
180,210,R291,B291,False,,False,99622
180,210,R292,B292,False,,False,79116
180,210,R293,B293,False,,False,103732
180,210,R294,B294,False,,False,98421
180,210,R295,B295,True,183.0,True,434088
180,210,R296,B296,False,,False,96986
180,210,R297,B297,False,,False,103271
180,210,R298,B298,True,184.0,True,105142
180,210,R299,B299,False,,False,99725
180,210,R300,B300,True,187.0,True,217044
180,210,R301,B301,False,,False,98788
180,210,R302,B302,False,,False,99956
180,210,R303,B303,False,,False,101672
180,210,R304,B304,False,,False,98616
180,210,R305,B305,True,187.0,True,105142
180,210,R306,B306,False,,False,99622
180,210,R307,B307,True,188.0,True,103777
180,210,R308,B308,False,,False,98421
180,210,R309,B309,False,,False,98616
180,210,R310,B310,False,,False,104660
180,210,R311,B311,False,,False,103271
180,210,R312,B312,False,,False,103055
180,210,R313,B313,False,,False,98616
180,210,R314,B314,False,,False,100332
180,210,R315,B315,True,190.0,True,102670
180,210,R316,B316,False,,False,108522
180,210,R317,B317,True,191.0,True,196100
180,210,R318,B318,True,191.0,True,191600
180,210,R319,B319,True,191.0,True,96300
180,210,R320,B320,True,192.0,True,98250
180,210,R321,B321,False,,False,95800
180,210,R322,B322,False,,False,94150
180,210,R323,B323,False,,False,96700
180,210,R324,B324,False,,False,96400
180,210,R325,B325,False,,False,97250
180,210,R326,B326,True,193.0,True,98050
180,210,R327,B327,False,,False,95500
180,210,R328,B328,False,,False,94050
180,210,R329,B329,False,,False,97150
180,210,R330,B330,False,,False,92700
180,210,R331,B331,False,,False,98400
180,210,R332,B332,True,194.0,True,196500
180,210,R333,B333,True,194.0,True,191600
180,210,R334,B334,False,,False,95500
180,210,R335,B335,False,,False,98250
180,210,R336,B336,True,195.0,True,98250
180,210,R337,B337,False,,False,95900
180,210,R338,B338,True,195.0,True,196100
180,210,R339,B339,True,195.0,True,96300
180,210,R340,B340,True,196.0,True,98149
180,210,R341,B341,False,,False,96400
180,210,R342,B342,True,197.0,True,98050
180,210,R343,B343,False,,False,94150
180,210,R344,B344,True,197.0,True,193400
180,210,R345,B345,True,199.0,True,98149
180,210,R346,B346,True,198.0,True,196500
180,210,R347,B347,False,,False,96200
180,210,R348,B348,False,,False,98149
180,210,R349,B349,False,,False,98250
180,210,R350,B350,False,,False,94200
180,210,R351,B351,True,200.0,False,98050
180,210,R352,B352,True,199.0,True,383200
180,210,R353,B353,False,,False,94150
180,210,R354,B354,False,,False,89300
180,210,R355,B355,False,,False,98149
180,210,R356,B356,True,200.0,False,98250
180,210,R357,B357,False,,False,95500
180,210,R358,B358,False,,False,96400
180,210,R359,B359,True,201.0,False,98050
180,210,R360,B360,False,,False,96700
180,210,R361,B361,False,,False,94500
180,210,R362,B362,True,203.0,False,95550
180,210,R363,B363,True,204.0,False,98149
180,210,R364,B364,True,204.0,False,196500
180,210,R365,B365,True,205.0,False,196299
180,210,R366,B366,False,,False,98400
180,210,R367,B367,True,205.0,False,98250
180,210,R368,B368,True,205.0,False,98050
180,210,R369,B369,True,207.0,False,196299
180,210,R370,B370,False,,False,96400
180,210,R371,B371,False,,False,96700
180,210,R372,B372,False,,False,95800
180,210,R373,B373,True,208.0,False,95550
180,210,R374,B374,False,,False,97250
180,210,R375,B375,False,,False,77499
180,210,R376,B376,True,209.0,False,98149
180,210,R377,B377,True,209.0,False,196500
180,210,R378,B378,False,,False,95500
200,230,R254,B254,False,,False,109282
200,230,R261,B261,False,,False,111292
200,230,R271,B271,False,,False,90440
200,230,R281,B281,False,,False,105136
200,230,R291,B291,False,,False,122177
200,230,R292,B292,False,,False,83969
200,230,R294,B294,False,,False,116075
200,230,R296,B296,False,,False,117543
200,230,R299,B299,False,,False,138400
200,230,R301,B301,False,,False,122504
200,230,R302,B302,False,,False,108376
200,230,R303,B303,False,,False,138581
200,230,R304,B304,False,,False,120431
200,230,R306,B306,False,,False,115733
200,230,R308,B308,False,,False,111031
200,230,R309,B309,False,,False,120431
200,230,R310,B310,False,,False,150210
200,230,R311,B311,False,,False,139127
200,230,R312,B312,False,,False,128081
200,230,R313,B313,False,,False,114198
200,230,R314,B314,False,,False,119993
200,230,R316,B316,False,,False,197577
200,230,R321,B321,False,,False,133966
200,230,R322,B322,False,,False,107665
200,230,R323,B323,False,,False,107155
200,230,R324,B324,False,,False,104264
200,230,R325,B325,False,,False,99997
200,230,R327,B327,False,,False,104849
200,230,R328,B328,False,,False,99923
200,230,R329,B329,False,,False,99956
200,230,R330,B330,False,,False,94772
200,230,R331,B331,False,,False,114533
200,230,R334,B334,False,,False,101732
200,230,R335,B335,False,,False,114698
200,230,R337,B337,False,,False,98421
200,230,R341,B341,False,,False,102844
200,230,R343,B343,False,,False,103160
200,230,R347,B347,False,,False,98766
200,230,R348,B348,False,,False,108393
200,230,R349,B349,True,200.0,True,112035
200,230,R350,B350,False,,False,105250
200,230,R351,B351,False,,False,107290
200,230,R353,B353,False,,False,103160
200,230,R354,B354,False,,False,92419
200,230,R355,B355,False,,False,108393
200,230,R356,B356,True,200.0,True,112035
200,230,R357,B357,False,,False,98616
200,230,R358,B358,False,,False,100332
200,230,R359,B359,True,201.0,True,104914
200,230,R360,B360,False,,False,100185
200,230,R361,B361,False,,False,96599
200,230,R362,B362,True,203.0,True,104660
200,230,R363,B363,True,204.0,True,103271
200,230,R364,B364,True,204.0,True,210285
200,230,R365,B365,True,205.0,True,206543
200,230,R366,B366,False,,False,103777
200,230,R367,B367,True,205.0,True,105142
200,230,R368,B368,True,205.0,True,101482
200,230,R369,B369,True,207.0,True,206543
200,230,R370,B370,False,,False,101672
200,230,R371,B371,False,,False,100185
200,230,R372,B372,False,,False,108522
200,230,R373,B373,True,208.0,True,104660
200,230,R374,B374,False,,False,100062
200,230,R375,B375,False,,False,79116
200,230,R376,B376,True,209.0,True,103271
200,230,R377,B377,True,209.0,True,210285
200,230,R378,B378,False,,False,98616
200,230,R379,B379,True,215.0,True,196500
200,230,R380,B380,True,211.0,True,196299
200,230,R381,B381,False,,False,96250
200,230,R382,B382,False,,False,95500
200,230,R383,B383,False,,False,96400
200,230,R384,B384,False,,False,98149
200,230,R385,B385,True,212.0,True,98250
200,230,R386,B386,False,,False,97950
200,230,R387,B387,False,,False,95800
200,230,R388,B388,True,214.0,True,98149
200,230,R389,B389,False,,False,96400
200,230,R390,B390,True,214.0,True,98250
200,230,R391,B391,False,,False,95500
200,230,R392,B392,False,,False,95400
200,230,R393,B393,True,216.0,True,196500
200,230,R394,B394,False,,False,96250
200,230,R395,B395,False,,False,96200
200,230,R396,B396,False,,False,98250
200,230,R397,B397,False,,False,98050
200,230,R398,B398,True,218.0,True,98250
200,230,R399,B399,False,,False,95550
200,230,R400,B400,False,,False,96400
200,230,R401,B401,False,,False,96800
200,230,R402,B402,False,,False,96700
200,230,R403,B403,False,,False,95800
200,230,R404,B404,False,,False,77499
200,230,R405,B405,False,,False,98250
200,230,R406,B406,False,,False,97349
200,230,R407,B407,False,,False,98050
200,230,R408,B408,False,,False,98350
200,230,R409,B409,False,,False,97250
200,230,R410,B410,False,,False,92700
200,230,R411,B411,True,225.0,False,196299
200,230,R412,B412,True,225.0,False,98250
200,230,R413,B413,False,,False,96250
200,230,R414,B414,False,,False,95800
200,230,R415,B415,False,,False,96400
200,230,R416,B416,False,,False,98149
200,230,R417,B417,True,226.0,False,196500
200,230,R418,B418,False,,False,96700
200,230,R419,B419,False,,False,95550
200,230,R420,B420,True,228.0,False,98149
200,230,R421,B421,True,228.0,False,98250
200,230,R422,B422,True,227.0,False,98050
200,230,R423,B423,True,227.0,False,193600
200,230,R424,B424,False,,False,92700
200,230,R425,B425,True,229.0,False,98250
200,230,R426,B426,False,,False,95900
200,230,R427,B427,False,,False,92700
200,230,R428,B428,False,,False,96400
200,230,R429,B429,True,230.0,False,98050
200,230,R430,B430,False,,False,98250
220,250,R325,B325,False,,False,119226
220,250,R330,B330,False,,False,109282
220,250,R347,B347,False,,False,116733
220,250,R354,B354,False,,False,114252
220,250,R358,B358,False,,False,127857
220,250,R361,B361,False,,False,102896
220,250,R370,B370,False,,False,138581
220,250,R371,B371,False,,False,124580
220,250,R372,B372,False,,False,197577
220,250,R374,B374,False,,False,114125
220,250,R375,B375,False,,False,83969
220,250,R378,B378,False,,False,114198
220,250,R381,B381,False,,False,115127
220,250,R382,B382,False,,False,104849
220,250,R383,B383,False,,False,102844
220,250,R384,B384,False,,False,118638
220,250,R386,B386,False,,False,110793
220,250,R387,B387,False,,False,133966
220,250,R389,B389,False,,False,104264
220,250,R391,B391,False,,False,101732
220,250,R392,B392,False,,False,106750
220,250,R394,B394,True,220.0,True,110408
220,250,R395,B395,False,,False,98766
220,250,R396,B396,False,,False,109215
220,250,R397,B397,True,220.0,True,108346
220,250,R399,B399,False,,False,104660
220,250,R400,B400,False,,False,101672
220,250,R401,B401,False,,False,104732
220,250,R402,B402,False,,False,103670
220,250,R403,B403,False,,False,121244
220,250,R404,B404,False,,False,79116
220,250,R405,B405,False,,False,103732
220,250,R406,B406,False,,False,100134
220,250,R407,B407,False,,False,102670
220,250,R408,B408,False,,False,107648
220,250,R409,B409,False,,False,99997
220,250,R410,B410,False,,False,94772
220,250,R411,B411,True,227.0,True,206543
220,250,R412,B412,False,,False,105142
220,250,R413,B413,False,,False,100969
220,250,R414,B414,False,,False,108522
220,250,R415,B415,True,225.0,True,99622
220,250,R416,B416,False,,False,103271
220,250,R417,B417,True,226.0,True,210285
220,250,R418,B418,False,,False,100185
220,250,R419,B419,False,,False,104660
220,250,R420,B420,True,227.0,True,103271
220,250,R421,B421,False,,False,105142
220,250,R422,B422,True,227.0,True,101482
220,250,R423,B423,True,227.0,True,201532
220,250,R424,B424,False,,False,94772
220,250,R425,B425,True,229.0,True,105142
220,250,R426,B426,False,,False,98421
220,250,R427,B427,False,,False,94772
220,250,R428,B428,True,228.0,True,99622
220,250,R429,B429,True,230.0,True,101482
220,250,R430,B430,True,230.0,True,105142
220,250,R431,B431,True,231.0,True,294449
220,250,R432,B432,True,231.0,True,98050
220,250,R433,B433,False,,False,94050
220,250,R434,B434,True,232.0,True,98149
220,250,R435,B435,False,,False,92700
220,250,R436,B436,False,,False,95550
220,250,R437,B437,True,235.0,True,98149
220,250,R438,B438,True,234.0,True,196500
220,250,R439,B439,True,234.0,True,98050
220,250,R440,B440,False,,False,95400
220,250,R441,B441,False,,False,77499
220,250,R442,B442,False,,False,98250
220,250,R443,B443,False,,False,98149
220,250,R444,B444,False,,False,98149
220,250,R445,B445,False,,False,98250
220,250,R446,B446,False,,False,95500
220,250,R447,B447,False,,False,77499
220,250,R448,B448,False,,False,96400
220,250,R449,B449,False,,False,97150
220,250,R450,B450,False,,False,77499
220,250,R451,B451,False,,False,98250
220,250,R452,B452,False,,False,98050
220,250,R453,B453,False,,False,97150
220,250,R454,B454,False,,False,98250
220,250,R455,B455,False,,False,98400
220,250,R456,B456,False,,False,98250
220,250,R457,B457,False,,False,95550
220,250,R458,B458,False,,False,98050
220,250,R459,B459,False,,False,96400
220,250,R460,B460,False,,False,94050
220,250,R461,B461,False,,False,98050
220,250,R462,B462,False,,False,95800
220,250,R463,B463,False,,False,77499
220,250,R464,B464,True,247.0,False,98149
220,250,R465,B465,False,,False,95500
220,250,R466,B466,False,,False,96800
220,250,R467,B467,False,,False,98250
220,250,R468,B468,False,,False,96800
220,250,R469,B469,False,,False,94050
220,250,R470,B470,False,,False,94500
220,250,R471,B471,False,,False,98250
220,250,R472,B472,True,250.0,False,98149
220,250,R473,B473,False,,False,95400
240,270,R404,B404,False,,False,87204
240,270,R406,B406,False,,False,114060
240,270,R409,B409,False,,False,113732
240,270,R410,B410,False,,False,100991
240,270,R418,B418,False,,False,124580
240,270,R419,B419,False,,False,168430
240,270,R421,B421,False,,False,153392
240,270,R424,B424,False,,False,96845
240,270,R426,B426,False,,False,105987
240,270,R427,B427,False,,False,96845
240,270,R433,B433,False,,False,99923
240,270,R435,B435,False,,False,94772
240,270,R436,B436,False,,False,113770
240,270,R440,B440,False,,False,101535
240,270,R441,B441,False,,False,79116
240,270,R442,B442,False,,False,112035
240,270,R443,B443,False,,False,108393
240,270,R444,B444,False,,False,108393
240,270,R445,B445,False,,False,112035
240,270,R446,B446,False,,False,98616
240,270,R447,B447,False,,False,79116
240,270,R448,B448,False,,False,99622
240,270,R449,B449,False,,False,99956
240,270,R450,B450,False,,False,79116
240,270,R451,B451,False,,False,105142
240,270,R452,B452,False,,False,102670
240,270,R453,B453,False,,False,99956
240,270,R454,B454,False,,False,103732
240,270,R455,B455,False,,False,103777
240,270,R456,B456,False,,False,105142
240,270,R457,B457,False,,False,104660
240,270,R458,B458,False,,False,102670
240,270,R459,B459,False,,False,101672
240,270,R460,B460,False,,False,96986
240,270,R461,B461,False,,False,102670
240,270,R462,B462,False,,False,108522
240,270,R463,B463,False,,False,79116
240,270,R464,B464,True,247.0,True,103271
240,270,R465,B465,False,,False,99291
240,270,R466,B466,False,,False,100834
240,270,R467,B467,False,,False,105142
240,270,R468,B468,False,,False,100766
240,270,R469,B469,False,,False,96986
240,270,R470,B470,False,,False,96599
240,270,R471,B471,False,,False,103732
240,270,R472,B472,True,250.0,True,103271
240,270,R473,B473,False,,False,98788
240,270,R474,B474,False,,False,98250
240,270,R475,B475,False,,False,95800
240,270,R476,B476,False,,False,97450
240,270,R477,B477,False,,False,95800
240,270,R478,B478,True,253.0,True,98149
240,270,R479,B479,True,253.0,True,98250
240,270,R480,B480,True,253.0,True,98050
240,270,R481,B481,False,,False,95550
240,270,R482,B482,False,,False,98250
240,270,R483,B483,False,,False,98149
240,270,R484,B484,True,256.0,True,98050
240,270,R485,B485,False,,False,96400
240,270,R486,B486,True,256.0,True,294750
240,270,R487,B487,False,,False,98149
240,270,R488,B488,False,,False,98250
240,270,R489,B489,False,,False,96400
240,270,R490,B490,False,,False,95800
240,270,R491,B491,False,,False,98149
240,270,R492,B492,False,,False,96300
240,270,R493,B493,True,259.0,True,98250
240,270,R494,B494,True,259.0,True,393000
240,270,R495,B495,False,,False,95900
240,270,R496,B496,False,,False,98250
240,270,R497,B497,False,,False,96800
240,270,R498,B498,False,,False,97150
240,270,R499,B499,True,262.0,False,98250
240,270,R500,B500,False,,False,97950
240,270,R501,B501,False,,False,98400
240,270,R502,B502,True,261.0,False,98050
240,270,R503,B503,False,,False,96100
240,270,R504,B504,False,,False,95500
240,270,R505,B505,False,,False,98050
240,270,R506,B506,False,,False,97450
240,270,R507,B507,False,,False,96400
240,270,R508,B508,False,,False,97350
240,270,R509,B509,False,,False,98149
240,270,R510,B510,False,,False,95800
240,270,R511,B511,False,,False,95500
240,270,R512,B512,False,,False,91000
240,270,R513,B513,False,,False,93600
240,270,R514,B514,False,,False,95500
240,270,R515,B515,True,264.0,False,98050
240,270,R516,B516,False,,False,97150
240,270,R517,B517,False,,False,97150
240,270,R518,B518,False,,False,97350
240,270,R519,B519,False,,False,97950
240,270,R520,B520,False,,False,98250
240,270,R521,B521,False,,False,95400
240,270,R522,B522,False,,False,96800
240,270,R523,B523,True,265.0,False,96700
240,270,R524,B524,False,,False,97250
240,270,R525,B525,False,,False,96800
240,270,R526,B526,False,,False,96300
240,270,R527,B527,False,,False,97250
240,270,R528,B528,False,,False,97250
240,270,R529,B529,False,,False,95400
240,270,R530,B530,False,,False,98050
240,270,R531,B531,False,,False,95500
240,270,R532,B532,False,,False,94500
240,270,R533,B533,False,,False,93650
240,270,R534,B534,False,,False,97350
240,270,R535,B535,False,,False,98050
240,270,R536,B536,False,,False,97950
240,270,R537,B537,False,,False,95800
240,270,R538,B538,False,,False,95500
240,270,R539,B539,True,268.0,False,96700
240,270,R540,B540,False,,False,96400
240,270,R541,B541,False,,False,94450
240,270,R542,B542,False,,False,97250
240,270,R543,B543,False,,False,97950
240,270,R544,B544,False,,False,98050
240,270,R545,B545,False,,False,95500
240,270,R546,B546,False,,False,94050
240,270,R547,B547,False,,False,96700
240,270,R548,B548,False,,False,97350
240,270,R549,B549,False,,False,95400
240,270,R550,B550,False,,False,97950
240,270,R551,B551,False,,False,95800
240,270,R552,B552,False,,False,98400
240,270,R553,B553,False,,False,98250
240,270,R554,B554,False,,False,98050
240,270,R555,B555,False,,False,98250
240,270,R556,B556,False,,False,96250
240,270,R557,B557,False,,False,96300
240,270,R558,B558,False,,False,82250
240,270,R559,B559,False,,False,97250
260,290,R435,B435,False,,False,109282
260,290,R441,B441,False,,False,90440
260,290,R447,B447,False,,False,87204
260,290,R448,B448,False,,False,122177
260,290,R449,B449,False,,False,113989
260,290,R450,B450,False,,False,87204
260,290,R453,B453,False,,False,113989
260,290,R457,B457,False,,False,168430
260,290,R458,B458,False,,False,135011
260,290,R459,B459,False,,False,138581
260,290,R460,B460,False,,False,111670
260,290,R461,B461,False,,False,135011
260,290,R462,B462,False,,False,197577
260,290,R463,B463,False,,False,83969
260,290,R465,B465,False,,False,125833
260,290,R466,B466,False,,False,129075
260,290,R467,B467,False,,False,153392
260,290,R468,B468,False,,False,128528
260,290,R469,B469,False,,False,111670
260,290,R470,B470,False,,False,98698
260,290,R471,B471,False,,False,142113
260,290,R473,B473,False,,False,115728
260,290,R474,B474,False,,False,125821
260,290,R475,B475,False,,False,146688
260,290,R476,B476,False,,False,105228
260,290,R477,B477,False,,False,133966
260,290,R481,B481,False,,False,113770
260,290,R482,B482,False,,False,118928
260,290,R483,B483,False,,False,113516
260,290,R485,B485,False,,False,106945
260,290,R487,B487,False,,False,113516
260,290,R488,B488,False,,False,112035
260,290,R489,B489,False,,False,106945
260,290,R490,B490,False,,False,121244
260,290,R491,B491,False,,False,108393
260,290,R492,B492,False,,False,99158
260,290,R495,B495,False,,False,98421
260,290,R496,B496,False,,False,108515
260,290,R497,B497,False,,False,104732
260,290,R498,B498,False,,False,99956
260,290,R499,B499,False,,False,109215
260,290,R500,B500,False,,False,102083
260,290,R501,B501,False,,False,109155
260,290,R502,B502,False,,False,104914
260,290,R503,B503,False,,False,106577
260,290,R504,B504,False,,False,98616
260,290,R505,B505,False,,False,103055
260,290,R506,B506,False,,False,101339
260,290,R507,B507,False,,False,101672
260,290,R508,B508,False,,False,101902
260,290,R509,B509,False,,False,108393
260,290,R510,B510,False,,False,98980
260,290,R511,B511,False,,False,98616
260,290,R512,B512,False,,False,93628
260,290,R513,B513,False,,False,96670
260,290,R514,B514,False,,False,99291
260,290,R515,B515,False,,False,101482
260,290,R516,B516,False,,False,99956
260,290,R517,B517,False,,False,99956
260,290,R518,B518,False,,False,101902
260,290,R519,B519,False,,False,102083
260,290,R520,B520,False,,False,103382
260,290,R521,B521,False,,False,98788
260,290,R522,B522,False,,False,100766
260,290,R523,B523,False,,False,100185
260,290,R524,B524,False,,False,100131
260,290,R525,B525,False,,False,100834
260,290,R526,B526,False,,False,99158
260,290,R527,B527,False,,False,100166
260,290,R528,B528,False,,False,100062
260,290,R529,B529,False,,False,101075
260,290,R530,B530,False,,False,103055
260,290,R531,B531,False,,False,98616
260,290,R532,B532,False,,False,96599
260,290,R533,B533,False,,False,96311
260,290,R534,B534,False,,False,101902
260,290,R535,B535,False,,False,101482
260,290,R536,B536,False,,False,102231
260,290,R537,B537,False,,False,108522
260,290,R538,B538,False,,False,98616
260,290,R539,B539,False,,False,100185
260,290,R540,B540,False,,False,99493
260,290,R541,B541,False,,False,97263
260,290,R542,B542,False,,False,100062
260,290,R543,B543,False,,False,102083
260,290,R544,B544,False,,False,103055
260,290,R545,B545,False,,False,99291
260,290,R546,B546,False,,False,96986
260,290,R547,B547,False,,False,100185
260,290,R548,B548,False,,False,101902
260,290,R549,B549,False,,False,101220
260,290,R550,B550,False,,False,102013
260,290,R551,B551,False,,False,98980
260,290,R552,B552,False,,False,103777
260,290,R553,B553,False,,False,105142
260,290,R554,B554,False,,False,101482
260,290,R555,B555,False,,False,103382
260,290,R556,B556,False,,False,100969
260,290,R557,B557,False,,False,100361
260,290,R558,B558,False,,False,84125
260,290,R559,B559,False,,False,100062
260,290,R560,B560,False,,False,98250
260,290,R561,B561,False,,False,95800
260,290,R562,B562,False,,False,98400
260,290,R563,B563,False,,False,98050
260,290,R564,B564,False,,False,96250
260,290,R565,B565,False,,False,97349
260,290,R566,B566,False,,False,96100
260,290,R567,B567,False,,False,96700
260,290,R568,B568,False,,False,96200
260,290,R569,B569,False,,False,97350
260,290,R570,B570,False,,False,98400
260,290,R571,B571,False,,False,95500
260,290,R572,B572,False,,False,196100
260,290,R573,B573,False,,False,98250
260,290,R574,B574,False,,False,93650
260,290,R575,B575,False,,False,95400
260,290,R576,B576,False,,False,95800
260,290,R577,B577,False,,False,196100
260,290,R578,B578,False,,False,96250
260,290,R579,B579,False,,False,192200
260,290,R580,B580,False,,False,95800
260,290,R581,B581,False,,False,95500
260,290,R582,B582,False,,False,96800
260,290,R583,B583,False,,False,98400
260,290,R584,B584,False,,False,96250
260,290,R585,B585,False,,False,94049
260,290,R586,B586,False,,False,96700
260,290,R587,B587,False,,False,96400
260,290,R588,B588,False,,False,98050
260,290,R589,B589,False,,False,192500
260,290,R590,B590,False,,False,96300
260,290,R591,B591,False,,False,98250
260,290,R592,B592,False,,False,98250
260,290,R593,B593,False,,False,96250
260,290,R594,B594,False,,False,95500
260,290,R595,B595,False,,False,96400
260,290,R596,B596,False,,False,92700
260,290,R597,B597,False,,False,97950
260,290,R598,B598,False,,False,98400
260,290,R599,B599,False,,False,98250
260,290,R600,B600,False,,False,98050
260,290,R601,B601,False,,False,98250
260,290,R602,B602,False,,False,96100
260,290,R603,B603,False,,False,98050
260,290,R604,B604,False,,False,98250
260,290,R605,B605,False,,False,97350
260,290,R606,B606,False,,False,96100
260,290,R607,B607,False,,False,94049
260,290,R608,B608,False,,False,96700
260,290,R609,B609,False,,False,98050
260,290,R610,B610,False,,False,96300
260,290,R611,B611,False,,False,87450
260,290,R612,B612,False,,False,97250
260,290,R613,B613,False,,False,98149
260,290,R614,B614,False,,False,97950
260,290,R615,B615,False,,False,98400
260,290,R616,B616,False,,False,98250
260,290,R617,B617,False,,False,98050
260,290,R618,B618,False,,False,97950
260,290,R619,B619,False,,False,95900
260,290,R620,B620,False,,False,98050
260,290,R621,B621,False,,False,96250
260,290,R622,B622,False,,False,196100
260,290,R623,B623,False,,False,96400
260,290,R624,B624,False,,False,98149
260,290,R625,B625,False,,False,95800
260,290,R626,B626,False,,False,98250
260,290,R627,B627,False,,False,98050
260,290,R628,B628,False,,False,97350
260,290,R629,B629,False,,False,96400
260,290,R630,B630,False,,False,95800
260,290,R631,B631,False,,False,97950
260,290,R632,B632,False,,False,95900
260,290,R633,B633,False,,False,94850
260,290,R634,B634,False,,False,94050
260,290,R635,B635,False,,False,95400
260,290,R636,B636,False,,False,95900
260,290,R637,B637,False,,False,98050
260,290,R638,B638,False,,False,96250
260,290,R639,B639,False,,False,96100
260,290,R640,B640,False,,False,94049
260,290,R641,B641,False,,False,96800
260,290,R642,B642,False,,False,96300
260,290,R643,B643,False,,False,82250
260,290,R644,B644,False,,False,95400
260,290,R645,B645,False,,False,98400
260,290,R646,B646,False,,False,98050
260,290,R647,B647,False,,False,98050
260,290,R648,B648,False,,False,194699
260,290,R649,B649,False,,False,290100
260,290,R650,B650,False,,False,98250
260,290,R651,B651,False,,False,97350
260,290,R652,B652,False,,False,97950
260,290,R653,B653,False,,False,98050
260,290,R654,B654,False,,False,96400
260,290,R655,B655,False,,False,87450
260,290,R656,B656,False,,False,98250
260,290,R657,B657,False,,False,192500
260,290,R658,B658,False,,False,94050
260,290,R659,B659,False,,False,96400
260,290,R660,B660,False,,False,97250
260,290,R661,B661,False,,False,98050
260,290,R662,B662,False,,False,98050
260,290,R663,B663,False,,False,94850
260,290,R664,B664,False,,False,196100
260,290,R665,B665,False,,False,95400
260,290,R666,B666,False,,False,194500
260,290,R667,B667,False,,False,96250
260,290,R668,B668,False,,False,98050
260,290,R669,B669,False,,False,95500
260,290,R670,B670,False,,False,188099
260,290,R671,B671,False,,False,94500
260,290,R672,B672,False,,False,97250
280,310,R495,B495,False,,False,116075
280,310,R498,B498,False,,False,119602
280,310,R506,B506,False,,False,128564
280,310,R508,B508,False,,False,133773
280,310,R510,B510,False,,False,121244
280,310,R511,B511,False,,False,120431
280,310,R512,B512,False,,False,106769
280,310,R513,B513,False,,False,118163
280,310,R514,B514,False,,False,125833
280,310,R516,B516,False,,False,113989
280,310,R517,B517,False,,False,113989
280,310,R518,B518,False,,False,133773
280,310,R519,B519,False,,False,131018
280,310,R521,B521,False,,False,122504
280,310,R524,B524,False,,False,114536
280,310,R526,B526,False,,False,113448
280,310,R527,B527,False,,False,114750
280,310,R528,B528,False,,False,108500
280,310,R529,B529,False,,False,129450
280,310,R530,B530,False,,False,138091
280,310,R531,B531,False,,False,120431
280,310,R532,B532,False,,False,98698
280,310,R533,B533,False,,False,104296
280,310,R534,B534,False,,False,124667
280,310,R535,B535,False,,False,125507
280,310,R536,B536,False,,False,132200
280,310,R537,B537,False,,False,197577
280,310,R538,B538,False,,False,120431
280,310,R539,B539,False,,False,124580
280,310,R540,B540,False,,False,114960
280,310,R541,B541,False,,False,105703
280,310,R542,B542,False,,False,108500
280,310,R543,B543,False,,False,122751
280,310,R544,B544,False,,False,138091
280,310,R545,B545,False,,False,118250
280,310,R546,B546,False,,False,111670
280,310,R547,B547,False,,False,124580
280,310,R548,B548,False,,False,124667
280,310,R549,B549,False,,False,118682
280,310,R550,B550,False,,False,122331
280,310,R551,B551,False,,False,114883
280,310,R552,B552,False,,False,141422
280,310,R553,B553,False,,False,153392
280,310,R554,B554,False,,False,125507
280,310,R555,B555,False,,False,139313
280,310,R556,B556,False,,False,134005
280,310,R557,B557,False,,False,120668
280,310,R558,B558,False,,False,86000
280,310,R559,B559,False,,False,102875
280,310,R560,B560,False,,False,120181
280,310,R561,B561,False,,False,105341
280,310,R562,B562,False,,False,119911
280,310,R563,B563,False,,False,113065
280,310,R564,B564,False,,False,115127
280,310,R565,B565,False,,False,102919
280,310,R566,B566,False,,False,127531
280,310,R567,B567,False,,False,110640
280,310,R568,B568,False,,False,101333
280,310,R569,B569,False,,False,111008
280,310,R570,B570,False,,False,119911
280,310,R571,B571,False,,False,106875
280,310,R572,B572,False,,False,223557
280,310,R573,B573,False,,False,113648
280,310,R574,B574,False,,False,96311
280,310,R575,B575,False,,False,101705
280,310,R576,B576,False,,False,102161
280,310,R577,B577,False,,False,216692
280,310,R578,B578,False,,False,110408
280,310,R579,B579,False,,False,255063
280,310,R580,B580,False,,False,133966
280,310,R581,B581,False,,False,104849
280,310,R582,B582,False,,False,108698
280,310,R583,B583,False,,False,114533
280,310,R584,B584,False,,False,110408
280,310,R585,B585,False,,False,99845
280,310,R586,B586,False,,False,107155
280,310,R587,B587,False,,False,104264
280,310,R588,B588,False,,False,108060
280,310,R589,B589,False,,False,220816
280,310,R590,B590,False,,False,104567
280,310,R591,B591,False,,False,118928
280,310,R592,B592,False,,False,113648
280,310,R593,B593,False,,False,110408
280,310,R594,B594,False,,False,101732
280,310,R595,B595,False,,False,106945
280,310,R596,B596,False,,False,94772
280,310,R597,B597,False,,False,106217
280,310,R598,B598,False,,False,114533
280,310,R599,B599,False,,False,112035
280,310,R600,B600,False,,False,108060
280,310,R601,B601,False,,False,108515
280,310,R602,B602,False,,False,117054
280,310,R603,B603,False,,False,107290
280,310,R604,B604,False,,False,108515
280,310,R605,B605,False,,False,100168
280,310,R606,B606,False,,False,118052
280,310,R607,B607,False,,False,96947
280,310,R608,B608,False,,False,103670
280,310,R609,B609,False,,False,107290
280,310,R610,B610,False,,False,99123
280,310,R611,B611,False,,False,90519
280,310,R612,B612,False,,False,100062
280,310,R613,B613,False,,False,108393
280,310,R614,B614,False,,False,102013
280,310,R615,B615,False,,False,109155
280,310,R616,B616,False,,False,112035
280,310,R617,B617,False,,False,104914
280,310,R618,B618,False,,False,102083
280,310,R619,B619,False,,False,98421
280,310,R620,B620,False,,False,104914
280,310,R621,B621,False,,False,105688
280,310,R622,B622,False,,False,205340
280,310,R623,B623,False,,False,101672
280,310,R624,B624,False,,False,108393
280,310,R625,B625,False,,False,98980
280,310,R626,B626,False,,False,105142
280,310,R627,B627,False,,False,103055
280,310,R628,B628,False,,False,100168
280,310,R629,B629,False,,False,101672
280,310,R630,B630,False,,False,108522
280,310,R631,B631,False,,False,102083
280,310,R632,B632,False,,False,98421
280,310,R633,B633,False,,False,98197
280,310,R634,B634,False,,False,96986
280,310,R635,B635,False,,False,101220
280,310,R636,B636,False,,False,98421
280,310,R637,B637,False,,False,101482
280,310,R638,B638,False,,False,100969
280,310,R639,B639,False,,False,107076
280,310,R640,B640,False,,False,96947
280,310,R641,B641,False,,False,100766
280,310,R642,B642,False,,False,99158
280,310,R643,B643,False,,False,84125
280,310,R644,B644,False,,False,101075
280,310,R645,B645,False,,False,103777
280,310,R646,B646,False,,False,103055
280,310,R647,B647,False,,False,101482
280,310,R648,B648,False,,False,200269
280,310,R649,B649,False,,False,300555
280,310,R650,B650,False,,False,103732
280,310,R651,B651,False,,False,100168
280,310,R652,B652,False,,False,102231
280,310,R653,B653,False,,False,102670
280,310,R654,B654,False,,False,101672
280,310,R655,B655,False,,False,90519
280,310,R656,B656,False,,False,103382
280,310,R657,B657,False,,False,201938
280,310,R658,B658,False,,False,96986
280,310,R659,B659,False,,False,100332
280,310,R660,B660,False,,False,100062
280,310,R661,B661,False,,False,103055
280,310,R662,B662,False,,False,101482
280,310,R663,B663,False,,False,98247
280,310,R664,B664,False,,False,206110
280,310,R665,B665,False,,False,98788
280,310,R666,B666,False,,False,200125
280,310,R667,B667,False,,False,100969
280,310,R668,B668,False,,False,102670
280,310,R669,B669,False,,False,98616
280,310,R670,B670,False,,False,193895
280,310,R671,B671,False,,False,96599
280,310,R672,B672,False,,False,100062
280,310,R673,B673,False,,False,98400
280,310,R674,B674,False,,False,98050
280,310,R675,B675,False,,False,96100
280,310,R676,B676,False,,False,97250
280,310,R677,B677,False,,False,98250
280,310,R678,B678,False,,False,95400
280,310,R679,B679,False,,False,96400
280,310,R680,B680,False,,False,97250
280,310,R681,B681,False,,False,95400
280,310,R682,B682,False,,False,98050
280,310,R683,B683,False,,False,194699
280,310,R684,B684,False,,False,96700
280,310,R685,B685,False,,False,93650
280,310,R686,B686,False,,False,97250
280,310,R687,B687,False,,False,97250
280,310,R688,B688,False,,False,98400
280,310,R689,B689,False,,False,98050
280,310,R690,B690,False,,False,98050
280,310,R691,B691,False,,False,96800
280,310,R692,B692,False,,False,96300
280,310,R693,B693,False,,False,97950
280,310,R694,B694,False,,False,98250
280,310,R695,B695,False,,False,96100
280,310,R696,B696,False,,False,97150
280,310,R697,B697,False,,False,94050
280,310,R698,B698,False,,False,96700
280,310,R699,B699,False,,False,97150
280,310,R700,B700,False,,False,97250
280,310,R701,B701,False,,False,98250
280,310,R702,B702,False,,False,98149
280,310,R703,B703,False,,False,95900
280,310,R704,B704,False,,False,98050
280,310,R705,B705,False,,False,97950
280,310,R706,B706,False,,False,96300
280,310,R707,B707,False,,False,96400
280,310,R708,B708,False,,False,93350
280,310,R709,B709,False,,False,96100
280,310,R710,B710,False,,False,192800
280,310,R711,B711,False,,False,188100
280,310,R712,B712,False,,False,96800
280,310,R713,B713,False,,False,95450
280,310,R714,B714,False,,False,97150
280,310,R715,B715,False,,False,95800
280,310,R716,B716,False,,False,97950
280,310,R717,B717,False,,False,97250
280,310,R718,B718,False,,False,196500
280,310,R719,B719,False,,False,96800
280,310,R720,B720,False,,False,96250
280,310,R721,B721,False,,False,96100
280,310,R722,B722,False,,False,87450
280,310,R723,B723,False,,False,94450
280,310,R724,B724,False,,False,196100
280,310,R725,B725,False,,False,196100
280,310,R726,B726,False,,False,98250
280,310,R727,B727,False,,False,96300
280,310,R728,B728,False,,False,97250
280,310,R729,B729,False,,False,96800
280,310,R730,B730,False,,False,97250
280,310,R731,B731,False,,False,96100
280,310,R732,B732,False,,False,96800
280,310,R733,B733,False,,False,95450
280,310,R734,B734,False,,False,97150
280,310,R735,B735,False,,False,97950
280,310,R736,B736,False,,False,98050
280,310,R737,B737,False,,False,98050
280,310,R738,B738,False,,False,97150
280,310,R739,B739,False,,False,97150
280,310,R740,B740,False,,False,97250
280,310,R741,B741,False,,False,97350
280,310,R742,B742,False,,False,98149
280,310,R743,B743,False,,False,98250
280,310,R744,B744,False,,False,98050
280,310,R745,B745,False,,False,95800
280,310,R746,B746,False,,False,95400
280,310,R747,B747,False,,False,94049
280,310,R748,B748,False,,False,94500
280,310,R749,B749,False,,False,96800
280,310,R750,B750,False,,False,95450
280,310,R751,B751,False,,False,87450
280,310,R752,B752,False,,False,97250
280,310,R753,B753,False,,False,98050
280,310,R754,B754,False,,False,97349
280,310,R755,B755,False,,False,97950
280,310,R756,B756,False,,False,96400
280,310,R757,B757,False,,False,95900
280,310,R758,B758,False,,False,98050
280,310,R759,B759,False,,False,98050
280,310,R760,B760,False,,False,96300
280,310,R761,B761,False,,False,97150
280,310,R762,B762,False,,False,98250
280,310,R763,B763,False,,False,98050
280,310,R764,B764,False,,False,98050
280,310,R765,B765,False,,False,98250
280,310,R766,B766,False,,False,288750
280,310,R767,B767,False,,False,96100
280,310,R768,B768,False,,False,95800
280,310,R769,B769,False,,False,96700
280,310,R770,B770,False,,False,98149
280,310,R771,B771,False,,False,98050
280,310,R772,B772,False,,False,95900
280,310,R773,B773,False,,False,98050
280,310,R774,B774,False,,False,96250
280,310,R775,B775,False,,False,95400
280,310,R776,B776,False,,False,98250
280,310,R777,B777,False,,False,96300
280,310,R778,B778,False,,False,97350
280,310,R779,B779,False,,False,96300
280,310,R780,B780,False,,False,95400
280,310,R781,B781,False,,False,97950
280,310,R782,B782,False,,False,98050
280,310,R783,B783,False,,False,97450
280,310,R784,B784,False,,False,94049
300,330,R596,B596,False,,False,109282
300,330,R605,B605,False,,False,119897
300,330,R611,B611,False,,False,112007
300,330,R612,B612,False,,False,119750
300,330,R619,B619,False,,False,116075
300,330,R625,B625,False,,False,121244
300,330,R628,B628,False,,False,114260
300,330,R631,B631,False,,False,131018
300,330,R632,B632,False,,False,116075
300,330,R633,B633,False,,False,121626
300,330,R634,B634,False,,False,117543
300,330,R635,B635,False,,False,130323
300,330,R636,B636,False,,False,111031
300,330,R639,B639,False,,False,183909
300,330,R640,B640,False,,False,117233
300,330,R642,B642,False,,False,119164
300,330,R643,B643,False,,False,89750
300,330,R644,B644,False,,False,129450
300,330,R646,B646,False,,False,138091
300,330,R648,B648,False,,False,228122
300,330,R650,B650,False,,False,142113
300,330,R651,B651,False,,False,114260
300,330,R652,B652,False,,False,132200
300,330,R653,B653,False,,False,135011
300,330,R654,B654,False,,False,138581
300,330,R655,B655,False,,False,105868
300,330,R656,B656,False,,False,139313
300,330,R657,B657,False,,False,268010
300,330,R658,B658,False,,False,111670
300,330,R659,B659,False,,False,119993
300,330,R660,B660,False,,False,108500
300,330,R661,B661,False,,False,138091
300,330,R662,B662,False,,False,125507
300,330,R663,B663,False,,False,115236
300,330,R664,B664,False,,False,276183
300,330,R665,B665,False,,False,115728
300,330,R666,B666,False,,False,217000
300,330,R667,B667,False,,False,134005
300,330,R668,B668,False,,False,125771
300,330,R669,B669,False,,False,114198
300,330,R670,B670,False,,False,222875
300,330,R671,B671,False,,False,98698
300,330,R672,B672,False,,False,102875
300,330,R673,B673,False,,False,119911
300,330,R674,B674,False,,False,111778
300,330,R675,B675,False,,False,127531
300,330,R676,B676,False,,False,103012
300,330,R677,B677,False,,False,113648
300,330,R678,B678,False,,False,102176
300,330,R679,B679,False,,False,104264
300,330,R680,B680,False,,False,99997
300,330,R681,B681,False,,False,106750
300,330,R682,B682,False,,False,113065
300,330,R683,B683,False,,False,200269
300,330,R684,B684,False,,False,107155
300,330,R685,B685,False,,False,96311
300,330,R686,B686,False,,False,100131
300,330,R687,B687,False,,False,99997
300,330,R688,B688,False,,False,114533
300,330,R689,B689,False,,False,113065
300,330,R690,B690,False,,False,108346
300,330,R691,B691,False,,False,108698
300,330,R692,B692,False,,False,102016
300,330,R693,B693,False,,False,106217
300,330,R694,B694,False,,False,113648
300,330,R695,B695,False,,False,127531
300,330,R696,B696,False,,False,99956
300,330,R697,B697,False,,False,96986
300,330,R698,B698,False,,False,107155
300,330,R699,B699,False,,False,99956
300,330,R700,B700,False,,False,100062
300,330,R701,B701,False,,False,114698
300,330,R702,B702,False,,False,113516
300,330,R703,B703,False,,False,98421
300,330,R704,B704,False,,False,108346
300,330,R705,B705,False,,False,106512
300,330,R706,B706,False,,False,104422
300,330,R707,B707,False,,False,100332
300,330,R708,B708,False,,False,100230
300,330,R709,B709,False,,False,117054
300,330,R710,B710,False,,False,213890
300,330,R711,B711,False,,False,193973
300,330,R712,B712,False,,False,104732
300,330,R713,B713,False,,False,106271
300,330,R714,B714,False,,False,99956
300,330,R715,B715,False,,False,98980
300,330,R716,B716,False,,False,106512
300,330,R717,B717,False,,False,99997
300,330,R718,B718,False,,False,217031
300,330,R719,B719,False,,False,104732
300,330,R720,B720,False,,False,105688
300,330,R721,B721,False,,False,107076
300,330,R722,B722,False,,False,90519
300,330,R723,B723,False,,False,97263
300,330,R724,B724,False,,False,206110
300,330,R725,B725,False,,False,209828
300,330,R726,B726,False,,False,108515
300,330,R727,B727,False,,False,99123
300,330,R728,B728,False,,False,100062
300,330,R729,B729,False,,False,104868
300,330,R730,B730,False,,False,99997
300,330,R731,B731,False,,False,107076
300,330,R732,B732,False,,False,100766
300,330,R733,B733,False,,False,100860
300,330,R734,B734,False,,False,99956
300,330,R735,B735,False,,False,102083
300,330,R736,B736,False,,False,101482
300,330,R737,B737,False,,False,102670
300,330,R738,B738,False,,False,99956
300,330,R739,B739,False,,False,99956
300,330,R740,B740,False,,False,100131
300,330,R741,B741,False,,False,101902
300,330,R742,B742,False,,False,103271
300,330,R743,B743,False,,False,105142
300,330,R744,B744,False,,False,102670
300,330,R745,B745,False,,False,108522
300,330,R746,B746,False,,False,98788
300,330,R747,B747,False,,False,96947
300,330,R748,B748,False,,False,96599
300,330,R749,B749,False,,False,100766
300,330,R750,B750,False,,False,100860
300,330,R751,B751,False,,False,90519
300,330,R752,B752,False,,False,100166
300,330,R753,B753,False,,False,103055
300,330,R754,B754,False,,False,100134
300,330,R755,B755,False,,False,102309
300,330,R756,B756,False,,False,100332
300,330,R757,B757,False,,False,98421
300,330,R758,B758,False,,False,101482
300,330,R759,B759,False,,False,102670
300,330,R760,B760,False,,False,99158
300,330,R761,B761,False,,False,99956
300,330,R762,B762,False,,False,103732
300,330,R763,B763,False,,False,103055
300,330,R764,B764,False,,False,101482
300,330,R765,B765,False,,False,103382
300,330,R766,B766,False,,False,302908
300,330,R767,B767,False,,False,106577
300,330,R768,B768,False,,False,102739
300,330,R769,B769,False,,False,100185
300,330,R770,B770,False,,False,103271
300,330,R771,B771,False,,False,103055
300,330,R772,B772,False,,False,98421
300,330,R773,B773,False,,False,101482
300,330,R774,B774,False,,False,100969
300,330,R775,B775,False,,False,98788
300,330,R776,B776,False,,False,103732
300,330,R777,B777,False,,False,99123
300,330,R778,B778,False,,False,101902
300,330,R779,B779,False,,False,100667
300,330,R780,B780,False,,False,101220
300,330,R781,B781,False,,False,102013
300,330,R782,B782,False,,False,101482
300,330,R783,B783,False,,False,101339
300,330,R784,B784,False,,False,96947
300,330,R785,B785,False,,False,196800
300,330,R786,B786,False,,False,98050
300,330,R787,B787,False,,False,95800
300,330,R788,B788,False,,False,96300
300,330,R789,B789,False,,False,96400
300,330,R790,B790,False,,False,97950
300,330,R791,B791,False,,False,98400
300,330,R792,B792,False,,False,98050
300,330,R793,B793,False,,False,96250
300,330,R794,B794,False,,False,97250
300,330,R795,B795,False,,False,98400
300,330,R796,B796,False,,False,97349
300,330,R797,B797,False,,False,95400
300,330,R798,B798,False,,False,96700
300,330,R799,B799,False,,False,95400
300,330,R800,B800,False,,False,95500
300,330,R801,B801,False,,False,98250
300,330,R802,B802,False,,False,385000
300,330,R803,B803,False,,False,97450
300,330,R804,B804,False,,False,98050
300,330,R805,B805,False,,False,97349
300,330,R806,B806,False,,False,98050
300,330,R807,B807,False,,False,97250
300,330,R808,B808,False,,False,95900
300,330,R809,B809,False,,False,98050
300,330,R810,B810,False,,False,97350
300,330,R811,B811,False,,False,94049
300,330,R812,B812,False,,False,97350
300,330,R813,B813,False,,False,95400
300,330,R814,B814,False,,False,98250
300,330,R815,B815,False,,False,196100
300,330,R816,B816,False,,False,96100
300,330,R817,B817,False,,False,97950
300,330,R818,B818,False,,False,97250
300,330,R819,B819,False,,False,97950
300,330,R820,B820,False,,False,96400
300,330,R821,B821,False,,False,94049
300,330,R822,B822,False,,False,96300
300,330,R823,B823,False,,False,77499
300,330,R824,B824,False,,False,95400
300,330,R825,B825,False,,False,98400
300,330,R826,B826,False,,False,98050
300,330,R827,B827,False,,False,95400
300,330,R828,B828,False,,False,94050
300,330,R829,B829,False,,False,98050
300,330,R830,B830,False,,False,97350
300,330,R831,B831,False,,False,96400
300,330,R832,B832,False,,False,95800
300,330,R833,B833,False,,False,96700
300,330,R834,B834,False,,False,98050
300,330,R835,B835,False,,False,98050
300,330,R836,B836,False,,False,93650
300,330,R837,B837,False,,False,97250
300,330,R838,B838,False,,False,195900
300,330,R839,B839,False,,False,98400
300,330,R840,B840,False,,False,96700
300,330,R841,B841,False,,False,87450
300,330,R842,B842,False,,False,194500
300,330,R843,B843,False,,False,97250
300,330,R844,B844,False,,False,98250
300,330,R845,B845,False,,False,96250
300,330,R846,B846,False,,False,196100
300,330,R847,B847,False,,False,98050
300,330,R848,B848,False,,False,96400
300,330,R849,B849,False,,False,96300
300,330,R850,B850,False,,False,98250
300,330,R851,B851,False,,False,97350
300,330,R852,B852,False,,False,188099
300,330,R853,B853,False,,False,91000
300,330,R854,B854,False,,False,93600
300,330,R855,B855,False,,False,97250
300,330,R856,B856,False,,False,77499
300,330,R857,B857,False,,False,89100
300,330,R858,B858,False,,False,97349
300,330,R859,B859,False,,False,97950
300,330,R860,B860,False,,False,95800
300,330,R861,B861,False,,False,96800
300,330,R862,B862,False,,False,97150
300,330,R863,B863,False,,False,97350
300,330,R864,B864,False,,False,95900
300,330,R865,B865,False,,False,97150
300,330,R866,B866,False,,False,94049
300,330,R867,B867,False,,False,96700
300,330,R868,B868,False,,False,97250
300,330,R869,B869,False,,False,98050
300,330,R870,B870,False,,False,96250
300,330,R871,B871,False,,False,96700
300,330,R872,B872,False,,False,97250
300,330,R873,B873,False,,False,97350
300,330,R874,B874,False,,False,98400
300,330,R875,B875,False,,False,193400
300,330,R876,B876,False,,False,95900
300,330,R877,B877,False,,False,98050
300,330,R878,B878,False,,False,194699
300,330,R879,B879,False,,False,194700
300,330,R880,B880,False,,False,98050
300,330,R881,B881,False,,False,98250
300,330,R882,B882,False,,False,94049
300,330,R883,B883,False,,False,97350
320,350,R696,B696,False,,False,119602
320,350,R699,B699,False,,False,119602
320,350,R700,B700,False,,False,119750
320,350,R714,B714,False,,False,119602
320,350,R717,B717,False,,False,119226
320,350,R722,B722,False,,False,112007
320,350,R723,B723,False,,False,116956
320,350,R727,B727,False,,False,118885
320,350,R728,B728,False,,False,114125
320,350,R730,B730,False,,False,113732
320,350,R734,B734,False,,False,113989
320,350,R735,B735,False,,False,131018
320,350,R738,B738,False,,False,113989
320,350,R739,B739,False,,False,113989
320,350,R740,B740,False,,False,114536
320,350,R741,B741,False,,False,133773
320,350,R744,B744,False,,False,135011
320,350,R746,B746,False,,False,122504
320,350,R747,B747,False,,False,117233
320,350,R748,B748,False,,False,102896
320,350,R750,B750,False,,False,138735
320,350,R751,B751,False,,False,112007
320,350,R752,B752,False,,False,114750
320,350,R753,B753,False,,False,138091
320,350,R754,B754,False,,False,114060
320,350,R755,B755,False,,False,132822
320,350,R756,B756,False,,False,127857
320,350,R757,B757,False,,False,111031
320,350,R759,B759,False,,False,135011
320,350,R760,B760,False,,False,113448
320,350,R761,B761,False,,False,108376
320,350,R762,B762,False,,False,142113
320,350,R763,B763,False,,False,138091
320,350,R764,B764,False,,False,125507
320,350,R765,B765,False,,False,139313
320,350,R766,B766,False,,False,402015
320,350,R767,B767,False,,False,179918
320,350,R768,B768,False,,False,151315
320,350,R769,B769,False,,False,124580
320,350,R770,B770,False,,False,139127
320,350,R771,B771,False,,False,138091
320,350,R772,B772,False,,False,111031
320,350,R773,B773,False,,False,125507
320,350,R774,B774,False,,False,134005
320,350,R775,B775,False,,False,115728
320,350,R776,B776,False,,False,142113
320,350,R777,B777,False,,False,113239
320,350,R778,B778,False,,False,124667
320,350,R779,B779,False,,False,122507
320,350,R780,B780,False,,False,118682
320,350,R781,B781,False,,False,122331
320,350,R782,B782,False,,False,125507
320,350,R783,B783,False,,False,120786
320,350,R784,B784,False,,False,111437
320,350,R785,B785,False,,False,239822
320,350,R786,B786,False,,False,113065
320,350,R787,B787,False,,False,116618
320,350,R788,B788,False,,False,108701
320,350,R789,B789,False,,False,112218
320,350,R790,B790,False,,False,110140
320,350,R791,B791,False,,False,119911
320,350,R792,B792,False,,False,113065
320,350,R793,B793,False,,False,110408
320,350,R794,B794,False,,False,100166
320,350,R795,B795,False,,False,114533
320,350,R796,B796,False,,False,100134
320,350,R797,B797,False,,False,102176
320,350,R798,B798,False,,False,107155
320,350,R799,B799,False,,False,101220
320,350,R800,B800,False,,False,103083
320,350,R801,B801,False,,False,113648
320,350,R802,B802,False,,False,441632
320,350,R803,B803,False,,False,105228
320,350,R804,B804,False,,False,108346
320,350,R805,B805,False,,False,100134
320,350,R806,B806,False,,False,107290
320,350,R807,B807,False,,False,100062
320,350,R808,B808,False,,False,98421
320,350,R809,B809,True,320.0,True,108346
320,350,R810,B810,False,,False,100168
320,350,R811,B811,False,,False,96947
320,350,R812,B812,False,,False,106455
320,350,R813,B813,False,,False,101075
320,350,R814,B814,False,,False,112035
320,350,R815,B815,True,320.0,True,216692
320,350,R816,B816,False,,False,117054
320,350,R817,B817,False,,False,106668
320,350,R818,B818,False,,False,99997
320,350,R819,B819,True,320.0,True,106077
320,350,R820,B820,False,,False,106945
320,350,R821,B821,False,,False,96947
320,350,R822,B822,True,320.0,True,99158
320,350,R823,B823,False,,False,79116
320,350,R824,B824,False,,False,101075
320,350,R825,B825,False,,False,109155
320,350,R826,B826,False,,False,108060
320,350,R827,B827,False,,False,98788
320,350,R828,B828,False,,False,96986
320,350,R829,B829,True,320.0,True,104914
320,350,R830,B830,False,,False,100168
320,350,R831,B831,False,,False,101672
320,350,R832,B832,False,,False,121244
320,350,R833,B833,False,,False,103670
320,350,R834,B834,False,,False,103055
320,350,R835,B835,False,,False,102670
320,350,R836,B836,False,,False,96311
320,350,R837,B837,False,,False,100062
320,350,R838,B838,True,323.0,True,204027
320,350,R839,B839,False,,False,109155
320,350,R840,B840,False,,False,103670
320,350,R841,B841,False,,False,90519
320,350,R842,B842,True,327.0,True,200333
320,350,R843,B843,False,,False,99997
320,350,R844,B844,False,,False,105142
320,350,R845,B845,False,,False,99292
320,350,R846,B846,True,323.0,True,202964
320,350,R847,B847,False,,False,102670
320,350,R848,B848,False,,False,101672
320,350,R849,B849,True,323.0,True,99123
320,350,R850,B850,False,,False,103382
320,350,R851,B851,True,324.0,True,100168
320,350,R852,B852,True,327.0,True,193895
320,350,R853,B853,False,,False,93628
320,350,R854,B854,False,,False,96627
320,350,R855,B855,True,324.0,True,100166
320,350,R856,B856,False,,False,79116
320,350,R857,B857,False,,False,93543
320,350,R858,B858,False,,False,100134
320,350,R859,B859,False,,False,102309
320,350,R860,B860,False,,False,108522
320,350,R861,B861,False,,False,100766
320,350,R862,B862,False,,False,99956
320,350,R863,B863,True,325.0,True,101902
320,350,R864,B864,False,,False,98421
320,350,R865,B865,False,,False,99956
320,350,R866,B866,False,,False,96947
320,350,R867,B867,False,,False,100185
320,350,R868,B868,False,,False,99997
320,350,R869,B869,True,327.0,True,101482
320,350,R870,B870,False,,False,100969
320,350,R871,B871,False,,False,100185
320,350,R872,B872,False,,False,100062
320,350,R873,B873,True,327.0,True,101902
320,350,R874,B874,False,,False,103777
320,350,R875,B875,True,328.0,True,200370
320,350,R876,B876,False,,False,98421
320,350,R877,B877,True,330.0,True,101482
320,350,R878,B878,True,329.0,True,200269
320,350,R879,B879,True,329.0,True,203805
320,350,R880,B880,True,330.0,True,101482
320,350,R881,B881,False,,False,103382
320,350,R882,B882,False,,False,96947
320,350,R883,B883,True,330.0,True,101902
320,350,R884,B884,False,,False,93350
320,350,R885,B885,False,,False,98050
320,350,R886,B886,True,331.0,True,96700
320,350,R887,B887,False,,False,87450
320,350,R888,B888,False,,False,97950
320,350,R889,B889,False,,False,95500
320,350,R890,B890,False,,False,95900
320,350,R891,B891,False,,False,97250
320,350,R892,B892,True,333.0,True,96250
320,350,R893,B893,False,,False,96700
320,350,R894,B894,False,,False,97950
320,350,R895,B895,False,,False,96300
320,350,R896,B896,False,,False,97250
320,350,R897,B897,False,,False,93350
320,350,R898,B898,False,,False,97349
320,350,R899,B899,False,,False,94050
320,350,R900,B900,False,,False,97250
320,350,R901,B901,False,,False,77499
320,350,R902,B902,False,,False,96800
320,350,R903,B903,False,,False,191800
320,350,R904,B904,False,,False,96250
320,350,R905,B905,True,336.0,True,98050
320,350,R906,B906,False,,False,94049
320,350,R907,B907,False,,False,96700
320,350,R908,B908,False,,False,87450
320,350,R909,B909,False,,False,97250
320,350,R910,B910,False,,False,98149
320,350,R911,B911,True,337.0,True,96250
320,350,R912,B912,False,,False,98050
320,350,R913,B913,False,,False,97150
320,350,R914,B914,False,,False,93650
320,350,R915,B915,False,,False,77499
320,350,R916,B916,True,339.0,True,196100
320,350,R917,B917,False,,False,96700
320,350,R918,B918,False,,False,93650
320,350,R919,B919,False,,False,98300
320,350,R920,B920,True,340.0,False,98050
320,350,R921,B921,True,340.0,False,96250
320,350,R922,B922,False,,False,96700
320,350,R923,B923,False,,False,98250
320,350,R924,B924,False,,False,98050
320,350,R925,B925,False,,False,97150
320,350,R926,B926,False,,False,95400
320,350,R927,B927,False,,False,95500
320,350,R928,B928,False,,False,91000
320,350,R929,B929,False,,False,94450
320,350,R930,B930,False,,False,98250
320,350,R931,B931,False,,False,98400
320,350,R932,B932,True,343.0,False,98050
320,350,R933,B933,True,343.0,False,96250
320,350,R934,B934,False,,False,97450
320,350,R935,B935,False,,False,96100
320,350,R936,B936,False,,False,98050
320,350,R937,B937,False,,False,95800
320,350,R938,B938,False,,False,97250
320,350,R939,B939,False,,False,98149
320,350,R940,B940,False,,False,98050
320,350,R941,B941,True,343.0,False,96800
320,350,R942,B942,True,344.0,False,98050
320,350,R943,B943,True,344.0,False,194700
320,350,R944,B944,False,,False,94049
320,350,R945,B945,False,,False,96300
320,350,R946,B946,False,,False,97250
320,350,R947,B947,True,345.0,False,195900
320,350,R948,B948,False,,False,94050
320,350,R949,B949,True,346.0,False,96800
320,350,R950,B950,True,345.0,False,96700
320,350,R951,B951,False,,False,95500
320,350,R952,B952,False,,False,95900
320,350,R953,B953,True,346.0,False,96250
320,350,R954,B954,False,,False,96250
320,350,R955,B955,True,347.0,False,98050
320,350,R956,B956,False,,False,96250
320,350,R957,B957,False,,False,98050
320,350,R958,B958,True,347.0,False,193400
320,350,R959,B959,False,,False,98050
320,350,R960,B960,True,349.0,False,192500
320,350,R961,B961,True,348.0,False,96700
320,350,R962,B962,False,,False,93600
320,350,R963,B963,True,349.0,False,97950
320,350,R964,B964,False,,False,97950
320,350,R965,B965,False,,False,97450
320,350,R966,B966,False,,False,96800
320,350,R967,B967,False,,False,97250
340,370,R807,B807,False,,False,119750
340,370,R810,B810,False,,False,119897
340,370,R818,B818,False,,False,119226
340,370,R823,B823,False,,False,87204
340,370,R824,B824,False,,False,140800
340,370,R828,B828,False,,False,117543
340,370,R830,B830,False,,False,119897
340,370,R836,B836,False,,False,114942
340,370,R837,B837,False,,False,114125
340,370,R841,B841,False,,False,112007
340,370,R843,B843,False,,False,113732
340,370,R845,B845,False,,False,114506
340,370,R848,B848,False,,False,138581
340,370,R853,B853,False,,False,106769
340,370,R854,B854,False,,False,117822
340,370,R856,B856,False,,False,83969
340,370,R857,B857,False,,False,115759
340,370,R858,B858,False,,False,114060
340,370,R859,B859,False,,False,132822
340,370,R862,B862,False,,False,108376
340,370,R864,B864,False,,False,111031
340,370,R865,B865,False,,False,108376
340,370,R866,B866,False,,False,111437
340,370,R868,B868,False,,False,108238
340,370,R870,B870,False,,False,134005
340,370,R871,B871,False,,False,124580
340,370,R872,B872,False,,False,108500
340,370,R874,B874,False,,False,141422
340,370,R876,B876,False,,False,105987
340,370,R881,B881,False,,False,139313
340,370,R882,B882,False,,False,111437
340,370,R884,B884,False,,False,103671
340,370,R885,B885,False,,False,111910
340,370,R887,B887,False,,False,93589
340,370,R888,B888,False,,False,110140
340,370,R889,B889,False,,False,106875
340,370,R890,B890,False,,False,100943
340,370,R891,B891,False,,False,100062
340,370,R893,B893,False,,False,107155
340,370,R894,B894,False,,False,110140
340,370,R895,B895,False,,False,102016
340,370,R896,B896,False,,False,100062
340,370,R897,B897,False,,False,100230
340,370,R898,B898,False,,False,100134
340,370,R899,B899,False,,False,96986
340,370,R900,B900,False,,False,100131
340,370,R901,B901,False,,False,79116
340,370,R902,B902,False,,False,108903
340,370,R903,B903,False,,False,196843
340,370,R904,B904,False,,False,99292
340,370,R906,B906,False,,False,96947
340,370,R907,B907,False,,False,107155
340,370,R908,B908,False,,False,90519
340,370,R909,B909,False,,False,100166
340,370,R910,B910,True,340.0,True,113516
340,370,R912,B912,False,,False,107290
340,370,R913,B913,False,,False,99956
340,370,R914,B914,False,,False,96311
340,370,R915,B915,False,,False,79116
340,370,R917,B917,False,,False,103670
340,370,R918,B918,False,,False,96311
340,370,R919,B919,True,340.0,True,107244
340,370,R920,B920,True,340.0,True,104914
340,370,R921,B921,True,340.0,True,105688
340,370,R922,B922,False,,False,103670
340,370,R923,B923,False,,False,108302
340,370,R924,B924,False,,False,102670
340,370,R925,B925,False,,False,99956
340,370,R926,B926,False,,False,98788
340,370,R927,B927,False,,False,98616
340,370,R928,B928,False,,False,93628
340,370,R929,B929,False,,False,97263
340,370,R930,B930,False,,False,103732
340,370,R931,B931,False,,False,109155
340,370,R932,B932,True,343.0,True,104914
340,370,R933,B933,True,343.0,True,100969
340,370,R934,B934,False,,False,101339
340,370,R935,B935,False,,False,107076
340,370,R936,B936,False,,False,102670
340,370,R937,B937,False,,False,108522
340,370,R938,B938,False,,False,100166
340,370,R939,B939,True,345.0,True,103271
340,370,R940,B940,False,,False,102670
340,370,R941,B941,True,343.0,True,100766
340,370,R942,B942,True,344.0,True,101482
340,370,R943,B943,True,344.0,True,200336
340,370,R944,B944,False,,False,96947
340,370,R945,B945,False,,False,99158
340,370,R946,B946,False,,False,100166
340,370,R947,B947,True,345.0,True,204167
340,370,R948,B948,False,,False,96986
340,370,R949,B949,True,346.0,True,100766
340,370,R950,B950,True,345.0,True,100185
340,370,R951,B951,False,,False,99291
340,370,R952,B952,False,,False,98421
340,370,R953,B953,True,346.0,True,100969
340,370,R954,B954,False,,False,99292
340,370,R955,B955,True,351.0,True,101482
340,370,R956,B956,False,,False,100969
340,370,R957,B957,False,,False,102670
340,370,R958,B958,True,347.0,True,200370
340,370,R959,B959,True,348.0,True,101482
340,370,R960,B960,True,349.0,True,201938
340,370,R961,B961,True,348.0,True,100185
340,370,R962,B962,False,,False,96627
340,370,R963,B963,True,349.0,True,102083
340,370,R964,B964,False,,False,102013
340,370,R965,B965,False,,False,101339
340,370,R966,B966,False,,False,100766
340,370,R967,B967,False,,False,100166
340,370,R968,B968,False,,False,97349
340,370,R969,B969,False,,False,97450
340,370,R970,B970,False,,False,96300
340,370,R971,B971,False,,False,97950
340,370,R972,B972,True,352.0,True,98050
340,370,R973,B973,True,352.0,True,96700
340,370,R974,B974,True,353.0,True,194500
340,370,R975,B975,False,,False,97250
340,370,R976,B976,False,,False,77499
340,370,R977,B977,False,,False,97349
340,370,R978,B978,False,,False,95500
340,370,R979,B979,False,,False,94050
340,370,R980,B980,True,353.0,True,96800
340,370,R981,B981,False,,False,87450
340,370,R982,B982,False,,False,98050
340,370,R983,B983,True,355.0,True,98050
340,370,R984,B984,False,,False,98250
340,370,R985,B985,False,,False,96250
340,370,R986,B986,False,,False,95800
340,370,R987,B987,False,,False,89000
340,370,R988,B988,False,,False,93650
340,370,R989,B989,False,,False,95800
340,370,R990,B990,False,,False,98050
340,370,R991,B991,True,356.0,True,96800
340,370,R992,B992,True,355.0,True,96700
340,370,R993,B993,True,356.0,True,97250
340,370,R994,B994,False,,False,97350
340,370,R995,B995,False,,False,94500
340,370,R996,B996,False,,False,94450
340,370,R997,B997,False,,False,97250
340,370,R998,B998,False,,False,95500
340,370,R999,B999,True,357.0,True,96250
340,370,R1000,B1000,False,,False,77499
340,370,R1001,B1001,False,,False,97250
340,370,R1002,B1002,False,,False,95800
340,370,R1003,B1003,True,360.0,False,98050
340,370,R1004,B1004,True,361.0,False,195900
340,370,R1005,B1005,False,,False,98050
340,370,R1006,B1006,True,361.0,False,192500
340,370,R1007,B1007,False,,False,97150
340,370,R1008,B1008,False,,False,98250
340,370,R1009,B1009,True,364.0,False,195900
340,370,R1010,B1010,False,,False,97150
340,370,R1011,B1011,False,,False,97250
340,370,R1012,B1012,True,363.0,False,98050
340,370,R1013,B1013,False,,False,96250
340,370,R1014,B1014,False,,False,95800
340,370,R1015,B1015,False,,False,96700
340,370,R1016,B1016,False,,False,96400
340,370,R1017,B1017,False,,False,97250
340,370,R1018,B1018,False,,False,97950
340,370,R1019,B1019,False,,False,95800
340,370,R1020,B1020,False,,False,97250
340,370,R1021,B1021,False,,False,98050
340,370,R1022,B1022,True,365.0,False,94050
340,370,R1023,B1023,False,,False,96700
340,370,R1024,B1024,False,,False,98250
340,370,R1025,B1025,False,,False,94850
340,370,R1026,B1026,False,,False,95800
340,370,R1027,B1027,False,,False,94049
340,370,R1028,B1028,False,,False,94450
340,370,R1029,B1029,False,,False,97150
340,370,R1030,B1030,False,,False,98050
340,370,R1031,B1031,False,,False,98250
340,370,R1032,B1032,False,,False,96800
340,370,R1033,B1033,False,,False,97250
340,370,R1034,B1034,False,,False,97350
340,370,R1035,B1035,False,,False,97450
340,370,R1036,B1036,True,370.0,False,188099
340,370,R1037,B1037,True,370.0,False,193400
360,390,R901,B901,False,,False,90440
360,390,R904,B904,False,,False,120592
360,390,R909,B909,False,,False,120583
360,390,R913,B913,False,,False,119602
360,390,R914,B914,False,,False,114942
360,390,R915,B915,False,,False,90440
360,390,R918,B918,False,,False,114942
360,390,R925,B925,False,,False,113989
360,390,R926,B926,False,,False,122504
360,390,R928,B928,False,,False,112025
360,390,R929,B929,False,,False,116956
360,390,R934,B934,False,,False,128564
360,390,R938,B938,False,,False,114750
360,390,R944,B944,False,,False,117233
360,390,R945,B945,False,,False,119164
360,390,R946,B946,False,,False,114750
360,390,R948,B948,False,,False,111670
360,390,R951,B951,False,,False,125833
360,390,R952,B952,False,,False,111031
360,390,R954,B954,False,,False,108421
360,390,R956,B956,False,,False,134005
360,390,R957,B957,False,,False,135011
360,390,R962,B962,False,,False,111766
360,390,R964,B964,False,,False,122331
360,390,R965,B965,False,,False,120786
360,390,R966,B966,False,,False,128528
360,390,R967,B967,False,,False,108916
360,390,R968,B968,False,,False,102919
360,390,R969,B969,False,,False,109118
360,390,R970,B970,False,,False,104769
360,390,R971,B971,False,,False,110140
360,390,R975,B975,False,,False,100062
360,390,R976,B976,False,,False,79116
360,390,R977,B977,False,,False,100134
360,390,R978,B978,False,,False,104849
360,390,R979,B979,False,,False,99923
360,390,R981,B981,False,,False,93589
360,390,R982,B982,False,,False,113065
360,390,R984,B984,False,,False,113648
360,390,R985,B985,False,,False,110408
360,390,R986,B986,False,,False,133966
360,390,R987,B987,False,,False,92095
360,390,R988,B988,False,,False,96311
360,390,R989,B989,False,,False,102161
360,390,R990,B990,False,,False,108346
360,390,R994,B994,False,,False,100168
360,390,R995,B995,False,,False,96599
360,390,R996,B996,False,,False,97263
360,390,R997,B997,False,,False,99997
360,390,R998,B998,False,,False,103083
360,390,R1000,B1000,False,,False,79116
360,390,R1001,B1001,False,,False,99997
360,390,R1002,B1002,False,,False,121244
360,390,R1003,B1003,True,360.0,True,104914
360,390,R1004,B1004,True,361.0,True,204167
360,390,R1005,B1005,True,361.0,True,104914
360,390,R1006,B1006,True,361.0,True,211377
360,390,R1007,B1007,False,,False,99956
360,390,R1008,B1008,False,,False,103732
360,390,R1009,B1009,True,364.0,True,204027
360,390,R1010,B1010,False,,False,99956
360,390,R1011,B1011,False,,False,100166
360,390,R1012,B1012,True,363.0,True,101482
360,390,R1013,B1013,True,364.0,True,100969
360,390,R1014,B1014,False,,False,108522
360,390,R1015,B1015,False,,False,100185
360,390,R1016,B1016,False,,False,99493
360,390,R1017,B1017,False,,False,100131
360,390,R1018,B1018,False,,False,102013
360,390,R1019,B1019,False,,False,98980
360,390,R1020,B1020,False,,False,99997
360,390,R1021,B1021,False,,False,103055
360,390,R1022,B1022,True,367.0,True,96986
360,390,R1023,B1023,False,,False,100185
360,390,R1024,B1024,False,,False,105142
360,390,R1025,B1025,False,,False,98247
360,390,R1026,B1026,False,,False,108522
360,390,R1027,B1027,False,,False,96947
360,390,R1028,B1028,False,,False,97263
360,390,R1029,B1029,False,,False,99956
360,390,R1030,B1030,True,368.0,True,101482
360,390,R1031,B1031,True,368.0,True,103382
360,390,R1032,B1032,False,,False,100834
360,390,R1033,B1033,False,,False,100131
360,390,R1034,B1034,False,,False,100168
360,390,R1035,B1035,False,,False,101339
360,390,R1036,B1036,True,370.0,True,193895
360,390,R1037,B1037,True,370.0,True,200370
360,390,R1038,B1038,True,371.0,True,98250
360,390,R1039,B1039,False,,False,95800
360,390,R1040,B1040,True,371.0,True,94050
360,390,R1041,B1041,True,372.0,True,97950
360,390,R1042,B1042,False,,False,96300
360,390,R1043,B1043,False,,False,98050
360,390,R1044,B1044,False,,False,96250
360,390,R1045,B1045,True,374.0,True,193600
360,390,R1046,B1046,True,373.0,True,96700
360,390,R1047,B1047,False,,False,97250
360,390,R1048,B1048,False,,False,98300
360,390,R1049,B1049,False,,False,95500
360,390,R1050,B1050,False,,False,97250
360,390,R1051,B1051,False,,False,95400
360,390,R1052,B1052,True,375.0,True,97950
360,390,R1053,B1053,False,,False,94050
360,390,R1054,B1054,False,,False,96700
360,390,R1055,B1055,False,,False,95400
360,390,R1056,B1056,False,,False,97450
360,390,R1057,B1057,False,,False,98050
360,390,R1058,B1058,True,376.0,True,188099
360,390,R1059,B1059,False,,False,97150
360,390,R1060,B1060,False,,False,97350
360,390,R1061,B1061,False,,False,98400
360,390,R1062,B1062,False,,False,98250
360,390,R1063,B1063,False,,False,192500
360,390,R1064,B1064,False,,False,97350
360,390,R1065,B1065,False,,False,97250
360,390,R1066,B1066,False,,False,96250
360,390,R1067,B1067,False,,False,97950
360,390,R1068,B1068,False,,False,96400
360,390,R1069,B1069,False,,False,93600
360,390,R1070,B1070,False,,False,97250
360,390,R1071,B1071,False,,False,82250
360,390,R1072,B1072,False,,False,97349
360,390,R1073,B1073,False,,False,96800
360,390,R1074,B1074,False,,False,97250
360,390,R1075,B1075,False,,False,97350
360,390,R1076,B1076,False,,False,89000
360,390,R1077,B1077,False,,False,95400
360,390,R1078,B1078,False,,False,97250
360,390,R1079,B1079,False,,False,97349
360,390,R1080,B1080,False,,False,95400
360,390,R1081,B1081,False,,False,97250
360,390,R1082,B1082,False,,False,96400
360,390,R1083,B1083,False,,False,96800
360,390,R1084,B1084,False,,False,97950
360,390,R1085,B1085,False,,False,96250
360,390,R1086,B1086,False,,False,95400
360,390,R1087,B1087,False,,False,95200
360,390,R1088,B1088,False,,False,96800
380,410,R994,B994,False,,False,119897
380,410,R995,B995,False,,False,111292
380,410,R996,B996,False,,False,116956
380,410,R997,B997,False,,False,119226
380,410,R1000,B1000,False,,False,90440
380,410,R1001,B1001,False,,False,119226
380,410,R1007,B1007,False,,False,113989
380,410,R1010,B1010,False,,False,113989
380,410,R1011,B1011,False,,False,114750
380,410,R1016,B1016,False,,False,121146
380,410,R1017,B1017,False,,False,114536
380,410,R1018,B1018,False,,False,130458
380,410,R1019,B1019,False,,False,121244
380,410,R1020,B1020,False,,False,113732
380,410,R1021,B1021,False,,False,138091
380,410,R1025,B1025,False,,False,115236
380,410,R1026,B1026,False,,False,197577
380,410,R1027,B1027,False,,False,111437
380,410,R1028,B1028,False,,False,111329
380,410,R1029,B1029,False,,False,108376
380,410,R1032,B1032,False,,False,129075
380,410,R1033,B1033,False,,False,108774
380,410,R1034,B1034,False,,False,108623
380,410,R1035,B1035,False,,False,120786
380,410,R1039,B1039,False,,False,146688
380,410,R1042,B1042,False,,False,102016
380,410,R1043,B1043,False,,False,108346
380,410,R1044,B1044,False,,False,110408
380,410,R1047,B1047,False,,False,100062
380,410,R1048,B1048,False,,False,111716
380,410,R1049,B1049,False,,False,103083
380,410,R1050,B1050,False,,False,100062
380,410,R1051,B1051,False,,False,101075
380,410,R1053,B1053,False,,False,96986
380,410,R1054,B1054,False,,False,107155
380,410,R1055,B1055,False,,False,101220
380,410,R1056,B1056,False,,False,105228
380,410,R1057,B1057,False,,False,107290
380,410,R1059,B1059,False,,False,99956
380,410,R1060,B1060,False,,False,106455
380,410,R1061,B1061,True,380.0,True,114533
380,410,R1062,B1062,True,380.0,True,113648
380,410,R1063,B1063,False,,False,198585
380,410,R1064,B1064,False,,False,100168
380,410,R1065,B1065,False,,False,100166
380,410,R1066,B1066,False,,False,105688
380,410,R1067,B1067,False,,False,102013
380,410,R1068,B1068,False,,False,101672
380,410,R1069,B1069,False,,False,96627
380,410,R1070,B1070,False,,False,100166
380,410,R1071,B1071,False,,False,84125
380,410,R1072,B1072,False,,False,100134
380,410,R1073,B1073,False,,False,104732
380,410,R1074,B1074,False,,False,100131
380,410,R1075,B1075,False,,False,101902
380,410,R1076,B1076,False,,False,92095
380,410,R1077,B1077,False,,False,101220
380,410,R1078,B1078,False,,False,100062
380,410,R1079,B1079,False,,False,100134
380,410,R1080,B1080,False,,False,101220
380,410,R1081,B1081,False,,False,99997
380,410,R1082,B1082,False,,False,99493
380,410,R1083,B1083,False,,False,100834
380,410,R1084,B1084,False,,False,102083
380,410,R1085,B1085,False,,False,99292
380,410,R1086,B1086,False,,False,101220
380,410,R1087,B1087,False,,False,97827
380,410,R1088,B1088,False,,False,100766
380,410,R1089,B1089,False,,False,97450
380,410,R1090,B1090,False,,False,96700
380,410,R1091,B1091,False,,False,93600
380,410,R1092,B1092,False,,False,94500
380,410,R1093,B1093,False,,False,96700
380,410,R1094,B1094,False,,False,93650
380,410,R1095,B1095,False,,False,97250
380,410,R1096,B1096,False,,False,95800
380,410,R1097,B1097,False,,False,98050
380,410,R1098,B1098,False,,False,94050
380,410,R1099,B1099,False,,False,96300
380,410,R1100,B1100,False,,False,95900
380,410,R1101,B1101,False,,False,96700
380,410,R1102,B1102,False,,False,93600
380,410,R1103,B1103,False,,False,92700
380,410,R1104,B1104,False,,False,96800
380,410,R1105,B1105,False,,False,95900
380,410,R1106,B1106,False,,False,97950
380,410,R1107,B1107,False,,False,96800
380,410,R1108,B1108,False,,False,96700
380,410,R1109,B1109,False,,False,97350
380,410,R1110,B1110,False,,False,95400
380,410,R1111,B1111,False,,False,95900
380,410,R1112,B1112,False,,False,97250
380,410,R1113,B1113,False,,False,94200
380,410,R1114,B1114,False,,False,89000
380,410,R1115,B1115,False,,False,95400
380,410,R1116,B1116,True,401.0,False,96700
380,410,R1117,B1117,True,402.0,False,188099
380,410,R1118,B1118,False,,False,96400
380,410,R1119,B1119,False,,False,87450
380,410,R1120,B1120,True,406.0,False,194500
380,410,R1121,B1121,True,403.0,False,97250
380,410,R1122,B1122,True,404.0,False,96800
380,410,R1123,B1123,True,404.0,False,96700
380,410,R1124,B1124,False,,False,97250
380,410,R1125,B1125,False,,False,97350
380,410,R1126,B1126,False,,False,95400
380,410,R1127,B1127,True,405.0,False,94050
380,410,R1128,B1128,False,,False,96400
380,410,R1129,B1129,False,,False,95450
380,410,R1130,B1130,False,,False,97250
380,410,R1131,B1131,True,406.0,False,97950
380,410,R1132,B1132,True,407.0,False,96800
380,410,R1133,B1133,False,,False,97250
380,410,R1134,B1134,False,,False,95900
380,410,R1135,B1135,False,,False,96300
380,410,R1136,B1136,False,,False,98050
380,410,R1137,B1137,False,,False,97250
380,410,R1138,B1138,True,409.0,False,97950
380,410,R1139,B1139,False,,False,97450
380,410,R1140,B1140,False,,False,96700
380,410,R1141,B1141,False,,False,95900
380,410,R1142,B1142,False,,False,98050
380,410,R1143,B1143,False,,False,96700
380,410,R1144,B1144,False,,False,93600
400,430,R1059,B1059,False,,False,119602
400,430,R1063,B1063,False,,False,241184
400,430,R1064,B1064,False,,False,119897
400,430,R1065,B1065,False,,False,120583
400,430,R1070,B1070,False,,False,120583
400,430,R1071,B1071,False,,False,93500
400,430,R1072,B1072,False,,False,119631
400,430,R1074,B1074,False,,False,120298
400,430,R1075,B1075,False,,False,133773
400,430,R1076,B1076,False,,False,107571
400,430,R1077,B1077,False,,False,141964
400,430,R1078,B1078,False,,False,114125
400,430,R1079,B1079,False,,False,114060
400,430,R1080,B1080,False,,False,130323
400,430,R1081,B1081,False,,False,108238
400,430,R1082,B1082,False,,False,114960
400,430,R1083,B1083,False,,False,129075
400,430,R1084,B1084,False,,False,122751
400,430,R1085,B1085,False,,False,108421
400,430,R1086,B1086,False,,False,118682
400,430,R1087,B1087,False,,False,100455
400,430,R1088,B1088,False,,False,128528
400,430,R1089,B1089,False,,False,109118
400,430,R1090,B1090,False,,False,110640
400,430,R1091,B1091,False,,False,99740
400,430,R1092,B1092,False,,False,96599
400,430,R1093,B1093,False,,False,110640
400,430,R1094,B1094,False,,False,96311
400,430,R1095,B1095,False,,False,100062
400,430,R1096,B1096,False,,False,102161
400,430,R1097,B1097,False,,False,111910
400,430,R1098,B1098,False,,False,99923
400,430,R1099,B1099,False,,False,104567
400,430,R1100,B1100,False,,False,98421
400,430,R1101,B1101,False,,False,107155
400,430,R1102,B1102,False,,False,99655
400,430,R1103,B1103,False,,False,94772
400,430,R1104,B1104,False,,False,104868
400,430,R1105,B1105,False,,False,98421
400,430,R1106,B1106,False,,False,106668
400,430,R1107,B1107,False,,False,104732
400,430,R1108,B1108,False,,False,107155
400,430,R1109,B1109,False,,False,101902
400,430,R1110,B1110,False,,False,101220
400,430,R1111,B1111,False,,False,98421
400,430,R1112,B1112,False,,False,100131
400,430,R1113,B1113,False,,False,99725
400,430,R1114,B1114,False,,False,92095
400,430,R1115,B1115,False,,False,101075
400,430,R1116,B1116,True,401.0,True,103670
400,430,R1117,B1117,False,,False,193895
400,430,R1118,B1118,False,,False,101672
400,430,R1119,B1119,False,,False,90519
400,430,R1120,B1120,True,406.0,True,200125
400,430,R1121,B1121,True,403.0,True,100062
400,430,R1122,B1122,True,404.0,True,100766
400,430,R1123,B1123,True,404.0,True,100185
400,430,R1124,B1124,False,,False,100062
400,430,R1125,B1125,False,,False,101902
400,430,R1126,B1126,False,,False,101075
400,430,R1127,B1127,False,,False,96986
400,430,R1128,B1128,False,,False,101672
400,430,R1129,B1129,False,,False,100860
400,430,R1130,B1130,False,,False,100062
400,430,R1131,B1131,True,406.0,True,102013
400,430,R1132,B1132,True,407.0,True,100766
400,430,R1133,B1133,False,,False,99997
400,430,R1134,B1134,False,,False,98421
400,430,R1135,B1135,False,,False,100433
400,430,R1136,B1136,False,,False,103055
400,430,R1137,B1137,False,,False,100166
400,430,R1138,B1138,True,409.0,True,102083
400,430,R1139,B1139,False,,False,101339
400,430,R1140,B1140,False,,False,100185
400,430,R1141,B1141,False,,False,98421
400,430,R1142,B1142,True,410.0,True,101482
400,430,R1143,B1143,True,410.0,True,100185
400,430,R1144,B1144,False,,False,96627
400,430,R1145,B1145,False,,False,95400
400,430,R1146,B1146,False,,False,91000
400,430,R1147,B1147,False,,False,96250
400,430,R1148,B1148,False,,False,96300
400,430,R1149,B1149,True,413.0,True,96700
400,430,R1150,B1150,True,414.0,True,97950
400,430,R1151,B1151,False,,False,97150
400,430,R1152,B1152,False,,False,97250
400,430,R1153,B1153,False,,False,97250
400,430,R1154,B1154,False,,False,95400
400,430,R1155,B1155,True,415.0,True,96800
400,430,R1156,B1156,True,417.0,True,97950
400,430,R1157,B1157,False,,False,97150
400,430,R1158,B1158,True,416.0,True,96700
400,430,R1159,B1159,True,418.0,True,96800
400,430,R1160,B1160,False,,False,96700
400,430,R1161,B1161,True,418.0,True,194700
400,430,R1162,B1162,False,,False,95400
400,430,R1163,B1163,False,,False,97349
400,430,R1164,B1164,True,419.0,True,96700
400,430,R1165,B1165,True,419.0,True,97250
400,430,R1166,B1166,True,420.0,False,97950
400,430,R1167,B1167,False,,False,97150
400,430,R1168,B1168,True,420.0,False,95450
400,430,R1169,B1169,True,421.0,False,98050
400,430,R1170,B1170,False,,False,96399
400,430,R1171,B1171,True,423.0,False,97950
400,430,R1172,B1172,False,,False,97150
400,430,R1173,B1173,False,,False,89000
400,430,R1174,B1174,False,,False,87450
400,430,R1175,B1175,False,,False,95900
400,430,R1176,B1176,True,424.0,False,98050
400,430,R1177,B1177,False,,False,97350
400,430,R1178,B1178,False,,False,97150
400,430,R1179,B1179,False,,False,95800
400,430,R1180,B1180,True,424.0,False,95450
400,430,R1181,B1181,True,424.0,False,194500
400,430,R1182,B1182,True,425.0,False,97950
400,430,R1183,B1183,False,,False,95500
400,430,R1184,B1184,True,428.0,False,97950
400,430,R1185,B1185,False,,False,95900
400,430,R1186,B1186,False,,False,96250
400,430,R1187,B1187,False,,False,95450
400,430,R1188,B1188,False,,False,97950
400,430,R1189,B1189,False,,False,96300
400,430,R1190,B1190,False,,False,96800
400,430,R1191,B1191,False,,False,96700
400,430,R1192,B1192,True,430.0,False,194700
420,450,R1092,B1092,False,,False,111292
420,450,R1103,B1103,False,,False,109282
420,450,R1111,B1111,False,,False,116075
420,450,R1112,B1112,False,,False,120298
420,450,R1114,B1114,False,,False,113761
420,450,R1115,B1115,False,,False,140800
420,450,R1117,B1117,False,,False,234467
420,450,R1118,B1118,False,,False,138581
420,450,R1119,B1119,False,,False,112007
420,450,R1124,B1124,False,,False,114125
420,450,R1125,B1125,False,,False,133773
420,450,R1126,B1126,False,,False,140800
420,450,R1127,B1127,False,,False,117543
420,450,R1128,B1128,False,,False,138581
420,450,R1129,B1129,False,,False,138735
420,450,R1130,B1130,False,,False,114125
420,450,R1133,B1133,False,,False,108238
420,450,R1134,B1134,False,,False,111031
420,450,R1135,B1135,False,,False,129371
420,450,R1136,B1136,False,,False,138091
420,450,R1137,B1137,False,,False,108916
420,450,R1139,B1139,False,,False,120786
420,450,R1140,B1140,False,,False,124580
420,450,R1141,B1141,False,,False,105987
420,450,R1144,B1144,False,,False,111766
420,450,R1145,B1145,False,,False,106750
420,450,R1146,B1146,False,,False,96256
420,450,R1147,B1147,False,,False,99292
420,450,R1148,B1148,False,,False,102016
420,450,R1151,B1151,False,,False,99956
420,450,R1152,B1152,False,,False,100166
420,450,R1153,B1153,False,,False,99997
420,450,R1154,B1154,False,,False,106750
420,450,R1157,B1157,False,,False,99956
420,450,R1160,B1160,False,,False,107155
420,450,R1162,B1162,False,,False,101075
420,450,R1163,B1163,False,,False,100134
420,450,R1166,B1166,True,420.0,True,102013
420,450,R1167,B1167,False,,False,99956
420,450,R1168,B1168,True,420.0,True,100860
420,450,R1169,B1169,True,421.0,True,104914
420,450,R1170,B1170,False,,False,99335
420,450,R1171,B1171,True,422.0,True,102013
420,450,R1172,B1172,False,,False,99956
420,450,R1173,B1173,False,,False,92095
420,450,R1174,B1174,False,,False,90519
420,450,R1175,B1175,False,,False,98421
420,450,R1176,B1176,True,424.0,True,101482
420,450,R1177,B1177,False,,False,100168
420,450,R1178,B1178,False,,False,99956
420,450,R1179,B1179,False,,False,102739
420,450,R1180,B1180,True,424.0,True,100860
420,450,R1181,B1181,True,424.0,True,200125
420,450,R1182,B1182,True,425.0,True,102083
420,450,R1183,B1183,False,,False,99291
420,450,R1184,B1184,True,426.0,True,102013
420,450,R1185,B1185,False,,False,98421
420,450,R1186,B1186,False,,False,99292
420,450,R1187,B1187,False,,False,100860
420,450,R1188,B1188,True,429.0,True,102083
420,450,R1189,B1189,False,,False,100433
420,450,R1190,B1190,False,,False,100834
420,450,R1191,B1191,True,430.0,True,100185
420,450,R1192,B1192,True,430.0,True,203805
420,450,R1193,B1193,False,,False,95800
420,450,R1194,B1194,False,,False,97450
420,450,R1195,B1195,False,,False,97350
420,450,R1196,B1196,True,432.0,True,195900
420,450,R1197,B1197,False,,False,97350
420,450,R1198,B1198,False,,False,89100
420,450,R1199,B1199,True,433.0,True,96700
420,450,R1200,B1200,True,433.0,True,97350
420,450,R1201,B1201,False,,False,97150
420,450,R1202,B1202,False,,False,97450
420,450,R1203,B1203,False,,False,97450
420,450,R1204,B1204,False,,False,82250
420,450,R1205,B1205,True,442.0,False,97950
420,450,R1206,B1206,False,,False,95900
420,450,R1207,B1207,False,,False,96800
420,450,R1208,B1208,False,,False,96800
420,450,R1209,B1209,False,,False,95500
420,450,R1210,B1210,False,,False,97250
420,450,R1211,B1211,False,,False,98250
420,450,R1212,B1212,True,439.0,True,97950
420,450,R1213,B1213,False,,False,96700
420,450,R1214,B1214,False,,False,97349
420,450,R1215,B1215,False,,False,97150
420,450,R1216,B1216,True,441.0,False,192400
420,450,R1217,B1217,False,,False,95800
420,450,R1218,B1218,False,,False,94049
420,450,R1219,B1219,False,,False,97250
420,450,R1220,B1220,False,,False,96250
420,450,R1221,B1221,False,,False,87450
420,450,R1222,B1222,True,444.0,False,98050
420,450,R1223,B1223,False,,False,97150
420,450,R1224,B1224,False,,False,97950
420,450,R1225,B1225,False,,False,96700
420,450,R1226,B1226,False,,False,96400
420,450,R1227,B1227,False,,False,95800
420,450,R1228,B1228,False,,False,96250
420,450,R1229,B1229,True,447.0,False,196100
420,450,R1230,B1230,True,447.0,False,193600
420,450,R1231,B1231,False,,False,96250
420,450,R1232,B1232,False,,False,87450
440,470,R1157,B1157,False,,False,119602
440,470,R1163,B1163,False,,False,119631
440,470,R1167,B1167,False,,False,119602
440,470,R1170,B1170,False,,False,119892
440,470,R1172,B1172,False,,False,113989
440,470,R1173,B1173,False,,False,107571
440,470,R1174,B1174,False,,False,112007
440,470,R1175,B1175,False,,False,111031
440,470,R1177,B1177,False,,False,114260
440,470,R1178,B1178,False,,False,113989
440,470,R1179,B1179,False,,False,151315
440,470,R1183,B1183,False,,False,125833
440,470,R1185,B1185,False,,False,111031
440,470,R1186,B1186,False,,False,108421
440,470,R1187,B1187,False,,False,138735
440,470,R1189,B1189,False,,False,121103
440,470,R1190,B1190,False,,False,129075
440,470,R1193,B1193,False,,False,105341
440,470,R1194,B1194,False,,False,109118
440,470,R1195,B1195,False,,False,111008
440,470,R1197,B1197,False,,False,102986
440,470,R1198,B1198,False,,False,97986
440,470,R1201,B1201,False,,False,99956
440,470,R1202,B1202,False,,False,105228
440,470,R1203,B1203,False,,False,105228
440,470,R1204,B1204,False,,False,84125
440,470,R1205,B1205,False,,False,106217
440,470,R1206,B1206,False,,False,98421
440,470,R1207,B1207,False,,False,104732
440,470,R1208,B1208,False,,False,104868
440,470,R1209,B1209,False,,False,103083
440,470,R1210,B1210,False,,False,100166
440,470,R1211,B1211,False,,False,108302
440,470,R1213,B1213,False,,False,103670
440,470,R1214,B1214,False,,False,100134
440,470,R1215,B1215,False,,False,99956
440,470,R1216,B1216,True,441.0,True,197533
440,470,R1217,B1217,False,,False,121244
440,470,R1218,B1218,False,,False,96947
440,470,R1219,B1219,False,,False,100062
440,470,R1220,B1220,False,,False,99292
440,470,R1221,B1221,False,,False,90519
440,470,R1222,B1222,True,444.0,True,101482
440,470,R1223,B1223,False,,False,99956
440,470,R1224,B1224,False,,False,102083
440,470,R1225,B1225,False,,False,100185
440,470,R1226,B1226,False,,False,101672
440,470,R1227,B1227,False,,False,102739
440,470,R1228,B1228,False,,False,99292
440,470,R1229,B1229,True,447.0,True,202964
440,470,R1230,B1230,True,447.0,True,201532
440,470,R1231,B1231,False,,False,100969
440,470,R1232,B1232,False,,False,90519
440,470,R1233,B1233,False,,False,97150
440,470,R1234,B1234,False,,False,94050
440,470,R1235,B1235,False,,False,87450
440,470,R1236,B1236,False,,False,95800
440,470,R1237,B1237,False,,False,188099
440,470,R1238,B1238,False,,False,98050
440,470,R1239,B1239,False,,False,94050
440,470,R1240,B1240,False,,False,96800
440,470,R1241,B1241,False,,False,97350
440,470,R1242,B1242,False,,False,97250
440,470,R1243,B1243,False,,False,96250
440,470,R1244,B1244,False,,False,94049
440,470,R1245,B1245,False,,False,96200
440,470,R1246,B1246,False,,False,96399
440,470,R1247,B1247,False,,False,97950
440,470,R1248,B1248,False,,False,96700
440,470,R1249,B1249,False,,False,97350
440,470,R1250,B1250,False,,False,96300
440,470,R1251,B1251,False,,False,95400
440,470,R1252,B1252,True,461.0,False,193400
440,470,R1253,B1253,False,,False,96700
440,470,R1254,B1254,True,462.0,False,97250
440,470,R1255,B1255,False,,False,97250
440,470,R1256,B1256,True,464.0,False,96700
440,470,R1257,B1257,False,,False,97250
440,470,R1258,B1258,False,,False,97150
440,470,R1259,B1259,False,,False,97350
440,470,R1260,B1260,False,,False,95450
440,470,R1261,B1261,False,,False,98050
440,470,R1262,B1262,False,,False,97349
440,470,R1263,B1263,False,,False,96400
440,470,R1264,B1264,False,,False,93650
440,470,R1265,B1265,False,,False,97250
440,470,R1266,B1266,True,467.0,False,194700
440,470,R1267,B1267,False,,False,95500
440,470,R1268,B1268,False,,False,94049
440,470,R1269,B1269,True,469.0,False,194500
440,470,R1270,B1270,True,470.0,False,196500
460,490,R1204,B1204,False,,False,97250
460,490,R1210,B1210,False,,False,120583
460,490,R1214,B1214,False,,False,119631
460,490,R1215,B1215,False,,False,113989
460,490,R1218,B1218,False,,False,117233
460,490,R1219,B1219,False,,False,114125
460,490,R1220,B1220,False,,False,114506
460,490,R1221,B1221,False,,False,112007
460,490,R1223,B1223,False,,False,113989
460,490,R1224,B1224,False,,False,131018
460,490,R1226,B1226,False,,False,138581
460,490,R1227,B1227,False,,False,151315
460,490,R1228,B1228,False,,False,114506
460,490,R1231,B1231,False,,False,134005
460,490,R1232,B1232,False,,False,105868
460,490,R1233,B1233,False,,False,102763
460,490,R1234,B1234,False,,False,99923
460,490,R1235,B1235,False,,False,93589
460,490,R1236,B1236,False,,False,105341
460,490,R1237,B1237,False,,False,199691
460,490,R1238,B1238,False,,False,111778
460,490,R1239,B1239,False,,False,99923
460,490,R1240,B1240,False,,False,108698
460,490,R1241,B1241,False,,False,106455
460,490,R1242,B1242,False,,False,100062
460,490,R1243,B1243,True,460.0,True,110408
460,490,R1244,B1244,False,,False,96947
460,490,R1245,B1245,False,,False,98766
460,490,R1246,B1246,False,,False,99335
460,490,R1247,B1247,False,,False,102083
460,490,R1248,B1248,False,,False,103670
460,490,R1249,B1249,False,,False,100168
460,490,R1250,B1250,False,,False,100587
460,490,R1251,B1251,False,,False,101075
460,490,R1252,B1252,True,461.0,True,207340
460,490,R1253,B1253,False,,False,103670
460,490,R1254,B1254,True,462.0,True,100062
460,490,R1255,B1255,False,,False,99997
460,490,R1256,B1256,True,464.0,True,100185
460,490,R1257,B1257,False,,False,100062
460,490,R1258,B1258,False,,False,99956
460,490,R1259,B1259,False,,False,100168
460,490,R1260,B1260,False,,False,100860
460,490,R1261,B1261,True,467.0,True,101482
460,490,R1262,B1262,False,,False,100134
460,490,R1263,B1263,False,,False,101672
460,490,R1264,B1264,False,,False,96311
460,490,R1265,B1265,False,,False,100131
460,490,R1266,B1266,True,467.0,True,203805
460,490,R1267,B1267,False,,False,99291
460,490,R1268,B1268,False,,False,96947
460,490,R1269,B1269,True,469.0,True,200125
460,490,R1270,B1270,True,470.0,True,206765
460,490,R1271,B1271,False,,False,95200
460,490,R1272,B1272,False,,False,98050
460,490,R1273,B1273,False,,False,94050
460,490,R1274,B1274,False,,False,96700
460,490,R1275,B1275,False,,False,95400
460,490,R1276,B1276,False,,False,97950
460,490,R1277,B1277,False,,False,94050
460,490,R1278,B1278,False,,False,96400
460,490,R1279,B1279,False,,False,96200
460,490,R1280,B1280,False,,False,94049
460,490,R1281,B1281,False,,False,95400
460,490,R1282,B1282,False,,False,96800
460,490,R1283,B1283,False,,False,96250
460,490,R1284,B1284,False,,False,187300
460,490,R1285,B1285,False,,False,94050
460,490,R1286,B1286,False,,False,96400
460,490,R1287,B1287,False,,False,96250
460,490,R1288,B1288,False,,False,95800
460,490,R1289,B1289,False,,False,95800
460,490,R1290,B1290,False,,False,96250
460,490,R1291,B1291,False,,False,96700
460,490,R1292,B1292,False,,False,97250
460,490,R1293,B1293,False,,False,96250
460,490,R1294,B1294,False,,False,95450
460,490,R1295,B1295,False,,False,93650
460,490,R1296,B1296,False,,False,97250
460,490,R1297,B1297,False,,False,97350
460,490,R1298,B1298,True,485.0,False,98250
460,490,R1299,B1299,False,,False,96400
460,490,R1300,B1300,False,,False,98050
460,490,R1301,B1301,False,,False,92700
460,490,R1302,B1302,False,,False,95800
460,490,R1303,B1303,False,,False,94050
460,490,R1304,B1304,False,,False,95800
460,490,R1305,B1305,False,,False,94500
460,490,R1306,B1306,False,,False,93650
460,490,R1307,B1307,False,,False,97250
460,490,R1308,B1308,True,489.0,False,98250
460,490,R1309,B1309,False,,False,96250
460,490,R1310,B1310,False,,False,93350
460,490,R1311,B1311,False,,False,93650
460,490,R1312,B1312,False,,False,96250
460,490,R1313,B1313,False,,False,97350
460,490,R1314,B1314,False,,False,97950
460,490,R1315,B1315,False,,False,94049
460,490,R1316,B1316,False,,False,96200
480,510,R1242,B1242,False,,False,119750
480,510,R1249,B1249,False,,False,119897
480,510,R1251,B1251,False,,False,140800
480,510,R1255,B1255,False,,False,113732
480,510,R1257,B1257,False,,False,114125
480,510,R1258,B1258,False,,False,113989
480,510,R1259,B1259,False,,False,114260
480,510,R1260,B1260,False,,False,138735
480,510,R1262,B1262,False,,False,114060
480,510,R1263,B1263,False,,False,138581
480,510,R1264,B1264,False,,False,104296
480,510,R1265,B1265,False,,False,114536
480,510,R1267,B1267,False,,False,125833
480,510,R1268,B1268,False,,False,111437
480,510,R1271,B1271,False,,False,100455
480,510,R1272,B1272,False,,False,111778
480,510,R1273,B1273,False,,False,99923
480,510,R1274,B1274,False,,False,110640
480,510,R1275,B1275,False,,False,107041
480,510,R1276,B1276,False,,False,110140
480,510,R1277,B1277,False,,False,99923
480,510,R1278,B1278,False,,False,112218
480,510,R1279,B1279,False,,False,101333
480,510,R1280,B1280,False,,False,99845
480,510,R1281,B1281,False,,False,106750
480,510,R1282,B1282,False,,False,108698
480,510,R1283,B1283,False,,False,99292
480,510,R1284,B1284,False,,False,192623
480,510,R1285,B1285,False,,False,96986
480,510,R1286,B1286,False,,False,102586
480,510,R1287,B1287,False,,False,105688
480,510,R1288,B1288,False,,False,98980
480,510,R1289,B1289,False,,False,98980
480,510,R1290,B1290,False,,False,105688
480,510,R1291,B1291,False,,False,100185
480,510,R1292,B1292,False,,False,100062
480,510,R1293,B1293,False,,False,100969
480,510,R1294,B1294,False,,False,100860
480,510,R1295,B1295,False,,False,96311
480,510,R1296,B1296,False,,False,100166
480,510,R1297,B1297,False,,False,101902
480,510,R1298,B1298,True,485.0,True,103276
480,510,R1299,B1299,False,,False,101672
480,510,R1300,B1300,True,486.0,True,101482
480,510,R1301,B1301,False,,False,94772
480,510,R1302,B1302,False,,False,108522
480,510,R1303,B1303,False,,False,96986
480,510,R1304,B1304,False,,False,98980
480,510,R1305,B1305,False,,False,96599
480,510,R1306,B1306,False,,False,96311
480,510,R1307,B1307,False,,False,100166
480,510,R1308,B1308,True,489.0,True,103276
480,510,R1309,B1309,False,,False,100969
480,510,R1310,B1310,False,,False,96790
480,510,R1311,B1311,False,,False,96311
480,510,R1312,B1312,False,,False,100969
480,510,R1313,B1313,False,,False,100168
480,510,R1314,B1314,False,,False,102231
480,510,R1315,B1315,False,,False,96947
480,510,R1316,B1316,False,,False,98766
480,510,R1317,B1317,False,,False,98050
480,510,R1318,B1318,False,,False,96400
480,510,R1319,B1319,True,491.0,True,194500
480,510,R1320,B1320,False,,False,95500
480,510,R1321,B1321,False,,False,94049
480,510,R1322,B1322,False,,False,96700
480,510,R1323,B1323,False,,False,98050
480,510,R1324,B1324,False,,False,96250
480,510,R1325,B1325,False,,False,97349
480,510,R1326,B1326,True,495.0,True,97250
480,510,R1327,B1327,True,495.0,True,194700
480,510,R1328,B1328,False,,False,94049
480,510,R1329,B1329,False,,False,87450
480,510,R1330,B1330,True,497.0,True,97950
480,510,R1331,B1331,False,,False,91000
480,510,R1332,B1332,True,498.0,True,97250
480,510,R1333,B1333,False,,False,94049
480,510,R1334,B1334,False,,False,91000
480,510,R1335,B1335,True,498.0,True,96700
480,510,R1336,B1336,False,,False,93600
480,510,R1337,B1337,False,,False,95400
480,510,R1338,B1338,False,,False,95500
480,510,R1339,B1339,True,501.0,False,195900
480,510,R1340,B1340,True,501.0,False,97950
480,510,R1341,B1341,True,501.0,False,193400
480,510,R1342,B1342,True,502.0,False,96250
480,510,R1343,B1343,False,,False,98250
480,510,R1344,B1344,False,,False,98149
480,510,R1345,B1345,True,503.0,False,97950
480,510,R1346,B1346,False,,False,98050
480,510,R1347,B1347,True,503.0,False,192500
480,510,R1348,B1348,False,,False,94050
480,510,R1349,B1349,False,,False,194700
480,510,R1350,B1350,False,,False,191800
480,510,R1351,B1351,True,505.0,False,193600
480,510,R1352,B1352,False,,False,97250
480,510,R1353,B1353,False,,False,95400
480,510,R1354,B1354,True,505.0,False,96250
480,510,R1355,B1355,False,,False,97450
480,510,R1356,B1356,True,505.0,False,97950
480,510,R1357,B1357,False,,False,95500
480,510,R1358,B1358,True,506.0,False,98050
480,510,R1359,B1359,False,,False,96300
480,510,R1360,B1360,False,,False,87450
480,510,R1361,B1361,True,507.0,False,196500
480,510,R1362,B1362,True,508.0,False,97950
480,510,R1363,B1363,False,,False,95800
480,510,R1364,B1364,False,,False,98400
480,510,R1365,B1365,False,,False,98250
480,510,R1366,B1366,False,,False,98050
480,510,R1367,B1367,False,,False,97250
480,510,R1368,B1368,True,510.0,False,98250
480,510,R1369,B1369,False,,False,96250
480,510,R1370,B1370,False,,False,94050
480,510,R1371,B1371,False,,False,97150
480,510,R1372,B1372,False,,False,97250
480,510,R1373,B1373,False,,False,96800
480,510,R1374,B1374,False,,False,98250
480,510,R1375,B1375,True,510.0,False,98050
480,510,R1376,B1376,False,,False,97250
500,530,R1284,B1284,False,,False,229885
500,530,R1292,B1292,False,,False,114125
500,530,R1294,B1294,False,,False,138735
500,530,R1295,B1295,False,,False,109619
500,530,R1296,B1296,False,,False,114750
500,530,R1297,B1297,False,,False,133773
500,530,R1299,B1299,False,,False,138581
500,530,R1301,B1301,False,,False,100991
500,530,R1302,B1302,False,,False,197577
500,530,R1303,B1303,False,,False,111670
500,530,R1304,B1304,False,,False,114883
500,530,R1305,B1305,False,,False,98698
500,530,R1306,B1306,False,,False,104296
500,530,R1307,B1307,False,,False,108916
500,530,R1309,B1309,False,,False,134005
500,530,R1310,B1310,False,,False,113992
500,530,R1311,B1311,False,,False,104296
500,530,R1312,B1312,False,,False,134005
500,530,R1313,B1313,False,,False,108623
500,530,R1314,B1314,False,,False,132200
500,530,R1315,B1315,False,,False,111437
500,530,R1316,B1316,False,,False,106466
500,530,R1317,B1317,False,,False,111778
500,530,R1318,B1318,False,,False,112218
500,530,R1320,B1320,False,,False,104849
500,530,R1321,B1321,False,,False,99845
500,530,R1322,B1322,False,,False,107155
500,530,R1323,B1323,False,,False,108346
500,530,R1324,B1324,False,,False,110408
500,530,R1325,B1325,False,,False,100134
500,530,R1328,B1328,False,,False,99845
500,530,R1329,B1329,False,,False,90519
500,530,R1331,B1331,False,,False,93628
500,530,R1333,B1333,False,,False,96947
500,530,R1334,B1334,False,,False,93628
500,530,R1336,B1336,False,,False,96627
500,530,R1337,B1337,False,,False,101075
500,530,R1338,B1338,False,,False,101732
500,530,R1339,B1339,True,501.0,True,204167
500,530,R1340,B1340,True,501.0,True,102309
500,530,R1341,B1341,True,501.0,True,207340
500,530,R1342,B1342,True,502.0,True,105688
500,530,R1343,B1343,False,,False,103732
500,530,R1344,B1344,True,503.0,True,103271
500,530,R1345,B1345,True,504.0,True,102083
500,530,R1346,B1346,True,503.0,True,104914
500,530,R1347,B1347,True,503.0,True,201938
500,530,R1348,B1348,False,,False,96986
500,530,R1349,B1349,False,,False,203805
500,530,R1350,B1350,True,504.0,True,196843
500,530,R1351,B1351,True,505.0,True,201668
500,530,R1352,B1352,False,,False,99997
500,530,R1353,B1353,False,,False,101075
500,530,R1354,B1354,True,505.0,True,100969
500,530,R1355,B1355,False,,False,101339
500,530,R1356,B1356,True,505.0,True,102309
500,530,R1357,B1357,False,,False,98616
500,530,R1358,B1358,False,,False,103055
500,530,R1359,B1359,False,,False,99158
500,530,R1360,B1360,False,,False,90519
500,530,R1361,B1361,True,507.0,True,210285
500,530,R1362,B1362,True,508.0,True,102013
500,530,R1363,B1363,False,,False,98980
500,530,R1364,B1364,True,508.0,True,103777
500,530,R1365,B1365,True,508.0,True,105142
500,530,R1366,B1366,True,508.0,True,101482
500,530,R1367,B1367,False,,False,100062
500,530,R1368,B1368,True,510.0,True,105142
500,530,R1369,B1369,False,,False,100969
500,530,R1370,B1370,False,,False,96986
500,530,R1371,B1371,False,,False,99956
500,530,R1372,B1372,False,,False,100062
500,530,R1373,B1373,True,510.0,True,100834
500,530,R1374,B1374,True,511.0,True,105142
500,530,R1375,B1375,True,510.0,True,103055
500,530,R1376,B1376,False,,False,100166
500,530,R1377,B1377,False,,False,98300
500,530,R1378,B1378,False,,False,97250
500,530,R1379,B1379,False,,False,98250
500,530,R1380,B1380,False,,False,95900
500,530,R1381,B1381,True,511.0,True,98050
500,530,R1382,B1382,True,512.0,True,98250
500,530,R1383,B1383,True,513.0,True,290400
500,530,R1384,B1384,True,512.0,True,195900
500,530,R1385,B1385,True,513.0,True,196100
500,530,R1386,B1386,True,512.0,True,96700
500,530,R1387,B1387,False,,False,95450
500,530,R1388,B1388,False,,False,97250
500,530,R1389,B1389,True,513.0,True,96800
500,530,R1390,B1390,False,,False,92700
500,530,R1391,B1391,True,514.0,True,97950
500,530,R1392,B1392,False,,False,95900
500,530,R1393,B1393,False,,False,93350
500,530,R1394,B1394,False,,False,96800
500,530,R1395,B1395,False,,False,97150
500,530,R1396,B1396,True,516.0,True,193600
500,530,R1397,B1397,False,,False,95400
500,530,R1398,B1398,True,515.0,True,97349
500,530,R1399,B1399,True,516.0,True,196500
500,530,R1400,B1400,True,517.0,True,97950
500,530,R1401,B1401,True,516.0,True,98250
500,530,R1402,B1402,True,518.0,True,194700
500,530,R1403,B1403,False,,False,96800
500,530,R1404,B1404,True,516.0,True,193400
500,530,R1405,B1405,False,,False,82250
500,530,R1406,B1406,False,,False,98050
500,530,R1407,B1407,True,517.0,True,96250
500,530,R1408,B1408,False,,False,96700
500,530,R1409,B1409,False,,False,98250
500,530,R1410,B1410,False,,False,95800
500,530,R1411,B1411,False,,False,98050
500,530,R1412,B1412,False,,False,95900
500,530,R1413,B1413,False,,False,94049
500,530,R1414,B1414,True,519.0,True,98250
500,530,R1415,B1415,False,,False,97150
500,530,R1416,B1416,True,519.0,True,94050
500,530,R1417,B1417,False,,False,95400
500,530,R1418,B1418,False,,False,98250
500,530,R1419,B1419,False,,False,95800
500,530,R1420,B1420,False,,False,98250
500,530,R1421,B1421,True,520.0,False,96250
500,530,R1422,B1422,False,,False,94049
500,530,R1423,B1423,False,,False,95400
500,530,R1424,B1424,False,,False,96250
500,530,R1425,B1425,False,,False,97450
500,530,R1426,B1426,True,522.0,False,96800
500,530,R1427,B1427,True,522.0,False,97950
500,530,R1428,B1428,False,,False,96250
500,530,R1429,B1429,False,,False,97350
500,530,R1430,B1430,False,,False,97450
500,530,R1431,B1431,False,,False,94500
500,530,R1432,B1432,False,,False,98250
500,530,R1433,B1433,True,523.0,False,294150
500,530,R1434,B1434,True,523.0,False,96250
500,530,R1435,B1435,True,523.0,False,188100
500,530,R1436,B1436,False,,False,97250
500,530,R1437,B1437,True,524.0,False,95400
500,530,R1438,B1438,False,,False,96800
500,530,R1439,B1439,True,525.0,False,96800
500,530,R1440,B1440,False,,False,98050
500,530,R1441,B1441,False,,False,97150
500,530,R1442,B1442,False,,False,96800
500,530,R1443,B1443,True,526.0,False,96800
500,530,R1444,B1444,True,526.0,False,97950
500,530,R1445,B1445,True,526.0,False,196500
500,530,R1446,B1446,False,,False,98050
500,530,R1447,B1447,False,,False,95900
500,530,R1448,B1448,True,526.0,False,192500
500,530,R1449,B1449,False,,False,97250
500,530,R1450,B1450,False,,False,97250
500,530,R1451,B1451,True,527.0,False,97950
500,530,R1452,B1452,False,,False,95900
500,530,R1453,B1453,False,,False,94500
500,530,R1454,B1454,False,,False,97250
500,530,R1455,B1455,False,,False,96700
500,530,R1456,B1456,False,,False,97150
500,530,R1457,B1457,True,529.0,False,96800
500,530,R1458,B1458,True,530.0,False,97950
500,530,R1459,B1459,False,,False,98050
500,530,R1460,B1460,False,,False,98050
500,530,R1461,B1461,False,,False,96250
500,530,R1462,B1462,True,529.0,False,194699
500,530,R1463,B1463,False,,False,96700
500,530,R1464,B1464,False,,False,97250
500,530,R1465,B1465,False,,False,97350
500,530,R1466,B1466,False,,False,95800
500,530,R1467,B1467,True,530.0,False,190800
500,530,R1468,B1468,False,,False,98050
520,550,R1331,B1331,False,,False,112025
520,550,R1334,B1334,False,,False,112025
520,550,R1348,B1348,False,,False,117543
520,550,R1349,B1349,False,,False,267546
520,550,R1352,B1352,False,,False,113732
520,550,R1353,B1353,False,,False,129450
520,550,R1355,B1355,False,,False,128564
520,550,R1357,B1357,False,,False,120431
520,550,R1358,B1358,False,,False,138091
520,550,R1359,B1359,False,,False,119164
520,550,R1360,B1360,False,,False,105868
520,550,R1363,B1363,False,,False,114883
520,550,R1367,B1367,False,,False,108500
520,550,R1369,B1369,False,,False,134005
520,550,R1370,B1370,False,,False,111670
520,550,R1371,B1371,False,,False,108376
520,550,R1372,B1372,False,,False,108500
520,550,R1376,B1376,False,,False,108916
520,550,R1377,B1377,False,,False,116188
520,550,R1378,B1378,False,,False,99997
520,550,R1379,B1379,False,,False,125821
520,550,R1380,B1380,False,,False,100943
520,550,R1387,B1387,False,,False,111682
520,550,R1388,B1388,False,,False,100062
520,550,R1390,B1390,False,,False,94772
520,550,R1392,B1392,False,,False,98421
520,550,R1393,B1393,False,,False,100341
520,550,R1394,B1394,False,,False,108698
520,550,R1395,B1395,False,,False,99956
520,550,R1397,B1397,False,,False,101075
520,550,R1403,B1403,False,,False,108698
520,550,R1405,B1405,False,,False,84125
520,550,R1406,B1406,False,,False,108060
520,550,R1408,B1408,False,,False,103670
520,550,R1409,B1409,False,,False,108302
520,550,R1410,B1410,False,,False,122741
520,550,R1411,B1411,False,,False,108060
520,550,R1412,B1412,False,,False,98421
520,550,R1413,B1413,False,,False,96947
520,550,R1415,B1415,False,,False,99956
520,550,R1417,B1417,False,,False,101220
520,550,R1418,B1418,False,,False,109215
520,550,R1419,B1419,False,,False,98980
520,550,R1420,B1420,False,,False,112035
520,550,R1421,B1421,False,,False,105688
520,550,R1422,B1422,False,,False,96947
520,550,R1423,B1423,False,,False,101075
520,550,R1424,B1424,False,,False,99292
520,550,R1425,B1425,False,,False,101339
520,550,R1426,B1426,False,,False,100834
520,550,R1427,B1427,False,,False,102013
520,550,R1428,B1428,False,,False,105688
520,550,R1429,B1429,False,,False,100168
520,550,R1430,B1430,False,,False,101339
520,550,R1431,B1431,False,,False,96599
520,550,R1432,B1432,False,,False,103276
520,550,R1433,B1433,False,,False,314742
520,550,R1434,B1434,False,,False,100969
520,550,R1435,B1435,False,,False,193973
520,550,R1436,B1436,False,,False,99997
520,550,R1437,B1437,False,,False,101220
520,550,R1438,B1438,False,,False,100766
520,550,R1439,B1439,False,,False,100834
520,550,R1440,B1440,False,,False,101482
520,550,R1441,B1441,False,,False,99956
520,550,R1442,B1442,False,,False,100766
520,550,R1443,B1443,False,,False,100834
520,550,R1444,B1444,False,,False,102013
520,550,R1445,B1445,False,,False,210285
520,550,R1446,B1446,False,,False,103055
520,550,R1447,B1447,False,,False,98421
520,550,R1448,B1448,False,,False,201938
520,550,R1449,B1449,False,,False,100062
520,550,R1450,B1450,False,,False,99997
520,550,R1451,B1451,False,,False,102083
520,550,R1452,B1452,False,,False,98421
520,550,R1453,B1453,False,,False,96599
520,550,R1454,B1454,False,,False,100062
520,550,R1455,B1455,False,,False,100185
520,550,R1456,B1456,False,,False,99956
520,550,R1457,B1457,False,,False,100834
520,550,R1458,B1458,False,,False,102083
520,550,R1459,B1459,False,,False,103055
520,550,R1460,B1460,False,,False,101482
520,550,R1461,B1461,False,,False,100969
520,550,R1462,B1462,False,,False,200269
520,550,R1463,B1463,False,,False,100185
520,550,R1464,B1464,False,,False,100062
520,550,R1465,B1465,False,,False,101902
520,550,R1466,B1466,False,,False,102739
520,550,R1467,B1467,False,,False,202441
520,550,R1468,B1468,False,,False,101482
520,550,R1469,B1469,False,,False,97250
520,550,R1470,B1470,False,,False,95800
520,550,R1471,B1471,False,,False,98050
520,550,R1472,B1472,False,,False,93600
520,550,R1473,B1473,False,,False,95450
520,550,R1474,B1474,False,,False,97150
520,550,R1475,B1475,False,,False,97250
520,550,R1476,B1476,False,,False,97350
520,550,R1477,B1477,False,,False,96800
520,550,R1478,B1478,False,,False,97950
520,550,R1479,B1479,False,,False,97450
520,550,R1480,B1480,False,,False,98250
520,550,R1481,B1481,False,,False,98050
520,550,R1482,B1482,False,,False,96250
520,550,R1483,B1483,False,,False,97150
520,550,R1484,B1484,False,,False,97350
520,550,R1485,B1485,False,,False,96800
520,550,R1486,B1486,False,,False,98050
520,550,R1487,B1487,False,,False,188099
520,550,R1488,B1488,False,,False,193600
520,550,R1489,B1489,False,,False,96400
520,550,R1490,B1490,False,,False,96800
520,550,R1491,B1491,False,,False,95400
520,550,R1492,B1492,False,,False,94050
520,550,R1493,B1493,False,,False,98050
520,550,R1494,B1494,False,,False,98149
520,550,R1495,B1495,False,,False,98050
520,550,R1496,B1496,False,,False,77499
520,550,R1497,B1497,False,,False,95400
520,550,R1498,B1498,False,,False,95800
520,550,R1499,B1499,False,,False,98250
520,550,R1500,B1500,False,,False,98050
520,550,R1501,B1501,False,,False,95500
520,550,R1502,B1502,False,,False,97250
520,550,R1503,B1503,False,,False,98050
520,550,R1504,B1504,False,,False,96250
520,550,R1505,B1505,False,,False,97349
520,550,R1506,B1506,False,,False,97250
520,550,R1507,B1507,False,,False,97350
520,550,R1508,B1508,False,,False,95900
520,550,R1509,B1509,False,,False,288750
520,550,R1510,B1510,False,,False,97250
520,550,R1511,B1511,False,,False,95400
520,550,R1512,B1512,False,,False,95800
520,550,R1513,B1513,False,,False,98400
520,550,R1514,B1514,False,,False,98050
520,550,R1515,B1515,False,,False,98050
520,550,R1516,B1516,False,,False,192500
520,550,R1517,B1517,False,,False,98300
520,550,R1518,B1518,False,,False,96800
520,550,R1519,B1519,False,,False,98050
520,550,R1520,B1520,False,,False,96250
520,550,R1521,B1521,False,,False,97150
520,550,R1522,B1522,False,,False,97250
520,550,R1523,B1523,False,,False,98250
520,550,R1524,B1524,False,,False,94050
520,550,R1525,B1525,False,,False,96250
520,550,R1526,B1526,False,,False,97350
520,550,R1527,B1527,False,,False,97450
520,550,R1528,B1528,False,,False,95500
520,550,R1529,B1529,False,,False,195900
520,550,R1530,B1530,False,,False,98050
520,550,R1531,B1531,False,,False,96800
520,550,R1532,B1532,False,,False,97950
520,550,R1533,B1533,False,,False,97150
520,550,R1534,B1534,False,,False,98250
520,550,R1535,B1535,False,,False,98300
520,550,R1536,B1536,False,,False,293850
520,550,R1537,B1537,False,,False,96250
520,550,R1538,B1538,False,,False,96800
520,550,R1539,B1539,False,,False,96700
520,550,R1540,B1540,False,,False,196500
520,550,R1541,B1541,False,,False,98400
520,550,R1542,B1542,False,,False,95200
520,550,R1543,B1543,False,,False,98250
520,550,R1544,B1544,False,,False,96800
520,550,R1545,B1545,False,,False,96250
520,550,R1546,B1546,False,,False,98250
520,550,R1547,B1547,False,,False,98250
520,550,R1548,B1548,False,,False,98050
520,550,R1549,B1549,False,,False,98050
520,550,R1550,B1550,False,,False,77499
540,570,R1390,B1390,False,,False,109282
540,570,R1395,B1395,False,,False,119602
540,570,R1405,B1405,False,,False,97250
540,570,R1412,B1412,False,,False,116075
540,570,R1415,B1415,False,,False,119602
540,570,R1417,B1417,False,,False,141964
540,570,R1423,B1423,False,,False,140800
540,570,R1424,B1424,False,,False,120592
540,570,R1425,B1425,False,,False,128564
540,570,R1429,B1429,False,,False,119897
540,570,R1430,B1430,False,,False,128564
540,570,R1431,B1431,False,,False,107094
540,570,R1435,B1435,False,,False,235086
540,570,R1436,B1436,False,,False,113732
540,570,R1437,B1437,False,,False,130323
540,570,R1441,B1441,False,,False,113989
540,570,R1443,B1443,False,,False,129075
540,570,R1444,B1444,False,,False,130458
540,570,R1445,B1445,False,,False,306785
540,570,R1446,B1446,False,,False,138091
540,570,R1447,B1447,False,,False,111031
540,570,R1449,B1449,False,,False,114125
540,570,R1450,B1450,False,,False,108238
540,570,R1451,B1451,False,,False,131018
540,570,R1452,B1452,False,,False,111031
540,570,R1453,B1453,False,,False,102896
540,570,R1454,B1454,False,,False,108500
540,570,R1455,B1455,False,,False,124580
540,570,R1456,B1456,False,,False,108376
540,570,R1457,B1457,False,,False,129075
540,570,R1458,B1458,False,,False,131018
540,570,R1459,B1459,False,,False,138091
540,570,R1460,B1460,False,,False,125507
540,570,R1461,B1461,False,,False,134005
540,570,R1462,B1462,False,,False,216981
540,570,R1463,B1463,False,,False,124580
540,570,R1464,B1464,False,,False,108500
540,570,R1465,B1465,False,,False,124667
540,570,R1466,B1466,False,,False,151315
540,570,R1467,B1467,False,,False,237364
540,570,R1468,B1468,False,,False,125507
540,570,R1469,B1469,False,,False,99997
540,570,R1470,B1470,False,,False,105341
540,570,R1471,B1471,False,,False,113065
540,570,R1472,B1472,False,,False,99740
540,570,R1473,B1473,False,,False,111682
540,570,R1474,B1474,False,,False,99956
540,570,R1475,B1475,False,,False,102875
540,570,R1476,B1476,False,,False,111008
540,570,R1477,B1477,False,,False,108903
540,570,R1478,B1478,False,,False,110140
540,570,R1479,B1479,False,,False,105228
540,570,R1480,B1480,False,,False,114698
540,570,R1481,B1481,False,,False,111778
540,570,R1482,B1482,False,,False,110408
540,570,R1483,B1483,False,,False,99956
540,570,R1484,B1484,False,,False,106455
540,570,R1485,B1485,False,,False,108903
540,570,R1486,B1486,False,,False,108346
540,570,R1487,B1487,False,,False,199691
540,570,R1488,B1488,False,,False,217396
540,570,R1489,B1489,False,,False,104264
540,570,R1490,B1490,False,,False,108903
540,570,R1491,B1491,False,,False,101075
540,570,R1492,B1492,False,,False,99923
540,570,R1493,B1493,False,,False,108060
540,570,R1494,B1494,True,540.0,True,113516
540,570,R1495,B1495,False,,False,108060
540,570,R1496,B1496,False,,False,79116
540,570,R1497,B1497,False,,False,101220
540,570,R1498,B1498,False,,False,98980
540,570,R1499,B1499,True,540.0,True,112035
540,570,R1500,B1500,False,,False,108060
540,570,R1501,B1501,False,,False,103083
540,570,R1502,B1502,False,,False,99997
540,570,R1503,B1503,False,,False,108060
540,570,R1504,B1504,False,,False,105688
540,570,R1505,B1505,False,,False,100134
540,570,R1506,B1506,False,,False,100062
540,570,R1507,B1507,False,,False,101902
540,570,R1508,B1508,False,,False,98421
540,570,R1509,B1509,True,540.0,True,317066
540,570,R1510,B1510,False,,False,100062
540,570,R1511,B1511,False,,False,101075
540,570,R1512,B1512,False,,False,98980
540,570,R1513,B1513,True,541.0,True,109155
540,570,R1514,B1514,False,,False,103055
540,570,R1515,B1515,True,541.0,True,104914
540,570,R1516,B1516,True,541.0,True,211377
540,570,R1517,B1517,True,542.0,True,107244
540,570,R1518,B1518,True,542.0,True,100834
540,570,R1519,B1519,True,542.0,True,104914
540,570,R1520,B1520,False,,False,105688
540,570,R1521,B1521,False,,False,99956
540,570,R1522,B1522,False,,False,100166
540,570,R1523,B1523,False,,False,105142
540,570,R1524,B1524,False,,False,96986
540,570,R1525,B1525,True,544.0,True,100969
540,570,R1526,B1526,False,,False,100168
540,570,R1527,B1527,False,,False,101339
540,570,R1528,B1528,False,,False,98616
540,570,R1529,B1529,True,545.0,True,204167
540,570,R1530,B1530,False,,False,103055
540,570,R1531,B1531,True,546.0,True,100834
540,570,R1532,B1532,True,546.0,True,102013
540,570,R1533,B1533,False,,False,99956
540,570,R1534,B1534,True,547.0,True,103276
540,570,R1535,B1535,True,547.0,True,102772
540,570,R1536,B1536,True,549.0,True,306250
540,570,R1537,B1537,False,,False,100969
540,570,R1538,B1538,False,,False,100766
540,570,R1539,B1539,False,,False,100185
540,570,R1540,B1540,True,548.0,True,207465
540,570,R1541,B1541,False,,False,103777
540,570,R1542,B1542,False,,False,97797
540,570,R1543,B1543,True,550.0,True,103276
540,570,R1544,B1544,True,549.0,True,100834
540,570,R1545,B1545,False,,False,100969
540,570,R1546,B1546,True,550.0,True,103276
540,570,R1547,B1547,False,,False,105142
540,570,R1548,B1548,False,,False,103055
540,570,R1549,B1549,True,550.0,True,101482
540,570,R1550,B1550,False,,False,79116
540,570,R1551,B1551,True,552.0,True,96800
540,570,R1552,B1552,False,,False,96250
540,570,R1553,B1553,True,553.0,True,97950
540,570,R1554,B1554,False,,False,97150
540,570,R1555,B1555,False,,False,95800
540,570,R1556,B1556,False,,False,95450
540,570,R1557,B1557,False,,False,97150
540,570,R1558,B1558,False,,False,98250
540,570,R1559,B1559,False,,False,95500
540,570,R1560,B1560,False,,False,95900
540,570,R1561,B1561,False,,False,94050
540,570,R1562,B1562,True,553.0,True,193400
540,570,R1563,B1563,True,554.0,True,98250
540,570,R1564,B1564,False,,False,95400
540,570,R1565,B1565,True,554.0,True,98050
540,570,R1566,B1566,False,,False,96800
540,570,R1567,B1567,True,556.0,True,97950
540,570,R1568,B1568,False,,False,97349
540,570,R1569,B1569,True,556.0,True,96700
540,570,R1570,B1570,False,,False,97150
540,570,R1571,B1571,False,,False,97250
540,570,R1572,B1572,False,,False,97350
540,570,R1573,B1573,False,,False,95900
540,570,R1574,B1574,False,,False,97250
540,570,R1575,B1575,False,,False,97250
540,570,R1576,B1576,False,,False,96399
540,570,R1577,B1577,False,,False,98250
540,570,R1578,B1578,False,,False,98050
540,570,R1579,B1579,False,,False,94050
540,570,R1580,B1580,False,,False,98250
540,570,R1581,B1581,True,558.0,True,294150
540,570,R1582,B1582,False,,False,97250
540,570,R1583,B1583,False,,False,98149
540,570,R1584,B1584,False,,False,98050
540,570,R1585,B1585,False,,False,96250
540,570,R1586,B1586,False,,False,94050
540,570,R1587,B1587,False,,False,95400
540,570,R1588,B1588,False,,False,97950
540,570,R1589,B1589,True,560.0,False,196100
540,570,R1590,B1590,True,560.0,False,96250
540,570,R1591,B1591,False,,False,93350
540,570,R1592,B1592,False,,False,94049
540,570,R1593,B1593,False,,False,96700
540,570,R1594,B1594,True,561.0,False,98050
540,570,R1595,B1595,True,561.0,False,98050
540,570,R1596,B1596,False,,False,95800
540,570,R1597,B1597,False,,False,96800
540,570,R1598,B1598,True,562.0,False,196600
540,570,R1599,B1599,False,,False,95800
540,570,R1600,B1600,False,,False,98400
540,570,R1601,B1601,True,562.0,False,193600
540,570,R1602,B1602,False,,False,98050
540,570,R1603,B1603,True,563.0,False,96250
540,570,R1604,B1604,False,,False,94050
540,570,R1605,B1605,True,564.0,False,294150
540,570,R1606,B1606,True,564.0,False,98050
540,570,R1607,B1607,False,,False,96250
540,570,R1608,B1608,False,,False,97350
540,570,R1609,B1609,False,,False,94049
540,570,R1610,B1610,False,,False,97250
540,570,R1611,B1611,False,,False,97250
540,570,R1612,B1612,False,,False,98050
540,570,R1613,B1613,False,,False,97349
540,570,R1614,B1614,False,,False,97250
540,570,R1615,B1615,False,,False,98250
540,570,R1616,B1616,True,566.0,False,195900
540,570,R1617,B1617,False,,False,94049
540,570,R1618,B1618,False,,False,95800
540,570,R1619,B1619,False,,False,97349
540,570,R1620,B1620,False,,False,95500
540,570,R1621,B1621,False,,False,94050
540,570,R1622,B1622,False,,False,95400
540,570,R1623,B1623,False,,False,98050
540,570,R1624,B1624,False,,False,98250
540,570,R1625,B1625,False,,False,96250
540,570,R1626,B1626,False,,False,97350
540,570,R1627,B1627,False,,False,96300
540,570,R1628,B1628,False,,False,82250
540,570,R1629,B1629,True,569.0,False,192500
540,570,R1630,B1630,False,,False,97250
540,570,R1631,B1631,False,,False,98050
540,570,R1632,B1632,False,,False,94500
540,570,R1633,B1633,False,,False,96700
540,570,R1634,B1634,False,,False,97250
540,570,R1635,B1635,False,,False,82250
560,590,R1496,B1496,False,,False,90440
560,590,R1497,B1497,False,,False,141964
560,590,R1502,B1502,False,,False,119226
560,590,R1505,B1505,False,,False,119631
560,590,R1506,B1506,False,,False,119750
560,590,R1508,B1508,False,,False,116075
560,590,R1510,B1510,False,,False,119750
560,590,R1511,B1511,False,,False,140800
560,590,R1521,B1521,False,,False,113989
560,590,R1522,B1522,False,,False,114750
560,590,R1524,B1524,False,,False,117543
560,590,R1526,B1526,False,,False,114260
560,590,R1527,B1527,False,,False,128564
560,590,R1528,B1528,False,,False,120431
560,590,R1530,B1530,False,,False,138091
560,590,R1533,B1533,False,,False,113989
560,590,R1537,B1537,False,,False,134005
560,590,R1538,B1538,False,,False,128528
560,590,R1539,B1539,False,,False,124580
560,590,R1541,B1541,False,,False,141422
560,590,R1542,B1542,False,,False,105590
560,590,R1545,B1545,False,,False,134005
560,590,R1547,B1547,False,,False,153392
560,590,R1548,B1548,False,,False,128081
560,590,R1550,B1550,False,,False,80734
560,590,R1552,B1552,False,,False,115127
560,590,R1554,B1554,False,,False,99956
560,590,R1555,B1555,False,,False,146688
560,590,R1556,B1556,False,,False,111682
560,590,R1557,B1557,False,,False,99956
560,590,R1558,B1558,False,,False,118928
560,590,R1559,B1559,False,,False,106875
560,590,R1560,B1560,False,,False,100943
560,590,R1561,B1561,False,,False,99923
560,590,R1564,B1564,False,,False,101220
560,590,R1566,B1566,False,,False,108903
560,590,R1568,B1568,False,,False,100134
560,590,R1570,B1570,False,,False,99956
560,590,R1571,B1571,False,,False,100062
560,590,R1572,B1572,False,,False,106455
560,590,R1573,B1573,False,,False,98421
560,590,R1574,B1574,False,,False,100166
560,590,R1575,B1575,False,,False,100062
560,590,R1576,B1576,False,,False,99335
560,590,R1577,B1577,False,,False,112035
560,590,R1578,B1578,True,560.0,True,108346
560,590,R1579,B1579,False,,False,96986
560,590,R1580,B1580,True,560.0,True,108302
560,590,R1582,B1582,False,,False,100166
560,590,R1583,B1583,True,560.0,True,108393
560,590,R1584,B1584,True,560.0,True,104914
560,590,R1585,B1585,False,,False,105688
560,590,R1586,B1586,False,,False,96986
560,590,R1587,B1587,False,,False,101220
560,590,R1588,B1588,False,,False,106077
560,590,R1589,B1589,True,560.0,True,206110
560,590,R1590,B1590,True,560.0,True,105688
560,590,R1591,B1591,False,,False,96845
560,590,R1592,B1592,False,,False,96947
560,590,R1593,B1593,False,,False,103670
560,590,R1594,B1594,True,561.0,True,103055
560,590,R1595,B1595,True,561.0,True,104914
560,590,R1596,B1596,False,,False,121244
560,590,R1597,B1597,False,,False,104732
560,590,R1598,B1598,True,562.0,True,214488
560,590,R1599,B1599,True,562.0,True,122741
560,590,R1600,B1600,False,,False,109155
560,590,R1601,B1601,True,562.0,True,201532
560,590,R1602,B1602,True,563.0,True,104914
560,590,R1603,B1603,True,563.0,True,100969
560,590,R1604,B1604,False,,False,96986
560,590,R1605,B1605,True,564.0,True,309165
560,590,R1606,B1606,True,564.0,True,101482
560,590,R1607,B1607,False,,False,100969
560,590,R1608,B1608,False,,False,100168
560,590,R1609,B1609,False,,False,96947
560,590,R1610,B1610,False,,False,100166
560,590,R1611,B1611,False,,False,100062
560,590,R1612,B1612,True,565.0,True,101482
560,590,R1613,B1613,False,,False,100134
560,590,R1614,B1614,False,,False,100131
560,590,R1615,B1615,False,,False,103276
560,590,R1616,B1616,True,566.0,True,204027
560,590,R1617,B1617,False,,False,96947
560,590,R1618,B1618,False,,False,98980
560,590,R1619,B1619,False,,False,100134
560,590,R1620,B1620,False,,False,98616
560,590,R1621,B1621,False,,False,96986
560,590,R1622,B1622,False,,False,101220
560,590,R1623,B1623,False,,False,103055
560,590,R1624,B1624,False,,False,103382
560,590,R1625,B1625,False,,False,100969
560,590,R1626,B1626,False,,False,100168
560,590,R1627,B1627,False,,False,99158
560,590,R1628,B1628,False,,False,84125
560,590,R1629,B1629,True,569.0,True,201938
560,590,R1630,B1630,False,,False,100062
560,590,R1631,B1631,False,,False,103055
560,590,R1632,B1632,False,,False,96599
560,590,R1633,B1633,False,,False,100185
560,590,R1634,B1634,False,,False,100166
560,590,R1635,B1635,False,,False,84125
560,590,R1636,B1636,True,571.0,True,195900
560,590,R1637,B1637,False,,False,97450
560,590,R1638,B1638,False,,False,97250
560,590,R1639,B1639,False,,False,82250
560,590,R1640,B1640,False,,False,97250
560,590,R1641,B1641,False,,False,98300
560,590,R1642,B1642,False,,False,96800
560,590,R1643,B1643,True,572.0,True,96250
560,590,R1644,B1644,False,,False,96700
560,590,R1645,B1645,False,,False,98250
560,590,R1646,B1646,True,573.0,True,97950
560,590,R1647,B1647,True,574.0,True,195900
560,590,R1648,B1648,True,574.0,True,196100
560,590,R1649,B1649,True,574.0,True,196100
560,590,R1650,B1650,False,,False,91000
560,590,R1651,B1651,False,,False,92700
560,590,R1652,B1652,True,575.0,True,98250
560,590,R1653,B1653,False,,False,97349
560,590,R1654,B1654,True,576.0,True,97950
560,590,R1655,B1655,False,,False,95500
560,590,R1656,B1656,False,,False,98250
560,590,R1657,B1657,False,,False,98149
560,590,R1658,B1658,False,,False,97250
560,590,R1659,B1659,True,578.0,True,196500
560,590,R1660,B1660,False,,False,96250
560,590,R1661,B1661,False,,False,94049
560,590,R1662,B1662,False,,False,96700
560,590,R1663,B1663,False,,False,97250
560,590,R1664,B1664,False,,False,98400
560,590,R1665,B1665,True,579.0,True,196100
560,590,R1666,B1666,False,,False,94050
560,590,R1667,B1667,False,,False,96800
560,590,R1668,B1668,True,579.0,True,193400
560,590,R1669,B1669,True,580.0,False,97950
560,590,R1670,B1670,True,580.0,False,98050
560,590,R1671,B1671,False,,False,96250
560,590,R1672,B1672,True,583.0,False,97950
560,590,R1673,B1673,False,,False,77499
560,590,R1674,B1674,False,,False,94049
560,590,R1675,B1675,True,583.0,False,98050
560,590,R1676,B1676,False,,False,95500
560,590,R1677,B1677,True,584.0,False,196100
560,590,R1678,B1678,False,,False,97250
560,590,R1679,B1679,False,,False,97250
560,590,R1680,B1680,True,585.0,False,98250
560,590,R1681,B1681,False,,False,95900
560,590,R1682,B1682,True,585.0,False,96250
560,590,R1683,B1683,False,,False,96700
560,590,R1684,B1684,False,,False,96300
560,590,R1685,B1685,True,586.0,False,98050
560,590,R1686,B1686,False,,False,98050
560,590,R1687,B1687,False,,False,94049
560,590,R1688,B1688,False,,False,96200
560,590,R1689,B1689,True,587.0,False,98250
560,590,R1690,B1690,True,589.0,False,98050
560,590,R1691,B1691,False,,False,94050
560,590,R1692,B1692,False,,False,87450
560,590,R1693,B1693,False,,False,95800
560,590,R1694,B1694,True,588.0,False,98250
560,590,R1695,B1695,True,588.0,False,96250
560,590,R1696,B1696,False,,False,95500
560,590,R1697,B1697,False,,False,94049
560,590,R1698,B1698,False,,False,89000
560,590,R1699,B1699,False,,False,98400
560,590,R1700,B1700,True,590.0,False,98250
560,590,R1701,B1701,False,,False,98250
560,590,R1702,B1702,False,,False,96250
560,590,R1703,B1703,False,,False,94050
560,590,R1704,B1704,False,,False,96700
560,590,R1705,B1705,False,,False,98250
560,590,R1706,B1706,False,,False,96700
560,590,R1707,B1707,False,,False,96300
560,590,R1708,B1708,False,,False,97350
580,610,R1570,B1570,False,,False,119602
580,610,R1574,B1574,False,,False,120583
580,610,R1575,B1575,False,,False,119750
580,610,R1582,B1582,False,,False,120583
580,610,R1587,B1587,False,,False,141964
580,610,R1604,B1604,False,,False,117543
580,610,R1608,B1608,False,,False,114260
580,610,R1609,B1609,False,,False,117233
580,610,R1610,B1610,False,,False,114750
580,610,R1611,B1611,False,,False,114125
580,610,R1613,B1613,False,,False,114060
580,610,R1614,B1614,False,,False,114536
580,610,R1615,B1615,False,,False,138458
580,610,R1617,B1617,False,,False,117233
580,610,R1618,B1618,False,,False,121244
580,610,R1619,B1619,False,,False,114060
580,610,R1620,B1620,False,,False,120431
580,610,R1621,B1621,False,,False,111670
580,610,R1622,B1622,False,,False,130323
580,610,R1623,B1623,False,,False,138091
580,610,R1624,B1624,False,,False,139313
580,610,R1625,B1625,False,,False,134005
580,610,R1626,B1626,False,,False,108623
580,610,R1627,B1627,False,,False,113448
580,610,R1628,B1628,False,,False,86000
580,610,R1630,B1630,False,,False,108500
580,610,R1631,B1631,False,,False,128081
580,610,R1632,B1632,False,,False,98698
580,610,R1633,B1633,False,,False,124580
580,610,R1634,B1634,False,,False,108916
580,610,R1635,B1635,False,,False,86000
580,610,R1637,B1637,False,,False,109118
580,610,R1638,B1638,False,,False,103012
580,610,R1639,B1639,False,,False,84125
580,610,R1640,B1640,False,,False,100062
580,610,R1641,B1641,False,,False,116188
580,610,R1642,B1642,False,,False,108903
580,610,R1644,B1644,False,,False,110640
580,610,R1645,B1645,False,,False,113328
580,610,R1650,B1650,False,,False,93628
580,610,R1651,B1651,False,,False,94772
580,610,R1653,B1653,False,,False,100134
580,610,R1655,B1655,False,,False,103083
580,610,R1656,B1656,True,580.0,True,113648
580,610,R1657,B1657,True,580.0,True,113516
580,610,R1658,B1658,False,,False,100062
580,610,R1660,B1660,False,,False,105688
580,610,R1661,B1661,False,,False,96947
580,610,R1662,B1662,False,,False,103670
580,610,R1663,B1663,False,,False,100062
580,610,R1664,B1664,False,,False,109155
580,610,R1666,B1666,False,,False,96986
580,610,R1667,B1667,False,,False,104732
580,610,R1669,B1669,True,580.0,True,106077
580,610,R1670,B1670,False,,False,103055
580,610,R1671,B1671,False,,False,105688
580,610,R1672,B1672,True,583.0,True,102083
580,610,R1673,B1673,False,,False,79116
580,610,R1674,B1674,False,,False,96947
580,610,R1675,B1675,False,,False,103055
580,610,R1676,B1676,False,,False,99291
580,610,R1677,B1677,True,584.0,True,202964
580,610,R1678,B1678,False,,False,100166
580,610,R1679,B1679,False,,False,100062
580,610,R1680,B1680,True,585.0,True,105142
580,610,R1681,B1681,False,,False,98421
580,610,R1682,B1682,True,585.0,True,100969
580,610,R1683,B1683,False,,False,100185
580,610,R1684,B1684,False,,False,100667
580,610,R1685,B1685,False,,False,103055
580,610,R1686,B1686,False,,False,102670
580,610,R1687,B1687,False,,False,96947
580,610,R1688,B1688,False,,False,98766
580,610,R1689,B1689,True,588.0,True,105142
580,610,R1690,B1690,False,,False,103055
580,610,R1691,B1691,False,,False,96986
580,610,R1692,B1692,False,,False,90519
580,610,R1693,B1693,False,,False,98980
580,610,R1694,B1694,False,,False,105142
580,610,R1695,B1695,True,588.0,True,100969
580,610,R1696,B1696,False,,False,98616
580,610,R1697,B1697,False,,False,96947
580,610,R1698,B1698,False,,False,92095
580,610,R1699,B1699,True,593.0,True,103777
580,610,R1700,B1700,False,,False,105142
580,610,R1701,B1701,True,592.0,True,103382
580,610,R1702,B1702,False,,False,100969
580,610,R1703,B1703,False,,False,96986
580,610,R1704,B1704,False,,False,100185
580,610,R1705,B1705,False,,False,103382
580,610,R1706,B1706,False,,False,100185
580,610,R1707,B1707,True,590.0,True,99158
580,610,R1708,B1708,False,,False,101902
580,610,R1709,B1709,True,591.0,True,98250
580,610,R1710,B1710,False,,False,98050
580,610,R1711,B1711,False,,False,97349
580,610,R1712,B1712,False,,False,97150
580,610,R1713,B1713,False,,False,94050
580,610,R1714,B1714,True,591.0,True,193600
580,610,R1715,B1715,False,,False,97250
580,610,R1716,B1716,True,592.0,True,192500
580,610,R1717,B1717,True,593.0,True,96300
580,610,R1718,B1718,True,592.0,True,194500
580,610,R1719,B1719,False,,False,97250
580,610,R1720,B1720,True,594.0,True,98250
580,610,R1721,B1721,True,593.0,True,98250
580,610,R1722,B1722,False,,False,98050
580,610,R1723,B1723,False,,False,96250
580,610,R1724,B1724,True,595.0,True,194500
580,610,R1725,B1725,False,,False,97350
580,610,R1726,B1726,False,,False,77499
580,610,R1727,B1727,False,,False,98300
580,610,R1728,B1728,False,,False,97250
580,610,R1729,B1729,False,,False,95500
580,610,R1730,B1730,False,,False,94049
580,610,R1731,B1731,False,,False,96400
580,610,R1732,B1732,False,,False,97250
580,610,R1733,B1733,True,596.0,True,98250
580,610,R1734,B1734,False,,False,97950
580,610,R1735,B1735,False,,False,95900
580,610,R1736,B1736,True,595.0,True,96250
580,610,R1737,B1737,False,,False,89300
580,610,R1738,B1738,False,,False,96200
580,610,R1739,B1739,True,596.0,True,193400
580,610,R1740,B1740,False,,False,97250
580,610,R1741,B1741,False,,False,98050
580,610,R1742,B1742,False,,False,98250
580,610,R1743,B1743,False,,False,96250
580,610,R1744,B1744,False,,False,97349
580,610,R1745,B1745,False,,False,97250
580,610,R1746,B1746,False,,False,98250
580,610,R1747,B1747,False,,False,96250
580,610,R1748,B1748,False,,False,93350
580,610,R1749,B1749,False,,False,96200
580,610,R1750,B1750,False,,False,97350
580,610,R1751,B1751,False,,False,95400
580,610,R1752,B1752,True,599.0,True,195900
580,610,R1753,B1753,False,,False,97250
580,610,R1754,B1754,False,,False,98050
580,610,R1755,B1755,False,,False,97150
580,610,R1756,B1756,False,,False,97250
580,610,R1757,B1757,False,,False,98300
580,610,R1758,B1758,False,,False,95200
580,610,R1759,B1759,False,,False,97349
580,610,R1760,B1760,False,,False,96200
580,610,R1761,B1761,False,,False,97250
580,610,R1762,B1762,False,,False,95800
580,610,R1763,B1763,False,,False,98250
580,610,R1764,B1764,False,,False,97350
580,610,R1765,B1765,False,,False,95500
580,610,R1766,B1766,False,,False,96200
580,610,R1767,B1767,False,,False,97250
580,610,R1768,B1768,False,,False,77499
580,610,R1769,B1769,True,603.0,False,195900
580,610,R1770,B1770,False,,False,95900
580,610,R1771,B1771,False,,False,97349
580,610,R1772,B1772,False,,False,94050
580,610,R1773,B1773,True,603.0,False,96700
580,610,R1774,B1774,False,,False,98149
580,610,R1775,B1775,True,604.0,False,97950
580,610,R1776,B1776,False,,False,98050
580,610,R1777,B1777,False,,False,96400
580,610,R1778,B1778,False,,False,98050
580,610,R1779,B1779,False,,False,96200
580,610,R1780,B1780,False,,False,97250
580,610,R1781,B1781,True,607.0,False,195900
580,610,R1782,B1782,True,606.0,False,96700
580,610,R1783,B1783,False,,False,96200
580,610,R1784,B1784,False,,False,98250
580,610,R1785,B1785,False,,False,97950
580,610,R1786,B1786,False,,False,98250
580,610,R1787,B1787,True,607.0,False,98050
580,610,R1788,B1788,False,,False,96250
580,610,R1789,B1789,True,607.0,False,96250
580,610,R1790,B1790,False,,False,95800
580,610,R1791,B1791,False,,False,96400
580,610,R1792,B1792,False,,False,97350
580,610,R1793,B1793,False,,False,96800
580,610,R1794,B1794,False,,False,96700
580,610,R1795,B1795,False,,False,93600
580,610,R1796,B1796,False,,False,95800
580,610,R1797,B1797,True,609.0,False,192500
580,610,R1798,B1798,True,610.0,False,196100
580,610,R1799,B1799,True,610.0,False,192500
580,610,R1800,B1800,False,,False,97450
580,610,R1801,B1801,False,,False,96700
580,610,R1802,B1802,False,,False,96300
600,630,R1651,B1651,False,,False,109282
600,630,R1658,B1658,False,,False,119750
600,630,R1663,B1663,False,,False,119750
600,630,R1673,B1673,False,,False,87204
600,630,R1674,B1674,False,,False,117233
600,630,R1676,B1676,False,,False,125833
600,630,R1678,B1678,False,,False,114750
600,630,R1679,B1679,False,,False,114125
600,630,R1681,B1681,False,,False,111031
600,630,R1684,B1684,False,,False,131243
600,630,R1685,B1685,False,,False,138091
600,630,R1686,B1686,False,,False,135011
600,630,R1687,B1687,False,,False,117233
600,630,R1688,B1688,False,,False,111600
600,630,R1690,B1690,False,,False,138091
600,630,R1691,B1691,False,,False,111670
600,630,R1692,B1692,False,,False,105868
600,630,R1693,B1693,False,,False,114883
600,630,R1694,B1694,False,,False,153392
600,630,R1696,B1696,False,,False,120431
600,630,R1697,B1697,False,,False,111437
600,630,R1698,B1698,False,,False,101380
600,630,R1700,B1700,False,,False,153392
600,630,R1702,B1702,False,,False,134005
600,630,R1703,B1703,False,,False,111670
600,630,R1704,B1704,False,,False,124580
600,630,R1705,B1705,False,,False,139313
600,630,R1706,B1706,False,,False,124580
600,630,R1708,B1708,False,,False,124667
600,630,R1710,B1710,False,,False,113065
600,630,R1711,B1711,False,,False,102919
600,630,R1712,B1712,False,,False,102763
600,630,R1713,B1713,False,,False,99923
600,630,R1715,B1715,False,,False,100062
600,630,R1719,B1719,False,,False,100062
600,630,R1722,B1722,False,,False,113065
600,630,R1723,B1723,False,,False,110408
600,630,R1725,B1725,False,,False,106455
600,630,R1726,B1726,False,,False,79116
600,630,R1727,B1727,False,,False,111716
600,630,R1728,B1728,False,,False,99997
600,630,R1729,B1729,False,,False,101732
600,630,R1730,B1730,False,,False,99845
600,630,R1731,B1731,False,,False,106945
600,630,R1732,B1732,False,,False,100062
600,630,R1734,B1734,False,,False,106217
600,630,R1735,B1735,False,,False,98421
600,630,R1737,B1737,False,,False,92419
600,630,R1738,B1738,False,,False,98766
600,630,R1740,B1740,False,,False,100062
600,630,R1741,B1741,False,,False,108060
600,630,R1742,B1742,False,,False,108515
600,630,R1743,B1743,False,,False,110408
600,630,R1744,B1744,False,,False,100134
600,630,R1745,B1745,False,,False,100131
600,630,R1746,B1746,False,,False,108515
600,630,R1747,B1747,False,,False,105688
600,630,R1748,B1748,False,,False,96845
600,630,R1749,B1749,False,,False,98766
600,630,R1750,B1750,False,,False,101902
600,630,R1751,B1751,False,,False,101075
600,630,R1753,B1753,False,,False,99997
600,630,R1754,B1754,False,,False,104914
600,630,R1755,B1755,False,,False,99956
600,630,R1756,B1756,False,,False,100166
600,630,R1757,B1757,False,,False,107244
600,630,R1758,B1758,False,,False,97827
600,630,R1759,B1759,False,,False,100134
600,630,R1760,B1760,False,,False,98766
600,630,R1761,B1761,False,,False,100062
600,630,R1762,B1762,False,,False,98980
600,630,R1763,B1763,False,,False,105142
600,630,R1764,B1764,False,,False,100168
600,630,R1765,B1765,False,,False,98616
600,630,R1766,B1766,False,,False,98766
600,630,R1767,B1767,False,,False,100166
600,630,R1768,B1768,False,,False,79116
600,630,R1769,B1769,False,,False,204167
600,630,R1770,B1770,False,,False,98421
600,630,R1771,B1771,False,,False,100134
600,630,R1772,B1772,False,,False,96986
600,630,R1773,B1773,False,,False,100185
600,630,R1774,B1774,False,,False,103271
600,630,R1775,B1775,False,,False,102013
600,630,R1776,B1776,False,,False,103055
600,630,R1777,B1777,False,,False,99622
600,630,R1778,B1778,False,,False,101482
600,630,R1779,B1779,False,,False,98766
600,630,R1780,B1780,False,,False,100131
600,630,R1781,B1781,False,,False,204027
600,630,R1782,B1782,False,,False,100185
600,630,R1783,B1783,False,,False,98766
600,630,R1784,B1784,False,,False,103276
600,630,R1785,B1785,False,,False,102083
600,630,R1786,B1786,False,,False,105142
600,630,R1787,B1787,False,,False,103055
600,630,R1788,B1788,False,,False,99292
600,630,R1789,B1789,False,,False,100969
600,630,R1790,B1790,False,,False,108522
600,630,R1791,B1791,False,,False,101672
600,630,R1792,B1792,False,,False,101902
600,630,R1793,B1793,False,,False,100766
600,630,R1794,B1794,False,,False,100185
600,630,R1795,B1795,False,,False,96627
600,630,R1796,B1796,False,,False,98980
600,630,R1797,B1797,False,,False,201938
600,630,R1798,B1798,False,,False,206110
600,630,R1799,B1799,False,,False,201938
600,630,R1800,B1800,False,,False,101339
600,630,R1801,B1801,False,,False,100185
600,630,R1802,B1802,False,,False,99158
600,630,R1803,B1803,False,,False,96200
600,630,R1804,B1804,False,,False,97250
600,630,R1805,B1805,False,,False,98400
600,630,R1806,B1806,False,,False,96400
600,630,R1807,B1807,False,,False,386800
600,630,R1808,B1808,False,,False,95400
600,630,R1809,B1809,False,,False,98250
600,630,R1810,B1810,False,,False,97349
600,630,R1811,B1811,False,,False,94050
600,630,R1812,B1812,False,,False,95400
600,630,R1813,B1813,False,,False,98149
600,630,R1814,B1814,False,,False,98050
600,630,R1815,B1815,False,,False,95500
600,630,R1816,B1816,False,,False,98400
600,630,R1817,B1817,False,,False,98050
600,630,R1818,B1818,False,,False,94500
600,630,R1819,B1819,False,,False,98250
600,630,R1820,B1820,False,,False,97950
600,630,R1821,B1821,False,,False,98250
600,630,R1822,B1822,False,,False,98050
600,630,R1823,B1823,False,,False,97950
600,630,R1824,B1824,False,,False,96700
600,630,R1825,B1825,False,,False,93600
600,630,R1826,B1826,False,,False,97250
600,630,R1827,B1827,False,,False,96800
600,630,R1828,B1828,False,,False,196100
600,630,R1829,B1829,False,,False,94050
600,630,R1830,B1830,False,,False,97250
600,630,R1831,B1831,False,,False,97950
600,630,R1832,B1832,False,,False,96250
600,630,R1833,B1833,False,,False,96250
600,630,R1834,B1834,False,,False,188099
600,630,R1835,B1835,False,,False,98250
600,630,R1836,B1836,False,,False,97950
600,630,R1837,B1837,False,,False,98250
600,630,R1838,B1838,False,,False,96250
600,630,R1839,B1839,False,,False,98250
600,630,R1840,B1840,False,,False,98050
600,630,R1841,B1841,False,,False,294150
600,630,R1842,B1842,False,,False,95500
600,630,R1843,B1843,False,,False,94049
600,630,R1844,B1844,False,,False,97250
600,630,R1845,B1845,False,,False,195900
600,630,R1846,B1846,False,,False,95800
600,630,R1847,B1847,False,,False,98050
600,630,R1848,B1848,False,,False,97349
600,630,R1849,B1849,False,,False,193600
600,630,R1850,B1850,False,,False,77499
600,630,R1851,B1851,False,,False,98300
600,630,R1852,B1852,False,,False,96800
600,630,R1853,B1853,False,,False,97950
600,630,R1854,B1854,False,,False,98250
600,630,R1855,B1855,False,,False,98050
600,630,R1856,B1856,False,,False,94049
600,630,R1857,B1857,False,,False,96700
600,630,R1858,B1858,False,,False,98250
600,630,R1859,B1859,False,,False,98149
600,630,R1860,B1860,False,,False,196100
600,630,R1861,B1861,False,,False,97950
600,630,R1862,B1862,False,,False,94500
600,630,R1863,B1863,False,,False,290100
600,630,R1864,B1864,False,,False,98250
600,630,R1865,B1865,False,,False,95800
600,630,R1866,B1866,False,,False,98250
600,630,R1867,B1867,False,,False,98050
600,630,R1868,B1868,False,,False,97150
600,630,R1869,B1869,False,,False,95400
600,630,R1870,B1870,False,,False,188099
600,630,R1871,B1871,False,,False,96300
600,630,R1872,B1872,False,,False,96700
600,630,R1873,B1873,False,,False,194500
600,630,R1874,B1874,False,,False,96400
600,630,R1875,B1875,False,,False,97250
600,630,R1876,B1876,False,,False,98300
600,630,R1877,B1877,False,,False,95800
600,630,R1878,B1878,False,,False,98050
600,630,R1879,B1879,False,,False,95500
600,630,R1880,B1880,False,,False,98050
600,630,R1881,B1881,False,,False,97950
600,630,R1882,B1882,False,,False,97350
600,630,R1883,B1883,False,,False,98300
600,630,R1884,B1884,False,,False,97250
600,630,R1885,B1885,False,,False,97950
600,630,R1886,B1886,False,,False,98050
600,630,R1887,B1887,False,,False,194300
600,630,R1888,B1888,False,,False,94049
600,630,R1889,B1889,False,,False,96300
600,630,R1890,B1890,False,,False,98149
600,630,R1891,B1891,False,,False,95900
600,630,R1892,B1892,False,,False,96800
600,630,R1893,B1893,False,,False,96700
600,630,R1894,B1894,False,,False,87450
600,630,R1895,B1895,False,,False,97250
600,630,R1896,B1896,False,,False,97350
600,630,R1897,B1897,False,,False,98250
600,630,R1898,B1898,False,,False,95800
600,630,R1899,B1899,False,,False,95400
600,630,R1900,B1900,False,,False,196100
600,630,R1901,B1901,False,,False,82250
600,630,R1902,B1902,False,,False,98300
600,630,R1903,B1903,False,,False,95800
600,630,R1904,B1904,False,,False,98250
600,630,R1905,B1905,False,,False,98149
600,630,R1906,B1906,False,,False,193400
600,630,R1907,B1907,False,,False,93600
600,630,R1908,B1908,False,,False,95800
600,630,R1909,B1909,False,,False,97950
600,630,R1910,B1910,False,,False,98050
600,630,R1911,B1911,False,,False,96700
620,650,R1726,B1726,False,,False,90440
620,650,R1740,B1740,False,,False,119750
620,650,R1745,B1745,False,,False,120298
620,650,R1753,B1753,False,,False,119226
620,650,R1755,B1755,False,,False,113989
620,650,R1756,B1756,False,,False,120583
620,650,R1758,B1758,False,,False,116223
620,650,R1759,B1759,False,,False,119631
620,650,R1760,B1760,False,,False,116733
620,650,R1761,B1761,False,,False,114125
620,650,R1762,B1762,False,,False,121244
620,650,R1764,B1764,False,,False,119897
620,650,R1766,B1766,False,,False,116733
620,650,R1767,B1767,False,,False,114750
620,650,R1768,B1768,False,,False,87204
620,650,R1770,B1770,False,,False,116075
620,650,R1771,B1771,False,,False,119631
620,650,R1772,B1772,False,,False,117543
620,650,R1776,B1776,False,,False,138091
620,650,R1777,B1777,False,,False,122177
620,650,R1779,B1779,False,,False,111600
620,650,R1780,B1780,False,,False,114536
620,650,R1781,B1781,False,,False,260916
620,650,R1783,B1783,False,,False,111600
620,650,R1784,B1784,False,,False,138458
620,650,R1785,B1785,False,,False,131018
620,650,R1786,B1786,False,,False,153392
620,650,R1787,B1787,False,,False,138091
620,650,R1788,B1788,False,,False,108421
620,650,R1789,B1789,False,,False,134005
620,650,R1790,B1790,False,,False,197577
620,650,R1791,B1791,False,,False,138581
620,650,R1792,B1792,False,,False,124667
620,650,R1793,B1793,False,,False,128528
620,650,R1794,B1794,False,,False,124580
620,650,R1795,B1795,False,,False,111766
620,650,R1796,B1796,False,,False,114883
620,650,R1797,B1797,False,,False,268010
620,650,R1798,B1798,False,,False,256162
620,650,R1799,B1799,False,,False,268010
620,650,R1800,B1800,False,,False,120786
620,650,R1801,B1801,False,,False,124580
620,650,R1802,B1802,False,,False,113448
620,650,R1803,B1803,False,,False,101333
620,650,R1804,B1804,False,,False,100062
620,650,R1805,B1805,False,,False,119911
620,650,R1806,B1806,False,,False,112218
620,650,R1807,B1807,False,,False,442561
620,650,R1808,B1808,False,,False,106750
620,650,R1809,B1809,False,,False,113648
620,650,R1810,B1810,False,,False,102919
620,650,R1811,B1811,False,,False,99923
620,650,R1812,B1812,False,,False,107041
620,650,R1813,B1813,False,,False,113516
620,650,R1814,B1814,False,,False,113065
620,650,R1815,B1815,False,,False,103083
620,650,R1816,B1816,False,,False,114533
620,650,R1817,B1817,False,,False,108060
620,650,R1818,B1818,False,,False,96599
620,650,R1819,B1819,False,,False,113328
620,650,R1820,B1820,False,,False,106077
620,650,R1821,B1821,False,,False,118928
620,650,R1822,B1822,False,,False,108060
620,650,R1823,B1823,False,,False,106512
620,650,R1824,B1824,False,,False,107155
620,650,R1825,B1825,False,,False,99655
620,650,R1826,B1826,False,,False,100062
620,650,R1827,B1827,False,,False,104868
620,650,R1828,B1828,False,,False,216120
620,650,R1829,B1829,False,,False,96986
620,650,R1830,B1830,False,,False,100062
620,650,R1831,B1831,False,,False,106077
620,650,R1832,B1832,False,,False,99292
620,650,R1833,B1833,False,,False,105688
620,650,R1834,B1834,False,,False,193895
620,650,R1835,B1835,False,,False,108302
620,650,R1836,B1836,False,,False,106217
620,650,R1837,B1837,False,,False,108515
620,650,R1838,B1838,False,,False,105688
620,650,R1839,B1839,False,,False,108302
620,650,R1840,B1840,False,,False,103055
620,650,R1841,B1841,False,,False,314742
620,650,R1842,B1842,False,,False,98616
620,650,R1843,B1843,False,,False,96947
620,650,R1844,B1844,False,,False,100166
620,650,R1845,B1845,False,,False,204167
620,650,R1846,B1846,False,,False,98980
620,650,R1847,B1847,False,,False,104914
620,650,R1848,B1848,False,,False,100134
620,650,R1849,B1849,False,,False,209464
620,650,R1850,B1850,False,,False,79116
620,650,R1851,B1851,False,,False,107244
620,650,R1852,B1852,False,,False,100834
620,650,R1853,B1853,False,,False,102013
620,650,R1854,B1854,False,,False,105142
620,650,R1855,B1855,False,,False,104914
620,650,R1856,B1856,False,,False,96947
620,650,R1857,B1857,False,,False,100185
620,650,R1858,B1858,False,,False,103276
620,650,R1859,B1859,False,,False,103271
620,650,R1860,B1860,False,,False,202964
620,650,R1861,B1861,False,,False,102309
620,650,R1862,B1862,False,,False,96599
620,650,R1863,B1863,False,,False,300555
620,650,R1864,B1864,False,,False,106866
620,650,R1865,B1865,False,,False,109270
620,650,R1866,B1866,False,,False,103732
620,650,R1867,B1867,False,,False,101482
620,650,R1868,B1868,False,,False,99956
620,650,R1869,B1869,False,,False,98788
620,650,R1870,B1870,False,,False,193895
620,650,R1871,B1871,False,,False,100361
620,650,R1872,B1872,False,,False,100185
620,650,R1873,B1873,False,,False,200333
620,650,R1874,B1874,False,,False,99622
620,650,R1875,B1875,False,,False,100062
620,650,R1876,B1876,False,,False,102772
620,650,R1877,B1877,False,,False,109270
620,650,R1878,B1878,False,,False,103055
620,650,R1879,B1879,False,,False,99291
620,650,R1880,B1880,False,,False,101482
620,650,R1881,B1881,False,,False,102309
620,650,R1882,B1882,False,,False,101902
620,650,R1883,B1883,False,,False,102772
620,650,R1884,B1884,False,,False,99997
620,650,R1885,B1885,False,,False,102013
620,650,R1886,B1886,False,,False,101482
620,650,R1887,B1887,False,,False,199913
620,650,R1888,B1888,False,,False,96947
620,650,R1889,B1889,False,,False,99158
620,650,R1890,B1890,False,,False,103271
620,650,R1891,B1891,False,,False,98421
620,650,R1892,B1892,False,,False,100766
620,650,R1893,B1893,False,,False,100185
620,650,R1894,B1894,False,,False,90519
620,650,R1895,B1895,False,,False,100131
620,650,R1896,B1896,False,,False,101902
620,650,R1897,B1897,False,,False,106866
620,650,R1898,B1898,False,,False,109270
620,650,R1899,B1899,False,,False,101220
620,650,R1900,B1900,False,,False,202964
620,650,R1901,B1901,False,,False,84125
620,650,R1902,B1902,False,,False,102772
620,650,R1903,B1903,False,,False,109270
620,650,R1904,B1904,False,,False,103732
620,650,R1905,B1905,False,,False,103271
620,650,R1906,B1906,False,,False,200370
620,650,R1907,B1907,False,,False,96670
620,650,R1908,B1908,False,,False,109270
620,650,R1909,B1909,False,,False,102013
620,650,R1910,B1910,False,,False,103055
620,650,R1911,B1911,False,,False,100185
620,650,R1912,B1912,False,,False,98250
620,650,R1913,B1913,False,,False,96800
620,650,R1914,B1914,False,,False,98250
620,650,R1915,B1915,False,,False,98050
620,650,R1916,B1916,False,,False,98050
620,650,R1917,B1917,False,,False,98250
620,650,R1918,B1918,False,,False,96250
620,650,R1919,B1919,False,,False,194699
620,650,R1920,B1920,False,,False,96700
620,650,R1921,B1921,False,,False,95200
620,650,R1922,B1922,False,,False,95500
620,650,R1923,B1923,False,,False,98050
620,650,R1924,B1924,False,,False,93350
620,650,R1925,B1925,False,,False,97450
620,650,R1926,B1926,False,,False,94049
620,650,R1927,B1927,False,,False,93600
620,650,R1928,B1928,False,,False,98300
620,650,R1929,B1929,False,,False,98250
620,650,R1930,B1930,False,,False,97349
620,650,R1931,B1931,False,,False,97950
620,650,R1932,B1932,False,,False,96800
620,650,R1933,B1933,False,,False,97250
620,650,R1934,B1934,False,,False,98300
620,650,R1935,B1935,False,,False,96800
620,650,R1936,B1936,False,,False,98250
620,650,R1937,B1937,False,,False,95900
620,650,R1938,B1938,False,,False,96250
620,650,R1939,B1939,False,,False,98050
620,650,R1940,B1940,False,,False,192500
620,650,R1941,B1941,False,,False,96700
620,650,R1942,B1942,False,,False,93600
620,650,R1943,B1943,False,,False,97250
620,650,R1944,B1944,False,,False,95800
620,650,R1945,B1945,False,,False,98050
620,650,R1946,B1946,False,,False,287700
620,650,R1947,B1947,False,,False,98250
620,650,R1948,B1948,False,,False,96250
620,650,R1949,B1949,False,,False,98050
620,650,R1950,B1950,False,,False,87450
620,650,R1951,B1951,False,,False,95500
620,650,R1952,B1952,False,,False,96250
620,650,R1953,B1953,False,,False,98050
620,650,R1954,B1954,False,,False,97450
620,650,R1955,B1955,False,,False,95800
620,650,R1956,B1956,False,,False,193400
620,650,R1957,B1957,False,,False,93650
620,650,R1958,B1958,False,,False,94450
620,650,R1959,B1959,False,,False,97250
620,650,R1960,B1960,False,,False,98300
620,650,R1961,B1961,False,,False,97950
620,650,R1962,B1962,False,,False,98050
620,650,R1963,B1963,False,,False,98250
620,650,R1964,B1964,False,,False,95500
620,650,R1965,B1965,False,,False,96800
620,650,R1966,B1966,False,,False,96300
620,650,R1967,B1967,False,,False,77499
620,650,R1968,B1968,False,,False,98300
620,650,R1969,B1969,False,,False,95800
620,650,R1970,B1970,False,,False,196299
620,650,R1971,B1971,False,,False,97950
620,650,R1972,B1972,False,,False,196100
620,650,R1973,B1973,False,,False,94049
620,650,R1974,B1974,False,,False,93600
620,650,R1975,B1975,False,,False,98300
620,650,R1976,B1976,False,,False,196500
620,650,R1977,B1977,False,,False,98050
620,650,R1978,B1978,False,,False,98250
620,650,R1979,B1979,False,,False,96700
620,650,R1980,B1980,False,,False,98250
620,650,R1981,B1981,False,,False,191600
620,650,R1982,B1982,False,,False,196100
620,650,R1983,B1983,False,,False,98050
620,650,R1984,B1984,False,,False,193400
620,650,R1985,B1985,False,,False,97250
620,650,R1986,B1986,False,,False,98250
620,650,R1987,B1987,False,,False,95800
620,650,R1988,B1988,False,,False,98250
620,650,R1989,B1989,False,,False,195900
620,650,R1990,B1990,False,,False,95500
620,650,R1991,B1991,False,,False,96700
620,650,R1992,B1992,False,,False,87450
620,650,R1993,B1993,False,,False,97250
620,650,R1994,B1994,False,,False,293850
620,650,R1995,B1995,False,,False,96800
620,650,R1996,B1996,False,,False,96700
620,650,R1997,B1997,False,,False,96300
620,650,R1998,B1998,False,,False,97250
620,650,R1999,B1999,False,,False,191600
620,650,R2000,B2000,False,,False,97349
620,650,R2001,B2001,False,,False,97150
620,650,R2002,B2002,False,,False,96700
620,650,R2003,B2003,False,,False,97250
620,650,R2004,B2004,False,,False,82250
620,650,R2005,B2005,False,,False,97950
620,650,R2006,B2006,False,,False,95800
620,650,R2007,B2007,False,,False,94049
620,650,R2008,B2008,False,,False,193400
620,650,R2009,B2009,False,,False,95800
620,650,R2010,B2010,False,,False,97349
620,650,R2011,B2011,False,,False,187300
620,650,R2012,B2012,False,,False,95800
620,650,R2013,B2013,False,,False,97950
620,650,R2014,B2014,False,,False,95900
620,650,R2015,B2015,False,,False,94049
620,650,R2016,B2016,False,,False,98250
620,650,R2017,B2017,False,,False,95400
620,650,R2018,B2018,False,,False,98250
620,650,R2019,B2019,False,,False,98050
620,650,R2020,B2020,False,,False,93650
620,650,R2021,B2021,False,,False,94450
620,650,R2022,B2022,False,,False,98300
620,650,R2023,B2023,False,,False,98250
620,650,R2024,B2024,False,,False,97950
620,650,R2025,B2025,False,,False,97350
620,650,R2026,B2026,False,,False,91000
620,650,R2027,B2027,False,,False,97250
620,650,R2028,B2028,False,,False,96400
620,650,R2029,B2029,False,,False,97250
620,650,R2030,B2030,False,,False,96250
620,650,R2031,B2031,False,,False,93350
620,650,R2032,B2032,False,,False,96700
620,650,R2033,B2033,False,,False,97150
620,650,R2034,B2034,False,,False,77499
620,650,R2035,B2035,False,,False,196600
620,650,R2036,B2036,False,,False,95400
620,650,R2037,B2037,False,,False,98149
620,650,R2038,B2038,False,,False,95800
620,650,R2039,B2039,False,,False,96800
620,650,R2040,B2040,False,,False,93600
620,650,R2041,B2041,False,,False,87450
640,670,R1818,B1818,False,,False,111292
640,670,R1826,B1826,False,,False,119750
640,670,R1830,B1830,False,,False,119750
640,670,R1832,B1832,False,,False,120592
640,670,R1844,B1844,False,,False,120583
640,670,R1846,B1846,False,,False,121244
640,670,R1848,B1848,False,,False,119631
640,670,R1850,B1850,False,,False,87204
640,670,R1856,B1856,False,,False,117233
640,670,R1862,B1862,False,,False,102896
640,670,R1868,B1868,False,,False,113989
640,670,R1869,B1869,False,,False,122504
640,670,R1870,B1870,False,,False,234467
640,670,R1871,B1871,False,,False,128791
640,670,R1873,B1873,False,,False,229500
640,670,R1874,B1874,False,,False,122177
640,670,R1875,B1875,False,,False,114125
640,670,R1878,B1878,False,,False,138091
640,670,R1879,B1879,False,,False,125833
640,670,R1881,B1881,False,,False,132822
640,670,R1882,B1882,False,,False,133773
640,670,R1884,B1884,False,,False,113732
640,670,R1885,B1885,False,,False,130458
640,670,R1887,B1887,False,,False,227978
640,670,R1888,B1888,False,,False,117233
640,670,R1889,B1889,False,,False,119164
640,670,R1890,B1890,False,,False,139127
640,670,R1891,B1891,False,,False,111031
640,670,R1892,B1892,False,,False,128528
640,670,R1893,B1893,False,,False,124580
640,670,R1894,B1894,False,,False,105868
640,670,R1895,B1895,False,,False,108774
640,670,R1896,B1896,False,,False,124667
640,670,R1897,B1897,False,,False,167178
640,670,R1898,B1898,False,,False,203564
640,670,R1899,B1899,False,,False,118682
640,670,R1900,B1900,False,,False,251014
640,670,R1901,B1901,False,,False,86000
640,670,R1902,B1902,False,,False,134077
640,670,R1903,B1903,False,,False,203564
640,670,R1904,B1904,False,,False,142113
640,670,R1905,B1905,False,,False,139127
640,670,R1906,B1906,False,,False,249161
640,670,R1907,B1907,False,,False,112022
640,670,R1908,B1908,False,,False,203564
640,670,R1909,B1909,False,,False,130458
640,670,R1910,B1910,False,,False,128081
640,670,R1911,B1911,False,,False,124580
640,670,R1912,B1912,False,,False,118354
640,670,R1913,B1913,False,,False,112937
640,670,R1914,B1914,False,,False,125821
640,670,R1915,B1915,False,,False,113065
640,670,R1916,B1916,False,,False,111778
640,670,R1917,B1917,False,,False,118781
640,670,R1918,B1918,False,,False,115127
640,670,R1919,B1919,False,,False,205840
640,670,R1920,B1920,False,,False,110640
640,670,R1921,B1921,False,,False,97827
640,670,R1922,B1922,False,,False,106875
640,670,R1923,B1923,False,,False,111778
640,670,R1924,B1924,False,,False,100341
640,670,R1925,B1925,False,,False,105228
640,670,R1926,B1926,False,,False,99845
640,670,R1927,B1927,False,,False,99655
640,670,R1928,B1928,False,,False,111716
640,670,R1929,B1929,False,,False,114698
640,670,R1930,B1930,False,,False,100134
640,670,R1931,B1931,False,,False,111027
640,670,R1932,B1932,False,,False,108698
640,670,R1933,B1933,False,,False,100062
640,670,R1934,B1934,False,,False,111716
640,670,R1935,B1935,False,,False,108903
640,670,R1936,B1936,False,,False,114698
640,670,R1937,B1937,False,,False,98421
640,670,R1938,B1938,False,,False,99292
640,670,R1939,B1939,False,,False,108346
640,670,R1940,B1940,False,,False,220816
640,670,R1941,B1941,False,,False,107155
640,670,R1942,B1942,False,,False,99655
640,670,R1943,B1943,False,,False,100062
640,670,R1944,B1944,False,,False,136211
640,670,R1945,B1945,False,,False,108060
640,670,R1946,B1946,False,,False,295265
640,670,R1947,B1947,False,,False,113648
640,670,R1948,B1948,False,,False,110408
640,670,R1949,B1949,False,,False,107290
640,670,R1950,B1950,False,,False,90519
640,670,R1951,B1951,False,,False,103083
640,670,R1952,B1952,False,,False,99292
640,670,R1953,B1953,False,,False,108346
640,670,R1954,B1954,False,,False,105228
640,670,R1955,B1955,False,,False,133966
640,670,R1956,B1956,False,,False,214310
640,670,R1957,B1957,False,,False,96311
640,670,R1958,B1958,False,,False,97263
640,670,R1959,B1959,False,,False,100062
640,670,R1960,B1960,False,,False,111716
640,670,R1961,B1961,False,,False,106217
640,670,R1962,B1962,False,,False,108346
640,670,R1963,B1963,False,,False,113648
640,670,R1964,B1964,False,,False,101732
640,670,R1965,B1965,False,,False,104732
640,670,R1966,B1966,False,,False,101946
640,670,R1967,B1967,False,,False,79116
640,670,R1968,B1968,False,,False,107244
640,670,R1969,B1969,False,,False,122741
640,670,R1970,B1970,False,,False,216788
640,670,R1971,B1971,False,,False,106077
640,670,R1972,B1972,False,,False,209828
640,670,R1973,B1973,False,,False,96947
640,670,R1974,B1974,False,,False,96627
640,670,R1975,B1975,False,,False,107244
640,670,R1976,B1976,False,,False,224071
640,670,R1977,B1977,False,,False,104914
640,670,R1978,B1978,False,,False,108515
640,670,R1979,B1979,False,,False,103670
640,670,R1980,B1980,False,,False,108302
640,670,R1981,B1981,False,,False,245482
640,670,R1982,B1982,False,,False,206110
640,670,R1983,B1983,False,,False,104914
640,670,R1984,B1984,False,,False,207340
640,670,R1985,B1985,False,,False,100062
640,670,R1986,B1986,False,,False,108302
640,670,R1987,B1987,False,,False,122741
640,670,R1988,B1988,False,,False,109215
640,670,R1989,B1989,False,,False,204167
640,670,R1990,B1990,False,,False,99291
640,670,R1991,B1991,False,,False,103670
640,670,R1992,B1992,False,,False,90519
640,670,R1993,B1993,False,,False,100062
640,670,R1994,B1994,False,,False,306040
640,670,R1995,B1995,False,,False,100766
640,670,R1996,B1996,False,,False,100185
640,670,R1997,B1997,False,,False,99158
640,670,R1998,B1998,False,,False,100166
640,670,R1999,B1999,False,,False,218541
640,670,R2000,B2000,False,,False,100134
640,670,R2001,B2001,False,,False,99956
640,670,R2002,B2002,False,,False,100185
640,670,R2003,B2003,False,,False,100131
640,670,R2004,B2004,False,,False,84125
640,670,R2005,B2005,False,,False,102013
640,670,R2006,B2006,False,,False,98980
640,670,R2007,B2007,False,,False,96947
640,670,R2008,B2008,False,,False,200370
640,670,R2009,B2009,False,,False,109270
640,670,R2010,B2010,False,,False,100134
640,670,R2011,B2011,False,,False,192623
640,670,R2012,B2012,False,,False,109270
640,670,R2013,B2013,False,,False,102013
640,670,R2014,B2014,False,,False,98421
640,670,R2015,B2015,False,,False,96947
640,670,R2016,B2016,False,,False,103276
640,670,R2017,B2017,False,,False,101075
640,670,R2018,B2018,False,,False,105142
640,670,R2019,B2019,False,,False,101482
640,670,R2020,B2020,False,,False,96311
640,670,R2021,B2021,False,,False,97263
640,670,R2022,B2022,False,,False,102772
640,670,R2023,B2023,False,,False,106866
640,670,R2024,B2024,False,,False,102013
640,670,R2025,B2025,False,,False,100168
640,670,R2026,B2026,False,,False,93628
640,670,R2027,B2027,False,,False,100166
640,670,R2028,B2028,False,,False,99622
640,670,R2029,B2029,False,,False,100062
640,670,R2030,B2030,False,,False,99292
640,670,R2031,B2031,False,,False,96790
640,670,R2032,B2032,False,,False,100185
640,670,R2033,B2033,False,,False,99956
640,670,R2034,B2034,False,,False,79116
640,670,R2035,B2035,False,,False,205544
640,670,R2036,B2036,False,,False,101220
640,670,R2037,B2037,False,,False,103271
640,670,R2038,B2038,False,,False,98980
640,670,R2039,B2039,False,,False,100766
640,670,R2040,B2040,False,,False,96627
640,670,R2041,B2041,False,,False,90519
640,670,R2042,B2042,False,,False,98300
640,670,R2043,B2043,False,,False,95800
640,670,R2044,B2044,False,,False,96250
640,670,R2045,B2045,False,,False,98250
640,670,R2046,B2046,False,,False,95800
640,670,R2047,B2047,False,,False,97950
640,670,R2048,B2048,False,,False,98050
640,670,R2049,B2049,False,,False,97150
640,670,R2050,B2050,False,,False,96800
640,670,R2051,B2051,False,,False,96700
640,670,R2052,B2052,False,,False,96300
640,670,R2053,B2053,False,,False,95400
640,670,R2054,B2054,False,,False,293850
640,670,R2055,B2055,False,,False,98050
640,670,R2056,B2056,False,,False,98050
640,670,R2057,B2057,False,,False,95800
640,670,R2058,B2058,False,,False,96700
640,670,R2059,B2059,False,,False,97250
640,670,R2060,B2060,False,,False,98250
640,670,R2061,B2061,False,,False,95400
640,670,R2062,B2062,False,,False,98149
640,670,R2063,B2063,False,,False,98050
640,670,R2064,B2064,False,,False,96700
640,670,R2065,B2065,False,,False,82250
640,670,R2066,B2066,False,,False,98250
640,670,R2067,B2067,False,,False,97950
640,670,R2068,B2068,False,,False,98050
640,670,R2069,B2069,False,,False,96800
640,670,R2070,B2070,False,,False,82250
640,670,R2071,B2071,False,,False,98250
640,670,R2072,B2072,False,,False,98250
640,670,R2073,B2073,False,,False,98149
640,670,R2074,B2074,False,,False,95800
640,670,R2075,B2075,False,,False,96700
640,670,R2076,B2076,False,,False,174900
640,670,R2077,B2077,False,,False,97250
640,670,R2078,B2078,False,,False,98300
640,670,R2079,B2079,False,,False,95900
640,670,R2080,B2080,False,,False,294150
640,670,R2081,B2081,False,,False,96250
640,670,R2082,B2082,False,,False,93600
640,670,R2083,B2083,False,,False,95450
640,670,R2084,B2084,False,,False,82250
640,670,R2085,B2085,False,,False,97950
640,670,R2086,B2086,False,,False,96250
640,670,R2087,B2087,False,,False,194700
640,670,R2088,B2088,False,,False,97450
640,670,R2089,B2089,False,,False,95500
640,670,R2090,B2090,False,,False,96700
640,670,R2091,B2091,False,,False,77499
640,670,R2092,B2092,False,,False,98300
640,670,R2093,B2093,False,,False,98250
640,670,R2094,B2094,False,,False,97250
640,670,R2095,B2095,False,,False,98149
640,670,R2096,B2096,False,,False,97950
640,670,R2097,B2097,False,,False,98250
640,670,R2098,B2098,False,,False,98050
640,670,R2099,B2099,False,,False,95900
640,670,R2100,B2100,False,,False,192500
640,670,R2101,B2101,False,,False,98050
640,670,R2102,B2102,False,,False,96400
640,670,R2103,B2103,False,,False,98250
640,670,R2104,B2104,False,,False,97250
640,670,R2105,B2105,False,,False,195900
640,670,R2106,B2106,False,,False,95800
640,670,R2107,B2107,False,,False,98050
640,670,R2108,B2108,False,,False,91000
640,670,R2109,B2109,False,,False,87450
640,670,R2110,B2110,False,,False,196500
640,670,R2111,B2111,False,,False,95800
640,670,R2112,B2112,False,,False,290100
640,670,R2113,B2113,False,,False,93600
640,670,R2114,B2114,False,,False,94450
640,670,R2115,B2115,False,,False,82250
640,670,R2116,B2116,False,,False,95800
640,670,R2117,B2117,False,,False,95400
640,670,R2118,B2118,False,,False,196299
640,670,R2119,B2119,False,,False,98050
640,670,R2120,B2120,False,,False,95500
640,670,R2121,B2121,False,,False,96250
640,670,R2122,B2122,False,,False,96800
640,670,R2123,B2123,False,,False,96700
640,670,R2124,B2124,False,,False,98300
640,670,R2125,B2125,False,,False,95800
640,670,R2126,B2126,False,,False,98400
640,670,R2127,B2127,False,,False,95500
640,670,R2128,B2128,False,,False,97349
640,670,R2129,B2129,False,,False,94050
640,670,R2130,B2130,False,,False,96800
640,670,R2131,B2131,False,,False,96700
640,670,R2132,B2132,False,,False,96400
640,670,R2133,B2133,False,,False,97250
640,670,R2134,B2134,False,,False,94450
640,670,R2135,B2135,False,,False,82250
640,670,R2136,B2136,False,,False,97250
640,670,R2137,B2137,False,,False,98300
640,670,R2138,B2138,False,,False,97950
640,670,R2139,B2139,False,,False,98050
640,670,R2140,B2140,False,,False,98050
640,670,R2141,B2141,False,,False,96700
640,670,R2142,B2142,False,,False,98300
640,670,R2143,B2143,False,,False,191600
640,670,R2144,B2144,False,,False,195900
640,670,R2145,B2145,False,,False,196100
640,670,R2146,B2146,False,,False,98050
640,670,R2147,B2147,False,,False,96250
640,670,R2148,B2148,False,,False,194500
640,670,R2149,B2149,False,,False,98250
640,670,R2150,B2150,False,,False,95800
640,670,R2151,B2151,False,,False,98250
640,670,R2152,B2152,False,,False,95800
640,670,R2153,B2153,False,,False,98400
640,670,R2154,B2154,False,,False,98050
640,670,R2155,B2155,False,,False,97450
640,670,R2156,B2156,False,,False,96700
640,670,R2157,B2157,False,,False,194500
640,670,R2158,B2158,False,,False,82250
640,670,R2159,B2159,False,,False,97250
640,670,R2160,B2160,False,,False,98250
640,670,R2161,B2161,False,,False,98250
640,670,R2162,B2162,False,,False,98149
640,670,R2163,B2163,False,,False,97950
640,670,R2164,B2164,False,,False,95500
640,670,R2165,B2165,False,,False,98050
640,670,R2166,B2166,False,,False,96700
640,670,R2167,B2167,False,,False,93650
640,670,R2168,B2168,False,,False,97250
640,670,R2169,B2169,False,,False,94450
640,670,R2170,B2170,False,,False,97250
640,670,R2171,B2171,False,,False,98149
640,670,R2172,B2172,False,,False,95800
640,670,R2173,B2173,False,,False,294150
640,670,R2174,B2174,False,,False,196100
640,670,R2175,B2175,False,,False,97150
640,670,R2176,B2176,False,,False,97250
640,670,R2177,B2177,False,,False,95800
640,670,R2178,B2178,False,,False,98250
640,670,R2179,B2179,False,,False,97950
640,670,R2180,B2180,False,,False,98050
640,670,R2181,B2181,False,,False,97450
640,670,R2182,B2182,False,,False,94050
640,670,R2183,B2183,False,,False,97250
640,670,R2184,B2184,False,,False,94450
640,670,R2185,B2185,False,,False,97250
640,670,R2186,B2186,False,,False,98250
640,670,R2187,B2187,False,,False,96800
640,670,R2188,B2188,False,,False,95400
640,670,R2189,B2189,False,,False,98149
640,670,R2190,B2190,False,,False,95200
640,670,R2191,B2191,False,,False,191800
640,670,R2192,B2192,False,,False,98050
640,670,R2193,B2193,False,,False,97350
640,670,R2194,B2194,False,,False,193400
640,670,R2195,B2195,False,,False,94450
660,690,R1952,B1952,False,,False,120592
660,690,R1957,B1957,False,,False,114942
660,690,R1958,B1958,False,,False,116956
660,690,R1959,B1959,False,,False,119750
660,690,R1967,B1967,False,,False,90440
660,690,R1985,B1985,False,,False,119750
660,690,R1992,B1992,False,,False,112007
660,690,R1993,B1993,False,,False,119750
660,690,R1997,B1997,False,,False,119164
660,690,R1998,B1998,False,,False,114750
660,690,R2000,B2000,False,,False,114060
660,690,R2001,B2001,False,,False,113989
660,690,R2003,B2003,False,,False,114536
660,690,R2004,B2004,False,,False,89750
660,690,R2006,B2006,False,,False,121244
660,690,R2007,B2007,False,,False,117233
660,690,R2010,B2010,False,,False,114060
660,690,R2011,B2011,False,,False,219239
660,690,R2012,B2012,False,,False,203564
660,690,R2013,B2013,False,,False,130458
660,690,R2014,B2014,False,,False,111031
660,690,R2015,B2015,False,,False,117233
660,690,R2016,B2016,False,,False,138458
660,690,R2017,B2017,False,,False,129450
660,690,R2018,B2018,False,,False,153392
660,690,R2019,B2019,False,,False,125507
660,690,R2020,B2020,False,,False,104296
660,690,R2021,B2021,False,,False,105703
660,690,R2022,B2022,False,,False,134077
660,690,R2023,B2023,False,,False,167178
660,690,R2024,B2024,False,,False,130458
660,690,R2025,B2025,False,,False,108623
660,690,R2026,B2026,False,,False,101512
660,690,R2027,B2027,False,,False,108916
660,690,R2028,B2028,False,,False,115733
660,690,R2029,B2029,False,,False,108500
660,690,R2030,B2030,False,,False,108421
660,690,R2031,B2031,False,,False,113992
660,690,R2032,B2032,False,,False,124580
660,690,R2033,B2033,False,,False,108376
660,690,R2034,B2034,False,,False,83969
660,690,R2035,B2035,False,,False,268155
660,690,R2036,B2036,False,,False,118682
660,690,R2037,B2037,False,,False,139127
660,690,R2038,B2038,False,,False,114883
660,690,R2039,B2039,False,,False,128528
660,690,R2040,B2040,False,,False,111766
660,690,R2041,B2041,False,,False,99728
660,690,R2042,B2042,False,,False,116188
660,690,R2043,B2043,False,,False,149682
660,690,R2044,B2044,False,,False,115127
660,690,R2045,B2045,False,,False,124098
660,690,R2046,B2046,False,,False,136211
660,690,R2047,B2047,False,,False,110140
660,690,R2048,B2048,False,,False,113065
660,690,R2049,B2049,False,,False,99956
660,690,R2050,B2050,False,,False,108698
660,690,R2051,B2051,False,,False,107155
660,690,R2052,B2052,False,,False,102016
660,690,R2053,B2053,False,,False,106750
660,690,R2054,B2054,False,,False,331052
660,690,R2055,B2055,False,,False,113065
660,690,R2056,B2056,False,,False,108346
660,690,R2057,B2057,False,,False,116618
660,690,R2058,B2058,False,,False,107155
660,690,R2059,B2059,False,,False,100062
660,690,R2060,B2060,False,,False,113328
660,690,R2061,B2061,False,,False,101220
660,690,R2062,B2062,False,,False,113516
660,690,R2063,B2063,False,,False,108346
660,690,R2064,B2064,False,,False,107155
660,690,R2065,B2065,False,,False,84125
660,690,R2066,B2066,False,,False,123206
660,690,R2067,B2067,True,660.0,True,106217
660,690,R2068,B2068,False,,False,108346
660,690,R2069,B2069,False,,False,108698
660,690,R2070,B2070,False,,False,84125
660,690,R2071,B2071,False,,False,124098
660,690,R2072,B2072,True,660.0,True,114698
660,690,R2073,B2073,True,660.0,True,113516
660,690,R2074,B2074,False,,False,102161
660,690,R2075,B2075,True,660.0,True,107155
660,690,R2076,B2076,True,660.0,True,181039
660,690,R2077,B2077,True,660.0,True,100166
660,690,R2078,B2078,True,660.0,True,111716
660,690,R2079,B2079,False,,False,98421
660,690,R2080,B2080,True,660.0,True,325039
660,690,R2081,B2081,True,660.0,True,110408
660,690,R2082,B2082,False,,False,96670
660,690,R2083,B2083,True,660.0,True,106271
660,690,R2084,B2084,False,,False,84125
660,690,R2085,B2085,True,660.0,True,106077
660,690,R2086,B2086,False,,False,99292
660,690,R2087,B2087,True,660.0,True,200336
660,690,R2088,B2088,True,660.0,True,101339
660,690,R2089,B2089,True,660.0,True,101732
660,690,R2090,B2090,True,660.0,True,103670
660,690,R2091,B2091,False,,False,79116
660,690,R2092,B2092,True,660.0,True,107244
660,690,R2093,B2093,True,660.0,True,114887
660,690,R2094,B2094,False,,False,99997
660,690,R2095,B2095,True,660.0,True,108393
660,690,R2096,B2096,True,660.0,True,106217
660,690,R2097,B2097,True,660.0,True,112035
660,690,R2098,B2098,False,,False,108060
660,690,R2099,B2099,False,,False,98421
660,690,R2100,B2100,True,660.0,True,211377
660,690,R2101,B2101,True,660.0,True,107290
660,690,R2102,B2102,False,,False,101672
660,690,R2103,B2103,True,660.0,True,115482
660,690,R2104,B2104,False,,False,99997
660,690,R2105,B2105,True,660.0,True,212154
660,690,R2106,B2106,False,,False,98980
660,690,R2107,B2107,True,660.0,True,104914
660,690,R2108,B2108,False,,False,93628
660,690,R2109,B2109,False,,False,90519
660,690,R2110,B2110,True,661.0,True,216604
660,690,R2111,B2111,True,661.0,True,122741
660,690,R2112,B2112,True,661.0,True,311010
660,690,R2113,B2113,False,,False,96670
660,690,R2114,B2114,False,,False,97263
660,690,R2115,B2115,False,,False,84125
660,690,R2116,B2116,True,662.0,True,109270
660,690,R2117,B2117,True,668.0,True,101220
660,690,R2118,B2118,True,663.0,True,216788
660,690,R2119,B2119,True,667.0,True,103055
660,690,R2120,B2120,True,666.0,True,99291
660,690,R2121,B2121,True,662.0,True,105688
660,690,R2122,B2122,True,662.0,True,100766
660,690,R2123,B2123,True,662.0,True,100185
660,690,R2124,B2124,True,663.0,True,102772
660,690,R2125,B2125,True,668.0,True,98980
660,690,R2126,B2126,True,666.0,True,103777
660,690,R2127,B2127,True,666.0,True,99291
660,690,R2128,B2128,True,663.0,True,100134
660,690,R2129,B2129,True,667.0,True,96986
660,690,R2130,B2130,True,663.0,True,100766
660,690,R2131,B2131,True,664.0,True,100185
660,690,R2132,B2132,False,,False,101672
660,690,R2133,B2133,True,663.0,True,100131
660,690,R2134,B2134,False,,False,97263
660,690,R2135,B2135,False,,False,84125
660,690,R2136,B2136,False,,False,100062
660,690,R2137,B2137,True,664.0,True,102772
660,690,R2138,B2138,True,664.0,True,102013
660,690,R2139,B2139,True,664.0,True,103055
660,690,R2140,B2140,True,664.0,True,101482
660,690,R2141,B2141,True,664.0,True,100185
660,690,R2142,B2142,True,665.0,True,102772
660,690,R2143,B2143,True,665.0,True,218541
660,690,R2144,B2144,True,665.0,True,204167
660,690,R2145,B2145,True,666.0,True,206110
660,690,R2146,B2146,True,665.0,True,101482
660,690,R2147,B2147,True,665.0,True,100969
660,690,R2148,B2148,True,665.0,True,200262
660,690,R2149,B2149,True,666.0,True,106866
660,690,R2150,B2150,True,666.0,True,109270
660,690,R2151,B2151,True,666.0,True,103732
660,690,R2152,B2152,True,668.0,True,98980
660,690,R2153,B2153,True,666.0,True,103777
660,690,R2154,B2154,True,666.0,True,101482
660,690,R2155,B2155,True,666.0,True,101339
660,690,R2156,B2156,True,666.0,True,100185
660,690,R2157,B2157,True,668.0,True,200333
660,690,R2158,B2158,False,,False,84125
660,690,R2159,B2159,False,,False,100062
660,690,R2160,B2160,True,667.0,True,106568
660,690,R2161,B2161,True,667.0,True,103732
660,690,R2162,B2162,True,667.0,True,103271
660,690,R2163,B2163,True,667.0,True,102083
660,690,R2164,B2164,True,668.0,True,99291
660,690,R2165,B2165,True,668.0,True,101482
660,690,R2166,B2166,True,667.0,True,100185
660,690,R2167,B2167,False,,False,96311
660,690,R2168,B2168,True,667.0,True,100131
660,690,R2169,B2169,False,,False,97263
660,690,R2170,B2170,False,,False,100062
660,690,R2171,B2171,True,668.0,True,103271
660,690,R2172,B2172,True,668.0,True,98980
660,690,R2173,B2173,True,668.0,True,309165
660,690,R2174,B2174,True,668.0,True,202964
660,690,R2175,B2175,False,,False,99956
660,690,R2176,B2176,True,670.0,True,100166
660,690,R2177,B2177,True,669.0,True,109270
660,690,R2178,B2178,True,669.0,True,103732
660,690,R2179,B2179,True,669.0,True,102083
660,690,R2180,B2180,True,669.0,True,103055
660,690,R2181,B2181,True,669.0,True,101339
660,690,R2182,B2182,True,669.0,True,96986
660,690,R2183,B2183,True,669.0,True,100131
660,690,R2184,B2184,False,,False,97263
660,690,R2185,B2185,True,670.0,True,100062
660,690,R2186,B2186,True,670.0,True,103276
660,690,R2187,B2187,True,670.0,True,100834
660,690,R2188,B2188,True,673.0,True,101220
660,690,R2189,B2189,True,670.0,True,103271
660,690,R2190,B2190,True,670.0,True,97827
660,690,R2191,B2191,True,671.0,True,196843
660,690,R2192,B2192,True,670.0,True,101482
660,690,R2193,B2193,True,673.0,True,100168
660,690,R2194,B2194,True,670.0,True,200370
660,690,R2195,B2195,False,,False,97263
660,690,R2196,B2196,True,672.0,True,95800
660,690,R2197,B2197,True,671.0,True,293850
660,690,R2198,B2198,True,671.0,True,98250
660,690,R2199,B2199,True,671.0,True,196100
660,690,R2200,B2200,True,671.0,True,96700
660,690,R2201,B2201,False,,False,96300
660,690,R2202,B2202,True,672.0,True,98300
660,690,R2203,B2203,True,672.0,True,98149
660,690,R2204,B2204,True,676.0,True,98250
660,690,R2205,B2205,True,672.0,True,98050
660,690,R2206,B2206,True,672.0,True,93600
660,690,R2207,B2207,True,673.0,True,98250
660,690,R2208,B2208,False,,False,97250
660,690,R2209,B2209,True,673.0,True,98050
660,690,R2210,B2210,True,673.0,True,196100
660,690,R2211,B2211,True,674.0,True,96700
660,690,R2212,B2212,False,,False,97150
660,690,R2213,B2213,True,673.0,True,97250
660,690,R2214,B2214,False,,False,97250
660,690,R2215,B2215,True,675.0,True,98300
660,690,R2216,B2216,False,,False,97250
660,690,R2217,B2217,True,674.0,True,97950
660,690,R2218,B2218,True,674.0,True,95550
660,690,R2219,B2219,True,674.0,True,98050
660,690,R2220,B2220,True,675.0,True,98050
660,690,R2221,B2221,True,674.0,True,95500
660,690,R2222,B2222,True,674.0,True,94049
660,690,R2223,B2223,True,680.0,False,97250
660,690,R2224,B2224,True,677.0,True,293850
660,690,R2225,B2225,True,680.0,False,98050
660,690,R2226,B2226,True,675.0,True,95900
660,690,R2227,B2227,True,676.0,True,196100
660,690,R2228,B2228,True,675.0,True,96700
660,690,R2229,B2229,False,,False,89000
660,690,R2230,B2230,True,675.0,True,95450
660,690,R2231,B2231,False,,False,97250
660,690,R2232,B2232,True,676.0,True,98300
660,690,R2233,B2233,True,676.0,True,95800
660,690,R2234,B2234,True,676.0,True,97950
660,690,R2235,B2235,True,676.0,True,95900
660,690,R2236,B2236,True,676.0,True,98250
660,690,R2237,B2237,True,676.0,True,96800
660,690,R2238,B2238,True,676.0,True,96700
660,690,R2239,B2239,False,,False,97250
660,690,R2240,B2240,True,677.0,True,196500
660,690,R2241,B2241,True,679.0,True,98149
660,690,R2242,B2242,True,677.0,True,94050
660,690,R2243,B2243,True,677.0,True,96700
660,690,R2244,B2244,True,677.0,True,93600
660,690,R2245,B2245,True,677.0,True,97250
660,690,R2246,B2246,True,679.0,True,98300
660,690,R2247,B2247,True,678.0,True,196500
660,690,R2248,B2248,True,679.0,True,191600
660,690,R2249,B2249,True,678.0,True,97950
660,690,R2250,B2250,True,678.0,True,193400
660,690,R2251,B2251,True,684.0,False,97250
660,690,R2252,B2252,True,679.0,True,196500
660,690,R2253,B2253,True,683.0,False,98149
660,690,R2254,B2254,True,679.0,True,97950
660,690,R2255,B2255,True,683.0,False,98050
660,690,R2256,B2256,True,679.0,True,98050
660,690,R2257,B2257,True,679.0,True,95500
660,690,R2258,B2258,False,,False,97150
660,690,R2259,B2259,True,679.0,True,97250
660,690,R2260,B2260,True,680.0,False,98250
660,690,R2261,B2261,True,682.0,False,98149
660,690,R2262,B2262,True,684.0,False,97950
660,690,R2263,B2263,True,680.0,False,98250
660,690,R2264,B2264,True,680.0,False,95900
660,690,R2265,B2265,True,680.0,False,96250
660,690,R2266,B2266,True,680.0,False,196100
660,690,R2267,B2267,True,680.0,False,98250
660,690,R2268,B2268,True,680.0,False,94049
660,690,R2269,B2269,False,,False,93650
660,690,R2270,B2270,True,680.0,False,194700
660,690,R2271,B2271,True,681.0,False,98250
660,690,R2272,B2272,True,681.0,False,98250
660,690,R2273,B2273,True,681.0,False,97950
660,690,R2274,B2274,True,681.0,False,98400
660,690,R2275,B2275,True,681.0,False,98250
660,690,R2276,B2276,True,681.0,False,196100
660,690,R2277,B2277,True,681.0,False,98250
660,690,R2278,B2278,True,681.0,False,290100
660,690,R2279,B2279,False,,False,96400
660,690,R2280,B2280,True,686.0,False,97250
660,690,R2281,B2281,True,682.0,False,98300
660,690,R2282,B2282,True,682.0,False,98250
660,690,R2283,B2283,True,685.0,False,98149
660,690,R2284,B2284,True,684.0,False,295200
660,690,R2285,B2285,True,684.0,False,98250
660,690,R2286,B2286,True,687.0,False,96250
660,690,R2287,B2287,True,682.0,False,98050
660,690,R2288,B2288,True,682.0,False,95800
660,690,R2289,B2289,True,682.0,False,95800
660,690,R2290,B2290,True,687.0,False,87450
660,690,R2291,B2291,True,684.0,False,98250
660,690,R2292,B2292,True,683.0,False,196600
660,690,R2293,B2293,True,683.0,False,196500
660,690,R2294,B2294,True,683.0,False,193600
660,690,R2295,B2295,True,685.0,False,95400
660,690,R2296,B2296,True,683.0,False,196500
660,690,R2297,B2297,True,683.0,False,294750
660,690,R2298,B2298,True,688.0,False,96250
660,690,R2299,B2299,True,683.0,False,196100
660,690,R2300,B2300,True,684.0,False,97349
660,690,R2301,B2301,True,683.0,False,193400
660,690,R2302,B2302,True,683.0,False,97250
660,690,R2303,B2303,False,,False,82250
660,690,R2304,B2304,True,685.0,False,196600
660,690,R2305,B2305,True,685.0,False,196299
660,690,R2306,B2306,True,686.0,False,96250
660,690,R2307,B2307,True,684.0,False,98050
660,690,R2308,B2308,True,685.0,False,393000
660,690,R2309,B2309,True,684.0,False,96250
660,690,R2310,B2310,True,685.0,False,91000
660,690,R2311,B2311,False,,False,97150
660,690,R2312,B2312,True,684.0,False,194500
660,690,R2313,B2313,True,685.0,False,98250
660,690,R2314,B2314,True,685.0,False,98400
660,690,R2315,B2315,True,685.0,False,98250
660,690,R2316,B2316,True,685.0,False,196100
660,690,R2317,B2317,True,685.0,False,385000
660,690,R2318,B2318,True,685.0,False,196100
660,690,R2319,B2319,True,686.0,False,94050
660,690,R2320,B2320,False,,False,82250
660,690,R2321,B2321,True,689.0,False,98250
660,690,R2322,B2322,True,686.0,False,98300
660,690,R2323,B2323,True,686.0,False,96800
660,690,R2324,B2324,True,686.0,False,97950
660,690,R2325,B2325,True,688.0,False,196800
660,690,R2326,B2326,True,686.0,False,196100
660,690,R2327,B2327,True,686.0,False,294150
660,690,R2328,B2328,True,686.0,False,98250
660,690,R2329,B2329,True,687.0,False,96250
660,690,R2330,B2330,True,686.0,False,95800
660,690,R2331,B2331,True,688.0,False,95500
660,690,R2332,B2332,True,687.0,False,196500
660,690,R2333,B2333,True,687.0,False,196500
660,690,R2334,B2334,True,690.0,False,98149
660,690,R2335,B2335,True,689.0,False,97950
660,690,R2336,B2336,True,687.0,False,98250
660,690,R2337,B2337,True,688.0,False,98050
660,690,R2338,B2338,True,689.0,False,98250
660,690,R2339,B2339,True,687.0,False,95450
660,690,R2340,B2340,False,,False,94450
660,690,R2341,B2341,False,,False,82250
660,690,R2342,B2342,True,690.0,False,194500
660,690,R2343,B2343,True,688.0,False,98149
660,690,R2344,B2344,True,688.0,False,95800
660,690,R2345,B2345,True,690.0,False,98400
660,690,R2346,B2346,True,688.0,False,196500
660,690,R2347,B2347,True,688.0,False,98050
660,690,R2348,B2348,True,689.0,False,98250
660,690,R2349,B2349,True,690.0,False,193400
660,690,R2350,B2350,False,,False,93650
660,690,R2351,B2351,True,688.0,False,174900
660,690,R2352,B2352,True,688.0,False,97250
660,690,R2353,B2353,True,689.0,False,196600
660,690,R2354,B2354,True,689.0,False,98250
660,690,R2355,B2355,True,689.0,False,196500
660,690,R2356,B2356,True,689.0,False,195900
660,690,R2357,B2357,True,689.0,False,196100
660,690,R2358,B2358,True,690.0,False,288750
660,690,R2359,B2359,True,689.0,False,94050
660,690,R2360,B2360,True,689.0,False,96700
660,690,R2361,B2361,True,689.0,False,97250
660,690,R2362,B2362,True,690.0,False,98300
660,690,R2363,B2363,True,690.0,False,290400
660,690,R2364,B2364,True,690.0,False,98149
660,690,R2365,B2365,True,690.0,False,98400
660,690,R2366,B2366,True,690.0,False,98250
660,690,R2367,B2367,True,690.0,False,196100
660,690,R2368,B2368,True,690.0,False,95900
660,690,R2369,B2369,True,690.0,False,98050
660,690,R2370,B2370,True,690.0,False,96100
660,690,R2371,B2371,True,690.0,False,97950
660,690,R2372,B2372,True,690.0,False,95400
660,690,R2373,B2373,True,690.0,False,188099
660,690,R2374,B2374,True,690.0,False,96800
660,690,R2375,B2375,True,690.0,False,96700
660,690,R2376,B2376,True,690.0,False,93600
660,690,R2377,B2377,True,690.0,False,389000
660,690,R2378,B2378,True,690.0,False,97350
680,710,R2065,B2065,False,,False,97250
680,710,R2070,B2070,False,,False,97250
680,710,R2084,B2084,False,,False,93500
680,710,R2086,B2086,False,,False,120592
680,710,R2091,B2091,False,,False,90440
680,710,R2094,B2094,False,,False,119226
680,710,R2099,B2099,False,,False,116075
680,710,R2104,B2104,False,,False,119226
680,710,R2108,B2108,False,,False,112025
680,710,R2109,B2109,False,,False,112007
680,710,R2113,B2113,False,,False,118163
680,710,R2114,B2114,False,,False,111329
680,710,R2115,B2115,False,,False,93500
680,710,R2132,B2132,False,,False,138581
680,710,R2134,B2134,False,,False,111329
680,710,R2135,B2135,False,,False,89750
680,710,R2136,B2136,False,,False,114125
680,710,R2158,B2158,False,,False,89750
680,710,R2159,B2159,False,,False,114125
680,710,R2167,B2167,False,,False,104296
680,710,R2169,B2169,False,,False,105703
680,710,R2170,B2170,False,,False,108500
680,710,R2175,B2175,False,,False,108376
680,710,R2184,B2184,False,,False,105703
680,710,R2195,B2195,False,,False,105703
680,710,R2201,B2201,False,,False,104769
680,710,R2208,B2208,False,,False,99997
680,710,R2212,B2212,False,,False,99956
680,710,R2214,B2214,False,,False,100062
680,710,R2216,B2216,False,,False,99997
680,710,R2223,B2223,True,680.0,True,100166
680,710,R2225,B2225,False,,False,108060
680,710,R2229,B2229,False,,False,92095
680,710,R2231,B2231,False,,False,100062
680,710,R2239,B2239,False,,False,100062
680,710,R2251,B2251,False,,False,100062
680,710,R2253,B2253,True,680.0,True,108393
680,710,R2255,B2255,False,,False,108060
680,710,R2258,B2258,False,,False,99956
680,710,R2260,B2260,False,,False,109215
680,710,R2261,B2261,True,680.0,True,108393
680,710,R2262,B2262,False,,False,102013
680,710,R2263,B2263,True,681.0,True,112035
680,710,R2264,B2264,False,,False,98421
680,710,R2265,B2265,False,,False,99292
680,710,R2266,B2266,True,680.0,True,209828
680,710,R2267,B2267,True,680.0,True,108515
680,710,R2268,B2268,True,682.0,True,96947
680,710,R2269,B2269,False,,False,96311
680,710,R2270,B2270,True,680.0,True,203805
680,710,R2271,B2271,True,681.0,True,108302
680,710,R2272,B2272,False,,False,106568
680,710,R2273,B2273,False,,False,102083
680,710,R2274,B2274,True,681.0,True,109155
680,710,R2275,B2275,False,,False,105142
680,710,R2276,B2276,True,686.0,True,206110
680,710,R2277,B2277,True,681.0,True,108515
680,710,R2278,B2278,True,685.0,True,311010
680,710,R2279,B2279,False,,False,100332
680,710,R2280,B2280,True,687.0,True,100131
680,710,R2281,B2281,True,682.0,True,107244
680,710,R2282,B2282,False,,False,106866
680,710,R2283,B2283,True,683.0,True,103271
680,710,R2284,B2284,True,684.0,True,311333
680,710,R2285,B2285,False,,False,105142
680,710,R2286,B2286,False,,False,99292
680,710,R2287,B2287,True,682.0,True,104914
680,710,R2288,B2288,True,685.0,True,102739
680,710,R2289,B2289,True,684.0,True,121244
680,710,R2290,B2290,False,,False,90519
680,710,R2291,B2291,True,684.0,True,103276
680,710,R2292,B2292,True,683.0,True,205544
680,710,R2293,B2293,True,683.0,True,213137
680,710,R2294,B2294,True,683.0,True,201668
680,710,R2295,B2295,False,,False,101075
680,710,R2296,B2296,True,685.0,True,207465
680,710,R2297,B2297,True,684.0,True,315428
680,710,R2298,B2298,False,,False,99292
680,710,R2299,B2299,True,683.0,True,202964
680,710,R2300,B2300,False,,False,100134
680,710,R2301,B2301,True,683.0,True,200370
680,710,R2302,B2302,True,683.0,True,100131
680,710,R2303,B2303,False,,False,84125
680,710,R2304,B2304,True,684.0,True,205544
680,710,R2305,B2305,True,686.0,True,206543
680,710,R2306,B2306,False,,False,99292
680,710,R2307,B2307,True,684.0,True,101482
680,710,R2308,B2308,True,684.0,True,413531
680,710,R2309,B2309,True,684.0,True,100969
680,710,R2310,B2310,False,,False,93628
680,710,R2311,B2311,False,,False,99956
680,710,R2312,B2312,True,691.0,True,200333
680,710,R2313,B2313,True,686.0,True,103732
680,710,R2314,B2314,True,685.0,True,103777
680,710,R2315,B2315,True,688.0,True,105142
680,710,R2316,B2316,True,689.0,True,206110
680,710,R2317,B2317,True,693.0,True,397171
680,710,R2318,B2318,True,685.0,True,202964
680,710,R2319,B2319,True,685.0,True,96986
680,710,R2320,B2320,False,,False,84125
680,710,R2321,B2321,True,688.0,True,103276
680,710,R2322,B2322,True,686.0,True,102772
680,710,R2323,B2323,True,686.0,True,100834
680,710,R2324,B2324,False,,False,102013
680,710,R2325,B2325,True,688.0,True,207555
680,710,R2326,B2326,True,691.0,True,206110
680,710,R2327,B2327,True,686.0,True,304446
680,710,R2328,B2328,True,686.0,True,103382
680,710,R2329,B2329,True,687.0,True,100969
680,710,R2330,B2330,True,686.0,True,108522
680,710,R2331,B2331,True,686.0,True,98616
680,710,R2332,B2332,True,687.0,True,213137
680,710,R2333,B2333,True,691.0,True,207465
680,710,R2334,B2334,True,692.0,True,103271
680,710,R2335,B2335,True,689.0,True,102083
680,710,R2336,B2336,True,688.0,True,105142
680,710,R2337,B2337,True,691.0,True,101482
680,710,R2338,B2338,True,687.0,True,103382
680,710,R2339,B2339,False,,False,100860
680,710,R2340,B2340,False,,False,97263
680,710,R2341,B2341,False,,False,84125
680,710,R2342,B2342,True,692.0,True,200125
680,710,R2343,B2343,True,688.0,True,103271
680,710,R2344,B2344,False,,False,98980
680,710,R2345,B2345,True,690.0,True,103777
680,710,R2346,B2346,True,688.0,True,210285
680,710,R2347,B2347,True,688.0,True,103055
680,710,R2348,B2348,True,689.0,True,103382
680,710,R2349,B2349,True,688.0,True,200370
680,710,R2350,B2350,False,,False,96311
680,710,R2351,B2351,True,688.0,True,181039
680,710,R2352,B2352,True,688.0,True,100166
680,710,R2353,B2353,True,689.0,True,205544
680,710,R2354,B2354,True,689.0,True,106568
680,710,R2355,B2355,True,690.0,True,207465
680,710,R2356,B2356,True,690.0,True,204167
680,710,R2357,B2357,True,694.0,True,206110
680,710,R2358,B2358,True,697.0,True,297878
680,710,R2359,B2359,True,689.0,True,96986
680,710,R2360,B2360,False,,False,100185
680,710,R2361,B2361,True,689.0,True,100062
680,710,R2362,B2362,True,690.0,True,102772
680,710,R2363,B2363,True,690.0,True,302503
680,710,R2364,B2364,True,691.0,True,103271
680,710,R2365,B2365,True,691.0,True,103777
680,710,R2366,B2366,True,694.0,True,105142
680,710,R2367,B2367,True,692.0,True,206110
680,710,R2368,B2368,False,,False,98421
680,710,R2369,B2369,True,694.0,True,101482
680,710,R2370,B2370,True,690.0,True,107076
680,710,R2371,B2371,True,690.0,True,102231
680,710,R2372,B2372,True,690.0,True,98788
680,710,R2373,B2373,True,690.0,True,193895
680,710,R2374,B2374,False,,False,100766
680,710,R2375,B2375,True,691.0,True,100185
680,710,R2376,B2376,False,,False,96627
680,710,R2377,B2377,True,695.0,True,400666
680,710,R2378,B2378,True,690.0,True,101902
680,710,R2379,B2379,True,691.0,True,98250
680,710,R2380,B2380,True,694.0,True,98300
680,710,R2381,B2381,False,,False,98250
680,710,R2382,B2382,False,,False,95800
680,710,R2383,B2383,False,,False,95400
680,710,R2384,B2384,True,693.0,True,98149
680,710,R2385,B2385,True,692.0,True,97950
680,710,R2386,B2386,True,691.0,True,98250
680,710,R2387,B2387,False,,False,98050
680,710,R2388,B2388,True,699.0,True,192500
680,710,R2389,B2389,True,691.0,True,98050
680,710,R2390,B2390,True,691.0,True,196500
680,710,R2391,B2391,True,691.0,True,96250
680,710,R2392,B2392,False,,False,97150
680,710,R2393,B2393,True,695.0,True,95400
680,710,R2394,B2394,True,692.0,True,196500
680,710,R2395,B2395,False,,False,96800
680,710,R2396,B2396,True,694.0,True,196299
680,710,R2397,B2397,True,693.0,True,195900
680,710,R2398,B2398,True,692.0,True,98400
680,710,R2399,B2399,False,,False,98050
680,710,R2400,B2400,False,,False,95500
680,710,R2401,B2401,True,692.0,True,294150
680,710,R2402,B2402,True,692.0,True,192500
680,710,R2403,B2403,False,,False,97350
680,710,R2404,B2404,False,,False,96700
680,710,R2405,B2405,False,,False,93600
680,710,R2406,B2406,False,,False,96400
680,710,R2407,B2407,True,693.0,True,97350
680,710,R2408,B2408,True,693.0,True,96800
680,710,R2409,B2409,False,,False,97250
680,710,R2410,B2410,False,,False,95400
680,710,R2411,B2411,True,693.0,True,98149
680,710,R2412,B2412,True,697.0,True,98400
680,710,R2413,B2413,True,693.0,True,196100
680,710,R2414,B2414,False,,False,95500
680,710,R2415,B2415,True,694.0,True,196100
680,710,R2416,B2416,True,693.0,True,98250
680,710,R2417,B2417,True,693.0,True,96250
680,710,R2418,B2418,True,696.0,True,97150
680,710,R2419,B2419,True,693.0,True,94050
680,710,R2420,B2420,False,,False,96400
680,710,R2421,B2421,False,,False,97150
680,710,R2422,B2422,True,697.0,True,98300
680,710,R2423,B2423,False,,False,95800
680,710,R2424,B2424,True,695.0,True,98149
680,710,R2425,B2425,True,694.0,True,98400
680,710,R2426,B2426,True,694.0,True,98250
680,710,R2427,B2427,False,,False,98050
680,710,R2428,B2428,True,694.0,True,96250
680,710,R2429,B2429,True,694.0,True,196100
680,710,R2430,B2430,True,694.0,True,95800
680,710,R2431,B2431,False,,False,93650
680,710,R2432,B2432,False,,False,96800
680,710,R2433,B2433,True,697.0,True,98149
680,710,R2434,B2434,True,696.0,True,196500
680,710,R2435,B2435,True,697.0,True,96250
680,710,R2436,B2436,True,697.0,True,98050
680,710,R2437,B2437,True,695.0,True,96250
680,710,R2438,B2438,False,,False,97349
680,710,R2439,B2439,True,696.0,True,96800
680,710,R2440,B2440,True,696.0,True,98250
680,710,R2441,B2441,True,696.0,True,98250
680,710,R2442,B2442,False,,False,96800
680,710,R2443,B2443,True,701.0,False,97950
680,710,R2444,B2444,True,701.0,False,98400
680,710,R2445,B2445,True,696.0,True,98250
680,710,R2446,B2446,True,699.0,True,196100
680,710,R2447,B2447,True,697.0,True,98050
680,710,R2448,B2448,True,696.0,True,192500
680,710,R2449,B2449,True,696.0,True,98050
680,710,R2450,B2450,True,696.0,True,95800
680,710,R2451,B2451,True,696.0,True,94049
680,710,R2452,B2452,True,696.0,True,97250
680,710,R2453,B2453,True,697.0,True,196500
680,710,R2454,B2454,True,697.0,True,98250
680,710,R2455,B2455,True,697.0,True,193600
680,710,R2456,B2456,True,702.0,False,190800
680,710,R2457,B2457,True,697.0,True,98400
680,710,R2458,B2458,True,699.0,True,196500
680,710,R2459,B2459,True,697.0,True,96250
680,710,R2460,B2460,False,,False,97349
680,710,R2461,B2461,True,698.0,True,95500
680,710,R2462,B2462,False,,False,97250
680,710,R2463,B2463,True,703.0,False,98250
680,710,R2464,B2464,True,699.0,True,190800
680,710,R2465,B2465,True,698.0,True,196500
680,710,R2466,B2466,True,698.0,True,98149
680,710,R2467,B2467,True,702.0,False,196100
680,710,R2468,B2468,True,698.0,True,196100
680,710,R2469,B2469,True,701.0,False,97350
680,710,R2470,B2470,True,700.0,False,98250
680,710,R2471,B2471,True,699.0,True,98300
680,710,R2472,B2472,True,699.0,True,294750
680,710,R2473,B2473,False,,False,95400
680,710,R2474,B2474,True,699.0,True,196299
680,710,R2475,B2475,True,699.0,True,196100
680,710,R2476,B2476,True,699.0,True,192500
680,710,R2477,B2477,True,699.0,True,96800
680,710,R2478,B2478,False,,False,77499
680,710,R2479,B2479,True,700.0,False,98250
680,710,R2480,B2480,True,701.0,False,98250
680,710,R2481,B2481,True,700.0,False,294750
680,710,R2482,B2482,True,702.0,False,196299
680,710,R2483,B2483,True,700.0,False,196500
680,710,R2484,B2484,True,706.0,False,98050
680,710,R2485,B2485,True,704.0,False,98050
680,710,R2486,B2486,True,700.0,False,98250
680,710,R2487,B2487,True,700.0,False,192500
680,710,R2488,B2488,True,700.0,False,98050
680,710,R2489,B2489,True,703.0,False,96800
680,710,R2490,B2490,False,,False,94450
680,710,R2491,B2491,False,,False,95400
680,710,R2492,B2492,True,701.0,False,294449
680,710,R2493,B2493,True,701.0,False,98250
680,710,R2494,B2494,True,710.0,False,96250
680,710,R2495,B2495,True,701.0,False,196100
680,710,R2496,B2496,True,701.0,False,98250
680,710,R2497,B2497,True,701.0,False,96250
680,710,R2498,B2498,False,,False,97349
680,710,R2499,B2499,True,703.0,False,97950
680,710,R2500,B2500,True,701.0,False,96800
680,710,R2501,B2501,True,701.0,False,290100
680,710,R2502,B2502,False,,False,97250
680,710,R2503,B2503,False,,False,95400
680,710,R2504,B2504,True,705.0,False,98250
680,710,R2505,B2505,False,,False,96250
680,710,R2506,B2506,True,708.0,False,97350
680,710,R2507,B2507,True,702.0,False,95800
680,710,R2508,B2508,True,707.0,False,94049
680,710,R2509,B2509,True,706.0,False,96800
680,710,R2510,B2510,True,702.0,False,193400
680,710,R2511,B2511,True,702.0,False,95450
680,710,R2512,B2512,True,702.0,False,95400
680,710,R2513,B2513,True,704.0,False,98250
680,710,R2514,B2514,True,703.0,False,196299
680,710,R2515,B2515,True,705.0,False,97950
680,710,R2516,B2516,True,709.0,False,95800
680,710,R2517,B2517,True,704.0,False,98400
680,710,R2518,B2518,False,,False,96250
680,710,R2519,B2519,True,704.0,False,98050
680,710,R2520,B2520,True,703.0,False,98250
680,710,R2521,B2521,True,707.0,False,97450
680,710,R2522,B2522,True,704.0,False,96700
680,710,R2523,B2523,True,705.0,False,98250
680,710,R2524,B2524,False,,False,95400
680,710,R2525,B2525,True,704.0,False,98149
680,710,R2526,B2526,True,706.0,False,98400
680,710,R2527,B2527,True,704.0,False,98250
680,710,R2528,B2528,True,704.0,False,98050
680,710,R2529,B2529,True,704.0,False,96250
680,710,R2530,B2530,False,,False,94049
680,710,R2531,B2531,True,704.0,False,89000
680,710,R2532,B2532,True,705.0,False,96300
680,710,R2533,B2533,True,706.0,False,196299
680,710,R2534,B2534,True,705.0,False,98250
680,710,R2535,B2535,True,706.0,False,98050
680,710,R2536,B2536,True,706.0,False,96250
680,710,R2537,B2537,True,705.0,False,95500
680,710,R2538,B2538,True,705.0,False,94050
680,710,R2539,B2539,True,705.0,False,96700
680,710,R2540,B2540,True,705.0,False,87450
680,710,R2541,B2541,True,706.0,False,98250
680,710,R2542,B2542,True,706.0,False,98300
680,710,R2543,B2543,True,706.0,False,98250
680,710,R2544,B2544,True,707.0,False,294449
680,710,R2545,B2545,True,708.0,False,195900
680,710,R2546,B2546,True,709.0,False,98400
680,710,R2547,B2547,True,706.0,False,294750
680,710,R2548,B2548,True,707.0,False,294150
680,710,R2549,B2549,True,710.0,False,94049
680,710,R2550,B2550,True,706.0,False,97250
680,710,R2551,B2551,True,707.0,False,290400
680,710,R2552,B2552,True,709.0,False,294750
680,710,R2553,B2553,True,707.0,False,196299
680,710,R2554,B2554,True,708.0,False,98400
680,710,R2555,B2555,True,707.0,False,98250
680,710,R2556,B2556,True,707.0,False,191000
680,710,R2557,B2557,True,707.0,False,96250
680,710,R2558,B2558,True,707.0,False,98050
680,710,R2559,B2559,True,707.0,False,196500
680,710,R2560,B2560,True,707.0,False,96250
680,710,R2561,B2561,True,709.0,False,96700
680,710,R2562,B2562,False,,False,89000
680,710,R2563,B2563,True,709.0,False,97250
680,710,R2564,B2564,True,708.0,False,98250
680,710,R2565,B2565,True,708.0,False,96800
680,710,R2566,B2566,True,710.0,False,196299
680,710,R2567,B2567,True,708.0,False,196500
680,710,R2568,B2568,True,710.0,False,98050
680,710,R2569,B2569,True,708.0,False,196500
680,710,R2570,B2570,True,708.0,False,98050
680,710,R2571,B2571,True,709.0,False,95800
680,710,R2572,B2572,False,,False,94049
680,710,R2573,B2573,True,708.0,False,87450
680,710,R2574,B2574,True,709.0,False,98300
680,710,R2575,B2575,True,710.0,False,96800
680,710,R2576,B2576,True,709.0,False,98250
680,710,R2577,B2577,True,709.0,False,196299
680,710,R2578,B2578,True,709.0,False,97950
680,710,R2579,B2579,True,710.0,False,95800
680,710,R2580,B2580,True,710.0,False,98250
680,710,R2581,B2581,True,709.0,False,98050
680,710,R2582,B2582,False,,False,96250
680,710,R2583,B2583,True,710.0,False,98050
680,710,R2584,B2584,True,709.0,False,192500
680,710,R2585,B2585,True,709.0,False,96700
680,710,R2586,B2586,False,,False,87450
680,710,R2587,B2587,True,709.0,False,97250
680,710,R2588,B2588,False,,False,97250
680,710,R2589,B2589,True,710.0,False,98300
680,710,R2590,B2590,True,710.0,False,98250
680,710,R2591,B2591,True,710.0,False,193600
680,710,R2592,B2592,True,710.0,False,98149
680,710,R2593,B2593,True,710.0,False,97950
680,710,R2594,B2594,True,710.0,False,196500
680,710,R2595,B2595,True,710.0,False,196100
680,710,R2596,B2596,True,710.0,False,96250
680,710,R2597,B2597,True,710.0,False,98050
680,710,R2598,B2598,True,710.0,False,192500
680,710,R2599,B2599,True,710.0,False,96700
680,710,R2600,B2600,False,,False,97150
680,710,R2601,B2601,True,710.0,False,97350
700,730,R2239,B2239,False,,False,119750
700,730,R2251,B2251,False,,False,119750
700,730,R2258,B2258,False,,False,119602
700,730,R2264,B2264,False,,False,116075
700,730,R2265,B2265,False,,False,114506
700,730,R2269,B2269,False,,False,114942
700,730,R2279,B2279,False,,False,127857
700,730,R2286,B2286,False,,False,114506
700,730,R2290,B2290,False,,False,112007
700,730,R2295,B2295,False,,False,140800
700,730,R2298,B2298,False,,False,114506
700,730,R2300,B2300,False,,False,114060
700,730,R2303,B2303,False,,False,89750
700,730,R2306,B2306,False,,False,108421
700,730,R2310,B2310,False,,False,106769
700,730,R2311,B2311,False,,False,113989
700,730,R2320,B2320,False,,False,89750
700,730,R2324,B2324,False,,False,130458
700,730,R2339,B2339,False,,False,138735
700,730,R2340,B2340,False,,False,105703
700,730,R2341,B2341,False,,False,89750
700,730,R2344,B2344,False,,False,114883
700,730,R2350,B2350,False,,False,104296
700,730,R2360,B2360,False,,False,124580
700,730,R2368,B2368,False,,False,105987
700,730,R2374,B2374,False,,False,128528
700,730,R2376,B2376,False,,False,111766
700,730,R2381,B2381,False,,False,123206
700,730,R2382,B2382,False,,False,149682
700,730,R2383,B2383,False,,False,106750
700,730,R2387,B2387,False,,False,113065
700,730,R2392,B2392,False,,False,99956
700,730,R2395,B2395,False,,False,108903
700,730,R2399,B2399,False,,False,113065
700,730,R2400,B2400,False,,False,106875
700,730,R2403,B2403,False,,False,100168
700,730,R2404,B2404,False,,False,107155
700,730,R2405,B2405,False,,False,99655
700,730,R2406,B2406,False,,False,104264
700,730,R2409,B2409,False,,False,99997
700,730,R2410,B2410,False,,False,106750
700,730,R2414,B2414,False,,False,103083
700,730,R2420,B2420,False,,False,106945
700,730,R2421,B2421,False,,False,99956
700,730,R2423,B2423,False,,False,136211
700,730,R2427,B2427,False,,False,108060
700,730,R2431,B2431,False,,False,96311
700,730,R2432,B2432,False,,False,108903
700,730,R2438,B2438,False,,False,100134
700,730,R2442,B2442,False,,False,108903
700,730,R2443,B2443,True,700.0,True,106077
700,730,R2444,B2444,True,700.0,True,114533
700,730,R2456,B2456,True,700.0,True,202150
700,730,R2460,B2460,False,,False,100134
700,730,R2462,B2462,False,,False,100062
700,730,R2463,B2463,False,,False,115482
700,730,R2467,B2467,True,702.0,True,216120
700,730,R2469,B2469,False,,False,100168
700,730,R2470,B2470,False,,False,108302
700,730,R2473,B2473,False,,False,101075
700,730,R2478,B2478,False,,False,79116
700,730,R2479,B2479,False,,False,108302
700,730,R2480,B2480,False,,False,106866
700,730,R2481,B2481,True,704.0,True,327647
700,730,R2482,B2482,True,700.0,True,216788
700,730,R2483,B2483,True,704.0,True,224071
700,730,R2484,B2484,False,,False,103055
700,730,R2485,B2485,True,701.0,True,104914
700,730,R2486,B2486,True,701.0,True,108515
700,730,R2487,B2487,True,700.0,True,211377
700,730,R2488,B2488,True,703.0,True,102670
700,730,R2489,B2489,True,700.0,True,104732
700,730,R2490,B2490,False,,False,97263
700,730,R2491,B2491,False,,False,101075
700,730,R2492,B2492,True,704.0,True,325183
700,730,R2493,B2493,True,706.0,True,105142
700,730,R2494,B2494,False,,False,99292
700,730,R2495,B2495,True,701.0,True,209828
700,730,R2496,B2496,True,705.0,True,108515
700,730,R2497,B2497,True,701.0,True,105688
700,730,R2498,B2498,False,,False,100134
700,730,R2499,B2499,True,701.0,True,102309
700,730,R2500,B2500,True,703.0,True,104732
700,730,R2501,B2501,True,701.0,True,311010
700,730,R2502,B2502,False,,False,100062
700,730,R2503,B2503,True,703.0,True,101220
700,730,R2504,B2504,True,707.0,True,105142
700,730,R2505,B2505,False,,False,99292
700,730,R2506,B2506,False,,False,100168
700,730,R2507,B2507,True,702.0,True,121244
700,730,R2508,B2508,False,,False,96947
700,730,R2509,B2509,True,703.0,True,100766
700,730,R2510,B2510,True,702.0,True,200370
700,730,R2511,B2511,False,,False,100860
700,730,R2512,B2512,False,,False,101705
700,730,R2513,B2513,False,,False,106568
700,730,R2514,B2514,True,703.0,True,206543
700,730,R2515,B2515,False,,False,102083
700,730,R2516,B2516,False,,False,98980
700,730,R2517,B2517,True,708.0,True,103777
700,730,R2518,B2518,False,,False,99292
700,730,R2519,B2519,True,703.0,True,101482
700,730,R2520,B2520,True,704.0,True,103382
700,730,R2521,B2521,False,,False,101339
700,730,R2522,B2522,True,704.0,True,100185
700,730,R2523,B2523,False,,False,106866
700,730,R2524,B2524,False,,False,101220
700,730,R2525,B2525,True,704.0,True,103271
700,730,R2526,B2526,True,709.0,True,103777
700,730,R2527,B2527,True,708.0,True,105142
700,730,R2528,B2528,False,,False,103055
700,730,R2529,B2529,True,704.0,True,100969
700,730,R2530,B2530,False,,False,96947
700,730,R2531,B2531,False,,False,92095
700,730,R2532,B2532,False,,False,99158
700,730,R2533,B2533,True,706.0,True,206543
700,730,R2534,B2534,False,,False,105142
700,730,R2535,B2535,False,,False,103055
700,730,R2536,B2536,True,705.0,True,100969
700,730,R2537,B2537,False,,False,98616
700,730,R2538,B2538,True,705.0,True,96986
700,730,R2539,B2539,True,705.0,True,100185
700,730,R2540,B2540,False,,False,90519
700,730,R2541,B2541,True,706.0,True,103276
700,730,R2542,B2542,True,707.0,True,102772
700,730,R2543,B2543,True,706.0,True,103732
700,730,R2544,B2544,True,707.0,True,309816
700,730,R2545,B2545,True,706.0,True,204027
700,730,R2546,B2546,True,710.0,True,103777
700,730,R2547,B2547,True,707.0,True,315428
700,730,R2548,B2548,True,706.0,True,304446
700,730,R2549,B2549,False,,False,96947
700,730,R2550,B2550,False,,False,100062
700,730,R2551,B2551,True,707.0,True,302503
700,730,R2552,B2552,True,712.0,True,311198
700,730,R2553,B2553,True,712.0,True,206543
700,730,R2554,B2554,True,712.0,True,103777
700,730,R2555,B2555,True,711.0,True,105142
700,730,R2556,B2556,True,712.0,True,198583
700,730,R2557,B2557,False,,False,99292
700,730,R2558,B2558,True,707.0,True,101482
700,730,R2559,B2559,True,707.0,True,206765
700,730,R2560,B2560,True,707.0,True,100969
700,730,R2561,B2561,True,709.0,True,100185
700,730,R2562,B2562,False,,False,92095
700,730,R2563,B2563,True,715.0,True,100062
700,730,R2564,B2564,False,,False,106866
700,730,R2565,B2565,True,708.0,True,100834
700,730,R2566,B2566,True,713.0,True,206543
700,730,R2567,B2567,True,708.0,True,210285
700,730,R2568,B2568,False,,False,103055
700,730,R2569,B2569,True,708.0,True,206765
700,730,R2570,B2570,True,709.0,True,102670
700,730,R2571,B2571,True,709.0,True,102739
700,730,R2572,B2572,False,,False,96947
700,730,R2573,B2573,False,,False,90519
700,730,R2574,B2574,True,710.0,True,102772
700,730,R2575,B2575,True,710.0,True,100834
700,730,R2576,B2576,True,709.0,True,103732
700,730,R2577,B2577,True,709.0,True,206543
700,730,R2578,B2578,False,,False,102083
700,730,R2579,B2579,False,,False,98980
700,730,R2580,B2580,True,710.0,True,105142
700,730,R2581,B2581,False,,False,103055
700,730,R2582,B2582,True,712.0,True,99292
700,730,R2583,B2583,True,713.0,True,101482
700,730,R2584,B2584,True,709.0,True,201938
700,730,R2585,B2585,True,709.0,True,100185
700,730,R2586,B2586,False,,False,90519
700,730,R2587,B2587,False,,False,100131
700,730,R2588,B2588,False,,False,100062
700,730,R2589,B2589,True,710.0,True,102772
700,730,R2590,B2590,False,,False,106866
700,730,R2591,B2591,True,710.0,True,201668
700,730,R2592,B2592,True,712.0,True,103271
700,730,R2593,B2593,False,,False,102013
700,730,R2594,B2594,True,714.0,True,210285
700,730,R2595,B2595,True,716.0,True,206110
700,730,R2596,B2596,False,,False,99292
700,730,R2597,B2597,True,710.0,True,101482
700,730,R2598,B2598,True,710.0,True,201938
700,730,R2599,B2599,True,713.0,True,100185
700,730,R2600,B2600,False,,False,99956
700,730,R2601,B2601,True,710.0,True,101902
700,730,R2602,B2602,False,,False,98250
700,730,R2603,B2603,True,712.0,True,196500
700,730,R2604,B2604,True,711.0,True,195900
700,730,R2605,B2605,False,,False,95800
700,730,R2606,B2606,True,716.0,True,98400
700,730,R2607,B2607,True,714.0,True,98250
700,730,R2608,B2608,True,716.0,True,191000
700,730,R2609,B2609,True,711.0,True,98250
700,730,R2610,B2610,True,712.0,True,98050
700,730,R2611,B2611,False,,False,95500
700,730,R2612,B2612,False,,False,94050
700,730,R2613,B2613,True,715.0,True,96800
700,730,R2614,B2614,False,,False,96700
700,730,R2615,B2615,False,,False,97250
700,730,R2616,B2616,False,,False,95400
700,730,R2617,B2617,True,712.0,True,98149
700,730,R2618,B2618,True,713.0,True,97950
700,730,R2619,B2619,True,717.0,True,98400
700,730,R2620,B2620,False,,False,98050
700,730,R2621,B2621,True,721.0,False,192500
700,730,R2622,B2622,True,712.0,True,98050
700,730,R2623,B2623,False,,False,97350
700,730,R2624,B2624,False,,False,94049
700,730,R2625,B2625,False,,False,95450
700,730,R2626,B2626,False,,False,97250
700,730,R2627,B2627,False,,False,98250
700,730,R2628,B2628,True,716.0,True,98250
700,730,R2629,B2629,False,,False,97950
700,730,R2630,B2630,True,718.0,True,98400
700,730,R2631,B2631,True,713.0,True,196100
700,730,R2632,B2632,False,,False,96250
700,730,R2633,B2633,True,716.0,True,392200
700,730,R2634,B2634,True,713.0,True,98050
700,730,R2635,B2635,True,714.0,True,96100
700,730,R2636,B2636,True,713.0,True,290100
700,730,R2637,B2637,True,718.0,True,194500
700,730,R2638,B2638,False,,False,82250
700,730,R2639,B2639,False,,False,95400
700,730,R2640,B2640,True,714.0,True,196299
700,730,R2641,B2641,True,714.0,True,196500
700,730,R2642,B2642,True,714.0,True,196100
700,730,R2643,B2643,False,,False,96250
700,730,R2644,B2644,True,714.0,True,190900
700,730,R2645,B2645,False,,False,97150
700,730,R2646,B2646,True,720.0,False,194500
700,730,R2647,B2647,True,716.0,True,98250
700,730,R2648,B2648,True,715.0,True,196299
700,730,R2649,B2649,False,,False,97950
700,730,R2650,B2650,True,715.0,True,96250
700,730,R2651,B2651,False,,False,95400
700,730,R2652,B2652,True,715.0,True,93600
700,730,R2653,B2653,True,715.0,True,194500
700,730,R2654,B2654,False,,False,82250
700,730,R2655,B2655,True,716.0,True,98300
700,730,R2656,B2656,True,718.0,True,196299
700,730,R2657,B2657,True,720.0,False,98250
700,730,R2658,B2658,False,,False,98050
700,730,R2659,B2659,True,718.0,True,96250
700,730,R2660,B2660,True,716.0,True,98250
700,730,R2661,B2661,False,,False,97350
700,730,R2662,B2662,False,,False,96300
700,730,R2663,B2663,False,,False,93600
700,730,R2664,B2664,False,,False,96300
700,730,R2665,B2665,False,,False,84100
700,730,R2666,B2666,True,717.0,True,98300
700,730,R2667,B2667,True,717.0,True,96800
700,730,R2668,B2668,True,717.0,True,98250
700,730,R2669,B2669,True,717.0,True,195900
700,730,R2670,B2670,False,,False,98250
700,730,R2671,B2671,True,718.0,True,392200
700,730,R2672,B2672,False,,False,98050
700,730,R2673,B2673,True,717.0,True,288750
700,730,R2674,B2674,True,717.0,True,98250
700,730,R2675,B2675,True,717.0,True,96800
700,730,R2676,B2676,True,720.0,False,96700
700,730,R2677,B2677,True,717.0,True,194500
700,730,R2678,B2678,True,722.0,False,98250
700,730,R2679,B2679,True,718.0,True,98149
700,730,R2680,B2680,True,718.0,True,196500
700,730,R2681,B2681,True,718.0,True,196100
700,730,R2682,B2682,True,718.0,True,98050
700,730,R2683,B2683,True,718.0,True,93350
700,730,R2684,B2684,True,718.0,True,97150
700,730,R2685,B2685,True,718.0,True,96800
700,730,R2686,B2686,True,718.0,True,96400
700,730,R2687,B2687,False,,False,95450
700,730,R2688,B2688,True,721.0,False,98149
700,730,R2689,B2689,True,721.0,False,191600
700,730,R2690,B2690,False,,False,95200
700,730,R2691,B2691,True,719.0,True,98400
700,730,R2692,B2692,True,719.0,True,196500
700,730,R2693,B2693,True,723.0,False,196100
700,730,R2694,B2694,True,719.0,True,98050
700,730,R2695,B2695,True,719.0,True,96250
700,730,R2696,B2696,True,719.0,True,94050
700,730,R2697,B2697,True,720.0,False,96800
700,730,R2698,B2698,False,,False,93650
700,730,R2699,B2699,True,720.0,False,98250
700,730,R2700,B2700,True,720.0,False,193600
700,730,R2701,B2701,True,725.0,False,98149
700,730,R2702,B2702,True,725.0,False,98400
700,730,R2703,B2703,True,721.0,False,98250
700,730,R2704,B2704,True,720.0,False,196100
700,730,R2705,B2705,False,,False,96250
700,730,R2706,B2706,True,720.0,False,98050
700,730,R2707,B2707,True,720.0,False,98250
700,730,R2708,B2708,True,722.0,False,97450
700,730,R2709,B2709,False,,False,94049
700,730,R2710,B2710,True,724.0,False,98250
700,730,R2711,B2711,True,721.0,False,95800
700,730,R2712,B2712,False,,False,95400
700,730,R2713,B2713,True,725.0,False,98149
700,730,R2714,B2714,True,726.0,False,98250
700,730,R2715,B2715,True,721.0,False,294150
700,730,R2716,B2716,True,721.0,False,196500
700,730,R2717,B2717,True,721.0,False,95800
700,730,R2718,B2718,False,,False,96300
700,730,R2719,B2719,True,721.0,False,96700
700,730,R2720,B2720,True,721.0,False,187200
700,730,R2721,B2721,False,,False,93650
700,730,R2722,B2722,True,728.0,False,194300
700,730,R2723,B2723,True,721.0,False,97250
700,730,R2724,B2724,False,,False,94450
700,730,R2725,B2725,True,722.0,False,98400
700,730,R2726,B2726,True,724.0,False,98250
700,730,R2727,B2727,True,725.0,False,98050
700,730,R2728,B2728,False,,False,95500
700,730,R2729,B2729,True,722.0,False,98250
700,730,R2730,B2730,True,722.0,False,95800
700,730,R2731,B2731,False,,False,87450
700,730,R2732,B2732,True,725.0,False,98250
700,730,R2733,B2733,True,723.0,False,98149
700,730,R2734,B2734,True,728.0,False,97950
700,730,R2735,B2735,True,723.0,False,196800
700,730,R2736,B2736,True,728.0,False,98050
700,730,R2737,B2737,True,723.0,False,98050
700,730,R2738,B2738,True,723.0,False,98250
700,730,R2739,B2739,True,723.0,False,96250
700,730,R2740,B2740,False,,False,96400
700,730,R2741,B2741,True,729.0,False,95400
700,730,R2742,B2742,True,725.0,False,98400
700,730,R2743,B2743,True,729.0,False,196100
700,730,R2744,B2744,True,724.0,False,98050
700,730,R2745,B2745,True,724.0,False,98250
700,730,R2746,B2746,True,724.0,False,96250
700,730,R2747,B2747,True,724.0,False,282149
700,730,R2748,B2748,True,724.0,False,193400
700,730,R2749,B2749,False,,False,95450
700,730,R2750,B2750,False,,False,97250
700,730,R2751,B2751,True,724.0,False,77499
700,730,R2752,B2752,True,725.0,False,98300
700,730,R2753,B2753,True,725.0,False,196500
700,730,R2754,B2754,True,725.0,False,196299
700,730,R2755,B2755,True,725.0,False,393000
700,730,R2756,B2756,True,727.0,False,392200
700,730,R2757,B2757,True,727.0,False,96250
700,730,R2758,B2758,True,726.0,False,196100
700,730,R2759,B2759,True,726.0,False,288750
700,730,R2760,B2760,True,725.0,False,97349
700,730,R2761,B2761,True,725.0,False,96800
700,730,R2762,B2762,True,726.0,False,96400
700,730,R2763,B2763,True,725.0,False,97150
700,730,R2764,B2764,False,,False,97250
700,730,R2765,B2765,True,726.0,False,98250
700,730,R2766,B2766,True,728.0,False,196500
700,730,R2767,B2767,True,726.0,False,98400
700,730,R2768,B2768,True,726.0,False,98250
700,730,R2769,B2769,True,726.0,False,196100
700,730,R2770,B2770,True,726.0,False,98250
700,730,R2771,B2771,True,727.0,False,96250
700,730,R2772,B2772,True,728.0,False,95400
700,730,R2773,B2773,False,,False,94500
700,730,R2774,B2774,True,726.0,False,96800
700,730,R2775,B2775,False,,False,96300
700,730,R2776,B2776,True,727.0,False,98250
700,730,R2777,B2777,True,728.0,False,98250
700,730,R2778,B2778,True,727.0,False,98250
700,730,R2779,B2779,True,727.0,False,294449
700,730,R2780,B2780,True,729.0,False,95800
700,730,R2781,B2781,True,727.0,False,98400
700,730,R2782,B2782,True,727.0,False,196100
700,730,R2783,B2783,False,,False,96250
700,730,R2784,B2784,True,727.0,False,96250
700,730,R2785,B2785,True,727.0,False,96700
700,730,R2786,B2786,True,727.0,False,291750
700,730,R2787,B2787,True,727.0,False,194500
700,730,R2788,B2788,True,728.0,False,98250
700,730,R2789,B2789,True,728.0,False,95800
700,730,R2790,B2790,True,728.0,False,98149
700,730,R2791,B2791,True,728.0,False,97950
700,730,R2792,B2792,True,729.0,False,196500
700,730,R2793,B2793,True,728.0,False,196100
700,730,R2794,B2794,False,,False,96250
700,730,R2795,B2795,True,728.0,False,294150
700,730,R2796,B2796,True,728.0,False,196500
700,730,R2797,B2797,True,728.0,False,192500
700,730,R2798,B2798,False,,False,94049
700,730,R2799,B2799,True,728.0,False,96700
700,730,R2800,B2800,True,728.0,False,93600
700,730,R2801,B2801,False,,False,97250
700,730,R2802,B2802,True,730.0,False,194500
700,730,R2803,B2803,True,730.0,False,196500
700,730,R2804,B2804,True,729.0,False,98149
700,730,R2805,B2805,True,730.0,False,97950
700,730,R2806,B2806,True,729.0,False,98250
700,730,R2807,B2807,True,729.0,False,98050
700,730,R2808,B2808,True,730.0,False,96250
700,730,R2809,B2809,True,729.0,False,96800
700,730,R2810,B2810,True,730.0,False,193400
700,730,R2811,B2811,True,729.0,False,96400
700,730,R2812,B2812,False,,False,97250
700,730,R2813,B2813,True,730.0,False,98300
700,730,R2814,B2814,True,730.0,False,98149
700,730,R2815,B2815,True,730.0,False,98250
700,730,R2816,B2816,True,730.0,False,98050
700,730,R2817,B2817,False,,False,96250
700,730,R2818,B2818,True,730.0,False,96250
700,730,R2819,B2819,False,,False,91000
700,730,R2820,B2820,True,730.0,False,97250
720,750,R2460,B2460,False,,False,119631
720,750,R2462,B2462,False,,False,119750
720,750,R2469,B2469,False,,False,119897
720,750,R2473,B2473,False,,False,140800
720,750,R2478,B2478,False,,False,90440
720,750,R2490,B2490,False,,False,116956
720,750,R2491,B2491,False,,False,140800
720,750,R2494,B2494,False,,False,114506
720,750,R2498,B2498,False,,False,119631
720,750,R2502,B2502,False,,False,114125
720,750,R2505,B2505,False,,False,114506
720,750,R2506,B2506,False,,False,114260
720,750,R2508,B2508,False,,False,117233
720,750,R2511,B2511,False,,False,138735
720,750,R2512,B2512,False,,False,145844
720,750,R2515,B2515,False,,False,131018
720,750,R2516,B2516,False,,False,121244
720,750,R2518,B2518,False,,False,114506
720,750,R2521,B2521,False,,False,128564
720,750,R2523,B2523,False,,False,167178
720,750,R2524,B2524,False,,False,130323
720,750,R2528,B2528,False,,False,138091
720,750,R2530,B2530,False,,False,117233
720,750,R2531,B2531,False,,False,107571
720,750,R2532,B2532,False,,False,119164
720,750,R2534,B2534,False,,False,153392
720,750,R2535,B2535,False,,False,138091
720,750,R2537,B2537,False,,False,120431
720,750,R2540,B2540,False,,False,105868
720,750,R2549,B2549,False,,False,111437
720,750,R2550,B2550,False,,False,108500
720,750,R2557,B2557,False,,False,108421
720,750,R2562,B2562,False,,False,101380
720,750,R2564,B2564,False,,False,167178
720,750,R2568,B2568,False,,False,138091
720,750,R2572,B2572,False,,False,111437
720,750,R2573,B2573,False,,False,99728
720,750,R2578,B2578,False,,False,122751
720,750,R2579,B2579,False,,False,114883
720,750,R2581,B2581,False,,False,128081
720,750,R2586,B2586,False,,False,99728
720,750,R2587,B2587,False,,False,108774
720,750,R2588,B2588,False,,False,108500
720,750,R2590,B2590,False,,False,149946
720,750,R2593,B2593,False,,False,122331
720,750,R2596,B2596,False,,False,102335
720,750,R2600,B2600,False,,False,102763
720,750,R2602,B2602,False,,False,123206
720,750,R2605,B2605,False,,False,102161
720,750,R2611,B2611,False,,False,104849
720,750,R2612,B2612,False,,False,99923
720,750,R2614,B2614,False,,False,110640
720,750,R2615,B2615,False,,False,100062
720,750,R2616,B2616,False,,False,107041
720,750,R2620,B2620,False,,False,113065
720,750,R2621,B2621,False,,False,198585
720,750,R2623,B2623,False,,False,100168
720,750,R2624,B2624,False,,False,99845
720,750,R2625,B2625,False,,False,111682
720,750,R2626,B2626,False,,False,100166
720,750,R2627,B2627,False,,False,123206
720,750,R2629,B2629,False,,False,110350
720,750,R2632,B2632,False,,False,99292
720,750,R2638,B2638,False,,False,84125
720,750,R2639,B2639,False,,False,101220
720,750,R2643,B2643,False,,False,99292
720,750,R2645,B2645,False,,False,99956
720,750,R2646,B2646,True,720.0,True,200125
720,750,R2649,B2649,False,,False,106217
720,750,R2651,B2651,False,,False,102176
720,750,R2654,B2654,False,,False,84125
720,750,R2657,B2657,False,,False,112035
720,750,R2658,B2658,False,,False,108060
720,750,R2661,B2661,False,,False,100168
720,750,R2662,B2662,False,,False,104422
720,750,R2663,B2663,False,,False,96627
720,750,R2664,B2664,False,,False,102016
720,750,R2665,B2665,False,,False,86644
720,750,R2670,B2670,False,,False,112035
720,750,R2672,B2672,False,,False,108060
720,750,R2676,B2676,True,720.0,True,103670
720,750,R2678,B2678,True,720.0,True,115482
720,750,R2687,B2687,False,,False,100860
720,750,R2688,B2688,False,,False,108393
720,750,R2689,B2689,False,,False,197961
720,750,R2690,B2690,False,,False,97827
720,750,R2693,B2693,True,723.0,True,206110
720,750,R2697,B2697,True,720.0,True,104732
720,750,R2698,B2698,False,,False,96311
720,750,R2699,B2699,True,720.0,True,108302
720,750,R2700,B2700,True,721.0,True,209737
720,750,R2701,B2701,True,720.0,True,108393
720,750,R2702,B2702,True,720.0,True,109155
720,750,R2703,B2703,False,,False,112035
720,750,R2704,B2704,True,720.0,True,206110
720,750,R2705,B2705,False,,False,99292
720,750,R2706,B2706,True,722.0,True,104914
720,750,R2707,B2707,True,724.0,True,108515
720,750,R2708,B2708,False,,False,101339
720,750,R2709,B2709,False,,False,96947
720,750,R2710,B2710,False,,False,106568
720,750,R2711,B2711,True,721.0,True,122741
720,750,R2712,B2712,False,,False,101075
720,750,R2713,B2713,True,726.0,True,108393
720,750,R2714,B2714,False,,False,105142
720,750,R2715,B2715,True,724.0,True,314742
720,750,R2716,B2716,True,722.0,True,217031
720,750,R2717,B2717,True,721.0,True,102739
720,750,R2718,B2718,False,,False,100433
720,750,R2719,B2719,True,725.0,True,103670
720,750,R2720,B2720,True,721.0,True,193340
720,750,R2721,B2721,False,,False,96311
720,750,R2722,B2722,True,728.0,True,199913
720,750,R2723,B2723,False,,False,100131
720,750,R2724,B2724,False,,False,97263
720,750,R2725,B2725,True,726.0,True,103777
720,750,R2726,B2726,False,,False,105142
720,750,R2727,B2727,False,,False,103055
720,750,R2728,B2728,False,,False,99291
720,750,R2729,B2729,True,722.0,True,103382
720,750,R2730,B2730,True,722.0,True,102739
720,750,R2731,B2731,False,,False,90519
720,750,R2732,B2732,True,723.0,True,106568
720,750,R2733,B2733,True,723.0,True,103271
720,750,R2734,B2734,False,,False,102083
720,750,R2735,B2735,True,723.0,True,207555
720,750,R2736,B2736,False,,False,103055
720,750,R2737,B2737,True,723.0,True,101482
720,750,R2738,B2738,True,723.0,True,103382
720,750,R2739,B2739,True,723.0,True,100969
720,750,R2740,B2740,False,,False,100332
720,750,R2741,B2741,False,,False,101220
720,750,R2742,B2742,True,726.0,True,103777
720,750,R2743,B2743,True,724.0,True,206110
720,750,R2744,B2744,True,724.0,True,101482
720,750,R2745,B2745,True,725.0,True,103382
720,750,R2746,B2746,True,724.0,True,100969
720,750,R2747,B2747,True,728.0,True,290843
720,750,R2748,B2748,True,726.0,True,200370
720,750,R2749,B2749,False,,False,100860
720,750,R2750,B2750,True,724.0,True,100166
720,750,R2751,B2751,True,724.0,True,79116
720,750,R2752,B2752,True,728.0,True,102772
720,750,R2753,B2753,True,725.0,True,207465
720,750,R2754,B2754,True,725.0,True,206543
720,750,R2755,B2755,True,725.0,True,420571
720,750,R2756,B2756,True,725.0,True,412220
720,750,R2757,B2757,False,,False,99292
720,750,R2758,B2758,True,728.0,True,202964
720,750,R2759,B2759,True,726.0,True,302908
720,750,R2760,B2760,False,,False,100134
720,750,R2761,B2761,True,728.0,True,100766
720,750,R2762,B2762,False,,False,101672
720,750,R2763,B2763,True,725.0,True,99956
720,750,R2764,B2764,False,,False,100131
720,750,R2765,B2765,True,728.0,True,103276
720,750,R2766,B2766,True,728.0,True,207465
720,750,R2767,B2767,True,726.0,True,103777
720,750,R2768,B2768,True,726.0,True,105142
720,750,R2769,B2769,True,732.0,True,206110
720,750,R2770,B2770,True,726.0,True,103382
720,750,R2771,B2771,True,727.0,True,100969
720,750,R2772,B2772,False,,False,98788
720,750,R2773,B2773,False,,False,96599
720,750,R2774,B2774,True,726.0,True,100766
720,750,R2775,B2775,False,,False,99158
720,750,R2776,B2776,True,730.0,True,103276
720,750,R2777,B2777,True,727.0,True,106568
720,750,R2778,B2778,False,,False,103732
720,750,R2779,B2779,True,727.0,True,309816
720,750,R2780,B2780,False,,False,98980
720,750,R2781,B2781,True,729.0,True,103777
720,750,R2782,B2782,True,733.0,True,206110
720,750,R2783,B2783,False,,False,99292
720,750,R2784,B2784,True,727.0,True,100969
720,750,R2785,B2785,True,727.0,True,100185
720,750,R2786,B2786,True,727.0,True,300393
720,750,R2787,B2787,True,731.0,True,200125
720,750,R2788,B2788,True,730.0,True,106866
720,750,R2789,B2789,True,728.0,True,109270
720,750,R2790,B2790,True,728.0,True,103271
720,750,R2791,B2791,False,,False,102013
720,750,R2792,B2792,True,729.0,True,210285
720,750,R2793,B2793,True,728.0,True,206110
720,750,R2794,B2794,False,,False,99292
720,750,R2795,B2795,True,728.0,True,304446
720,750,R2796,B2796,True,728.0,True,206765
720,750,R2797,B2797,True,728.0,True,201938
720,750,R2798,B2798,False,,False,96947
720,750,R2799,B2799,True,728.0,True,100185
720,750,R2800,B2800,False,,False,96627
720,750,R2801,B2801,False,,False,100166
720,750,R2802,B2802,True,728.0,True,200125
720,750,R2803,B2803,True,729.0,True,207465
720,750,R2804,B2804,True,734.0,True,103271
720,750,R2805,B2805,False,,False,102083
720,750,R2806,B2806,True,731.0,True,105142
720,750,R2807,B2807,True,729.0,True,101482
720,750,R2808,B2808,True,729.0,True,100969
720,750,R2809,B2809,True,729.0,True,100766
720,750,R2810,B2810,True,733.0,True,200370
720,750,R2811,B2811,False,,False,101672
720,750,R2812,B2812,False,,False,100131
720,750,R2813,B2813,True,730.0,True,102772
720,750,R2814,B2814,True,734.0,True,103271
720,750,R2815,B2815,True,730.0,True,105142
720,750,R2816,B2816,True,730.0,True,103055
720,750,R2817,B2817,False,,False,99292
720,750,R2818,B2818,True,730.0,True,100969
720,750,R2819,B2819,False,,False,93628
720,750,R2820,B2820,True,735.0,True,100062
720,750,R2821,B2821,True,731.0,True,98250
720,750,R2822,B2822,True,732.0,True,196500
720,750,R2823,B2823,True,731.0,True,196299
720,750,R2824,B2824,False,,False,97950
720,750,R2825,B2825,True,734.0,True,294750
720,750,R2826,B2826,False,,False,96250
720,750,R2827,B2827,True,733.0,True,196100
720,750,R2828,B2828,True,731.0,True,98250
720,750,R2829,B2829,True,731.0,True,192500
720,750,R2830,B2830,True,732.0,True,96100
720,750,R2831,B2831,True,731.0,True,97950
720,750,R2832,B2832,True,736.0,True,94050
720,750,R2833,B2833,True,735.0,True,96800
720,750,R2834,B2834,True,731.0,True,96700
720,750,R2835,B2835,False,,False,97150
720,750,R2836,B2836,True,736.0,True,98149
720,750,R2837,B2837,True,733.0,True,196800
720,750,R2838,B2838,True,737.0,True,98250
720,750,R2839,B2839,True,733.0,True,196100
720,750,R2840,B2840,False,,False,96250
720,750,R2841,B2841,True,732.0,True,196100
720,750,R2842,B2842,True,732.0,True,98250
720,750,R2843,B2843,True,732.0,True,192500
720,750,R2844,B2844,True,732.0,True,188099
720,750,R2845,B2845,False,,False,97150
720,750,R2846,B2846,False,,False,97250
720,750,R2847,B2847,False,,False,82250
720,750,R2848,B2848,True,732.0,True,97250
720,750,R2849,B2849,True,732.0,True,97350
720,750,R2850,B2850,True,733.0,True,98300
720,750,R2851,B2851,True,733.0,True,98250
720,750,R2852,B2852,True,733.0,True,96800
720,750,R2853,B2853,True,738.0,True,190800
720,750,R2854,B2854,True,733.0,True,98250
720,750,R2855,B2855,True,733.0,True,98149
720,750,R2856,B2856,True,733.0,True,98400
720,750,R2857,B2857,True,733.0,True,98250
720,750,R2858,B2858,False,,False,96250
720,750,R2859,B2859,True,733.0,True,98050
720,750,R2860,B2860,True,734.0,True,95400
720,750,R2861,B2861,True,735.0,True,188100
720,750,R2862,B2862,True,738.0,True,96800
720,750,R2863,B2863,True,734.0,True,392599
720,750,R2864,B2864,True,734.0,True,98250
720,750,R2865,B2865,True,736.0,True,98050
720,750,R2866,B2866,False,,False,95900
720,750,R2867,B2867,True,743.0,False,96250
720,750,R2868,B2868,True,734.0,True,96250
720,750,R2869,B2869,True,734.0,True,96800
720,750,R2870,B2870,True,734.0,True,193400
720,750,R2871,B2871,False,,False,82250
720,750,R2872,B2872,True,736.0,True,98250
720,750,R2873,B2873,True,736.0,True,98250
720,750,R2874,B2874,True,736.0,True,196800
720,750,R2875,B2875,True,740.0,False,98250
720,750,R2876,B2876,True,736.0,True,98050
720,750,R2877,B2877,True,735.0,True,96250
720,750,R2878,B2878,True,737.0,True,97150
720,750,R2879,B2879,True,736.0,True,94050
720,750,R2880,B2880,False,,False,97250
720,750,R2881,B2881,True,738.0,True,98250
720,750,R2882,B2882,True,741.0,False,98250
720,750,R2883,B2883,True,736.0,True,98149
720,750,R2884,B2884,True,736.0,True,95800
720,750,R2885,B2885,True,741.0,False,98250
720,750,R2886,B2886,True,742.0,False,98050
720,750,R2887,B2887,True,736.0,True,98050
720,750,R2888,B2888,True,736.0,True,98250
720,750,R2889,B2889,True,737.0,True,193400
720,750,R2890,B2890,False,,False,93650
720,750,R2891,B2891,False,,False,87450
720,750,R2892,B2892,False,,False,97250
720,750,R2893,B2893,True,737.0,True,98400
720,750,R2894,B2894,True,737.0,True,392200
720,750,R2895,B2895,True,737.0,True,98050
720,750,R2896,B2896,False,,False,91000
720,750,R2897,B2897,True,737.0,True,96700
720,750,R2898,B2898,True,741.0,False,188900
720,750,R2899,B2899,True,738.0,True,98300
720,750,R2900,B2900,False,,False,97250
720,750,R2901,B2901,True,738.0,True,294449
720,750,R2902,B2902,True,738.0,True,294750
720,750,R2903,B2903,True,739.0,True,98050
720,750,R2904,B2904,True,738.0,True,98050
720,750,R2905,B2905,True,738.0,True,192500
720,750,R2906,B2906,True,740.0,False,97150
720,750,R2907,B2907,True,738.0,True,94049
720,750,R2908,B2908,False,,False,94500
720,750,R2909,B2909,False,,False,97150
720,750,R2910,B2910,True,739.0,True,98250
720,750,R2911,B2911,True,739.0,True,98149
720,750,R2912,B2912,True,744.0,False,98250
720,750,R2913,B2913,True,739.0,True,196100
720,750,R2914,B2914,True,740.0,False,96700
720,750,R2915,B2915,True,745.0,False,95200
720,750,R2916,B2916,True,741.0,False,98250
720,750,R2917,B2917,True,740.0,False,294750
720,750,R2918,B2918,True,740.0,False,96250
720,750,R2919,B2919,True,740.0,False,93350
720,750,R2920,B2920,False,,False,97250
720,750,R2921,B2921,True,741.0,False,98300
720,750,R2922,B2922,True,742.0,False,95200
720,750,R2923,B2923,True,742.0,False,98250
720,750,R2924,B2924,True,741.0,False,98250
720,750,R2925,B2925,True,743.0,False,93350
720,750,R2926,B2926,True,742.0,False,96800
720,750,R2927,B2927,True,743.0,False,96800
720,750,R2928,B2928,True,741.0,False,93600
720,750,R2929,B2929,False,,False,97250
720,750,R2930,B2930,True,741.0,False,89000
720,750,R2931,B2931,True,742.0,False,98250
720,750,R2932,B2932,True,742.0,False,98250
720,750,R2933,B2933,True,742.0,False,95800
720,750,R2934,B2934,True,742.0,False,193600
720,750,R2935,B2935,True,743.0,False,98250
720,750,R2936,B2936,True,742.0,False,97950
720,750,R2937,B2937,True,742.0,False,98050
720,750,R2938,B2938,True,744.0,False,280800
720,750,R2939,B2939,False,,False,96400
720,750,R2940,B2940,True,746.0,False,97250
720,750,R2941,B2941,True,743.0,False,98250
720,750,R2942,B2942,True,744.0,False,96800
720,750,R2943,B2943,True,744.0,False,97950
720,750,R2944,B2944,True,744.0,False,98050
720,750,R2945,B2945,True,743.0,False,98250
720,750,R2946,B2946,True,744.0,False,98300
720,750,R2947,B2947,True,746.0,False,98250
720,750,R2948,B2948,True,747.0,False,98050
720,750,R2949,B2949,True,744.0,False,98250
720,750,R2950,B2950,True,744.0,False,192500
720,750,R2951,B2951,True,744.0,False,96300
720,750,R2952,B2952,False,,False,93650
720,750,R2953,B2953,False,,False,97250
720,750,R2954,B2954,True,745.0,False,193600
720,750,R2955,B2955,True,745.0,False,98149
720,750,R2956,B2956,True,745.0,False,97950
720,750,R2957,B2957,True,745.0,False,98250
720,750,R2958,B2958,True,745.0,False,95700
720,750,R2959,B2959,True,745.0,False,192500
720,750,R2960,B2960,False,,False,93650
720,750,R2961,B2961,False,,False,97250
720,750,R2962,B2962,True,746.0,False,98300
720,750,R2963,B2963,True,746.0,False,191600
720,750,R2964,B2964,True,746.0,False,96399
720,750,R2965,B2965,True,746.0,False,98250
720,750,R2966,B2966,True,746.0,False,196500
720,750,R2967,B2967,True,746.0,False,191600
720,750,R2968,B2968,True,746.0,False,93600
720,750,R2969,B2969,True,747.0,False,98300
720,750,R2970,B2970,True,747.0,False,94200
720,750,R2971,B2971,True,747.0,False,196500
720,750,R2972,B2972,True,747.0,False,96300
720,750,R2973,B2973,True,748.0,False,98300
720,750,R2974,B2974,True,748.0,False,98250
720,750,R2975,B2975,True,748.0,False,195900
720,750,R2976,B2976,True,749.0,False,187200
720,750,R2977,B2977,True,749.0,False,98250
720,750,R2978,B2978,True,750.0,False,96250
720,750,R2979,B2979,True,750.0,False,98050
720,750,R2980,B2980,True,750.0,False,393000
720,750,R2981,B2981,True,749.0,False,196500
720,750,R2982,B2982,True,749.0,False,93350
720,750,R2983,B2983,True,749.0,False,93600
720,750,R2984,B2984,False,,False,96400
720,750,R2985,B2985,True,750.0,False,196600
720,750,R2986,B2986,True,750.0,False,98050
720,750,R2987,B2987,True,750.0,False,96250
720,750,R2988,B2988,True,750.0,False,94500
740,770,R2632,B2632,False,,False,120592
740,770,R2638,B2638,False,,False,97250
740,770,R2643,B2643,False,,False,120592
740,770,R2645,B2645,False,,False,119602
740,770,R2654,B2654,False,,False,97250
740,770,R2661,B2661,False,,False,119897
740,770,R2665,B2665,False,,False,104458
740,770,R2689,B2689,False,,False,242488
740,770,R2690,B2690,False,,False,116223
740,770,R2698,B2698,False,,False,114942
740,770,R2705,B2705,False,,False,114506
740,770,R2708,B2708,False,,False,128564
740,770,R2709,B2709,False,,False,117233
740,770,R2712,B2712,False,,False,140800
740,770,R2718,B2718,False,,False,129371
740,770,R2721,B2721,False,,False,109619
740,770,R2723,B2723,False,,False,120298
740,770,R2724,B2724,False,,False,111329
740,770,R2728,B2728,False,,False,125833
740,770,R2731,B2731,False,,False,112007
740,770,R2734,B2734,False,,False,131018
740,770,R2736,B2736,False,,False,138091
740,770,R2740,B2740,False,,False,127857
740,770,R2741,B2741,False,,False,130323
740,770,R2749,B2749,False,,False,138735
740,770,R2757,B2757,False,,False,108421
740,770,R2760,B2760,False,,False,114060
740,770,R2762,B2762,False,,False,138581
740,770,R2764,B2764,False,,False,114536
740,770,R2772,B2772,False,,False,122504
740,770,R2773,B2773,False,,False,102896
740,770,R2775,B2775,False,,False,119164
740,770,R2778,B2778,False,,False,142113
740,770,R2780,B2780,False,,False,114883
740,770,R2783,B2783,False,,False,108421
740,770,R2791,B2791,False,,False,130458
740,770,R2794,B2794,False,,False,108421
740,770,R2798,B2798,False,,False,111437
740,770,R2800,B2800,False,,False,111766
740,770,R2801,B2801,False,,False,108916
740,770,R2805,B2805,False,,False,122751
740,770,R2811,B2811,False,,False,128036
740,770,R2812,B2812,False,,False,108774
740,770,R2817,B2817,False,,False,102335
740,770,R2819,B2819,False,,False,101512
740,770,R2824,B2824,False,,False,110350
740,770,R2826,B2826,False,,False,99292
740,770,R2835,B2835,False,,False,99956
740,770,R2840,B2840,False,,False,99292
740,770,R2845,B2845,False,,False,99956
740,770,R2846,B2846,False,,False,100166
740,770,R2847,B2847,False,,False,84125
740,770,R2858,B2858,False,,False,99292
740,770,R2866,B2866,False,,False,98421
740,770,R2867,B2867,False,,False,99292
740,770,R2871,B2871,False,,False,84125
740,770,R2875,B2875,True,740.0,True,118928
740,770,R2880,B2880,False,,False,100131
740,770,R2882,B2882,True,740.0,True,109215
740,770,R2885,B2885,True,741.0,True,112035
740,770,R2886,B2886,False,,False,108060
740,770,R2890,B2890,False,,False,96311
740,770,R2891,B2891,False,,False,90519
740,770,R2892,B2892,False,,False,100166
740,770,R2896,B2896,False,,False,93628
740,770,R2898,B2898,True,741.0,True,194526
740,770,R2900,B2900,False,,False,99997
740,770,R2906,B2906,True,740.0,True,99956
740,770,R2908,B2908,False,,False,96599
740,770,R2909,B2909,False,,False,99956
740,770,R2912,B2912,True,744.0,True,112035
740,770,R2914,B2914,False,,False,103670
740,770,R2915,B2915,False,,False,97827
740,770,R2916,B2916,True,741.0,True,112035
740,770,R2917,B2917,True,740.0,True,325547
740,770,R2918,B2918,True,740.0,True,105688
740,770,R2919,B2919,True,740.0,True,96845
740,770,R2920,B2920,False,,False,100166
740,770,R2921,B2921,True,745.0,True,107244
740,770,R2922,B2922,False,,False,97827
740,770,R2923,B2923,True,742.0,True,105142
740,770,R2924,B2924,True,741.0,True,108515
740,770,R2925,B2925,True,743.0,True,96790
740,770,R2926,B2926,False,,False,104732
740,770,R2927,B2927,True,743.0,True,107942
740,770,R2928,B2928,True,741.0,True,96670
740,770,R2929,B2929,False,,False,100131
740,770,R2930,B2930,True,741.0,True,92095
740,770,R2931,B2931,True,744.0,True,103276
740,770,R2932,B2932,True,745.0,True,106866
740,770,R2933,B2933,True,742.0,True,109270
740,770,R2934,B2934,True,747.0,True,201668
740,770,R2935,B2935,True,747.0,True,103732
740,770,R2936,B2936,True,748.0,True,102013
740,770,R2937,B2937,True,747.0,True,101482
740,770,R2938,B2938,True,744.0,True,289883
740,770,R2939,B2939,False,,False,100332
740,770,R2940,B2940,False,,False,100166
740,770,R2941,B2941,True,748.0,True,103276
740,770,R2942,B2942,True,743.0,True,100834
740,770,R2943,B2943,True,748.0,True,102083
740,770,R2944,B2944,True,743.0,True,101482
740,770,R2945,B2945,True,743.0,True,103382
740,770,R2946,B2946,True,744.0,True,102772
740,770,R2947,B2947,True,748.0,True,103732
740,770,R2948,B2948,True,747.0,True,103055
740,770,R2949,B2949,True,744.0,True,103382
740,770,R2950,B2950,True,744.0,True,201938
740,770,R2951,B2951,False,,False,99158
740,770,R2952,B2952,False,,False,96311
740,770,R2953,B2953,False,,False,100166
740,770,R2954,B2954,True,746.0,True,201668
740,770,R2955,B2955,True,745.0,True,103271
740,770,R2956,B2956,True,752.0,True,102083
740,770,R2957,B2957,True,745.0,True,105142
740,770,R2958,B2958,True,745.0,True,101713
740,770,R2959,B2959,True,745.0,True,201938
740,770,R2960,B2960,False,,False,96311
740,770,R2961,B2961,False,,False,100131
740,770,R2962,B2962,True,746.0,True,102772
740,770,R2963,B2963,True,746.0,True,218541
740,770,R2964,B2964,True,748.0,True,99335
740,770,R2965,B2965,True,751.0,True,103732
740,770,R2966,B2966,True,746.0,True,206765
740,770,R2967,B2967,True,746.0,True,217044
740,770,R2968,B2968,True,746.0,True,96627
740,770,R2969,B2969,True,751.0,True,102772
740,770,R2970,B2970,True,748.0,True,99725
740,770,R2971,B2971,True,747.0,True,206765
740,770,R2972,B2972,True,751.0,True,99123
740,770,R2973,B2973,True,748.0,True,102772
740,770,R2974,B2974,True,748.0,True,106866
740,770,R2975,B2975,True,754.0,True,204027
740,770,R2976,B2976,True,752.0,True,193255
740,770,R2977,B2977,True,749.0,True,103732
740,770,R2978,B2978,True,750.0,True,99292
740,770,R2979,B2979,True,751.0,True,101482
740,770,R2980,B2980,True,750.0,True,413531
740,770,R2981,B2981,True,749.0,True,206765
740,770,R2982,B2982,True,749.0,True,96790
740,770,R2983,B2983,True,749.0,True,96670
740,770,R2984,B2984,False,,False,100332
740,770,R2985,B2985,True,750.0,True,205544
740,770,R2986,B2986,True,754.0,True,101482
740,770,R2987,B2987,True,750.0,True,100969
740,770,R2988,B2988,True,753.0,True,96599
740,770,R2989,B2989,True,752.0,True,98250
740,770,R2990,B2990,True,751.0,True,98300
740,770,R2991,B2991,True,751.0,True,193600
740,770,R2992,B2992,True,751.0,True,98149
740,770,R2993,B2993,True,755.0,True,95500
740,770,R2994,B2994,True,751.0,True,196500
740,770,R2995,B2995,True,751.0,True,96250
740,770,R2996,B2996,True,752.0,True,93350
740,770,R2997,B2997,False,,False,92700
740,770,R2998,B2998,True,754.0,True,96800
740,770,R2999,B2999,True,757.0,True,98149
740,770,R3000,B3000,True,753.0,True,98250
740,770,R3001,B3001,True,753.0,True,196100
740,770,R3002,B3002,True,754.0,True,98250
740,770,R3003,B3003,True,755.0,True,98250
740,770,R3004,B3004,True,754.0,True,98300
740,770,R3005,B3005,True,754.0,True,96800
740,770,R3006,B3006,True,753.0,True,294750
740,770,R3007,B3007,True,754.0,True,294449
740,770,R3008,B3008,True,759.0,True,293850
740,770,R3009,B3009,True,753.0,True,196500
740,770,R3010,B3010,True,753.0,True,96800
740,770,R3011,B3011,True,754.0,True,98300
740,770,R3012,B3012,True,758.0,True,195900
740,770,R3013,B3013,True,754.0,True,95800
740,770,R3014,B3014,True,754.0,True,98050
740,770,R3015,B3015,True,756.0,True,196100
740,770,R3016,B3016,True,754.0,True,93350
740,770,R3017,B3017,True,756.0,True,94500
740,770,R3018,B3018,True,757.0,True,98300
740,770,R3019,B3019,True,755.0,True,98250
740,770,R3020,B3020,True,757.0,True,96800
740,770,R3021,B3021,True,755.0,True,96399
740,770,R3022,B3022,True,755.0,True,195900
740,770,R3023,B3023,True,758.0,True,93650
740,770,R3024,B3024,True,756.0,True,98300
740,770,R3025,B3025,True,761.0,False,96800
740,770,R3026,B3026,True,756.0,True,98149
740,770,R3027,B3027,True,756.0,True,97950
740,770,R3028,B3028,True,762.0,False,195900
740,770,R3029,B3029,True,759.0,True,95500
740,770,R3030,B3030,True,757.0,True,196500
740,770,R3031,B3031,True,757.0,True,193400
740,770,R3032,B3032,True,759.0,True,98300
740,770,R3033,B3033,True,758.0,True,98250
740,770,R3034,B3034,True,765.0,False,97350
740,770,R3035,B3035,True,759.0,True,93600
740,770,R3036,B3036,True,761.0,False,93650
740,770,R3037,B3037,True,759.0,True,98300
740,770,R3038,B3038,True,759.0,True,196299
740,770,R3039,B3039,True,759.0,True,195900
740,770,R3040,B3040,True,759.0,True,98250
740,770,R3041,B3041,True,759.0,True,98050
740,770,R3042,B3042,True,759.0,True,95800
740,770,R3043,B3043,True,763.0,False,96400
740,770,R3044,B3044,True,759.0,True,93650
740,770,R3045,B3045,True,760.0,False,98250
740,770,R3046,B3046,True,762.0,False,98300
740,770,R3047,B3047,True,764.0,False,96800
740,770,R3048,B3048,True,760.0,False,98250
740,770,R3049,B3049,True,760.0,False,98149
740,770,R3050,B3050,True,760.0,False,195900
740,770,R3051,B3051,True,762.0,False,97950
740,770,R3052,B3052,True,763.0,False,98250
740,770,R3053,B3053,True,762.0,False,189000
740,770,R3054,B3054,True,761.0,False,291750
740,770,R3055,B3055,True,761.0,False,97350
740,770,R3056,B3056,True,762.0,False,96399
740,770,R3057,B3057,True,762.0,False,196500
740,770,R3058,B3058,True,762.0,False,196500
740,770,R3059,B3059,True,762.0,False,96250
740,770,R3060,B3060,True,767.0,False,93350
740,770,R3061,B3061,True,762.0,False,97350
740,770,R3062,B3062,True,765.0,False,94500
740,770,R3063,B3063,True,762.0,False,96800
740,770,R3064,B3064,True,763.0,False,98149
740,770,R3065,B3065,True,763.0,False,98050
740,770,R3066,B3066,True,763.0,False,98250
740,770,R3067,B3067,True,763.0,False,95700
740,770,R3068,B3068,True,764.0,False,98250
740,770,R3069,B3069,True,764.0,False,95800
740,770,R3070,B3070,True,765.0,False,196500
740,770,R3071,B3071,True,764.0,False,97950
740,770,R3072,B3072,True,764.0,False,98250
740,770,R3073,B3073,True,765.0,False,96250
740,770,R3074,B3074,True,764.0,False,93350
740,770,R3075,B3075,True,764.0,False,96800
740,770,R3076,B3076,True,764.0,False,93600
740,770,R3077,B3077,True,765.0,False,98250
740,770,R3078,B3078,True,765.0,False,98149
740,770,R3079,B3079,True,765.0,False,98250
740,770,R3080,B3080,True,766.0,False,98050
740,770,R3081,B3081,True,765.0,False,98250
740,770,R3082,B3082,True,765.0,False,93350
740,770,R3083,B3083,True,766.0,False,98300
740,770,R3084,B3084,True,768.0,False,98149
740,770,R3085,B3085,True,766.0,False,98250
740,770,R3086,B3086,True,767.0,False,96800
740,770,R3087,B3087,True,766.0,False,96800
740,770,R3088,B3088,True,770.0,False,96400
740,770,R3089,B3089,True,767.0,False,97250
740,770,R3090,B3090,True,767.0,False,97950
740,770,R3091,B3091,True,767.0,False,95800
740,770,R3092,B3092,True,768.0,False,98250
740,770,R3093,B3093,True,767.0,False,98250
740,770,R3094,B3094,True,767.0,False,96400
740,770,R3095,B3095,True,767.0,False,187300
740,770,R3096,B3096,True,768.0,False,98300
740,770,R3097,B3097,True,770.0,False,98149
740,770,R3098,B3098,True,768.0,False,97950
740,770,R3099,B3099,True,768.0,False,95500
740,770,R3100,B3100,True,768.0,False,196500
740,770,R3101,B3101,True,768.0,False,93600
740,770,R3102,B3102,True,768.0,False,95400
740,770,R3103,B3103,True,769.0,False,98250
740,770,R3104,B3104,True,769.0,False,98250
740,770,R3105,B3105,True,769.0,False,94200
740,770,R3106,B3106,True,769.0,False,98050
740,770,R3107,B3107,True,769.0,False,196500
740,770,R3108,B3108,True,769.0,False,96700
740,770,R3109,B3109,True,770.0,False,93650
740,770,R3110,B3110,True,770.0,False,196600
740,770,R3111,B3111,True,770.0,False,96800
740,770,R3112,B3112,True,770.0,False,96399
740,770,R3113,B3113,True,770.0,False,98149
740,770,R3114,B3114,True,770.0,False,195900
740,770,R3115,B3115,True,770.0,False,98050
740,770,R3116,B3116,True,770.0,False,98250
760,790,R2847,B2847,False,,False,97250
760,790,R2858,B2858,False,,False,120592
760,790,R2867,B2867,False,,False,120592
760,790,R2871,B2871,False,,False,97250
760,790,R2890,B2890,False,,False,114942
760,790,R2892,B2892,False,,False,120583
760,790,R2896,B2896,False,,False,112025
760,790,R2900,B2900,False,,False,119226
760,790,R2908,B2908,False,,False,107094
760,790,R2909,B2909,False,,False,119602
760,790,R2915,B2915,False,,False,110967
760,790,R2920,B2920,False,,False,120583
760,790,R2922,B2922,False,,False,110967
760,790,R2929,B2929,False,,False,120298
760,790,R2939,B2939,False,,False,127857
760,790,R2940,B2940,False,,False,114750
760,790,R2951,B2951,False,,False,119164
760,790,R2952,B2952,False,,False,109619
760,790,R2953,B2953,False,,False,114750
760,790,R2960,B2960,False,,False,109619
760,790,R2961,B2961,False,,False,114536
760,790,R2984,B2984,False,,False,119993
760,790,R2997,B2997,False,,False,94772
760,790,R3025,B3025,True,760.0,True,104868
760,790,R3028,B3028,True,763.0,True,212434
760,790,R3034,B3034,True,766.0,True,100168
760,790,R3036,B3036,False,,False,96311
760,790,R3043,B3043,True,763.0,True,100332
760,790,R3045,B3045,True,760.0,True,108302
760,790,R3046,B3046,True,760.0,True,107244
760,790,R3047,B3047,True,764.0,True,104868
760,790,R3048,B3048,True,763.0,True,109215
760,790,R3049,B3049,True,760.0,True,108393
760,790,R3050,B3050,True,760.0,True,204027
760,790,R3051,B3051,True,762.0,True,102231
760,790,R3052,B3052,True,761.0,True,103732
760,790,R3053,B3053,True,765.0,True,193198
760,790,R3054,B3054,True,761.0,True,300393
760,790,R3055,B3055,True,761.0,True,101902
760,790,R3056,B3056,False,,False,99335
760,790,R3057,B3057,True,762.0,True,207465
760,790,R3058,B3058,True,762.0,True,206765
760,790,R3059,B3059,True,762.0,True,100969
760,790,R3060,B3060,True,766.0,True,96845
760,790,R3061,B3061,True,770.0,True,100168
760,790,R3062,B3062,True,762.0,True,96599
760,790,R3063,B3063,True,762.0,True,102371
760,790,R3064,B3064,True,763.0,True,103271
760,790,R3065,B3065,True,768.0,True,101482
760,790,R3066,B3066,True,763.0,True,103382
760,790,R3067,B3067,True,763.0,True,101713
760,790,R3068,B3068,True,764.0,True,103276
760,790,R3069,B3069,True,767.0,True,109270
760,790,R3070,B3070,True,765.0,True,207465
760,790,R3071,B3071,True,764.0,True,102013
760,790,R3072,B3072,True,765.0,True,103382
760,790,R3073,B3073,True,765.0,True,100969
760,790,R3074,B3074,True,766.0,True,96845
760,790,R3075,B3075,True,764.0,True,100766
760,790,R3076,B3076,True,764.0,True,96627
760,790,R3077,B3077,True,766.0,True,103276
760,790,R3078,B3078,True,765.0,True,103271
760,790,R3079,B3079,True,765.0,True,105142
760,790,R3080,B3080,True,769.0,True,103055
760,790,R3081,B3081,True,766.0,True,103382
760,790,R3082,B3082,True,766.0,True,96790
760,790,R3083,B3083,True,766.0,True,102772
760,790,R3084,B3084,True,771.0,True,103271
760,790,R3085,B3085,True,766.0,True,103382
760,790,R3086,B3086,True,767.0,True,100766
760,790,R3087,B3087,True,766.0,True,102371
760,790,R3088,B3088,True,772.0,True,100332
760,790,R3089,B3089,True,770.0,True,99997
760,790,R3090,B3090,True,771.0,True,102083
760,790,R3091,B3091,True,767.0,True,98980
760,790,R3092,B3092,True,767.0,True,105142
760,790,R3093,B3093,True,767.0,True,103382
760,790,R3094,B3094,True,767.0,True,100332
760,790,R3095,B3095,True,767.0,True,192623
760,790,R3096,B3096,True,773.0,True,102772
760,790,R3097,B3097,True,768.0,True,103271
760,790,R3098,B3098,True,768.0,True,102013
760,790,R3099,B3099,True,768.0,True,99291
760,790,R3100,B3100,True,770.0,True,206765
760,790,R3101,B3101,True,768.0,True,96627
760,790,R3102,B3102,True,768.0,True,101705
760,790,R3103,B3103,True,769.0,True,103276
760,790,R3104,B3104,True,769.0,True,103732
760,790,R3105,B3105,True,769.0,True,99725
760,790,R3106,B3106,True,769.0,True,101482
760,790,R3107,B3107,True,769.0,True,206765
760,790,R3108,B3108,True,769.0,True,100185
760,790,R3109,B3109,True,770.0,True,96311
760,790,R3110,B3110,True,770.0,True,205544
760,790,R3111,B3111,True,772.0,True,100834
760,790,R3112,B3112,True,770.0,True,99335
760,790,R3113,B3113,True,771.0,True,103271
760,790,R3114,B3114,True,776.0,True,204027
760,790,R3115,B3115,True,772.0,True,101482
760,790,R3116,B3116,True,770.0,True,103382
760,790,R3117,B3117,True,771.0,True,98250
760,790,R3118,B3118,True,776.0,True,98300
760,790,R3119,B3119,True,771.0,True,96800
760,790,R3120,B3120,True,775.0,True,97950
760,790,R3121,B3121,True,771.0,True,98250
760,790,R3122,B3122,True,771.0,True,98250
760,790,R3123,B3123,True,771.0,True,95800
760,790,R3124,B3124,True,771.0,True,96400
760,790,R3125,B3125,True,771.0,True,96400
760,790,R3126,B3126,True,772.0,True,95800
760,790,R3127,B3127,True,774.0,True,96800
760,790,R3128,B3128,True,778.0,True,98050
760,790,R3129,B3129,True,774.0,True,96250
760,790,R3130,B3130,True,773.0,True,94500
760,790,R3131,B3131,True,779.0,True,97250
760,790,R3132,B3132,True,773.0,True,96800
760,790,R3133,B3133,True,773.0,True,96399
760,790,R3134,B3134,True,773.0,True,195900
760,790,R3135,B3135,True,773.0,True,294750
760,790,R3136,B3136,True,776.0,True,189000
760,790,R3137,B3137,True,774.0,True,98300
760,790,R3138,B3138,True,775.0,True,193600
760,790,R3139,B3139,True,774.0,True,98250
760,790,R3140,B3140,True,779.0,True,97950
760,790,R3141,B3141,True,774.0,True,98250
760,790,R3142,B3142,True,774.0,True,196100
760,790,R3143,B3143,True,774.0,True,98250
760,790,R3144,B3144,True,775.0,True,98250
760,790,R3145,B3145,True,775.0,True,98149
760,790,R3146,B3146,True,775.0,True,98250
760,790,R3147,B3147,True,775.0,True,98050
760,790,R3148,B3148,True,775.0,True,98250
760,790,R3149,B3149,True,780.0,False,96800
760,790,R3150,B3150,True,778.0,True,98250
760,790,R3151,B3151,True,776.0,True,96250
760,790,R3152,B3152,True,776.0,True,93350
760,790,R3153,B3153,True,776.0,True,97250
760,790,R3154,B3154,True,777.0,True,294900
760,790,R3155,B3155,True,780.0,False,96800
760,790,R3156,B3156,True,780.0,False,98149
760,790,R3157,B3157,True,777.0,True,196500
760,790,R3158,B3158,True,777.0,True,98050
760,790,R3159,B3159,True,778.0,True,98250
760,790,R3160,B3160,True,777.0,True,96800
760,790,R3161,B3161,True,778.0,True,98300
760,790,R3162,B3162,True,778.0,True,192799
760,790,R3163,B3163,True,778.0,True,97950
760,790,R3164,B3164,True,778.0,True,196500
760,790,R3165,B3165,True,779.0,True,93350
760,790,R3166,B3166,True,781.0,False,294900
760,790,R3167,B3167,True,779.0,True,98250
760,790,R3168,B3168,True,779.0,True,196299
760,790,R3169,B3169,True,785.0,False,98050
760,790,R3170,B3170,True,783.0,False,98250
760,790,R3171,B3171,True,780.0,False,96800
760,790,R3172,B3172,True,780.0,False,196600
760,790,R3173,B3173,True,781.0,False,96399
760,790,R3174,B3174,True,780.0,False,95500
760,790,R3175,B3175,True,780.0,False,98050
760,790,R3176,B3176,True,781.0,False,98250
760,790,R3177,B3177,True,781.0,False,98300
760,790,R3178,B3178,True,782.0,False,98250
760,790,R3179,B3179,True,781.0,False,98149
760,790,R3180,B3180,True,783.0,False,98250
760,790,R3181,B3181,True,781.0,False,96800
760,790,R3182,B3182,True,783.0,False,196600
760,790,R3183,B3183,True,782.0,False,98050
760,790,R3184,B3184,True,786.0,False,96250
760,790,R3185,B3185,True,783.0,False,98250
760,790,R3186,B3186,True,784.0,False,95800
760,790,R3187,B3187,True,783.0,False,96800
760,790,R3188,B3188,True,784.0,False,98149
760,790,R3189,B3189,True,783.0,False,293850
760,790,R3190,B3190,True,787.0,False,96250
760,790,R3191,B3191,True,784.0,False,96800
760,790,R3192,B3192,True,783.0,False,95450
760,790,R3193,B3193,True,786.0,False,98250
760,790,R3194,B3194,True,784.0,False,196600
760,790,R3195,B3195,True,787.0,False,95800
760,790,R3196,B3196,True,784.0,False,195900
760,790,R3197,B3197,True,784.0,False,196100
760,790,R3198,B3198,True,784.0,False,97950
760,790,R3199,B3199,True,785.0,False,98300
760,790,R3200,B3200,True,785.0,False,196500
760,790,R3201,B3201,True,790.0,False,95800
760,790,R3202,B3202,True,785.0,False,98250
760,790,R3203,B3203,True,785.0,False,98050
760,790,R3204,B3204,True,785.0,False,98250
760,790,R3205,B3205,True,785.0,False,93350
760,790,R3206,B3206,True,785.0,False,97250
760,790,R3207,B3207,True,790.0,False,98250
760,790,R3208,B3208,True,788.0,False,98300
760,790,R3209,B3209,True,788.0,False,98250
760,790,R3210,B3210,True,790.0,False,95800
760,790,R3211,B3211,True,786.0,False,96800
760,790,R3212,B3212,True,787.0,False,98250
760,790,R3213,B3213,True,787.0,False,97950
760,790,R3214,B3214,True,786.0,False,98050
760,790,R3215,B3215,True,786.0,False,294750
760,790,R3216,B3216,True,786.0,False,96250
760,790,R3217,B3217,True,790.0,False,96700
760,790,R3218,B3218,True,790.0,False,93600
760,790,R3219,B3219,True,788.0,False,196500
760,790,R3220,B3220,True,787.0,False,95800
760,790,R3221,B3221,True,788.0,False,294150
760,790,R3222,B3222,True,787.0,False,98250
760,790,R3223,B3223,True,787.0,False,97349
760,790,R3224,B3224,True,787.0,False,93600
760,790,R3225,B3225,True,787.0,False,96400
760,790,R3226,B3226,True,788.0,False,98300
760,790,R3227,B3227,True,790.0,False,97950
760,790,R3228,B3228,True,790.0,False,93350
760,790,R3229,B3229,True,789.0,False,98300
760,790,R3230,B3230,True,790.0,False,196500
760,790,R3231,B3231,True,789.0,False,195900
760,790,R3232,B3232,True,789.0,False,196500
760,790,R3233,B3233,True,789.0,False,96250
760,790,R3234,B3234,True,790.0,False,193600
760,790,R3235,B3235,True,790.0,False,97950
760,790,R3236,B3236,True,790.0,False,98050
760,790,R3237,B3237,True,790.0,False,186700
760,790,R3238,B3238,True,790.0,False,94500
760,790,R3239,B3239,True,790.0,False,187300
780,810,R2997,B2997,False,,False,109282
780,810,R3036,B3036,False,,False,114942
780,810,R3056,B3056,False,,False,119892
780,810,R3149,B3149,False,,False,104868
780,810,R3155,B3155,False,,False,104868
780,810,R3156,B3156,True,780.0,True,108393
780,810,R3166,B3166,True,784.0,True,321733
780,810,R3169,B3169,True,785.0,True,103055
780,810,R3170,B3170,True,783.0,True,108515
780,810,R3171,B3171,True,780.0,True,107942
780,810,R3172,B3172,True,783.0,True,214488
780,810,R3173,B3173,False,,False,99335
780,810,R3174,B3174,True,781.0,True,99291
780,810,R3175,B3175,True,782.0,True,104914
780,810,R3176,B3176,True,786.0,True,103276
780,810,R3177,B3177,True,781.0,True,107244
780,810,R3178,B3178,True,783.0,True,103732
780,810,R3179,B3179,True,781.0,True,108393
780,810,R3180,B3180,True,783.0,True,108515
780,810,R3181,B3181,True,781.0,True,107942
780,810,R3182,B3182,True,782.0,True,205544
780,810,R3183,B3183,True,782.0,True,103055
780,810,R3184,B3184,True,786.0,True,100969
780,810,R3185,B3185,True,786.0,True,103276
780,810,R3186,B3186,True,786.0,True,109270
780,810,R3187,B3187,True,787.0,True,100834
780,810,R3188,B3188,True,784.0,True,103271
780,810,R3189,B3189,True,789.0,True,306250
780,810,R3190,B3190,True,786.0,True,100969
780,810,R3191,B3191,True,783.0,True,102371
780,810,R3192,B3192,True,783.0,True,100860
780,810,R3193,B3193,True,787.0,True,103276
780,810,R3194,B3194,True,785.0,True,205544
780,810,R3195,B3195,True,788.0,True,109270
780,810,R3196,B3196,True,784.0,True,204027
780,810,R3197,B3197,True,785.0,True,202964
780,810,R3198,B3198,True,788.0,True,102231
780,810,R3199,B3199,True,785.0,True,102772
780,810,R3200,B3200,True,787.0,True,207465
780,810,R3201,B3201,True,785.0,True,98980
780,810,R3202,B3202,True,785.0,True,105142
780,810,R3203,B3203,True,785.0,True,101482
780,810,R3204,B3204,True,786.0,True,103382
780,810,R3205,B3205,True,790.0,True,96790
780,810,R3206,B3206,True,785.0,True,100131
780,810,R3207,B3207,True,786.0,True,103276
780,810,R3208,B3208,True,790.0,True,102772
780,810,R3209,B3209,True,787.0,True,106866
780,810,R3210,B3210,True,786.0,True,109270
780,810,R3211,B3211,True,791.0,True,100834
780,810,R3212,B3212,True,786.0,True,103732
780,810,R3213,B3213,True,786.0,True,102013
780,810,R3214,B3214,True,786.0,True,103055
780,810,R3215,B3215,True,787.0,True,310148
780,810,R3216,B3216,True,786.0,True,100969
780,810,R3217,B3217,True,787.0,True,100185
780,810,R3218,B3218,True,786.0,True,96627
780,810,R3219,B3219,True,789.0,True,207465
780,810,R3220,B3220,True,788.0,True,98980
780,810,R3221,B3221,True,788.0,True,304446
780,810,R3222,B3222,True,787.0,True,103382
780,810,R3223,B3223,True,787.0,True,100134
780,810,R3224,B3224,True,790.0,True,96670
780,810,R3225,B3225,True,787.0,True,100332
780,810,R3226,B3226,True,789.0,True,102772
780,810,R3227,B3227,True,788.0,True,102013
780,810,R3228,B3228,True,788.0,True,96845
780,810,R3229,B3229,True,791.0,True,102772
780,810,R3230,B3230,True,790.0,True,207465
780,810,R3231,B3231,True,789.0,True,204167
780,810,R3232,B3232,True,789.0,True,206765
780,810,R3233,B3233,True,789.0,True,100969
780,810,R3234,B3234,True,795.0,True,201668
780,810,R3235,B3235,True,792.0,True,102013
780,810,R3236,B3236,True,790.0,True,101482
780,810,R3237,B3237,True,791.0,True,193691
780,810,R3238,B3238,True,791.0,True,96599
780,810,R3239,B3239,True,790.0,True,192623
780,810,R3240,B3240,True,791.0,True,196500
780,810,R3241,B3241,True,794.0,True,98250
780,810,R3242,B3242,True,796.0,True,98250
780,810,R3243,B3243,True,791.0,True,98149
780,810,R3244,B3244,True,791.0,True,98250
780,810,R3245,B3245,True,793.0,True,98050
780,810,R3246,B3246,True,792.0,True,196500
780,810,R3247,B3247,True,791.0,True,94500
780,810,R3248,B3248,True,792.0,True,195900
780,810,R3249,B3249,True,792.0,True,98050
780,810,R3250,B3250,True,792.0,True,94500
780,810,R3251,B3251,True,792.0,False,97250
780,810,R3252,B3252,True,793.0,True,98250
780,810,R3253,B3253,True,793.0,True,196600
780,810,R3254,B3254,True,795.0,True,98050
780,810,R3255,B3255,True,793.0,True,196500
780,810,R3256,B3256,True,793.0,True,93600
780,810,R3257,B3257,True,796.0,True,196600
780,810,R3258,B3258,True,794.0,True,98050
780,810,R3259,B3259,True,794.0,True,94850
780,810,R3260,B3260,True,794.0,True,93600
780,810,R3261,B3261,True,795.0,False,97250
780,810,R3262,B3262,True,796.0,True,96800
780,810,R3263,B3263,True,800.0,False,98149
780,810,R3264,B3264,True,795.0,True,98250
780,810,R3265,B3265,True,795.0,True,96700
780,810,R3266,B3266,True,800.0,False,98250
780,810,R3267,B3267,True,796.0,True,96800
780,810,R3268,B3268,True,800.0,False,96399
780,810,R3269,B3269,True,796.0,True,98250
780,810,R3270,B3270,True,796.0,True,93350
780,810,R3271,B3271,True,797.0,True,98300
780,810,R3272,B3272,True,797.0,True,98250
780,810,R3273,B3273,True,799.0,True,96800
780,810,R3274,B3274,True,797.0,True,98250
780,810,R3275,B3275,True,799.0,True,186700
780,810,R3276,B3276,True,797.0,True,93600
780,810,R3277,B3277,True,798.0,True,98300
780,810,R3278,B3278,True,798.0,True,97950
780,810,R3279,B3279,True,799.0,True,98250
780,810,R3280,B3280,True,798.0,True,96400
780,810,R3281,B3281,True,799.0,True,96800
780,810,R3282,B3282,True,801.0,False,96399
780,810,R3283,B3283,True,801.0,False,293850
780,810,R3284,B3284,True,800.0,False,98250
780,810,R3285,B3285,True,802.0,False,97950
780,810,R3286,B3286,True,800.0,False,95800
780,810,R3287,B3287,True,800.0,False,95700
780,810,R3288,B3288,True,801.0,False,96250
780,810,R3290,B3290,True,800.0,False,192800
780,810,R3291,B3291,True,801.0,False,98300
780,810,R3292,B3292,True,801.0,False,95700
780,810,R3293,B3293,True,803.0,False,96250
780,810,R3294,B3294,True,801.0,False,93350
780,810,R3295,B3295,True,802.0,False,196600
780,810,R3296,B3296,True,802.0,False,95800
780,810,R3297,B3297,True,802.0,False,96800
780,810,R3298,B3298,True,802.0,False,97950
780,810,R3299,B3299,True,802.0,False,98250
780,810,R3300,B3300,True,803.0,False,95700
780,810,R3301,B3301,True,803.0,False,196600
780,810,R3303,B3303,True,803.0,False,98050
780,810,R3304,B3304,True,803.0,False,95700
780,810,R3305,B3305,True,804.0,False,98300
780,810,R3306,B3306,True,804.0,False,95800
780,810,R3307,B3307,True,804.0,False,97950
780,810,R3308,B3308,True,804.0,False,98250
780,810,R3309,B3309,True,804.0,False,98050
780,810,R3310,B3310,True,804.0,False,95700
780,810,R3311,B3311,True,805.0,False,98300
780,810,R3312,B3312,True,805.0,False,96800
780,810,R3313,B3313,True,805.0,False,98149
780,810,R3314,B3314,True,805.0,False,98250
780,810,R3315,B3315,True,806.0,False,95700
780,810,R3316,B3316,True,806.0,False,96250
780,810,R3319,B3319,True,806.0,False,98250
780,810,R3320,B3320,False,,False,97950
780,810,R3322,B3322,True,806.0,False,191400
780,810,R3324,B3324,False,,False,98250
780,810,R3325,B3325,True,807.0,False,98149
780,810,R3330,B3330,False,,False,98300
800,816,R3251,B3251,False,,False,100166
800,816,R3261,B3261,False,,False,100166
800,816,R3263,B3263,False,,False,113516
800,816,R3266,B3266,False,,False,115482
800,816,R3268,B3268,False,,False,102272
800,816,R3282,B3282,False,,False,99335
800,816,R3283,B3283,True,803.0,True,306250
800,816,R3284,B3284,False,,False,106866
800,816,R3285,B3285,False,,False,102013
800,816,R3286,B3286,False,,False,98980
800,816,R3287,B3287,False,,False,107726
800,816,R3288,B3288,False,,False,105688
800,816,R3290,B3290,False,,False,200664
800,816,R3291,B3291,True,801.0,True,107244
800,816,R3292,B3292,False,,False,107726
800,816,R3293,B3293,False,,False,105688
800,816,R3294,B3294,False,,False,96790
800,816,R3295,B3295,True,806.0,True,205544
800,816,R3296,B3296,False,,False,109270
800,816,R3297,B3297,False,,False,100834
800,816,R3298,B3298,False,,False,102013
800,816,R3299,B3299,True,802.0,True,105142
800,816,R3300,B3300,False,,False,101713
800,816,R3301,B3301,True,804.0,True,205544
800,816,R3303,B3303,False,,False,103055
800,816,R3304,B3304,False,,False,101713
800,816,R3305,B3305,False,,False,102772
800,816,R3306,B3306,False,,False,109270
800,816,R3307,B3307,False,,False,102013
800,816,R3308,B3308,False,,False,105142
800,816,R3309,B3309,False,,False,101482
800,816,R3310,B3310,False,,False,101713
800,816,R3311,B3311,False,,False,102772
800,816,R3312,B3312,False,,False,100834
800,816,R3313,B3313,False,,False,103271
800,816,R3314,B3314,False,,False,103382
800,816,R3315,B3315,False,,False,101713
800,816,R3316,B3316,False,,False,100969
800,816,R3319,B3319,False,,False,103276
800,816,R3320,B3320,False,,False,102013
800,816,R3322,B3322,True,806.0,True,203426
800,816,R3324,B3324,False,,False,106568
800,816,R3325,B3325,False,,False,103271
800,816,R3330,B3330,False,,False,102772
