time_min,time_hhmm,route_node_id,physical_node_id,physical_address,vehicle_count,vehicle_ids
0,05:40,1,1,서울역,12,"0,10,20,30,40,50,60,70,80,90,100,110"
0,05:40,10,10,인천공항,12,"9,19,29,39,49,59,69,79,89,99,109,119"
0,05:40,2,2,수서,12,"1,11,21,31,41,51,61,71,81,91,101,111"
0,05:40,3,3,삼성,12,"2,12,22,32,42,52,62,72,82,92,102,112"
0,05:40,4,4,여의도,12,"3,13,23,33,43,53,63,73,83,93,103,113"
0,05:40,5,5,김포공항,12,"4,14,24,34,44,54,64,74,84,94,104,114"
0,05:40,6,6,일산,12,"5,15,25,35,45,55,65,75,85,95,105,115"
0,05:40,7,7,판교,12,"6,16,26,36,46,56,66,76,86,96,106,116"
0,05:40,8,8,동탄/용인,12,"7,17,27,37,47,57,67,77,87,97,107,117"
0,05:40,9,9,평택,12,"8,18,28,38,48,58,68,78,88,98,108,118"
1,05:41,1,1,서울역,12,"0,10,20,30,40,50,60,70,80,90,100,110"
1,05:41,10,10,인천공항,12,"9,19,29,39,49,59,69,79,89,99,109,119"
1,05:41,2,2,수서,12,"1,11,21,31,41,51,61,71,81,91,101,111"
1,05:41,3,3,삼성,12,"2,12,22,32,42,52,62,72,82,92,102,112"
1,05:41,4,4,여의도,12,"3,13,23,33,43,53,63,73,83,93,103,113"
1,05:41,5,5,김포공항,12,"4,14,24,34,44,54,64,74,84,94,104,114"
1,05:41,6,6,일산,12,"5,15,25,35,45,55,65,75,85,95,105,115"
1,05:41,7,7,판교,12,"6,16,26,36,46,56,66,76,86,96,106,116"
1,05:41,8,8,동탄/용인,12,"7,17,27,37,47,57,67,77,87,97,107,117"
1,05:41,9,9,평택,12,"8,18,28,38,48,58,68,78,88,98,108,118"
2,05:42,1,1,서울역,12,"0,10,20,30,40,50,60,70,80,90,100,110"
2,05:42,10,10,인천공항,12,"9,19,29,39,49,59,69,79,89,99,109,119"
2,05:42,2,2,수서,12,"1,11,21,31,41,51,61,71,81,91,101,111"
2,05:42,3,3,삼성,12,"2,12,22,32,42,52,62,72,82,92,102,112"
2,05:42,4,4,여의도,12,"3,13,23,33,43,53,63,73,83,93,103,113"
2,05:42,5,5,김포공항,12,"4,14,24,34,44,54,64,74,84,94,104,114"
2,05:42,6,6,일산,12,"5,15,25,35,45,55,65,75,85,95,105,115"
2,05:42,7,7,판교,12,"6,16,26,36,46,56,66,76,86,96,106,116"
2,05:42,8,8,동탄/용인,12,"7,17,27,37,47,57,67,77,87,97,107,117"
2,05:42,9,9,평택,12,"8,18,28,38,48,58,68,78,88,98,108,118"
3,05:43,1,1,서울역,12,"0,10,20,30,40,50,60,70,80,90,100,110"
3,05:43,10,10,인천공항,12,"9,19,29,39,49,59,69,79,89,99,109,119"
3,05:43,2,2,수서,12,"1,11,21,31,41,51,61,71,81,91,101,111"
3,05:43,3,3,삼성,12,"2,12,22,32,42,52,62,72,82,92,102,112"
3,05:43,4,4,여의도,12,"3,13,23,33,43,53,63,73,83,93,103,113"
3,05:43,5,5,김포공항,12,"4,14,24,34,44,54,64,74,84,94,104,114"
3,05:43,6,6,일산,12,"5,15,25,35,45,55,65,75,85,95,105,115"
3,05:43,7,7,판교,12,"6,16,26,36,46,56,66,76,86,96,106,116"
3,05:43,8,8,동탄/용인,12,"7,17,27,37,47,57,67,77,87,97,107,117"
3,05:43,9,9,평택,12,"8,18,28,38,48,58,68,78,88,98,108,118"
4,05:44,1,1,서울역,12,"0,10,20,30,40,50,60,70,80,90,100,110"
4,05:44,10,10,인천공항,12,"9,19,29,39,49,59,69,79,89,99,109,119"
4,05:44,2,2,수서,12,"1,11,21,31,41,51,61,71,81,91,101,111"
4,05:44,3,3,삼성,12,"2,12,22,32,42,52,62,72,82,92,102,112"
4,05:44,4,4,여의도,12,"3,13,23,33,43,53,63,73,83,93,103,113"
4,05:44,5,5,김포공항,12,"4,14,24,34,44,54,64,74,84,94,104,114"
4,05:44,6,6,일산,12,"5,15,25,35,45,55,65,75,85,95,105,115"
4,05:44,7,7,판교,12,"6,16,26,36,46,56,66,76,86,96,106,116"
4,05:44,8,8,동탄/용인,12,"7,17,27,37,47,57,67,77,87,97,107,117"
4,05:44,9,9,평택,12,"8,18,28,38,48,58,68,78,88,98,108,118"
5,05:45,1,1,서울역,12,"0,10,20,30,40,50,60,70,80,90,100,110"
5,05:45,10,10,인천공항,12,"9,19,29,39,49,59,69,79,89,99,109,119"
5,05:45,2,2,수서,12,"1,11,21,31,41,51,61,71,81,91,101,111"
5,05:45,3,3,삼성,12,"2,12,22,32,42,52,62,72,82,92,102,112"
5,05:45,4,4,여의도,12,"3,13,23,33,43,53,63,73,83,93,103,113"
5,05:45,5,5,김포공항,12,"4,14,24,34,44,54,64,74,84,94,104,114"
5,05:45,6,6,일산,12,"5,15,25,35,45,55,65,75,85,95,105,115"
5,05:45,7,7,판교,12,"6,16,26,36,46,56,66,76,86,96,106,116"
5,05:45,8,8,동탄/용인,12,"7,17,27,37,47,57,67,77,87,97,107,117"
5,05:45,9,9,평택,12,"8,18,28,38,48,58,68,78,88,98,108,118"
6,05:46,1,1,서울역,12,"0,10,20,30,40,50,60,70,80,90,100,110"
6,05:46,10,10,인천공항,12,"9,19,29,39,49,59,69,79,89,99,109,119"
6,05:46,2,2,수서,12,"1,11,21,31,41,51,61,71,81,91,101,111"
6,05:46,3,3,삼성,12,"2,12,22,32,42,52,62,72,82,92,102,112"
6,05:46,4,4,여의도,12,"3,13,23,33,43,53,63,73,83,93,103,113"
6,05:46,5,5,김포공항,12,"4,14,24,34,44,54,64,74,84,94,104,114"
6,05:46,6,6,일산,12,"5,15,25,35,45,55,65,75,85,95,105,115"
6,05:46,7,7,판교,12,"6,16,26,36,46,56,66,76,86,96,106,116"
6,05:46,8,8,동탄/용인,12,"7,17,27,37,47,57,67,77,87,97,107,117"
6,05:46,9,9,평택,12,"8,18,28,38,48,58,68,78,88,98,108,118"
7,05:47,1,1,서울역,12,"0,10,20,30,40,50,60,70,80,90,100,110"
7,05:47,10,10,인천공항,12,"9,19,29,39,49,59,69,79,89,99,109,119"
7,05:47,2,2,수서,12,"1,11,21,31,41,51,61,71,81,91,101,111"
7,05:47,3,3,삼성,12,"2,12,22,32,42,52,62,72,82,92,102,112"
7,05:47,4,4,여의도,12,"3,13,23,33,43,53,63,73,83,93,103,113"
7,05:47,5,5,김포공항,12,"4,14,24,34,44,54,64,74,84,94,104,114"
7,05:47,6,6,일산,12,"5,15,25,35,45,55,65,75,85,95,105,115"
7,05:47,7,7,판교,12,"6,16,26,36,46,56,66,76,86,96,106,116"
7,05:47,8,8,동탄/용인,12,"7,17,27,37,47,57,67,77,87,97,107,117"
7,05:47,9,9,평택,12,"8,18,28,38,48,58,68,78,88,98,108,118"
8,05:48,1,1,서울역,12,"0,10,20,30,40,50,60,70,80,90,100,110"
8,05:48,10,10,인천공항,12,"9,19,29,39,49,59,69,79,89,99,109,119"
8,05:48,2,2,수서,12,"1,11,21,31,41,51,61,71,81,91,101,111"
8,05:48,3,3,삼성,12,"2,12,22,32,42,52,62,72,82,92,102,112"
8,05:48,4,4,여의도,12,"3,13,23,33,43,53,63,73,83,93,103,113"
8,05:48,5,5,김포공항,12,"4,14,24,34,44,54,64,74,84,94,104,114"
8,05:48,6,6,일산,12,"5,15,25,35,45,55,65,75,85,95,105,115"
8,05:48,7,7,판교,12,"6,16,26,36,46,56,66,76,86,96,106,116"
8,05:48,8,8,동탄/용인,12,"7,17,27,37,47,57,67,77,87,97,107,117"
8,05:48,9,9,평택,12,"8,18,28,38,48,58,68,78,88,98,108,118"
9,05:49,1,1,서울역,12,"0,10,20,30,40,50,60,70,80,90,100,110"
9,05:49,10,10,인천공항,12,"9,19,29,39,49,59,69,79,89,99,109,119"
9,05:49,2,2,수서,12,"1,11,21,31,41,51,61,71,81,91,101,111"
9,05:49,3,3,삼성,12,"2,12,22,32,42,52,62,72,82,92,102,112"
9,05:49,4,4,여의도,12,"3,13,23,33,43,53,63,73,83,93,103,113"
9,05:49,5,5,김포공항,12,"4,14,24,34,44,54,64,74,84,94,104,114"
9,05:49,6,6,일산,12,"5,15,25,35,45,55,65,75,85,95,105,115"
9,05:49,7,7,판교,12,"6,16,26,36,46,56,66,76,86,96,106,116"
9,05:49,8,8,동탄/용인,12,"7,17,27,37,47,57,67,77,87,97,107,117"
9,05:49,9,9,평택,12,"8,18,28,38,48,58,68,78,88,98,108,118"
10,05:50,1,1,서울역,12,"0,10,20,30,40,50,60,70,80,90,100,110"
10,05:50,10,10,인천공항,12,"9,19,29,39,49,59,69,79,89,99,109,119"
10,05:50,2,2,수서,12,"1,11,21,31,41,51,61,71,81,91,101,111"
10,05:50,3,3,삼성,12,"2,12,22,32,42,52,62,72,82,92,102,112"
10,05:50,4,4,여의도,12,"3,13,23,33,43,53,63,73,83,93,103,113"
10,05:50,5,5,김포공항,12,"4,14,24,34,44,54,64,74,84,94,104,114"
10,05:50,6,6,일산,12,"5,15,25,35,45,55,65,75,85,95,105,115"
10,05:50,7,7,판교,12,"6,16,26,36,46,56,66,76,86,96,106,116"
10,05:50,8,8,동탄/용인,12,"7,17,27,37,47,57,67,77,87,97,107,117"
10,05:50,9,9,평택,12,"8,18,28,38,48,58,68,78,88,98,108,118"
11,05:51,1,1,서울역,12,"0,10,20,30,40,50,60,70,80,90,100,110"
11,05:51,10,10,인천공항,12,"9,19,29,39,49,59,69,79,89,99,109,119"
11,05:51,2,2,수서,12,"1,11,21,31,41,51,61,71,81,91,101,111"
11,05:51,3,3,삼성,12,"2,12,22,32,42,52,62,72,82,92,102,112"
11,05:51,4,4,여의도,12,"3,13,23,33,43,53,63,73,83,93,103,113"
11,05:51,5,5,김포공항,12,"4,14,24,34,44,54,64,74,84,94,104,114"
11,05:51,6,6,일산,12,"5,15,25,35,45,55,65,75,85,95,105,115"
11,05:51,7,7,판교,12,"6,16,26,36,46,56,66,76,86,96,106,116"
11,05:51,8,8,동탄/용인,12,"7,17,27,37,47,57,67,77,87,97,107,117"
11,05:51,9,9,평택,12,"8,18,28,38,48,58,68,78,88,98,108,118"
12,05:52,1,1,서울역,12,"0,10,20,30,40,50,60,70,80,90,100,110"
12,05:52,10,10,인천공항,12,"9,19,29,39,49,59,69,79,89,99,109,119"
12,05:52,2,2,수서,12,"1,11,21,31,41,51,61,71,81,91,101,111"
12,05:52,3,3,삼성,12,"2,12,22,32,42,52,62,72,82,92,102,112"
12,05:52,4,4,여의도,12,"3,13,23,33,43,53,63,73,83,93,103,113"
12,05:52,5,5,김포공항,12,"4,14,24,34,44,54,64,74,84,94,104,114"
12,05:52,6,6,일산,12,"5,15,25,35,45,55,65,75,85,95,105,115"
12,05:52,7,7,판교,12,"6,16,26,36,46,56,66,76,86,96,106,116"
12,05:52,8,8,동탄/용인,12,"7,17,27,37,47,57,67,77,87,97,107,117"
12,05:52,9,9,평택,12,"8,18,28,38,48,58,68,78,88,98,108,118"
13,05:53,1,1,서울역,12,"0,10,20,30,40,50,60,70,80,90,100,110"
13,05:53,10,10,인천공항,12,"9,19,29,39,49,59,69,79,89,99,109,119"
13,05:53,2,2,수서,12,"1,11,21,31,41,51,61,71,81,91,101,111"
13,05:53,3,3,삼성,12,"2,12,22,32,42,52,62,72,82,92,102,112"
13,05:53,4,4,여의도,12,"3,13,23,33,43,53,63,73,83,93,103,113"
13,05:53,5,5,김포공항,12,"4,14,24,34,44,54,64,74,84,94,104,114"
13,05:53,6,6,일산,12,"5,15,25,35,45,55,65,75,85,95,105,115"
13,05:53,7,7,판교,12,"6,16,26,36,46,56,66,76,86,96,106,116"
13,05:53,8,8,동탄/용인,12,"7,17,27,37,47,57,67,77,87,97,107,117"
13,05:53,9,9,평택,12,"8,18,28,38,48,58,68,78,88,98,108,118"
14,05:54,1,1,서울역,12,"0,10,20,30,40,50,60,70,80,90,100,110"
14,05:54,10,10,인천공항,12,"9,19,29,39,49,59,69,79,89,99,109,119"
14,05:54,2,2,수서,12,"1,11,21,31,41,51,61,71,81,91,101,111"
14,05:54,3,3,삼성,12,"2,12,22,32,42,52,62,72,82,92,102,112"
14,05:54,4,4,여의도,12,"3,13,23,33,43,53,63,73,83,93,103,113"
14,05:54,5,5,김포공항,12,"4,14,24,34,44,54,64,74,84,94,104,114"
14,05:54,6,6,일산,12,"5,15,25,35,45,55,65,75,85,95,105,115"
14,05:54,7,7,판교,12,"6,16,26,36,46,56,66,76,86,96,106,116"
14,05:54,8,8,동탄/용인,12,"7,17,27,37,47,57,67,77,87,97,107,117"
14,05:54,9,9,평택,12,"8,18,28,38,48,58,68,78,88,98,108,118"
15,05:55,1,1,서울역,12,"0,10,20,30,40,50,60,70,80,90,100,110"
15,05:55,10,10,인천공항,12,"9,19,29,39,49,59,69,79,89,99,109,119"
15,05:55,2,2,수서,12,"1,11,21,31,41,51,61,71,81,91,101,111"
15,05:55,3,3,삼성,12,"2,12,22,32,42,52,62,72,82,92,102,112"
15,05:55,4,4,여의도,12,"3,13,23,33,43,53,63,73,83,93,103,113"
15,05:55,5,5,김포공항,12,"4,14,24,34,44,54,64,74,84,94,104,114"
15,05:55,6,6,일산,12,"5,15,25,35,45,55,65,75,85,95,105,115"
15,05:55,7,7,판교,12,"6,16,26,36,46,56,66,76,86,96,106,116"
15,05:55,8,8,동탄/용인,12,"7,17,27,37,47,57,67,77,87,97,107,117"
15,05:55,9,9,평택,12,"8,18,28,38,48,58,68,78,88,98,108,118"
16,05:56,1,1,서울역,12,"0,10,20,30,40,50,60,70,80,90,100,110"
16,05:56,10,10,인천공항,12,"9,19,29,39,49,59,69,79,89,99,109,119"
16,05:56,2,2,수서,12,"1,11,21,31,41,51,61,71,81,91,101,111"
16,05:56,3,3,삼성,12,"2,12,22,32,42,52,62,72,82,92,102,112"
16,05:56,4,4,여의도,12,"3,13,23,33,43,53,63,73,83,93,103,113"
16,05:56,5,5,김포공항,12,"4,14,24,34,44,54,64,74,84,94,104,114"
16,05:56,6,6,일산,12,"5,15,25,35,45,55,65,75,85,95,105,115"
16,05:56,7,7,판교,12,"6,16,26,36,46,56,66,76,86,96,106,116"
16,05:56,8,8,동탄/용인,12,"7,17,27,37,47,57,67,77,87,97,107,117"
16,05:56,9,9,평택,12,"8,18,28,38,48,58,68,78,88,98,108,118"
17,05:57,1,1,서울역,12,"0,10,20,30,40,50,60,70,80,90,100,110"
17,05:57,10,10,인천공항,12,"9,19,29,39,49,59,69,79,89,99,109,119"
17,05:57,2,2,수서,12,"1,11,21,31,41,51,61,71,81,91,101,111"
17,05:57,3,3,삼성,12,"2,12,22,32,42,52,62,72,82,92,102,112"
17,05:57,4,4,여의도,12,"3,13,23,33,43,53,63,73,83,93,103,113"
17,05:57,5,5,김포공항,12,"4,14,24,34,44,54,64,74,84,94,104,114"
17,05:57,6,6,일산,12,"5,15,25,35,45,55,65,75,85,95,105,115"
17,05:57,7,7,판교,12,"6,16,26,36,46,56,66,76,86,96,106,116"
17,05:57,8,8,동탄/용인,12,"7,17,27,37,47,57,67,77,87,97,107,117"
17,05:57,9,9,평택,12,"8,18,28,38,48,58,68,78,88,98,108,118"
18,05:58,1,1,서울역,12,"0,10,20,30,40,50,60,70,80,90,100,110"
18,05:58,10,10,인천공항,12,"9,19,29,39,49,59,69,79,89,99,109,119"
18,05:58,2,2,수서,12,"1,11,21,31,41,51,61,71,81,91,101,111"
18,05:58,3,3,삼성,12,"2,12,22,32,42,52,62,72,82,92,102,112"
18,05:58,4,4,여의도,12,"3,13,23,33,43,53,63,73,83,93,103,113"
18,05:58,5,5,김포공항,12,"4,14,24,34,44,54,64,74,84,94,104,114"
18,05:58,6,6,일산,12,"5,15,25,35,45,55,65,75,85,95,105,115"
18,05:58,7,7,판교,12,"6,16,26,36,46,56,66,76,86,96,106,116"
18,05:58,8,8,동탄/용인,12,"7,17,27,37,47,57,67,77,87,97,107,117"
18,05:58,9,9,평택,12,"8,18,28,38,48,58,68,78,88,98,108,118"
19,05:59,1,1,서울역,12,"0,10,20,30,40,50,60,70,80,90,100,110"
19,05:59,10,10,인천공항,12,"9,19,29,39,49,59,69,79,89,99,109,119"
19,05:59,2,2,수서,12,"1,11,21,31,41,51,61,71,81,91,101,111"
19,05:59,3,3,삼성,12,"2,12,22,32,42,52,62,72,82,92,102,112"
19,05:59,4,4,여의도,12,"3,13,23,33,43,53,63,73,83,93,103,113"
19,05:59,5,5,김포공항,12,"4,14,24,34,44,54,64,74,84,94,104,114"
19,05:59,6,6,일산,12,"5,15,25,35,45,55,65,75,85,95,105,115"
19,05:59,7,7,판교,12,"6,16,26,36,46,56,66,76,86,96,106,116"
19,05:59,8,8,동탄/용인,12,"7,17,27,37,47,57,67,77,87,97,107,117"
19,05:59,9,9,평택,12,"8,18,28,38,48,58,68,78,88,98,108,118"
20,06:00,1,1,서울역,12,"0,10,20,30,40,50,60,70,80,90,100,110"
20,06:00,10,10,인천공항,12,"9,19,29,39,49,59,69,79,89,99,109,119"
20,06:00,2,2,수서,12,"1,11,21,31,41,51,61,71,81,91,101,111"
20,06:00,3,3,삼성,12,"2,12,22,32,42,52,62,72,82,92,102,112"
20,06:00,4,4,여의도,12,"3,13,23,33,43,53,63,73,83,93,103,113"
20,06:00,5,5,김포공항,12,"4,14,24,34,44,54,64,74,84,94,104,114"
20,06:00,6,6,일산,12,"5,15,25,35,45,55,65,75,85,95,105,115"
20,06:00,7,7,판교,12,"6,16,26,36,46,56,66,76,86,96,106,116"
20,06:00,8,8,동탄/용인,12,"7,17,27,37,47,57,67,77,87,97,107,117"
20,06:00,9,9,평택,12,"8,18,28,38,48,58,68,78,88,98,108,118"
21,06:01,1,1,서울역,12,"0,10,20,30,40,50,60,70,80,90,100,110"
21,06:01,10,10,인천공항,12,"9,19,29,39,49,59,69,79,89,99,109,119"
21,06:01,2,2,수서,12,"1,11,21,31,41,51,61,71,81,91,101,111"
21,06:01,3,3,삼성,12,"2,12,22,32,42,52,62,72,82,92,102,112"
21,06:01,4,4,여의도,12,"3,13,23,33,43,53,63,73,83,93,103,113"
21,06:01,5,5,김포공항,12,"4,14,24,34,44,54,64,74,84,94,104,114"
21,06:01,6,6,일산,12,"5,15,25,35,45,55,65,75,85,95,105,115"
21,06:01,7,7,판교,12,"6,16,26,36,46,56,66,76,86,96,106,116"
21,06:01,8,8,동탄/용인,12,"7,17,27,37,47,57,67,77,87,97,107,117"
21,06:01,9,9,평택,12,"8,18,28,38,48,58,68,78,88,98,108,118"
22,06:02,1,1,서울역,12,"0,10,20,30,40,50,60,70,80,90,100,110"
22,06:02,10,10,인천공항,12,"9,19,29,39,49,59,69,79,89,99,109,119"
22,06:02,2,2,수서,12,"1,11,21,31,41,51,61,71,81,91,101,111"
22,06:02,3,3,삼성,12,"2,12,22,32,42,52,62,72,82,92,102,112"
22,06:02,4,4,여의도,12,"3,13,23,33,43,53,63,73,83,93,103,113"
22,06:02,5,5,김포공항,12,"4,14,24,34,44,54,64,74,84,94,104,114"
22,06:02,6,6,일산,12,"5,15,25,35,45,55,65,75,85,95,105,115"
22,06:02,7,7,판교,12,"6,16,26,36,46,56,66,76,86,96,106,116"
22,06:02,8,8,동탄/용인,12,"7,17,27,37,47,57,67,77,87,97,107,117"
22,06:02,9,9,평택,12,"8,18,28,38,48,58,68,78,88,98,108,118"
23,06:03,1,1,서울역,12,"0,10,20,30,40,50,60,70,80,90,100,110"
23,06:03,10,10,인천공항,12,"9,19,29,39,49,59,69,79,89,99,109,119"
23,06:03,2,2,수서,12,"1,11,21,31,41,51,61,71,81,91,101,111"
23,06:03,3,3,삼성,12,"2,12,22,32,42,52,62,72,82,92,102,112"
23,06:03,4,4,여의도,12,"3,13,23,33,43,53,63,73,83,93,103,113"
23,06:03,5,5,김포공항,12,"4,14,24,34,44,54,64,74,84,94,104,114"
23,06:03,6,6,일산,12,"5,15,25,35,45,55,65,75,85,95,105,115"
23,06:03,7,7,판교,12,"6,16,26,36,46,56,66,76,86,96,106,116"
23,06:03,8,8,동탄/용인,12,"7,17,27,37,47,57,67,77,87,97,107,117"
23,06:03,9,9,평택,12,"8,18,28,38,48,58,68,78,88,98,108,118"
24,06:04,1,1,서울역,12,"0,10,20,30,40,50,60,70,80,90,100,110"
24,06:04,10,10,인천공항,12,"9,19,29,39,49,59,69,79,89,99,109,119"
24,06:04,2,2,수서,12,"1,11,21,31,41,51,61,71,81,91,101,111"
24,06:04,3,3,삼성,12,"2,12,22,32,42,52,62,72,82,92,102,112"
24,06:04,4,4,여의도,12,"3,13,23,33,43,53,63,73,83,93,103,113"
24,06:04,5,5,김포공항,12,"4,14,24,34,44,54,64,74,84,94,104,114"
24,06:04,6,6,일산,12,"5,15,25,35,45,55,65,75,85,95,105,115"
24,06:04,7,7,판교,12,"6,16,26,36,46,56,66,76,86,96,106,116"
24,06:04,8,8,동탄/용인,12,"7,17,27,37,47,57,67,77,87,97,107,117"
24,06:04,9,9,평택,12,"8,18,28,38,48,58,68,78,88,98,108,118"
25,06:05,1,1,서울역,12,"0,10,20,30,40,50,60,70,80,90,100,110"
25,06:05,10,10,인천공항,12,"9,19,29,39,49,59,69,79,89,99,109,119"
25,06:05,2,2,수서,12,"1,11,21,31,41,51,61,71,81,91,101,111"
25,06:05,3,3,삼성,12,"2,12,22,32,42,52,62,72,82,92,102,112"
25,06:05,4,4,여의도,12,"3,13,23,33,43,53,63,73,83,93,103,113"
25,06:05,5,5,김포공항,12,"4,14,24,34,44,54,64,74,84,94,104,114"
25,06:05,6,6,일산,12,"5,15,25,35,45,55,65,75,85,95,105,115"
25,06:05,7,7,판교,12,"6,16,26,36,46,56,66,76,86,96,106,116"
25,06:05,8,8,동탄/용인,12,"7,17,27,37,47,57,67,77,87,97,107,117"
25,06:05,9,9,평택,12,"8,18,28,38,48,58,68,78,88,98,108,118"
26,06:06,1,1,서울역,12,"0,10,20,30,40,50,60,70,80,90,100,110"
26,06:06,10,10,인천공항,12,"9,19,29,39,49,59,69,79,89,99,109,119"
26,06:06,2,2,수서,12,"1,11,21,31,41,51,61,71,81,91,101,111"
26,06:06,3,3,삼성,12,"2,12,22,32,42,52,62,72,82,92,102,112"
26,06:06,4,4,여의도,12,"3,13,23,33,43,53,63,73,83,93,103,113"
26,06:06,5,5,김포공항,12,"4,14,24,34,44,54,64,74,84,94,104,114"
26,06:06,6,6,일산,12,"5,15,25,35,45,55,65,75,85,95,105,115"
26,06:06,7,7,판교,12,"6,16,26,36,46,56,66,76,86,96,106,116"
26,06:06,8,8,동탄/용인,12,"7,17,27,37,47,57,67,77,87,97,107,117"
26,06:06,9,9,평택,12,"8,18,28,38,48,58,68,78,88,98,108,118"
27,06:07,1,1,서울역,12,"0,10,20,30,40,50,60,70,80,90,100,110"
27,06:07,10,10,인천공항,12,"9,19,29,39,49,59,69,79,89,99,109,119"
27,06:07,2,2,수서,12,"1,11,21,31,41,51,61,71,81,91,101,111"
27,06:07,3,3,삼성,12,"2,12,22,32,42,52,62,72,82,92,102,112"
27,06:07,4,4,여의도,12,"3,13,23,33,43,53,63,73,83,93,103,113"
27,06:07,5,5,김포공항,12,"4,14,24,34,44,54,64,74,84,94,104,114"
27,06:07,6,6,일산,12,"5,15,25,35,45,55,65,75,85,95,105,115"
27,06:07,7,7,판교,12,"6,16,26,36,46,56,66,76,86,96,106,116"
27,06:07,8,8,동탄/용인,12,"7,17,27,37,47,57,67,77,87,97,107,117"
27,06:07,9,9,평택,12,"8,18,28,38,48,58,68,78,88,98,108,118"
28,06:08,1,1,서울역,12,"0,10,20,30,40,50,60,70,80,90,100,110"
28,06:08,10,10,인천공항,12,"9,19,29,39,49,59,69,79,89,99,109,119"
28,06:08,2,2,수서,12,"1,11,21,31,41,51,61,71,81,91,101,111"
28,06:08,3,3,삼성,12,"2,12,22,32,42,52,62,72,82,92,102,112"
28,06:08,4,4,여의도,12,"3,13,23,33,43,53,63,73,83,93,103,113"
28,06:08,5,5,김포공항,12,"4,14,24,34,44,54,64,74,84,94,104,114"
28,06:08,6,6,일산,12,"5,15,25,35,45,55,65,75,85,95,105,115"
28,06:08,7,7,판교,12,"6,16,26,36,46,56,66,76,86,96,106,116"
28,06:08,8,8,동탄/용인,12,"7,17,27,37,47,57,67,77,87,97,107,117"
28,06:08,9,9,평택,12,"8,18,28,38,48,58,68,78,88,98,108,118"
29,06:09,1,1,서울역,12,"0,10,20,30,40,50,60,70,80,90,100,110"
29,06:09,10,10,인천공항,12,"9,19,29,39,49,59,69,79,89,99,109,119"
29,06:09,2,2,수서,12,"1,11,21,31,41,51,61,71,81,91,101,111"
29,06:09,3,3,삼성,12,"2,12,22,32,42,52,62,72,82,92,102,112"
29,06:09,4,4,여의도,12,"3,13,23,33,43,53,63,73,83,93,103,113"
29,06:09,5,5,김포공항,12,"4,14,24,34,44,54,64,74,84,94,104,114"
29,06:09,6,6,일산,12,"5,15,25,35,45,55,65,75,85,95,105,115"
29,06:09,7,7,판교,12,"6,16,26,36,46,56,66,76,86,96,106,116"
29,06:09,8,8,동탄/용인,12,"7,17,27,37,47,57,67,77,87,97,107,117"
29,06:09,9,9,평택,12,"8,18,28,38,48,58,68,78,88,98,108,118"
30,06:10,1,1,서울역,12,"0,10,20,30,40,50,60,70,80,90,100,110"
30,06:10,10,10,인천공항,12,"9,19,29,39,49,59,69,79,89,99,109,119"
30,06:10,2,2,수서,12,"1,11,21,31,41,51,61,71,81,91,101,111"
30,06:10,3,3,삼성,12,"2,12,22,32,42,52,62,72,82,92,102,112"
30,06:10,4,4,여의도,12,"3,13,23,33,43,53,63,73,83,93,103,113"
30,06:10,5,5,김포공항,12,"4,14,24,34,44,54,64,74,84,94,104,114"
30,06:10,6,6,일산,12,"5,15,25,35,45,55,65,75,85,95,105,115"
30,06:10,7,7,판교,12,"6,16,26,36,46,56,66,76,86,96,106,116"
30,06:10,8,8,동탄/용인,12,"7,17,27,37,47,57,67,77,87,97,107,117"
30,06:10,9,9,평택,12,"8,18,28,38,48,58,68,78,88,98,108,118"
31,06:11,1,1,서울역,12,"0,10,20,30,40,50,60,70,80,90,100,110"
31,06:11,10,10,인천공항,12,"9,19,29,39,49,59,69,79,89,99,109,119"
31,06:11,2,2,수서,12,"1,11,21,31,41,51,61,71,81,91,101,111"
31,06:11,3,3,삼성,12,"2,12,22,32,42,52,62,72,82,92,102,112"
31,06:11,4,4,여의도,12,"3,13,23,33,43,53,63,73,83,93,103,113"
31,06:11,5,5,김포공항,12,"4,14,24,34,44,54,64,74,84,94,104,114"
31,06:11,6,6,일산,12,"5,15,25,35,45,55,65,75,85,95,105,115"
31,06:11,7,7,판교,12,"6,16,26,36,46,56,66,76,86,96,106,116"
31,06:11,8,8,동탄/용인,12,"7,17,27,37,47,57,67,77,87,97,107,117"
31,06:11,9,9,평택,12,"8,18,28,38,48,58,68,78,88,98,108,118"
32,06:12,1,1,서울역,12,"0,10,20,30,40,50,60,70,80,90,100,110"
32,06:12,10,10,인천공항,12,"9,19,29,39,49,59,69,79,89,99,109,119"
32,06:12,2,2,수서,12,"1,11,21,31,41,51,61,71,81,91,101,111"
32,06:12,3,3,삼성,12,"2,12,22,32,42,52,62,72,82,92,102,112"
32,06:12,4,4,여의도,12,"3,13,23,33,43,53,63,73,83,93,103,113"
32,06:12,5,5,김포공항,12,"4,14,24,34,44,54,64,74,84,94,104,114"
32,06:12,6,6,일산,12,"5,15,25,35,45,55,65,75,85,95,105,115"
32,06:12,7,7,판교,12,"6,16,26,36,46,56,66,76,86,96,106,116"
32,06:12,8,8,동탄/용인,12,"7,17,27,37,47,57,67,77,87,97,107,117"
32,06:12,9,9,평택,12,"8,18,28,38,48,58,68,78,88,98,108,118"
33,06:13,1,1,서울역,12,"0,10,20,30,40,50,60,70,80,90,100,110"
33,06:13,10,10,인천공항,12,"9,19,29,39,49,59,69,79,89,99,109,119"
33,06:13,2,2,수서,12,"1,11,21,31,41,51,61,71,81,91,101,111"
33,06:13,3,3,삼성,12,"2,12,22,32,42,52,62,72,82,92,102,112"
33,06:13,4,4,여의도,12,"3,13,23,33,43,53,63,73,83,93,103,113"
33,06:13,5,5,김포공항,12,"4,14,24,34,44,54,64,74,84,94,104,114"
33,06:13,6,6,일산,12,"5,15,25,35,45,55,65,75,85,95,105,115"
33,06:13,7,7,판교,12,"6,16,26,36,46,56,66,76,86,96,106,116"
33,06:13,8,8,동탄/용인,12,"7,17,27,37,47,57,67,77,87,97,107,117"
33,06:13,9,9,평택,12,"8,18,28,38,48,58,68,78,88,98,108,118"
34,06:14,1,1,서울역,12,"0,10,20,30,40,50,60,70,80,90,100,110"
34,06:14,10,10,인천공항,12,"9,19,29,39,49,59,69,79,89,99,109,119"
34,06:14,2,2,수서,12,"1,11,21,31,41,51,61,71,81,91,101,111"
34,06:14,3,3,삼성,12,"2,12,22,32,42,52,62,72,82,92,102,112"
34,06:14,4,4,여의도,12,"3,13,23,33,43,53,63,73,83,93,103,113"
34,06:14,5,5,김포공항,12,"4,14,24,34,44,54,64,74,84,94,104,114"
34,06:14,6,6,일산,12,"5,15,25,35,45,55,65,75,85,95,105,115"
34,06:14,7,7,판교,12,"6,16,26,36,46,56,66,76,86,96,106,116"
34,06:14,8,8,동탄/용인,12,"7,17,27,37,47,57,67,77,87,97,107,117"
34,06:14,9,9,평택,12,"8,18,28,38,48,58,68,78,88,98,108,118"
35,06:15,1,1,서울역,12,"0,10,20,30,40,50,60,70,80,90,100,110"
35,06:15,10,10,인천공항,12,"9,19,29,39,49,59,69,79,89,99,109,119"
35,06:15,2,2,수서,12,"1,11,21,31,41,51,61,71,81,91,101,111"
35,06:15,3,3,삼성,12,"2,12,22,32,42,52,62,72,82,92,102,112"
35,06:15,4,4,여의도,12,"3,13,23,33,43,53,63,73,83,93,103,113"
35,06:15,5,5,김포공항,12,"4,14,24,34,44,54,64,74,84,94,104,114"
35,06:15,6,6,일산,12,"5,15,25,35,45,55,65,75,85,95,105,115"
35,06:15,7,7,판교,12,"6,16,26,36,46,56,66,76,86,96,106,116"
35,06:15,8,8,동탄/용인,12,"7,17,27,37,47,57,67,77,87,97,107,117"
35,06:15,9,9,평택,12,"8,18,28,38,48,58,68,78,88,98,108,118"
36,06:16,1,1,서울역,12,"0,10,20,30,40,50,60,70,80,90,100,110"
36,06:16,10,10,인천공항,12,"9,19,29,39,49,59,69,79,89,99,109,119"
36,06:16,2,2,수서,12,"1,11,21,31,41,51,61,71,81,91,101,111"
36,06:16,3,3,삼성,12,"2,12,22,32,42,52,62,72,82,92,102,112"
36,06:16,4,4,여의도,12,"3,13,23,33,43,53,63,73,83,93,103,113"
36,06:16,5,5,김포공항,12,"4,14,24,34,44,54,64,74,84,94,104,114"
36,06:16,6,6,일산,12,"5,15,25,35,45,55,65,75,85,95,105,115"
36,06:16,7,7,판교,12,"6,16,26,36,46,56,66,76,86,96,106,116"
36,06:16,8,8,동탄/용인,12,"7,17,27,37,47,57,67,77,87,97,107,117"
36,06:16,9,9,평택,12,"8,18,28,38,48,58,68,78,88,98,108,118"
37,06:17,1,1,서울역,12,"0,10,20,30,40,50,60,70,80,90,100,110"
37,06:17,10,10,인천공항,12,"9,19,29,39,49,59,69,79,89,99,109,119"
37,06:17,2,2,수서,12,"1,11,21,31,41,51,61,71,81,91,101,111"
37,06:17,3,3,삼성,12,"2,12,22,32,42,52,62,72,82,92,102,112"
37,06:17,4,4,여의도,12,"3,13,23,33,43,53,63,73,83,93,103,113"
37,06:17,5,5,김포공항,12,"4,14,24,34,44,54,64,74,84,94,104,114"
37,06:17,6,6,일산,12,"5,15,25,35,45,55,65,75,85,95,105,115"
37,06:17,7,7,판교,12,"6,16,26,36,46,56,66,76,86,96,106,116"
37,06:17,8,8,동탄/용인,12,"7,17,27,37,47,57,67,77,87,97,107,117"
37,06:17,9,9,평택,12,"8,18,28,38,48,58,68,78,88,98,108,118"
38,06:18,1,1,서울역,12,"0,10,20,30,40,50,60,70,80,90,100,110"
38,06:18,10,10,인천공항,12,"9,19,29,39,49,59,69,79,89,99,109,119"
38,06:18,2,2,수서,12,"1,11,21,31,41,51,61,71,81,91,101,111"
38,06:18,3,3,삼성,12,"2,12,22,32,42,52,62,72,82,92,102,112"
38,06:18,4,4,여의도,12,"3,13,23,33,43,53,63,73,83,93,103,113"
38,06:18,5,5,김포공항,12,"4,14,24,34,44,54,64,74,84,94,104,114"
38,06:18,6,6,일산,12,"5,15,25,35,45,55,65,75,85,95,105,115"
38,06:18,7,7,판교,12,"6,16,26,36,46,56,66,76,86,96,106,116"
38,06:18,8,8,동탄/용인,12,"7,17,27,37,47,57,67,77,87,97,107,117"
38,06:18,9,9,평택,12,"8,18,28,38,48,58,68,78,88,98,108,118"
39,06:19,1,1,서울역,12,"0,10,20,30,40,50,60,70,80,90,100,110"
39,06:19,10,10,인천공항,12,"9,19,29,39,49,59,69,79,89,99,109,119"
39,06:19,2,2,수서,12,"1,11,21,31,41,51,61,71,81,91,101,111"
39,06:19,3,3,삼성,12,"2,12,22,32,42,52,62,72,82,92,102,112"
39,06:19,4,4,여의도,12,"3,13,23,33,43,53,63,73,83,93,103,113"
39,06:19,5,5,김포공항,12,"4,14,24,34,44,54,64,74,84,94,104,114"
39,06:19,6,6,일산,12,"5,15,25,35,45,55,65,75,85,95,105,115"
39,06:19,7,7,판교,12,"6,16,26,36,46,56,66,76,86,96,106,116"
39,06:19,8,8,동탄/용인,12,"7,17,27,37,47,57,67,77,87,97,107,117"
39,06:19,9,9,평택,12,"8,18,28,38,48,58,68,78,88,98,108,118"
40,06:20,1,1,서울역,12,"0,10,20,30,40,50,60,70,80,90,100,110"
40,06:20,10,10,인천공항,12,"9,19,29,39,49,59,69,79,89,99,109,119"
40,06:20,2,2,수서,12,"1,11,21,31,41,51,61,71,81,91,101,111"
40,06:20,3,3,삼성,12,"2,12,22,32,42,52,62,72,82,92,102,112"
40,06:20,4,4,여의도,12,"3,13,23,33,43,53,63,73,83,93,103,113"
40,06:20,5,5,김포공항,12,"4,14,24,34,44,54,64,74,84,94,104,114"
40,06:20,6,6,일산,12,"5,15,25,35,45,55,65,75,85,95,105,115"
40,06:20,7,7,판교,12,"6,16,26,36,46,56,66,76,86,96,106,116"
40,06:20,8,8,동탄/용인,12,"7,17,27,37,47,57,67,77,87,97,107,117"
40,06:20,9,9,평택,12,"8,18,28,38,48,58,68,78,88,98,108,118"
41,06:21,1,1,서울역,12,"0,10,20,30,40,50,60,70,80,90,100,110"
41,06:21,10,10,인천공항,12,"9,19,29,39,49,59,69,79,89,99,109,119"
41,06:21,2,2,수서,12,"1,11,21,31,41,51,61,71,81,91,101,111"
41,06:21,3,3,삼성,12,"2,12,22,32,42,52,62,72,82,92,102,112"
41,06:21,4,4,여의도,12,"3,13,23,33,43,53,63,73,83,93,103,113"
41,06:21,5,5,김포공항,12,"4,14,24,34,44,54,64,74,84,94,104,114"
41,06:21,6,6,일산,12,"5,15,25,35,45,55,65,75,85,95,105,115"
41,06:21,7,7,판교,12,"6,16,26,36,46,56,66,76,86,96,106,116"
41,06:21,8,8,동탄/용인,12,"7,17,27,37,47,57,67,77,87,97,107,117"
41,06:21,9,9,평택,12,"8,18,28,38,48,58,68,78,88,98,108,118"
42,06:22,1,1,서울역,12,"0,10,20,30,40,50,60,70,80,90,100,110"
42,06:22,10,10,인천공항,12,"9,19,29,39,49,59,69,79,89,99,109,119"
42,06:22,2,2,수서,12,"1,11,21,31,41,51,61,71,81,91,101,111"
42,06:22,3,3,삼성,12,"2,12,22,32,42,52,62,72,82,92,102,112"
42,06:22,4,4,여의도,12,"3,13,23,33,43,53,63,73,83,93,103,113"
42,06:22,5,5,김포공항,12,"4,14,24,34,44,54,64,74,84,94,104,114"
42,06:22,6,6,일산,12,"5,15,25,35,45,55,65,75,85,95,105,115"
42,06:22,7,7,판교,12,"6,16,26,36,46,56,66,76,86,96,106,116"
42,06:22,8,8,동탄/용인,12,"7,17,27,37,47,57,67,77,87,97,107,117"
42,06:22,9,9,평택,12,"8,18,28,38,48,58,68,78,88,98,108,118"
43,06:23,1,1,서울역,12,"0,10,20,30,40,50,60,70,80,90,100,110"
43,06:23,10,10,인천공항,12,"9,19,29,39,49,59,69,79,89,99,109,119"
43,06:23,2,2,수서,12,"1,11,21,31,41,51,61,71,81,91,101,111"
43,06:23,3,3,삼성,12,"2,12,22,32,42,52,62,72,82,92,102,112"
43,06:23,4,4,여의도,12,"3,13,23,33,43,53,63,73,83,93,103,113"
43,06:23,5,5,김포공항,12,"4,14,24,34,44,54,64,74,84,94,104,114"
43,06:23,6,6,일산,12,"5,15,25,35,45,55,65,75,85,95,105,115"
43,06:23,7,7,판교,12,"6,16,26,36,46,56,66,76,86,96,106,116"
43,06:23,8,8,동탄/용인,12,"7,17,27,37,47,57,67,77,87,97,107,117"
43,06:23,9,9,평택,12,"8,18,28,38,48,58,68,78,88,98,108,118"
44,06:24,1,1,서울역,12,"0,10,20,30,40,50,60,70,80,90,100,110"
44,06:24,10,10,인천공항,12,"9,19,29,39,49,59,69,79,89,99,109,119"
44,06:24,2,2,수서,12,"1,11,21,31,41,51,61,71,81,91,101,111"
44,06:24,3,3,삼성,12,"2,12,22,32,42,52,62,72,82,92,102,112"
44,06:24,4,4,여의도,12,"3,13,23,33,43,53,63,73,83,93,103,113"
44,06:24,5,5,김포공항,12,"4,14,24,34,44,54,64,74,84,94,104,114"
44,06:24,6,6,일산,12,"5,15,25,35,45,55,65,75,85,95,105,115"
44,06:24,7,7,판교,12,"6,16,26,36,46,56,66,76,86,96,106,116"
44,06:24,8,8,동탄/용인,12,"7,17,27,37,47,57,67,77,87,97,107,117"
44,06:24,9,9,평택,12,"8,18,28,38,48,58,68,78,88,98,108,118"
45,06:25,1,1,서울역,12,"0,10,20,30,40,50,60,70,80,90,100,110"
45,06:25,10,10,인천공항,12,"9,19,29,39,49,59,69,79,89,99,109,119"
45,06:25,2,2,수서,12,"1,11,21,31,41,51,61,71,81,91,101,111"
45,06:25,3,3,삼성,12,"2,12,22,32,42,52,62,72,82,92,102,112"
45,06:25,4,4,여의도,12,"3,13,23,33,43,53,63,73,83,93,103,113"
45,06:25,5,5,김포공항,12,"4,14,24,34,44,54,64,74,84,94,104,114"
45,06:25,6,6,일산,12,"5,15,25,35,45,55,65,75,85,95,105,115"
45,06:25,7,7,판교,12,"6,16,26,36,46,56,66,76,86,96,106,116"
45,06:25,8,8,동탄/용인,12,"7,17,27,37,47,57,67,77,87,97,107,117"
45,06:25,9,9,평택,12,"8,18,28,38,48,58,68,78,88,98,108,118"
46,06:26,1,1,서울역,12,"0,10,20,30,40,50,60,70,80,90,100,110"
46,06:26,10,10,인천공항,12,"9,19,29,39,49,59,69,79,89,99,109,119"
46,06:26,2,2,수서,12,"1,11,21,31,41,51,61,71,81,91,101,111"
46,06:26,3,3,삼성,12,"2,12,22,32,42,52,62,72,82,92,102,112"
46,06:26,4,4,여의도,12,"3,13,23,33,43,53,63,73,83,93,103,113"
46,06:26,5,5,김포공항,12,"4,14,24,34,44,54,64,74,84,94,104,114"
46,06:26,6,6,일산,12,"5,15,25,35,45,55,65,75,85,95,105,115"
46,06:26,7,7,판교,12,"6,16,26,36,46,56,66,76,86,96,106,116"
46,06:26,8,8,동탄/용인,12,"7,17,27,37,47,57,67,77,87,97,107,117"
46,06:26,9,9,평택,12,"8,18,28,38,48,58,68,78,88,98,108,118"
47,06:27,1,1,서울역,12,"0,10,20,30,40,50,60,70,80,90,100,110"
47,06:27,10,10,인천공항,12,"9,19,29,39,49,59,69,79,89,99,109,119"
47,06:27,2,2,수서,12,"1,11,21,31,41,51,61,71,81,91,101,111"
47,06:27,3,3,삼성,12,"2,12,22,32,42,52,62,72,82,92,102,112"
47,06:27,4,4,여의도,12,"3,13,23,33,43,53,63,73,83,93,103,113"
47,06:27,5,5,김포공항,12,"4,14,24,34,44,54,64,74,84,94,104,114"
47,06:27,6,6,일산,12,"5,15,25,35,45,55,65,75,85,95,105,115"
47,06:27,7,7,판교,12,"6,16,26,36,46,56,66,76,86,96,106,116"
47,06:27,8,8,동탄/용인,12,"7,17,27,37,47,57,67,77,87,97,107,117"
47,06:27,9,9,평택,12,"8,18,28,38,48,58,68,78,88,98,108,118"
48,06:28,1,1,서울역,12,"0,10,20,30,40,50,60,70,80,90,100,110"
48,06:28,10,10,인천공항,12,"9,19,29,39,49,59,69,79,89,99,109,119"
48,06:28,2,2,수서,12,"1,11,21,31,41,51,61,71,81,91,101,111"
48,06:28,3,3,삼성,12,"2,12,22,32,42,52,62,72,82,92,102,112"
48,06:28,4,4,여의도,12,"3,13,23,33,43,53,63,73,83,93,103,113"
48,06:28,5,5,김포공항,12,"4,14,24,34,44,54,64,74,84,94,104,114"
48,06:28,6,6,일산,12,"5,15,25,35,45,55,65,75,85,95,105,115"
48,06:28,7,7,판교,12,"6,16,26,36,46,56,66,76,86,96,106,116"
48,06:28,8,8,동탄/용인,12,"7,17,27,37,47,57,67,77,87,97,107,117"
48,06:28,9,9,평택,12,"8,18,28,38,48,58,68,78,88,98,108,118"
49,06:29,1,1,서울역,12,"0,10,20,30,40,50,60,70,80,90,100,110"
49,06:29,10,10,인천공항,12,"9,19,29,39,49,59,69,79,89,99,109,119"
49,06:29,2,2,수서,12,"1,11,21,31,41,51,61,71,81,91,101,111"
49,06:29,3,3,삼성,12,"2,12,22,32,42,52,62,72,82,92,102,112"
49,06:29,4,4,여의도,12,"3,13,23,33,43,53,63,73,83,93,103,113"
49,06:29,5,5,김포공항,12,"4,14,24,34,44,54,64,74,84,94,104,114"
49,06:29,6,6,일산,12,"5,15,25,35,45,55,65,75,85,95,105,115"
49,06:29,7,7,판교,12,"6,16,26,36,46,56,66,76,86,96,106,116"
49,06:29,8,8,동탄/용인,12,"7,17,27,37,47,57,67,77,87,97,107,117"
49,06:29,9,9,평택,12,"8,18,28,38,48,58,68,78,88,98,108,118"
50,06:30,1,1,서울역,12,"0,10,20,30,40,50,60,70,80,90,100,110"
50,06:30,10,10,인천공항,12,"9,19,29,39,49,59,69,79,89,99,109,119"
50,06:30,2,2,수서,12,"1,11,21,31,41,51,61,71,81,91,101,111"
50,06:30,3,3,삼성,12,"2,12,22,32,42,52,62,72,82,92,102,112"
50,06:30,4,4,여의도,12,"3,13,23,33,43,53,63,73,83,93,103,113"
50,06:30,5,5,김포공항,12,"4,14,24,34,44,54,64,74,84,94,104,114"
50,06:30,6,6,일산,12,"5,15,25,35,45,55,65,75,85,95,105,115"
50,06:30,7,7,판교,12,"6,16,26,36,46,56,66,76,86,96,106,116"
50,06:30,8,8,동탄/용인,12,"7,17,27,37,47,57,67,77,87,97,107,117"
50,06:30,9,9,평택,12,"8,18,28,38,48,58,68,78,88,98,108,118"
51,06:31,1,1,서울역,12,"0,10,20,30,40,50,60,70,80,90,100,110"
51,06:31,10,10,인천공항,12,"9,19,29,39,49,59,69,79,89,99,109,119"
51,06:31,2,2,수서,12,"1,11,21,31,41,51,61,71,81,91,101,111"
51,06:31,3,3,삼성,12,"2,12,22,32,42,52,62,72,82,92,102,112"
51,06:31,4,4,여의도,12,"3,13,23,33,43,53,63,73,83,93,103,113"
51,06:31,5,5,김포공항,12,"4,14,24,34,44,54,64,74,84,94,104,114"
51,06:31,6,6,일산,12,"5,15,25,35,45,55,65,75,85,95,105,115"
51,06:31,7,7,판교,12,"6,16,26,36,46,56,66,76,86,96,106,116"
51,06:31,8,8,동탄/용인,12,"7,17,27,37,47,57,67,77,87,97,107,117"
51,06:31,9,9,평택,12,"8,18,28,38,48,58,68,78,88,98,108,118"
52,06:32,1,1,서울역,12,"0,10,20,30,40,50,60,70,80,90,100,110"
52,06:32,10,10,인천공항,12,"9,19,29,39,49,59,69,79,89,99,109,119"
52,06:32,2,2,수서,12,"1,11,21,31,41,51,61,71,81,91,101,111"
52,06:32,3,3,삼성,12,"2,12,22,32,42,52,62,72,82,92,102,112"
52,06:32,4,4,여의도,12,"3,13,23,33,43,53,63,73,83,93,103,113"
52,06:32,5,5,김포공항,12,"4,14,24,34,44,54,64,74,84,94,104,114"
52,06:32,6,6,일산,12,"5,15,25,35,45,55,65,75,85,95,105,115"
52,06:32,7,7,판교,12,"6,16,26,36,46,56,66,76,86,96,106,116"
52,06:32,8,8,동탄/용인,12,"7,17,27,37,47,57,67,77,87,97,107,117"
52,06:32,9,9,평택,12,"8,18,28,38,48,58,68,78,88,98,108,118"
53,06:33,1,1,서울역,12,"0,10,20,30,40,50,60,70,80,90,100,110"
53,06:33,10,10,인천공항,12,"9,19,29,39,49,59,69,79,89,99,109,119"
53,06:33,2,2,수서,12,"1,11,21,31,41,51,61,71,81,91,101,111"
53,06:33,3,3,삼성,12,"2,12,22,32,42,52,62,72,82,92,102,112"
53,06:33,4,4,여의도,12,"3,13,23,33,43,53,63,73,83,93,103,113"
53,06:33,5,5,김포공항,12,"4,14,24,34,44,54,64,74,84,94,104,114"
53,06:33,6,6,일산,12,"5,15,25,35,45,55,65,75,85,95,105,115"
53,06:33,7,7,판교,12,"6,16,26,36,46,56,66,76,86,96,106,116"
53,06:33,8,8,동탄/용인,12,"7,17,27,37,47,57,67,77,87,97,107,117"
53,06:33,9,9,평택,12,"8,18,28,38,48,58,68,78,88,98,108,118"
54,06:34,1,1,서울역,12,"0,10,20,30,40,50,60,70,80,90,100,110"
54,06:34,10,10,인천공항,12,"9,19,29,39,49,59,69,79,89,99,109,119"
54,06:34,2,2,수서,12,"1,11,21,31,41,51,61,71,81,91,101,111"
54,06:34,3,3,삼성,12,"2,12,22,32,42,52,62,72,82,92,102,112"
54,06:34,4,4,여의도,12,"3,13,23,33,43,53,63,73,83,93,103,113"
54,06:34,5,5,김포공항,12,"4,14,24,34,44,54,64,74,84,94,104,114"
54,06:34,6,6,일산,12,"5,15,25,35,45,55,65,75,85,95,105,115"
54,06:34,7,7,판교,12,"6,16,26,36,46,56,66,76,86,96,106,116"
54,06:34,8,8,동탄/용인,12,"7,17,27,37,47,57,67,77,87,97,107,117"
54,06:34,9,9,평택,12,"8,18,28,38,48,58,68,78,88,98,108,118"
55,06:35,1,1,서울역,12,"0,10,20,30,40,50,60,70,80,90,100,110"
55,06:35,10,10,인천공항,12,"9,19,29,39,49,59,69,79,89,99,109,119"
55,06:35,2,2,수서,12,"1,11,21,31,41,51,61,71,81,91,101,111"
55,06:35,3,3,삼성,12,"2,12,22,32,42,52,62,72,82,92,102,112"
55,06:35,4,4,여의도,12,"3,13,23,33,43,53,63,73,83,93,103,113"
55,06:35,5,5,김포공항,12,"4,14,24,34,44,54,64,74,84,94,104,114"
55,06:35,6,6,일산,12,"5,15,25,35,45,55,65,75,85,95,105,115"
55,06:35,7,7,판교,12,"6,16,26,36,46,56,66,76,86,96,106,116"
55,06:35,8,8,동탄/용인,12,"7,17,27,37,47,57,67,77,87,97,107,117"
55,06:35,9,9,평택,12,"8,18,28,38,48,58,68,78,88,98,108,118"
56,06:36,1,1,서울역,12,"0,10,20,30,40,50,60,70,80,90,100,110"
56,06:36,10,10,인천공항,12,"9,19,29,39,49,59,69,79,89,99,109,119"
56,06:36,2,2,수서,12,"1,11,21,31,41,51,61,71,81,91,101,111"
56,06:36,3,3,삼성,12,"2,12,22,32,42,52,62,72,82,92,102,112"
56,06:36,4,4,여의도,12,"3,13,23,33,43,53,63,73,83,93,103,113"
56,06:36,5,5,김포공항,12,"4,14,24,34,44,54,64,74,84,94,104,114"
56,06:36,6,6,일산,12,"5,15,25,35,45,55,65,75,85,95,105,115"
56,06:36,7,7,판교,12,"6,16,26,36,46,56,66,76,86,96,106,116"
56,06:36,8,8,동탄/용인,12,"7,17,27,37,47,57,67,77,87,97,107,117"
56,06:36,9,9,평택,12,"8,18,28,38,48,58,68,78,88,98,108,118"
57,06:37,1,1,서울역,12,"0,10,20,30,40,50,60,70,80,90,100,110"
57,06:37,10,10,인천공항,12,"9,19,29,39,49,59,69,79,89,99,109,119"
57,06:37,2,2,수서,12,"1,11,21,31,41,51,61,71,81,91,101,111"
57,06:37,3,3,삼성,12,"2,12,22,32,42,52,62,72,82,92,102,112"
57,06:37,4,4,여의도,12,"3,13,23,33,43,53,63,73,83,93,103,113"
57,06:37,5,5,김포공항,12,"4,14,24,34,44,54,64,74,84,94,104,114"
57,06:37,6,6,일산,12,"5,15,25,35,45,55,65,75,85,95,105,115"
57,06:37,7,7,판교,12,"6,16,26,36,46,56,66,76,86,96,106,116"
57,06:37,8,8,동탄/용인,12,"7,17,27,37,47,57,67,77,87,97,107,117"
57,06:37,9,9,평택,12,"8,18,28,38,48,58,68,78,88,98,108,118"
58,06:38,1,1,서울역,12,"0,10,20,30,40,50,60,70,80,90,100,110"
58,06:38,10,10,인천공항,12,"9,19,29,39,49,59,69,79,89,99,109,119"
58,06:38,2,2,수서,12,"1,11,21,31,41,51,61,71,81,91,101,111"
58,06:38,3,3,삼성,12,"2,12,22,32,42,52,62,72,82,92,102,112"
58,06:38,4,4,여의도,12,"3,13,23,33,43,53,63,73,83,93,103,113"
58,06:38,5,5,김포공항,12,"4,14,24,34,44,54,64,74,84,94,104,114"
58,06:38,6,6,일산,12,"5,15,25,35,45,55,65,75,85,95,105,115"
58,06:38,7,7,판교,12,"6,16,26,36,46,56,66,76,86,96,106,116"
58,06:38,8,8,동탄/용인,12,"7,17,27,37,47,57,67,77,87,97,107,117"
58,06:38,9,9,평택,12,"8,18,28,38,48,58,68,78,88,98,108,118"
59,06:39,1,1,서울역,12,"0,10,20,30,40,50,60,70,80,90,100,110"
59,06:39,10,10,인천공항,12,"9,19,29,39,49,59,69,79,89,99,109,119"
59,06:39,2,2,수서,12,"1,11,21,31,41,51,61,71,81,91,101,111"
59,06:39,3,3,삼성,12,"2,12,22,32,42,52,62,72,82,92,102,112"
59,06:39,4,4,여의도,12,"3,13,23,33,43,53,63,73,83,93,103,113"
59,06:39,5,5,김포공항,12,"4,14,24,34,44,54,64,74,84,94,104,114"
59,06:39,6,6,일산,12,"5,15,25,35,45,55,65,75,85,95,105,115"
59,06:39,7,7,판교,12,"6,16,26,36,46,56,66,76,86,96,106,116"
59,06:39,8,8,동탄/용인,12,"7,17,27,37,47,57,67,77,87,97,107,117"
59,06:39,9,9,평택,12,"8,18,28,38,48,58,68,78,88,98,108,118"
60,06:40,1,1,서울역,12,"0,10,20,30,40,50,60,70,80,90,100,110"
60,06:40,10,10,인천공항,12,"9,19,29,39,49,59,69,79,89,99,109,119"
60,06:40,2,2,수서,12,"1,11,21,31,41,51,61,71,81,91,101,111"
60,06:40,3,3,삼성,12,"2,12,22,32,42,52,62,72,82,92,102,112"
60,06:40,4,4,여의도,12,"3,13,23,33,43,53,63,73,83,93,103,113"
60,06:40,5,5,김포공항,12,"4,14,24,34,44,54,64,74,84,94,104,114"
60,06:40,6,6,일산,12,"5,15,25,35,45,55,65,75,85,95,105,115"
60,06:40,7,7,판교,12,"6,16,26,36,46,56,66,76,86,96,106,116"
60,06:40,8,8,동탄/용인,12,"7,17,27,37,47,57,67,77,87,97,107,117"
60,06:40,9,9,평택,12,"8,18,28,38,48,58,68,78,88,98,108,118"
61,06:41,1,1,서울역,12,"0,10,20,30,40,50,60,70,80,90,100,110"
61,06:41,10,10,인천공항,12,"9,19,29,39,49,59,69,79,89,99,109,119"
61,06:41,2,2,수서,12,"1,11,21,31,41,51,61,71,81,91,101,111"
61,06:41,3,3,삼성,12,"2,12,22,32,42,52,62,72,82,92,102,112"
61,06:41,4,4,여의도,12,"3,13,23,33,43,53,63,73,83,93,103,113"
61,06:41,5,5,김포공항,12,"4,14,24,34,44,54,64,74,84,94,104,114"
61,06:41,6,6,일산,12,"5,15,25,35,45,55,65,75,85,95,105,115"
61,06:41,7,7,판교,12,"6,16,26,36,46,56,66,76,86,96,106,116"
61,06:41,8,8,동탄/용인,12,"7,17,27,37,47,57,67,77,87,97,107,117"
61,06:41,9,9,평택,12,"8,18,28,38,48,58,68,78,88,98,108,118"
62,06:42,1,1,서울역,12,"0,10,20,30,40,50,60,70,80,90,100,110"
62,06:42,10,10,인천공항,12,"9,19,29,39,49,59,69,79,89,99,109,119"
62,06:42,2,2,수서,12,"1,11,21,31,41,51,61,71,81,91,101,111"
62,06:42,3,3,삼성,12,"2,12,22,32,42,52,62,72,82,92,102,112"
62,06:42,4,4,여의도,12,"3,13,23,33,43,53,63,73,83,93,103,113"
62,06:42,5,5,김포공항,12,"4,14,24,34,44,54,64,74,84,94,104,114"
62,06:42,6,6,일산,12,"5,15,25,35,45,55,65,75,85,95,105,115"
62,06:42,7,7,판교,12,"6,16,26,36,46,56,66,76,86,96,106,116"
62,06:42,8,8,동탄/용인,12,"7,17,27,37,47,57,67,77,87,97,107,117"
62,06:42,9,9,평택,12,"8,18,28,38,48,58,68,78,88,98,108,118"
63,06:43,1,1,서울역,12,"0,10,20,30,40,50,60,70,80,90,100,110"
63,06:43,10,10,인천공항,12,"9,19,29,39,49,59,69,79,89,99,109,119"
63,06:43,2,2,수서,12,"1,11,21,31,41,51,61,71,81,91,101,111"
63,06:43,3,3,삼성,12,"2,12,22,32,42,52,62,72,82,92,102,112"
63,06:43,4,4,여의도,12,"3,13,23,33,43,53,63,73,83,93,103,113"
63,06:43,5,5,김포공항,12,"4,14,24,34,44,54,64,74,84,94,104,114"
63,06:43,6,6,일산,12,"5,15,25,35,45,55,65,75,85,95,105,115"
63,06:43,7,7,판교,12,"6,16,26,36,46,56,66,76,86,96,106,116"
63,06:43,8,8,동탄/용인,12,"7,17,27,37,47,57,67,77,87,97,107,117"
63,06:43,9,9,평택,12,"8,18,28,38,48,58,68,78,88,98,108,118"
64,06:44,1,1,서울역,12,"0,10,20,30,40,50,60,70,80,90,100,110"
64,06:44,10,10,인천공항,12,"9,19,29,39,49,59,69,79,89,99,109,119"
64,06:44,2,2,수서,12,"1,11,21,31,41,51,61,71,81,91,101,111"
64,06:44,3,3,삼성,12,"2,12,22,32,42,52,62,72,82,92,102,112"
64,06:44,4,4,여의도,12,"3,13,23,33,43,53,63,73,83,93,103,113"
64,06:44,5,5,김포공항,12,"4,14,24,34,44,54,64,74,84,94,104,114"
64,06:44,6,6,일산,12,"5,15,25,35,45,55,65,75,85,95,105,115"
64,06:44,7,7,판교,12,"6,16,26,36,46,56,66,76,86,96,106,116"
64,06:44,8,8,동탄/용인,12,"7,17,27,37,47,57,67,77,87,97,107,117"
64,06:44,9,9,평택,12,"8,18,28,38,48,58,68,78,88,98,108,118"
65,06:45,1,1,서울역,12,"0,10,20,30,40,50,60,70,80,90,100,110"
65,06:45,10,10,인천공항,12,"9,19,29,39,49,59,69,79,89,99,109,119"
65,06:45,2,2,수서,12,"1,11,21,31,41,51,61,71,81,91,101,111"
65,06:45,3,3,삼성,12,"2,12,22,32,42,52,62,72,82,92,102,112"
65,06:45,4,4,여의도,12,"3,13,23,33,43,53,63,73,83,93,103,113"
65,06:45,5,5,김포공항,12,"4,14,24,34,44,54,64,74,84,94,104,114"
65,06:45,6,6,일산,12,"5,15,25,35,45,55,65,75,85,95,105,115"
65,06:45,7,7,판교,12,"6,16,26,36,46,56,66,76,86,96,106,116"
65,06:45,8,8,동탄/용인,12,"7,17,27,37,47,57,67,77,87,97,107,117"
65,06:45,9,9,평택,12,"8,18,28,38,48,58,68,78,88,98,108,118"
66,06:46,1,1,서울역,12,"0,10,20,30,40,50,60,70,80,90,100,110"
66,06:46,10,10,인천공항,11,"9,29,39,49,59,69,79,89,99,109,119"
66,06:46,2,2,수서,12,"1,11,21,31,41,51,61,71,81,91,101,111"
66,06:46,3,3,삼성,12,"2,12,22,32,42,52,62,72,82,92,102,112"
66,06:46,4,4,여의도,12,"3,13,23,33,43,53,63,73,83,93,103,113"
66,06:46,5,5,김포공항,12,"4,14,24,34,44,54,64,74,84,94,104,114"
66,06:46,6,6,일산,12,"5,15,25,35,45,55,65,75,85,95,105,115"
66,06:46,7,7,판교,12,"6,16,26,36,46,56,66,76,86,96,106,116"
66,06:46,8,8,동탄/용인,12,"7,17,27,37,47,57,67,77,87,97,107,117"
66,06:46,9,9,평택,12,"8,18,28,38,48,58,68,78,88,98,108,118"
67,06:47,1,1,서울역,12,"0,10,20,30,40,50,60,70,80,90,100,110"
67,06:47,10,10,인천공항,11,"9,29,39,49,59,69,79,89,99,109,119"
67,06:47,2,2,수서,12,"1,11,21,31,41,51,61,71,81,91,101,111"
67,06:47,3,3,삼성,12,"2,12,22,32,42,52,62,72,82,92,102,112"
67,06:47,4,4,여의도,12,"3,13,23,33,43,53,63,73,83,93,103,113"
67,06:47,5,5,김포공항,12,"4,14,24,34,44,54,64,74,84,94,104,114"
67,06:47,6,6,일산,12,"5,15,25,35,45,55,65,75,85,95,105,115"
67,06:47,7,7,판교,12,"6,16,26,36,46,56,66,76,86,96,106,116"
67,06:47,8,8,동탄/용인,12,"7,17,27,37,47,57,67,77,87,97,107,117"
67,06:47,9,9,평택,12,"8,18,28,38,48,58,68,78,88,98,108,118"
68,06:48,1,1,서울역,12,"0,10,20,30,40,50,60,70,80,90,100,110"
68,06:48,10,10,인천공항,11,"9,29,39,49,59,69,79,89,99,109,119"
68,06:48,2,2,수서,12,"1,11,21,31,41,51,61,71,81,91,101,111"
68,06:48,3,3,삼성,12,"2,12,22,32,42,52,62,72,82,92,102,112"
68,06:48,4,4,여의도,12,"3,13,23,33,43,53,63,73,83,93,103,113"
68,06:48,5,5,김포공항,12,"4,14,24,34,44,54,64,74,84,94,104,114"
68,06:48,6,6,일산,12,"5,15,25,35,45,55,65,75,85,95,105,115"
68,06:48,7,7,판교,12,"6,16,26,36,46,56,66,76,86,96,106,116"
68,06:48,8,8,동탄/용인,12,"7,17,27,37,47,57,67,77,87,97,107,117"
68,06:48,9,9,평택,12,"8,18,28,38,48,58,68,78,88,98,108,118"
69,06:49,1,1,서울역,12,"0,10,20,30,40,50,60,70,80,90,100,110"
69,06:49,10,10,인천공항,11,"9,29,39,49,59,69,79,89,99,109,119"
69,06:49,2,2,수서,12,"1,11,21,31,41,51,61,71,81,91,101,111"
69,06:49,3,3,삼성,12,"2,12,22,32,42,52,62,72,82,92,102,112"
69,06:49,4,4,여의도,12,"3,13,23,33,43,53,63,73,83,93,103,113"
69,06:49,5,5,김포공항,12,"4,14,24,34,44,54,64,74,84,94,104,114"
69,06:49,6,6,일산,12,"5,15,25,35,45,55,65,75,85,95,105,115"
69,06:49,7,7,판교,12,"6,16,26,36,46,56,66,76,86,96,106,116"
69,06:49,8,8,동탄/용인,12,"7,17,27,37,47,57,67,77,87,97,107,117"
69,06:49,9,9,평택,12,"8,18,28,38,48,58,68,78,88,98,108,118"
70,06:50,1,1,서울역,12,"0,10,20,30,40,50,60,70,80,90,100,110"
70,06:50,10,10,인천공항,11,"9,29,39,49,59,69,79,89,99,109,119"
70,06:50,2,2,수서,12,"1,11,21,31,41,51,61,71,81,91,101,111"
70,06:50,3,3,삼성,12,"2,12,22,32,42,52,62,72,82,92,102,112"
70,06:50,4,4,여의도,12,"3,13,23,33,43,53,63,73,83,93,103,113"
70,06:50,5,5,김포공항,12,"4,14,24,34,44,54,64,74,84,94,104,114"
70,06:50,6,6,일산,12,"5,15,25,35,45,55,65,75,85,95,105,115"
70,06:50,7,7,판교,12,"6,16,26,36,46,56,66,76,86,96,106,116"
70,06:50,8,8,동탄/용인,12,"7,17,27,37,47,57,67,77,87,97,107,117"
70,06:50,9,9,평택,12,"8,18,28,38,48,58,68,78,88,98,108,118"
71,06:51,1,1,서울역,12,"0,10,20,30,40,50,60,70,80,90,100,110"
71,06:51,10,10,인천공항,11,"9,29,39,49,59,69,79,89,99,109,119"
71,06:51,2,2,수서,12,"1,11,21,31,41,51,61,71,81,91,101,111"
71,06:51,3,3,삼성,12,"2,12,22,32,42,52,62,72,82,92,102,112"
71,06:51,4,4,여의도,12,"3,13,23,33,43,53,63,73,83,93,103,113"
71,06:51,5,5,김포공항,12,"4,14,24,34,44,54,64,74,84,94,104,114"
71,06:51,6,6,일산,12,"5,15,25,35,45,55,65,75,85,95,105,115"
71,06:51,7,7,판교,12,"6,16,26,36,46,56,66,76,86,96,106,116"
71,06:51,8,8,동탄/용인,12,"7,17,27,37,47,57,67,77,87,97,107,117"
71,06:51,9,9,평택,12,"8,18,28,38,48,58,68,78,88,98,108,118"
72,06:52,1,1,서울역,12,"0,10,20,30,40,50,60,70,80,90,100,110"
72,06:52,10,10,인천공항,11,"9,29,39,49,59,69,79,89,99,109,119"
72,06:52,2,2,수서,12,"1,11,21,31,41,51,61,71,81,91,101,111"
72,06:52,3,3,삼성,12,"2,12,22,32,42,52,62,72,82,92,102,112"
72,06:52,4,4,여의도,12,"3,13,23,33,43,53,63,73,83,93,103,113"
72,06:52,5,5,김포공항,12,"4,14,24,34,44,54,64,74,84,94,104,114"
72,06:52,6,6,일산,12,"5,15,25,35,45,55,65,75,85,95,105,115"
72,06:52,7,7,판교,12,"6,16,26,36,46,56,66,76,86,96,106,116"
72,06:52,8,8,동탄/용인,12,"7,17,27,37,47,57,67,77,87,97,107,117"
72,06:52,9,9,평택,12,"8,18,28,38,48,58,68,78,88,98,108,118"
73,06:53,1,1,서울역,12,"0,10,20,30,40,50,60,70,80,90,100,110"
73,06:53,10,10,인천공항,11,"9,29,39,49,59,69,79,89,99,109,119"
73,06:53,2,2,수서,12,"1,11,21,31,41,51,61,71,81,91,101,111"
73,06:53,3,3,삼성,12,"2,12,22,32,42,52,62,72,82,92,102,112"
73,06:53,4,4,여의도,12,"3,13,23,33,43,53,63,73,83,93,103,113"
73,06:53,5,5,김포공항,12,"4,14,24,34,44,54,64,74,84,94,104,114"
73,06:53,6,6,일산,12,"5,15,25,35,45,55,65,75,85,95,105,115"
73,06:53,7,7,판교,12,"6,16,26,36,46,56,66,76,86,96,106,116"
73,06:53,8,8,동탄/용인,12,"7,17,27,37,47,57,67,77,87,97,107,117"
73,06:53,9,9,평택,12,"8,18,28,38,48,58,68,78,88,98,108,118"
74,06:54,1,1,서울역,12,"0,10,20,30,40,50,60,70,80,90,100,110"
74,06:54,10,10,인천공항,11,"9,29,39,49,59,69,79,89,99,109,119"
74,06:54,2,2,수서,12,"1,11,21,31,41,51,61,71,81,91,101,111"
74,06:54,3,3,삼성,12,"2,12,22,32,42,52,62,72,82,92,102,112"
74,06:54,4,4,여의도,12,"3,13,23,33,43,53,63,73,83,93,103,113"
74,06:54,5,5,김포공항,12,"4,14,24,34,44,54,64,74,84,94,104,114"
74,06:54,6,6,일산,12,"5,15,25,35,45,55,65,75,85,95,105,115"
74,06:54,7,7,판교,12,"6,16,26,36,46,56,66,76,86,96,106,116"
74,06:54,8,8,동탄/용인,12,"7,17,27,37,47,57,67,77,87,97,107,117"
74,06:54,9,9,평택,12,"8,18,28,38,48,58,68,78,88,98,108,118"
75,06:55,1,1,서울역,12,"0,10,20,30,40,50,60,70,80,90,100,110"
75,06:55,10,10,인천공항,11,"9,29,39,49,59,69,79,89,99,109,119"
75,06:55,2,2,수서,12,"1,11,21,31,41,51,61,71,81,91,101,111"
75,06:55,3,3,삼성,12,"2,12,22,32,42,52,62,72,82,92,102,112"
75,06:55,4,4,여의도,12,"3,13,23,33,43,53,63,73,83,93,103,113"
75,06:55,5,5,김포공항,12,"4,14,24,34,44,54,64,74,84,94,104,114"
75,06:55,6,6,일산,12,"5,15,25,35,45,55,65,75,85,95,105,115"
75,06:55,7,7,판교,12,"6,16,26,36,46,56,66,76,86,96,106,116"
75,06:55,8,8,동탄/용인,12,"7,17,27,37,47,57,67,77,87,97,107,117"
75,06:55,9,9,평택,12,"8,18,28,38,48,58,68,78,88,98,108,118"
76,06:56,1,1,서울역,12,"0,10,20,30,40,50,60,70,80,90,100,110"
76,06:56,10,10,인천공항,11,"9,29,39,49,59,69,79,89,99,109,119"
76,06:56,2,2,수서,12,"1,11,21,31,41,51,61,71,81,91,101,111"
76,06:56,3,3,삼성,12,"2,12,22,32,42,52,62,72,82,92,102,112"
76,06:56,4,4,여의도,12,"3,13,23,33,43,53,63,73,83,93,103,113"
76,06:56,5,5,김포공항,12,"4,14,24,34,44,54,64,74,84,94,104,114"
76,06:56,6,6,일산,12,"5,15,25,35,45,55,65,75,85,95,105,115"
76,06:56,7,7,판교,12,"6,16,26,36,46,56,66,76,86,96,106,116"
76,06:56,8,8,동탄/용인,12,"7,17,27,37,47,57,67,77,87,97,107,117"
76,06:56,9,9,평택,12,"8,18,28,38,48,58,68,78,88,98,108,118"
77,06:57,1,1,서울역,12,"0,10,20,30,40,50,60,70,80,90,100,110"
77,06:57,10,10,인천공항,11,"9,29,39,49,59,69,79,89,99,109,119"
77,06:57,2,2,수서,12,"1,11,21,31,41,51,61,71,81,91,101,111"
77,06:57,3,3,삼성,12,"2,12,22,32,42,52,62,72,82,92,102,112"
77,06:57,4,4,여의도,12,"3,13,23,33,43,53,63,73,83,93,103,113"
77,06:57,5,5,김포공항,12,"4,14,24,34,44,54,64,74,84,94,104,114"
77,06:57,6,6,일산,12,"5,15,25,35,45,55,65,75,85,95,105,115"
77,06:57,7,7,판교,12,"6,16,26,36,46,56,66,76,86,96,106,116"
77,06:57,8,8,동탄/용인,12,"7,17,27,37,47,57,67,77,87,97,107,117"
77,06:57,9,9,평택,12,"8,18,28,38,48,58,68,78,88,98,108,118"
78,06:58,1,1,서울역,12,"0,10,20,30,40,50,60,70,80,90,100,110"
78,06:58,10,10,인천공항,11,"9,29,39,49,59,69,79,89,99,109,119"
78,06:58,2,2,수서,12,"1,11,21,31,41,51,61,71,81,91,101,111"
78,06:58,3,3,삼성,12,"2,12,22,32,42,52,62,72,82,92,102,112"
78,06:58,4,4,여의도,12,"3,13,23,33,43,53,63,73,83,93,103,113"
78,06:58,5,5,김포공항,12,"4,14,24,34,44,54,64,74,84,94,104,114"
78,06:58,6,6,일산,12,"5,15,25,35,45,55,65,75,85,95,105,115"
78,06:58,7,7,판교,12,"6,16,26,36,46,56,66,76,86,96,106,116"
78,06:58,8,8,동탄/용인,12,"7,17,27,37,47,57,67,77,87,97,107,117"
78,06:58,9,9,평택,12,"8,18,28,38,48,58,68,78,88,98,108,118"
79,06:59,1,1,서울역,12,"0,10,20,30,40,50,60,70,80,90,100,110"
79,06:59,10,10,인천공항,11,"9,29,39,49,59,69,79,89,99,109,119"
79,06:59,2,2,수서,12,"1,11,21,31,41,51,61,71,81,91,101,111"
79,06:59,3,3,삼성,12,"2,12,22,32,42,52,62,72,82,92,102,112"
79,06:59,4,4,여의도,12,"3,13,23,33,43,53,63,73,83,93,103,113"
79,06:59,5,5,김포공항,12,"4,14,24,34,44,54,64,74,84,94,104,114"
79,06:59,6,6,일산,12,"5,15,25,35,45,55,65,75,85,95,105,115"
79,06:59,7,7,판교,12,"6,16,26,36,46,56,66,76,86,96,106,116"
79,06:59,8,8,동탄/용인,12,"7,17,27,37,47,57,67,77,87,97,107,117"
79,06:59,9,9,평택,12,"8,18,28,38,48,58,68,78,88,98,108,118"
80,07:00,1,1,서울역,12,"0,10,20,30,40,50,60,70,80,90,100,110"
80,07:00,10,10,인천공항,11,"9,29,39,49,59,69,79,89,99,109,119"
80,07:00,2,2,수서,12,"1,11,21,31,41,51,61,71,81,91,101,111"
80,07:00,3,3,삼성,12,"2,12,22,32,42,52,62,72,82,92,102,112"
80,07:00,4,4,여의도,12,"3,13,23,33,43,53,63,73,83,93,103,113"
80,07:00,5,5,김포공항,12,"4,14,24,34,44,54,64,74,84,94,104,114"
80,07:00,6,6,일산,12,"5,15,25,35,45,55,65,75,85,95,105,115"
80,07:00,7,7,판교,12,"6,16,26,36,46,56,66,76,86,96,106,116"
80,07:00,8,8,동탄/용인,12,"7,17,27,37,47,57,67,77,87,97,107,117"
80,07:00,9,9,평택,12,"8,18,28,38,48,58,68,78,88,98,108,118"
81,07:01,1,1,서울역,12,"0,10,20,30,40,50,60,70,80,90,100,110"
81,07:01,10,10,인천공항,11,"9,29,39,49,59,69,79,89,99,109,119"
81,07:01,2,2,수서,12,"1,11,21,31,41,51,61,71,81,91,101,111"
81,07:01,3,3,삼성,13,"2,12,19,22,32,42,52,62,72,82,92,102,112"
81,07:01,4,4,여의도,12,"3,13,23,33,43,53,63,73,83,93,103,113"
81,07:01,5,5,김포공항,12,"4,14,24,34,44,54,64,74,84,94,104,114"
81,07:01,6,6,일산,12,"5,15,25,35,45,55,65,75,85,95,105,115"
81,07:01,7,7,판교,12,"6,16,26,36,46,56,66,76,86,96,106,116"
81,07:01,8,8,동탄/용인,12,"7,17,27,37,47,57,67,77,87,97,107,117"
81,07:01,9,9,평택,12,"8,18,28,38,48,58,68,78,88,98,108,118"
82,07:02,1,1,서울역,12,"0,10,20,30,40,50,60,70,80,90,100,110"
82,07:02,10,10,인천공항,11,"9,29,39,49,59,69,79,89,99,109,119"
82,07:02,2,2,수서,12,"1,11,21,31,41,51,61,71,81,91,101,111"
82,07:02,3,3,삼성,13,"2,12,19,22,32,42,52,62,72,82,92,102,112"
82,07:02,4,4,여의도,12,"3,13,23,33,43,53,63,73,83,93,103,113"
82,07:02,5,5,김포공항,12,"4,14,24,34,44,54,64,74,84,94,104,114"
82,07:02,6,6,일산,12,"5,15,25,35,45,55,65,75,85,95,105,115"
82,07:02,7,7,판교,12,"6,16,26,36,46,56,66,76,86,96,106,116"
82,07:02,8,8,동탄/용인,12,"7,17,27,37,47,57,67,77,87,97,107,117"
82,07:02,9,9,평택,12,"8,18,28,38,48,58,68,78,88,98,108,118"
83,07:03,1,1,서울역,12,"0,10,20,30,40,50,60,70,80,90,100,110"
83,07:03,10,10,인천공항,11,"9,29,39,49,59,69,79,89,99,109,119"
83,07:03,2,2,수서,12,"1,11,21,31,41,51,61,71,81,91,101,111"
83,07:03,3,3,삼성,13,"2,12,19,22,32,42,52,62,72,82,92,102,112"
83,07:03,4,4,여의도,11,"13,23,33,43,53,63,73,83,93,103,113"
83,07:03,5,5,김포공항,12,"4,14,24,34,44,54,64,74,84,94,104,114"
83,07:03,6,6,일산,12,"5,15,25,35,45,55,65,75,85,95,105,115"
83,07:03,7,7,판교,12,"6,16,26,36,46,56,66,76,86,96,106,116"
83,07:03,8,8,동탄/용인,12,"7,17,27,37,47,57,67,77,87,97,107,117"
83,07:03,9,9,평택,12,"8,18,28,38,48,58,68,78,88,98,108,118"
84,07:04,1,1,서울역,12,"0,10,20,30,40,50,60,70,80,90,100,110"
84,07:04,10,10,인천공항,11,"9,29,39,49,59,69,79,89,99,109,119"
84,07:04,2,2,수서,12,"1,11,21,31,41,51,61,71,81,91,101,111"
84,07:04,3,3,삼성,13,"2,12,19,22,32,42,52,62,72,82,92,102,112"
84,07:04,4,4,여의도,11,"13,23,33,43,53,63,73,83,93,103,113"
84,07:04,5,5,김포공항,12,"4,14,24,34,44,54,64,74,84,94,104,114"
84,07:04,6,6,일산,12,"5,15,25,35,45,55,65,75,85,95,105,115"
84,07:04,7,7,판교,12,"6,16,26,36,46,56,66,76,86,96,106,116"
84,07:04,8,8,동탄/용인,12,"7,17,27,37,47,57,67,77,87,97,107,117"
84,07:04,9,9,평택,12,"8,18,28,38,48,58,68,78,88,98,108,118"
85,07:05,1,1,서울역,12,"0,10,20,30,40,50,60,70,80,90,100,110"
85,07:05,10,10,인천공항,11,"9,29,39,49,59,69,79,89,99,109,119"
85,07:05,2,2,수서,12,"1,11,21,31,41,51,61,71,81,91,101,111"
85,07:05,3,3,삼성,13,"2,12,19,22,32,42,52,62,72,82,92,102,112"
85,07:05,4,4,여의도,11,"13,23,33,43,53,63,73,83,93,103,113"
85,07:05,5,5,김포공항,12,"4,14,24,34,44,54,64,74,84,94,104,114"
85,07:05,6,6,일산,12,"5,15,25,35,45,55,65,75,85,95,105,115"
85,07:05,7,7,판교,12,"6,16,26,36,46,56,66,76,86,96,106,116"
85,07:05,8,8,동탄/용인,12,"7,17,27,37,47,57,67,77,87,97,107,117"
85,07:05,9,9,평택,12,"8,18,28,38,48,58,68,78,88,98,108,118"
86,07:06,1,1,서울역,12,"0,10,20,30,40,50,60,70,80,90,100,110"
86,07:06,10,10,인천공항,11,"9,29,39,49,59,69,79,89,99,109,119"
86,07:06,2,2,수서,12,"1,11,21,31,41,51,61,71,81,91,101,111"
86,07:06,3,3,삼성,13,"2,12,19,22,32,42,52,62,72,82,92,102,112"
86,07:06,4,4,여의도,11,"13,23,33,43,53,63,73,83,93,103,113"
86,07:06,5,5,김포공항,12,"4,14,24,34,44,54,64,74,84,94,104,114"
86,07:06,6,6,일산,12,"5,15,25,35,45,55,65,75,85,95,105,115"
86,07:06,7,7,판교,12,"6,16,26,36,46,56,66,76,86,96,106,116"
86,07:06,8,8,동탄/용인,12,"7,17,27,37,47,57,67,77,87,97,107,117"
86,07:06,9,9,평택,12,"8,18,28,38,48,58,68,78,88,98,108,118"
87,07:07,1,1,서울역,12,"0,10,20,30,40,50,60,70,80,90,100,110"
87,07:07,10,10,인천공항,11,"9,29,39,49,59,69,79,89,99,109,119"
87,07:07,2,2,수서,12,"1,11,21,31,41,51,61,71,81,91,101,111"
87,07:07,3,3,삼성,13,"2,12,19,22,32,42,52,62,72,82,92,102,112"
87,07:07,4,4,여의도,11,"13,23,33,43,53,63,73,83,93,103,113"
87,07:07,5,5,김포공항,12,"4,14,24,34,44,54,64,74,84,94,104,114"
87,07:07,6,6,일산,12,"5,15,25,35,45,55,65,75,85,95,105,115"
87,07:07,7,7,판교,12,"6,16,26,36,46,56,66,76,86,96,106,116"
87,07:07,8,8,동탄/용인,12,"7,17,27,37,47,57,67,77,87,97,107,117"
87,07:07,9,9,평택,12,"8,18,28,38,48,58,68,78,88,98,108,118"
88,07:08,1,1,서울역,12,"0,10,20,30,40,50,60,70,80,90,100,110"
88,07:08,10,10,인천공항,11,"9,29,39,49,59,69,79,89,99,109,119"
88,07:08,2,2,수서,12,"1,11,21,31,41,51,61,71,81,91,101,111"
88,07:08,3,3,삼성,13,"2,12,19,22,32,42,52,62,72,82,92,102,112"
88,07:08,4,4,여의도,11,"13,23,33,43,53,63,73,83,93,103,113"
88,07:08,5,5,김포공항,12,"4,14,24,34,44,54,64,74,84,94,104,114"
88,07:08,6,6,일산,12,"5,15,25,35,45,55,65,75,85,95,105,115"
88,07:08,7,7,판교,12,"6,16,26,36,46,56,66,76,86,96,106,116"
88,07:08,8,8,동탄/용인,12,"7,17,27,37,47,57,67,77,87,97,107,117"
88,07:08,9,9,평택,12,"8,18,28,38,48,58,68,78,88,98,108,118"
89,07:09,1,1,서울역,12,"0,10,20,30,40,50,60,70,80,90,100,110"
89,07:09,10,10,인천공항,11,"9,29,39,49,59,69,79,89,99,109,119"
89,07:09,2,2,수서,12,"1,11,21,31,41,51,61,71,81,91,101,111"
89,07:09,3,3,삼성,13,"2,12,19,22,32,42,52,62,72,82,92,102,112"
89,07:09,4,4,여의도,11,"13,23,33,43,53,63,73,83,93,103,113"
89,07:09,5,5,김포공항,12,"4,14,24,34,44,54,64,74,84,94,104,114"
89,07:09,6,6,일산,12,"5,15,25,35,45,55,65,75,85,95,105,115"
89,07:09,7,7,판교,12,"6,16,26,36,46,56,66,76,86,96,106,116"
89,07:09,8,8,동탄/용인,12,"7,17,27,37,47,57,67,77,87,97,107,117"
89,07:09,9,9,평택,12,"8,18,28,38,48,58,68,78,88,98,108,118"
90,07:10,1,1,서울역,12,"0,10,20,30,40,50,60,70,80,90,100,110"
90,07:10,10,10,인천공항,11,"9,29,39,49,59,69,79,89,99,109,119"
90,07:10,2,2,수서,12,"1,11,21,31,41,51,61,71,81,91,101,111"
90,07:10,3,3,삼성,13,"2,12,19,22,32,42,52,62,72,82,92,102,112"
90,07:10,4,4,여의도,11,"13,23,33,43,53,63,73,83,93,103,113"
90,07:10,5,5,김포공항,12,"4,14,24,34,44,54,64,74,84,94,104,114"
90,07:10,6,6,일산,12,"5,15,25,35,45,55,65,75,85,95,105,115"
90,07:10,7,7,판교,12,"6,16,26,36,46,56,66,76,86,96,106,116"
90,07:10,8,8,동탄/용인,12,"7,17,27,37,47,57,67,77,87,97,107,117"
90,07:10,9,9,평택,12,"8,18,28,38,48,58,68,78,88,98,108,118"
91,07:11,1,1,서울역,12,"0,10,20,30,40,50,60,70,80,90,100,110"
91,07:11,10,10,인천공항,11,"9,29,39,49,59,69,79,89,99,109,119"
91,07:11,2,2,수서,12,"1,11,21,31,41,51,61,71,81,91,101,111"
91,07:11,3,3,삼성,13,"2,12,19,22,32,42,52,62,72,82,92,102,112"
91,07:11,4,4,여의도,11,"13,23,33,43,53,63,73,83,93,103,113"
91,07:11,5,5,김포공항,12,"4,14,24,34,44,54,64,74,84,94,104,114"
91,07:11,6,6,일산,12,"5,15,25,35,45,55,65,75,85,95,105,115"
91,07:11,7,7,판교,12,"6,16,26,36,46,56,66,76,86,96,106,116"
91,07:11,8,8,동탄/용인,12,"7,17,27,37,47,57,67,77,87,97,107,117"
91,07:11,9,9,평택,12,"8,18,28,38,48,58,68,78,88,98,108,118"
92,07:12,1,1,서울역,12,"0,10,20,30,40,50,60,70,80,90,100,110"
92,07:12,10,10,인천공항,11,"9,29,39,49,59,69,79,89,99,109,119"
92,07:12,2,2,수서,12,"1,11,21,31,41,51,61,71,81,91,101,111"
92,07:12,3,3,삼성,13,"2,12,19,22,32,42,52,62,72,82,92,102,112"
92,07:12,4,4,여의도,11,"13,23,33,43,53,63,73,83,93,103,113"
92,07:12,5,5,김포공항,12,"4,14,24,34,44,54,64,74,84,94,104,114"
92,07:12,6,6,일산,12,"5,15,25,35,45,55,65,75,85,95,105,115"
92,07:12,7,7,판교,12,"6,16,26,36,46,56,66,76,86,96,106,116"
92,07:12,8,8,동탄/용인,12,"7,17,27,37,47,57,67,77,87,97,107,117"
92,07:12,9,9,평택,12,"8,18,28,38,48,58,68,78,88,98,108,118"
93,07:13,1,1,서울역,12,"0,10,20,30,40,50,60,70,80,90,100,110"
93,07:13,10,10,인천공항,11,"9,29,39,49,59,69,79,89,99,109,119"
93,07:13,2,2,수서,12,"1,11,21,31,41,51,61,71,81,91,101,111"
93,07:13,3,3,삼성,13,"2,12,19,22,32,42,52,62,72,82,92,102,112"
93,07:13,4,4,여의도,11,"13,23,33,43,53,63,73,83,93,103,113"
93,07:13,5,5,김포공항,12,"4,14,24,34,44,54,64,74,84,94,104,114"
93,07:13,6,6,일산,12,"5,15,25,35,45,55,65,75,85,95,105,115"
93,07:13,7,7,판교,12,"6,16,26,36,46,56,66,76,86,96,106,116"
93,07:13,8,8,동탄/용인,12,"7,17,27,37,47,57,67,77,87,97,107,117"
93,07:13,9,9,평택,12,"8,18,28,38,48,58,68,78,88,98,108,118"
94,07:14,1,1,서울역,12,"0,10,20,30,40,50,60,70,80,90,100,110"
94,07:14,10,10,인천공항,11,"9,29,39,49,59,69,79,89,99,109,119"
94,07:14,2,2,수서,12,"1,11,21,31,41,51,61,71,81,91,101,111"
94,07:14,3,3,삼성,13,"2,12,19,22,32,42,52,62,72,82,92,102,112"
94,07:14,4,4,여의도,11,"13,23,33,43,53,63,73,83,93,103,113"
94,07:14,5,5,김포공항,12,"4,14,24,34,44,54,64,74,84,94,104,114"
94,07:14,6,6,일산,12,"5,15,25,35,45,55,65,75,85,95,105,115"
94,07:14,7,7,판교,12,"6,16,26,36,46,56,66,76,86,96,106,116"
94,07:14,8,8,동탄/용인,12,"7,17,27,37,47,57,67,77,87,97,107,117"
94,07:14,9,9,평택,12,"8,18,28,38,48,58,68,78,88,98,108,118"
95,07:15,1,1,서울역,12,"0,10,20,30,40,50,60,70,80,90,100,110"
95,07:15,10,10,인천공항,11,"9,29,39,49,59,69,79,89,99,109,119"
95,07:15,2,2,수서,12,"1,11,21,31,41,51,61,71,81,91,101,111"
95,07:15,3,3,삼성,13,"2,12,19,22,32,42,52,62,72,82,92,102,112"
95,07:15,4,4,여의도,11,"13,23,33,43,53,63,73,83,93,103,113"
95,07:15,5,5,김포공항,12,"4,14,24,34,44,54,64,74,84,94,104,114"
95,07:15,6,6,일산,12,"5,15,25,35,45,55,65,75,85,95,105,115"
95,07:15,7,7,판교,12,"6,16,26,36,46,56,66,76,86,96,106,116"
95,07:15,8,8,동탄/용인,12,"7,17,27,37,47,57,67,77,87,97,107,117"
95,07:15,9,9,평택,12,"8,18,28,38,48,58,68,78,88,98,108,118"
96,07:16,1,1,서울역,12,"0,10,20,30,40,50,60,70,80,90,100,110"
96,07:16,10,10,인천공항,11,"9,29,39,49,59,69,79,89,99,109,119"
96,07:16,2,2,수서,12,"1,11,21,31,41,51,61,71,81,91,101,111"
96,07:16,3,3,삼성,13,"2,12,19,22,32,42,52,62,72,82,92,102,112"
96,07:16,4,4,여의도,11,"13,23,33,43,53,63,73,83,93,103,113"
96,07:16,5,5,김포공항,12,"4,14,24,34,44,54,64,74,84,94,104,114"
96,07:16,6,6,일산,12,"5,15,25,35,45,55,65,75,85,95,105,115"
96,07:16,7,7,판교,12,"6,16,26,36,46,56,66,76,86,96,106,116"
96,07:16,8,8,동탄/용인,12,"7,17,27,37,47,57,67,77,87,97,107,117"
96,07:16,9,9,평택,12,"8,18,28,38,48,58,68,78,88,98,108,118"
97,07:17,1,1,서울역,12,"0,10,20,30,40,50,60,70,80,90,100,110"
97,07:17,10,10,인천공항,11,"9,29,39,49,59,69,79,89,99,109,119"
97,07:17,2,2,수서,12,"1,11,21,31,41,51,61,71,81,91,101,111"
97,07:17,3,3,삼성,13,"2,12,19,22,32,42,52,62,72,82,92,102,112"
97,07:17,4,4,여의도,11,"13,23,33,43,53,63,73,83,93,103,113"
97,07:17,5,5,김포공항,12,"4,14,24,34,44,54,64,74,84,94,104,114"
97,07:17,6,6,일산,12,"5,15,25,35,45,55,65,75,85,95,105,115"
97,07:17,7,7,판교,12,"6,16,26,36,46,56,66,76,86,96,106,116"
97,07:17,8,8,동탄/용인,12,"7,17,27,37,47,57,67,77,87,97,107,117"
97,07:17,9,9,평택,12,"8,18,28,38,48,58,68,78,88,98,108,118"
98,07:18,1,1,서울역,12,"0,10,20,30,40,50,60,70,80,90,100,110"
98,07:18,10,10,인천공항,11,"9,29,39,49,59,69,79,89,99,109,119"
98,07:18,2,2,수서,12,"1,11,21,31,41,51,61,71,81,91,101,111"
98,07:18,3,3,삼성,13,"2,12,19,22,32,42,52,62,72,82,92,102,112"
98,07:18,4,4,여의도,11,"13,23,33,43,53,63,73,83,93,103,113"
98,07:18,5,5,김포공항,12,"4,14,24,34,44,54,64,74,84,94,104,114"
98,07:18,6,6,일산,12,"5,15,25,35,45,55,65,75,85,95,105,115"
98,07:18,7,7,판교,12,"6,16,26,36,46,56,66,76,86,96,106,116"
98,07:18,8,8,동탄/용인,12,"7,17,27,37,47,57,67,77,87,97,107,117"
98,07:18,9,9,평택,13,"3,8,18,28,38,48,58,68,78,88,98,108,118"
99,07:19,1,1,서울역,12,"0,10,20,30,40,50,60,70,80,90,100,110"
99,07:19,10,10,인천공항,11,"9,29,39,49,59,69,79,89,99,109,119"
99,07:19,2,2,수서,12,"1,11,21,31,41,51,61,71,81,91,101,111"
99,07:19,3,3,삼성,13,"2,12,19,22,32,42,52,62,72,82,92,102,112"
99,07:19,4,4,여의도,11,"13,23,33,43,53,63,73,83,93,103,113"
99,07:19,5,5,김포공항,12,"4,14,24,34,44,54,64,74,84,94,104,114"
99,07:19,6,6,일산,12,"5,15,25,35,45,55,65,75,85,95,105,115"
99,07:19,7,7,판교,12,"6,16,26,36,46,56,66,76,86,96,106,116"
99,07:19,8,8,동탄/용인,12,"7,17,27,37,47,57,67,77,87,97,107,117"
99,07:19,9,9,평택,13,"3,8,18,28,38,48,58,68,78,88,98,108,118"
100,07:20,1,1,서울역,12,"0,10,20,30,40,50,60,70,80,90,100,110"
100,07:20,10,10,인천공항,11,"9,29,39,49,59,69,79,89,99,109,119"
100,07:20,2,2,수서,12,"1,11,21,31,41,51,61,71,81,91,101,111"
100,07:20,3,3,삼성,13,"2,12,19,22,32,42,52,62,72,82,92,102,112"
100,07:20,4,4,여의도,11,"13,23,33,43,53,63,73,83,93,103,113"
100,07:20,5,5,김포공항,11,"4,14,24,34,54,64,74,84,94,104,114"
100,07:20,6,6,일산,12,"5,15,25,35,45,55,65,75,85,95,105,115"
100,07:20,7,7,판교,12,"6,16,26,36,46,56,66,76,86,96,106,116"
100,07:20,8,8,동탄/용인,12,"7,17,27,37,47,57,67,77,87,97,107,117"
100,07:20,9,9,평택,13,"3,8,18,28,38,48,58,68,78,88,98,108,118"
101,07:21,1,1,서울역,12,"0,10,20,30,40,50,60,70,80,90,100,110"
101,07:21,10,10,인천공항,11,"9,29,39,49,59,69,79,89,99,109,119"
101,07:21,2,2,수서,12,"1,11,21,31,41,51,61,71,81,91,101,111"
101,07:21,3,3,삼성,13,"2,12,19,22,32,42,52,62,72,82,92,102,112"
101,07:21,4,4,여의도,11,"13,23,33,43,53,63,73,83,93,103,113"
101,07:21,5,5,김포공항,11,"4,14,24,34,54,64,74,84,94,104,114"
101,07:21,6,6,일산,12,"5,15,25,35,45,55,65,75,85,95,105,115"
101,07:21,7,7,판교,12,"6,16,26,36,46,56,66,76,86,96,106,116"
101,07:21,8,8,동탄/용인,12,"7,17,27,37,47,57,67,77,87,97,107,117"
101,07:21,9,9,평택,13,"3,8,18,28,38,48,58,68,78,88,98,108,118"
102,07:22,1,1,서울역,12,"0,10,20,30,40,50,60,70,80,90,100,110"
102,07:22,10,10,인천공항,11,"9,29,39,49,59,69,79,89,99,109,119"
102,07:22,2,2,수서,12,"1,11,21,31,41,51,61,71,81,91,101,111"
102,07:22,3,3,삼성,13,"2,12,19,22,32,42,52,62,72,82,92,102,112"
102,07:22,4,4,여의도,11,"13,23,33,43,53,63,73,83,93,103,113"
102,07:22,5,5,김포공항,11,"4,14,24,34,54,64,74,84,94,104,114"
102,07:22,6,6,일산,12,"5,15,25,35,45,55,65,75,85,95,105,115"
102,07:22,7,7,판교,12,"6,16,26,36,46,56,66,76,86,96,106,116"
102,07:22,8,8,동탄/용인,12,"7,17,27,37,47,57,67,77,87,97,107,117"
102,07:22,9,9,평택,13,"3,8,18,28,38,48,58,68,78,88,98,108,118"
103,07:23,1,1,서울역,12,"0,10,20,30,40,50,60,70,80,90,100,110"
103,07:23,10,10,인천공항,11,"9,29,39,49,59,69,79,89,99,109,119"
103,07:23,2,2,수서,12,"1,11,21,31,41,51,61,71,81,91,101,111"
103,07:23,3,3,삼성,13,"2,12,19,22,32,42,52,62,72,82,92,102,112"
103,07:23,4,4,여의도,11,"13,23,33,43,53,63,73,83,93,103,113"
103,07:23,5,5,김포공항,11,"4,14,24,34,54,64,74,84,94,104,114"
103,07:23,6,6,일산,11,"15,25,35,45,55,65,75,85,95,105,115"
103,07:23,7,7,판교,12,"6,16,26,36,46,56,66,76,86,96,106,116"
103,07:23,8,8,동탄/용인,12,"7,17,27,37,47,57,67,77,87,97,107,117"
103,07:23,9,9,평택,13,"3,8,18,28,38,48,58,68,78,88,98,108,118"
104,07:24,1,1,서울역,12,"0,10,20,30,40,50,60,70,80,90,100,110"
104,07:24,10,10,인천공항,11,"9,29,39,49,59,69,79,89,99,109,119"
104,07:24,2,2,수서,12,"1,11,21,31,41,51,61,71,81,91,101,111"
104,07:24,3,3,삼성,13,"2,12,19,22,32,42,52,62,72,82,92,102,112"
104,07:24,4,4,여의도,11,"13,23,33,43,53,63,73,83,93,103,113"
104,07:24,5,5,김포공항,11,"4,14,24,34,54,64,74,84,94,104,114"
104,07:24,6,6,일산,11,"15,25,35,45,55,65,75,85,95,105,115"
104,07:24,7,7,판교,12,"6,16,26,36,46,56,66,76,86,96,106,116"
104,07:24,8,8,동탄/용인,12,"7,17,27,37,47,57,67,77,87,97,107,117"
104,07:24,9,9,평택,13,"3,8,18,28,38,48,58,68,78,88,98,108,118"
105,07:25,1,1,서울역,12,"0,10,20,30,40,50,60,70,80,90,100,110"
105,07:25,10,10,인천공항,11,"9,29,39,49,59,69,79,89,99,109,119"
105,07:25,2,2,수서,12,"1,11,21,31,41,51,61,71,81,91,101,111"
105,07:25,3,3,삼성,13,"2,12,19,22,32,42,52,62,72,82,92,102,112"
105,07:25,4,4,여의도,11,"13,23,33,43,53,63,73,83,93,103,113"
105,07:25,5,5,김포공항,11,"4,14,24,34,54,64,74,84,94,104,114"
105,07:25,6,6,일산,11,"15,25,35,45,55,65,75,85,95,105,115"
105,07:25,7,7,판교,12,"6,16,26,36,46,56,66,76,86,96,106,116"
105,07:25,8,8,동탄/용인,12,"7,17,27,37,47,57,67,77,87,97,107,117"
105,07:25,9,9,평택,13,"3,8,18,28,38,48,58,68,78,88,98,108,118"
106,07:26,1,1,서울역,12,"0,10,20,30,40,50,60,70,80,90,100,110"
106,07:26,10,10,인천공항,11,"9,29,39,49,59,69,79,89,99,109,119"
106,07:26,2,2,수서,12,"1,11,21,31,41,51,61,71,81,91,101,111"
106,07:26,3,3,삼성,13,"2,12,19,22,32,42,52,62,72,82,92,102,112"
106,07:26,4,4,여의도,11,"13,23,33,43,53,63,73,83,93,103,113"
106,07:26,5,5,김포공항,11,"4,14,24,34,54,64,74,84,94,104,114"
106,07:26,6,6,일산,11,"15,25,35,45,55,65,75,85,95,105,115"
106,07:26,7,7,판교,12,"6,16,26,36,46,56,66,76,86,96,106,116"
106,07:26,8,8,동탄/용인,11,"17,27,37,47,57,67,77,87,97,107,117"
106,07:26,9,9,평택,13,"3,8,18,28,38,48,58,68,78,88,98,108,118"
107,07:27,1,1,서울역,12,"0,10,20,30,40,50,60,70,80,90,100,110"
107,07:27,10,10,인천공항,11,"9,29,39,49,59,69,79,89,99,109,119"
107,07:27,2,2,수서,12,"1,11,21,31,41,51,61,71,81,91,101,111"
107,07:27,3,3,삼성,13,"2,12,19,22,32,42,52,62,72,82,92,102,112"
107,07:27,4,4,여의도,11,"13,23,33,43,53,63,73,83,93,103,113"
107,07:27,5,5,김포공항,11,"4,14,24,34,54,64,74,84,94,104,114"
107,07:27,6,6,일산,11,"15,25,35,45,55,65,75,85,95,105,115"
107,07:27,7,7,판교,12,"6,16,26,36,46,56,66,76,86,96,106,116"
107,07:27,8,8,동탄/용인,11,"17,27,37,47,57,67,77,87,97,107,117"
107,07:27,9,9,평택,13,"3,8,18,28,38,48,58,68,78,88,98,108,118"
108,07:28,1,1,서울역,12,"0,10,20,30,40,50,60,70,80,90,100,110"
108,07:28,10,10,인천공항,11,"9,29,39,49,59,69,79,89,99,109,119"
108,07:28,2,2,수서,13,"1,11,21,31,41,44,51,61,71,81,91,101,111"
108,07:28,3,3,삼성,13,"2,12,19,22,32,42,52,62,72,82,92,102,112"
108,07:28,4,4,여의도,11,"13,23,33,43,53,63,73,83,93,103,113"
108,07:28,5,5,김포공항,11,"4,14,24,34,54,64,74,84,94,104,114"
108,07:28,6,6,일산,11,"15,25,35,45,55,65,75,85,95,105,115"
108,07:28,7,7,판교,12,"6,16,26,36,46,56,66,76,86,96,106,116"
108,07:28,8,8,동탄/용인,11,"17,27,37,47,57,67,77,87,97,107,117"
108,07:28,9,9,평택,13,"3,8,18,28,38,48,58,68,78,88,98,108,118"
109,07:29,1,1,서울역,12,"0,10,20,30,40,50,60,70,80,90,100,110"
109,07:29,10,10,인천공항,11,"9,29,39,49,59,69,79,89,99,109,119"
109,07:29,2,2,수서,13,"1,11,21,31,41,44,51,61,71,81,91,101,111"
109,07:29,3,3,삼성,13,"2,12,19,22,32,42,52,62,72,82,92,102,112"
109,07:29,4,4,여의도,11,"13,23,33,43,53,63,73,83,93,103,113"
109,07:29,5,5,김포공항,11,"4,14,24,34,54,64,74,84,94,104,114"
109,07:29,6,6,일산,11,"15,25,35,45,55,65,75,85,95,105,115"
109,07:29,7,7,판교,12,"6,16,26,36,46,56,66,76,86,96,106,116"
109,07:29,8,8,동탄/용인,11,"17,27,37,47,57,67,77,87,97,107,117"
109,07:29,9,9,평택,13,"3,8,18,28,38,48,58,68,78,88,98,108,118"
110,07:30,1,1,서울역,13,"0,5,10,20,30,40,50,60,70,80,90,100,110"
110,07:30,10,10,인천공항,11,"9,29,39,49,59,69,79,89,99,109,119"
110,07:30,2,2,수서,13,"1,11,21,31,41,44,51,61,71,81,91,101,111"
110,07:30,3,3,삼성,13,"2,12,19,22,32,42,52,62,72,82,92,102,112"
110,07:30,4,4,여의도,11,"13,23,33,43,53,63,73,83,93,103,113"
110,07:30,5,5,김포공항,11,"4,14,24,34,54,64,74,84,94,104,114"
110,07:30,6,6,일산,11,"15,25,35,45,55,65,75,85,95,105,115"
110,07:30,7,7,판교,12,"6,16,26,36,46,56,66,76,86,96,106,116"
110,07:30,8,8,동탄/용인,11,"17,27,37,47,57,67,77,87,97,107,117"
110,07:30,9,9,평택,13,"3,8,18,28,38,48,58,68,78,88,98,108,118"
111,07:31,1,1,서울역,13,"0,5,10,20,30,40,50,60,70,80,90,100,110"
111,07:31,10,10,인천공항,11,"9,29,39,49,59,69,79,89,99,109,119"
111,07:31,2,2,수서,12,"1,11,21,31,41,51,61,71,81,91,101,111"
111,07:31,3,3,삼성,13,"2,12,19,22,32,42,52,62,72,82,92,102,112"
111,07:31,4,4,여의도,11,"13,23,33,43,53,63,73,83,93,103,113"
111,07:31,5,5,김포공항,11,"4,14,24,34,54,64,74,84,94,104,114"
111,07:31,6,6,일산,11,"15,25,35,45,55,65,75,85,95,105,115"
111,07:31,7,7,판교,12,"6,16,26,36,46,56,66,76,86,96,106,116"
111,07:31,8,8,동탄/용인,11,"17,27,37,47,57,67,77,87,97,107,117"
111,07:31,9,9,평택,13,"3,8,18,28,38,48,58,68,78,88,98,108,118"
112,07:32,1,1,서울역,13,"0,5,10,20,30,40,50,60,70,80,90,100,110"
112,07:32,10,10,인천공항,11,"9,29,39,49,59,69,79,89,99,109,119"
112,07:32,2,2,수서,12,"1,11,21,31,41,51,61,71,81,91,101,111"
112,07:32,3,3,삼성,13,"2,12,19,22,32,42,52,62,72,82,92,102,112"
112,07:32,4,4,여의도,11,"13,23,33,43,53,63,73,83,93,103,113"
112,07:32,5,5,김포공항,11,"4,14,24,34,54,64,74,84,94,104,114"
112,07:32,6,6,일산,11,"15,25,35,45,55,65,75,85,95,105,115"
112,07:32,7,7,판교,12,"6,16,26,36,46,56,66,76,86,96,106,116"
112,07:32,8,8,동탄/용인,11,"17,27,37,47,57,67,77,87,97,107,117"
112,07:32,9,9,평택,13,"3,8,18,28,38,48,58,68,78,88,98,108,118"
113,07:33,1,1,서울역,13,"0,5,10,20,30,40,50,60,70,80,90,100,110"
113,07:33,10,10,인천공항,11,"9,29,39,49,59,69,79,89,99,109,119"
113,07:33,2,2,수서,12,"1,11,21,31,41,51,61,71,81,91,101,111"
113,07:33,3,3,삼성,13,"2,12,19,22,32,42,52,62,72,82,92,102,112"
113,07:33,4,4,여의도,11,"13,23,33,43,53,63,73,83,93,103,113"
113,07:33,5,5,김포공항,11,"4,14,24,34,54,64,74,84,94,104,114"
113,07:33,6,6,일산,11,"15,25,35,45,55,65,75,85,95,105,115"
113,07:33,7,7,판교,12,"6,16,26,36,46,56,66,76,86,96,106,116"
113,07:33,8,8,동탄/용인,11,"17,27,37,47,57,67,77,87,97,107,117"
113,07:33,9,9,평택,13,"3,8,18,28,38,48,58,68,78,88,98,108,118"
114,07:34,1,1,서울역,13,"0,5,10,20,30,40,50,60,70,80,90,100,110"
114,07:34,10,10,인천공항,11,"9,29,39,49,59,69,79,89,99,109,119"
114,07:34,2,2,수서,12,"1,11,21,31,41,51,61,71,81,91,101,111"
114,07:34,3,3,삼성,13,"2,12,19,22,32,42,52,62,72,82,92,102,112"
114,07:34,4,4,여의도,11,"13,23,33,43,53,63,73,83,93,103,113"
114,07:34,5,5,김포공항,11,"4,14,24,34,54,64,74,84,94,104,114"
114,07:34,6,6,일산,11,"15,25,35,45,55,65,75,85,95,105,115"
114,07:34,7,7,판교,12,"6,16,26,36,46,56,66,76,86,96,106,116"
114,07:34,8,8,동탄/용인,11,"17,27,37,47,57,67,77,87,97,107,117"
114,07:34,9,9,평택,13,"3,8,18,28,38,48,58,68,78,88,98,108,118"
115,07:35,1,1,서울역,13,"0,5,10,20,30,40,50,60,70,80,90,100,110"
115,07:35,10,10,인천공항,11,"9,29,39,49,59,69,79,89,99,109,119"
115,07:35,2,2,수서,12,"1,11,21,31,41,51,61,71,81,91,101,111"
115,07:35,3,3,삼성,13,"2,12,19,22,32,42,52,62,72,82,92,102,112"
115,07:35,4,4,여의도,11,"13,23,33,43,53,63,73,83,93,103,113"
115,07:35,5,5,김포공항,11,"4,14,24,34,54,64,74,84,94,104,114"
115,07:35,6,6,일산,11,"15,25,35,45,55,65,75,85,95,105,115"
115,07:35,7,7,판교,12,"6,16,26,36,46,56,66,76,86,96,106,116"
115,07:35,8,8,동탄/용인,11,"17,27,37,47,57,67,77,87,97,107,117"
115,07:35,9,9,평택,13,"3,8,18,28,38,48,58,68,78,88,98,108,118"
116,07:36,1,1,서울역,13,"0,5,10,20,30,40,50,60,70,80,90,100,110"
116,07:36,10,10,인천공항,11,"9,29,39,49,59,69,79,89,99,109,119"
116,07:36,2,2,수서,13,"1,7,11,21,31,41,51,61,71,81,91,101,111"
116,07:36,3,3,삼성,13,"2,12,19,22,32,42,52,62,72,82,92,102,112"
116,07:36,4,4,여의도,11,"13,23,33,43,53,63,73,83,93,103,113"
116,07:36,5,5,김포공항,11,"4,14,24,34,54,64,74,84,94,104,114"
116,07:36,6,6,일산,11,"15,25,35,45,55,65,75,85,95,105,115"
116,07:36,7,7,판교,12,"6,16,26,36,46,56,66,76,86,96,106,116"
116,07:36,8,8,동탄/용인,11,"17,27,37,47,57,67,77,87,97,107,117"
116,07:36,9,9,평택,13,"3,8,18,28,38,48,58,68,78,88,98,108,118"
117,07:37,1,1,서울역,13,"0,5,10,20,30,40,50,60,70,80,90,100,110"
117,07:37,10,10,인천공항,11,"9,29,39,49,59,69,79,89,99,109,119"
117,07:37,2,2,수서,13,"1,7,11,21,31,41,51,61,71,81,91,101,111"
117,07:37,3,3,삼성,13,"2,12,19,22,32,42,52,62,72,82,92,102,112"
117,07:37,4,4,여의도,12,"13,23,33,43,44,53,63,73,83,93,103,113"
117,07:37,5,5,김포공항,11,"4,14,24,34,54,64,74,84,94,104,114"
117,07:37,6,6,일산,11,"15,25,35,45,55,65,75,85,95,105,115"
117,07:37,7,7,판교,12,"6,16,26,36,46,56,66,76,86,96,106,116"
117,07:37,8,8,동탄/용인,11,"17,27,37,47,57,67,77,87,97,107,117"
117,07:37,9,9,평택,13,"3,8,18,28,38,48,58,68,78,88,98,108,118"
118,07:38,1,1,서울역,13,"0,5,10,20,30,40,50,60,70,80,90,100,110"
118,07:38,10,10,인천공항,11,"9,29,39,49,59,69,79,89,99,109,119"
118,07:38,2,2,수서,13,"1,7,11,21,31,41,51,61,71,81,91,101,111"
118,07:38,3,3,삼성,13,"2,12,19,22,32,42,52,62,72,82,92,102,112"
118,07:38,4,4,여의도,12,"13,23,33,43,44,53,63,73,83,93,103,113"
118,07:38,5,5,김포공항,11,"4,14,24,34,54,64,74,84,94,104,114"
118,07:38,6,6,일산,11,"15,25,35,45,55,65,75,85,95,105,115"
118,07:38,7,7,판교,12,"6,16,26,36,46,56,66,76,86,96,106,116"
118,07:38,8,8,동탄/용인,11,"17,27,37,47,57,67,77,87,97,107,117"
118,07:38,9,9,평택,13,"3,8,18,28,38,48,58,68,78,88,98,108,118"
119,07:39,1,1,서울역,13,"0,5,10,20,30,40,50,60,70,80,90,100,110"
119,07:39,10,10,인천공항,11,"9,29,39,49,59,69,79,89,99,109,119"
119,07:39,2,2,수서,13,"1,7,11,21,31,41,51,61,71,81,91,101,111"
119,07:39,3,3,삼성,13,"2,12,19,22,32,42,52,62,72,82,92,102,112"
119,07:39,4,4,여의도,12,"13,23,33,43,44,53,63,73,83,93,103,113"
119,07:39,5,5,김포공항,11,"4,14,24,34,54,64,74,84,94,104,114"
119,07:39,6,6,일산,11,"15,25,35,45,55,65,75,85,95,105,115"
119,07:39,7,7,판교,12,"6,16,26,36,46,56,66,76,86,96,106,116"
119,07:39,8,8,동탄/용인,11,"17,27,37,47,57,67,77,87,97,107,117"
119,07:39,9,9,평택,13,"3,8,18,28,38,48,58,68,78,88,98,108,118"
120,07:40,1,1,서울역,13,"0,5,10,20,30,40,50,60,70,80,90,100,110"
120,07:40,10,10,인천공항,11,"9,29,39,49,59,69,79,89,99,109,119"
120,07:40,2,2,수서,13,"1,7,11,21,31,41,51,61,71,81,91,101,111"
120,07:40,3,3,삼성,13,"2,12,19,22,32,42,52,62,72,82,92,102,112"
120,07:40,4,4,여의도,12,"13,23,33,43,44,53,63,73,83,93,103,113"
120,07:40,5,5,김포공항,11,"4,14,24,34,54,64,74,84,94,104,114"
120,07:40,6,6,일산,11,"15,25,35,45,55,65,75,85,95,105,115"
120,07:40,7,7,판교,12,"6,16,26,36,46,56,66,76,86,96,106,116"
120,07:40,8,8,동탄/용인,11,"17,27,37,47,57,67,77,87,97,107,117"
120,07:40,9,9,평택,13,"3,8,18,28,38,48,58,68,78,88,98,108,118"
121,07:41,1,1,서울역,13,"0,5,10,20,30,40,50,60,70,80,90,100,110"
121,07:41,10,10,인천공항,11,"9,29,39,49,59,69,79,89,99,109,119"
121,07:41,2,2,수서,13,"1,7,11,21,31,41,51,61,71,81,91,101,111"
121,07:41,3,3,삼성,13,"2,12,19,22,32,42,52,62,72,82,92,102,112"
121,07:41,4,4,여의도,12,"13,23,33,43,44,53,63,73,83,93,103,113"
121,07:41,5,5,김포공항,11,"4,14,24,34,54,64,74,84,94,104,114"
121,07:41,6,6,일산,11,"15,25,35,45,55,65,75,85,95,105,115"
121,07:41,7,7,판교,12,"6,16,26,36,46,56,66,76,86,96,106,116"
121,07:41,8,8,동탄/용인,11,"17,27,37,47,57,67,77,87,97,107,117"
121,07:41,9,9,평택,13,"3,8,18,28,38,48,58,68,78,88,98,108,118"
122,07:42,1,1,서울역,13,"0,5,10,20,30,40,50,60,70,80,90,100,110"
122,07:42,10,10,인천공항,11,"9,29,39,49,59,69,79,89,99,109,119"
122,07:42,2,2,수서,13,"1,7,11,21,31,41,51,61,71,81,91,101,111"
122,07:42,3,3,삼성,13,"2,12,19,22,32,42,52,62,72,82,92,102,112"
122,07:42,4,4,여의도,12,"13,23,33,43,44,53,63,73,83,93,103,113"
122,07:42,5,5,김포공항,11,"4,14,24,34,54,64,74,84,94,104,114"
122,07:42,6,6,일산,11,"15,25,35,45,55,65,75,85,95,105,115"
122,07:42,7,7,판교,12,"6,16,26,36,46,56,66,76,86,96,106,116"
122,07:42,8,8,동탄/용인,11,"17,27,37,47,57,67,77,87,97,107,117"
122,07:42,9,9,평택,13,"3,8,18,28,38,48,58,68,78,88,98,108,118"
123,07:43,1,1,서울역,13,"0,5,10,20,30,40,50,60,70,80,90,100,110"
123,07:43,10,10,인천공항,11,"9,29,39,49,59,69,79,89,99,109,119"
123,07:43,2,2,수서,13,"1,7,11,21,31,41,51,61,71,81,91,101,111"
123,07:43,3,3,삼성,13,"2,12,19,22,32,42,52,62,72,82,92,102,112"
123,07:43,4,4,여의도,12,"13,23,33,43,44,53,63,73,83,93,103,113"
123,07:43,5,5,김포공항,11,"4,14,24,34,54,64,74,84,94,104,114"
123,07:43,6,6,일산,11,"15,25,35,45,55,65,75,85,95,105,115"
123,07:43,7,7,판교,12,"6,16,26,36,46,56,66,76,86,96,106,116"
123,07:43,8,8,동탄/용인,11,"17,27,37,47,57,67,77,87,97,107,117"
123,07:43,9,9,평택,13,"3,8,18,28,38,48,58,68,78,88,98,108,118"
124,07:44,1,1,서울역,13,"0,5,10,20,30,40,50,60,70,80,90,100,110"
124,07:44,10,10,인천공항,11,"9,29,39,49,59,69,79,89,99,109,119"
124,07:44,2,2,수서,13,"1,7,11,21,31,41,51,61,71,81,91,101,111"
124,07:44,3,3,삼성,13,"2,12,19,22,32,42,52,62,72,82,92,102,112"
124,07:44,4,4,여의도,12,"13,23,33,43,44,53,63,73,83,93,103,113"
124,07:44,5,5,김포공항,11,"4,14,24,34,54,64,74,84,94,104,114"
124,07:44,6,6,일산,11,"15,25,35,45,55,65,75,85,95,105,115"
124,07:44,7,7,판교,12,"6,16,26,36,46,56,66,76,86,96,106,116"
124,07:44,8,8,동탄/용인,11,"17,27,37,47,57,67,77,87,97,107,117"
124,07:44,9,9,평택,13,"3,8,18,28,38,48,58,68,78,88,98,108,118"
125,07:45,1,1,서울역,13,"0,5,10,20,30,40,50,60,70,80,90,100,110"
125,07:45,10,10,인천공항,11,"9,29,39,49,59,69,79,89,99,109,119"
125,07:45,2,2,수서,13,"1,7,11,21,31,41,51,61,71,81,91,101,111"
125,07:45,3,3,삼성,13,"2,12,19,22,32,42,52,62,72,82,92,102,112"
125,07:45,4,4,여의도,12,"13,23,33,43,44,53,63,73,83,93,103,113"
125,07:45,5,5,김포공항,11,"4,14,24,34,54,64,74,84,94,104,114"
125,07:45,6,6,일산,11,"15,25,35,45,55,65,75,85,95,105,115"
125,07:45,7,7,판교,12,"6,16,26,36,46,56,66,76,86,96,106,116"
125,07:45,8,8,동탄/용인,11,"17,27,37,47,57,67,77,87,97,107,117"
125,07:45,9,9,평택,13,"3,8,18,28,38,48,58,68,78,88,98,108,118"
126,07:46,1,1,서울역,13,"0,5,10,20,30,40,50,60,70,80,90,100,110"
126,07:46,10,10,인천공항,11,"9,29,39,49,59,69,79,89,99,109,119"
126,07:46,2,2,수서,13,"1,7,11,21,31,41,51,61,71,81,91,101,111"
126,07:46,3,3,삼성,13,"2,12,19,22,32,42,52,62,72,82,92,102,112"
126,07:46,4,4,여의도,12,"13,23,33,43,44,53,63,73,83,93,103,113"
126,07:46,5,5,김포공항,11,"4,14,24,34,54,64,74,84,94,104,114"
126,07:46,6,6,일산,11,"15,25,35,45,55,65,75,85,95,105,115"
126,07:46,7,7,판교,12,"6,16,26,36,46,56,66,76,86,96,106,116"
126,07:46,8,8,동탄/용인,11,"17,27,37,47,57,67,77,87,97,107,117"
126,07:46,9,9,평택,13,"3,8,18,28,38,48,58,68,78,88,98,108,118"
127,07:47,1,1,서울역,13,"0,5,10,20,30,40,50,60,70,80,90,100,110"
127,07:47,10,10,인천공항,11,"9,29,39,49,59,69,79,89,99,109,119"
127,07:47,2,2,수서,13,"1,7,11,21,31,41,51,61,71,81,91,101,111"
127,07:47,3,3,삼성,13,"2,12,19,22,32,42,52,62,72,82,92,102,112"
127,07:47,4,4,여의도,12,"13,23,33,43,44,53,63,73,83,93,103,113"
127,07:47,5,5,김포공항,11,"4,14,24,34,54,64,74,84,94,104,114"
127,07:47,6,6,일산,11,"15,25,35,45,55,65,75,85,95,105,115"
127,07:47,7,7,판교,12,"6,16,26,36,46,56,66,76,86,96,106,116"
127,07:47,8,8,동탄/용인,11,"17,27,37,47,57,67,77,87,97,107,117"
127,07:47,9,9,평택,13,"3,8,18,28,38,48,58,68,78,88,98,108,118"
128,07:48,1,1,서울역,13,"0,5,10,20,30,40,50,60,70,80,90,100,110"
128,07:48,10,10,인천공항,11,"9,29,39,49,59,69,79,89,99,109,119"
128,07:48,2,2,수서,13,"1,7,11,21,31,41,51,61,71,81,91,101,111"
128,07:48,3,3,삼성,13,"2,12,19,22,32,42,52,62,72,82,92,102,112"
128,07:48,4,4,여의도,12,"13,23,33,43,44,53,63,73,83,93,103,113"
128,07:48,5,5,김포공항,11,"4,14,24,34,54,64,74,84,94,104,114"
128,07:48,6,6,일산,11,"15,25,35,45,55,65,75,85,95,105,115"
128,07:48,7,7,판교,12,"6,16,26,36,46,56,66,76,86,96,106,116"
128,07:48,8,8,동탄/용인,11,"17,27,37,47,57,67,77,87,97,107,117"
128,07:48,9,9,평택,13,"3,8,18,28,38,48,58,68,78,88,98,108,118"
129,07:49,1,1,서울역,13,"0,5,10,20,30,40,50,60,70,80,90,100,110"
129,07:49,10,10,인천공항,11,"9,29,39,49,59,69,79,89,99,109,119"
129,07:49,2,2,수서,13,"1,7,11,21,31,41,51,61,71,81,91,101,111"
129,07:49,3,3,삼성,13,"2,12,19,22,32,42,52,62,72,82,92,102,112"
129,07:49,4,4,여의도,12,"13,23,33,43,44,53,63,73,83,93,103,113"
129,07:49,5,5,김포공항,11,"4,14,24,34,54,64,74,84,94,104,114"
129,07:49,6,6,일산,11,"15,25,35,45,55,65,75,85,95,105,115"
129,07:49,7,7,판교,12,"6,16,26,36,46,56,66,76,86,96,106,116"
129,07:49,8,8,동탄/용인,11,"17,27,37,47,57,67,77,87,97,107,117"
129,07:49,9,9,평택,13,"3,8,18,28,38,48,58,68,78,88,98,108,118"
130,07:50,1,1,서울역,13,"0,5,10,20,30,40,50,60,70,80,90,100,110"
130,07:50,10,10,인천공항,11,"9,29,39,49,59,69,79,89,99,109,119"
130,07:50,2,2,수서,13,"1,7,11,21,31,41,51,61,71,81,91,101,111"
130,07:50,3,3,삼성,13,"2,12,19,22,32,42,52,62,72,82,92,102,112"
130,07:50,4,4,여의도,12,"13,23,33,43,44,53,63,73,83,93,103,113"
130,07:50,5,5,김포공항,11,"4,14,24,34,54,64,74,84,94,104,114"
130,07:50,6,6,일산,11,"15,25,35,45,55,65,75,85,95,105,115"
130,07:50,7,7,판교,12,"6,16,26,36,46,56,66,76,86,96,106,116"
130,07:50,8,8,동탄/용인,11,"17,27,37,47,57,67,77,87,97,107,117"
130,07:50,9,9,평택,13,"3,8,18,28,38,48,58,68,78,88,98,108,118"
131,07:51,1,1,서울역,13,"0,5,10,20,30,40,50,60,70,80,90,100,110"
131,07:51,10,10,인천공항,11,"9,29,39,49,59,69,79,89,99,109,119"
131,07:51,2,2,수서,13,"1,7,11,21,31,41,51,61,71,81,91,101,111"
131,07:51,3,3,삼성,13,"2,12,19,22,32,42,52,62,72,82,92,102,112"
131,07:51,4,4,여의도,12,"13,23,33,43,44,53,63,73,83,93,103,113"
131,07:51,5,5,김포공항,11,"4,14,24,34,54,64,74,84,94,104,114"
131,07:51,6,6,일산,11,"15,25,35,45,55,65,75,85,95,105,115"
131,07:51,7,7,판교,12,"6,16,26,36,46,56,66,76,86,96,106,116"
131,07:51,8,8,동탄/용인,11,"17,27,37,47,57,67,77,87,97,107,117"
131,07:51,9,9,평택,13,"3,8,18,28,38,48,58,68,78,88,98,108,118"
132,07:52,1,1,서울역,13,"0,5,10,20,30,40,50,60,70,80,90,100,110"
132,07:52,10,10,인천공항,11,"9,29,39,49,59,69,79,89,99,109,119"
132,07:52,2,2,수서,13,"1,7,11,21,31,41,51,61,71,81,91,101,111"
132,07:52,3,3,삼성,13,"2,12,19,22,32,42,52,62,72,82,92,102,112"
132,07:52,4,4,여의도,12,"13,23,33,43,44,53,63,73,83,93,103,113"
132,07:52,5,5,김포공항,11,"4,14,24,34,54,64,74,84,94,104,114"
132,07:52,6,6,일산,11,"15,25,35,45,55,65,75,85,95,105,115"
132,07:52,7,7,판교,12,"6,16,26,36,46,56,66,76,86,96,106,116"
132,07:52,8,8,동탄/용인,11,"17,27,37,47,57,67,77,87,97,107,117"
132,07:52,9,9,평택,13,"3,8,18,28,38,48,58,68,78,88,98,108,118"
133,07:53,1,1,서울역,13,"0,5,10,20,30,40,50,60,70,80,90,100,110"
133,07:53,10,10,인천공항,11,"9,29,39,49,59,69,79,89,99,109,119"
133,07:53,2,2,수서,13,"1,7,11,21,31,41,51,61,71,81,91,101,111"
133,07:53,3,3,삼성,13,"2,12,19,22,32,42,52,62,72,82,92,102,112"
133,07:53,4,4,여의도,12,"13,23,33,43,44,53,63,73,83,93,103,113"
133,07:53,5,5,김포공항,11,"4,14,24,34,54,64,74,84,94,104,114"
133,07:53,6,6,일산,11,"15,25,35,45,55,65,75,85,95,105,115"
133,07:53,7,7,판교,12,"6,16,26,36,46,56,66,76,86,96,106,116"
133,07:53,8,8,동탄/용인,11,"17,27,37,47,57,67,77,87,97,107,117"
133,07:53,9,9,평택,13,"3,8,18,28,38,48,58,68,78,88,98,108,118"
134,07:54,1,1,서울역,13,"0,5,10,20,30,40,50,60,70,80,90,100,110"
134,07:54,10,10,인천공항,11,"9,29,39,49,59,69,79,89,99,109,119"
134,07:54,2,2,수서,13,"1,7,11,21,31,41,51,61,71,81,91,101,111"
134,07:54,3,3,삼성,13,"2,12,19,22,32,42,52,62,72,82,92,102,112"
134,07:54,4,4,여의도,12,"13,23,33,43,44,53,63,73,83,93,103,113"
134,07:54,5,5,김포공항,11,"4,14,24,34,54,64,74,84,94,104,114"
134,07:54,6,6,일산,11,"15,25,35,45,55,65,75,85,95,105,115"
134,07:54,7,7,판교,12,"6,16,26,36,46,56,66,76,86,96,106,116"
134,07:54,8,8,동탄/용인,11,"17,27,37,47,57,67,77,87,97,107,117"
134,07:54,9,9,평택,13,"3,8,18,28,38,48,58,68,78,88,98,108,118"
135,07:55,1,1,서울역,13,"0,5,10,20,30,40,50,60,70,80,90,100,110"
135,07:55,10,10,인천공항,11,"9,29,39,49,59,69,79,89,99,109,119"
135,07:55,2,2,수서,13,"1,7,11,21,31,41,51,61,71,81,91,101,111"
135,07:55,3,3,삼성,13,"2,12,19,22,32,42,52,62,72,82,92,102,112"
135,07:55,4,4,여의도,12,"13,23,33,43,44,53,63,73,83,93,103,113"
135,07:55,5,5,김포공항,11,"4,14,24,34,54,64,74,84,94,104,114"
135,07:55,6,6,일산,11,"15,25,35,45,55,65,75,85,95,105,115"
135,07:55,7,7,판교,12,"6,16,26,36,46,56,66,76,86,96,106,116"
135,07:55,8,8,동탄/용인,11,"17,27,37,47,57,67,77,87,97,107,117"
135,07:55,9,9,평택,13,"3,8,18,28,38,48,58,68,78,88,98,108,118"
136,07:56,1,1,서울역,13,"0,5,10,20,30,40,50,60,70,80,90,100,110"
136,07:56,10,10,인천공항,11,"9,29,39,49,59,69,79,89,99,109,119"
136,07:56,2,2,수서,13,"1,7,11,21,31,41,51,61,71,81,91,101,111"
136,07:56,3,3,삼성,13,"2,12,19,22,32,42,52,62,72,82,92,102,112"
136,07:56,4,4,여의도,12,"13,23,33,43,44,53,63,73,83,93,103,113"
136,07:56,5,5,김포공항,11,"4,14,24,34,54,64,74,84,94,104,114"
136,07:56,6,6,일산,11,"15,25,35,45,55,65,75,85,95,105,115"
136,07:56,7,7,판교,12,"6,16,26,36,46,56,66,76,86,96,106,116"
136,07:56,8,8,동탄/용인,11,"17,27,37,47,57,67,77,87,97,107,117"
136,07:56,9,9,평택,13,"3,8,18,28,38,48,58,68,78,88,98,108,118"
137,07:57,1,1,서울역,13,"0,5,10,20,30,40,50,60,70,80,90,100,110"
137,07:57,10,10,인천공항,11,"9,29,39,49,59,69,79,89,99,109,119"
137,07:57,2,2,수서,13,"1,7,11,21,31,41,51,61,71,81,91,101,111"
137,07:57,3,3,삼성,13,"2,12,19,22,32,42,52,62,72,82,92,102,112"
137,07:57,4,4,여의도,12,"13,23,33,43,44,53,63,73,83,93,103,113"
137,07:57,5,5,김포공항,11,"4,14,24,34,54,64,74,84,94,104,114"
137,07:57,6,6,일산,11,"15,25,35,45,55,65,75,85,95,105,115"
137,07:57,7,7,판교,12,"6,16,26,36,46,56,66,76,86,96,106,116"
137,07:57,8,8,동탄/용인,11,"17,27,37,47,57,67,77,87,97,107,117"
137,07:57,9,9,평택,13,"3,8,18,28,38,48,58,68,78,88,98,108,118"
138,07:58,1,1,서울역,13,"0,5,10,20,30,40,50,60,70,80,90,100,110"
138,07:58,10,10,인천공항,11,"9,29,39,49,59,69,79,89,99,109,119"
138,07:58,2,2,수서,13,"1,7,11,21,31,41,51,61,71,81,91,101,111"
138,07:58,3,3,삼성,13,"2,12,19,22,32,42,52,62,72,82,92,102,112"
138,07:58,4,4,여의도,12,"13,23,33,43,44,53,63,73,83,93,103,113"
138,07:58,5,5,김포공항,11,"4,14,24,34,54,64,74,84,94,104,114"
138,07:58,6,6,일산,11,"15,25,35,45,55,65,75,85,95,105,115"
138,07:58,7,7,판교,12,"6,16,26,36,46,56,66,76,86,96,106,116"
138,07:58,8,8,동탄/용인,11,"17,27,37,47,57,67,77,87,97,107,117"
138,07:58,9,9,평택,13,"3,8,18,28,38,48,58,68,78,88,98,108,118"
139,07:59,1,1,서울역,13,"0,5,10,20,30,40,50,60,70,80,90,100,110"
139,07:59,10,10,인천공항,11,"9,29,39,49,59,69,79,89,99,109,119"
139,07:59,2,2,수서,13,"1,7,11,21,31,41,51,61,71,81,91,101,111"
139,07:59,3,3,삼성,13,"2,12,19,22,32,42,52,62,72,82,92,102,112"
139,07:59,4,4,여의도,12,"13,23,33,43,44,53,63,73,83,93,103,113"
139,07:59,5,5,김포공항,11,"4,14,24,34,54,64,74,84,94,104,114"
139,07:59,6,6,일산,11,"15,25,35,45,55,65,75,85,95,105,115"
139,07:59,7,7,판교,12,"6,16,26,36,46,56,66,76,86,96,106,116"
139,07:59,8,8,동탄/용인,11,"17,27,37,47,57,67,77,87,97,107,117"
139,07:59,9,9,평택,13,"3,8,18,28,38,48,58,68,78,88,98,108,118"
140,08:00,1,1,서울역,13,"0,5,10,20,30,40,50,60,70,80,90,100,110"
140,08:00,10,10,인천공항,11,"9,29,39,49,59,69,79,89,99,109,119"
140,08:00,2,2,수서,13,"1,7,11,21,31,41,51,61,71,81,91,101,111"
140,08:00,3,3,삼성,13,"2,12,19,22,32,42,52,62,72,82,92,102,112"
140,08:00,4,4,여의도,12,"13,23,33,43,44,53,63,73,83,93,103,113"
140,08:00,5,5,김포공항,11,"4,14,24,34,54,64,74,84,94,104,114"
140,08:00,6,6,일산,11,"15,25,35,45,55,65,75,85,95,105,115"
140,08:00,7,7,판교,12,"6,16,26,36,46,56,66,76,86,96,106,116"
140,08:00,8,8,동탄/용인,11,"17,27,37,47,57,67,77,87,97,107,117"
140,08:00,9,9,평택,13,"3,8,18,28,38,48,58,68,78,88,98,108,118"
141,08:01,1,1,서울역,13,"0,5,10,20,30,40,50,60,70,80,90,100,110"
141,08:01,10,10,인천공항,11,"9,29,39,49,59,69,79,89,99,109,119"
141,08:01,2,2,수서,13,"1,7,11,21,31,41,51,61,71,81,91,101,111"
141,08:01,3,3,삼성,13,"2,12,19,22,32,42,52,62,72,82,92,102,112"
141,08:01,4,4,여의도,12,"13,23,33,43,44,53,63,73,83,93,103,113"
141,08:01,5,5,김포공항,11,"4,14,24,34,54,64,74,84,94,104,114"
141,08:01,6,6,일산,11,"15,25,35,45,55,65,75,85,95,105,115"
141,08:01,7,7,판교,12,"6,16,26,36,46,56,66,76,86,96,106,116"
141,08:01,8,8,동탄/용인,11,"17,27,37,47,57,67,77,87,97,107,117"
141,08:01,9,9,평택,13,"3,8,18,28,38,48,58,68,78,88,98,108,118"
142,08:02,1,1,서울역,13,"0,5,10,20,30,40,50,60,70,80,90,100,110"
142,08:02,10,10,인천공항,11,"9,29,39,49,59,69,79,89,99,109,119"
142,08:02,2,2,수서,13,"1,7,11,21,31,41,51,61,71,81,91,101,111"
142,08:02,3,3,삼성,13,"2,12,19,22,32,42,52,62,72,82,92,102,112"
142,08:02,4,4,여의도,12,"13,23,33,43,44,53,63,73,83,93,103,113"
142,08:02,5,5,김포공항,11,"4,14,24,34,54,64,74,84,94,104,114"
142,08:02,6,6,일산,11,"15,25,35,45,55,65,75,85,95,105,115"
142,08:02,7,7,판교,12,"6,16,26,36,46,56,66,76,86,96,106,116"
142,08:02,8,8,동탄/용인,11,"17,27,37,47,57,67,77,87,97,107,117"
142,08:02,9,9,평택,13,"3,8,18,28,38,48,58,68,78,88,98,108,118"
143,08:03,1,1,서울역,13,"0,5,10,20,30,40,50,60,70,80,90,100,110"
143,08:03,10,10,인천공항,11,"9,29,39,49,59,69,79,89,99,109,119"
143,08:03,2,2,수서,13,"1,7,11,21,31,41,51,61,71,81,91,101,111"
143,08:03,3,3,삼성,13,"2,12,19,22,32,42,52,62,72,82,92,102,112"
143,08:03,4,4,여의도,12,"13,23,33,43,44,53,63,73,83,93,103,113"
143,08:03,5,5,김포공항,11,"4,14,24,34,54,64,74,84,94,104,114"
143,08:03,6,6,일산,11,"15,25,35,45,55,65,75,85,95,105,115"
143,08:03,7,7,판교,12,"6,16,26,36,46,56,66,76,86,96,106,116"
143,08:03,8,8,동탄/용인,11,"17,27,37,47,57,67,77,87,97,107,117"
143,08:03,9,9,평택,13,"3,8,18,28,38,48,58,68,78,88,98,108,118"
144,08:04,1,1,서울역,13,"0,5,10,20,30,40,50,60,70,80,90,100,110"
144,08:04,10,10,인천공항,11,"9,29,39,49,59,69,79,89,99,109,119"
144,08:04,2,2,수서,13,"1,7,11,21,31,41,51,61,71,81,91,101,111"
144,08:04,3,3,삼성,13,"2,12,19,22,32,42,52,62,72,82,92,102,112"
144,08:04,4,4,여의도,12,"13,23,33,43,44,53,63,73,83,93,103,113"
144,08:04,5,5,김포공항,11,"4,14,24,34,54,64,74,84,94,104,114"
144,08:04,6,6,일산,11,"15,25,35,45,55,65,75,85,95,105,115"
144,08:04,7,7,판교,12,"6,16,26,36,46,56,66,76,86,96,106,116"
144,08:04,8,8,동탄/용인,11,"17,27,37,47,57,67,77,87,97,107,117"
144,08:04,9,9,평택,13,"3,8,18,28,38,48,58,68,78,88,98,108,118"
145,08:05,1,1,서울역,13,"0,5,10,20,30,40,50,60,70,80,90,100,110"
145,08:05,10,10,인천공항,11,"9,29,39,49,59,69,79,89,99,109,119"
145,08:05,2,2,수서,13,"1,7,11,21,31,41,51,61,71,81,91,101,111"
145,08:05,3,3,삼성,13,"2,12,19,22,32,42,52,62,72,82,92,102,112"
145,08:05,4,4,여의도,12,"13,23,33,43,44,53,63,73,83,93,103,113"
145,08:05,5,5,김포공항,11,"4,14,24,34,54,64,74,84,94,104,114"
145,08:05,6,6,일산,11,"15,25,35,45,55,65,75,85,95,105,115"
145,08:05,7,7,판교,12,"6,16,26,36,46,56,66,76,86,96,106,116"
145,08:05,8,8,동탄/용인,11,"17,27,37,47,57,67,77,87,97,107,117"
145,08:05,9,9,평택,13,"3,8,18,28,38,48,58,68,78,88,98,108,118"
146,08:06,1,1,서울역,13,"0,5,10,20,30,40,50,60,70,80,90,100,110"
146,08:06,10,10,인천공항,11,"9,29,39,49,59,69,79,89,99,109,119"
146,08:06,2,2,수서,13,"1,7,11,21,31,41,51,61,71,81,91,101,111"
146,08:06,3,3,삼성,13,"2,12,19,22,32,42,52,62,72,82,92,102,112"
146,08:06,4,4,여의도,12,"13,23,33,43,44,53,63,73,83,93,103,113"
146,08:06,5,5,김포공항,11,"4,14,24,34,54,64,74,84,94,104,114"
146,08:06,6,6,일산,11,"15,25,35,45,55,65,75,85,95,105,115"
146,08:06,7,7,판교,12,"6,16,26,36,46,56,66,76,86,96,106,116"
146,08:06,8,8,동탄/용인,11,"17,27,37,47,57,67,77,87,97,107,117"
146,08:06,9,9,평택,13,"3,8,18,28,38,48,58,68,78,88,98,108,118"
147,08:07,1,1,서울역,13,"0,5,10,20,30,40,50,60,70,80,90,100,110"
147,08:07,10,10,인천공항,11,"9,29,39,49,59,69,79,89,99,109,119"
147,08:07,2,2,수서,13,"1,7,11,21,31,41,51,61,71,81,91,101,111"
147,08:07,3,3,삼성,13,"2,12,19,22,32,42,52,62,72,82,92,102,112"
147,08:07,4,4,여의도,12,"13,23,33,43,44,53,63,73,83,93,103,113"
147,08:07,5,5,김포공항,11,"4,14,24,34,54,64,74,84,94,104,114"
147,08:07,6,6,일산,11,"15,25,35,45,55,65,75,85,95,105,115"
147,08:07,7,7,판교,12,"6,16,26,36,46,56,66,76,86,96,106,116"
147,08:07,8,8,동탄/용인,11,"17,27,37,47,57,67,77,87,97,107,117"
147,08:07,9,9,평택,13,"3,8,18,28,38,48,58,68,78,88,98,108,118"
148,08:08,1,1,서울역,13,"0,5,10,20,30,40,50,60,70,80,90,100,110"
148,08:08,10,10,인천공항,11,"9,29,39,49,59,69,79,89,99,109,119"
148,08:08,2,2,수서,13,"1,7,11,21,31,41,51,61,71,81,91,101,111"
148,08:08,3,3,삼성,13,"2,12,19,22,32,42,52,62,72,82,92,102,112"
148,08:08,4,4,여의도,12,"13,23,33,43,44,53,63,73,83,93,103,113"
148,08:08,5,5,김포공항,11,"4,14,24,34,54,64,74,84,94,104,114"
148,08:08,6,6,일산,11,"15,25,35,45,55,65,75,85,95,105,115"
148,08:08,7,7,판교,12,"6,16,26,36,46,56,66,76,86,96,106,116"
148,08:08,8,8,동탄/용인,11,"17,27,37,47,57,67,77,87,97,107,117"
148,08:08,9,9,평택,13,"3,8,18,28,38,48,58,68,78,88,98,108,118"
149,08:09,1,1,서울역,13,"0,5,10,20,30,40,50,60,70,80,90,100,110"
149,08:09,10,10,인천공항,11,"9,29,39,49,59,69,79,89,99,109,119"
149,08:09,2,2,수서,13,"1,7,11,21,31,41,51,61,71,81,91,101,111"
149,08:09,3,3,삼성,13,"2,12,19,22,32,42,52,62,72,82,92,102,112"
149,08:09,4,4,여의도,12,"13,23,33,43,44,53,63,73,83,93,103,113"
149,08:09,5,5,김포공항,11,"4,14,24,34,54,64,74,84,94,104,114"
149,08:09,6,6,일산,11,"15,25,35,45,55,65,75,85,95,105,115"
149,08:09,7,7,판교,12,"6,16,26,36,46,56,66,76,86,96,106,116"
149,08:09,8,8,동탄/용인,11,"17,27,37,47,57,67,77,87,97,107,117"
149,08:09,9,9,평택,13,"3,8,18,28,38,48,58,68,78,88,98,108,118"
150,08:10,1,1,서울역,13,"0,5,10,20,30,40,50,60,70,80,90,100,110"
150,08:10,10,10,인천공항,11,"9,29,39,49,59,69,79,89,99,109,119"
150,08:10,2,2,수서,13,"1,7,11,21,31,41,51,61,71,81,91,101,111"
150,08:10,3,3,삼성,13,"2,12,19,22,32,42,52,62,72,82,92,102,112"
150,08:10,4,4,여의도,12,"13,23,33,43,44,53,63,73,83,93,103,113"
150,08:10,5,5,김포공항,11,"4,14,24,34,54,64,74,84,94,104,114"
150,08:10,6,6,일산,11,"15,25,35,45,55,65,75,85,95,105,115"
150,08:10,7,7,판교,12,"6,16,26,36,46,56,66,76,86,96,106,116"
150,08:10,8,8,동탄/용인,11,"17,27,37,47,57,67,77,87,97,107,117"
150,08:10,9,9,평택,13,"3,8,18,28,38,48,58,68,78,88,98,108,118"
151,08:11,1,1,서울역,13,"0,5,10,20,30,40,50,60,70,80,90,100,110"
151,08:11,10,10,인천공항,11,"9,29,39,49,59,69,79,89,99,109,119"
151,08:11,2,2,수서,13,"1,7,11,21,31,41,51,61,71,81,91,101,111"
151,08:11,3,3,삼성,13,"2,12,19,22,32,42,52,62,72,82,92,102,112"
151,08:11,4,4,여의도,12,"13,23,33,43,44,53,63,73,83,93,103,113"
151,08:11,5,5,김포공항,11,"4,14,24,34,54,64,74,84,94,104,114"
151,08:11,6,6,일산,11,"15,25,35,45,55,65,75,85,95,105,115"
151,08:11,7,7,판교,12,"6,16,26,36,46,56,66,76,86,96,106,116"
151,08:11,8,8,동탄/용인,11,"17,27,37,47,57,67,77,87,97,107,117"
151,08:11,9,9,평택,13,"3,8,18,28,38,48,58,68,78,88,98,108,118"
152,08:12,1,1,서울역,13,"0,5,10,20,30,40,50,60,70,80,90,100,110"
152,08:12,10,10,인천공항,11,"9,29,39,49,59,69,79,89,99,109,119"
152,08:12,2,2,수서,13,"1,7,11,21,31,41,51,61,71,81,91,101,111"
152,08:12,3,3,삼성,13,"2,12,19,22,32,42,52,62,72,82,92,102,112"
152,08:12,4,4,여의도,12,"13,23,33,43,44,53,63,73,83,93,103,113"
152,08:12,5,5,김포공항,11,"4,14,24,34,54,64,74,84,94,104,114"
152,08:12,6,6,일산,11,"15,25,35,45,55,65,75,85,95,105,115"
152,08:12,7,7,판교,12,"6,16,26,36,46,56,66,76,86,96,106,116"
152,08:12,8,8,동탄/용인,11,"17,27,37,47,57,67,77,87,97,107,117"
152,08:12,9,9,평택,13,"3,8,18,28,38,48,58,68,78,88,98,108,118"
153,08:13,1,1,서울역,13,"0,5,10,20,30,40,50,60,70,80,90,100,110"
153,08:13,10,10,인천공항,11,"9,29,39,49,59,69,79,89,99,109,119"
153,08:13,2,2,수서,13,"1,7,11,21,31,41,51,61,71,81,91,101,111"
153,08:13,3,3,삼성,13,"2,12,19,22,32,42,52,62,72,82,92,102,112"
153,08:13,4,4,여의도,12,"13,23,33,43,44,53,63,73,83,93,103,113"
153,08:13,5,5,김포공항,11,"4,14,24,34,54,64,74,84,94,104,114"
153,08:13,6,6,일산,11,"15,25,35,45,55,65,75,85,95,105,115"
153,08:13,7,7,판교,12,"6,16,26,36,46,56,66,76,86,96,106,116"
153,08:13,8,8,동탄/용인,11,"17,27,37,47,57,67,77,87,97,107,117"
153,08:13,9,9,평택,13,"3,8,18,28,38,48,58,68,78,88,98,108,118"
154,08:14,1,1,서울역,13,"0,5,10,20,30,40,50,60,70,80,90,100,110"
154,08:14,10,10,인천공항,11,"9,29,39,49,59,69,79,89,99,109,119"
154,08:14,2,2,수서,13,"1,7,11,21,31,41,51,61,71,81,91,101,111"
154,08:14,3,3,삼성,13,"2,12,19,22,32,42,52,62,72,82,92,102,112"
154,08:14,4,4,여의도,12,"13,23,33,43,44,53,63,73,83,93,103,113"
154,08:14,5,5,김포공항,11,"4,14,24,34,54,64,74,84,94,104,114"
154,08:14,6,6,일산,11,"15,25,35,45,55,65,75,85,95,105,115"
154,08:14,7,7,판교,12,"6,16,26,36,46,56,66,76,86,96,106,116"
154,08:14,8,8,동탄/용인,11,"17,27,37,47,57,67,77,87,97,107,117"
154,08:14,9,9,평택,13,"3,8,18,28,38,48,58,68,78,88,98,108,118"
155,08:15,1,1,서울역,13,"0,5,10,20,30,40,50,60,70,80,90,100,110"
155,08:15,10,10,인천공항,11,"9,29,39,49,59,69,79,89,99,109,119"
155,08:15,2,2,수서,13,"1,7,11,21,31,41,51,61,71,81,91,101,111"
155,08:15,3,3,삼성,13,"2,12,19,22,32,42,52,62,72,82,92,102,112"
155,08:15,4,4,여의도,12,"13,23,33,43,44,53,63,73,83,93,103,113"
155,08:15,5,5,김포공항,11,"4,14,24,34,54,64,74,84,94,104,114"
155,08:15,6,6,일산,11,"15,25,35,45,55,65,75,85,95,105,115"
155,08:15,7,7,판교,12,"6,16,26,36,46,56,66,76,86,96,106,116"
155,08:15,8,8,동탄/용인,11,"17,27,37,47,57,67,77,87,97,107,117"
155,08:15,9,9,평택,13,"3,8,18,28,38,48,58,68,78,88,98,108,118"
156,08:16,1,1,서울역,13,"0,5,10,20,30,40,50,60,70,80,90,100,110"
156,08:16,10,10,인천공항,11,"9,29,39,49,59,69,79,89,99,109,119"
156,08:16,2,2,수서,13,"1,7,11,21,31,41,51,61,71,81,91,101,111"
156,08:16,3,3,삼성,13,"2,12,19,22,32,42,52,62,72,82,92,102,112"
156,08:16,4,4,여의도,12,"13,23,33,43,44,53,63,73,83,93,103,113"
156,08:16,5,5,김포공항,11,"4,14,24,34,54,64,74,84,94,104,114"
156,08:16,6,6,일산,11,"15,25,35,45,55,65,75,85,95,105,115"
156,08:16,7,7,판교,12,"6,16,26,36,46,56,66,76,86,96,106,116"
156,08:16,8,8,동탄/용인,11,"17,27,37,47,57,67,77,87,97,107,117"
156,08:16,9,9,평택,13,"3,8,18,28,38,48,58,68,78,88,98,108,118"
157,08:17,1,1,서울역,13,"0,5,10,20,30,40,50,60,70,80,90,100,110"
157,08:17,10,10,인천공항,11,"9,29,39,49,59,69,79,89,99,109,119"
157,08:17,2,2,수서,13,"1,7,11,21,31,41,51,61,71,81,91,101,111"
157,08:17,3,3,삼성,13,"2,12,19,22,32,42,52,62,72,82,92,102,112"
157,08:17,4,4,여의도,12,"13,23,33,43,44,53,63,73,83,93,103,113"
157,08:17,5,5,김포공항,11,"4,14,24,34,54,64,74,84,94,104,114"
157,08:17,6,6,일산,11,"15,25,35,45,55,65,75,85,95,105,115"
157,08:17,7,7,판교,12,"6,16,26,36,46,56,66,76,86,96,106,116"
157,08:17,8,8,동탄/용인,11,"17,27,37,47,57,67,77,87,97,107,117"
157,08:17,9,9,평택,13,"3,8,18,28,38,48,58,68,78,88,98,108,118"
158,08:18,1,1,서울역,13,"0,5,10,20,30,40,50,60,70,80,90,100,110"
158,08:18,10,10,인천공항,11,"9,29,39,49,59,69,79,89,99,109,119"
158,08:18,2,2,수서,13,"1,7,11,21,31,41,51,61,71,81,91,101,111"
158,08:18,3,3,삼성,13,"2,12,19,22,32,42,52,62,72,82,92,102,112"
158,08:18,4,4,여의도,12,"13,23,33,43,44,53,63,73,83,93,103,113"
158,08:18,5,5,김포공항,11,"4,14,24,34,54,64,74,84,94,104,114"
158,08:18,6,6,일산,11,"15,25,35,45,55,65,75,85,95,105,115"
158,08:18,7,7,판교,12,"6,16,26,36,46,56,66,76,86,96,106,116"
158,08:18,8,8,동탄/용인,11,"17,27,37,47,57,67,77,87,97,107,117"
158,08:18,9,9,평택,13,"3,8,18,28,38,48,58,68,78,88,98,108,118"
159,08:19,1,1,서울역,13,"0,5,10,20,30,40,50,60,70,80,90,100,110"
159,08:19,10,10,인천공항,11,"9,29,39,49,59,69,79,89,99,109,119"
159,08:19,2,2,수서,13,"1,7,11,21,31,41,51,61,71,81,91,101,111"
159,08:19,3,3,삼성,13,"2,12,19,22,32,42,52,62,72,82,92,102,112"
159,08:19,4,4,여의도,12,"13,23,33,43,44,53,63,73,83,93,103,113"
159,08:19,5,5,김포공항,11,"4,14,24,34,54,64,74,84,94,104,114"
159,08:19,6,6,일산,11,"15,25,35,45,55,65,75,85,95,105,115"
159,08:19,7,7,판교,12,"6,16,26,36,46,56,66,76,86,96,106,116"
159,08:19,8,8,동탄/용인,11,"17,27,37,47,57,67,77,87,97,107,117"
159,08:19,9,9,평택,13,"3,8,18,28,38,48,58,68,78,88,98,108,118"
160,08:20,1,1,서울역,13,"0,5,10,20,30,40,50,60,70,80,90,100,110"
160,08:20,10,10,인천공항,11,"9,29,39,49,59,69,79,89,99,109,119"
160,08:20,2,2,수서,13,"1,7,11,21,31,41,51,61,71,81,91,101,111"
160,08:20,3,3,삼성,13,"2,12,19,22,32,42,52,62,72,82,92,102,112"
160,08:20,4,4,여의도,12,"13,23,33,43,44,53,63,73,83,93,103,113"
160,08:20,5,5,김포공항,11,"4,14,24,34,54,64,74,84,94,104,114"
160,08:20,6,6,일산,11,"15,25,35,45,55,65,75,85,95,105,115"
160,08:20,7,7,판교,12,"6,16,26,36,46,56,66,76,86,96,106,116"
160,08:20,8,8,동탄/용인,11,"17,27,37,47,57,67,77,87,97,107,117"
160,08:20,9,9,평택,13,"3,8,18,28,38,48,58,68,78,88,98,108,118"
161,08:21,1,1,서울역,13,"0,5,10,20,30,40,50,60,70,80,90,100,110"
161,08:21,10,10,인천공항,11,"9,29,39,49,59,69,79,89,99,109,119"
161,08:21,2,2,수서,13,"1,7,11,21,31,41,51,61,71,81,91,101,111"
161,08:21,3,3,삼성,13,"2,12,19,22,32,42,52,62,72,82,92,102,112"
161,08:21,4,4,여의도,12,"13,23,33,43,44,53,63,73,83,93,103,113"
161,08:21,5,5,김포공항,11,"4,14,24,34,54,64,74,84,94,104,114"
161,08:21,6,6,일산,11,"15,25,35,45,55,65,75,85,95,105,115"
161,08:21,7,7,판교,12,"6,16,26,36,46,56,66,76,86,96,106,116"
161,08:21,8,8,동탄/용인,11,"17,27,37,47,57,67,77,87,97,107,117"
161,08:21,9,9,평택,13,"3,8,18,28,38,48,58,68,78,88,98,108,118"
162,08:22,1,1,서울역,13,"0,5,10,20,30,40,50,60,70,80,90,100,110"
162,08:22,10,10,인천공항,11,"9,29,39,49,59,69,79,89,99,109,119"
162,08:22,2,2,수서,13,"1,7,11,21,31,41,51,61,71,81,91,101,111"
162,08:22,3,3,삼성,13,"2,12,19,22,32,42,52,62,72,82,92,102,112"
162,08:22,4,4,여의도,12,"13,23,33,43,44,53,63,73,83,93,103,113"
162,08:22,5,5,김포공항,11,"4,14,24,34,54,64,74,84,94,104,114"
162,08:22,6,6,일산,11,"15,25,35,45,55,65,75,85,95,105,115"
162,08:22,7,7,판교,12,"6,16,26,36,46,56,66,76,86,96,106,116"
162,08:22,8,8,동탄/용인,11,"17,27,37,47,57,67,77,87,97,107,117"
162,08:22,9,9,평택,13,"3,8,18,28,38,48,58,68,78,88,98,108,118"
163,08:23,1,1,서울역,13,"0,5,10,20,30,40,50,60,70,80,90,100,110"
163,08:23,10,10,인천공항,11,"9,29,39,49,59,69,79,89,99,109,119"
163,08:23,2,2,수서,13,"1,7,11,21,31,41,51,61,71,81,91,101,111"
163,08:23,3,3,삼성,13,"2,12,19,22,32,42,52,62,72,82,92,102,112"
163,08:23,4,4,여의도,12,"13,23,33,43,44,53,63,73,83,93,103,113"
163,08:23,5,5,김포공항,11,"4,14,24,34,54,64,74,84,94,104,114"
163,08:23,6,6,일산,11,"15,25,35,45,55,65,75,85,95,105,115"
163,08:23,7,7,판교,12,"6,16,26,36,46,56,66,76,86,96,106,116"
163,08:23,8,8,동탄/용인,11,"17,27,37,47,57,67,77,87,97,107,117"
163,08:23,9,9,평택,13,"3,8,18,28,38,48,58,68,78,88,98,108,118"
164,08:24,1,1,서울역,13,"0,5,10,20,30,40,50,60,70,80,90,100,110"
164,08:24,10,10,인천공항,11,"9,29,39,49,59,69,79,89,99,109,119"
164,08:24,2,2,수서,13,"1,7,11,21,31,41,51,61,71,81,91,101,111"
164,08:24,3,3,삼성,13,"2,12,19,22,32,42,52,62,72,82,92,102,112"
164,08:24,4,4,여의도,12,"13,23,33,43,44,53,63,73,83,93,103,113"
164,08:24,5,5,김포공항,11,"4,14,24,34,54,64,74,84,94,104,114"
164,08:24,6,6,일산,11,"15,25,35,45,55,65,75,85,95,105,115"
164,08:24,7,7,판교,12,"6,16,26,36,46,56,66,76,86,96,106,116"
164,08:24,8,8,동탄/용인,11,"17,27,37,47,57,67,77,87,97,107,117"
164,08:24,9,9,평택,13,"3,8,18,28,38,48,58,68,78,88,98,108,118"
165,08:25,1,1,서울역,13,"0,5,10,20,30,40,50,60,70,80,90,100,110"
165,08:25,10,10,인천공항,11,"9,29,39,49,59,69,79,89,99,109,119"
165,08:25,2,2,수서,13,"1,7,11,21,31,41,51,61,71,81,91,101,111"
165,08:25,3,3,삼성,13,"2,12,19,22,32,42,52,62,72,82,92,102,112"
165,08:25,4,4,여의도,12,"13,23,33,43,44,53,63,73,83,93,103,113"
165,08:25,5,5,김포공항,11,"4,14,24,34,54,64,74,84,94,104,114"
165,08:25,6,6,일산,11,"15,25,35,45,55,65,75,85,95,105,115"
165,08:25,7,7,판교,12,"6,16,26,36,46,56,66,76,86,96,106,116"
165,08:25,8,8,동탄/용인,11,"17,27,37,47,57,67,77,87,97,107,117"
165,08:25,9,9,평택,13,"3,8,18,28,38,48,58,68,78,88,98,108,118"
166,08:26,1,1,서울역,13,"0,5,10,20,30,40,50,60,70,80,90,100,110"
166,08:26,10,10,인천공항,11,"9,29,39,49,59,69,79,89,99,109,119"
166,08:26,2,2,수서,13,"1,7,11,21,31,41,51,61,71,81,91,101,111"
166,08:26,3,3,삼성,13,"2,12,19,22,32,42,52,62,72,82,92,102,112"
166,08:26,4,4,여의도,12,"13,23,33,43,44,53,63,73,83,93,103,113"
166,08:26,5,5,김포공항,11,"4,14,24,34,54,64,74,84,94,104,114"
166,08:26,6,6,일산,11,"15,25,35,45,55,65,75,85,95,105,115"
166,08:26,7,7,판교,12,"6,16,26,36,46,56,66,76,86,96,106,116"
166,08:26,8,8,동탄/용인,11,"17,27,37,47,57,67,77,87,97,107,117"
166,08:26,9,9,평택,13,"3,8,18,28,38,48,58,68,78,88,98,108,118"
167,08:27,1,1,서울역,13,"0,5,10,20,30,40,50,60,70,80,90,100,110"
167,08:27,10,10,인천공항,11,"9,29,39,49,59,69,79,89,99,109,119"
167,08:27,2,2,수서,13,"1,7,11,21,31,41,51,61,71,81,91,101,111"
167,08:27,3,3,삼성,13,"2,12,19,22,32,42,52,62,72,82,92,102,112"
167,08:27,4,4,여의도,12,"13,23,33,43,44,53,63,73,83,93,103,113"
167,08:27,5,5,김포공항,11,"4,14,24,34,54,64,74,84,94,104,114"
167,08:27,6,6,일산,11,"15,25,35,45,55,65,75,85,95,105,115"
167,08:27,7,7,판교,12,"6,16,26,36,46,56,66,76,86,96,106,116"
167,08:27,8,8,동탄/용인,11,"17,27,37,47,57,67,77,87,97,107,117"
167,08:27,9,9,평택,13,"3,8,18,28,38,48,58,68,78,88,98,108,118"
168,08:28,1,1,서울역,13,"0,5,10,20,30,40,50,60,70,80,90,100,110"
168,08:28,10,10,인천공항,11,"9,29,39,49,59,69,79,89,99,109,119"
168,08:28,2,2,수서,13,"1,7,11,21,31,41,51,61,71,81,91,101,111"
168,08:28,3,3,삼성,13,"2,12,19,22,32,42,52,62,72,82,92,102,112"
168,08:28,4,4,여의도,12,"13,23,33,43,44,53,63,73,83,93,103,113"
168,08:28,5,5,김포공항,11,"4,14,24,34,54,64,74,84,94,104,114"
168,08:28,6,6,일산,11,"15,25,35,45,55,65,75,85,95,105,115"
168,08:28,7,7,판교,12,"6,16,26,36,46,56,66,76,86,96,106,116"
168,08:28,8,8,동탄/용인,11,"17,27,37,47,57,67,77,87,97,107,117"
168,08:28,9,9,평택,13,"3,8,18,28,38,48,58,68,78,88,98,108,118"
169,08:29,1,1,서울역,13,"0,5,10,20,30,40,50,60,70,80,90,100,110"
169,08:29,10,10,인천공항,11,"9,29,39,49,59,69,79,89,99,109,119"
169,08:29,2,2,수서,13,"1,7,11,21,31,41,51,61,71,81,91,101,111"
169,08:29,3,3,삼성,13,"2,12,19,22,32,42,52,62,72,82,92,102,112"
169,08:29,4,4,여의도,12,"13,23,33,43,44,53,63,73,83,93,103,113"
169,08:29,5,5,김포공항,11,"4,14,24,34,54,64,74,84,94,104,114"
169,08:29,6,6,일산,11,"15,25,35,45,55,65,75,85,95,105,115"
169,08:29,7,7,판교,12,"6,16,26,36,46,56,66,76,86,96,106,116"
169,08:29,8,8,동탄/용인,11,"17,27,37,47,57,67,77,87,97,107,117"
169,08:29,9,9,평택,13,"3,8,18,28,38,48,58,68,78,88,98,108,118"
170,08:30,1,1,서울역,13,"0,5,10,20,30,40,50,60,70,80,90,100,110"
170,08:30,10,10,인천공항,11,"9,29,39,49,59,69,79,89,99,109,119"
170,08:30,2,2,수서,13,"1,7,11,21,31,41,51,61,71,81,91,101,111"
170,08:30,3,3,삼성,13,"2,12,19,22,32,42,52,62,72,82,92,102,112"
170,08:30,4,4,여의도,12,"13,23,33,43,44,53,63,73,83,93,103,113"
170,08:30,5,5,김포공항,11,"4,14,24,34,54,64,74,84,94,104,114"
170,08:30,6,6,일산,11,"15,25,35,45,55,65,75,85,95,105,115"
170,08:30,7,7,판교,12,"6,16,26,36,46,56,66,76,86,96,106,116"
170,08:30,8,8,동탄/용인,11,"17,27,37,47,57,67,77,87,97,107,117"
170,08:30,9,9,평택,13,"3,8,18,28,38,48,58,68,78,88,98,108,118"
171,08:31,1,1,서울역,13,"0,5,10,20,30,40,50,60,70,80,90,100,110"
171,08:31,10,10,인천공항,11,"9,29,39,49,59,69,79,89,99,109,119"
171,08:31,2,2,수서,13,"1,7,11,21,31,41,51,61,71,81,91,101,111"
171,08:31,3,3,삼성,13,"2,12,19,22,32,42,52,62,72,82,92,102,112"
171,08:31,4,4,여의도,12,"13,23,33,43,44,53,63,73,83,93,103,113"
171,08:31,5,5,김포공항,11,"4,14,24,34,54,64,74,84,94,104,114"
171,08:31,6,6,일산,11,"15,25,35,45,55,65,75,85,95,105,115"
171,08:31,7,7,판교,12,"6,16,26,36,46,56,66,76,86,96,106,116"
171,08:31,8,8,동탄/용인,11,"17,27,37,47,57,67,77,87,97,107,117"
171,08:31,9,9,평택,13,"3,8,18,28,38,48,58,68,78,88,98,108,118"
172,08:32,1,1,서울역,13,"0,5,10,20,30,40,50,60,70,80,90,100,110"
172,08:32,10,10,인천공항,11,"9,29,39,49,59,69,79,89,99,109,119"
172,08:32,2,2,수서,13,"1,7,11,21,31,41,51,61,71,81,91,101,111"
172,08:32,3,3,삼성,13,"2,12,19,22,32,42,52,62,72,82,92,102,112"
172,08:32,4,4,여의도,12,"13,23,33,43,44,53,63,73,83,93,103,113"
172,08:32,5,5,김포공항,11,"4,14,24,34,54,64,74,84,94,104,114"
172,08:32,6,6,일산,11,"15,25,35,45,55,65,75,85,95,105,115"
172,08:32,7,7,판교,12,"6,16,26,36,46,56,66,76,86,96,106,116"
172,08:32,8,8,동탄/용인,11,"17,27,37,47,57,67,77,87,97,107,117"
172,08:32,9,9,평택,13,"3,8,18,28,38,48,58,68,78,88,98,108,118"
173,08:33,1,1,서울역,13,"0,5,10,20,30,40,50,60,70,80,90,100,110"
173,08:33,10,10,인천공항,11,"9,29,39,49,59,69,79,89,99,109,119"
173,08:33,2,2,수서,13,"1,7,11,21,31,41,51,61,71,81,91,101,111"
173,08:33,3,3,삼성,13,"2,12,19,22,32,42,52,62,72,82,92,102,112"
173,08:33,4,4,여의도,12,"13,23,33,43,44,53,63,73,83,93,103,113"
173,08:33,5,5,김포공항,11,"4,14,24,34,54,64,74,84,94,104,114"
173,08:33,6,6,일산,11,"15,25,35,45,55,65,75,85,95,105,115"
173,08:33,7,7,판교,12,"6,16,26,36,46,56,66,76,86,96,106,116"
173,08:33,8,8,동탄/용인,11,"17,27,37,47,57,67,77,87,97,107,117"
173,08:33,9,9,평택,13,"3,8,18,28,38,48,58,68,78,88,98,108,118"
174,08:34,1,1,서울역,13,"0,5,10,20,30,40,50,60,70,80,90,100,110"
174,08:34,10,10,인천공항,11,"9,29,39,49,59,69,79,89,99,109,119"
174,08:34,2,2,수서,13,"1,7,11,21,31,41,51,61,71,81,91,101,111"
174,08:34,3,3,삼성,13,"2,12,19,22,32,42,52,62,72,82,92,102,112"
174,08:34,4,4,여의도,12,"13,23,33,43,44,53,63,73,83,93,103,113"
174,08:34,5,5,김포공항,11,"4,14,24,34,54,64,74,84,94,104,114"
174,08:34,6,6,일산,11,"15,25,35,45,55,65,75,85,95,105,115"
174,08:34,7,7,판교,12,"6,16,26,36,46,56,66,76,86,96,106,116"
174,08:34,8,8,동탄/용인,11,"17,27,37,47,57,67,77,87,97,107,117"
174,08:34,9,9,평택,13,"3,8,18,28,38,48,58,68,78,88,98,108,118"
175,08:35,1,1,서울역,13,"0,5,10,20,30,40,50,60,70,80,90,100,110"
175,08:35,10,10,인천공항,11,"9,29,39,49,59,69,79,89,99,109,119"
175,08:35,2,2,수서,13,"1,7,11,21,31,41,51,61,71,81,91,101,111"
175,08:35,3,3,삼성,13,"2,12,19,22,32,42,52,62,72,82,92,102,112"
175,08:35,4,4,여의도,12,"13,23,33,43,44,53,63,73,83,93,103,113"
175,08:35,5,5,김포공항,11,"4,14,24,34,54,64,74,84,94,104,114"
175,08:35,6,6,일산,11,"15,25,35,45,55,65,75,85,95,105,115"
175,08:35,7,7,판교,12,"6,16,26,36,46,56,66,76,86,96,106,116"
175,08:35,8,8,동탄/용인,11,"17,27,37,47,57,67,77,87,97,107,117"
175,08:35,9,9,평택,13,"3,8,18,28,38,48,58,68,78,88,98,108,118"
176,08:36,1,1,서울역,13,"0,5,10,20,30,40,50,60,70,80,90,100,110"
176,08:36,10,10,인천공항,11,"9,29,39,49,59,69,79,89,99,109,119"
176,08:36,2,2,수서,13,"1,7,11,21,31,41,51,61,71,81,91,101,111"
176,08:36,3,3,삼성,13,"2,12,19,22,32,42,52,62,72,82,92,102,112"
176,08:36,4,4,여의도,12,"13,23,33,43,44,53,63,73,83,93,103,113"
176,08:36,5,5,김포공항,11,"4,14,24,34,54,64,74,84,94,104,114"
176,08:36,6,6,일산,11,"15,25,35,45,55,65,75,85,95,105,115"
176,08:36,7,7,판교,12,"6,16,26,36,46,56,66,76,86,96,106,116"
176,08:36,8,8,동탄/용인,11,"17,27,37,47,57,67,77,87,97,107,117"
176,08:36,9,9,평택,13,"3,8,18,28,38,48,58,68,78,88,98,108,118"
177,08:37,1,1,서울역,13,"0,5,10,20,30,40,50,60,70,80,90,100,110"
177,08:37,10,10,인천공항,11,"9,29,39,49,59,69,79,89,99,109,119"
177,08:37,2,2,수서,13,"1,7,11,21,31,41,51,61,71,81,91,101,111"
177,08:37,3,3,삼성,13,"2,12,19,22,32,42,52,62,72,82,92,102,112"
177,08:37,4,4,여의도,12,"13,23,33,43,44,53,63,73,83,93,103,113"
177,08:37,5,5,김포공항,11,"4,14,24,34,54,64,74,84,94,104,114"
177,08:37,6,6,일산,11,"15,25,35,45,55,65,75,85,95,105,115"
177,08:37,7,7,판교,12,"6,16,26,36,46,56,66,76,86,96,106,116"
177,08:37,8,8,동탄/용인,11,"17,27,37,47,57,67,77,87,97,107,117"
177,08:37,9,9,평택,13,"3,8,18,28,38,48,58,68,78,88,98,108,118"
178,08:38,1,1,서울역,13,"0,5,10,20,30,40,50,60,70,80,90,100,110"
178,08:38,10,10,인천공항,11,"9,29,39,49,59,69,79,89,99,109,119"
178,08:38,2,2,수서,13,"1,7,11,21,31,41,51,61,71,81,91,101,111"
178,08:38,3,3,삼성,13,"2,12,19,22,32,42,52,62,72,82,92,102,112"
178,08:38,4,4,여의도,12,"13,23,33,43,44,53,63,73,83,93,103,113"
178,08:38,5,5,김포공항,11,"4,14,24,34,54,64,74,84,94,104,114"
178,08:38,6,6,일산,11,"15,25,35,45,55,65,75,85,95,105,115"
178,08:38,7,7,판교,12,"6,16,26,36,46,56,66,76,86,96,106,116"
178,08:38,8,8,동탄/용인,11,"17,27,37,47,57,67,77,87,97,107,117"
178,08:38,9,9,평택,13,"3,8,18,28,38,48,58,68,78,88,98,108,118"
179,08:39,1,1,서울역,13,"0,5,10,20,30,40,50,60,70,80,90,100,110"
179,08:39,10,10,인천공항,11,"9,29,39,49,59,69,79,89,99,109,119"
179,08:39,2,2,수서,13,"1,7,11,21,31,41,51,61,71,81,91,101,111"
179,08:39,3,3,삼성,13,"2,12,19,22,32,42,52,62,72,82,92,102,112"
179,08:39,4,4,여의도,12,"13,23,33,43,44,53,63,73,83,93,103,113"
179,08:39,5,5,김포공항,11,"4,14,24,34,54,64,74,84,94,104,114"
179,08:39,6,6,일산,11,"15,25,35,45,55,65,75,85,95,105,115"
179,08:39,7,7,판교,12,"6,16,26,36,46,56,66,76,86,96,106,116"
179,08:39,8,8,동탄/용인,11,"17,27,37,47,57,67,77,87,97,107,117"
179,08:39,9,9,평택,13,"3,8,18,28,38,48,58,68,78,88,98,108,118"
180,08:40,1,1,서울역,13,"0,5,10,20,30,40,50,60,70,80,90,100,110"
180,08:40,10,10,인천공항,11,"9,29,39,49,59,69,79,89,99,109,119"
180,08:40,2,2,수서,13,"1,7,11,21,31,41,51,61,71,81,91,101,111"
180,08:40,3,3,삼성,13,"2,12,19,22,32,42,52,62,72,82,92,102,112"
180,08:40,4,4,여의도,12,"13,23,33,43,44,53,63,73,83,93,103,113"
180,08:40,5,5,김포공항,11,"4,14,24,34,54,64,74,84,94,104,114"
180,08:40,6,6,일산,11,"15,25,35,45,55,65,75,85,95,105,115"
180,08:40,7,7,판교,12,"6,16,26,36,46,56,66,76,86,96,106,116"
180,08:40,8,8,동탄/용인,11,"17,27,37,47,57,67,77,87,97,107,117"
180,08:40,9,9,평택,13,"3,8,18,28,38,48,58,68,78,88,98,108,118"
181,08:41,1,1,서울역,13,"0,5,10,20,30,40,50,60,70,80,90,100,110"
181,08:41,10,10,인천공항,11,"9,29,39,49,59,69,79,89,99,109,119"
181,08:41,2,2,수서,13,"1,7,11,21,31,41,51,61,71,81,91,101,111"
181,08:41,3,3,삼성,13,"2,12,19,22,32,42,52,62,72,82,92,102,112"
181,08:41,4,4,여의도,12,"13,23,33,43,44,53,63,73,83,93,103,113"
181,08:41,5,5,김포공항,11,"4,14,24,34,54,64,74,84,94,104,114"
181,08:41,6,6,일산,11,"15,25,35,45,55,65,75,85,95,105,115"
181,08:41,7,7,판교,12,"6,16,26,36,46,56,66,76,86,96,106,116"
181,08:41,8,8,동탄/용인,11,"17,27,37,47,57,67,77,87,97,107,117"
181,08:41,9,9,평택,13,"3,8,18,28,38,48,58,68,78,88,98,108,118"
182,08:42,1,1,서울역,13,"0,5,10,20,30,40,50,60,70,80,90,100,110"
182,08:42,10,10,인천공항,11,"9,29,39,49,59,69,79,89,99,109,119"
182,08:42,2,2,수서,13,"1,7,11,21,31,41,51,61,71,81,91,101,111"
182,08:42,3,3,삼성,13,"2,12,19,22,32,42,52,62,72,82,92,102,112"
182,08:42,4,4,여의도,12,"13,23,33,43,44,53,63,73,83,93,103,113"
182,08:42,5,5,김포공항,11,"4,14,24,34,54,64,74,84,94,104,114"
182,08:42,6,6,일산,11,"15,25,35,45,55,65,75,85,95,105,115"
182,08:42,7,7,판교,12,"6,16,26,36,46,56,66,76,86,96,106,116"
182,08:42,8,8,동탄/용인,11,"17,27,37,47,57,67,77,87,97,107,117"
182,08:42,9,9,평택,13,"3,8,18,28,38,48,58,68,78,88,98,108,118"
183,08:43,1,1,서울역,13,"0,5,10,20,30,40,50,60,70,80,90,100,110"
183,08:43,10,10,인천공항,11,"9,29,39,49,59,69,79,89,99,109,119"
183,08:43,2,2,수서,13,"1,7,11,21,31,41,51,61,71,81,91,101,111"
183,08:43,3,3,삼성,13,"2,12,19,22,32,42,52,62,72,82,92,102,112"
183,08:43,4,4,여의도,12,"13,23,33,43,44,53,63,73,83,93,103,113"
183,08:43,5,5,김포공항,11,"4,14,24,34,54,64,74,84,94,104,114"
183,08:43,6,6,일산,11,"15,25,35,45,55,65,75,85,95,105,115"
183,08:43,7,7,판교,12,"6,16,26,36,46,56,66,76,86,96,106,116"
183,08:43,8,8,동탄/용인,11,"17,27,37,47,57,67,77,87,97,107,117"
183,08:43,9,9,평택,13,"3,8,18,28,38,48,58,68,78,88,98,108,118"
184,08:44,1,1,서울역,13,"0,5,10,20,30,40,50,60,70,80,90,100,110"
184,08:44,10,10,인천공항,11,"9,29,39,49,59,69,79,89,99,109,119"
184,08:44,2,2,수서,13,"1,7,11,21,31,41,51,61,71,81,91,101,111"
184,08:44,3,3,삼성,13,"2,12,19,22,32,42,52,62,72,82,92,102,112"
184,08:44,4,4,여의도,12,"13,23,33,43,44,53,63,73,83,93,103,113"
184,08:44,5,5,김포공항,11,"4,14,24,34,54,64,74,84,94,104,114"
184,08:44,6,6,일산,11,"15,25,35,45,55,65,75,85,95,105,115"
184,08:44,7,7,판교,12,"6,16,26,36,46,56,66,76,86,96,106,116"
184,08:44,8,8,동탄/용인,11,"17,27,37,47,57,67,77,87,97,107,117"
184,08:44,9,9,평택,13,"3,8,18,28,38,48,58,68,78,88,98,108,118"
185,08:45,1,1,서울역,13,"0,5,10,20,30,40,50,60,70,80,90,100,110"
185,08:45,10,10,인천공항,11,"9,29,39,49,59,69,79,89,99,109,119"
185,08:45,2,2,수서,13,"1,7,11,21,31,41,51,61,71,81,91,101,111"
185,08:45,3,3,삼성,13,"2,12,19,22,32,42,52,62,72,82,92,102,112"
185,08:45,4,4,여의도,12,"13,23,33,43,44,53,63,73,83,93,103,113"
185,08:45,5,5,김포공항,11,"4,14,24,34,54,64,74,84,94,104,114"
185,08:45,6,6,일산,11,"15,25,35,45,55,65,75,85,95,105,115"
185,08:45,7,7,판교,12,"6,16,26,36,46,56,66,76,86,96,106,116"
185,08:45,8,8,동탄/용인,11,"17,27,37,47,57,67,77,87,97,107,117"
185,08:45,9,9,평택,13,"3,8,18,28,38,48,58,68,78,88,98,108,118"
186,08:46,1,1,서울역,13,"0,5,10,20,30,40,50,60,70,80,90,100,110"
186,08:46,10,10,인천공항,11,"9,29,39,49,59,69,79,89,99,109,119"
186,08:46,2,2,수서,13,"1,7,11,21,31,41,51,61,71,81,91,101,111"
186,08:46,3,3,삼성,13,"2,12,19,22,32,42,52,62,72,82,92,102,112"
186,08:46,4,4,여의도,12,"13,23,33,43,44,53,63,73,83,93,103,113"
186,08:46,5,5,김포공항,11,"4,14,24,34,54,64,74,84,94,104,114"
186,08:46,6,6,일산,11,"15,25,35,45,55,65,75,85,95,105,115"
186,08:46,7,7,판교,12,"6,16,26,36,46,56,66,76,86,96,106,116"
186,08:46,8,8,동탄/용인,11,"17,27,37,47,57,67,77,87,97,107,117"
186,08:46,9,9,평택,13,"3,8,18,28,38,48,58,68,78,88,98,108,118"
187,08:47,1,1,서울역,13,"0,5,10,20,30,40,50,60,70,80,90,100,110"
187,08:47,10,10,인천공항,11,"9,29,39,49,59,69,79,89,99,109,119"
187,08:47,2,2,수서,13,"1,7,11,21,31,41,51,61,71,81,91,101,111"
187,08:47,3,3,삼성,13,"2,12,19,22,32,42,52,62,72,82,92,102,112"
187,08:47,4,4,여의도,12,"13,23,33,43,44,53,63,73,83,93,103,113"
187,08:47,5,5,김포공항,11,"4,14,24,34,54,64,74,84,94,104,114"
187,08:47,6,6,일산,11,"15,25,35,45,55,65,75,85,95,105,115"
187,08:47,7,7,판교,12,"6,16,26,36,46,56,66,76,86,96,106,116"
187,08:47,8,8,동탄/용인,11,"17,27,37,47,57,67,77,87,97,107,117"
187,08:47,9,9,평택,13,"3,8,18,28,38,48,58,68,78,88,98,108,118"
188,08:48,1,1,서울역,13,"0,5,10,20,30,40,50,60,70,80,90,100,110"
188,08:48,10,10,인천공항,11,"9,29,39,49,59,69,79,89,99,109,119"
188,08:48,2,2,수서,13,"1,7,11,21,31,41,51,61,71,81,91,101,111"
188,08:48,3,3,삼성,13,"2,12,19,22,32,42,52,62,72,82,92,102,112"
188,08:48,4,4,여의도,12,"13,23,33,43,44,53,63,73,83,93,103,113"
188,08:48,5,5,김포공항,11,"4,14,24,34,54,64,74,84,94,104,114"
188,08:48,6,6,일산,11,"15,25,35,45,55,65,75,85,95,105,115"
188,08:48,7,7,판교,12,"6,16,26,36,46,56,66,76,86,96,106,116"
188,08:48,8,8,동탄/용인,11,"17,27,37,47,57,67,77,87,97,107,117"
188,08:48,9,9,평택,13,"3,8,18,28,38,48,58,68,78,88,98,108,118"
189,08:49,1,1,서울역,13,"0,5,10,20,30,40,50,60,70,80,90,100,110"
189,08:49,10,10,인천공항,11,"9,29,39,49,59,69,79,89,99,109,119"
189,08:49,2,2,수서,13,"1,7,11,21,31,41,51,61,71,81,91,101,111"
189,08:49,3,3,삼성,13,"2,12,19,22,32,42,52,62,72,82,92,102,112"
189,08:49,4,4,여의도,12,"13,23,33,43,44,53,63,73,83,93,103,113"
189,08:49,5,5,김포공항,11,"4,14,24,34,54,64,74,84,94,104,114"
189,08:49,6,6,일산,11,"15,25,35,45,55,65,75,85,95,105,115"
189,08:49,7,7,판교,12,"6,16,26,36,46,56,66,76,86,96,106,116"
189,08:49,8,8,동탄/용인,11,"17,27,37,47,57,67,77,87,97,107,117"
189,08:49,9,9,평택,13,"3,8,18,28,38,48,58,68,78,88,98,108,118"
190,08:50,1,1,서울역,13,"0,5,10,20,30,40,50,60,70,80,90,100,110"
190,08:50,10,10,인천공항,11,"9,29,39,49,59,69,79,89,99,109,119"
190,08:50,2,2,수서,13,"1,7,11,21,31,41,51,61,71,81,91,101,111"
190,08:50,3,3,삼성,13,"2,12,19,22,32,42,52,62,72,82,92,102,112"
190,08:50,4,4,여의도,12,"13,23,33,43,44,53,63,73,83,93,103,113"
190,08:50,5,5,김포공항,11,"4,14,24,34,54,64,74,84,94,104,114"
190,08:50,6,6,일산,11,"15,25,35,45,55,65,75,85,95,105,115"
190,08:50,7,7,판교,12,"6,16,26,36,46,56,66,76,86,96,106,116"
190,08:50,8,8,동탄/용인,11,"17,27,37,47,57,67,77,87,97,107,117"
190,08:50,9,9,평택,13,"3,8,18,28,38,48,58,68,78,88,98,108,118"
191,08:51,1,1,서울역,13,"0,5,10,20,30,40,50,60,70,80,90,100,110"
191,08:51,10,10,인천공항,11,"9,29,39,49,59,69,79,89,99,109,119"
191,08:51,2,2,수서,13,"1,7,11,21,31,41,51,61,71,81,91,101,111"
191,08:51,3,3,삼성,13,"2,12,19,22,32,42,52,62,72,82,92,102,112"
191,08:51,4,4,여의도,12,"13,23,33,43,44,53,63,73,83,93,103,113"
191,08:51,5,5,김포공항,11,"4,14,24,34,54,64,74,84,94,104,114"
191,08:51,6,6,일산,11,"15,25,35,45,55,65,75,85,95,105,115"
191,08:51,7,7,판교,12,"6,16,26,36,46,56,66,76,86,96,106,116"
191,08:51,8,8,동탄/용인,11,"17,27,37,47,57,67,77,87,97,107,117"
191,08:51,9,9,평택,13,"3,8,18,28,38,48,58,68,78,88,98,108,118"
192,08:52,1,1,서울역,13,"0,5,10,20,30,40,50,60,70,80,90,100,110"
192,08:52,10,10,인천공항,11,"9,29,39,49,59,69,79,89,99,109,119"
192,08:52,2,2,수서,13,"1,7,11,21,31,41,51,61,71,81,91,101,111"
192,08:52,3,3,삼성,13,"2,12,19,22,32,42,52,62,72,82,92,102,112"
192,08:52,4,4,여의도,12,"13,23,33,43,44,53,63,73,83,93,103,113"
192,08:52,5,5,김포공항,11,"4,14,24,34,54,64,74,84,94,104,114"
192,08:52,6,6,일산,11,"15,25,35,45,55,65,75,85,95,105,115"
192,08:52,7,7,판교,12,"6,16,26,36,46,56,66,76,86,96,106,116"
192,08:52,8,8,동탄/용인,11,"17,27,37,47,57,67,77,87,97,107,117"
192,08:52,9,9,평택,13,"3,8,18,28,38,48,58,68,78,88,98,108,118"
193,08:53,1,1,서울역,13,"0,5,10,20,30,40,50,60,70,80,90,100,110"
193,08:53,10,10,인천공항,11,"9,29,39,49,59,69,79,89,99,109,119"
193,08:53,2,2,수서,13,"1,7,11,21,31,41,51,61,71,81,91,101,111"
193,08:53,3,3,삼성,13,"2,12,19,22,32,42,52,62,72,82,92,102,112"
193,08:53,4,4,여의도,12,"13,23,33,43,44,53,63,73,83,93,103,113"
193,08:53,5,5,김포공항,11,"4,14,24,34,54,64,74,84,94,104,114"
193,08:53,6,6,일산,11,"15,25,35,45,55,65,75,85,95,105,115"
193,08:53,7,7,판교,12,"6,16,26,36,46,56,66,76,86,96,106,116"
193,08:53,8,8,동탄/용인,11,"17,27,37,47,57,67,77,87,97,107,117"
193,08:53,9,9,평택,13,"3,8,18,28,38,48,58,68,78,88,98,108,118"
194,08:54,1,1,서울역,13,"0,5,10,20,30,40,50,60,70,80,90,100,110"
194,08:54,10,10,인천공항,11,"9,29,39,49,59,69,79,89,99,109,119"
194,08:54,2,2,수서,13,"1,7,11,21,31,41,51,61,71,81,91,101,111"
194,08:54,3,3,삼성,13,"2,12,19,22,32,42,52,62,72,82,92,102,112"
194,08:54,4,4,여의도,12,"13,23,33,43,44,53,63,73,83,93,103,113"
194,08:54,5,5,김포공항,11,"4,14,24,34,54,64,74,84,94,104,114"
194,08:54,6,6,일산,11,"15,25,35,45,55,65,75,85,95,105,115"
194,08:54,7,7,판교,12,"6,16,26,36,46,56,66,76,86,96,106,116"
194,08:54,8,8,동탄/용인,11,"17,27,37,47,57,67,77,87,97,107,117"
194,08:54,9,9,평택,13,"3,8,18,28,38,48,58,68,78,88,98,108,118"
195,08:55,1,1,서울역,13,"0,5,10,20,30,40,50,60,70,80,90,100,110"
195,08:55,10,10,인천공항,11,"9,29,39,49,59,69,79,89,99,109,119"
195,08:55,2,2,수서,13,"1,7,11,21,31,41,51,61,71,81,91,101,111"
195,08:55,3,3,삼성,13,"2,12,19,22,32,42,52,62,72,82,92,102,112"
195,08:55,4,4,여의도,12,"13,23,33,43,44,53,63,73,83,93,103,113"
195,08:55,5,5,김포공항,11,"4,14,24,34,54,64,74,84,94,104,114"
195,08:55,6,6,일산,11,"15,25,35,45,55,65,75,85,95,105,115"
195,08:55,7,7,판교,12,"6,16,26,36,46,56,66,76,86,96,106,116"
195,08:55,8,8,동탄/용인,11,"17,27,37,47,57,67,77,87,97,107,117"
195,08:55,9,9,평택,13,"3,8,18,28,38,48,58,68,78,88,98,108,118"
196,08:56,1,1,서울역,13,"0,5,10,20,30,40,50,60,70,80,90,100,110"
196,08:56,10,10,인천공항,11,"9,29,39,49,59,69,79,89,99,109,119"
196,08:56,2,2,수서,13,"1,7,11,21,31,41,51,61,71,81,91,101,111"
196,08:56,3,3,삼성,13,"2,12,19,22,32,42,52,62,72,82,92,102,112"
196,08:56,4,4,여의도,12,"13,23,33,43,44,53,63,73,83,93,103,113"
196,08:56,5,5,김포공항,11,"4,14,24,34,54,64,74,84,94,104,114"
196,08:56,6,6,일산,11,"15,25,35,45,55,65,75,85,95,105,115"
196,08:56,7,7,판교,12,"6,16,26,36,46,56,66,76,86,96,106,116"
196,08:56,8,8,동탄/용인,11,"17,27,37,47,57,67,77,87,97,107,117"
196,08:56,9,9,평택,13,"3,8,18,28,38,48,58,68,78,88,98,108,118"
197,08:57,1,1,서울역,13,"0,5,10,20,30,40,50,60,70,80,90,100,110"
197,08:57,10,10,인천공항,11,"9,29,39,49,59,69,79,89,99,109,119"
197,08:57,2,2,수서,13,"1,7,11,21,31,41,51,61,71,81,91,101,111"
197,08:57,3,3,삼성,13,"2,12,19,22,32,42,52,62,72,82,92,102,112"
197,08:57,4,4,여의도,12,"13,23,33,43,44,53,63,73,83,93,103,113"
197,08:57,5,5,김포공항,11,"4,14,24,34,54,64,74,84,94,104,114"
197,08:57,6,6,일산,11,"15,25,35,45,55,65,75,85,95,105,115"
197,08:57,7,7,판교,12,"6,16,26,36,46,56,66,76,86,96,106,116"
197,08:57,8,8,동탄/용인,11,"17,27,37,47,57,67,77,87,97,107,117"
197,08:57,9,9,평택,13,"3,8,18,28,38,48,58,68,78,88,98,108,118"
198,08:58,1,1,서울역,13,"0,5,10,20,30,40,50,60,70,80,90,100,110"
198,08:58,10,10,인천공항,11,"9,29,39,49,59,69,79,89,99,109,119"
198,08:58,2,2,수서,13,"1,7,11,21,31,41,51,61,71,81,91,101,111"
198,08:58,3,3,삼성,13,"2,12,19,22,32,42,52,62,72,82,92,102,112"
198,08:58,4,4,여의도,12,"13,23,33,43,44,53,63,73,83,93,103,113"
198,08:58,5,5,김포공항,11,"4,14,24,34,54,64,74,84,94,104,114"
198,08:58,6,6,일산,11,"15,25,35,45,55,65,75,85,95,105,115"
198,08:58,7,7,판교,12,"6,16,26,36,46,56,66,76,86,96,106,116"
198,08:58,8,8,동탄/용인,11,"17,27,37,47,57,67,77,87,97,107,117"
198,08:58,9,9,평택,13,"3,8,18,28,38,48,58,68,78,88,98,108,118"
199,08:59,1,1,서울역,13,"0,5,10,20,30,40,50,60,70,80,90,100,110"
199,08:59,10,10,인천공항,11,"9,29,39,49,59,69,79,89,99,109,119"
199,08:59,2,2,수서,13,"1,7,11,21,31,41,51,61,71,81,91,101,111"
199,08:59,3,3,삼성,13,"2,12,19,22,32,42,52,62,72,82,92,102,112"
199,08:59,4,4,여의도,12,"13,23,33,43,44,53,63,73,83,93,103,113"
199,08:59,5,5,김포공항,11,"4,14,24,34,54,64,74,84,94,104,114"
199,08:59,6,6,일산,11,"15,25,35,45,55,65,75,85,95,105,115"
199,08:59,7,7,판교,12,"6,16,26,36,46,56,66,76,86,96,106,116"
199,08:59,8,8,동탄/용인,11,"17,27,37,47,57,67,77,87,97,107,117"
199,08:59,9,9,평택,13,"3,8,18,28,38,48,58,68,78,88,98,108,118"
200,09:00,1,1,서울역,13,"0,5,10,20,30,40,50,60,70,80,90,100,110"
200,09:00,10,10,인천공항,11,"9,29,39,49,59,69,79,89,99,109,119"
200,09:00,2,2,수서,13,"1,7,11,21,31,41,51,61,71,81,91,101,111"
200,09:00,3,3,삼성,13,"2,12,19,22,32,42,52,62,72,82,92,102,112"
200,09:00,4,4,여의도,12,"13,23,33,43,44,53,63,73,83,93,103,113"
200,09:00,5,5,김포공항,11,"4,14,24,34,54,64,74,84,94,104,114"
200,09:00,6,6,일산,11,"15,25,35,45,55,65,75,85,95,105,115"
200,09:00,7,7,판교,12,"6,16,26,36,46,56,66,76,86,96,106,116"
200,09:00,8,8,동탄/용인,11,"17,27,37,47,57,67,77,87,97,107,117"
200,09:00,9,9,평택,13,"3,8,18,28,38,48,58,68,78,88,98,108,118"
201,09:01,1,1,서울역,13,"0,5,10,20,30,40,50,60,70,80,90,100,110"
201,09:01,10,10,인천공항,11,"9,29,39,49,59,69,79,89,99,109,119"
201,09:01,2,2,수서,13,"1,7,11,21,31,41,51,61,71,81,91,101,111"
201,09:01,3,3,삼성,13,"2,12,19,22,32,42,52,62,72,82,92,102,112"
201,09:01,4,4,여의도,12,"13,23,33,43,44,53,63,73,83,93,103,113"
201,09:01,5,5,김포공항,11,"4,14,24,34,54,64,74,84,94,104,114"
201,09:01,6,6,일산,11,"15,25,35,45,55,65,75,85,95,105,115"
201,09:01,7,7,판교,12,"6,16,26,36,46,56,66,76,86,96,106,116"
201,09:01,8,8,동탄/용인,11,"17,27,37,47,57,67,77,87,97,107,117"
201,09:01,9,9,평택,13,"3,8,18,28,38,48,58,68,78,88,98,108,118"
202,09:02,1,1,서울역,13,"0,5,10,20,30,40,50,60,70,80,90,100,110"
202,09:02,10,10,인천공항,11,"9,29,39,49,59,69,79,89,99,109,119"
202,09:02,2,2,수서,13,"1,7,11,21,31,41,51,61,71,81,91,101,111"
202,09:02,3,3,삼성,13,"2,12,19,22,32,42,52,62,72,82,92,102,112"
202,09:02,4,4,여의도,12,"13,23,33,43,44,53,63,73,83,93,103,113"
202,09:02,5,5,김포공항,11,"4,14,24,34,54,64,74,84,94,104,114"
202,09:02,6,6,일산,11,"15,25,35,45,55,65,75,85,95,105,115"
202,09:02,7,7,판교,12,"6,16,26,36,46,56,66,76,86,96,106,116"
202,09:02,8,8,동탄/용인,11,"17,27,37,47,57,67,77,87,97,107,117"
202,09:02,9,9,평택,13,"3,8,18,28,38,48,58,68,78,88,98,108,118"
203,09:03,1,1,서울역,13,"0,5,10,20,30,40,50,60,70,80,90,100,110"
203,09:03,10,10,인천공항,11,"9,29,39,49,59,69,79,89,99,109,119"
203,09:03,2,2,수서,13,"1,7,11,21,31,41,51,61,71,81,91,101,111"
203,09:03,3,3,삼성,13,"2,12,19,22,32,42,52,62,72,82,92,102,112"
203,09:03,4,4,여의도,12,"13,23,33,43,44,53,63,73,83,93,103,113"
203,09:03,5,5,김포공항,11,"4,14,24,34,54,64,74,84,94,104,114"
203,09:03,6,6,일산,11,"15,25,35,45,55,65,75,85,95,105,115"
203,09:03,7,7,판교,12,"6,16,26,36,46,56,66,76,86,96,106,116"
203,09:03,8,8,동탄/용인,11,"17,27,37,47,57,67,77,87,97,107,117"
203,09:03,9,9,평택,13,"3,8,18,28,38,48,58,68,78,88,98,108,118"
204,09:04,1,1,서울역,13,"0,5,10,20,30,40,50,60,70,80,90,100,110"
204,09:04,10,10,인천공항,11,"9,29,39,49,59,69,79,89,99,109,119"
204,09:04,2,2,수서,13,"1,7,11,21,31,41,51,61,71,81,91,101,111"
204,09:04,3,3,삼성,13,"2,12,19,22,32,42,52,62,72,82,92,102,112"
204,09:04,4,4,여의도,12,"13,23,33,43,44,53,63,73,83,93,103,113"
204,09:04,5,5,김포공항,11,"4,14,24,34,54,64,74,84,94,104,114"
204,09:04,6,6,일산,11,"15,25,35,45,55,65,75,85,95,105,115"
204,09:04,7,7,판교,12,"6,16,26,36,46,56,66,76,86,96,106,116"
204,09:04,8,8,동탄/용인,11,"17,27,37,47,57,67,77,87,97,107,117"
204,09:04,9,9,평택,13,"3,8,18,28,38,48,58,68,78,88,98,108,118"
205,09:05,1,1,서울역,13,"0,5,10,20,30,40,50,60,70,80,90,100,110"
205,09:05,10,10,인천공항,11,"9,29,39,49,59,69,79,89,99,109,119"
205,09:05,2,2,수서,13,"1,7,11,21,31,41,51,61,71,81,91,101,111"
205,09:05,3,3,삼성,13,"2,12,19,22,32,42,52,62,72,82,92,102,112"
205,09:05,4,4,여의도,12,"13,23,33,43,44,53,63,73,83,93,103,113"
205,09:05,5,5,김포공항,11,"4,14,24,34,54,64,74,84,94,104,114"
205,09:05,6,6,일산,11,"15,25,35,45,55,65,75,85,95,105,115"
205,09:05,7,7,판교,12,"6,16,26,36,46,56,66,76,86,96,106,116"
205,09:05,8,8,동탄/용인,11,"17,27,37,47,57,67,77,87,97,107,117"
205,09:05,9,9,평택,13,"3,8,18,28,38,48,58,68,78,88,98,108,118"
206,09:06,1,1,서울역,13,"0,5,10,20,30,40,50,60,70,80,90,100,110"
206,09:06,10,10,인천공항,11,"9,29,39,49,59,69,79,89,99,109,119"
206,09:06,2,2,수서,13,"1,7,11,21,31,41,51,61,71,81,91,101,111"
206,09:06,3,3,삼성,13,"2,12,19,22,32,42,52,62,72,82,92,102,112"
206,09:06,4,4,여의도,12,"13,23,33,43,44,53,63,73,83,93,103,113"
206,09:06,5,5,김포공항,11,"4,14,24,34,54,64,74,84,94,104,114"
206,09:06,6,6,일산,11,"15,25,35,45,55,65,75,85,95,105,115"
206,09:06,7,7,판교,12,"6,16,26,36,46,56,66,76,86,96,106,116"
206,09:06,8,8,동탄/용인,11,"17,27,37,47,57,67,77,87,97,107,117"
206,09:06,9,9,평택,13,"3,8,18,28,38,48,58,68,78,88,98,108,118"
207,09:07,1,1,서울역,13,"0,5,10,20,30,40,50,60,70,80,90,100,110"
207,09:07,10,10,인천공항,11,"9,29,39,49,59,69,79,89,99,109,119"
207,09:07,2,2,수서,13,"1,7,11,21,31,41,51,61,71,81,91,101,111"
207,09:07,3,3,삼성,13,"2,12,19,22,32,42,52,62,72,82,92,102,112"
207,09:07,4,4,여의도,12,"13,23,33,43,44,53,63,73,83,93,103,113"
207,09:07,5,5,김포공항,11,"4,14,24,34,54,64,74,84,94,104,114"
207,09:07,6,6,일산,11,"15,25,35,45,55,65,75,85,95,105,115"
207,09:07,7,7,판교,12,"6,16,26,36,46,56,66,76,86,96,106,116"
207,09:07,8,8,동탄/용인,11,"17,27,37,47,57,67,77,87,97,107,117"
207,09:07,9,9,평택,13,"3,8,18,28,38,48,58,68,78,88,98,108,118"
208,09:08,1,1,서울역,13,"0,5,10,20,30,40,50,60,70,80,90,100,110"
208,09:08,10,10,인천공항,11,"9,29,39,49,59,69,79,89,99,109,119"
208,09:08,2,2,수서,13,"1,7,11,21,31,41,51,61,71,81,91,101,111"
208,09:08,3,3,삼성,13,"2,12,19,22,32,42,52,62,72,82,92,102,112"
208,09:08,4,4,여의도,12,"13,23,33,43,44,53,63,73,83,93,103,113"
208,09:08,5,5,김포공항,11,"4,14,24,34,54,64,74,84,94,104,114"
208,09:08,6,6,일산,11,"15,25,35,45,55,65,75,85,95,105,115"
208,09:08,7,7,판교,12,"6,16,26,36,46,56,66,76,86,96,106,116"
208,09:08,8,8,동탄/용인,11,"17,27,37,47,57,67,77,87,97,107,117"
208,09:08,9,9,평택,13,"3,8,18,28,38,48,58,68,78,88,98,108,118"
209,09:09,1,1,서울역,13,"0,5,10,20,30,40,50,60,70,80,90,100,110"
209,09:09,10,10,인천공항,11,"9,29,39,49,59,69,79,89,99,109,119"
209,09:09,2,2,수서,13,"1,7,11,21,31,41,51,61,71,81,91,101,111"
209,09:09,3,3,삼성,13,"2,12,19,22,32,42,52,62,72,82,92,102,112"
209,09:09,4,4,여의도,12,"13,23,33,43,44,53,63,73,83,93,103,113"
209,09:09,5,5,김포공항,11,"4,14,24,34,54,64,74,84,94,104,114"
209,09:09,6,6,일산,11,"15,25,35,45,55,65,75,85,95,105,115"
209,09:09,7,7,판교,12,"6,16,26,36,46,56,66,76,86,96,106,116"
209,09:09,8,8,동탄/용인,11,"17,27,37,47,57,67,77,87,97,107,117"
209,09:09,9,9,평택,13,"3,8,18,28,38,48,58,68,78,88,98,108,118"
210,09:10,1,1,서울역,13,"0,5,10,20,30,40,50,60,70,80,90,100,110"
210,09:10,10,10,인천공항,11,"9,29,39,49,59,69,79,89,99,109,119"
210,09:10,2,2,수서,13,"1,7,11,21,31,41,51,61,71,81,91,101,111"
210,09:10,3,3,삼성,13,"2,12,19,22,32,42,52,62,72,82,92,102,112"
210,09:10,4,4,여의도,12,"13,23,33,43,44,53,63,73,83,93,103,113"
210,09:10,5,5,김포공항,11,"4,14,24,34,54,64,74,84,94,104,114"
210,09:10,6,6,일산,11,"15,25,35,45,55,65,75,85,95,105,115"
210,09:10,7,7,판교,12,"6,16,26,36,46,56,66,76,86,96,106,116"
210,09:10,8,8,동탄/용인,11,"17,27,37,47,57,67,77,87,97,107,117"
210,09:10,9,9,평택,13,"3,8,18,28,38,48,58,68,78,88,98,108,118"
211,09:11,1,1,서울역,13,"0,5,10,20,30,40,50,60,70,80,90,100,110"
211,09:11,10,10,인천공항,11,"9,29,39,49,59,69,79,89,99,109,119"
211,09:11,2,2,수서,13,"1,7,11,21,31,41,51,61,71,81,91,101,111"
211,09:11,3,3,삼성,13,"2,12,19,22,32,42,52,62,72,82,92,102,112"
211,09:11,4,4,여의도,12,"13,23,33,43,44,53,63,73,83,93,103,113"
211,09:11,5,5,김포공항,11,"4,14,24,34,54,64,74,84,94,104,114"
211,09:11,6,6,일산,11,"15,25,35,45,55,65,75,85,95,105,115"
211,09:11,7,7,판교,12,"6,16,26,36,46,56,66,76,86,96,106,116"
211,09:11,8,8,동탄/용인,11,"17,27,37,47,57,67,77,87,97,107,117"
211,09:11,9,9,평택,13,"3,8,18,28,38,48,58,68,78,88,98,108,118"
212,09:12,1,1,서울역,13,"0,5,10,20,30,40,50,60,70,80,90,100,110"
212,09:12,10,10,인천공항,11,"9,29,39,49,59,69,79,89,99,109,119"
212,09:12,2,2,수서,13,"1,7,11,21,31,41,51,61,71,81,91,101,111"
212,09:12,3,3,삼성,13,"2,12,19,22,32,42,52,62,72,82,92,102,112"
212,09:12,4,4,여의도,12,"13,23,33,43,44,53,63,73,83,93,103,113"
212,09:12,5,5,김포공항,11,"4,14,24,34,54,64,74,84,94,104,114"
212,09:12,6,6,일산,11,"15,25,35,45,55,65,75,85,95,105,115"
212,09:12,7,7,판교,12,"6,16,26,36,46,56,66,76,86,96,106,116"
212,09:12,8,8,동탄/용인,11,"17,27,37,47,57,67,77,87,97,107,117"
212,09:12,9,9,평택,13,"3,8,18,28,38,48,58,68,78,88,98,108,118"
213,09:13,1,1,서울역,13,"0,5,10,20,30,40,50,60,70,80,90,100,110"
213,09:13,10,10,인천공항,11,"9,29,39,49,59,69,79,89,99,109,119"
213,09:13,2,2,수서,13,"1,7,11,21,31,41,51,61,71,81,91,101,111"
213,09:13,3,3,삼성,13,"2,12,19,22,32,42,52,62,72,82,92,102,112"
213,09:13,4,4,여의도,12,"13,23,33,43,44,53,63,73,83,93,103,113"
213,09:13,5,5,김포공항,11,"4,14,24,34,54,64,74,84,94,104,114"
213,09:13,6,6,일산,11,"15,25,35,45,55,65,75,85,95,105,115"
213,09:13,7,7,판교,12,"6,16,26,36,46,56,66,76,86,96,106,116"
213,09:13,8,8,동탄/용인,11,"17,27,37,47,57,67,77,87,97,107,117"
213,09:13,9,9,평택,13,"3,8,18,28,38,48,58,68,78,88,98,108,118"
214,09:14,1,1,서울역,13,"0,5,10,20,30,40,50,60,70,80,90,100,110"
214,09:14,10,10,인천공항,11,"9,29,39,49,59,69,79,89,99,109,119"
214,09:14,2,2,수서,13,"1,7,11,21,31,41,51,61,71,81,91,101,111"
214,09:14,3,3,삼성,13,"2,12,19,22,32,42,52,62,72,82,92,102,112"
214,09:14,4,4,여의도,12,"13,23,33,43,44,53,63,73,83,93,103,113"
214,09:14,5,5,김포공항,11,"4,14,24,34,54,64,74,84,94,104,114"
214,09:14,6,6,일산,11,"15,25,35,45,55,65,75,85,95,105,115"
214,09:14,7,7,판교,12,"6,16,26,36,46,56,66,76,86,96,106,116"
214,09:14,8,8,동탄/용인,11,"17,27,37,47,57,67,77,87,97,107,117"
214,09:14,9,9,평택,13,"3,8,18,28,38,48,58,68,78,88,98,108,118"
215,09:15,1,1,서울역,13,"0,5,10,20,30,40,50,60,70,80,90,100,110"
215,09:15,10,10,인천공항,11,"9,29,39,49,59,69,79,89,99,109,119"
215,09:15,2,2,수서,13,"1,7,11,21,31,41,51,61,71,81,91,101,111"
215,09:15,3,3,삼성,13,"2,12,19,22,32,42,52,62,72,82,92,102,112"
215,09:15,4,4,여의도,12,"13,23,33,43,44,53,63,73,83,93,103,113"
215,09:15,5,5,김포공항,11,"4,14,24,34,54,64,74,84,94,104,114"
215,09:15,6,6,일산,11,"15,25,35,45,55,65,75,85,95,105,115"
215,09:15,7,7,판교,12,"6,16,26,36,46,56,66,76,86,96,106,116"
215,09:15,8,8,동탄/용인,11,"17,27,37,47,57,67,77,87,97,107,117"
215,09:15,9,9,평택,13,"3,8,18,28,38,48,58,68,78,88,98,108,118"
216,09:16,1,1,서울역,13,"0,5,10,20,30,40,50,60,70,80,90,100,110"
216,09:16,10,10,인천공항,11,"9,29,39,49,59,69,79,89,99,109,119"
216,09:16,2,2,수서,13,"1,7,11,21,31,41,51,61,71,81,91,101,111"
216,09:16,3,3,삼성,13,"2,12,19,22,32,42,52,62,72,82,92,102,112"
216,09:16,4,4,여의도,12,"13,23,33,43,44,53,63,73,83,93,103,113"
216,09:16,5,5,김포공항,11,"4,14,24,34,54,64,74,84,94,104,114"
216,09:16,6,6,일산,11,"15,25,35,45,55,65,75,85,95,105,115"
216,09:16,7,7,판교,12,"6,16,26,36,46,56,66,76,86,96,106,116"
216,09:16,8,8,동탄/용인,11,"17,27,37,47,57,67,77,87,97,107,117"
216,09:16,9,9,평택,13,"3,8,18,28,38,48,58,68,78,88,98,108,118"
217,09:17,1,1,서울역,13,"0,5,10,20,30,40,50,60,70,80,90,100,110"
217,09:17,10,10,인천공항,11,"9,29,39,49,59,69,79,89,99,109,119"
217,09:17,2,2,수서,13,"1,7,11,21,31,41,51,61,71,81,91,101,111"
217,09:17,3,3,삼성,13,"2,12,19,22,32,42,52,62,72,82,92,102,112"
217,09:17,4,4,여의도,12,"13,23,33,43,44,53,63,73,83,93,103,113"
217,09:17,5,5,김포공항,11,"4,14,24,34,54,64,74,84,94,104,114"
217,09:17,6,6,일산,11,"15,25,35,45,55,65,75,85,95,105,115"
217,09:17,7,7,판교,12,"6,16,26,36,46,56,66,76,86,96,106,116"
217,09:17,8,8,동탄/용인,11,"17,27,37,47,57,67,77,87,97,107,117"
217,09:17,9,9,평택,13,"3,8,18,28,38,48,58,68,78,88,98,108,118"
218,09:18,1,1,서울역,13,"0,5,10,20,30,40,50,60,70,80,90,100,110"
218,09:18,10,10,인천공항,11,"9,29,39,49,59,69,79,89,99,109,119"
218,09:18,2,2,수서,13,"1,7,11,21,31,41,51,61,71,81,91,101,111"
218,09:18,3,3,삼성,13,"2,12,19,22,32,42,52,62,72,82,92,102,112"
218,09:18,4,4,여의도,12,"13,23,33,43,44,53,63,73,83,93,103,113"
218,09:18,5,5,김포공항,11,"4,14,24,34,54,64,74,84,94,104,114"
218,09:18,6,6,일산,11,"15,25,35,45,55,65,75,85,95,105,115"
218,09:18,7,7,판교,12,"6,16,26,36,46,56,66,76,86,96,106,116"
218,09:18,8,8,동탄/용인,11,"17,27,37,47,57,67,77,87,97,107,117"
218,09:18,9,9,평택,13,"3,8,18,28,38,48,58,68,78,88,98,108,118"
219,09:19,1,1,서울역,13,"0,5,10,20,30,40,50,60,70,80,90,100,110"
219,09:19,10,10,인천공항,11,"9,29,39,49,59,69,79,89,99,109,119"
219,09:19,2,2,수서,13,"1,7,11,21,31,41,51,61,71,81,91,101,111"
219,09:19,3,3,삼성,13,"2,12,19,22,32,42,52,62,72,82,92,102,112"
219,09:19,4,4,여의도,12,"13,23,33,43,44,53,63,73,83,93,103,113"
219,09:19,5,5,김포공항,11,"4,14,24,34,54,64,74,84,94,104,114"
219,09:19,6,6,일산,11,"15,25,35,45,55,65,75,85,95,105,115"
219,09:19,7,7,판교,12,"6,16,26,36,46,56,66,76,86,96,106,116"
219,09:19,8,8,동탄/용인,11,"17,27,37,47,57,67,77,87,97,107,117"
219,09:19,9,9,평택,13,"3,8,18,28,38,48,58,68,78,88,98,108,118"
220,09:20,1,1,서울역,13,"0,5,10,20,30,40,50,60,70,80,90,100,110"
220,09:20,10,10,인천공항,11,"9,29,39,49,59,69,79,89,99,109,119"
220,09:20,2,2,수서,13,"1,7,11,21,31,41,51,61,71,81,91,101,111"
220,09:20,3,3,삼성,13,"2,12,19,22,32,42,52,62,72,82,92,102,112"
220,09:20,4,4,여의도,12,"13,23,33,43,44,53,63,73,83,93,103,113"
220,09:20,5,5,김포공항,11,"4,14,24,34,54,64,74,84,94,104,114"
220,09:20,6,6,일산,11,"15,25,35,45,55,65,75,85,95,105,115"
220,09:20,7,7,판교,12,"6,16,26,36,46,56,66,76,86,96,106,116"
220,09:20,8,8,동탄/용인,11,"17,27,37,47,57,67,77,87,97,107,117"
220,09:20,9,9,평택,13,"3,8,18,28,38,48,58,68,78,88,98,108,118"
221,09:21,1,1,서울역,13,"0,5,10,20,30,40,50,60,70,80,90,100,110"
221,09:21,10,10,인천공항,11,"9,29,39,49,59,69,79,89,99,109,119"
221,09:21,2,2,수서,13,"1,7,11,21,31,41,51,61,71,81,91,101,111"
221,09:21,3,3,삼성,13,"2,12,19,22,32,42,52,62,72,82,92,102,112"
221,09:21,4,4,여의도,12,"13,23,33,43,44,53,63,73,83,93,103,113"
221,09:21,5,5,김포공항,11,"4,14,24,34,54,64,74,84,94,104,114"
221,09:21,6,6,일산,11,"15,25,35,45,55,65,75,85,95,105,115"
221,09:21,7,7,판교,12,"6,16,26,36,46,56,66,76,86,96,106,116"
221,09:21,8,8,동탄/용인,11,"17,27,37,47,57,67,77,87,97,107,117"
221,09:21,9,9,평택,13,"3,8,18,28,38,48,58,68,78,88,98,108,118"
222,09:22,1,1,서울역,13,"0,5,10,20,30,40,50,60,70,80,90,100,110"
222,09:22,10,10,인천공항,11,"9,29,39,49,59,69,79,89,99,109,119"
222,09:22,2,2,수서,13,"1,7,11,21,31,41,51,61,71,81,91,101,111"
222,09:22,3,3,삼성,13,"2,12,19,22,32,42,52,62,72,82,92,102,112"
222,09:22,4,4,여의도,12,"13,23,33,43,44,53,63,73,83,93,103,113"
222,09:22,5,5,김포공항,11,"4,14,24,34,54,64,74,84,94,104,114"
222,09:22,6,6,일산,11,"15,25,35,45,55,65,75,85,95,105,115"
222,09:22,7,7,판교,12,"6,16,26,36,46,56,66,76,86,96,106,116"
222,09:22,8,8,동탄/용인,11,"17,27,37,47,57,67,77,87,97,107,117"
222,09:22,9,9,평택,13,"3,8,18,28,38,48,58,68,78,88,98,108,118"
223,09:23,1,1,서울역,13,"0,5,10,20,30,40,50,60,70,80,90,100,110"
223,09:23,10,10,인천공항,11,"9,29,39,49,59,69,79,89,99,109,119"
223,09:23,2,2,수서,13,"1,7,11,21,31,41,51,61,71,81,91,101,111"
223,09:23,3,3,삼성,13,"2,12,19,22,32,42,52,62,72,82,92,102,112"
223,09:23,4,4,여의도,12,"13,23,33,43,44,53,63,73,83,93,103,113"
223,09:23,5,5,김포공항,11,"4,14,24,34,54,64,74,84,94,104,114"
223,09:23,6,6,일산,11,"15,25,35,45,55,65,75,85,95,105,115"
223,09:23,7,7,판교,12,"6,16,26,36,46,56,66,76,86,96,106,116"
223,09:23,8,8,동탄/용인,11,"17,27,37,47,57,67,77,87,97,107,117"
223,09:23,9,9,평택,13,"3,8,18,28,38,48,58,68,78,88,98,108,118"
224,09:24,1,1,서울역,13,"0,5,10,20,30,40,50,60,70,80,90,100,110"
224,09:24,10,10,인천공항,11,"9,29,39,49,59,69,79,89,99,109,119"
224,09:24,2,2,수서,13,"1,7,11,21,31,41,51,61,71,81,91,101,111"
224,09:24,3,3,삼성,13,"2,12,19,22,32,42,52,62,72,82,92,102,112"
224,09:24,4,4,여의도,12,"13,23,33,43,44,53,63,73,83,93,103,113"
224,09:24,5,5,김포공항,11,"4,14,24,34,54,64,74,84,94,104,114"
224,09:24,6,6,일산,11,"15,25,35,45,55,65,75,85,95,105,115"
224,09:24,7,7,판교,12,"6,16,26,36,46,56,66,76,86,96,106,116"
224,09:24,8,8,동탄/용인,11,"17,27,37,47,57,67,77,87,97,107,117"
224,09:24,9,9,평택,13,"3,8,18,28,38,48,58,68,78,88,98,108,118"
225,09:25,1,1,서울역,13,"0,5,10,20,30,40,50,60,70,80,90,100,110"
225,09:25,10,10,인천공항,11,"9,29,39,49,59,69,79,89,99,109,119"
225,09:25,2,2,수서,13,"1,7,11,21,31,41,51,61,71,81,91,101,111"
225,09:25,3,3,삼성,13,"2,12,19,22,32,42,52,62,72,82,92,102,112"
225,09:25,4,4,여의도,12,"13,23,33,43,44,53,63,73,83,93,103,113"
225,09:25,5,5,김포공항,11,"4,14,24,34,54,64,74,84,94,104,114"
225,09:25,6,6,일산,11,"15,25,35,45,55,65,75,85,95,105,115"
225,09:25,7,7,판교,12,"6,16,26,36,46,56,66,76,86,96,106,116"
225,09:25,8,8,동탄/용인,11,"17,27,37,47,57,67,77,87,97,107,117"
225,09:25,9,9,평택,13,"3,8,18,28,38,48,58,68,78,88,98,108,118"
226,09:26,1,1,서울역,13,"0,5,10,20,30,40,50,60,70,80,90,100,110"
226,09:26,10,10,인천공항,11,"9,29,39,49,59,69,79,89,99,109,119"
226,09:26,2,2,수서,13,"1,7,11,21,31,41,51,61,71,81,91,101,111"
226,09:26,3,3,삼성,13,"2,12,19,22,32,42,52,62,72,82,92,102,112"
226,09:26,4,4,여의도,12,"13,23,33,43,44,53,63,73,83,93,103,113"
226,09:26,5,5,김포공항,11,"4,14,24,34,54,64,74,84,94,104,114"
226,09:26,6,6,일산,11,"15,25,35,45,55,65,75,85,95,105,115"
226,09:26,7,7,판교,12,"6,16,26,36,46,56,66,76,86,96,106,116"
226,09:26,8,8,동탄/용인,11,"17,27,37,47,57,67,77,87,97,107,117"
226,09:26,9,9,평택,13,"3,8,18,28,38,48,58,68,78,88,98,108,118"
227,09:27,1,1,서울역,13,"0,5,10,20,30,40,50,60,70,80,90,100,110"
227,09:27,10,10,인천공항,11,"9,29,39,49,59,69,79,89,99,109,119"
227,09:27,2,2,수서,13,"1,7,11,21,31,41,51,61,71,81,91,101,111"
227,09:27,3,3,삼성,13,"2,12,19,22,32,42,52,62,72,82,92,102,112"
227,09:27,4,4,여의도,12,"13,23,33,43,44,53,63,73,83,93,103,113"
227,09:27,5,5,김포공항,11,"4,14,24,34,54,64,74,84,94,104,114"
227,09:27,6,6,일산,11,"15,25,35,45,55,65,75,85,95,105,115"
227,09:27,7,7,판교,12,"6,16,26,36,46,56,66,76,86,96,106,116"
227,09:27,8,8,동탄/용인,11,"17,27,37,47,57,67,77,87,97,107,117"
227,09:27,9,9,평택,13,"3,8,18,28,38,48,58,68,78,88,98,108,118"
228,09:28,1,1,서울역,13,"0,5,10,20,30,40,50,60,70,80,90,100,110"
228,09:28,10,10,인천공항,11,"9,29,39,49,59,69,79,89,99,109,119"
228,09:28,2,2,수서,13,"1,7,11,21,31,41,51,61,71,81,91,101,111"
228,09:28,3,3,삼성,13,"2,12,19,22,32,42,52,62,72,82,92,102,112"
228,09:28,4,4,여의도,12,"13,23,33,43,44,53,63,73,83,93,103,113"
228,09:28,5,5,김포공항,11,"4,14,24,34,54,64,74,84,94,104,114"
228,09:28,6,6,일산,11,"15,25,35,45,55,65,75,85,95,105,115"
228,09:28,7,7,판교,12,"6,16,26,36,46,56,66,76,86,96,106,116"
228,09:28,8,8,동탄/용인,11,"17,27,37,47,57,67,77,87,97,107,117"
228,09:28,9,9,평택,13,"3,8,18,28,38,48,58,68,78,88,98,108,118"
229,09:29,1,1,서울역,13,"0,5,10,20,30,40,50,60,70,80,90,100,110"
229,09:29,10,10,인천공항,11,"9,29,39,49,59,69,79,89,99,109,119"
229,09:29,2,2,수서,13,"1,7,11,21,31,41,51,61,71,81,91,101,111"
229,09:29,3,3,삼성,13,"2,12,19,22,32,42,52,62,72,82,92,102,112"
229,09:29,4,4,여의도,12,"13,23,33,43,44,53,63,73,83,93,103,113"
229,09:29,5,5,김포공항,11,"4,14,24,34,54,64,74,84,94,104,114"
229,09:29,6,6,일산,11,"15,25,35,45,55,65,75,85,95,105,115"
229,09:29,7,7,판교,12,"6,16,26,36,46,56,66,76,86,96,106,116"
229,09:29,8,8,동탄/용인,11,"17,27,37,47,57,67,77,87,97,107,117"
229,09:29,9,9,평택,13,"3,8,18,28,38,48,58,68,78,88,98,108,118"
230,09:30,1,1,서울역,13,"0,5,10,20,30,40,50,60,70,80,90,100,110"
230,09:30,10,10,인천공항,11,"9,29,39,49,59,69,79,89,99,109,119"
230,09:30,2,2,수서,13,"1,7,11,21,31,41,51,61,71,81,91,101,111"
230,09:30,3,3,삼성,13,"2,12,19,22,32,42,52,62,72,82,92,102,112"
230,09:30,4,4,여의도,12,"13,23,33,43,44,53,63,73,83,93,103,113"
230,09:30,5,5,김포공항,11,"4,14,24,34,54,64,74,84,94,104,114"
230,09:30,6,6,일산,11,"15,25,35,45,55,65,75,85,95,105,115"
230,09:30,7,7,판교,12,"6,16,26,36,46,56,66,76,86,96,106,116"
230,09:30,8,8,동탄/용인,11,"17,27,37,47,57,67,77,87,97,107,117"
230,09:30,9,9,평택,13,"3,8,18,28,38,48,58,68,78,88,98,108,118"
231,09:31,1,1,서울역,13,"0,5,10,20,30,40,50,60,70,80,90,100,110"
231,09:31,10,10,인천공항,11,"9,29,39,49,59,69,79,89,99,109,119"
231,09:31,2,2,수서,13,"1,7,11,21,31,41,51,61,71,81,91,101,111"
231,09:31,3,3,삼성,13,"2,12,19,22,32,42,52,62,72,82,92,102,112"
231,09:31,4,4,여의도,12,"13,23,33,43,44,53,63,73,83,93,103,113"
231,09:31,5,5,김포공항,11,"4,14,24,34,54,64,74,84,94,104,114"
231,09:31,6,6,일산,11,"15,25,35,45,55,65,75,85,95,105,115"
231,09:31,7,7,판교,12,"6,16,26,36,46,56,66,76,86,96,106,116"
231,09:31,8,8,동탄/용인,11,"17,27,37,47,57,67,77,87,97,107,117"
231,09:31,9,9,평택,13,"3,8,18,28,38,48,58,68,78,88,98,108,118"
232,09:32,1,1,서울역,13,"0,5,10,20,30,40,50,60,70,80,90,100,110"
232,09:32,10,10,인천공항,11,"9,29,39,49,59,69,79,89,99,109,119"
232,09:32,2,2,수서,13,"1,7,11,21,31,41,51,61,71,81,91,101,111"
232,09:32,3,3,삼성,13,"2,12,19,22,32,42,52,62,72,82,92,102,112"
232,09:32,4,4,여의도,12,"13,23,33,43,44,53,63,73,83,93,103,113"
232,09:32,5,5,김포공항,11,"4,14,24,34,54,64,74,84,94,104,114"
232,09:32,6,6,일산,11,"15,25,35,45,55,65,75,85,95,105,115"
232,09:32,7,7,판교,12,"6,16,26,36,46,56,66,76,86,96,106,116"
232,09:32,8,8,동탄/용인,11,"17,27,37,47,57,67,77,87,97,107,117"
232,09:32,9,9,평택,13,"3,8,18,28,38,48,58,68,78,88,98,108,118"
233,09:33,1,1,서울역,13,"0,5,10,20,30,40,50,60,70,80,90,100,110"
233,09:33,10,10,인천공항,11,"9,29,39,49,59,69,79,89,99,109,119"
233,09:33,2,2,수서,13,"1,7,11,21,31,41,51,61,71,81,91,101,111"
233,09:33,3,3,삼성,13,"2,12,19,22,32,42,52,62,72,82,92,102,112"
233,09:33,4,4,여의도,12,"13,23,33,43,44,53,63,73,83,93,103,113"
233,09:33,5,5,김포공항,11,"4,14,24,34,54,64,74,84,94,104,114"
233,09:33,6,6,일산,11,"15,25,35,45,55,65,75,85,95,105,115"
233,09:33,7,7,판교,12,"6,16,26,36,46,56,66,76,86,96,106,116"
233,09:33,8,8,동탄/용인,11,"17,27,37,47,57,67,77,87,97,107,117"
233,09:33,9,9,평택,13,"3,8,18,28,38,48,58,68,78,88,98,108,118"
234,09:34,1,1,서울역,13,"0,5,10,20,30,40,50,60,70,80,90,100,110"
234,09:34,10,10,인천공항,11,"9,29,39,49,59,69,79,89,99,109,119"
234,09:34,2,2,수서,13,"1,7,11,21,31,41,51,61,71,81,91,101,111"
234,09:34,3,3,삼성,13,"2,12,19,22,32,42,52,62,72,82,92,102,112"
234,09:34,4,4,여의도,12,"13,23,33,43,44,53,63,73,83,93,103,113"
234,09:34,5,5,김포공항,11,"4,14,24,34,54,64,74,84,94,104,114"
234,09:34,6,6,일산,11,"15,25,35,45,55,65,75,85,95,105,115"
234,09:34,7,7,판교,12,"6,16,26,36,46,56,66,76,86,96,106,116"
234,09:34,8,8,동탄/용인,11,"17,27,37,47,57,67,77,87,97,107,117"
234,09:34,9,9,평택,13,"3,8,18,28,38,48,58,68,78,88,98,108,118"
235,09:35,1,1,서울역,13,"0,5,10,20,30,40,50,60,70,80,90,100,110"
235,09:35,10,10,인천공항,11,"9,29,39,49,59,69,79,89,99,109,119"
235,09:35,2,2,수서,13,"1,7,11,21,31,41,51,61,71,81,91,101,111"
235,09:35,3,3,삼성,13,"2,12,19,22,32,42,52,62,72,82,92,102,112"
235,09:35,4,4,여의도,12,"13,23,33,43,44,53,63,73,83,93,103,113"
235,09:35,5,5,김포공항,11,"4,14,24,34,54,64,74,84,94,104,114"
235,09:35,6,6,일산,11,"15,25,35,45,55,65,75,85,95,105,115"
235,09:35,7,7,판교,12,"6,16,26,36,46,56,66,76,86,96,106,116"
235,09:35,8,8,동탄/용인,11,"17,27,37,47,57,67,77,87,97,107,117"
235,09:35,9,9,평택,13,"3,8,18,28,38,48,58,68,78,88,98,108,118"
236,09:36,1,1,서울역,13,"0,5,10,20,30,40,50,60,70,80,90,100,110"
236,09:36,10,10,인천공항,11,"9,29,39,49,59,69,79,89,99,109,119"
236,09:36,2,2,수서,13,"1,7,11,21,31,41,51,61,71,81,91,101,111"
236,09:36,3,3,삼성,13,"2,12,19,22,32,42,52,62,72,82,92,102,112"
236,09:36,4,4,여의도,12,"13,23,33,43,44,53,63,73,83,93,103,113"
236,09:36,5,5,김포공항,11,"4,14,24,34,54,64,74,84,94,104,114"
236,09:36,6,6,일산,11,"15,25,35,45,55,65,75,85,95,105,115"
236,09:36,7,7,판교,12,"6,16,26,36,46,56,66,76,86,96,106,116"
236,09:36,8,8,동탄/용인,11,"17,27,37,47,57,67,77,87,97,107,117"
236,09:36,9,9,평택,13,"3,8,18,28,38,48,58,68,78,88,98,108,118"
237,09:37,1,1,서울역,13,"0,5,10,20,30,40,50,60,70,80,90,100,110"
237,09:37,10,10,인천공항,11,"9,29,39,49,59,69,79,89,99,109,119"
237,09:37,2,2,수서,13,"1,7,11,21,31,41,51,61,71,81,91,101,111"
237,09:37,3,3,삼성,13,"2,12,19,22,32,42,52,62,72,82,92,102,112"
237,09:37,4,4,여의도,12,"13,23,33,43,44,53,63,73,83,93,103,113"
237,09:37,5,5,김포공항,11,"4,14,24,34,54,64,74,84,94,104,114"
237,09:37,6,6,일산,11,"15,25,35,45,55,65,75,85,95,105,115"
237,09:37,7,7,판교,12,"6,16,26,36,46,56,66,76,86,96,106,116"
237,09:37,8,8,동탄/용인,11,"17,27,37,47,57,67,77,87,97,107,117"
237,09:37,9,9,평택,13,"3,8,18,28,38,48,58,68,78,88,98,108,118"
238,09:38,1,1,서울역,13,"0,5,10,20,30,40,50,60,70,80,90,100,110"
238,09:38,10,10,인천공항,11,"9,29,39,49,59,69,79,89,99,109,119"
238,09:38,2,2,수서,13,"1,7,11,21,31,41,51,61,71,81,91,101,111"
238,09:38,3,3,삼성,13,"2,12,19,22,32,42,52,62,72,82,92,102,112"
238,09:38,4,4,여의도,12,"13,23,33,43,44,53,63,73,83,93,103,113"
238,09:38,5,5,김포공항,11,"4,14,24,34,54,64,74,84,94,104,114"
238,09:38,6,6,일산,11,"15,25,35,45,55,65,75,85,95,105,115"
238,09:38,7,7,판교,12,"6,16,26,36,46,56,66,76,86,96,106,116"
238,09:38,8,8,동탄/용인,11,"17,27,37,47,57,67,77,87,97,107,117"
238,09:38,9,9,평택,13,"3,8,18,28,38,48,58,68,78,88,98,108,118"
239,09:39,1,1,서울역,13,"0,5,10,20,30,40,50,60,70,80,90,100,110"
239,09:39,10,10,인천공항,11,"9,29,39,49,59,69,79,89,99,109,119"
239,09:39,2,2,수서,13,"1,7,11,21,31,41,51,61,71,81,91,101,111"
239,09:39,3,3,삼성,13,"2,12,19,22,32,42,52,62,72,82,92,102,112"
239,09:39,4,4,여의도,12,"13,23,33,43,44,53,63,73,83,93,103,113"
239,09:39,5,5,김포공항,11,"4,14,24,34,54,64,74,84,94,104,114"
239,09:39,6,6,일산,11,"15,25,35,45,55,65,75,85,95,105,115"
239,09:39,7,7,판교,12,"6,16,26,36,46,56,66,76,86,96,106,116"
239,09:39,8,8,동탄/용인,11,"17,27,37,47,57,67,77,87,97,107,117"
239,09:39,9,9,평택,13,"3,8,18,28,38,48,58,68,78,88,98,108,118"
240,09:40,1,1,서울역,13,"0,5,10,20,30,40,50,60,70,80,90,100,110"
240,09:40,10,10,인천공항,11,"9,29,39,49,59,69,79,89,99,109,119"
240,09:40,2,2,수서,13,"1,7,11,21,31,41,51,61,71,81,91,101,111"
240,09:40,3,3,삼성,13,"2,12,19,22,32,42,52,62,72,82,92,102,112"
240,09:40,4,4,여의도,12,"13,23,33,43,44,53,63,73,83,93,103,113"
240,09:40,5,5,김포공항,11,"4,14,24,34,54,64,74,84,94,104,114"
240,09:40,6,6,일산,11,"15,25,35,45,55,65,75,85,95,105,115"
240,09:40,7,7,판교,12,"6,16,26,36,46,56,66,76,86,96,106,116"
240,09:40,8,8,동탄/용인,11,"17,27,37,47,57,67,77,87,97,107,117"
240,09:40,9,9,평택,13,"3,8,18,28,38,48,58,68,78,88,98,108,118"
241,09:41,1,1,서울역,13,"0,5,10,20,30,40,50,60,70,80,90,100,110"
241,09:41,10,10,인천공항,11,"9,29,39,49,59,69,79,89,99,109,119"
241,09:41,2,2,수서,13,"1,7,11,21,31,41,51,61,71,81,91,101,111"
241,09:41,3,3,삼성,13,"2,12,19,22,32,42,52,62,72,82,92,102,112"
241,09:41,4,4,여의도,12,"13,23,33,43,44,53,63,73,83,93,103,113"
241,09:41,5,5,김포공항,11,"4,14,24,34,54,64,74,84,94,104,114"
241,09:41,6,6,일산,11,"15,25,35,45,55,65,75,85,95,105,115"
241,09:41,7,7,판교,12,"6,16,26,36,46,56,66,76,86,96,106,116"
241,09:41,8,8,동탄/용인,11,"17,27,37,47,57,67,77,87,97,107,117"
241,09:41,9,9,평택,13,"3,8,18,28,38,48,58,68,78,88,98,108,118"
242,09:42,1,1,서울역,13,"0,5,10,20,30,40,50,60,70,80,90,100,110"
242,09:42,10,10,인천공항,11,"9,29,39,49,59,69,79,89,99,109,119"
242,09:42,2,2,수서,13,"1,7,11,21,31,41,51,61,71,81,91,101,111"
242,09:42,3,3,삼성,13,"2,12,19,22,32,42,52,62,72,82,92,102,112"
242,09:42,4,4,여의도,12,"13,23,33,43,44,53,63,73,83,93,103,113"
242,09:42,5,5,김포공항,11,"4,14,24,34,54,64,74,84,94,104,114"
242,09:42,6,6,일산,11,"15,25,35,45,55,65,75,85,95,105,115"
242,09:42,7,7,판교,12,"6,16,26,36,46,56,66,76,86,96,106,116"
242,09:42,8,8,동탄/용인,11,"17,27,37,47,57,67,77,87,97,107,117"
242,09:42,9,9,평택,13,"3,8,18,28,38,48,58,68,78,88,98,108,118"
243,09:43,1,1,서울역,13,"0,5,10,20,30,40,50,60,70,80,90,100,110"
243,09:43,10,10,인천공항,11,"9,29,39,49,59,69,79,89,99,109,119"
243,09:43,2,2,수서,13,"1,7,11,21,31,41,51,61,71,81,91,101,111"
243,09:43,3,3,삼성,13,"2,12,19,22,32,42,52,62,72,82,92,102,112"
243,09:43,4,4,여의도,12,"13,23,33,43,44,53,63,73,83,93,103,113"
243,09:43,5,5,김포공항,11,"4,14,24,34,54,64,74,84,94,104,114"
243,09:43,6,6,일산,11,"15,25,35,45,55,65,75,85,95,105,115"
243,09:43,7,7,판교,12,"6,16,26,36,46,56,66,76,86,96,106,116"
243,09:43,8,8,동탄/용인,11,"17,27,37,47,57,67,77,87,97,107,117"
243,09:43,9,9,평택,13,"3,8,18,28,38,48,58,68,78,88,98,108,118"
244,09:44,1,1,서울역,13,"0,5,10,20,30,40,50,60,70,80,90,100,110"
244,09:44,10,10,인천공항,11,"9,29,39,49,59,69,79,89,99,109,119"
244,09:44,2,2,수서,13,"1,7,11,21,31,41,51,61,71,81,91,101,111"
244,09:44,3,3,삼성,13,"2,12,19,22,32,42,52,62,72,82,92,102,112"
244,09:44,4,4,여의도,12,"13,23,33,43,44,53,63,73,83,93,103,113"
244,09:44,5,5,김포공항,11,"4,14,24,34,54,64,74,84,94,104,114"
244,09:44,6,6,일산,11,"15,25,35,45,55,65,75,85,95,105,115"
244,09:44,7,7,판교,12,"6,16,26,36,46,56,66,76,86,96,106,116"
244,09:44,8,8,동탄/용인,11,"17,27,37,47,57,67,77,87,97,107,117"
244,09:44,9,9,평택,13,"3,8,18,28,38,48,58,68,78,88,98,108,118"
245,09:45,1,1,서울역,13,"0,5,10,20,30,40,50,60,70,80,90,100,110"
245,09:45,10,10,인천공항,11,"9,29,39,49,59,69,79,89,99,109,119"
245,09:45,2,2,수서,13,"1,7,11,21,31,41,51,61,71,81,91,101,111"
245,09:45,3,3,삼성,13,"2,12,19,22,32,42,52,62,72,82,92,102,112"
245,09:45,4,4,여의도,12,"13,23,33,43,44,53,63,73,83,93,103,113"
245,09:45,5,5,김포공항,11,"4,14,24,34,54,64,74,84,94,104,114"
245,09:45,6,6,일산,11,"15,25,35,45,55,65,75,85,95,105,115"
245,09:45,7,7,판교,12,"6,16,26,36,46,56,66,76,86,96,106,116"
245,09:45,8,8,동탄/용인,11,"17,27,37,47,57,67,77,87,97,107,117"
245,09:45,9,9,평택,13,"3,8,18,28,38,48,58,68,78,88,98,108,118"
246,09:46,1,1,서울역,13,"0,5,10,20,30,40,50,60,70,80,90,100,110"
246,09:46,10,10,인천공항,11,"9,29,39,49,59,69,79,89,99,109,119"
246,09:46,2,2,수서,13,"1,7,11,21,31,41,51,61,71,81,91,101,111"
246,09:46,3,3,삼성,13,"2,12,19,22,32,42,52,62,72,82,92,102,112"
246,09:46,4,4,여의도,12,"13,23,33,43,44,53,63,73,83,93,103,113"
246,09:46,5,5,김포공항,11,"4,14,24,34,54,64,74,84,94,104,114"
246,09:46,6,6,일산,11,"15,25,35,45,55,65,75,85,95,105,115"
246,09:46,7,7,판교,12,"6,16,26,36,46,56,66,76,86,96,106,116"
246,09:46,8,8,동탄/용인,11,"17,27,37,47,57,67,77,87,97,107,117"
246,09:46,9,9,평택,13,"3,8,18,28,38,48,58,68,78,88,98,108,118"
247,09:47,1,1,서울역,13,"0,5,10,20,30,40,50,60,70,80,90,100,110"
247,09:47,10,10,인천공항,11,"9,29,39,49,59,69,79,89,99,109,119"
247,09:47,2,2,수서,13,"1,7,11,21,31,41,51,61,71,81,91,101,111"
247,09:47,3,3,삼성,13,"2,12,19,22,32,42,52,62,72,82,92,102,112"
247,09:47,4,4,여의도,12,"13,23,33,43,44,53,63,73,83,93,103,113"
247,09:47,5,5,김포공항,11,"4,14,24,34,54,64,74,84,94,104,114"
247,09:47,6,6,일산,11,"15,25,35,45,55,65,75,85,95,105,115"
247,09:47,7,7,판교,12,"6,16,26,36,46,56,66,76,86,96,106,116"
247,09:47,8,8,동탄/용인,11,"17,27,37,47,57,67,77,87,97,107,117"
247,09:47,9,9,평택,13,"3,8,18,28,38,48,58,68,78,88,98,108,118"
248,09:48,1,1,서울역,13,"0,5,10,20,30,40,50,60,70,80,90,100,110"
248,09:48,10,10,인천공항,11,"9,29,39,49,59,69,79,89,99,109,119"
248,09:48,2,2,수서,13,"1,7,11,21,31,41,51,61,71,81,91,101,111"
248,09:48,3,3,삼성,13,"2,12,19,22,32,42,52,62,72,82,92,102,112"
248,09:48,4,4,여의도,12,"13,23,33,43,44,53,63,73,83,93,103,113"
248,09:48,5,5,김포공항,11,"4,14,24,34,54,64,74,84,94,104,114"
248,09:48,6,6,일산,11,"15,25,35,45,55,65,75,85,95,105,115"
248,09:48,7,7,판교,12,"6,16,26,36,46,56,66,76,86,96,106,116"
248,09:48,8,8,동탄/용인,11,"17,27,37,47,57,67,77,87,97,107,117"
248,09:48,9,9,평택,13,"3,8,18,28,38,48,58,68,78,88,98,108,118"
249,09:49,1,1,서울역,13,"0,5,10,20,30,40,50,60,70,80,90,100,110"
249,09:49,10,10,인천공항,11,"9,29,39,49,59,69,79,89,99,109,119"
249,09:49,2,2,수서,13,"1,7,11,21,31,41,51,61,71,81,91,101,111"
249,09:49,3,3,삼성,13,"2,12,19,22,32,42,52,62,72,82,92,102,112"
249,09:49,4,4,여의도,12,"13,23,33,43,44,53,63,73,83,93,103,113"
249,09:49,5,5,김포공항,11,"4,14,24,34,54,64,74,84,94,104,114"
249,09:49,6,6,일산,11,"15,25,35,45,55,65,75,85,95,105,115"
249,09:49,7,7,판교,12,"6,16,26,36,46,56,66,76,86,96,106,116"
249,09:49,8,8,동탄/용인,11,"17,27,37,47,57,67,77,87,97,107,117"
249,09:49,9,9,평택,13,"3,8,18,28,38,48,58,68,78,88,98,108,118"
250,09:50,1,1,서울역,13,"0,5,10,20,30,40,50,60,70,80,90,100,110"
250,09:50,10,10,인천공항,11,"9,29,39,49,59,69,79,89,99,109,119"
250,09:50,2,2,수서,13,"1,7,11,21,31,41,51,61,71,81,91,101,111"
250,09:50,3,3,삼성,13,"2,12,19,22,32,42,52,62,72,82,92,102,112"
250,09:50,4,4,여의도,12,"13,23,33,43,44,53,63,73,83,93,103,113"
250,09:50,5,5,김포공항,11,"4,14,24,34,54,64,74,84,94,104,114"
250,09:50,6,6,일산,11,"15,25,35,45,55,65,75,85,95,105,115"
250,09:50,7,7,판교,12,"6,16,26,36,46,56,66,76,86,96,106,116"
250,09:50,8,8,동탄/용인,11,"17,27,37,47,57,67,77,87,97,107,117"
250,09:50,9,9,평택,13,"3,8,18,28,38,48,58,68,78,88,98,108,118"
251,09:51,1,1,서울역,13,"0,5,10,20,30,40,50,60,70,80,90,100,110"
251,09:51,10,10,인천공항,11,"9,29,39,49,59,69,79,89,99,109,119"
251,09:51,2,2,수서,13,"1,7,11,21,31,41,51,61,71,81,91,101,111"
251,09:51,3,3,삼성,13,"2,12,19,22,32,42,52,62,72,82,92,102,112"
251,09:51,4,4,여의도,12,"13,23,33,43,44,53,63,73,83,93,103,113"
251,09:51,5,5,김포공항,11,"4,14,24,34,54,64,74,84,94,104,114"
251,09:51,6,6,일산,11,"15,25,35,45,55,65,75,85,95,105,115"
251,09:51,7,7,판교,12,"6,16,26,36,46,56,66,76,86,96,106,116"
251,09:51,8,8,동탄/용인,11,"17,27,37,47,57,67,77,87,97,107,117"
251,09:51,9,9,평택,13,"3,8,18,28,38,48,58,68,78,88,98,108,118"
252,09:52,1,1,서울역,13,"0,5,10,20,30,40,50,60,70,80,90,100,110"
252,09:52,10,10,인천공항,11,"9,29,39,49,59,69,79,89,99,109,119"
252,09:52,2,2,수서,13,"1,7,11,21,31,41,51,61,71,81,91,101,111"
252,09:52,3,3,삼성,13,"2,12,19,22,32,42,52,62,72,82,92,102,112"
252,09:52,4,4,여의도,12,"13,23,33,43,44,53,63,73,83,93,103,113"
252,09:52,5,5,김포공항,11,"4,14,24,34,54,64,74,84,94,104,114"
252,09:52,6,6,일산,11,"15,25,35,45,55,65,75,85,95,105,115"
252,09:52,7,7,판교,12,"6,16,26,36,46,56,66,76,86,96,106,116"
252,09:52,8,8,동탄/용인,11,"17,27,37,47,57,67,77,87,97,107,117"
252,09:52,9,9,평택,13,"3,8,18,28,38,48,58,68,78,88,98,108,118"
253,09:53,1,1,서울역,13,"0,5,10,20,30,40,50,60,70,80,90,100,110"
253,09:53,10,10,인천공항,11,"9,29,39,49,59,69,79,89,99,109,119"
253,09:53,2,2,수서,13,"1,7,11,21,31,41,51,61,71,81,91,101,111"
253,09:53,3,3,삼성,13,"2,12,19,22,32,42,52,62,72,82,92,102,112"
253,09:53,4,4,여의도,12,"13,23,33,43,44,53,63,73,83,93,103,113"
253,09:53,5,5,김포공항,11,"4,14,24,34,54,64,74,84,94,104,114"
253,09:53,6,6,일산,11,"15,25,35,45,55,65,75,85,95,105,115"
253,09:53,7,7,판교,12,"6,16,26,36,46,56,66,76,86,96,106,116"
253,09:53,8,8,동탄/용인,11,"17,27,37,47,57,67,77,87,97,107,117"
253,09:53,9,9,평택,13,"3,8,18,28,38,48,58,68,78,88,98,108,118"
254,09:54,1,1,서울역,13,"0,5,10,20,30,40,50,60,70,80,90,100,110"
254,09:54,10,10,인천공항,11,"9,29,39,49,59,69,79,89,99,109,119"
254,09:54,2,2,수서,13,"1,7,11,21,31,41,51,61,71,81,91,101,111"
254,09:54,3,3,삼성,13,"2,12,19,22,32,42,52,62,72,82,92,102,112"
254,09:54,4,4,여의도,12,"13,23,33,43,44,53,63,73,83,93,103,113"
254,09:54,5,5,김포공항,11,"4,14,24,34,54,64,74,84,94,104,114"
254,09:54,6,6,일산,11,"15,25,35,45,55,65,75,85,95,105,115"
254,09:54,7,7,판교,12,"6,16,26,36,46,56,66,76,86,96,106,116"
254,09:54,8,8,동탄/용인,11,"17,27,37,47,57,67,77,87,97,107,117"
254,09:54,9,9,평택,13,"3,8,18,28,38,48,58,68,78,88,98,108,118"
255,09:55,1,1,서울역,13,"0,5,10,20,30,40,50,60,70,80,90,100,110"
255,09:55,10,10,인천공항,11,"9,29,39,49,59,69,79,89,99,109,119"
255,09:55,2,2,수서,13,"1,7,11,21,31,41,51,61,71,81,91,101,111"
255,09:55,3,3,삼성,13,"2,12,19,22,32,42,52,62,72,82,92,102,112"
255,09:55,4,4,여의도,12,"13,23,33,43,44,53,63,73,83,93,103,113"
255,09:55,5,5,김포공항,11,"4,14,24,34,54,64,74,84,94,104,114"
255,09:55,6,6,일산,11,"15,25,35,45,55,65,75,85,95,105,115"
255,09:55,7,7,판교,12,"6,16,26,36,46,56,66,76,86,96,106,116"
255,09:55,8,8,동탄/용인,11,"17,27,37,47,57,67,77,87,97,107,117"
255,09:55,9,9,평택,13,"3,8,18,28,38,48,58,68,78,88,98,108,118"
256,09:56,1,1,서울역,13,"0,5,10,20,30,40,50,60,70,80,90,100,110"
256,09:56,10,10,인천공항,11,"9,29,39,49,59,69,79,89,99,109,119"
256,09:56,2,2,수서,13,"1,7,11,21,31,41,51,61,71,81,91,101,111"
256,09:56,3,3,삼성,13,"2,12,19,22,32,42,52,62,72,82,92,102,112"
256,09:56,4,4,여의도,12,"13,23,33,43,44,53,63,73,83,93,103,113"
256,09:56,5,5,김포공항,11,"4,14,24,34,54,64,74,84,94,104,114"
256,09:56,6,6,일산,11,"15,25,35,45,55,65,75,85,95,105,115"
256,09:56,7,7,판교,12,"6,16,26,36,46,56,66,76,86,96,106,116"
256,09:56,8,8,동탄/용인,11,"17,27,37,47,57,67,77,87,97,107,117"
256,09:56,9,9,평택,13,"3,8,18,28,38,48,58,68,78,88,98,108,118"
257,09:57,1,1,서울역,13,"0,5,10,20,30,40,50,60,70,80,90,100,110"
257,09:57,10,10,인천공항,11,"9,29,39,49,59,69,79,89,99,109,119"
257,09:57,2,2,수서,13,"1,7,11,21,31,41,51,61,71,81,91,101,111"
257,09:57,3,3,삼성,13,"2,12,19,22,32,42,52,62,72,82,92,102,112"
257,09:57,4,4,여의도,12,"13,23,33,43,44,53,63,73,83,93,103,113"
257,09:57,5,5,김포공항,11,"4,14,24,34,54,64,74,84,94,104,114"
257,09:57,6,6,일산,11,"15,25,35,45,55,65,75,85,95,105,115"
257,09:57,7,7,판교,12,"6,16,26,36,46,56,66,76,86,96,106,116"
257,09:57,8,8,동탄/용인,11,"17,27,37,47,57,67,77,87,97,107,117"
257,09:57,9,9,평택,13,"3,8,18,28,38,48,58,68,78,88,98,108,118"
258,09:58,1,1,서울역,13,"0,5,10,20,30,40,50,60,70,80,90,100,110"
258,09:58,10,10,인천공항,11,"9,29,39,49,59,69,79,89,99,109,119"
258,09:58,2,2,수서,13,"1,7,11,21,31,41,51,61,71,81,91,101,111"
258,09:58,3,3,삼성,13,"2,12,19,22,32,42,52,62,72,82,92,102,112"
258,09:58,4,4,여의도,12,"13,23,33,43,44,53,63,73,83,93,103,113"
258,09:58,5,5,김포공항,11,"4,14,24,34,54,64,74,84,94,104,114"
258,09:58,6,6,일산,11,"15,25,35,45,55,65,75,85,95,105,115"
258,09:58,7,7,판교,12,"6,16,26,36,46,56,66,76,86,96,106,116"
258,09:58,8,8,동탄/용인,11,"17,27,37,47,57,67,77,87,97,107,117"
258,09:58,9,9,평택,13,"3,8,18,28,38,48,58,68,78,88,98,108,118"
259,09:59,1,1,서울역,13,"0,5,10,20,30,40,50,60,70,80,90,100,110"
259,09:59,10,10,인천공항,11,"9,29,39,49,59,69,79,89,99,109,119"
259,09:59,2,2,수서,13,"1,7,11,21,31,41,51,61,71,81,91,101,111"
259,09:59,3,3,삼성,13,"2,12,19,22,32,42,52,62,72,82,92,102,112"
259,09:59,4,4,여의도,12,"13,23,33,43,44,53,63,73,83,93,103,113"
259,09:59,5,5,김포공항,11,"4,14,24,34,54,64,74,84,94,104,114"
259,09:59,6,6,일산,11,"15,25,35,45,55,65,75,85,95,105,115"
259,09:59,7,7,판교,12,"6,16,26,36,46,56,66,76,86,96,106,116"
259,09:59,8,8,동탄/용인,11,"17,27,37,47,57,67,77,87,97,107,117"
259,09:59,9,9,평택,13,"3,8,18,28,38,48,58,68,78,88,98,108,118"
260,10:00,1,1,서울역,13,"0,5,10,20,30,40,50,60,70,80,90,100,110"
260,10:00,10,10,인천공항,11,"9,29,39,49,59,69,79,89,99,109,119"
260,10:00,2,2,수서,13,"1,7,11,21,31,41,51,61,71,81,91,101,111"
260,10:00,3,3,삼성,13,"2,12,19,22,32,42,52,62,72,82,92,102,112"
260,10:00,4,4,여의도,12,"13,23,33,43,44,53,63,73,83,93,103,113"
260,10:00,5,5,김포공항,11,"4,14,24,34,54,64,74,84,94,104,114"
260,10:00,6,6,일산,11,"15,25,35,45,55,65,75,85,95,105,115"
260,10:00,7,7,판교,12,"6,16,26,36,46,56,66,76,86,96,106,116"
260,10:00,8,8,동탄/용인,11,"17,27,37,47,57,67,77,87,97,107,117"
260,10:00,9,9,평택,13,"3,8,18,28,38,48,58,68,78,88,98,108,118"
261,10:01,1,1,서울역,13,"0,5,10,20,30,40,50,60,70,80,90,100,110"
261,10:01,10,10,인천공항,11,"9,29,39,49,59,69,79,89,99,109,119"
261,10:01,2,2,수서,13,"1,7,11,21,31,41,51,61,71,81,91,101,111"
261,10:01,3,3,삼성,13,"2,12,19,22,32,42,52,62,72,82,92,102,112"
261,10:01,4,4,여의도,12,"13,23,33,43,44,53,63,73,83,93,103,113"
261,10:01,5,5,김포공항,11,"4,14,24,34,54,64,74,84,94,104,114"
261,10:01,6,6,일산,11,"15,25,35,45,55,65,75,85,95,105,115"
261,10:01,7,7,판교,12,"6,16,26,36,46,56,66,76,86,96,106,116"
261,10:01,8,8,동탄/용인,11,"17,27,37,47,57,67,77,87,97,107,117"
261,10:01,9,9,평택,13,"3,8,18,28,38,48,58,68,78,88,98,108,118"
262,10:02,1,1,서울역,13,"0,5,10,20,30,40,50,60,70,80,90,100,110"
262,10:02,10,10,인천공항,11,"9,29,39,49,59,69,79,89,99,109,119"
262,10:02,2,2,수서,13,"1,7,11,21,31,41,51,61,71,81,91,101,111"
262,10:02,3,3,삼성,13,"2,12,19,22,32,42,52,62,72,82,92,102,112"
262,10:02,4,4,여의도,12,"13,23,33,43,44,53,63,73,83,93,103,113"
262,10:02,5,5,김포공항,11,"4,14,24,34,54,64,74,84,94,104,114"
262,10:02,6,6,일산,11,"15,25,35,45,55,65,75,85,95,105,115"
262,10:02,7,7,판교,12,"6,16,26,36,46,56,66,76,86,96,106,116"
262,10:02,8,8,동탄/용인,11,"17,27,37,47,57,67,77,87,97,107,117"
262,10:02,9,9,평택,13,"3,8,18,28,38,48,58,68,78,88,98,108,118"
263,10:03,1,1,서울역,13,"0,5,10,20,30,40,50,60,70,80,90,100,110"
263,10:03,10,10,인천공항,11,"9,29,39,49,59,69,79,89,99,109,119"
263,10:03,2,2,수서,13,"1,7,11,21,31,41,51,61,71,81,91,101,111"
263,10:03,3,3,삼성,13,"2,12,19,22,32,42,52,62,72,82,92,102,112"
263,10:03,4,4,여의도,12,"13,23,33,43,44,53,63,73,83,93,103,113"
263,10:03,5,5,김포공항,11,"4,14,24,34,54,64,74,84,94,104,114"
263,10:03,6,6,일산,11,"15,25,35,45,55,65,75,85,95,105,115"
263,10:03,7,7,판교,12,"6,16,26,36,46,56,66,76,86,96,106,116"
263,10:03,8,8,동탄/용인,11,"17,27,37,47,57,67,77,87,97,107,117"
263,10:03,9,9,평택,13,"3,8,18,28,38,48,58,68,78,88,98,108,118"
264,10:04,1,1,서울역,13,"0,5,10,20,30,40,50,60,70,80,90,100,110"
264,10:04,10,10,인천공항,11,"9,29,39,49,59,69,79,89,99,109,119"
264,10:04,2,2,수서,13,"1,7,11,21,31,41,51,61,71,81,91,101,111"
264,10:04,3,3,삼성,13,"2,12,19,22,32,42,52,62,72,82,92,102,112"
264,10:04,4,4,여의도,12,"13,23,33,43,44,53,63,73,83,93,103,113"
264,10:04,5,5,김포공항,11,"4,14,24,34,54,64,74,84,94,104,114"
264,10:04,6,6,일산,11,"15,25,35,45,55,65,75,85,95,105,115"
264,10:04,7,7,판교,12,"6,16,26,36,46,56,66,76,86,96,106,116"
264,10:04,8,8,동탄/용인,11,"17,27,37,47,57,67,77,87,97,107,117"
264,10:04,9,9,평택,13,"3,8,18,28,38,48,58,68,78,88,98,108,118"
265,10:05,1,1,서울역,13,"0,5,10,20,30,40,50,60,70,80,90,100,110"
265,10:05,10,10,인천공항,11,"9,29,39,49,59,69,79,89,99,109,119"
265,10:05,2,2,수서,13,"1,7,11,21,31,41,51,61,71,81,91,101,111"
265,10:05,3,3,삼성,13,"2,12,19,22,32,42,52,62,72,82,92,102,112"
265,10:05,4,4,여의도,12,"13,23,33,43,44,53,63,73,83,93,103,113"
265,10:05,5,5,김포공항,11,"4,14,24,34,54,64,74,84,94,104,114"
265,10:05,6,6,일산,11,"15,25,35,45,55,65,75,85,95,105,115"
265,10:05,7,7,판교,12,"6,16,26,36,46,56,66,76,86,96,106,116"
265,10:05,8,8,동탄/용인,11,"17,27,37,47,57,67,77,87,97,107,117"
265,10:05,9,9,평택,13,"3,8,18,28,38,48,58,68,78,88,98,108,118"
266,10:06,1,1,서울역,13,"0,5,10,20,30,40,50,60,70,80,90,100,110"
266,10:06,10,10,인천공항,11,"9,29,39,49,59,69,79,89,99,109,119"
266,10:06,2,2,수서,13,"1,7,11,21,31,41,51,61,71,81,91,101,111"
266,10:06,3,3,삼성,13,"2,12,19,22,32,42,52,62,72,82,92,102,112"
266,10:06,4,4,여의도,12,"13,23,33,43,44,53,63,73,83,93,103,113"
266,10:06,5,5,김포공항,11,"4,14,24,34,54,64,74,84,94,104,114"
266,10:06,6,6,일산,11,"15,25,35,45,55,65,75,85,95,105,115"
266,10:06,7,7,판교,12,"6,16,26,36,46,56,66,76,86,96,106,116"
266,10:06,8,8,동탄/용인,11,"17,27,37,47,57,67,77,87,97,107,117"
266,10:06,9,9,평택,13,"3,8,18,28,38,48,58,68,78,88,98,108,118"
267,10:07,1,1,서울역,13,"0,5,10,20,30,40,50,60,70,80,90,100,110"
267,10:07,10,10,인천공항,11,"9,29,39,49,59,69,79,89,99,109,119"
267,10:07,2,2,수서,13,"1,7,11,21,31,41,51,61,71,81,91,101,111"
267,10:07,3,3,삼성,13,"2,12,19,22,32,42,52,62,72,82,92,102,112"
267,10:07,4,4,여의도,12,"13,23,33,43,44,53,63,73,83,93,103,113"
267,10:07,5,5,김포공항,11,"4,14,24,34,54,64,74,84,94,104,114"
267,10:07,6,6,일산,11,"15,25,35,45,55,65,75,85,95,105,115"
267,10:07,7,7,판교,12,"6,16,26,36,46,56,66,76,86,96,106,116"
267,10:07,8,8,동탄/용인,11,"17,27,37,47,57,67,77,87,97,107,117"
267,10:07,9,9,평택,13,"3,8,18,28,38,48,58,68,78,88,98,108,118"
268,10:08,1,1,서울역,13,"0,5,10,20,30,40,50,60,70,80,90,100,110"
268,10:08,10,10,인천공항,11,"9,29,39,49,59,69,79,89,99,109,119"
268,10:08,2,2,수서,13,"1,7,11,21,31,41,51,61,71,81,91,101,111"
268,10:08,3,3,삼성,13,"2,12,19,22,32,42,52,62,72,82,92,102,112"
268,10:08,4,4,여의도,12,"13,23,33,43,44,53,63,73,83,93,103,113"
268,10:08,5,5,김포공항,11,"4,14,24,34,54,64,74,84,94,104,114"
268,10:08,6,6,일산,11,"15,25,35,45,55,65,75,85,95,105,115"
268,10:08,7,7,판교,12,"6,16,26,36,46,56,66,76,86,96,106,116"
268,10:08,8,8,동탄/용인,11,"17,27,37,47,57,67,77,87,97,107,117"
268,10:08,9,9,평택,13,"3,8,18,28,38,48,58,68,78,88,98,108,118"
269,10:09,1,1,서울역,13,"0,5,10,20,30,40,50,60,70,80,90,100,110"
269,10:09,10,10,인천공항,11,"9,29,39,49,59,69,79,89,99,109,119"
269,10:09,2,2,수서,13,"1,7,11,21,31,41,51,61,71,81,91,101,111"
269,10:09,3,3,삼성,13,"2,12,19,22,32,42,52,62,72,82,92,102,112"
269,10:09,4,4,여의도,12,"13,23,33,43,44,53,63,73,83,93,103,113"
269,10:09,5,5,김포공항,11,"4,14,24,34,54,64,74,84,94,104,114"
269,10:09,6,6,일산,11,"15,25,35,45,55,65,75,85,95,105,115"
269,10:09,7,7,판교,12,"6,16,26,36,46,56,66,76,86,96,106,116"
269,10:09,8,8,동탄/용인,11,"17,27,37,47,57,67,77,87,97,107,117"
269,10:09,9,9,평택,13,"3,8,18,28,38,48,58,68,78,88,98,108,118"
270,10:10,1,1,서울역,13,"0,5,10,20,30,40,50,60,70,80,90,100,110"
270,10:10,10,10,인천공항,11,"9,29,39,49,59,69,79,89,99,109,119"
270,10:10,2,2,수서,13,"1,7,11,21,31,41,51,61,71,81,91,101,111"
270,10:10,3,3,삼성,13,"2,12,19,22,32,42,52,62,72,82,92,102,112"
270,10:10,4,4,여의도,12,"13,23,33,43,44,53,63,73,83,93,103,113"
270,10:10,5,5,김포공항,11,"4,14,24,34,54,64,74,84,94,104,114"
270,10:10,6,6,일산,11,"15,25,35,45,55,65,75,85,95,105,115"
270,10:10,7,7,판교,12,"6,16,26,36,46,56,66,76,86,96,106,116"
270,10:10,8,8,동탄/용인,11,"17,27,37,47,57,67,77,87,97,107,117"
270,10:10,9,9,평택,13,"3,8,18,28,38,48,58,68,78,88,98,108,118"
271,10:11,1,1,서울역,13,"0,5,10,20,30,40,50,60,70,80,90,100,110"
271,10:11,10,10,인천공항,11,"9,29,39,49,59,69,79,89,99,109,119"
271,10:11,2,2,수서,13,"1,7,11,21,31,41,51,61,71,81,91,101,111"
271,10:11,3,3,삼성,13,"2,12,19,22,32,42,52,62,72,82,92,102,112"
271,10:11,4,4,여의도,12,"13,23,33,43,44,53,63,73,83,93,103,113"
271,10:11,5,5,김포공항,11,"4,14,24,34,54,64,74,84,94,104,114"
271,10:11,6,6,일산,11,"15,25,35,45,55,65,75,85,95,105,115"
271,10:11,7,7,판교,12,"6,16,26,36,46,56,66,76,86,96,106,116"
271,10:11,8,8,동탄/용인,11,"17,27,37,47,57,67,77,87,97,107,117"
271,10:11,9,9,평택,13,"3,8,18,28,38,48,58,68,78,88,98,108,118"
272,10:12,1,1,서울역,13,"0,5,10,20,30,40,50,60,70,80,90,100,110"
272,10:12,10,10,인천공항,11,"9,29,39,49,59,69,79,89,99,109,119"
272,10:12,2,2,수서,13,"1,7,11,21,31,41,51,61,71,81,91,101,111"
272,10:12,3,3,삼성,13,"2,12,19,22,32,42,52,62,72,82,92,102,112"
272,10:12,4,4,여의도,12,"13,23,33,43,44,53,63,73,83,93,103,113"
272,10:12,5,5,김포공항,11,"4,14,24,34,54,64,74,84,94,104,114"
272,10:12,6,6,일산,11,"15,25,35,45,55,65,75,85,95,105,115"
272,10:12,7,7,판교,12,"6,16,26,36,46,56,66,76,86,96,106,116"
272,10:12,8,8,동탄/용인,11,"17,27,37,47,57,67,77,87,97,107,117"
272,10:12,9,9,평택,13,"3,8,18,28,38,48,58,68,78,88,98,108,118"
273,10:13,1,1,서울역,13,"0,5,10,20,30,40,50,60,70,80,90,100,110"
273,10:13,10,10,인천공항,11,"9,29,39,49,59,69,79,89,99,109,119"
273,10:13,2,2,수서,13,"1,7,11,21,31,41,51,61,71,81,91,101,111"
273,10:13,3,3,삼성,13,"2,12,19,22,32,42,52,62,72,82,92,102,112"
273,10:13,4,4,여의도,12,"13,23,33,43,44,53,63,73,83,93,103,113"
273,10:13,5,5,김포공항,11,"4,14,24,34,54,64,74,84,94,104,114"
273,10:13,6,6,일산,11,"15,25,35,45,55,65,75,85,95,105,115"
273,10:13,7,7,판교,12,"6,16,26,36,46,56,66,76,86,96,106,116"
273,10:13,8,8,동탄/용인,11,"17,27,37,47,57,67,77,87,97,107,117"
273,10:13,9,9,평택,13,"3,8,18,28,38,48,58,68,78,88,98,108,118"
274,10:14,1,1,서울역,13,"0,5,10,20,30,40,50,60,70,80,90,100,110"
274,10:14,10,10,인천공항,11,"9,29,39,49,59,69,79,89,99,109,119"
274,10:14,2,2,수서,13,"1,7,11,21,31,41,51,61,71,81,91,101,111"
274,10:14,3,3,삼성,13,"2,12,19,22,32,42,52,62,72,82,92,102,112"
274,10:14,4,4,여의도,12,"13,23,33,43,44,53,63,73,83,93,103,113"
274,10:14,5,5,김포공항,11,"4,14,24,34,54,64,74,84,94,104,114"
274,10:14,6,6,일산,11,"15,25,35,45,55,65,75,85,95,105,115"
274,10:14,7,7,판교,12,"6,16,26,36,46,56,66,76,86,96,106,116"
274,10:14,8,8,동탄/용인,11,"17,27,37,47,57,67,77,87,97,107,117"
274,10:14,9,9,평택,13,"3,8,18,28,38,48,58,68,78,88,98,108,118"
275,10:15,1,1,서울역,13,"0,5,10,20,30,40,50,60,70,80,90,100,110"
275,10:15,10,10,인천공항,11,"9,29,39,49,59,69,79,89,99,109,119"
275,10:15,2,2,수서,13,"1,7,11,21,31,41,51,61,71,81,91,101,111"
275,10:15,3,3,삼성,13,"2,12,19,22,32,42,52,62,72,82,92,102,112"
275,10:15,4,4,여의도,12,"13,23,33,43,44,53,63,73,83,93,103,113"
275,10:15,5,5,김포공항,11,"4,14,24,34,54,64,74,84,94,104,114"
275,10:15,6,6,일산,11,"15,25,35,45,55,65,75,85,95,105,115"
275,10:15,7,7,판교,12,"6,16,26,36,46,56,66,76,86,96,106,116"
275,10:15,8,8,동탄/용인,11,"17,27,37,47,57,67,77,87,97,107,117"
275,10:15,9,9,평택,13,"3,8,18,28,38,48,58,68,78,88,98,108,118"
276,10:16,1,1,서울역,13,"0,5,10,20,30,40,50,60,70,80,90,100,110"
276,10:16,10,10,인천공항,11,"9,29,39,49,59,69,79,89,99,109,119"
276,10:16,2,2,수서,13,"1,7,11,21,31,41,51,61,71,81,91,101,111"
276,10:16,3,3,삼성,13,"2,12,19,22,32,42,52,62,72,82,92,102,112"
276,10:16,4,4,여의도,12,"13,23,33,43,44,53,63,73,83,93,103,113"
276,10:16,5,5,김포공항,11,"4,14,24,34,54,64,74,84,94,104,114"
276,10:16,6,6,일산,11,"15,25,35,45,55,65,75,85,95,105,115"
276,10:16,7,7,판교,12,"6,16,26,36,46,56,66,76,86,96,106,116"
276,10:16,8,8,동탄/용인,11,"17,27,37,47,57,67,77,87,97,107,117"
276,10:16,9,9,평택,13,"3,8,18,28,38,48,58,68,78,88,98,108,118"
277,10:17,1,1,서울역,13,"0,5,10,20,30,40,50,60,70,80,90,100,110"
277,10:17,10,10,인천공항,11,"9,29,39,49,59,69,79,89,99,109,119"
277,10:17,2,2,수서,13,"1,7,11,21,31,41,51,61,71,81,91,101,111"
277,10:17,3,3,삼성,13,"2,12,19,22,32,42,52,62,72,82,92,102,112"
277,10:17,4,4,여의도,12,"13,23,33,43,44,53,63,73,83,93,103,113"
277,10:17,5,5,김포공항,11,"4,14,24,34,54,64,74,84,94,104,114"
277,10:17,6,6,일산,11,"15,25,35,45,55,65,75,85,95,105,115"
277,10:17,7,7,판교,12,"6,16,26,36,46,56,66,76,86,96,106,116"
277,10:17,8,8,동탄/용인,11,"17,27,37,47,57,67,77,87,97,107,117"
277,10:17,9,9,평택,13,"3,8,18,28,38,48,58,68,78,88,98,108,118"
278,10:18,1,1,서울역,13,"0,5,10,20,30,40,50,60,70,80,90,100,110"
278,10:18,10,10,인천공항,11,"9,29,39,49,59,69,79,89,99,109,119"
278,10:18,2,2,수서,13,"1,7,11,21,31,41,51,61,71,81,91,101,111"
278,10:18,3,3,삼성,13,"2,12,19,22,32,42,52,62,72,82,92,102,112"
278,10:18,4,4,여의도,12,"13,23,33,43,44,53,63,73,83,93,103,113"
278,10:18,5,5,김포공항,11,"4,14,24,34,54,64,74,84,94,104,114"
278,10:18,6,6,일산,11,"15,25,35,45,55,65,75,85,95,105,115"
278,10:18,7,7,판교,12,"6,16,26,36,46,56,66,76,86,96,106,116"
278,10:18,8,8,동탄/용인,11,"17,27,37,47,57,67,77,87,97,107,117"
278,10:18,9,9,평택,13,"3,8,18,28,38,48,58,68,78,88,98,108,118"
279,10:19,1,1,서울역,13,"0,5,10,20,30,40,50,60,70,80,90,100,110"
279,10:19,10,10,인천공항,11,"9,29,39,49,59,69,79,89,99,109,119"
279,10:19,2,2,수서,13,"1,7,11,21,31,41,51,61,71,81,91,101,111"
279,10:19,3,3,삼성,13,"2,12,19,22,32,42,52,62,72,82,92,102,112"
279,10:19,4,4,여의도,12,"13,23,33,43,44,53,63,73,83,93,103,113"
279,10:19,5,5,김포공항,11,"4,14,24,34,54,64,74,84,94,104,114"
279,10:19,6,6,일산,11,"15,25,35,45,55,65,75,85,95,105,115"
279,10:19,7,7,판교,12,"6,16,26,36,46,56,66,76,86,96,106,116"
279,10:19,8,8,동탄/용인,11,"17,27,37,47,57,67,77,87,97,107,117"
279,10:19,9,9,평택,13,"3,8,18,28,38,48,58,68,78,88,98,108,118"
280,10:20,1,1,서울역,13,"0,5,10,20,30,40,50,60,70,80,90,100,110"
280,10:20,10,10,인천공항,11,"9,29,39,49,59,69,79,89,99,109,119"
280,10:20,2,2,수서,13,"1,7,11,21,31,41,51,61,71,81,91,101,111"
280,10:20,3,3,삼성,13,"2,12,19,22,32,42,52,62,72,82,92,102,112"
280,10:20,4,4,여의도,12,"13,23,33,43,44,53,63,73,83,93,103,113"
280,10:20,5,5,김포공항,11,"4,14,24,34,54,64,74,84,94,104,114"
280,10:20,6,6,일산,11,"15,25,35,45,55,65,75,85,95,105,115"
280,10:20,7,7,판교,12,"6,16,26,36,46,56,66,76,86,96,106,116"
280,10:20,8,8,동탄/용인,11,"17,27,37,47,57,67,77,87,97,107,117"
280,10:20,9,9,평택,13,"3,8,18,28,38,48,58,68,78,88,98,108,118"
281,10:21,1,1,서울역,13,"0,5,10,20,30,40,50,60,70,80,90,100,110"
281,10:21,10,10,인천공항,11,"9,29,39,49,59,69,79,89,99,109,119"
281,10:21,2,2,수서,13,"1,7,11,21,31,41,51,61,71,81,91,101,111"
281,10:21,3,3,삼성,13,"2,12,19,22,32,42,52,62,72,82,92,102,112"
281,10:21,4,4,여의도,12,"13,23,33,43,44,53,63,73,83,93,103,113"
281,10:21,5,5,김포공항,11,"4,14,24,34,54,64,74,84,94,104,114"
281,10:21,6,6,일산,11,"15,25,35,45,55,65,75,85,95,105,115"
281,10:21,7,7,판교,12,"6,16,26,36,46,56,66,76,86,96,106,116"
281,10:21,8,8,동탄/용인,11,"17,27,37,47,57,67,77,87,97,107,117"
281,10:21,9,9,평택,13,"3,8,18,28,38,48,58,68,78,88,98,108,118"
282,10:22,1,1,서울역,13,"0,5,10,20,30,40,50,60,70,80,90,100,110"
282,10:22,10,10,인천공항,11,"9,29,39,49,59,69,79,89,99,109,119"
282,10:22,2,2,수서,13,"1,7,11,21,31,41,51,61,71,81,91,101,111"
282,10:22,3,3,삼성,13,"2,12,19,22,32,42,52,62,72,82,92,102,112"
282,10:22,4,4,여의도,12,"13,23,33,43,44,53,63,73,83,93,103,113"
282,10:22,5,5,김포공항,11,"4,14,24,34,54,64,74,84,94,104,114"
282,10:22,6,6,일산,11,"15,25,35,45,55,65,75,85,95,105,115"
282,10:22,7,7,판교,12,"6,16,26,36,46,56,66,76,86,96,106,116"
282,10:22,8,8,동탄/용인,11,"17,27,37,47,57,67,77,87,97,107,117"
282,10:22,9,9,평택,13,"3,8,18,28,38,48,58,68,78,88,98,108,118"
283,10:23,1,1,서울역,13,"0,5,10,20,30,40,50,60,70,80,90,100,110"
283,10:23,10,10,인천공항,11,"9,29,39,49,59,69,79,89,99,109,119"
283,10:23,2,2,수서,13,"1,7,11,21,31,41,51,61,71,81,91,101,111"
283,10:23,3,3,삼성,13,"2,12,19,22,32,42,52,62,72,82,92,102,112"
283,10:23,4,4,여의도,12,"13,23,33,43,44,53,63,73,83,93,103,113"
283,10:23,5,5,김포공항,11,"4,14,24,34,54,64,74,84,94,104,114"
283,10:23,6,6,일산,11,"15,25,35,45,55,65,75,85,95,105,115"
283,10:23,7,7,판교,12,"6,16,26,36,46,56,66,76,86,96,106,116"
283,10:23,8,8,동탄/용인,11,"17,27,37,47,57,67,77,87,97,107,117"
283,10:23,9,9,평택,13,"3,8,18,28,38,48,58,68,78,88,98,108,118"
284,10:24,1,1,서울역,13,"0,5,10,20,30,40,50,60,70,80,90,100,110"
284,10:24,10,10,인천공항,11,"9,29,39,49,59,69,79,89,99,109,119"
284,10:24,2,2,수서,13,"1,7,11,21,31,41,51,61,71,81,91,101,111"
284,10:24,3,3,삼성,13,"2,12,19,22,32,42,52,62,72,82,92,102,112"
284,10:24,4,4,여의도,12,"13,23,33,43,44,53,63,73,83,93,103,113"
284,10:24,5,5,김포공항,11,"4,14,24,34,54,64,74,84,94,104,114"
284,10:24,6,6,일산,11,"15,25,35,45,55,65,75,85,95,105,115"
284,10:24,7,7,판교,12,"6,16,26,36,46,56,66,76,86,96,106,116"
284,10:24,8,8,동탄/용인,11,"17,27,37,47,57,67,77,87,97,107,117"
284,10:24,9,9,평택,13,"3,8,18,28,38,48,58,68,78,88,98,108,118"
285,10:25,1,1,서울역,13,"0,5,10,20,30,40,50,60,70,80,90,100,110"
285,10:25,10,10,인천공항,11,"9,29,39,49,59,69,79,89,99,109,119"
285,10:25,2,2,수서,13,"1,7,11,21,31,41,51,61,71,81,91,101,111"
285,10:25,3,3,삼성,13,"2,12,19,22,32,42,52,62,72,82,92,102,112"
285,10:25,4,4,여의도,12,"13,23,33,43,44,53,63,73,83,93,103,113"
285,10:25,5,5,김포공항,11,"4,14,24,34,54,64,74,84,94,104,114"
285,10:25,6,6,일산,11,"15,25,35,45,55,65,75,85,95,105,115"
285,10:25,7,7,판교,12,"6,16,26,36,46,56,66,76,86,96,106,116"
285,10:25,8,8,동탄/용인,11,"17,27,37,47,57,67,77,87,97,107,117"
285,10:25,9,9,평택,13,"3,8,18,28,38,48,58,68,78,88,98,108,118"
286,10:26,1,1,서울역,13,"0,5,10,20,30,40,50,60,70,80,90,100,110"
286,10:26,10,10,인천공항,11,"9,29,39,49,59,69,79,89,99,109,119"
286,10:26,2,2,수서,13,"1,7,11,21,31,41,51,61,71,81,91,101,111"
286,10:26,3,3,삼성,13,"2,12,19,22,32,42,52,62,72,82,92,102,112"
286,10:26,4,4,여의도,12,"13,23,33,43,44,53,63,73,83,93,103,113"
286,10:26,5,5,김포공항,11,"4,14,24,34,54,64,74,84,94,104,114"
286,10:26,6,6,일산,11,"15,25,35,45,55,65,75,85,95,105,115"
286,10:26,7,7,판교,12,"6,16,26,36,46,56,66,76,86,96,106,116"
286,10:26,8,8,동탄/용인,11,"17,27,37,47,57,67,77,87,97,107,117"
286,10:26,9,9,평택,13,"3,8,18,28,38,48,58,68,78,88,98,108,118"
287,10:27,1,1,서울역,13,"0,5,10,20,30,40,50,60,70,80,90,100,110"
287,10:27,10,10,인천공항,11,"9,29,39,49,59,69,79,89,99,109,119"
287,10:27,2,2,수서,13,"1,7,11,21,31,41,51,61,71,81,91,101,111"
287,10:27,3,3,삼성,13,"2,12,19,22,32,42,52,62,72,82,92,102,112"
287,10:27,4,4,여의도,12,"13,23,33,43,44,53,63,73,83,93,103,113"
287,10:27,5,5,김포공항,11,"4,14,24,34,54,64,74,84,94,104,114"
287,10:27,6,6,일산,11,"15,25,35,45,55,65,75,85,95,105,115"
287,10:27,7,7,판교,12,"6,16,26,36,46,56,66,76,86,96,106,116"
287,10:27,8,8,동탄/용인,11,"17,27,37,47,57,67,77,87,97,107,117"
287,10:27,9,9,평택,13,"3,8,18,28,38,48,58,68,78,88,98,108,118"
288,10:28,1,1,서울역,13,"0,5,10,20,30,40,50,60,70,80,90,100,110"
288,10:28,10,10,인천공항,11,"9,29,39,49,59,69,79,89,99,109,119"
288,10:28,2,2,수서,13,"1,7,11,21,31,41,51,61,71,81,91,101,111"
288,10:28,3,3,삼성,13,"2,12,19,22,32,42,52,62,72,82,92,102,112"
288,10:28,4,4,여의도,12,"13,23,33,43,44,53,63,73,83,93,103,113"
288,10:28,5,5,김포공항,11,"4,14,24,34,54,64,74,84,94,104,114"
288,10:28,6,6,일산,11,"15,25,35,45,55,65,75,85,95,105,115"
288,10:28,7,7,판교,12,"6,16,26,36,46,56,66,76,86,96,106,116"
288,10:28,8,8,동탄/용인,11,"17,27,37,47,57,67,77,87,97,107,117"
288,10:28,9,9,평택,13,"3,8,18,28,38,48,58,68,78,88,98,108,118"
289,10:29,1,1,서울역,13,"0,5,10,20,30,40,50,60,70,80,90,100,110"
289,10:29,10,10,인천공항,11,"9,29,39,49,59,69,79,89,99,109,119"
289,10:29,2,2,수서,13,"1,7,11,21,31,41,51,61,71,81,91,101,111"
289,10:29,3,3,삼성,13,"2,12,19,22,32,42,52,62,72,82,92,102,112"
289,10:29,4,4,여의도,12,"13,23,33,43,44,53,63,73,83,93,103,113"
289,10:29,5,5,김포공항,11,"4,14,24,34,54,64,74,84,94,104,114"
289,10:29,6,6,일산,11,"15,25,35,45,55,65,75,85,95,105,115"
289,10:29,7,7,판교,12,"6,16,26,36,46,56,66,76,86,96,106,116"
289,10:29,8,8,동탄/용인,11,"17,27,37,47,57,67,77,87,97,107,117"
289,10:29,9,9,평택,13,"3,8,18,28,38,48,58,68,78,88,98,108,118"
290,10:30,1,1,서울역,13,"0,5,10,20,30,40,50,60,70,80,90,100,110"
290,10:30,10,10,인천공항,11,"9,29,39,49,59,69,79,89,99,109,119"
290,10:30,2,2,수서,13,"1,7,11,21,31,41,51,61,71,81,91,101,111"
290,10:30,3,3,삼성,13,"2,12,19,22,32,42,52,62,72,82,92,102,112"
290,10:30,4,4,여의도,12,"13,23,33,43,44,53,63,73,83,93,103,113"
290,10:30,5,5,김포공항,11,"4,14,24,34,54,64,74,84,94,104,114"
290,10:30,6,6,일산,11,"15,25,35,45,55,65,75,85,95,105,115"
290,10:30,7,7,판교,12,"6,16,26,36,46,56,66,76,86,96,106,116"
290,10:30,8,8,동탄/용인,11,"17,27,37,47,57,67,77,87,97,107,117"
290,10:30,9,9,평택,13,"3,8,18,28,38,48,58,68,78,88,98,108,118"
291,10:31,1,1,서울역,13,"0,5,10,20,30,40,50,60,70,80,90,100,110"
291,10:31,10,10,인천공항,11,"9,29,39,49,59,69,79,89,99,109,119"
291,10:31,2,2,수서,13,"1,7,11,21,31,41,51,61,71,81,91,101,111"
291,10:31,3,3,삼성,13,"2,12,19,22,32,42,52,62,72,82,92,102,112"
291,10:31,4,4,여의도,12,"13,23,33,43,44,53,63,73,83,93,103,113"
291,10:31,5,5,김포공항,11,"4,14,24,34,54,64,74,84,94,104,114"
291,10:31,6,6,일산,11,"15,25,35,45,55,65,75,85,95,105,115"
291,10:31,7,7,판교,12,"6,16,26,36,46,56,66,76,86,96,106,116"
291,10:31,8,8,동탄/용인,11,"17,27,37,47,57,67,77,87,97,107,117"
291,10:31,9,9,평택,13,"3,8,18,28,38,48,58,68,78,88,98,108,118"
292,10:32,1,1,서울역,13,"0,5,10,20,30,40,50,60,70,80,90,100,110"
292,10:32,10,10,인천공항,11,"9,29,39,49,59,69,79,89,99,109,119"
292,10:32,2,2,수서,13,"1,7,11,21,31,41,51,61,71,81,91,101,111"
292,10:32,3,3,삼성,13,"2,12,19,22,32,42,52,62,72,82,92,102,112"
292,10:32,4,4,여의도,12,"13,23,33,43,44,53,63,73,83,93,103,113"
292,10:32,5,5,김포공항,11,"4,14,24,34,54,64,74,84,94,104,114"
292,10:32,6,6,일산,11,"15,25,35,45,55,65,75,85,95,105,115"
292,10:32,7,7,판교,12,"6,16,26,36,46,56,66,76,86,96,106,116"
292,10:32,8,8,동탄/용인,11,"17,27,37,47,57,67,77,87,97,107,117"
292,10:32,9,9,평택,13,"3,8,18,28,38,48,58,68,78,88,98,108,118"
293,10:33,1,1,서울역,13,"0,5,10,20,30,40,50,60,70,80,90,100,110"
293,10:33,10,10,인천공항,11,"9,29,39,49,59,69,79,89,99,109,119"
293,10:33,2,2,수서,13,"1,7,11,21,31,41,51,61,71,81,91,101,111"
293,10:33,3,3,삼성,13,"2,12,19,22,32,42,52,62,72,82,92,102,112"
293,10:33,4,4,여의도,12,"13,23,33,43,44,53,63,73,83,93,103,113"
293,10:33,5,5,김포공항,11,"4,14,24,34,54,64,74,84,94,104,114"
293,10:33,6,6,일산,11,"15,25,35,45,55,65,75,85,95,105,115"
293,10:33,7,7,판교,12,"6,16,26,36,46,56,66,76,86,96,106,116"
293,10:33,8,8,동탄/용인,11,"17,27,37,47,57,67,77,87,97,107,117"
293,10:33,9,9,평택,13,"3,8,18,28,38,48,58,68,78,88,98,108,118"
294,10:34,1,1,서울역,13,"0,5,10,20,30,40,50,60,70,80,90,100,110"
294,10:34,10,10,인천공항,11,"9,29,39,49,59,69,79,89,99,109,119"
294,10:34,2,2,수서,13,"1,7,11,21,31,41,51,61,71,81,91,101,111"
294,10:34,3,3,삼성,13,"2,12,19,22,32,42,52,62,72,82,92,102,112"
294,10:34,4,4,여의도,12,"13,23,33,43,44,53,63,73,83,93,103,113"
294,10:34,5,5,김포공항,11,"4,14,24,34,54,64,74,84,94,104,114"
294,10:34,6,6,일산,11,"15,25,35,45,55,65,75,85,95,105,115"
294,10:34,7,7,판교,12,"6,16,26,36,46,56,66,76,86,96,106,116"
294,10:34,8,8,동탄/용인,11,"17,27,37,47,57,67,77,87,97,107,117"
294,10:34,9,9,평택,13,"3,8,18,28,38,48,58,68,78,88,98,108,118"
295,10:35,1,1,서울역,13,"0,5,10,20,30,40,50,60,70,80,90,100,110"
295,10:35,10,10,인천공항,11,"9,29,39,49,59,69,79,89,99,109,119"
295,10:35,2,2,수서,13,"1,7,11,21,31,41,51,61,71,81,91,101,111"
295,10:35,3,3,삼성,13,"2,12,19,22,32,42,52,62,72,82,92,102,112"
295,10:35,4,4,여의도,12,"13,23,33,43,44,53,63,73,83,93,103,113"
295,10:35,5,5,김포공항,11,"4,14,24,34,54,64,74,84,94,104,114"
295,10:35,6,6,일산,11,"15,25,35,45,55,65,75,85,95,105,115"
295,10:35,7,7,판교,12,"6,16,26,36,46,56,66,76,86,96,106,116"
295,10:35,8,8,동탄/용인,11,"17,27,37,47,57,67,77,87,97,107,117"
295,10:35,9,9,평택,13,"3,8,18,28,38,48,58,68,78,88,98,108,118"
296,10:36,1,1,서울역,13,"0,5,10,20,30,40,50,60,70,80,90,100,110"
296,10:36,10,10,인천공항,11,"9,29,39,49,59,69,79,89,99,109,119"
296,10:36,2,2,수서,13,"1,7,11,21,31,41,51,61,71,81,91,101,111"
296,10:36,3,3,삼성,13,"2,12,19,22,32,42,52,62,72,82,92,102,112"
296,10:36,4,4,여의도,12,"13,23,33,43,44,53,63,73,83,93,103,113"
296,10:36,5,5,김포공항,11,"4,14,24,34,54,64,74,84,94,104,114"
296,10:36,6,6,일산,11,"15,25,35,45,55,65,75,85,95,105,115"
296,10:36,7,7,판교,12,"6,16,26,36,46,56,66,76,86,96,106,116"
296,10:36,8,8,동탄/용인,11,"17,27,37,47,57,67,77,87,97,107,117"
296,10:36,9,9,평택,13,"3,8,18,28,38,48,58,68,78,88,98,108,118"
297,10:37,1,1,서울역,13,"0,5,10,20,30,40,50,60,70,80,90,100,110"
297,10:37,10,10,인천공항,11,"9,29,39,49,59,69,79,89,99,109,119"
297,10:37,2,2,수서,13,"1,7,11,21,31,41,51,61,71,81,91,101,111"
297,10:37,3,3,삼성,13,"2,12,19,22,32,42,52,62,72,82,92,102,112"
297,10:37,4,4,여의도,12,"13,23,33,43,44,53,63,73,83,93,103,113"
297,10:37,5,5,김포공항,11,"4,14,24,34,54,64,74,84,94,104,114"
297,10:37,6,6,일산,11,"15,25,35,45,55,65,75,85,95,105,115"
297,10:37,7,7,판교,12,"6,16,26,36,46,56,66,76,86,96,106,116"
297,10:37,8,8,동탄/용인,11,"17,27,37,47,57,67,77,87,97,107,117"
297,10:37,9,9,평택,13,"3,8,18,28,38,48,58,68,78,88,98,108,118"
298,10:38,1,1,서울역,13,"0,5,10,20,30,40,50,60,70,80,90,100,110"
298,10:38,10,10,인천공항,11,"9,29,39,49,59,69,79,89,99,109,119"
298,10:38,2,2,수서,13,"1,7,11,21,31,41,51,61,71,81,91,101,111"
298,10:38,3,3,삼성,13,"2,12,19,22,32,42,52,62,72,82,92,102,112"
298,10:38,4,4,여의도,12,"13,23,33,43,44,53,63,73,83,93,103,113"
298,10:38,5,5,김포공항,11,"4,14,24,34,54,64,74,84,94,104,114"
298,10:38,6,6,일산,11,"15,25,35,45,55,65,75,85,95,105,115"
298,10:38,7,7,판교,12,"6,16,26,36,46,56,66,76,86,96,106,116"
298,10:38,8,8,동탄/용인,11,"17,27,37,47,57,67,77,87,97,107,117"
298,10:38,9,9,평택,13,"3,8,18,28,38,48,58,68,78,88,98,108,118"
299,10:39,1,1,서울역,13,"0,5,10,20,30,40,50,60,70,80,90,100,110"
299,10:39,10,10,인천공항,11,"9,29,39,49,59,69,79,89,99,109,119"
299,10:39,2,2,수서,13,"1,7,11,21,31,41,51,61,71,81,91,101,111"
299,10:39,3,3,삼성,13,"2,12,19,22,32,42,52,62,72,82,92,102,112"
299,10:39,4,4,여의도,12,"13,23,33,43,44,53,63,73,83,93,103,113"
299,10:39,5,5,김포공항,11,"4,14,24,34,54,64,74,84,94,104,114"
299,10:39,6,6,일산,11,"15,25,35,45,55,65,75,85,95,105,115"
299,10:39,7,7,판교,12,"6,16,26,36,46,56,66,76,86,96,106,116"
299,10:39,8,8,동탄/용인,11,"17,27,37,47,57,67,77,87,97,107,117"
299,10:39,9,9,평택,13,"3,8,18,28,38,48,58,68,78,88,98,108,118"
300,10:40,1,1,서울역,13,"0,5,10,20,30,40,50,60,70,80,90,100,110"
300,10:40,10,10,인천공항,11,"9,29,39,49,59,69,79,89,99,109,119"
300,10:40,2,2,수서,13,"1,7,11,21,31,41,51,61,71,81,91,101,111"
300,10:40,3,3,삼성,13,"2,12,19,22,32,42,52,62,72,82,92,102,112"
300,10:40,4,4,여의도,12,"13,23,33,43,44,53,63,73,83,93,103,113"
300,10:40,5,5,김포공항,11,"4,14,24,34,54,64,74,84,94,104,114"
300,10:40,6,6,일산,11,"15,25,35,45,55,65,75,85,95,105,115"
300,10:40,7,7,판교,12,"6,16,26,36,46,56,66,76,86,96,106,116"
300,10:40,8,8,동탄/용인,11,"17,27,37,47,57,67,77,87,97,107,117"
300,10:40,9,9,평택,13,"3,8,18,28,38,48,58,68,78,88,98,108,118"
301,10:41,1,1,서울역,13,"0,5,10,20,30,40,50,60,70,80,90,100,110"
301,10:41,10,10,인천공항,11,"9,29,39,49,59,69,79,89,99,109,119"
301,10:41,2,2,수서,13,"1,7,11,21,31,41,51,61,71,81,91,101,111"
301,10:41,3,3,삼성,13,"2,12,19,22,32,42,52,62,72,82,92,102,112"
301,10:41,4,4,여의도,12,"13,23,33,43,44,53,63,73,83,93,103,113"
301,10:41,5,5,김포공항,11,"4,14,24,34,54,64,74,84,94,104,114"
301,10:41,6,6,일산,11,"15,25,35,45,55,65,75,85,95,105,115"
301,10:41,7,7,판교,12,"6,16,26,36,46,56,66,76,86,96,106,116"
301,10:41,8,8,동탄/용인,11,"17,27,37,47,57,67,77,87,97,107,117"
301,10:41,9,9,평택,13,"3,8,18,28,38,48,58,68,78,88,98,108,118"
302,10:42,1,1,서울역,13,"0,5,10,20,30,40,50,60,70,80,90,100,110"
302,10:42,10,10,인천공항,11,"9,29,39,49,59,69,79,89,99,109,119"
302,10:42,2,2,수서,13,"1,7,11,21,31,41,51,61,71,81,91,101,111"
302,10:42,3,3,삼성,13,"2,12,19,22,32,42,52,62,72,82,92,102,112"
302,10:42,4,4,여의도,12,"13,23,33,43,44,53,63,73,83,93,103,113"
302,10:42,5,5,김포공항,11,"4,14,24,34,54,64,74,84,94,104,114"
302,10:42,6,6,일산,11,"15,25,35,45,55,65,75,85,95,105,115"
302,10:42,7,7,판교,12,"6,16,26,36,46,56,66,76,86,96,106,116"
302,10:42,8,8,동탄/용인,11,"17,27,37,47,57,67,77,87,97,107,117"
302,10:42,9,9,평택,13,"3,8,18,28,38,48,58,68,78,88,98,108,118"
303,10:43,1,1,서울역,13,"0,5,10,20,30,40,50,60,70,80,90,100,110"
303,10:43,10,10,인천공항,11,"9,29,39,49,59,69,79,89,99,109,119"
303,10:43,2,2,수서,13,"1,7,11,21,31,41,51,61,71,81,91,101,111"
303,10:43,3,3,삼성,13,"2,12,19,22,32,42,52,62,72,82,92,102,112"
303,10:43,4,4,여의도,12,"13,23,33,43,44,53,63,73,83,93,103,113"
303,10:43,5,5,김포공항,11,"4,14,24,34,54,64,74,84,94,104,114"
303,10:43,6,6,일산,11,"15,25,35,45,55,65,75,85,95,105,115"
303,10:43,7,7,판교,12,"6,16,26,36,46,56,66,76,86,96,106,116"
303,10:43,8,8,동탄/용인,11,"17,27,37,47,57,67,77,87,97,107,117"
303,10:43,9,9,평택,13,"3,8,18,28,38,48,58,68,78,88,98,108,118"
304,10:44,1,1,서울역,13,"0,5,10,20,30,40,50,60,70,80,90,100,110"
304,10:44,10,10,인천공항,11,"9,29,39,49,59,69,79,89,99,109,119"
304,10:44,2,2,수서,13,"1,7,11,21,31,41,51,61,71,81,91,101,111"
304,10:44,3,3,삼성,13,"2,12,19,22,32,42,52,62,72,82,92,102,112"
304,10:44,4,4,여의도,12,"13,23,33,43,44,53,63,73,83,93,103,113"
304,10:44,5,5,김포공항,11,"4,14,24,34,54,64,74,84,94,104,114"
304,10:44,6,6,일산,11,"15,25,35,45,55,65,75,85,95,105,115"
304,10:44,7,7,판교,12,"6,16,26,36,46,56,66,76,86,96,106,116"
304,10:44,8,8,동탄/용인,11,"17,27,37,47,57,67,77,87,97,107,117"
304,10:44,9,9,평택,13,"3,8,18,28,38,48,58,68,78,88,98,108,118"
305,10:45,1,1,서울역,13,"0,5,10,20,30,40,50,60,70,80,90,100,110"
305,10:45,10,10,인천공항,11,"9,29,39,49,59,69,79,89,99,109,119"
305,10:45,2,2,수서,13,"1,7,11,21,31,41,51,61,71,81,91,101,111"
305,10:45,3,3,삼성,13,"2,12,19,22,32,42,52,62,72,82,92,102,112"
305,10:45,4,4,여의도,12,"13,23,33,43,44,53,63,73,83,93,103,113"
305,10:45,5,5,김포공항,11,"4,14,24,34,54,64,74,84,94,104,114"
305,10:45,6,6,일산,11,"15,25,35,45,55,65,75,85,95,105,115"
305,10:45,7,7,판교,12,"6,16,26,36,46,56,66,76,86,96,106,116"
305,10:45,8,8,동탄/용인,11,"17,27,37,47,57,67,77,87,97,107,117"
305,10:45,9,9,평택,13,"3,8,18,28,38,48,58,68,78,88,98,108,118"
306,10:46,1,1,서울역,13,"0,5,10,20,30,40,50,60,70,80,90,100,110"
306,10:46,10,10,인천공항,11,"9,29,39,49,59,69,79,89,99,109,119"
306,10:46,2,2,수서,13,"1,7,11,21,31,41,51,61,71,81,91,101,111"
306,10:46,3,3,삼성,13,"2,12,19,22,32,42,52,62,72,82,92,102,112"
306,10:46,4,4,여의도,12,"13,23,33,43,44,53,63,73,83,93,103,113"
306,10:46,5,5,김포공항,11,"4,14,24,34,54,64,74,84,94,104,114"
306,10:46,6,6,일산,11,"15,25,35,45,55,65,75,85,95,105,115"
306,10:46,7,7,판교,12,"6,16,26,36,46,56,66,76,86,96,106,116"
306,10:46,8,8,동탄/용인,11,"17,27,37,47,57,67,77,87,97,107,117"
306,10:46,9,9,평택,13,"3,8,18,28,38,48,58,68,78,88,98,108,118"
307,10:47,1,1,서울역,13,"0,5,10,20,30,40,50,60,70,80,90,100,110"
307,10:47,10,10,인천공항,11,"9,29,39,49,59,69,79,89,99,109,119"
307,10:47,2,2,수서,13,"1,7,11,21,31,41,51,61,71,81,91,101,111"
307,10:47,3,3,삼성,13,"2,12,19,22,32,42,52,62,72,82,92,102,112"
307,10:47,4,4,여의도,12,"13,23,33,43,44,53,63,73,83,93,103,113"
307,10:47,5,5,김포공항,11,"4,14,24,34,54,64,74,84,94,104,114"
307,10:47,6,6,일산,11,"15,25,35,45,55,65,75,85,95,105,115"
307,10:47,7,7,판교,12,"6,16,26,36,46,56,66,76,86,96,106,116"
307,10:47,8,8,동탄/용인,11,"17,27,37,47,57,67,77,87,97,107,117"
307,10:47,9,9,평택,13,"3,8,18,28,38,48,58,68,78,88,98,108,118"
308,10:48,1,1,서울역,13,"0,5,10,20,30,40,50,60,70,80,90,100,110"
308,10:48,10,10,인천공항,11,"9,29,39,49,59,69,79,89,99,109,119"
308,10:48,2,2,수서,13,"1,7,11,21,31,41,51,61,71,81,91,101,111"
308,10:48,3,3,삼성,13,"2,12,19,22,32,42,52,62,72,82,92,102,112"
308,10:48,4,4,여의도,12,"13,23,33,43,44,53,63,73,83,93,103,113"
308,10:48,5,5,김포공항,11,"4,14,24,34,54,64,74,84,94,104,114"
308,10:48,6,6,일산,11,"15,25,35,45,55,65,75,85,95,105,115"
308,10:48,7,7,판교,12,"6,16,26,36,46,56,66,76,86,96,106,116"
308,10:48,8,8,동탄/용인,11,"17,27,37,47,57,67,77,87,97,107,117"
308,10:48,9,9,평택,13,"3,8,18,28,38,48,58,68,78,88,98,108,118"
309,10:49,1,1,서울역,13,"0,5,10,20,30,40,50,60,70,80,90,100,110"
309,10:49,10,10,인천공항,11,"9,29,39,49,59,69,79,89,99,109,119"
309,10:49,2,2,수서,13,"1,7,11,21,31,41,51,61,71,81,91,101,111"
309,10:49,3,3,삼성,13,"2,12,19,22,32,42,52,62,72,82,92,102,112"
309,10:49,4,4,여의도,12,"13,23,33,43,44,53,63,73,83,93,103,113"
309,10:49,5,5,김포공항,11,"4,14,24,34,54,64,74,84,94,104,114"
309,10:49,6,6,일산,11,"15,25,35,45,55,65,75,85,95,105,115"
309,10:49,7,7,판교,12,"6,16,26,36,46,56,66,76,86,96,106,116"
309,10:49,8,8,동탄/용인,11,"17,27,37,47,57,67,77,87,97,107,117"
309,10:49,9,9,평택,13,"3,8,18,28,38,48,58,68,78,88,98,108,118"
310,10:50,1,1,서울역,13,"0,5,10,20,30,40,50,60,70,80,90,100,110"
310,10:50,10,10,인천공항,11,"9,29,39,49,59,69,79,89,99,109,119"
310,10:50,2,2,수서,13,"1,7,11,21,31,41,51,61,71,81,91,101,111"
310,10:50,3,3,삼성,13,"2,12,19,22,32,42,52,62,72,82,92,102,112"
310,10:50,4,4,여의도,12,"13,23,33,43,44,53,63,73,83,93,103,113"
310,10:50,5,5,김포공항,11,"4,14,24,34,54,64,74,84,94,104,114"
310,10:50,6,6,일산,11,"15,25,35,45,55,65,75,85,95,105,115"
310,10:50,7,7,판교,12,"6,16,26,36,46,56,66,76,86,96,106,116"
310,10:50,8,8,동탄/용인,11,"17,27,37,47,57,67,77,87,97,107,117"
310,10:50,9,9,평택,13,"3,8,18,28,38,48,58,68,78,88,98,108,118"
311,10:51,1,1,서울역,13,"0,5,10,20,30,40,50,60,70,80,90,100,110"
311,10:51,10,10,인천공항,11,"9,29,39,49,59,69,79,89,99,109,119"
311,10:51,2,2,수서,13,"1,7,11,21,31,41,51,61,71,81,91,101,111"
311,10:51,3,3,삼성,13,"2,12,19,22,32,42,52,62,72,82,92,102,112"
311,10:51,4,4,여의도,12,"13,23,33,43,44,53,63,73,83,93,103,113"
311,10:51,5,5,김포공항,11,"4,14,24,34,54,64,74,84,94,104,114"
311,10:51,6,6,일산,11,"15,25,35,45,55,65,75,85,95,105,115"
311,10:51,7,7,판교,12,"6,16,26,36,46,56,66,76,86,96,106,116"
311,10:51,8,8,동탄/용인,11,"17,27,37,47,57,67,77,87,97,107,117"
311,10:51,9,9,평택,13,"3,8,18,28,38,48,58,68,78,88,98,108,118"
312,10:52,1,1,서울역,13,"0,5,10,20,30,40,50,60,70,80,90,100,110"
312,10:52,10,10,인천공항,11,"9,29,39,49,59,69,79,89,99,109,119"
312,10:52,2,2,수서,13,"1,7,11,21,31,41,51,61,71,81,91,101,111"
312,10:52,3,3,삼성,13,"2,12,19,22,32,42,52,62,72,82,92,102,112"
312,10:52,4,4,여의도,12,"13,23,33,43,44,53,63,73,83,93,103,113"
312,10:52,5,5,김포공항,11,"4,14,24,34,54,64,74,84,94,104,114"
312,10:52,6,6,일산,11,"15,25,35,45,55,65,75,85,95,105,115"
312,10:52,7,7,판교,12,"6,16,26,36,46,56,66,76,86,96,106,116"
312,10:52,8,8,동탄/용인,11,"17,27,37,47,57,67,77,87,97,107,117"
312,10:52,9,9,평택,13,"3,8,18,28,38,48,58,68,78,88,98,108,118"
313,10:53,1,1,서울역,13,"0,5,10,20,30,40,50,60,70,80,90,100,110"
313,10:53,10,10,인천공항,11,"9,29,39,49,59,69,79,89,99,109,119"
313,10:53,2,2,수서,13,"1,7,11,21,31,41,51,61,71,81,91,101,111"
313,10:53,3,3,삼성,13,"2,12,19,22,32,42,52,62,72,82,92,102,112"
313,10:53,4,4,여의도,12,"13,23,33,43,44,53,63,73,83,93,103,113"
313,10:53,5,5,김포공항,11,"4,14,24,34,54,64,74,84,94,104,114"
313,10:53,6,6,일산,11,"15,25,35,45,55,65,75,85,95,105,115"
313,10:53,7,7,판교,12,"6,16,26,36,46,56,66,76,86,96,106,116"
313,10:53,8,8,동탄/용인,11,"17,27,37,47,57,67,77,87,97,107,117"
313,10:53,9,9,평택,13,"3,8,18,28,38,48,58,68,78,88,98,108,118"
314,10:54,1,1,서울역,13,"0,5,10,20,30,40,50,60,70,80,90,100,110"
314,10:54,10,10,인천공항,11,"9,29,39,49,59,69,79,89,99,109,119"
314,10:54,2,2,수서,13,"1,7,11,21,31,41,51,61,71,81,91,101,111"
314,10:54,3,3,삼성,13,"2,12,19,22,32,42,52,62,72,82,92,102,112"
314,10:54,4,4,여의도,12,"13,23,33,43,44,53,63,73,83,93,103,113"
314,10:54,5,5,김포공항,11,"4,14,24,34,54,64,74,84,94,104,114"
314,10:54,6,6,일산,11,"15,25,35,45,55,65,75,85,95,105,115"
314,10:54,7,7,판교,12,"6,16,26,36,46,56,66,76,86,96,106,116"
314,10:54,8,8,동탄/용인,11,"17,27,37,47,57,67,77,87,97,107,117"
314,10:54,9,9,평택,13,"3,8,18,28,38,48,58,68,78,88,98,108,118"
315,10:55,1,1,서울역,13,"0,5,10,20,30,40,50,60,70,80,90,100,110"
315,10:55,10,10,인천공항,11,"9,29,39,49,59,69,79,89,99,109,119"
315,10:55,2,2,수서,13,"1,7,11,21,31,41,51,61,71,81,91,101,111"
315,10:55,3,3,삼성,13,"2,12,19,22,32,42,52,62,72,82,92,102,112"
315,10:55,4,4,여의도,12,"13,23,33,43,44,53,63,73,83,93,103,113"
315,10:55,5,5,김포공항,11,"4,14,24,34,54,64,74,84,94,104,114"
315,10:55,6,6,일산,11,"15,25,35,45,55,65,75,85,95,105,115"
315,10:55,7,7,판교,12,"6,16,26,36,46,56,66,76,86,96,106,116"
315,10:55,8,8,동탄/용인,11,"17,27,37,47,57,67,77,87,97,107,117"
315,10:55,9,9,평택,13,"3,8,18,28,38,48,58,68,78,88,98,108,118"
316,10:56,1,1,서울역,13,"0,5,10,20,30,40,50,60,70,80,90,100,110"
316,10:56,10,10,인천공항,11,"9,29,39,49,59,69,79,89,99,109,119"
316,10:56,2,2,수서,13,"1,7,11,21,31,41,51,61,71,81,91,101,111"
316,10:56,3,3,삼성,13,"2,12,19,22,32,42,52,62,72,82,92,102,112"
316,10:56,4,4,여의도,12,"13,23,33,43,44,53,63,73,83,93,103,113"
316,10:56,5,5,김포공항,11,"4,14,24,34,54,64,74,84,94,104,114"
316,10:56,6,6,일산,11,"15,25,35,45,55,65,75,85,95,105,115"
316,10:56,7,7,판교,12,"6,16,26,36,46,56,66,76,86,96,106,116"
316,10:56,8,8,동탄/용인,11,"17,27,37,47,57,67,77,87,97,107,117"
316,10:56,9,9,평택,13,"3,8,18,28,38,48,58,68,78,88,98,108,118"
317,10:57,1,1,서울역,13,"0,5,10,20,30,40,50,60,70,80,90,100,110"
317,10:57,10,10,인천공항,11,"9,29,39,49,59,69,79,89,99,109,119"
317,10:57,2,2,수서,13,"1,7,11,21,31,41,51,61,71,81,91,101,111"
317,10:57,3,3,삼성,13,"2,12,19,22,32,42,52,62,72,82,92,102,112"
317,10:57,4,4,여의도,12,"13,23,33,43,44,53,63,73,83,93,103,113"
317,10:57,5,5,김포공항,11,"4,14,24,34,54,64,74,84,94,104,114"
317,10:57,6,6,일산,11,"15,25,35,45,55,65,75,85,95,105,115"
317,10:57,7,7,판교,12,"6,16,26,36,46,56,66,76,86,96,106,116"
317,10:57,8,8,동탄/용인,11,"17,27,37,47,57,67,77,87,97,107,117"
317,10:57,9,9,평택,13,"3,8,18,28,38,48,58,68,78,88,98,108,118"
318,10:58,1,1,서울역,13,"0,5,10,20,30,40,50,60,70,80,90,100,110"
318,10:58,10,10,인천공항,11,"9,29,39,49,59,69,79,89,99,109,119"
318,10:58,2,2,수서,13,"1,7,11,21,31,41,51,61,71,81,91,101,111"
318,10:58,3,3,삼성,13,"2,12,19,22,32,42,52,62,72,82,92,102,112"
318,10:58,4,4,여의도,12,"13,23,33,43,44,53,63,73,83,93,103,113"
318,10:58,5,5,김포공항,11,"4,14,24,34,54,64,74,84,94,104,114"
318,10:58,6,6,일산,11,"15,25,35,45,55,65,75,85,95,105,115"
318,10:58,7,7,판교,12,"6,16,26,36,46,56,66,76,86,96,106,116"
318,10:58,8,8,동탄/용인,11,"17,27,37,47,57,67,77,87,97,107,117"
318,10:58,9,9,평택,13,"3,8,18,28,38,48,58,68,78,88,98,108,118"
319,10:59,1,1,서울역,13,"0,5,10,20,30,40,50,60,70,80,90,100,110"
319,10:59,10,10,인천공항,11,"9,29,39,49,59,69,79,89,99,109,119"
319,10:59,2,2,수서,13,"1,7,11,21,31,41,51,61,71,81,91,101,111"
319,10:59,3,3,삼성,13,"2,12,19,22,32,42,52,62,72,82,92,102,112"
319,10:59,4,4,여의도,12,"13,23,33,43,44,53,63,73,83,93,103,113"
319,10:59,5,5,김포공항,11,"4,14,24,34,54,64,74,84,94,104,114"
319,10:59,6,6,일산,11,"15,25,35,45,55,65,75,85,95,105,115"
319,10:59,7,7,판교,12,"6,16,26,36,46,56,66,76,86,96,106,116"
319,10:59,8,8,동탄/용인,11,"17,27,37,47,57,67,77,87,97,107,117"
319,10:59,9,9,평택,13,"3,8,18,28,38,48,58,68,78,88,98,108,118"
320,11:00,1,1,서울역,13,"0,5,10,20,30,40,50,60,70,80,90,100,110"
320,11:00,10,10,인천공항,11,"9,29,39,49,59,69,79,89,99,109,119"
320,11:00,2,2,수서,13,"1,7,11,21,31,41,51,61,71,81,91,101,111"
320,11:00,3,3,삼성,13,"2,12,19,22,32,42,52,62,72,82,92,102,112"
320,11:00,4,4,여의도,12,"13,23,33,43,44,53,63,73,83,93,103,113"
320,11:00,5,5,김포공항,11,"4,14,24,34,54,64,74,84,94,104,114"
320,11:00,6,6,일산,11,"15,25,35,45,55,65,75,85,95,105,115"
320,11:00,7,7,판교,12,"6,16,26,36,46,56,66,76,86,96,106,116"
320,11:00,8,8,동탄/용인,11,"17,27,37,47,57,67,77,87,97,107,117"
320,11:00,9,9,평택,13,"3,8,18,28,38,48,58,68,78,88,98,108,118"
321,11:01,1,1,서울역,13,"0,5,10,20,30,40,50,60,70,80,90,100,110"
321,11:01,10,10,인천공항,11,"9,29,39,49,59,69,79,89,99,109,119"
321,11:01,2,2,수서,13,"1,7,11,21,31,41,51,61,71,81,91,101,111"
321,11:01,3,3,삼성,13,"2,12,19,22,32,42,52,62,72,82,92,102,112"
321,11:01,4,4,여의도,12,"13,23,33,43,44,53,63,73,83,93,103,113"
321,11:01,5,5,김포공항,11,"4,14,24,34,54,64,74,84,94,104,114"
321,11:01,6,6,일산,11,"15,25,35,45,55,65,75,85,95,105,115"
321,11:01,7,7,판교,12,"6,16,26,36,46,56,66,76,86,96,106,116"
321,11:01,8,8,동탄/용인,11,"17,27,37,47,57,67,77,87,97,107,117"
321,11:01,9,9,평택,13,"3,8,18,28,38,48,58,68,78,88,98,108,118"
322,11:02,1,1,서울역,13,"0,5,10,20,30,40,50,60,70,80,90,100,110"
322,11:02,10,10,인천공항,11,"9,29,39,49,59,69,79,89,99,109,119"
322,11:02,2,2,수서,13,"1,7,11,21,31,41,51,61,71,81,91,101,111"
322,11:02,3,3,삼성,13,"2,12,19,22,32,42,52,62,72,82,92,102,112"
322,11:02,4,4,여의도,12,"13,23,33,43,44,53,63,73,83,93,103,113"
322,11:02,5,5,김포공항,11,"4,14,24,34,54,64,74,84,94,104,114"
322,11:02,6,6,일산,11,"15,25,35,45,55,65,75,85,95,105,115"
322,11:02,7,7,판교,12,"6,16,26,36,46,56,66,76,86,96,106,116"
322,11:02,8,8,동탄/용인,11,"17,27,37,47,57,67,77,87,97,107,117"
322,11:02,9,9,평택,13,"3,8,18,28,38,48,58,68,78,88,98,108,118"
323,11:03,1,1,서울역,13,"0,5,10,20,30,40,50,60,70,80,90,100,110"
323,11:03,10,10,인천공항,11,"9,29,39,49,59,69,79,89,99,109,119"
323,11:03,2,2,수서,13,"1,7,11,21,31,41,51,61,71,81,91,101,111"
323,11:03,3,3,삼성,13,"2,12,19,22,32,42,52,62,72,82,92,102,112"
323,11:03,4,4,여의도,12,"13,23,33,43,44,53,63,73,83,93,103,113"
323,11:03,5,5,김포공항,11,"4,14,24,34,54,64,74,84,94,104,114"
323,11:03,6,6,일산,11,"15,25,35,45,55,65,75,85,95,105,115"
323,11:03,7,7,판교,12,"6,16,26,36,46,56,66,76,86,96,106,116"
323,11:03,8,8,동탄/용인,11,"17,27,37,47,57,67,77,87,97,107,117"
323,11:03,9,9,평택,13,"3,8,18,28,38,48,58,68,78,88,98,108,118"
324,11:04,1,1,서울역,13,"0,5,10,20,30,40,50,60,70,80,90,100,110"
324,11:04,10,10,인천공항,11,"9,29,39,49,59,69,79,89,99,109,119"
324,11:04,2,2,수서,13,"1,7,11,21,31,41,51,61,71,81,91,101,111"
324,11:04,3,3,삼성,13,"2,12,19,22,32,42,52,62,72,82,92,102,112"
324,11:04,4,4,여의도,12,"13,23,33,43,44,53,63,73,83,93,103,113"
324,11:04,5,5,김포공항,11,"4,14,24,34,54,64,74,84,94,104,114"
324,11:04,6,6,일산,11,"15,25,35,45,55,65,75,85,95,105,115"
324,11:04,7,7,판교,12,"6,16,26,36,46,56,66,76,86,96,106,116"
324,11:04,8,8,동탄/용인,11,"17,27,37,47,57,67,77,87,97,107,117"
324,11:04,9,9,평택,13,"3,8,18,28,38,48,58,68,78,88,98,108,118"
325,11:05,1,1,서울역,13,"0,5,10,20,30,40,50,60,70,80,90,100,110"
325,11:05,10,10,인천공항,11,"9,29,39,49,59,69,79,89,99,109,119"
325,11:05,2,2,수서,13,"1,7,11,21,31,41,51,61,71,81,91,101,111"
325,11:05,3,3,삼성,13,"2,12,19,22,32,42,52,62,72,82,92,102,112"
325,11:05,4,4,여의도,12,"13,23,33,43,44,53,63,73,83,93,103,113"
325,11:05,5,5,김포공항,11,"4,14,24,34,54,64,74,84,94,104,114"
325,11:05,6,6,일산,11,"15,25,35,45,55,65,75,85,95,105,115"
325,11:05,7,7,판교,12,"6,16,26,36,46,56,66,76,86,96,106,116"
325,11:05,8,8,동탄/용인,11,"17,27,37,47,57,67,77,87,97,107,117"
325,11:05,9,9,평택,13,"3,8,18,28,38,48,58,68,78,88,98,108,118"
326,11:06,1,1,서울역,13,"0,5,10,20,30,40,50,60,70,80,90,100,110"
326,11:06,10,10,인천공항,11,"9,29,39,49,59,69,79,89,99,109,119"
326,11:06,2,2,수서,13,"1,7,11,21,31,41,51,61,71,81,91,101,111"
326,11:06,3,3,삼성,13,"2,12,19,22,32,42,52,62,72,82,92,102,112"
326,11:06,4,4,여의도,12,"13,23,33,43,44,53,63,73,83,93,103,113"
326,11:06,5,5,김포공항,11,"4,14,24,34,54,64,74,84,94,104,114"
326,11:06,6,6,일산,11,"15,25,35,45,55,65,75,85,95,105,115"
326,11:06,7,7,판교,12,"6,16,26,36,46,56,66,76,86,96,106,116"
326,11:06,8,8,동탄/용인,11,"17,27,37,47,57,67,77,87,97,107,117"
326,11:06,9,9,평택,13,"3,8,18,28,38,48,58,68,78,88,98,108,118"
327,11:07,1,1,서울역,13,"0,5,10,20,30,40,50,60,70,80,90,100,110"
327,11:07,10,10,인천공항,11,"9,29,39,49,59,69,79,89,99,109,119"
327,11:07,2,2,수서,13,"1,7,11,21,31,41,51,61,71,81,91,101,111"
327,11:07,3,3,삼성,13,"2,12,19,22,32,42,52,62,72,82,92,102,112"
327,11:07,4,4,여의도,12,"13,23,33,43,44,53,63,73,83,93,103,113"
327,11:07,5,5,김포공항,11,"4,14,24,34,54,64,74,84,94,104,114"
327,11:07,6,6,일산,11,"15,25,35,45,55,65,75,85,95,105,115"
327,11:07,7,7,판교,12,"6,16,26,36,46,56,66,76,86,96,106,116"
327,11:07,8,8,동탄/용인,11,"17,27,37,47,57,67,77,87,97,107,117"
327,11:07,9,9,평택,13,"3,8,18,28,38,48,58,68,78,88,98,108,118"
328,11:08,1,1,서울역,13,"0,5,10,20,30,40,50,60,70,80,90,100,110"
328,11:08,10,10,인천공항,11,"9,29,39,49,59,69,79,89,99,109,119"
328,11:08,2,2,수서,13,"1,7,11,21,31,41,51,61,71,81,91,101,111"
328,11:08,3,3,삼성,13,"2,12,19,22,32,42,52,62,72,82,92,102,112"
328,11:08,4,4,여의도,12,"13,23,33,43,44,53,63,73,83,93,103,113"
328,11:08,5,5,김포공항,11,"4,14,24,34,54,64,74,84,94,104,114"
328,11:08,6,6,일산,11,"15,25,35,45,55,65,75,85,95,105,115"
328,11:08,7,7,판교,12,"6,16,26,36,46,56,66,76,86,96,106,116"
328,11:08,8,8,동탄/용인,11,"17,27,37,47,57,67,77,87,97,107,117"
328,11:08,9,9,평택,13,"3,8,18,28,38,48,58,68,78,88,98,108,118"
329,11:09,1,1,서울역,13,"0,5,10,20,30,40,50,60,70,80,90,100,110"
329,11:09,10,10,인천공항,11,"9,29,39,49,59,69,79,89,99,109,119"
329,11:09,2,2,수서,13,"1,7,11,21,31,41,51,61,71,81,91,101,111"
329,11:09,3,3,삼성,13,"2,12,19,22,32,42,52,62,72,82,92,102,112"
329,11:09,4,4,여의도,12,"13,23,33,43,44,53,63,73,83,93,103,113"
329,11:09,5,5,김포공항,11,"4,14,24,34,54,64,74,84,94,104,114"
329,11:09,6,6,일산,11,"15,25,35,45,55,65,75,85,95,105,115"
329,11:09,7,7,판교,12,"6,16,26,36,46,56,66,76,86,96,106,116"
329,11:09,8,8,동탄/용인,11,"17,27,37,47,57,67,77,87,97,107,117"
329,11:09,9,9,평택,13,"3,8,18,28,38,48,58,68,78,88,98,108,118"
330,11:10,1,1,서울역,13,"0,5,10,20,30,40,50,60,70,80,90,100,110"
330,11:10,10,10,인천공항,11,"9,29,39,49,59,69,79,89,99,109,119"
330,11:10,2,2,수서,13,"1,7,11,21,31,41,51,61,71,81,91,101,111"
330,11:10,3,3,삼성,13,"2,12,19,22,32,42,52,62,72,82,92,102,112"
330,11:10,4,4,여의도,12,"13,23,33,43,44,53,63,73,83,93,103,113"
330,11:10,5,5,김포공항,11,"4,14,24,34,54,64,74,84,94,104,114"
330,11:10,6,6,일산,11,"15,25,35,45,55,65,75,85,95,105,115"
330,11:10,7,7,판교,12,"6,16,26,36,46,56,66,76,86,96,106,116"
330,11:10,8,8,동탄/용인,11,"17,27,37,47,57,67,77,87,97,107,117"
330,11:10,9,9,평택,13,"3,8,18,28,38,48,58,68,78,88,98,108,118"
331,11:11,1,1,서울역,13,"0,5,10,20,30,40,50,60,70,80,90,100,110"
331,11:11,10,10,인천공항,11,"9,29,39,49,59,69,79,89,99,109,119"
331,11:11,2,2,수서,13,"1,7,11,21,31,41,51,61,71,81,91,101,111"
331,11:11,3,3,삼성,13,"2,12,19,22,32,42,52,62,72,82,92,102,112"
331,11:11,4,4,여의도,12,"13,23,33,43,44,53,63,73,83,93,103,113"
331,11:11,5,5,김포공항,11,"4,14,24,34,54,64,74,84,94,104,114"
331,11:11,6,6,일산,11,"15,25,35,45,55,65,75,85,95,105,115"
331,11:11,7,7,판교,12,"6,16,26,36,46,56,66,76,86,96,106,116"
331,11:11,8,8,동탄/용인,11,"17,27,37,47,57,67,77,87,97,107,117"
331,11:11,9,9,평택,13,"3,8,18,28,38,48,58,68,78,88,98,108,118"
332,11:12,1,1,서울역,13,"0,5,10,20,30,40,50,60,70,80,90,100,110"
332,11:12,10,10,인천공항,11,"9,29,39,49,59,69,79,89,99,109,119"
332,11:12,2,2,수서,13,"1,7,11,21,31,41,51,61,71,81,91,101,111"
332,11:12,3,3,삼성,13,"2,12,19,22,32,42,52,62,72,82,92,102,112"
332,11:12,4,4,여의도,12,"13,23,33,43,44,53,63,73,83,93,103,113"
332,11:12,5,5,김포공항,11,"4,14,24,34,54,64,74,84,94,104,114"
332,11:12,6,6,일산,11,"15,25,35,45,55,65,75,85,95,105,115"
332,11:12,7,7,판교,12,"6,16,26,36,46,56,66,76,86,96,106,116"
332,11:12,8,8,동탄/용인,11,"17,27,37,47,57,67,77,87,97,107,117"
332,11:12,9,9,평택,13,"3,8,18,28,38,48,58,68,78,88,98,108,118"
333,11:13,1,1,서울역,13,"0,5,10,20,30,40,50,60,70,80,90,100,110"
333,11:13,10,10,인천공항,11,"9,29,39,49,59,69,79,89,99,109,119"
333,11:13,2,2,수서,13,"1,7,11,21,31,41,51,61,71,81,91,101,111"
333,11:13,3,3,삼성,13,"2,12,19,22,32,42,52,62,72,82,92,102,112"
333,11:13,4,4,여의도,12,"13,23,33,43,44,53,63,73,83,93,103,113"
333,11:13,5,5,김포공항,11,"4,14,24,34,54,64,74,84,94,104,114"
333,11:13,6,6,일산,11,"15,25,35,45,55,65,75,85,95,105,115"
333,11:13,7,7,판교,12,"6,16,26,36,46,56,66,76,86,96,106,116"
333,11:13,8,8,동탄/용인,11,"17,27,37,47,57,67,77,87,97,107,117"
333,11:13,9,9,평택,13,"3,8,18,28,38,48,58,68,78,88,98,108,118"
334,11:14,1,1,서울역,13,"0,5,10,20,30,40,50,60,70,80,90,100,110"
334,11:14,10,10,인천공항,11,"9,29,39,49,59,69,79,89,99,109,119"
334,11:14,2,2,수서,13,"1,7,11,21,31,41,51,61,71,81,91,101,111"
334,11:14,3,3,삼성,13,"2,12,19,22,32,42,52,62,72,82,92,102,112"
334,11:14,4,4,여의도,12,"13,23,33,43,44,53,63,73,83,93,103,113"
334,11:14,5,5,김포공항,11,"4,14,24,34,54,64,74,84,94,104,114"
334,11:14,6,6,일산,11,"15,25,35,45,55,65,75,85,95,105,115"
334,11:14,7,7,판교,12,"6,16,26,36,46,56,66,76,86,96,106,116"
334,11:14,8,8,동탄/용인,11,"17,27,37,47,57,67,77,87,97,107,117"
334,11:14,9,9,평택,13,"3,8,18,28,38,48,58,68,78,88,98,108,118"
335,11:15,1,1,서울역,13,"0,5,10,20,30,40,50,60,70,80,90,100,110"
335,11:15,10,10,인천공항,11,"9,29,39,49,59,69,79,89,99,109,119"
335,11:15,2,2,수서,13,"1,7,11,21,31,41,51,61,71,81,91,101,111"
335,11:15,3,3,삼성,13,"2,12,19,22,32,42,52,62,72,82,92,102,112"
335,11:15,4,4,여의도,12,"13,23,33,43,44,53,63,73,83,93,103,113"
335,11:15,5,5,김포공항,11,"4,14,24,34,54,64,74,84,94,104,114"
335,11:15,6,6,일산,11,"15,25,35,45,55,65,75,85,95,105,115"
335,11:15,7,7,판교,12,"6,16,26,36,46,56,66,76,86,96,106,116"
335,11:15,8,8,동탄/용인,11,"17,27,37,47,57,67,77,87,97,107,117"
335,11:15,9,9,평택,13,"3,8,18,28,38,48,58,68,78,88,98,108,118"
336,11:16,1,1,서울역,13,"0,5,10,20,30,40,50,60,70,80,90,100,110"
336,11:16,10,10,인천공항,11,"9,29,39,49,59,69,79,89,99,109,119"
336,11:16,2,2,수서,13,"1,7,11,21,31,41,51,61,71,81,91,101,111"
336,11:16,3,3,삼성,13,"2,12,19,22,32,42,52,62,72,82,92,102,112"
336,11:16,4,4,여의도,12,"13,23,33,43,44,53,63,73,83,93,103,113"
336,11:16,5,5,김포공항,11,"4,14,24,34,54,64,74,84,94,104,114"
336,11:16,6,6,일산,11,"15,25,35,45,55,65,75,85,95,105,115"
336,11:16,7,7,판교,12,"6,16,26,36,46,56,66,76,86,96,106,116"
336,11:16,8,8,동탄/용인,11,"17,27,37,47,57,67,77,87,97,107,117"
336,11:16,9,9,평택,13,"3,8,18,28,38,48,58,68,78,88,98,108,118"
337,11:17,1,1,서울역,13,"0,5,10,20,30,40,50,60,70,80,90,100,110"
337,11:17,10,10,인천공항,11,"9,29,39,49,59,69,79,89,99,109,119"
337,11:17,2,2,수서,13,"1,7,11,21,31,41,51,61,71,81,91,101,111"
337,11:17,3,3,삼성,13,"2,12,19,22,32,42,52,62,72,82,92,102,112"
337,11:17,4,4,여의도,12,"13,23,33,43,44,53,63,73,83,93,103,113"
337,11:17,5,5,김포공항,11,"4,14,24,34,54,64,74,84,94,104,114"
337,11:17,6,6,일산,11,"15,25,35,45,55,65,75,85,95,105,115"
337,11:17,7,7,판교,12,"6,16,26,36,46,56,66,76,86,96,106,116"
337,11:17,8,8,동탄/용인,11,"17,27,37,47,57,67,77,87,97,107,117"
337,11:17,9,9,평택,13,"3,8,18,28,38,48,58,68,78,88,98,108,118"
338,11:18,1,1,서울역,13,"0,5,10,20,30,40,50,60,70,80,90,100,110"
338,11:18,10,10,인천공항,11,"9,29,39,49,59,69,79,89,99,109,119"
338,11:18,2,2,수서,13,"1,7,11,21,31,41,51,61,71,81,91,101,111"
338,11:18,3,3,삼성,13,"2,12,19,22,32,42,52,62,72,82,92,102,112"
338,11:18,4,4,여의도,12,"13,23,33,43,44,53,63,73,83,93,103,113"
338,11:18,5,5,김포공항,11,"4,14,24,34,54,64,74,84,94,104,114"
338,11:18,6,6,일산,11,"15,25,35,45,55,65,75,85,95,105,115"
338,11:18,7,7,판교,12,"6,16,26,36,46,56,66,76,86,96,106,116"
338,11:18,8,8,동탄/용인,11,"17,27,37,47,57,67,77,87,97,107,117"
338,11:18,9,9,평택,13,"3,8,18,28,38,48,58,68,78,88,98,108,118"
339,11:19,1,1,서울역,13,"0,5,10,20,30,40,50,60,70,80,90,100,110"
339,11:19,10,10,인천공항,11,"9,29,39,49,59,69,79,89,99,109,119"
339,11:19,2,2,수서,13,"1,7,11,21,31,41,51,61,71,81,91,101,111"
339,11:19,3,3,삼성,13,"2,12,19,22,32,42,52,62,72,82,92,102,112"
339,11:19,4,4,여의도,12,"13,23,33,43,44,53,63,73,83,93,103,113"
339,11:19,5,5,김포공항,11,"4,14,24,34,54,64,74,84,94,104,114"
339,11:19,6,6,일산,11,"15,25,35,45,55,65,75,85,95,105,115"
339,11:19,7,7,판교,12,"6,16,26,36,46,56,66,76,86,96,106,116"
339,11:19,8,8,동탄/용인,11,"17,27,37,47,57,67,77,87,97,107,117"
339,11:19,9,9,평택,13,"3,8,18,28,38,48,58,68,78,88,98,108,118"
340,11:20,1,1,서울역,13,"0,5,10,20,30,40,50,60,70,80,90,100,110"
340,11:20,10,10,인천공항,11,"9,29,39,49,59,69,79,89,99,109,119"
340,11:20,2,2,수서,13,"1,7,11,21,31,41,51,61,71,81,91,101,111"
340,11:20,3,3,삼성,13,"2,12,19,22,32,42,52,62,72,82,92,102,112"
340,11:20,4,4,여의도,12,"13,23,33,43,44,53,63,73,83,93,103,113"
340,11:20,5,5,김포공항,11,"4,14,24,34,54,64,74,84,94,104,114"
340,11:20,6,6,일산,11,"15,25,35,45,55,65,75,85,95,105,115"
340,11:20,7,7,판교,12,"6,16,26,36,46,56,66,76,86,96,106,116"
340,11:20,8,8,동탄/용인,11,"17,27,37,47,57,67,77,87,97,107,117"
340,11:20,9,9,평택,13,"3,8,18,28,38,48,58,68,78,88,98,108,118"
341,11:21,1,1,서울역,13,"0,5,10,20,30,40,50,60,70,80,90,100,110"
341,11:21,10,10,인천공항,11,"9,29,39,49,59,69,79,89,99,109,119"
341,11:21,2,2,수서,13,"1,7,11,21,31,41,51,61,71,81,91,101,111"
341,11:21,3,3,삼성,13,"2,12,19,22,32,42,52,62,72,82,92,102,112"
341,11:21,4,4,여의도,12,"13,23,33,43,44,53,63,73,83,93,103,113"
341,11:21,5,5,김포공항,11,"4,14,24,34,54,64,74,84,94,104,114"
341,11:21,6,6,일산,11,"15,25,35,45,55,65,75,85,95,105,115"
341,11:21,7,7,판교,12,"6,16,26,36,46,56,66,76,86,96,106,116"
341,11:21,8,8,동탄/용인,11,"17,27,37,47,57,67,77,87,97,107,117"
341,11:21,9,9,평택,13,"3,8,18,28,38,48,58,68,78,88,98,108,118"
342,11:22,1,1,서울역,13,"0,5,10,20,30,40,50,60,70,80,90,100,110"
342,11:22,10,10,인천공항,11,"9,29,39,49,59,69,79,89,99,109,119"
342,11:22,2,2,수서,13,"1,7,11,21,31,41,51,61,71,81,91,101,111"
342,11:22,3,3,삼성,13,"2,12,19,22,32,42,52,62,72,82,92,102,112"
342,11:22,4,4,여의도,12,"13,23,33,43,44,53,63,73,83,93,103,113"
342,11:22,5,5,김포공항,11,"4,14,24,34,54,64,74,84,94,104,114"
342,11:22,6,6,일산,11,"15,25,35,45,55,65,75,85,95,105,115"
342,11:22,7,7,판교,12,"6,16,26,36,46,56,66,76,86,96,106,116"
342,11:22,8,8,동탄/용인,11,"17,27,37,47,57,67,77,87,97,107,117"
342,11:22,9,9,평택,13,"3,8,18,28,38,48,58,68,78,88,98,108,118"
343,11:23,1,1,서울역,13,"0,5,10,20,30,40,50,60,70,80,90,100,110"
343,11:23,10,10,인천공항,11,"9,29,39,49,59,69,79,89,99,109,119"
343,11:23,2,2,수서,13,"1,7,11,21,31,41,51,61,71,81,91,101,111"
343,11:23,3,3,삼성,13,"2,12,19,22,32,42,52,62,72,82,92,102,112"
343,11:23,4,4,여의도,12,"13,23,33,43,44,53,63,73,83,93,103,113"
343,11:23,5,5,김포공항,11,"4,14,24,34,54,64,74,84,94,104,114"
343,11:23,6,6,일산,11,"15,25,35,45,55,65,75,85,95,105,115"
343,11:23,7,7,판교,12,"6,16,26,36,46,56,66,76,86,96,106,116"
343,11:23,8,8,동탄/용인,11,"17,27,37,47,57,67,77,87,97,107,117"
343,11:23,9,9,평택,13,"3,8,18,28,38,48,58,68,78,88,98,108,118"
344,11:24,1,1,서울역,13,"0,5,10,20,30,40,50,60,70,80,90,100,110"
344,11:24,10,10,인천공항,11,"9,29,39,49,59,69,79,89,99,109,119"
344,11:24,2,2,수서,13,"1,7,11,21,31,41,51,61,71,81,91,101,111"
344,11:24,3,3,삼성,13,"2,12,19,22,32,42,52,62,72,82,92,102,112"
344,11:24,4,4,여의도,12,"13,23,33,43,44,53,63,73,83,93,103,113"
344,11:24,5,5,김포공항,11,"4,14,24,34,54,64,74,84,94,104,114"
344,11:24,6,6,일산,11,"15,25,35,45,55,65,75,85,95,105,115"
344,11:24,7,7,판교,12,"6,16,26,36,46,56,66,76,86,96,106,116"
344,11:24,8,8,동탄/용인,11,"17,27,37,47,57,67,77,87,97,107,117"
344,11:24,9,9,평택,13,"3,8,18,28,38,48,58,68,78,88,98,108,118"
345,11:25,1,1,서울역,13,"0,5,10,20,30,40,50,60,70,80,90,100,110"
345,11:25,10,10,인천공항,11,"9,29,39,49,59,69,79,89,99,109,119"
345,11:25,2,2,수서,13,"1,7,11,21,31,41,51,61,71,81,91,101,111"
345,11:25,3,3,삼성,13,"2,12,19,22,32,42,52,62,72,82,92,102,112"
345,11:25,4,4,여의도,12,"13,23,33,43,44,53,63,73,83,93,103,113"
345,11:25,5,5,김포공항,11,"4,14,24,34,54,64,74,84,94,104,114"
345,11:25,6,6,일산,11,"15,25,35,45,55,65,75,85,95,105,115"
345,11:25,7,7,판교,12,"6,16,26,36,46,56,66,76,86,96,106,116"
345,11:25,8,8,동탄/용인,11,"17,27,37,47,57,67,77,87,97,107,117"
345,11:25,9,9,평택,13,"3,8,18,28,38,48,58,68,78,88,98,108,118"
346,11:26,1,1,서울역,13,"0,5,10,20,30,40,50,60,70,80,90,100,110"
346,11:26,10,10,인천공항,11,"9,29,39,49,59,69,79,89,99,109,119"
346,11:26,2,2,수서,13,"1,7,11,21,31,41,51,61,71,81,91,101,111"
346,11:26,3,3,삼성,13,"2,12,19,22,32,42,52,62,72,82,92,102,112"
346,11:26,4,4,여의도,12,"13,23,33,43,44,53,63,73,83,93,103,113"
346,11:26,5,5,김포공항,11,"4,14,24,34,54,64,74,84,94,104,114"
346,11:26,6,6,일산,11,"15,25,35,45,55,65,75,85,95,105,115"
346,11:26,7,7,판교,12,"6,16,26,36,46,56,66,76,86,96,106,116"
346,11:26,8,8,동탄/용인,11,"17,27,37,47,57,67,77,87,97,107,117"
346,11:26,9,9,평택,13,"3,8,18,28,38,48,58,68,78,88,98,108,118"
347,11:27,1,1,서울역,13,"0,5,10,20,30,40,50,60,70,80,90,100,110"
347,11:27,10,10,인천공항,11,"9,29,39,49,59,69,79,89,99,109,119"
347,11:27,2,2,수서,13,"1,7,11,21,31,41,51,61,71,81,91,101,111"
347,11:27,3,3,삼성,13,"2,12,19,22,32,42,52,62,72,82,92,102,112"
347,11:27,4,4,여의도,12,"13,23,33,43,44,53,63,73,83,93,103,113"
347,11:27,5,5,김포공항,11,"4,14,24,34,54,64,74,84,94,104,114"
347,11:27,6,6,일산,11,"15,25,35,45,55,65,75,85,95,105,115"
347,11:27,7,7,판교,12,"6,16,26,36,46,56,66,76,86,96,106,116"
347,11:27,8,8,동탄/용인,11,"17,27,37,47,57,67,77,87,97,107,117"
347,11:27,9,9,평택,13,"3,8,18,28,38,48,58,68,78,88,98,108,118"
348,11:28,1,1,서울역,13,"0,5,10,20,30,40,50,60,70,80,90,100,110"
348,11:28,10,10,인천공항,11,"9,29,39,49,59,69,79,89,99,109,119"
348,11:28,2,2,수서,13,"1,7,11,21,31,41,51,61,71,81,91,101,111"
348,11:28,3,3,삼성,13,"2,12,19,22,32,42,52,62,72,82,92,102,112"
348,11:28,4,4,여의도,12,"13,23,33,43,44,53,63,73,83,93,103,113"
348,11:28,5,5,김포공항,11,"4,14,24,34,54,64,74,84,94,104,114"
348,11:28,6,6,일산,11,"15,25,35,45,55,65,75,85,95,105,115"
348,11:28,7,7,판교,12,"6,16,26,36,46,56,66,76,86,96,106,116"
348,11:28,8,8,동탄/용인,11,"17,27,37,47,57,67,77,87,97,107,117"
348,11:28,9,9,평택,13,"3,8,18,28,38,48,58,68,78,88,98,108,118"
349,11:29,1,1,서울역,13,"0,5,10,20,30,40,50,60,70,80,90,100,110"
349,11:29,10,10,인천공항,11,"9,29,39,49,59,69,79,89,99,109,119"
349,11:29,2,2,수서,13,"1,7,11,21,31,41,51,61,71,81,91,101,111"
349,11:29,3,3,삼성,13,"2,12,19,22,32,42,52,62,72,82,92,102,112"
349,11:29,4,4,여의도,12,"13,23,33,43,44,53,63,73,83,93,103,113"
349,11:29,5,5,김포공항,11,"4,14,24,34,54,64,74,84,94,104,114"
349,11:29,6,6,일산,11,"15,25,35,45,55,65,75,85,95,105,115"
349,11:29,7,7,판교,12,"6,16,26,36,46,56,66,76,86,96,106,116"
349,11:29,8,8,동탄/용인,11,"17,27,37,47,57,67,77,87,97,107,117"
349,11:29,9,9,평택,13,"3,8,18,28,38,48,58,68,78,88,98,108,118"
350,11:30,1,1,서울역,13,"0,5,10,20,30,40,50,60,70,80,90,100,110"
350,11:30,10,10,인천공항,11,"9,29,39,49,59,69,79,89,99,109,119"
350,11:30,2,2,수서,13,"1,7,11,21,31,41,51,61,71,81,91,101,111"
350,11:30,3,3,삼성,13,"2,12,19,22,32,42,52,62,72,82,92,102,112"
350,11:30,4,4,여의도,12,"13,23,33,43,44,53,63,73,83,93,103,113"
350,11:30,5,5,김포공항,11,"4,14,24,34,54,64,74,84,94,104,114"
350,11:30,6,6,일산,11,"15,25,35,45,55,65,75,85,95,105,115"
350,11:30,7,7,판교,12,"6,16,26,36,46,56,66,76,86,96,106,116"
350,11:30,8,8,동탄/용인,11,"17,27,37,47,57,67,77,87,97,107,117"
350,11:30,9,9,평택,13,"3,8,18,28,38,48,58,68,78,88,98,108,118"
351,11:31,1,1,서울역,13,"0,5,10,20,30,40,50,60,70,80,90,100,110"
351,11:31,10,10,인천공항,11,"9,29,39,49,59,69,79,89,99,109,119"
351,11:31,2,2,수서,13,"1,7,11,21,31,41,51,61,71,81,91,101,111"
351,11:31,3,3,삼성,13,"2,12,19,22,32,42,52,62,72,82,92,102,112"
351,11:31,4,4,여의도,12,"13,23,33,43,44,53,63,73,83,93,103,113"
351,11:31,5,5,김포공항,11,"4,14,24,34,54,64,74,84,94,104,114"
351,11:31,6,6,일산,11,"15,25,35,45,55,65,75,85,95,105,115"
351,11:31,7,7,판교,12,"6,16,26,36,46,56,66,76,86,96,106,116"
351,11:31,8,8,동탄/용인,11,"17,27,37,47,57,67,77,87,97,107,117"
351,11:31,9,9,평택,13,"3,8,18,28,38,48,58,68,78,88,98,108,118"
352,11:32,1,1,서울역,13,"0,5,10,20,30,40,50,60,70,80,90,100,110"
352,11:32,10,10,인천공항,11,"9,29,39,49,59,69,79,89,99,109,119"
352,11:32,2,2,수서,13,"1,7,11,21,31,41,51,61,71,81,91,101,111"
352,11:32,3,3,삼성,13,"2,12,19,22,32,42,52,62,72,82,92,102,112"
352,11:32,4,4,여의도,12,"13,23,33,43,44,53,63,73,83,93,103,113"
352,11:32,5,5,김포공항,11,"4,14,24,34,54,64,74,84,94,104,114"
352,11:32,6,6,일산,11,"15,25,35,45,55,65,75,85,95,105,115"
352,11:32,7,7,판교,12,"6,16,26,36,46,56,66,76,86,96,106,116"
352,11:32,8,8,동탄/용인,11,"17,27,37,47,57,67,77,87,97,107,117"
352,11:32,9,9,평택,13,"3,8,18,28,38,48,58,68,78,88,98,108,118"
353,11:33,1,1,서울역,13,"0,5,10,20,30,40,50,60,70,80,90,100,110"
353,11:33,10,10,인천공항,11,"9,29,39,49,59,69,79,89,99,109,119"
353,11:33,2,2,수서,13,"1,7,11,21,31,41,51,61,71,81,91,101,111"
353,11:33,3,3,삼성,13,"2,12,19,22,32,42,52,62,72,82,92,102,112"
353,11:33,4,4,여의도,12,"13,23,33,43,44,53,63,73,83,93,103,113"
353,11:33,5,5,김포공항,11,"4,14,24,34,54,64,74,84,94,104,114"
353,11:33,6,6,일산,11,"15,25,35,45,55,65,75,85,95,105,115"
353,11:33,7,7,판교,12,"6,16,26,36,46,56,66,76,86,96,106,116"
353,11:33,8,8,동탄/용인,11,"17,27,37,47,57,67,77,87,97,107,117"
353,11:33,9,9,평택,13,"3,8,18,28,38,48,58,68,78,88,98,108,118"
354,11:34,1,1,서울역,13,"0,5,10,20,30,40,50,60,70,80,90,100,110"
354,11:34,10,10,인천공항,11,"9,29,39,49,59,69,79,89,99,109,119"
354,11:34,2,2,수서,13,"1,7,11,21,31,41,51,61,71,81,91,101,111"
354,11:34,3,3,삼성,13,"2,12,19,22,32,42,52,62,72,82,92,102,112"
354,11:34,4,4,여의도,12,"13,23,33,43,44,53,63,73,83,93,103,113"
354,11:34,5,5,김포공항,11,"4,14,24,34,54,64,74,84,94,104,114"
354,11:34,6,6,일산,11,"15,25,35,45,55,65,75,85,95,105,115"
354,11:34,7,7,판교,12,"6,16,26,36,46,56,66,76,86,96,106,116"
354,11:34,8,8,동탄/용인,11,"17,27,37,47,57,67,77,87,97,107,117"
354,11:34,9,9,평택,13,"3,8,18,28,38,48,58,68,78,88,98,108,118"
355,11:35,1,1,서울역,13,"0,5,10,20,30,40,50,60,70,80,90,100,110"
355,11:35,10,10,인천공항,11,"9,29,39,49,59,69,79,89,99,109,119"
355,11:35,2,2,수서,13,"1,7,11,21,31,41,51,61,71,81,91,101,111"
355,11:35,3,3,삼성,13,"2,12,19,22,32,42,52,62,72,82,92,102,112"
355,11:35,4,4,여의도,12,"13,23,33,43,44,53,63,73,83,93,103,113"
355,11:35,5,5,김포공항,11,"4,14,24,34,54,64,74,84,94,104,114"
355,11:35,6,6,일산,11,"15,25,35,45,55,65,75,85,95,105,115"
355,11:35,7,7,판교,12,"6,16,26,36,46,56,66,76,86,96,106,116"
355,11:35,8,8,동탄/용인,11,"17,27,37,47,57,67,77,87,97,107,117"
355,11:35,9,9,평택,13,"3,8,18,28,38,48,58,68,78,88,98,108,118"
356,11:36,1,1,서울역,13,"0,5,10,20,30,40,50,60,70,80,90,100,110"
356,11:36,10,10,인천공항,11,"9,29,39,49,59,69,79,89,99,109,119"
356,11:36,2,2,수서,13,"1,7,11,21,31,41,51,61,71,81,91,101,111"
356,11:36,3,3,삼성,13,"2,12,19,22,32,42,52,62,72,82,92,102,112"
356,11:36,4,4,여의도,12,"13,23,33,43,44,53,63,73,83,93,103,113"
356,11:36,5,5,김포공항,11,"4,14,24,34,54,64,74,84,94,104,114"
356,11:36,6,6,일산,11,"15,25,35,45,55,65,75,85,95,105,115"
356,11:36,7,7,판교,12,"6,16,26,36,46,56,66,76,86,96,106,116"
356,11:36,8,8,동탄/용인,11,"17,27,37,47,57,67,77,87,97,107,117"
356,11:36,9,9,평택,13,"3,8,18,28,38,48,58,68,78,88,98,108,118"
357,11:37,1,1,서울역,13,"0,5,10,20,30,40,50,60,70,80,90,100,110"
357,11:37,10,10,인천공항,11,"9,29,39,49,59,69,79,89,99,109,119"
357,11:37,2,2,수서,13,"1,7,11,21,31,41,51,61,71,81,91,101,111"
357,11:37,3,3,삼성,13,"2,12,19,22,32,42,52,62,72,82,92,102,112"
357,11:37,4,4,여의도,12,"13,23,33,43,44,53,63,73,83,93,103,113"
357,11:37,5,5,김포공항,11,"4,14,24,34,54,64,74,84,94,104,114"
357,11:37,6,6,일산,11,"15,25,35,45,55,65,75,85,95,105,115"
357,11:37,7,7,판교,12,"6,16,26,36,46,56,66,76,86,96,106,116"
357,11:37,8,8,동탄/용인,11,"17,27,37,47,57,67,77,87,97,107,117"
357,11:37,9,9,평택,13,"3,8,18,28,38,48,58,68,78,88,98,108,118"
358,11:38,1,1,서울역,13,"0,5,10,20,30,40,50,60,70,80,90,100,110"
358,11:38,10,10,인천공항,11,"9,29,39,49,59,69,79,89,99,109,119"
358,11:38,2,2,수서,13,"1,7,11,21,31,41,51,61,71,81,91,101,111"
358,11:38,3,3,삼성,13,"2,12,19,22,32,42,52,62,72,82,92,102,112"
358,11:38,4,4,여의도,12,"13,23,33,43,44,53,63,73,83,93,103,113"
358,11:38,5,5,김포공항,11,"4,14,24,34,54,64,74,84,94,104,114"
358,11:38,6,6,일산,11,"15,25,35,45,55,65,75,85,95,105,115"
358,11:38,7,7,판교,12,"6,16,26,36,46,56,66,76,86,96,106,116"
358,11:38,8,8,동탄/용인,11,"17,27,37,47,57,67,77,87,97,107,117"
358,11:38,9,9,평택,13,"3,8,18,28,38,48,58,68,78,88,98,108,118"
359,11:39,1,1,서울역,13,"0,5,10,20,30,40,50,60,70,80,90,100,110"
359,11:39,10,10,인천공항,11,"9,29,39,49,59,69,79,89,99,109,119"
359,11:39,2,2,수서,13,"1,7,11,21,31,41,51,61,71,81,91,101,111"
359,11:39,3,3,삼성,13,"2,12,19,22,32,42,52,62,72,82,92,102,112"
359,11:39,4,4,여의도,12,"13,23,33,43,44,53,63,73,83,93,103,113"
359,11:39,5,5,김포공항,11,"4,14,24,34,54,64,74,84,94,104,114"
359,11:39,6,6,일산,11,"15,25,35,45,55,65,75,85,95,105,115"
359,11:39,7,7,판교,12,"6,16,26,36,46,56,66,76,86,96,106,116"
359,11:39,8,8,동탄/용인,11,"17,27,37,47,57,67,77,87,97,107,117"
359,11:39,9,9,평택,13,"3,8,18,28,38,48,58,68,78,88,98,108,118"
360,11:40,1,1,서울역,13,"0,5,10,20,30,40,50,60,70,80,90,100,110"
360,11:40,10,10,인천공항,11,"9,29,39,49,59,69,79,89,99,109,119"
360,11:40,2,2,수서,13,"1,7,11,21,31,41,51,61,71,81,91,101,111"
360,11:40,3,3,삼성,13,"2,12,19,22,32,42,52,62,72,82,92,102,112"
360,11:40,4,4,여의도,12,"13,23,33,43,44,53,63,73,83,93,103,113"
360,11:40,5,5,김포공항,11,"4,14,24,34,54,64,74,84,94,104,114"
360,11:40,6,6,일산,11,"15,25,35,45,55,65,75,85,95,105,115"
360,11:40,7,7,판교,12,"6,16,26,36,46,56,66,76,86,96,106,116"
360,11:40,8,8,동탄/용인,11,"17,27,37,47,57,67,77,87,97,107,117"
360,11:40,9,9,평택,13,"3,8,18,28,38,48,58,68,78,88,98,108,118"
361,11:41,1,1,서울역,13,"0,5,10,20,30,40,50,60,70,80,90,100,110"
361,11:41,10,10,인천공항,11,"9,29,39,49,59,69,79,89,99,109,119"
361,11:41,2,2,수서,13,"1,7,11,21,31,41,51,61,71,81,91,101,111"
361,11:41,3,3,삼성,13,"2,12,19,22,32,42,52,62,72,82,92,102,112"
361,11:41,4,4,여의도,12,"13,23,33,43,44,53,63,73,83,93,103,113"
361,11:41,5,5,김포공항,11,"4,14,24,34,54,64,74,84,94,104,114"
361,11:41,6,6,일산,11,"15,25,35,45,55,65,75,85,95,105,115"
361,11:41,7,7,판교,12,"6,16,26,36,46,56,66,76,86,96,106,116"
361,11:41,8,8,동탄/용인,11,"17,27,37,47,57,67,77,87,97,107,117"
361,11:41,9,9,평택,13,"3,8,18,28,38,48,58,68,78,88,98,108,118"
362,11:42,1,1,서울역,13,"0,5,10,20,30,40,50,60,70,80,90,100,110"
362,11:42,10,10,인천공항,11,"9,29,39,49,59,69,79,89,99,109,119"
362,11:42,2,2,수서,13,"1,7,11,21,31,41,51,61,71,81,91,101,111"
362,11:42,3,3,삼성,13,"2,12,19,22,32,42,52,62,72,82,92,102,112"
362,11:42,4,4,여의도,12,"13,23,33,43,44,53,63,73,83,93,103,113"
362,11:42,5,5,김포공항,11,"4,14,24,34,54,64,74,84,94,104,114"
362,11:42,6,6,일산,11,"15,25,35,45,55,65,75,85,95,105,115"
362,11:42,7,7,판교,12,"6,16,26,36,46,56,66,76,86,96,106,116"
362,11:42,8,8,동탄/용인,11,"17,27,37,47,57,67,77,87,97,107,117"
362,11:42,9,9,평택,13,"3,8,18,28,38,48,58,68,78,88,98,108,118"
363,11:43,1,1,서울역,13,"0,5,10,20,30,40,50,60,70,80,90,100,110"
363,11:43,10,10,인천공항,11,"9,29,39,49,59,69,79,89,99,109,119"
363,11:43,2,2,수서,13,"1,7,11,21,31,41,51,61,71,81,91,101,111"
363,11:43,3,3,삼성,13,"2,12,19,22,32,42,52,62,72,82,92,102,112"
363,11:43,4,4,여의도,12,"13,23,33,43,44,53,63,73,83,93,103,113"
363,11:43,5,5,김포공항,11,"4,14,24,34,54,64,74,84,94,104,114"
363,11:43,6,6,일산,11,"15,25,35,45,55,65,75,85,95,105,115"
363,11:43,7,7,판교,12,"6,16,26,36,46,56,66,76,86,96,106,116"
363,11:43,8,8,동탄/용인,11,"17,27,37,47,57,67,77,87,97,107,117"
363,11:43,9,9,평택,13,"3,8,18,28,38,48,58,68,78,88,98,108,118"
364,11:44,1,1,서울역,13,"0,5,10,20,30,40,50,60,70,80,90,100,110"
364,11:44,10,10,인천공항,11,"9,29,39,49,59,69,79,89,99,109,119"
364,11:44,2,2,수서,13,"1,7,11,21,31,41,51,61,71,81,91,101,111"
364,11:44,3,3,삼성,13,"2,12,19,22,32,42,52,62,72,82,92,102,112"
364,11:44,4,4,여의도,12,"13,23,33,43,44,53,63,73,83,93,103,113"
364,11:44,5,5,김포공항,11,"4,14,24,34,54,64,74,84,94,104,114"
364,11:44,6,6,일산,11,"15,25,35,45,55,65,75,85,95,105,115"
364,11:44,7,7,판교,12,"6,16,26,36,46,56,66,76,86,96,106,116"
364,11:44,8,8,동탄/용인,11,"17,27,37,47,57,67,77,87,97,107,117"
364,11:44,9,9,평택,13,"3,8,18,28,38,48,58,68,78,88,98,108,118"
365,11:45,1,1,서울역,13,"0,5,10,20,30,40,50,60,70,80,90,100,110"
365,11:45,10,10,인천공항,11,"9,29,39,49,59,69,79,89,99,109,119"
365,11:45,2,2,수서,13,"1,7,11,21,31,41,51,61,71,81,91,101,111"
365,11:45,3,3,삼성,13,"2,12,19,22,32,42,52,62,72,82,92,102,112"
365,11:45,4,4,여의도,12,"13,23,33,43,44,53,63,73,83,93,103,113"
365,11:45,5,5,김포공항,11,"4,14,24,34,54,64,74,84,94,104,114"
365,11:45,6,6,일산,11,"15,25,35,45,55,65,75,85,95,105,115"
365,11:45,7,7,판교,12,"6,16,26,36,46,56,66,76,86,96,106,116"
365,11:45,8,8,동탄/용인,11,"17,27,37,47,57,67,77,87,97,107,117"
365,11:45,9,9,평택,13,"3,8,18,28,38,48,58,68,78,88,98,108,118"
366,11:46,1,1,서울역,13,"0,5,10,20,30,40,50,60,70,80,90,100,110"
366,11:46,10,10,인천공항,11,"9,29,39,49,59,69,79,89,99,109,119"
366,11:46,2,2,수서,13,"1,7,11,21,31,41,51,61,71,81,91,101,111"
366,11:46,3,3,삼성,13,"2,12,19,22,32,42,52,62,72,82,92,102,112"
366,11:46,4,4,여의도,12,"13,23,33,43,44,53,63,73,83,93,103,113"
366,11:46,5,5,김포공항,11,"4,14,24,34,54,64,74,84,94,104,114"
366,11:46,6,6,일산,11,"15,25,35,45,55,65,75,85,95,105,115"
366,11:46,7,7,판교,12,"6,16,26,36,46,56,66,76,86,96,106,116"
366,11:46,8,8,동탄/용인,11,"17,27,37,47,57,67,77,87,97,107,117"
366,11:46,9,9,평택,13,"3,8,18,28,38,48,58,68,78,88,98,108,118"
367,11:47,1,1,서울역,13,"0,5,10,20,30,40,50,60,70,80,90,100,110"
367,11:47,10,10,인천공항,11,"9,29,39,49,59,69,79,89,99,109,119"
367,11:47,2,2,수서,13,"1,7,11,21,31,41,51,61,71,81,91,101,111"
367,11:47,3,3,삼성,13,"2,12,19,22,32,42,52,62,72,82,92,102,112"
367,11:47,4,4,여의도,12,"13,23,33,43,44,53,63,73,83,93,103,113"
367,11:47,5,5,김포공항,11,"4,14,24,34,54,64,74,84,94,104,114"
367,11:47,6,6,일산,11,"15,25,35,45,55,65,75,85,95,105,115"
367,11:47,7,7,판교,12,"6,16,26,36,46,56,66,76,86,96,106,116"
367,11:47,8,8,동탄/용인,11,"17,27,37,47,57,67,77,87,97,107,117"
367,11:47,9,9,평택,13,"3,8,18,28,38,48,58,68,78,88,98,108,118"
368,11:48,1,1,서울역,13,"0,5,10,20,30,40,50,60,70,80,90,100,110"
368,11:48,10,10,인천공항,11,"9,29,39,49,59,69,79,89,99,109,119"
368,11:48,2,2,수서,13,"1,7,11,21,31,41,51,61,71,81,91,101,111"
368,11:48,3,3,삼성,13,"2,12,19,22,32,42,52,62,72,82,92,102,112"
368,11:48,4,4,여의도,12,"13,23,33,43,44,53,63,73,83,93,103,113"
368,11:48,5,5,김포공항,11,"4,14,24,34,54,64,74,84,94,104,114"
368,11:48,6,6,일산,11,"15,25,35,45,55,65,75,85,95,105,115"
368,11:48,7,7,판교,12,"6,16,26,36,46,56,66,76,86,96,106,116"
368,11:48,8,8,동탄/용인,11,"17,27,37,47,57,67,77,87,97,107,117"
368,11:48,9,9,평택,13,"3,8,18,28,38,48,58,68,78,88,98,108,118"
369,11:49,1,1,서울역,13,"0,5,10,20,30,40,50,60,70,80,90,100,110"
369,11:49,10,10,인천공항,11,"9,29,39,49,59,69,79,89,99,109,119"
369,11:49,2,2,수서,13,"1,7,11,21,31,41,51,61,71,81,91,101,111"
369,11:49,3,3,삼성,13,"2,12,19,22,32,42,52,62,72,82,92,102,112"
369,11:49,4,4,여의도,12,"13,23,33,43,44,53,63,73,83,93,103,113"
369,11:49,5,5,김포공항,11,"4,14,24,34,54,64,74,84,94,104,114"
369,11:49,6,6,일산,11,"15,25,35,45,55,65,75,85,95,105,115"
369,11:49,7,7,판교,12,"6,16,26,36,46,56,66,76,86,96,106,116"
369,11:49,8,8,동탄/용인,11,"17,27,37,47,57,67,77,87,97,107,117"
369,11:49,9,9,평택,13,"3,8,18,28,38,48,58,68,78,88,98,108,118"
370,11:50,1,1,서울역,13,"0,5,10,20,30,40,50,60,70,80,90,100,110"
370,11:50,10,10,인천공항,11,"9,29,39,49,59,69,79,89,99,109,119"
370,11:50,2,2,수서,13,"1,7,11,21,31,41,51,61,71,81,91,101,111"
370,11:50,3,3,삼성,13,"2,12,19,22,32,42,52,62,72,82,92,102,112"
370,11:50,4,4,여의도,12,"13,23,33,43,44,53,63,73,83,93,103,113"
370,11:50,5,5,김포공항,11,"4,14,24,34,54,64,74,84,94,104,114"
370,11:50,6,6,일산,11,"15,25,35,45,55,65,75,85,95,105,115"
370,11:50,7,7,판교,12,"6,16,26,36,46,56,66,76,86,96,106,116"
370,11:50,8,8,동탄/용인,11,"17,27,37,47,57,67,77,87,97,107,117"
370,11:50,9,9,평택,13,"3,8,18,28,38,48,58,68,78,88,98,108,118"
371,11:51,1,1,서울역,13,"0,5,10,20,30,40,50,60,70,80,90,100,110"
371,11:51,10,10,인천공항,11,"9,29,39,49,59,69,79,89,99,109,119"
371,11:51,2,2,수서,13,"1,7,11,21,31,41,51,61,71,81,91,101,111"
371,11:51,3,3,삼성,13,"2,12,19,22,32,42,52,62,72,82,92,102,112"
371,11:51,4,4,여의도,12,"13,23,33,43,44,53,63,73,83,93,103,113"
371,11:51,5,5,김포공항,11,"4,14,24,34,54,64,74,84,94,104,114"
371,11:51,6,6,일산,11,"15,25,35,45,55,65,75,85,95,105,115"
371,11:51,7,7,판교,12,"6,16,26,36,46,56,66,76,86,96,106,116"
371,11:51,8,8,동탄/용인,11,"17,27,37,47,57,67,77,87,97,107,117"
371,11:51,9,9,평택,13,"3,8,18,28,38,48,58,68,78,88,98,108,118"
372,11:52,1,1,서울역,13,"0,5,10,20,30,40,50,60,70,80,90,100,110"
372,11:52,10,10,인천공항,11,"9,29,39,49,59,69,79,89,99,109,119"
372,11:52,2,2,수서,13,"1,7,11,21,31,41,51,61,71,81,91,101,111"
372,11:52,3,3,삼성,13,"2,12,19,22,32,42,52,62,72,82,92,102,112"
372,11:52,4,4,여의도,12,"13,23,33,43,44,53,63,73,83,93,103,113"
372,11:52,5,5,김포공항,11,"4,14,24,34,54,64,74,84,94,104,114"
372,11:52,6,6,일산,11,"15,25,35,45,55,65,75,85,95,105,115"
372,11:52,7,7,판교,12,"6,16,26,36,46,56,66,76,86,96,106,116"
372,11:52,8,8,동탄/용인,11,"17,27,37,47,57,67,77,87,97,107,117"
372,11:52,9,9,평택,13,"3,8,18,28,38,48,58,68,78,88,98,108,118"
373,11:53,1,1,서울역,13,"0,5,10,20,30,40,50,60,70,80,90,100,110"
373,11:53,10,10,인천공항,11,"9,29,39,49,59,69,79,89,99,109,119"
373,11:53,2,2,수서,13,"1,7,11,21,31,41,51,61,71,81,91,101,111"
373,11:53,3,3,삼성,13,"2,12,19,22,32,42,52,62,72,82,92,102,112"
373,11:53,4,4,여의도,12,"13,23,33,43,44,53,63,73,83,93,103,113"
373,11:53,5,5,김포공항,11,"4,14,24,34,54,64,74,84,94,104,114"
373,11:53,6,6,일산,11,"15,25,35,45,55,65,75,85,95,105,115"
373,11:53,7,7,판교,12,"6,16,26,36,46,56,66,76,86,96,106,116"
373,11:53,8,8,동탄/용인,11,"17,27,37,47,57,67,77,87,97,107,117"
373,11:53,9,9,평택,13,"3,8,18,28,38,48,58,68,78,88,98,108,118"
374,11:54,1,1,서울역,13,"0,5,10,20,30,40,50,60,70,80,90,100,110"
374,11:54,10,10,인천공항,11,"9,29,39,49,59,69,79,89,99,109,119"
374,11:54,2,2,수서,13,"1,7,11,21,31,41,51,61,71,81,91,101,111"
374,11:54,3,3,삼성,13,"2,12,19,22,32,42,52,62,72,82,92,102,112"
374,11:54,4,4,여의도,12,"13,23,33,43,44,53,63,73,83,93,103,113"
374,11:54,5,5,김포공항,11,"4,14,24,34,54,64,74,84,94,104,114"
374,11:54,6,6,일산,11,"15,25,35,45,55,65,75,85,95,105,115"
374,11:54,7,7,판교,12,"6,16,26,36,46,56,66,76,86,96,106,116"
374,11:54,8,8,동탄/용인,11,"17,27,37,47,57,67,77,87,97,107,117"
374,11:54,9,9,평택,13,"3,8,18,28,38,48,58,68,78,88,98,108,118"
375,11:55,1,1,서울역,13,"0,5,10,20,30,40,50,60,70,80,90,100,110"
375,11:55,10,10,인천공항,11,"9,29,39,49,59,69,79,89,99,109,119"
375,11:55,2,2,수서,13,"1,7,11,21,31,41,51,61,71,81,91,101,111"
375,11:55,3,3,삼성,13,"2,12,19,22,32,42,52,62,72,82,92,102,112"
375,11:55,4,4,여의도,12,"13,23,33,43,44,53,63,73,83,93,103,113"
375,11:55,5,5,김포공항,11,"4,14,24,34,54,64,74,84,94,104,114"
375,11:55,6,6,일산,11,"15,25,35,45,55,65,75,85,95,105,115"
375,11:55,7,7,판교,12,"6,16,26,36,46,56,66,76,86,96,106,116"
375,11:55,8,8,동탄/용인,11,"17,27,37,47,57,67,77,87,97,107,117"
375,11:55,9,9,평택,13,"3,8,18,28,38,48,58,68,78,88,98,108,118"
376,11:56,1,1,서울역,13,"0,5,10,20,30,40,50,60,70,80,90,100,110"
376,11:56,10,10,인천공항,11,"9,29,39,49,59,69,79,89,99,109,119"
376,11:56,2,2,수서,13,"1,7,11,21,31,41,51,61,71,81,91,101,111"
376,11:56,3,3,삼성,13,"2,12,19,22,32,42,52,62,72,82,92,102,112"
376,11:56,4,4,여의도,12,"13,23,33,43,44,53,63,73,83,93,103,113"
376,11:56,5,5,김포공항,11,"4,14,24,34,54,64,74,84,94,104,114"
376,11:56,6,6,일산,11,"15,25,35,45,55,65,75,85,95,105,115"
376,11:56,7,7,판교,12,"6,16,26,36,46,56,66,76,86,96,106,116"
376,11:56,8,8,동탄/용인,11,"17,27,37,47,57,67,77,87,97,107,117"
376,11:56,9,9,평택,13,"3,8,18,28,38,48,58,68,78,88,98,108,118"
377,11:57,1,1,서울역,13,"0,5,10,20,30,40,50,60,70,80,90,100,110"
377,11:57,10,10,인천공항,11,"9,29,39,49,59,69,79,89,99,109,119"
377,11:57,2,2,수서,13,"1,7,11,21,31,41,51,61,71,81,91,101,111"
377,11:57,3,3,삼성,13,"2,12,19,22,32,42,52,62,72,82,92,102,112"
377,11:57,4,4,여의도,12,"13,23,33,43,44,53,63,73,83,93,103,113"
377,11:57,5,5,김포공항,11,"4,14,24,34,54,64,74,84,94,104,114"
377,11:57,6,6,일산,11,"15,25,35,45,55,65,75,85,95,105,115"
377,11:57,7,7,판교,12,"6,16,26,36,46,56,66,76,86,96,106,116"
377,11:57,8,8,동탄/용인,11,"17,27,37,47,57,67,77,87,97,107,117"
377,11:57,9,9,평택,13,"3,8,18,28,38,48,58,68,78,88,98,108,118"
378,11:58,1,1,서울역,13,"0,5,10,20,30,40,50,60,70,80,90,100,110"
378,11:58,10,10,인천공항,11,"9,29,39,49,59,69,79,89,99,109,119"
378,11:58,2,2,수서,13,"1,7,11,21,31,41,51,61,71,81,91,101,111"
378,11:58,3,3,삼성,13,"2,12,19,22,32,42,52,62,72,82,92,102,112"
378,11:58,4,4,여의도,12,"13,23,33,43,44,53,63,73,83,93,103,113"
378,11:58,5,5,김포공항,11,"4,14,24,34,54,64,74,84,94,104,114"
378,11:58,6,6,일산,11,"15,25,35,45,55,65,75,85,95,105,115"
378,11:58,7,7,판교,12,"6,16,26,36,46,56,66,76,86,96,106,116"
378,11:58,8,8,동탄/용인,11,"17,27,37,47,57,67,77,87,97,107,117"
378,11:58,9,9,평택,13,"3,8,18,28,38,48,58,68,78,88,98,108,118"
379,11:59,1,1,서울역,13,"0,5,10,20,30,40,50,60,70,80,90,100,110"
379,11:59,10,10,인천공항,11,"9,29,39,49,59,69,79,89,99,109,119"
379,11:59,2,2,수서,13,"1,7,11,21,31,41,51,61,71,81,91,101,111"
379,11:59,3,3,삼성,13,"2,12,19,22,32,42,52,62,72,82,92,102,112"
379,11:59,4,4,여의도,12,"13,23,33,43,44,53,63,73,83,93,103,113"
379,11:59,5,5,김포공항,11,"4,14,24,34,54,64,74,84,94,104,114"
379,11:59,6,6,일산,11,"15,25,35,45,55,65,75,85,95,105,115"
379,11:59,7,7,판교,12,"6,16,26,36,46,56,66,76,86,96,106,116"
379,11:59,8,8,동탄/용인,11,"17,27,37,47,57,67,77,87,97,107,117"
379,11:59,9,9,평택,13,"3,8,18,28,38,48,58,68,78,88,98,108,118"
380,12:00,1,1,서울역,13,"0,5,10,20,30,40,50,60,70,80,90,100,110"
380,12:00,10,10,인천공항,11,"9,29,39,49,59,69,79,89,99,109,119"
380,12:00,2,2,수서,13,"1,7,11,21,31,41,51,61,71,81,91,101,111"
380,12:00,3,3,삼성,13,"2,12,19,22,32,42,52,62,72,82,92,102,112"
380,12:00,4,4,여의도,12,"13,23,33,43,44,53,63,73,83,93,103,113"
380,12:00,5,5,김포공항,11,"4,14,24,34,54,64,74,84,94,104,114"
380,12:00,6,6,일산,11,"15,25,35,45,55,65,75,85,95,105,115"
380,12:00,7,7,판교,12,"6,16,26,36,46,56,66,76,86,96,106,116"
380,12:00,8,8,동탄/용인,11,"17,27,37,47,57,67,77,87,97,107,117"
380,12:00,9,9,평택,13,"3,8,18,28,38,48,58,68,78,88,98,108,118"
381,12:01,1,1,서울역,13,"0,5,10,20,30,40,50,60,70,80,90,100,110"
381,12:01,10,10,인천공항,11,"9,29,39,49,59,69,79,89,99,109,119"
381,12:01,2,2,수서,13,"1,7,11,21,31,41,51,61,71,81,91,101,111"
381,12:01,3,3,삼성,13,"2,12,19,22,32,42,52,62,72,82,92,102,112"
381,12:01,4,4,여의도,12,"13,23,33,43,44,53,63,73,83,93,103,113"
381,12:01,5,5,김포공항,11,"4,14,24,34,54,64,74,84,94,104,114"
381,12:01,6,6,일산,11,"15,25,35,45,55,65,75,85,95,105,115"
381,12:01,7,7,판교,12,"6,16,26,36,46,56,66,76,86,96,106,116"
381,12:01,8,8,동탄/용인,11,"17,27,37,47,57,67,77,87,97,107,117"
381,12:01,9,9,평택,13,"3,8,18,28,38,48,58,68,78,88,98,108,118"
382,12:02,1,1,서울역,13,"0,5,10,20,30,40,50,60,70,80,90,100,110"
382,12:02,10,10,인천공항,11,"9,29,39,49,59,69,79,89,99,109,119"
382,12:02,2,2,수서,13,"1,7,11,21,31,41,51,61,71,81,91,101,111"
382,12:02,3,3,삼성,13,"2,12,19,22,32,42,52,62,72,82,92,102,112"
382,12:02,4,4,여의도,12,"13,23,33,43,44,53,63,73,83,93,103,113"
382,12:02,5,5,김포공항,11,"4,14,24,34,54,64,74,84,94,104,114"
382,12:02,6,6,일산,11,"15,25,35,45,55,65,75,85,95,105,115"
382,12:02,7,7,판교,12,"6,16,26,36,46,56,66,76,86,96,106,116"
382,12:02,8,8,동탄/용인,11,"17,27,37,47,57,67,77,87,97,107,117"
382,12:02,9,9,평택,13,"3,8,18,28,38,48,58,68,78,88,98,108,118"
383,12:03,1,1,서울역,13,"0,5,10,20,30,40,50,60,70,80,90,100,110"
383,12:03,10,10,인천공항,11,"9,29,39,49,59,69,79,89,99,109,119"
383,12:03,2,2,수서,13,"1,7,11,21,31,41,51,61,71,81,91,101,111"
383,12:03,3,3,삼성,13,"2,12,19,22,32,42,52,62,72,82,92,102,112"
383,12:03,4,4,여의도,12,"13,23,33,43,44,53,63,73,83,93,103,113"
383,12:03,5,5,김포공항,11,"4,14,24,34,54,64,74,84,94,104,114"
383,12:03,6,6,일산,11,"15,25,35,45,55,65,75,85,95,105,115"
383,12:03,7,7,판교,12,"6,16,26,36,46,56,66,76,86,96,106,116"
383,12:03,8,8,동탄/용인,11,"17,27,37,47,57,67,77,87,97,107,117"
383,12:03,9,9,평택,13,"3,8,18,28,38,48,58,68,78,88,98,108,118"
384,12:04,1,1,서울역,13,"0,5,10,20,30,40,50,60,70,80,90,100,110"
384,12:04,10,10,인천공항,11,"9,29,39,49,59,69,79,89,99,109,119"
384,12:04,2,2,수서,13,"1,7,11,21,31,41,51,61,71,81,91,101,111"
384,12:04,3,3,삼성,13,"2,12,19,22,32,42,52,62,72,82,92,102,112"
384,12:04,4,4,여의도,12,"13,23,33,43,44,53,63,73,83,93,103,113"
384,12:04,5,5,김포공항,11,"4,14,24,34,54,64,74,84,94,104,114"
384,12:04,6,6,일산,11,"15,25,35,45,55,65,75,85,95,105,115"
384,12:04,7,7,판교,12,"6,16,26,36,46,56,66,76,86,96,106,116"
384,12:04,8,8,동탄/용인,11,"17,27,37,47,57,67,77,87,97,107,117"
384,12:04,9,9,평택,13,"3,8,18,28,38,48,58,68,78,88,98,108,118"
385,12:05,1,1,서울역,13,"0,5,10,20,30,40,50,60,70,80,90,100,110"
385,12:05,10,10,인천공항,11,"9,29,39,49,59,69,79,89,99,109,119"
385,12:05,2,2,수서,13,"1,7,11,21,31,41,51,61,71,81,91,101,111"
385,12:05,3,3,삼성,13,"2,12,19,22,32,42,52,62,72,82,92,102,112"
385,12:05,4,4,여의도,12,"13,23,33,43,44,53,63,73,83,93,103,113"
385,12:05,5,5,김포공항,11,"4,14,24,34,54,64,74,84,94,104,114"
385,12:05,6,6,일산,11,"15,25,35,45,55,65,75,85,95,105,115"
385,12:05,7,7,판교,12,"6,16,26,36,46,56,66,76,86,96,106,116"
385,12:05,8,8,동탄/용인,11,"17,27,37,47,57,67,77,87,97,107,117"
385,12:05,9,9,평택,13,"3,8,18,28,38,48,58,68,78,88,98,108,118"
386,12:06,1,1,서울역,13,"0,5,10,20,30,40,50,60,70,80,90,100,110"
386,12:06,10,10,인천공항,11,"9,29,39,49,59,69,79,89,99,109,119"
386,12:06,2,2,수서,13,"1,7,11,21,31,41,51,61,71,81,91,101,111"
386,12:06,3,3,삼성,13,"2,12,19,22,32,42,52,62,72,82,92,102,112"
386,12:06,4,4,여의도,12,"13,23,33,43,44,53,63,73,83,93,103,113"
386,12:06,5,5,김포공항,11,"4,14,24,34,54,64,74,84,94,104,114"
386,12:06,6,6,일산,11,"15,25,35,45,55,65,75,85,95,105,115"
386,12:06,7,7,판교,12,"6,16,26,36,46,56,66,76,86,96,106,116"
386,12:06,8,8,동탄/용인,11,"17,27,37,47,57,67,77,87,97,107,117"
386,12:06,9,9,평택,13,"3,8,18,28,38,48,58,68,78,88,98,108,118"
387,12:07,1,1,서울역,13,"0,5,10,20,30,40,50,60,70,80,90,100,110"
387,12:07,10,10,인천공항,11,"9,29,39,49,59,69,79,89,99,109,119"
387,12:07,2,2,수서,13,"1,7,11,21,31,41,51,61,71,81,91,101,111"
387,12:07,3,3,삼성,13,"2,12,19,22,32,42,52,62,72,82,92,102,112"
387,12:07,4,4,여의도,12,"13,23,33,43,44,53,63,73,83,93,103,113"
387,12:07,5,5,김포공항,11,"4,14,24,34,54,64,74,84,94,104,114"
387,12:07,6,6,일산,11,"15,25,35,45,55,65,75,85,95,105,115"
387,12:07,7,7,판교,12,"6,16,26,36,46,56,66,76,86,96,106,116"
387,12:07,8,8,동탄/용인,11,"17,27,37,47,57,67,77,87,97,107,117"
387,12:07,9,9,평택,13,"3,8,18,28,38,48,58,68,78,88,98,108,118"
388,12:08,1,1,서울역,13,"0,5,10,20,30,40,50,60,70,80,90,100,110"
388,12:08,10,10,인천공항,11,"9,29,39,49,59,69,79,89,99,109,119"
388,12:08,2,2,수서,13,"1,7,11,21,31,41,51,61,71,81,91,101,111"
388,12:08,3,3,삼성,13,"2,12,19,22,32,42,52,62,72,82,92,102,112"
388,12:08,4,4,여의도,12,"13,23,33,43,44,53,63,73,83,93,103,113"
388,12:08,5,5,김포공항,11,"4,14,24,34,54,64,74,84,94,104,114"
388,12:08,6,6,일산,11,"15,25,35,45,55,65,75,85,95,105,115"
388,12:08,7,7,판교,12,"6,16,26,36,46,56,66,76,86,96,106,116"
388,12:08,8,8,동탄/용인,11,"17,27,37,47,57,67,77,87,97,107,117"
388,12:08,9,9,평택,13,"3,8,18,28,38,48,58,68,78,88,98,108,118"
389,12:09,1,1,서울역,13,"0,5,10,20,30,40,50,60,70,80,90,100,110"
389,12:09,10,10,인천공항,11,"9,29,39,49,59,69,79,89,99,109,119"
389,12:09,2,2,수서,13,"1,7,11,21,31,41,51,61,71,81,91,101,111"
389,12:09,3,3,삼성,13,"2,12,19,22,32,42,52,62,72,82,92,102,112"
389,12:09,4,4,여의도,12,"13,23,33,43,44,53,63,73,83,93,103,113"
389,12:09,5,5,김포공항,11,"4,14,24,34,54,64,74,84,94,104,114"
389,12:09,6,6,일산,11,"15,25,35,45,55,65,75,85,95,105,115"
389,12:09,7,7,판교,12,"6,16,26,36,46,56,66,76,86,96,106,116"
389,12:09,8,8,동탄/용인,11,"17,27,37,47,57,67,77,87,97,107,117"
389,12:09,9,9,평택,13,"3,8,18,28,38,48,58,68,78,88,98,108,118"
390,12:10,1,1,서울역,13,"0,5,10,20,30,40,50,60,70,80,90,100,110"
390,12:10,10,10,인천공항,11,"9,29,39,49,59,69,79,89,99,109,119"
390,12:10,2,2,수서,13,"1,7,11,21,31,41,51,61,71,81,91,101,111"
390,12:10,3,3,삼성,13,"2,12,19,22,32,42,52,62,72,82,92,102,112"
390,12:10,4,4,여의도,12,"13,23,33,43,44,53,63,73,83,93,103,113"
390,12:10,5,5,김포공항,11,"4,14,24,34,54,64,74,84,94,104,114"
390,12:10,6,6,일산,11,"15,25,35,45,55,65,75,85,95,105,115"
390,12:10,7,7,판교,12,"6,16,26,36,46,56,66,76,86,96,106,116"
390,12:10,8,8,동탄/용인,11,"17,27,37,47,57,67,77,87,97,107,117"
390,12:10,9,9,평택,13,"3,8,18,28,38,48,58,68,78,88,98,108,118"
391,12:11,1,1,서울역,13,"0,5,10,20,30,40,50,60,70,80,90,100,110"
391,12:11,10,10,인천공항,11,"9,29,39,49,59,69,79,89,99,109,119"
391,12:11,2,2,수서,13,"1,7,11,21,31,41,51,61,71,81,91,101,111"
391,12:11,3,3,삼성,13,"2,12,19,22,32,42,52,62,72,82,92,102,112"
391,12:11,4,4,여의도,12,"13,23,33,43,44,53,63,73,83,93,103,113"
391,12:11,5,5,김포공항,11,"4,14,24,34,54,64,74,84,94,104,114"
391,12:11,6,6,일산,11,"15,25,35,45,55,65,75,85,95,105,115"
391,12:11,7,7,판교,12,"6,16,26,36,46,56,66,76,86,96,106,116"
391,12:11,8,8,동탄/용인,11,"17,27,37,47,57,67,77,87,97,107,117"
391,12:11,9,9,평택,13,"3,8,18,28,38,48,58,68,78,88,98,108,118"
392,12:12,1,1,서울역,13,"0,5,10,20,30,40,50,60,70,80,90,100,110"
392,12:12,10,10,인천공항,11,"9,29,39,49,59,69,79,89,99,109,119"
392,12:12,2,2,수서,13,"1,7,11,21,31,41,51,61,71,81,91,101,111"
392,12:12,3,3,삼성,13,"2,12,19,22,32,42,52,62,72,82,92,102,112"
392,12:12,4,4,여의도,12,"13,23,33,43,44,53,63,73,83,93,103,113"
392,12:12,5,5,김포공항,11,"4,14,24,34,54,64,74,84,94,104,114"
392,12:12,6,6,일산,11,"15,25,35,45,55,65,75,85,95,105,115"
392,12:12,7,7,판교,12,"6,16,26,36,46,56,66,76,86,96,106,116"
392,12:12,8,8,동탄/용인,11,"17,27,37,47,57,67,77,87,97,107,117"
392,12:12,9,9,평택,13,"3,8,18,28,38,48,58,68,78,88,98,108,118"
393,12:13,1,1,서울역,13,"0,5,10,20,30,40,50,60,70,80,90,100,110"
393,12:13,10,10,인천공항,11,"9,29,39,49,59,69,79,89,99,109,119"
393,12:13,2,2,수서,13,"1,7,11,21,31,41,51,61,71,81,91,101,111"
393,12:13,3,3,삼성,13,"2,12,19,22,32,42,52,62,72,82,92,102,112"
393,12:13,4,4,여의도,12,"13,23,33,43,44,53,63,73,83,93,103,113"
393,12:13,5,5,김포공항,11,"4,14,24,34,54,64,74,84,94,104,114"
393,12:13,6,6,일산,11,"15,25,35,45,55,65,75,85,95,105,115"
393,12:13,7,7,판교,12,"6,16,26,36,46,56,66,76,86,96,106,116"
393,12:13,8,8,동탄/용인,11,"17,27,37,47,57,67,77,87,97,107,117"
393,12:13,9,9,평택,13,"3,8,18,28,38,48,58,68,78,88,98,108,118"
394,12:14,1,1,서울역,13,"0,5,10,20,30,40,50,60,70,80,90,100,110"
394,12:14,10,10,인천공항,11,"9,29,39,49,59,69,79,89,99,109,119"
394,12:14,2,2,수서,13,"1,7,11,21,31,41,51,61,71,81,91,101,111"
394,12:14,3,3,삼성,13,"2,12,19,22,32,42,52,62,72,82,92,102,112"
394,12:14,4,4,여의도,12,"13,23,33,43,44,53,63,73,83,93,103,113"
394,12:14,5,5,김포공항,11,"4,14,24,34,54,64,74,84,94,104,114"
394,12:14,6,6,일산,11,"15,25,35,45,55,65,75,85,95,105,115"
394,12:14,7,7,판교,12,"6,16,26,36,46,56,66,76,86,96,106,116"
394,12:14,8,8,동탄/용인,11,"17,27,37,47,57,67,77,87,97,107,117"
394,12:14,9,9,평택,13,"3,8,18,28,38,48,58,68,78,88,98,108,118"
395,12:15,1,1,서울역,13,"0,5,10,20,30,40,50,60,70,80,90,100,110"
395,12:15,10,10,인천공항,11,"9,29,39,49,59,69,79,89,99,109,119"
395,12:15,2,2,수서,13,"1,7,11,21,31,41,51,61,71,81,91,101,111"
395,12:15,3,3,삼성,13,"2,12,19,22,32,42,52,62,72,82,92,102,112"
395,12:15,4,4,여의도,12,"13,23,33,43,44,53,63,73,83,93,103,113"
395,12:15,5,5,김포공항,11,"4,14,24,34,54,64,74,84,94,104,114"
395,12:15,6,6,일산,11,"15,25,35,45,55,65,75,85,95,105,115"
395,12:15,7,7,판교,12,"6,16,26,36,46,56,66,76,86,96,106,116"
395,12:15,8,8,동탄/용인,11,"17,27,37,47,57,67,77,87,97,107,117"
395,12:15,9,9,평택,13,"3,8,18,28,38,48,58,68,78,88,98,108,118"
396,12:16,1,1,서울역,13,"0,5,10,20,30,40,50,60,70,80,90,100,110"
396,12:16,10,10,인천공항,11,"9,29,39,49,59,69,79,89,99,109,119"
396,12:16,2,2,수서,13,"1,7,11,21,31,41,51,61,71,81,91,101,111"
396,12:16,3,3,삼성,13,"2,12,19,22,32,42,52,62,72,82,92,102,112"
396,12:16,4,4,여의도,12,"13,23,33,43,44,53,63,73,83,93,103,113"
396,12:16,5,5,김포공항,11,"4,14,24,34,54,64,74,84,94,104,114"
396,12:16,6,6,일산,11,"15,25,35,45,55,65,75,85,95,105,115"
396,12:16,7,7,판교,12,"6,16,26,36,46,56,66,76,86,96,106,116"
396,12:16,8,8,동탄/용인,11,"17,27,37,47,57,67,77,87,97,107,117"
396,12:16,9,9,평택,13,"3,8,18,28,38,48,58,68,78,88,98,108,118"
397,12:17,1,1,서울역,13,"0,5,10,20,30,40,50,60,70,80,90,100,110"
397,12:17,10,10,인천공항,11,"9,29,39,49,59,69,79,89,99,109,119"
397,12:17,2,2,수서,13,"1,7,11,21,31,41,51,61,71,81,91,101,111"
397,12:17,3,3,삼성,13,"2,12,19,22,32,42,52,62,72,82,92,102,112"
397,12:17,4,4,여의도,12,"13,23,33,43,44,53,63,73,83,93,103,113"
397,12:17,5,5,김포공항,11,"4,14,24,34,54,64,74,84,94,104,114"
397,12:17,6,6,일산,11,"15,25,35,45,55,65,75,85,95,105,115"
397,12:17,7,7,판교,12,"6,16,26,36,46,56,66,76,86,96,106,116"
397,12:17,8,8,동탄/용인,11,"17,27,37,47,57,67,77,87,97,107,117"
397,12:17,9,9,평택,13,"3,8,18,28,38,48,58,68,78,88,98,108,118"
398,12:18,1,1,서울역,13,"0,5,10,20,30,40,50,60,70,80,90,100,110"
398,12:18,10,10,인천공항,11,"9,29,39,49,59,69,79,89,99,109,119"
398,12:18,2,2,수서,13,"1,7,11,21,31,41,51,61,71,81,91,101,111"
398,12:18,3,3,삼성,13,"2,12,19,22,32,42,52,62,72,82,92,102,112"
398,12:18,4,4,여의도,12,"13,23,33,43,44,53,63,73,83,93,103,113"
398,12:18,5,5,김포공항,11,"4,14,24,34,54,64,74,84,94,104,114"
398,12:18,6,6,일산,11,"15,25,35,45,55,65,75,85,95,105,115"
398,12:18,7,7,판교,12,"6,16,26,36,46,56,66,76,86,96,106,116"
398,12:18,8,8,동탄/용인,11,"17,27,37,47,57,67,77,87,97,107,117"
398,12:18,9,9,평택,13,"3,8,18,28,38,48,58,68,78,88,98,108,118"
399,12:19,1,1,서울역,13,"0,5,10,20,30,40,50,60,70,80,90,100,110"
399,12:19,10,10,인천공항,11,"9,29,39,49,59,69,79,89,99,109,119"
399,12:19,2,2,수서,13,"1,7,11,21,31,41,51,61,71,81,91,101,111"
399,12:19,3,3,삼성,13,"2,12,19,22,32,42,52,62,72,82,92,102,112"
399,12:19,4,4,여의도,12,"13,23,33,43,44,53,63,73,83,93,103,113"
399,12:19,5,5,김포공항,11,"4,14,24,34,54,64,74,84,94,104,114"
399,12:19,6,6,일산,11,"15,25,35,45,55,65,75,85,95,105,115"
399,12:19,7,7,판교,12,"6,16,26,36,46,56,66,76,86,96,106,116"
399,12:19,8,8,동탄/용인,11,"17,27,37,47,57,67,77,87,97,107,117"
399,12:19,9,9,평택,13,"3,8,18,28,38,48,58,68,78,88,98,108,118"
400,12:20,1,1,서울역,13,"0,5,10,20,30,40,50,60,70,80,90,100,110"
400,12:20,10,10,인천공항,11,"9,29,39,49,59,69,79,89,99,109,119"
400,12:20,2,2,수서,13,"1,7,11,21,31,41,51,61,71,81,91,101,111"
400,12:20,3,3,삼성,13,"2,12,19,22,32,42,52,62,72,82,92,102,112"
400,12:20,4,4,여의도,12,"13,23,33,43,44,53,63,73,83,93,103,113"
400,12:20,5,5,김포공항,11,"4,14,24,34,54,64,74,84,94,104,114"
400,12:20,6,6,일산,11,"15,25,35,45,55,65,75,85,95,105,115"
400,12:20,7,7,판교,12,"6,16,26,36,46,56,66,76,86,96,106,116"
400,12:20,8,8,동탄/용인,11,"17,27,37,47,57,67,77,87,97,107,117"
400,12:20,9,9,평택,13,"3,8,18,28,38,48,58,68,78,88,98,108,118"
401,12:21,1,1,서울역,13,"0,5,10,20,30,40,50,60,70,80,90,100,110"
401,12:21,10,10,인천공항,11,"9,29,39,49,59,69,79,89,99,109,119"
401,12:21,2,2,수서,13,"1,7,11,21,31,41,51,61,71,81,91,101,111"
401,12:21,3,3,삼성,13,"2,12,19,22,32,42,52,62,72,82,92,102,112"
401,12:21,4,4,여의도,12,"13,23,33,43,44,53,63,73,83,93,103,113"
401,12:21,5,5,김포공항,11,"4,14,24,34,54,64,74,84,94,104,114"
401,12:21,6,6,일산,11,"15,25,35,45,55,65,75,85,95,105,115"
401,12:21,7,7,판교,12,"6,16,26,36,46,56,66,76,86,96,106,116"
401,12:21,8,8,동탄/용인,11,"17,27,37,47,57,67,77,87,97,107,117"
401,12:21,9,9,평택,13,"3,8,18,28,38,48,58,68,78,88,98,108,118"
402,12:22,1,1,서울역,13,"0,5,10,20,30,40,50,60,70,80,90,100,110"
402,12:22,10,10,인천공항,11,"9,29,39,49,59,69,79,89,99,109,119"
402,12:22,2,2,수서,13,"1,7,11,21,31,41,51,61,71,81,91,101,111"
402,12:22,3,3,삼성,13,"2,12,19,22,32,42,52,62,72,82,92,102,112"
402,12:22,4,4,여의도,12,"13,23,33,43,44,53,63,73,83,93,103,113"
402,12:22,5,5,김포공항,11,"4,14,24,34,54,64,74,84,94,104,114"
402,12:22,6,6,일산,11,"15,25,35,45,55,65,75,85,95,105,115"
402,12:22,7,7,판교,12,"6,16,26,36,46,56,66,76,86,96,106,116"
402,12:22,8,8,동탄/용인,11,"17,27,37,47,57,67,77,87,97,107,117"
402,12:22,9,9,평택,13,"3,8,18,28,38,48,58,68,78,88,98,108,118"
403,12:23,1,1,서울역,13,"0,5,10,20,30,40,50,60,70,80,90,100,110"
403,12:23,10,10,인천공항,11,"9,29,39,49,59,69,79,89,99,109,119"
403,12:23,2,2,수서,13,"1,7,11,21,31,41,51,61,71,81,91,101,111"
403,12:23,3,3,삼성,13,"2,12,19,22,32,42,52,62,72,82,92,102,112"
403,12:23,4,4,여의도,12,"13,23,33,43,44,53,63,73,83,93,103,113"
403,12:23,5,5,김포공항,11,"4,14,24,34,54,64,74,84,94,104,114"
403,12:23,6,6,일산,11,"15,25,35,45,55,65,75,85,95,105,115"
403,12:23,7,7,판교,12,"6,16,26,36,46,56,66,76,86,96,106,116"
403,12:23,8,8,동탄/용인,11,"17,27,37,47,57,67,77,87,97,107,117"
403,12:23,9,9,평택,13,"3,8,18,28,38,48,58,68,78,88,98,108,118"
404,12:24,1,1,서울역,13,"0,5,10,20,30,40,50,60,70,80,90,100,110"
404,12:24,10,10,인천공항,11,"9,29,39,49,59,69,79,89,99,109,119"
404,12:24,2,2,수서,13,"1,7,11,21,31,41,51,61,71,81,91,101,111"
404,12:24,3,3,삼성,13,"2,12,19,22,32,42,52,62,72,82,92,102,112"
404,12:24,4,4,여의도,12,"13,23,33,43,44,53,63,73,83,93,103,113"
404,12:24,5,5,김포공항,11,"4,14,24,34,54,64,74,84,94,104,114"
404,12:24,6,6,일산,11,"15,25,35,45,55,65,75,85,95,105,115"
404,12:24,7,7,판교,12,"6,16,26,36,46,56,66,76,86,96,106,116"
404,12:24,8,8,동탄/용인,11,"17,27,37,47,57,67,77,87,97,107,117"
404,12:24,9,9,평택,13,"3,8,18,28,38,48,58,68,78,88,98,108,118"
405,12:25,1,1,서울역,13,"0,5,10,20,30,40,50,60,70,80,90,100,110"
405,12:25,10,10,인천공항,11,"9,29,39,49,59,69,79,89,99,109,119"
405,12:25,2,2,수서,13,"1,7,11,21,31,41,51,61,71,81,91,101,111"
405,12:25,3,3,삼성,13,"2,12,19,22,32,42,52,62,72,82,92,102,112"
405,12:25,4,4,여의도,12,"13,23,33,43,44,53,63,73,83,93,103,113"
405,12:25,5,5,김포공항,11,"4,14,24,34,54,64,74,84,94,104,114"
405,12:25,6,6,일산,11,"15,25,35,45,55,65,75,85,95,105,115"
405,12:25,7,7,판교,12,"6,16,26,36,46,56,66,76,86,96,106,116"
405,12:25,8,8,동탄/용인,11,"17,27,37,47,57,67,77,87,97,107,117"
405,12:25,9,9,평택,13,"3,8,18,28,38,48,58,68,78,88,98,108,118"
406,12:26,1,1,서울역,13,"0,5,10,20,30,40,50,60,70,80,90,100,110"
406,12:26,10,10,인천공항,11,"9,29,39,49,59,69,79,89,99,109,119"
406,12:26,2,2,수서,13,"1,7,11,21,31,41,51,61,71,81,91,101,111"
406,12:26,3,3,삼성,13,"2,12,19,22,32,42,52,62,72,82,92,102,112"
406,12:26,4,4,여의도,12,"13,23,33,43,44,53,63,73,83,93,103,113"
406,12:26,5,5,김포공항,11,"4,14,24,34,54,64,74,84,94,104,114"
406,12:26,6,6,일산,11,"15,25,35,45,55,65,75,85,95,105,115"
406,12:26,7,7,판교,12,"6,16,26,36,46,56,66,76,86,96,106,116"
406,12:26,8,8,동탄/용인,11,"17,27,37,47,57,67,77,87,97,107,117"
406,12:26,9,9,평택,13,"3,8,18,28,38,48,58,68,78,88,98,108,118"
407,12:27,1,1,서울역,13,"0,5,10,20,30,40,50,60,70,80,90,100,110"
407,12:27,10,10,인천공항,11,"9,29,39,49,59,69,79,89,99,109,119"
407,12:27,2,2,수서,13,"1,7,11,21,31,41,51,61,71,81,91,101,111"
407,12:27,3,3,삼성,13,"2,12,19,22,32,42,52,62,72,82,92,102,112"
407,12:27,4,4,여의도,12,"13,23,33,43,44,53,63,73,83,93,103,113"
407,12:27,5,5,김포공항,11,"4,14,24,34,54,64,74,84,94,104,114"
407,12:27,6,6,일산,11,"15,25,35,45,55,65,75,85,95,105,115"
407,12:27,7,7,판교,12,"6,16,26,36,46,56,66,76,86,96,106,116"
407,12:27,8,8,동탄/용인,11,"17,27,37,47,57,67,77,87,97,107,117"
407,12:27,9,9,평택,13,"3,8,18,28,38,48,58,68,78,88,98,108,118"
408,12:28,1,1,서울역,13,"0,5,10,20,30,40,50,60,70,80,90,100,110"
408,12:28,10,10,인천공항,11,"9,29,39,49,59,69,79,89,99,109,119"
408,12:28,2,2,수서,13,"1,7,11,21,31,41,51,61,71,81,91,101,111"
408,12:28,3,3,삼성,13,"2,12,19,22,32,42,52,62,72,82,92,102,112"
408,12:28,4,4,여의도,12,"13,23,33,43,44,53,63,73,83,93,103,113"
408,12:28,5,5,김포공항,11,"4,14,24,34,54,64,74,84,94,104,114"
408,12:28,6,6,일산,11,"15,25,35,45,55,65,75,85,95,105,115"
408,12:28,7,7,판교,12,"6,16,26,36,46,56,66,76,86,96,106,116"
408,12:28,8,8,동탄/용인,11,"17,27,37,47,57,67,77,87,97,107,117"
408,12:28,9,9,평택,13,"3,8,18,28,38,48,58,68,78,88,98,108,118"
409,12:29,1,1,서울역,13,"0,5,10,20,30,40,50,60,70,80,90,100,110"
409,12:29,10,10,인천공항,11,"9,29,39,49,59,69,79,89,99,109,119"
409,12:29,2,2,수서,13,"1,7,11,21,31,41,51,61,71,81,91,101,111"
409,12:29,3,3,삼성,13,"2,12,19,22,32,42,52,62,72,82,92,102,112"
409,12:29,4,4,여의도,12,"13,23,33,43,44,53,63,73,83,93,103,113"
409,12:29,5,5,김포공항,11,"4,14,24,34,54,64,74,84,94,104,114"
409,12:29,6,6,일산,11,"15,25,35,45,55,65,75,85,95,105,115"
409,12:29,7,7,판교,12,"6,16,26,36,46,56,66,76,86,96,106,116"
409,12:29,8,8,동탄/용인,11,"17,27,37,47,57,67,77,87,97,107,117"
409,12:29,9,9,평택,13,"3,8,18,28,38,48,58,68,78,88,98,108,118"
410,12:30,1,1,서울역,13,"0,5,10,20,30,40,50,60,70,80,90,100,110"
410,12:30,10,10,인천공항,11,"9,29,39,49,59,69,79,89,99,109,119"
410,12:30,2,2,수서,13,"1,7,11,21,31,41,51,61,71,81,91,101,111"
410,12:30,3,3,삼성,13,"2,12,19,22,32,42,52,62,72,82,92,102,112"
410,12:30,4,4,여의도,12,"13,23,33,43,44,53,63,73,83,93,103,113"
410,12:30,5,5,김포공항,11,"4,14,24,34,54,64,74,84,94,104,114"
410,12:30,6,6,일산,11,"15,25,35,45,55,65,75,85,95,105,115"
410,12:30,7,7,판교,12,"6,16,26,36,46,56,66,76,86,96,106,116"
410,12:30,8,8,동탄/용인,11,"17,27,37,47,57,67,77,87,97,107,117"
410,12:30,9,9,평택,13,"3,8,18,28,38,48,58,68,78,88,98,108,118"
411,12:31,1,1,서울역,13,"0,5,10,20,30,40,50,60,70,80,90,100,110"
411,12:31,10,10,인천공항,11,"9,29,39,49,59,69,79,89,99,109,119"
411,12:31,2,2,수서,13,"1,7,11,21,31,41,51,61,71,81,91,101,111"
411,12:31,3,3,삼성,13,"2,12,19,22,32,42,52,62,72,82,92,102,112"
411,12:31,4,4,여의도,12,"13,23,33,43,44,53,63,73,83,93,103,113"
411,12:31,5,5,김포공항,11,"4,14,24,34,54,64,74,84,94,104,114"
411,12:31,6,6,일산,11,"15,25,35,45,55,65,75,85,95,105,115"
411,12:31,7,7,판교,12,"6,16,26,36,46,56,66,76,86,96,106,116"
411,12:31,8,8,동탄/용인,11,"17,27,37,47,57,67,77,87,97,107,117"
411,12:31,9,9,평택,13,"3,8,18,28,38,48,58,68,78,88,98,108,118"
412,12:32,1,1,서울역,13,"0,5,10,20,30,40,50,60,70,80,90,100,110"
412,12:32,10,10,인천공항,11,"9,29,39,49,59,69,79,89,99,109,119"
412,12:32,2,2,수서,13,"1,7,11,21,31,41,51,61,71,81,91,101,111"
412,12:32,3,3,삼성,13,"2,12,19,22,32,42,52,62,72,82,92,102,112"
412,12:32,4,4,여의도,12,"13,23,33,43,44,53,63,73,83,93,103,113"
412,12:32,5,5,김포공항,11,"4,14,24,34,54,64,74,84,94,104,114"
412,12:32,6,6,일산,11,"15,25,35,45,55,65,75,85,95,105,115"
412,12:32,7,7,판교,12,"6,16,26,36,46,56,66,76,86,96,106,116"
412,12:32,8,8,동탄/용인,11,"17,27,37,47,57,67,77,87,97,107,117"
412,12:32,9,9,평택,13,"3,8,18,28,38,48,58,68,78,88,98,108,118"
413,12:33,1,1,서울역,13,"0,5,10,20,30,40,50,60,70,80,90,100,110"
413,12:33,10,10,인천공항,11,"9,29,39,49,59,69,79,89,99,109,119"
413,12:33,2,2,수서,13,"1,7,11,21,31,41,51,61,71,81,91,101,111"
413,12:33,3,3,삼성,13,"2,12,19,22,32,42,52,62,72,82,92,102,112"
413,12:33,4,4,여의도,12,"13,23,33,43,44,53,63,73,83,93,103,113"
413,12:33,5,5,김포공항,11,"4,14,24,34,54,64,74,84,94,104,114"
413,12:33,6,6,일산,11,"15,25,35,45,55,65,75,85,95,105,115"
413,12:33,7,7,판교,12,"6,16,26,36,46,56,66,76,86,96,106,116"
413,12:33,8,8,동탄/용인,11,"17,27,37,47,57,67,77,87,97,107,117"
413,12:33,9,9,평택,13,"3,8,18,28,38,48,58,68,78,88,98,108,118"
414,12:34,1,1,서울역,13,"0,5,10,20,30,40,50,60,70,80,90,100,110"
414,12:34,10,10,인천공항,11,"9,29,39,49,59,69,79,89,99,109,119"
414,12:34,2,2,수서,13,"1,7,11,21,31,41,51,61,71,81,91,101,111"
414,12:34,3,3,삼성,13,"2,12,19,22,32,42,52,62,72,82,92,102,112"
414,12:34,4,4,여의도,12,"13,23,33,43,44,53,63,73,83,93,103,113"
414,12:34,5,5,김포공항,11,"4,14,24,34,54,64,74,84,94,104,114"
414,12:34,6,6,일산,11,"15,25,35,45,55,65,75,85,95,105,115"
414,12:34,7,7,판교,12,"6,16,26,36,46,56,66,76,86,96,106,116"
414,12:34,8,8,동탄/용인,11,"17,27,37,47,57,67,77,87,97,107,117"
414,12:34,9,9,평택,13,"3,8,18,28,38,48,58,68,78,88,98,108,118"
415,12:35,1,1,서울역,13,"0,5,10,20,30,40,50,60,70,80,90,100,110"
415,12:35,10,10,인천공항,11,"9,29,39,49,59,69,79,89,99,109,119"
415,12:35,2,2,수서,13,"1,7,11,21,31,41,51,61,71,81,91,101,111"
415,12:35,3,3,삼성,13,"2,12,19,22,32,42,52,62,72,82,92,102,112"
415,12:35,4,4,여의도,12,"13,23,33,43,44,53,63,73,83,93,103,113"
415,12:35,5,5,김포공항,11,"4,14,24,34,54,64,74,84,94,104,114"
415,12:35,6,6,일산,11,"15,25,35,45,55,65,75,85,95,105,115"
415,12:35,7,7,판교,12,"6,16,26,36,46,56,66,76,86,96,106,116"
415,12:35,8,8,동탄/용인,11,"17,27,37,47,57,67,77,87,97,107,117"
415,12:35,9,9,평택,13,"3,8,18,28,38,48,58,68,78,88,98,108,118"
416,12:36,1,1,서울역,13,"0,5,10,20,30,40,50,60,70,80,90,100,110"
416,12:36,10,10,인천공항,11,"9,29,39,49,59,69,79,89,99,109,119"
416,12:36,2,2,수서,13,"1,7,11,21,31,41,51,61,71,81,91,101,111"
416,12:36,3,3,삼성,13,"2,12,19,22,32,42,52,62,72,82,92,102,112"
416,12:36,4,4,여의도,12,"13,23,33,43,44,53,63,73,83,93,103,113"
416,12:36,5,5,김포공항,11,"4,14,24,34,54,64,74,84,94,104,114"
416,12:36,6,6,일산,11,"15,25,35,45,55,65,75,85,95,105,115"
416,12:36,7,7,판교,12,"6,16,26,36,46,56,66,76,86,96,106,116"
416,12:36,8,8,동탄/용인,11,"17,27,37,47,57,67,77,87,97,107,117"
416,12:36,9,9,평택,13,"3,8,18,28,38,48,58,68,78,88,98,108,118"
417,12:37,1,1,서울역,13,"0,5,10,20,30,40,50,60,70,80,90,100,110"
417,12:37,10,10,인천공항,11,"9,29,39,49,59,69,79,89,99,109,119"
417,12:37,2,2,수서,13,"1,7,11,21,31,41,51,61,71,81,91,101,111"
417,12:37,3,3,삼성,13,"2,12,19,22,32,42,52,62,72,82,92,102,112"
417,12:37,4,4,여의도,12,"13,23,33,43,44,53,63,73,83,93,103,113"
417,12:37,5,5,김포공항,11,"4,14,24,34,54,64,74,84,94,104,114"
417,12:37,6,6,일산,11,"15,25,35,45,55,65,75,85,95,105,115"
417,12:37,7,7,판교,12,"6,16,26,36,46,56,66,76,86,96,106,116"
417,12:37,8,8,동탄/용인,11,"17,27,37,47,57,67,77,87,97,107,117"
417,12:37,9,9,평택,13,"3,8,18,28,38,48,58,68,78,88,98,108,118"
418,12:38,1,1,서울역,13,"0,5,10,20,30,40,50,60,70,80,90,100,110"
418,12:38,10,10,인천공항,11,"9,29,39,49,59,69,79,89,99,109,119"
418,12:38,2,2,수서,13,"1,7,11,21,31,41,51,61,71,81,91,101,111"
418,12:38,3,3,삼성,13,"2,12,19,22,32,42,52,62,72,82,92,102,112"
418,12:38,4,4,여의도,12,"13,23,33,43,44,53,63,73,83,93,103,113"
418,12:38,5,5,김포공항,11,"4,14,24,34,54,64,74,84,94,104,114"
418,12:38,6,6,일산,11,"15,25,35,45,55,65,75,85,95,105,115"
418,12:38,7,7,판교,12,"6,16,26,36,46,56,66,76,86,96,106,116"
418,12:38,8,8,동탄/용인,11,"17,27,37,47,57,67,77,87,97,107,117"
418,12:38,9,9,평택,13,"3,8,18,28,38,48,58,68,78,88,98,108,118"
419,12:39,1,1,서울역,13,"0,5,10,20,30,40,50,60,70,80,90,100,110"
419,12:39,10,10,인천공항,11,"9,29,39,49,59,69,79,89,99,109,119"
419,12:39,2,2,수서,13,"1,7,11,21,31,41,51,61,71,81,91,101,111"
419,12:39,3,3,삼성,13,"2,12,19,22,32,42,52,62,72,82,92,102,112"
419,12:39,4,4,여의도,12,"13,23,33,43,44,53,63,73,83,93,103,113"
419,12:39,5,5,김포공항,11,"4,14,24,34,54,64,74,84,94,104,114"
419,12:39,6,6,일산,11,"15,25,35,45,55,65,75,85,95,105,115"
419,12:39,7,7,판교,12,"6,16,26,36,46,56,66,76,86,96,106,116"
419,12:39,8,8,동탄/용인,11,"17,27,37,47,57,67,77,87,97,107,117"
419,12:39,9,9,평택,13,"3,8,18,28,38,48,58,68,78,88,98,108,118"
420,12:40,1,1,서울역,13,"0,5,10,20,30,40,50,60,70,80,90,100,110"
420,12:40,10,10,인천공항,11,"9,29,39,49,59,69,79,89,99,109,119"
420,12:40,2,2,수서,13,"1,7,11,21,31,41,51,61,71,81,91,101,111"
420,12:40,3,3,삼성,13,"2,12,19,22,32,42,52,62,72,82,92,102,112"
420,12:40,4,4,여의도,12,"13,23,33,43,44,53,63,73,83,93,103,113"
420,12:40,5,5,김포공항,11,"4,14,24,34,54,64,74,84,94,104,114"
420,12:40,6,6,일산,11,"15,25,35,45,55,65,75,85,95,105,115"
420,12:40,7,7,판교,12,"6,16,26,36,46,56,66,76,86,96,106,116"
420,12:40,8,8,동탄/용인,11,"17,27,37,47,57,67,77,87,97,107,117"
420,12:40,9,9,평택,13,"3,8,18,28,38,48,58,68,78,88,98,108,118"
421,12:41,1,1,서울역,13,"0,5,10,20,30,40,50,60,70,80,90,100,110"
421,12:41,10,10,인천공항,11,"9,29,39,49,59,69,79,89,99,109,119"
421,12:41,2,2,수서,13,"1,7,11,21,31,41,51,61,71,81,91,101,111"
421,12:41,3,3,삼성,13,"2,12,19,22,32,42,52,62,72,82,92,102,112"
421,12:41,4,4,여의도,12,"13,23,33,43,44,53,63,73,83,93,103,113"
421,12:41,5,5,김포공항,11,"4,14,24,34,54,64,74,84,94,104,114"
421,12:41,6,6,일산,11,"15,25,35,45,55,65,75,85,95,105,115"
421,12:41,7,7,판교,12,"6,16,26,36,46,56,66,76,86,96,106,116"
421,12:41,8,8,동탄/용인,11,"17,27,37,47,57,67,77,87,97,107,117"
421,12:41,9,9,평택,13,"3,8,18,28,38,48,58,68,78,88,98,108,118"
422,12:42,1,1,서울역,13,"0,5,10,20,30,40,50,60,70,80,90,100,110"
422,12:42,10,10,인천공항,11,"9,29,39,49,59,69,79,89,99,109,119"
422,12:42,2,2,수서,13,"1,7,11,21,31,41,51,61,71,81,91,101,111"
422,12:42,3,3,삼성,13,"2,12,19,22,32,42,52,62,72,82,92,102,112"
422,12:42,4,4,여의도,12,"13,23,33,43,44,53,63,73,83,93,103,113"
422,12:42,5,5,김포공항,11,"4,14,24,34,54,64,74,84,94,104,114"
422,12:42,6,6,일산,11,"15,25,35,45,55,65,75,85,95,105,115"
422,12:42,7,7,판교,12,"6,16,26,36,46,56,66,76,86,96,106,116"
422,12:42,8,8,동탄/용인,11,"17,27,37,47,57,67,77,87,97,107,117"
422,12:42,9,9,평택,13,"3,8,18,28,38,48,58,68,78,88,98,108,118"
423,12:43,1,1,서울역,13,"0,5,10,20,30,40,50,60,70,80,90,100,110"
423,12:43,10,10,인천공항,11,"9,29,39,49,59,69,79,89,99,109,119"
423,12:43,2,2,수서,13,"1,7,11,21,31,41,51,61,71,81,91,101,111"
423,12:43,3,3,삼성,13,"2,12,19,22,32,42,52,62,72,82,92,102,112"
423,12:43,4,4,여의도,12,"13,23,33,43,44,53,63,73,83,93,103,113"
423,12:43,5,5,김포공항,11,"4,14,24,34,54,64,74,84,94,104,114"
423,12:43,6,6,일산,11,"15,25,35,45,55,65,75,85,95,105,115"
423,12:43,7,7,판교,12,"6,16,26,36,46,56,66,76,86,96,106,116"
423,12:43,8,8,동탄/용인,11,"17,27,37,47,57,67,77,87,97,107,117"
423,12:43,9,9,평택,13,"3,8,18,28,38,48,58,68,78,88,98,108,118"
424,12:44,1,1,서울역,13,"0,5,10,20,30,40,50,60,70,80,90,100,110"
424,12:44,10,10,인천공항,11,"9,29,39,49,59,69,79,89,99,109,119"
424,12:44,2,2,수서,13,"1,7,11,21,31,41,51,61,71,81,91,101,111"
424,12:44,3,3,삼성,13,"2,12,19,22,32,42,52,62,72,82,92,102,112"
424,12:44,4,4,여의도,12,"13,23,33,43,44,53,63,73,83,93,103,113"
424,12:44,5,5,김포공항,11,"4,14,24,34,54,64,74,84,94,104,114"
424,12:44,6,6,일산,11,"15,25,35,45,55,65,75,85,95,105,115"
424,12:44,7,7,판교,12,"6,16,26,36,46,56,66,76,86,96,106,116"
424,12:44,8,8,동탄/용인,11,"17,27,37,47,57,67,77,87,97,107,117"
424,12:44,9,9,평택,13,"3,8,18,28,38,48,58,68,78,88,98,108,118"
425,12:45,1,1,서울역,13,"0,5,10,20,30,40,50,60,70,80,90,100,110"
425,12:45,10,10,인천공항,11,"9,29,39,49,59,69,79,89,99,109,119"
425,12:45,2,2,수서,13,"1,7,11,21,31,41,51,61,71,81,91,101,111"
425,12:45,3,3,삼성,13,"2,12,19,22,32,42,52,62,72,82,92,102,112"
425,12:45,4,4,여의도,12,"13,23,33,43,44,53,63,73,83,93,103,113"
425,12:45,5,5,김포공항,11,"4,14,24,34,54,64,74,84,94,104,114"
425,12:45,6,6,일산,11,"15,25,35,45,55,65,75,85,95,105,115"
425,12:45,7,7,판교,12,"6,16,26,36,46,56,66,76,86,96,106,116"
425,12:45,8,8,동탄/용인,11,"17,27,37,47,57,67,77,87,97,107,117"
425,12:45,9,9,평택,13,"3,8,18,28,38,48,58,68,78,88,98,108,118"
426,12:46,1,1,서울역,13,"0,5,10,20,30,40,50,60,70,80,90,100,110"
426,12:46,10,10,인천공항,11,"9,29,39,49,59,69,79,89,99,109,119"
426,12:46,2,2,수서,13,"1,7,11,21,31,41,51,61,71,81,91,101,111"
426,12:46,3,3,삼성,13,"2,12,19,22,32,42,52,62,72,82,92,102,112"
426,12:46,4,4,여의도,12,"13,23,33,43,44,53,63,73,83,93,103,113"
426,12:46,5,5,김포공항,11,"4,14,24,34,54,64,74,84,94,104,114"
426,12:46,6,6,일산,11,"15,25,35,45,55,65,75,85,95,105,115"
426,12:46,7,7,판교,12,"6,16,26,36,46,56,66,76,86,96,106,116"
426,12:46,8,8,동탄/용인,11,"17,27,37,47,57,67,77,87,97,107,117"
426,12:46,9,9,평택,13,"3,8,18,28,38,48,58,68,78,88,98,108,118"
427,12:47,1,1,서울역,13,"0,5,10,20,30,40,50,60,70,80,90,100,110"
427,12:47,10,10,인천공항,11,"9,29,39,49,59,69,79,89,99,109,119"
427,12:47,2,2,수서,13,"1,7,11,21,31,41,51,61,71,81,91,101,111"
427,12:47,3,3,삼성,13,"2,12,19,22,32,42,52,62,72,82,92,102,112"
427,12:47,4,4,여의도,12,"13,23,33,43,44,53,63,73,83,93,103,113"
427,12:47,5,5,김포공항,11,"4,14,24,34,54,64,74,84,94,104,114"
427,12:47,6,6,일산,11,"15,25,35,45,55,65,75,85,95,105,115"
427,12:47,7,7,판교,12,"6,16,26,36,46,56,66,76,86,96,106,116"
427,12:47,8,8,동탄/용인,11,"17,27,37,47,57,67,77,87,97,107,117"
427,12:47,9,9,평택,13,"3,8,18,28,38,48,58,68,78,88,98,108,118"
428,12:48,1,1,서울역,13,"0,5,10,20,30,40,50,60,70,80,90,100,110"
428,12:48,10,10,인천공항,11,"9,29,39,49,59,69,79,89,99,109,119"
428,12:48,2,2,수서,13,"1,7,11,21,31,41,51,61,71,81,91,101,111"
428,12:48,3,3,삼성,13,"2,12,19,22,32,42,52,62,72,82,92,102,112"
428,12:48,4,4,여의도,12,"13,23,33,43,44,53,63,73,83,93,103,113"
428,12:48,5,5,김포공항,11,"4,14,24,34,54,64,74,84,94,104,114"
428,12:48,6,6,일산,11,"15,25,35,45,55,65,75,85,95,105,115"
428,12:48,7,7,판교,12,"6,16,26,36,46,56,66,76,86,96,106,116"
428,12:48,8,8,동탄/용인,11,"17,27,37,47,57,67,77,87,97,107,117"
428,12:48,9,9,평택,13,"3,8,18,28,38,48,58,68,78,88,98,108,118"
429,12:49,1,1,서울역,13,"0,5,10,20,30,40,50,60,70,80,90,100,110"
429,12:49,10,10,인천공항,11,"9,29,39,49,59,69,79,89,99,109,119"
429,12:49,2,2,수서,13,"1,7,11,21,31,41,51,61,71,81,91,101,111"
429,12:49,3,3,삼성,13,"2,12,19,22,32,42,52,62,72,82,92,102,112"
429,12:49,4,4,여의도,12,"13,23,33,43,44,53,63,73,83,93,103,113"
429,12:49,5,5,김포공항,11,"4,14,24,34,54,64,74,84,94,104,114"
429,12:49,6,6,일산,11,"15,25,35,45,55,65,75,85,95,105,115"
429,12:49,7,7,판교,12,"6,16,26,36,46,56,66,76,86,96,106,116"
429,12:49,8,8,동탄/용인,11,"17,27,37,47,57,67,77,87,97,107,117"
429,12:49,9,9,평택,13,"3,8,18,28,38,48,58,68,78,88,98,108,118"
430,12:50,1,1,서울역,13,"0,5,10,20,30,40,50,60,70,80,90,100,110"
430,12:50,10,10,인천공항,11,"9,29,39,49,59,69,79,89,99,109,119"
430,12:50,2,2,수서,13,"1,7,11,21,31,41,51,61,71,81,91,101,111"
430,12:50,3,3,삼성,13,"2,12,19,22,32,42,52,62,72,82,92,102,112"
430,12:50,4,4,여의도,12,"13,23,33,43,44,53,63,73,83,93,103,113"
430,12:50,5,5,김포공항,11,"4,14,24,34,54,64,74,84,94,104,114"
430,12:50,6,6,일산,11,"15,25,35,45,55,65,75,85,95,105,115"
430,12:50,7,7,판교,12,"6,16,26,36,46,56,66,76,86,96,106,116"
430,12:50,8,8,동탄/용인,11,"17,27,37,47,57,67,77,87,97,107,117"
430,12:50,9,9,평택,13,"3,8,18,28,38,48,58,68,78,88,98,108,118"
431,12:51,1,1,서울역,13,"0,5,10,20,30,40,50,60,70,80,90,100,110"
431,12:51,10,10,인천공항,11,"9,29,39,49,59,69,79,89,99,109,119"
431,12:51,2,2,수서,13,"1,7,11,21,31,41,51,61,71,81,91,101,111"
431,12:51,3,3,삼성,13,"2,12,19,22,32,42,52,62,72,82,92,102,112"
431,12:51,4,4,여의도,12,"13,23,33,43,44,53,63,73,83,93,103,113"
431,12:51,5,5,김포공항,11,"4,14,24,34,54,64,74,84,94,104,114"
431,12:51,6,6,일산,11,"15,25,35,45,55,65,75,85,95,105,115"
431,12:51,7,7,판교,12,"6,16,26,36,46,56,66,76,86,96,106,116"
431,12:51,8,8,동탄/용인,11,"17,27,37,47,57,67,77,87,97,107,117"
431,12:51,9,9,평택,13,"3,8,18,28,38,48,58,68,78,88,98,108,118"
432,12:52,1,1,서울역,13,"0,5,10,20,30,40,50,60,70,80,90,100,110"
432,12:52,10,10,인천공항,11,"9,29,39,49,59,69,79,89,99,109,119"
432,12:52,2,2,수서,13,"1,7,11,21,31,41,51,61,71,81,91,101,111"
432,12:52,3,3,삼성,13,"2,12,19,22,32,42,52,62,72,82,92,102,112"
432,12:52,4,4,여의도,12,"13,23,33,43,44,53,63,73,83,93,103,113"
432,12:52,5,5,김포공항,11,"4,14,24,34,54,64,74,84,94,104,114"
432,12:52,6,6,일산,11,"15,25,35,45,55,65,75,85,95,105,115"
432,12:52,7,7,판교,12,"6,16,26,36,46,56,66,76,86,96,106,116"
432,12:52,8,8,동탄/용인,11,"17,27,37,47,57,67,77,87,97,107,117"
432,12:52,9,9,평택,13,"3,8,18,28,38,48,58,68,78,88,98,108,118"
433,12:53,1,1,서울역,13,"0,5,10,20,30,40,50,60,70,80,90,100,110"
433,12:53,10,10,인천공항,11,"9,29,39,49,59,69,79,89,99,109,119"
433,12:53,2,2,수서,13,"1,7,11,21,31,41,51,61,71,81,91,101,111"
433,12:53,3,3,삼성,13,"2,12,19,22,32,42,52,62,72,82,92,102,112"
433,12:53,4,4,여의도,12,"13,23,33,43,44,53,63,73,83,93,103,113"
433,12:53,5,5,김포공항,11,"4,14,24,34,54,64,74,84,94,104,114"
433,12:53,6,6,일산,11,"15,25,35,45,55,65,75,85,95,105,115"
433,12:53,7,7,판교,12,"6,16,26,36,46,56,66,76,86,96,106,116"
433,12:53,8,8,동탄/용인,11,"17,27,37,47,57,67,77,87,97,107,117"
433,12:53,9,9,평택,13,"3,8,18,28,38,48,58,68,78,88,98,108,118"
434,12:54,1,1,서울역,13,"0,5,10,20,30,40,50,60,70,80,90,100,110"
434,12:54,10,10,인천공항,11,"9,29,39,49,59,69,79,89,99,109,119"
434,12:54,2,2,수서,13,"1,7,11,21,31,41,51,61,71,81,91,101,111"
434,12:54,3,3,삼성,13,"2,12,19,22,32,42,52,62,72,82,92,102,112"
434,12:54,4,4,여의도,12,"13,23,33,43,44,53,63,73,83,93,103,113"
434,12:54,5,5,김포공항,11,"4,14,24,34,54,64,74,84,94,104,114"
434,12:54,6,6,일산,11,"15,25,35,45,55,65,75,85,95,105,115"
434,12:54,7,7,판교,12,"6,16,26,36,46,56,66,76,86,96,106,116"
434,12:54,8,8,동탄/용인,11,"17,27,37,47,57,67,77,87,97,107,117"
434,12:54,9,9,평택,13,"3,8,18,28,38,48,58,68,78,88,98,108,118"
435,12:55,1,1,서울역,13,"0,5,10,20,30,40,50,60,70,80,90,100,110"
435,12:55,10,10,인천공항,11,"9,29,39,49,59,69,79,89,99,109,119"
435,12:55,2,2,수서,13,"1,7,11,21,31,41,51,61,71,81,91,101,111"
435,12:55,3,3,삼성,13,"2,12,19,22,32,42,52,62,72,82,92,102,112"
435,12:55,4,4,여의도,12,"13,23,33,43,44,53,63,73,83,93,103,113"
435,12:55,5,5,김포공항,11,"4,14,24,34,54,64,74,84,94,104,114"
435,12:55,6,6,일산,11,"15,25,35,45,55,65,75,85,95,105,115"
435,12:55,7,7,판교,12,"6,16,26,36,46,56,66,76,86,96,106,116"
435,12:55,8,8,동탄/용인,11,"17,27,37,47,57,67,77,87,97,107,117"
435,12:55,9,9,평택,13,"3,8,18,28,38,48,58,68,78,88,98,108,118"
436,12:56,1,1,서울역,13,"0,5,10,20,30,40,50,60,70,80,90,100,110"
436,12:56,10,10,인천공항,11,"9,29,39,49,59,69,79,89,99,109,119"
436,12:56,2,2,수서,13,"1,7,11,21,31,41,51,61,71,81,91,101,111"
436,12:56,3,3,삼성,13,"2,12,19,22,32,42,52,62,72,82,92,102,112"
436,12:56,4,4,여의도,12,"13,23,33,43,44,53,63,73,83,93,103,113"
436,12:56,5,5,김포공항,11,"4,14,24,34,54,64,74,84,94,104,114"
436,12:56,6,6,일산,11,"15,25,35,45,55,65,75,85,95,105,115"
436,12:56,7,7,판교,12,"6,16,26,36,46,56,66,76,86,96,106,116"
436,12:56,8,8,동탄/용인,11,"17,27,37,47,57,67,77,87,97,107,117"
436,12:56,9,9,평택,13,"3,8,18,28,38,48,58,68,78,88,98,108,118"
437,12:57,1,1,서울역,13,"0,5,10,20,30,40,50,60,70,80,90,100,110"
437,12:57,10,10,인천공항,11,"9,29,39,49,59,69,79,89,99,109,119"
437,12:57,2,2,수서,13,"1,7,11,21,31,41,51,61,71,81,91,101,111"
437,12:57,3,3,삼성,13,"2,12,19,22,32,42,52,62,72,82,92,102,112"
437,12:57,4,4,여의도,12,"13,23,33,43,44,53,63,73,83,93,103,113"
437,12:57,5,5,김포공항,11,"4,14,24,34,54,64,74,84,94,104,114"
437,12:57,6,6,일산,11,"15,25,35,45,55,65,75,85,95,105,115"
437,12:57,7,7,판교,12,"6,16,26,36,46,56,66,76,86,96,106,116"
437,12:57,8,8,동탄/용인,11,"17,27,37,47,57,67,77,87,97,107,117"
437,12:57,9,9,평택,13,"3,8,18,28,38,48,58,68,78,88,98,108,118"
438,12:58,1,1,서울역,13,"0,5,10,20,30,40,50,60,70,80,90,100,110"
438,12:58,10,10,인천공항,11,"9,29,39,49,59,69,79,89,99,109,119"
438,12:58,2,2,수서,13,"1,7,11,21,31,41,51,61,71,81,91,101,111"
438,12:58,3,3,삼성,13,"2,12,19,22,32,42,52,62,72,82,92,102,112"
438,12:58,4,4,여의도,12,"13,23,33,43,44,53,63,73,83,93,103,113"
438,12:58,5,5,김포공항,11,"4,14,24,34,54,64,74,84,94,104,114"
438,12:58,6,6,일산,11,"15,25,35,45,55,65,75,85,95,105,115"
438,12:58,7,7,판교,12,"6,16,26,36,46,56,66,76,86,96,106,116"
438,12:58,8,8,동탄/용인,11,"17,27,37,47,57,67,77,87,97,107,117"
438,12:58,9,9,평택,13,"3,8,18,28,38,48,58,68,78,88,98,108,118"
439,12:59,1,1,서울역,13,"0,5,10,20,30,40,50,60,70,80,90,100,110"
439,12:59,10,10,인천공항,11,"9,29,39,49,59,69,79,89,99,109,119"
439,12:59,2,2,수서,13,"1,7,11,21,31,41,51,61,71,81,91,101,111"
439,12:59,3,3,삼성,13,"2,12,19,22,32,42,52,62,72,82,92,102,112"
439,12:59,4,4,여의도,12,"13,23,33,43,44,53,63,73,83,93,103,113"
439,12:59,5,5,김포공항,11,"4,14,24,34,54,64,74,84,94,104,114"
439,12:59,6,6,일산,11,"15,25,35,45,55,65,75,85,95,105,115"
439,12:59,7,7,판교,12,"6,16,26,36,46,56,66,76,86,96,106,116"
439,12:59,8,8,동탄/용인,11,"17,27,37,47,57,67,77,87,97,107,117"
439,12:59,9,9,평택,13,"3,8,18,28,38,48,58,68,78,88,98,108,118"
440,13:00,1,1,서울역,13,"0,5,10,20,30,40,50,60,70,80,90,100,110"
440,13:00,10,10,인천공항,11,"9,29,39,49,59,69,79,89,99,109,119"
440,13:00,2,2,수서,13,"1,7,11,21,31,41,51,61,71,81,91,101,111"
440,13:00,3,3,삼성,13,"2,12,19,22,32,42,52,62,72,82,92,102,112"
440,13:00,4,4,여의도,11,"13,33,43,44,53,63,73,83,93,103,113"
440,13:00,5,5,김포공항,11,"4,14,24,34,54,64,74,84,94,104,114"
440,13:00,6,6,일산,11,"15,25,35,45,55,65,75,85,95,105,115"
440,13:00,7,7,판교,11,"6,16,26,36,46,56,76,86,96,106,116"
440,13:00,8,8,동탄/용인,11,"17,27,37,47,57,67,77,87,97,107,117"
440,13:00,9,9,평택,13,"3,8,18,28,38,48,58,68,78,88,98,108,118"
441,13:01,1,1,서울역,13,"0,5,10,20,30,40,50,60,70,80,90,100,110"
441,13:01,10,10,인천공항,11,"9,29,39,49,59,69,79,89,99,109,119"
441,13:01,2,2,수서,13,"1,7,11,21,31,41,51,61,71,81,91,101,111"
441,13:01,3,3,삼성,13,"2,12,19,22,32,42,52,62,72,82,92,102,112"
441,13:01,4,4,여의도,11,"13,33,43,44,53,63,73,83,93,103,113"
441,13:01,5,5,김포공항,11,"4,14,24,34,54,64,74,84,94,104,114"
441,13:01,6,6,일산,11,"15,25,35,45,55,65,75,85,95,105,115"
441,13:01,7,7,판교,10,"6,16,26,36,46,76,86,96,106,116"
441,13:01,8,8,동탄/용인,11,"17,27,37,47,57,67,77,87,97,107,117"
441,13:01,9,9,평택,13,"3,8,18,28,38,48,58,68,78,88,98,108,118"
442,13:02,1,1,서울역,13,"0,5,10,20,30,40,50,60,70,80,90,100,110"
442,13:02,10,10,인천공항,11,"9,29,39,49,59,69,79,89,99,109,119"
442,13:02,2,2,수서,13,"1,7,11,21,31,41,51,61,71,81,91,101,111"
442,13:02,3,3,삼성,13,"2,12,19,22,32,42,52,62,72,82,92,102,112"
442,13:02,4,4,여의도,11,"13,33,43,44,53,63,73,83,93,103,113"
442,13:02,5,5,김포공항,11,"4,14,24,34,54,64,74,84,94,104,114"
442,13:02,6,6,일산,11,"15,25,35,45,55,65,75,85,95,105,115"
442,13:02,7,7,판교,10,"6,16,26,36,46,76,86,96,106,116"
442,13:02,8,8,동탄/용인,11,"17,27,37,47,57,67,77,87,97,107,117"
442,13:02,9,9,평택,13,"3,8,18,28,38,48,58,68,78,88,98,108,118"
443,13:03,1,1,서울역,13,"0,5,10,20,30,40,50,60,70,80,90,100,110"
443,13:03,10,10,인천공항,11,"9,29,39,49,59,69,79,89,99,109,119"
443,13:03,2,2,수서,12,"7,11,21,31,41,51,61,71,81,91,101,111"
443,13:03,3,3,삼성,13,"2,12,19,22,32,42,52,62,72,82,92,102,112"
443,13:03,4,4,여의도,11,"13,33,43,44,53,63,73,83,93,103,113"
443,13:03,5,5,김포공항,11,"4,14,24,34,54,64,74,84,94,104,114"
443,13:03,6,6,일산,11,"15,25,35,45,55,65,75,85,95,105,115"
443,13:03,7,7,판교,10,"6,16,26,36,46,76,86,96,106,116"
443,13:03,8,8,동탄/용인,11,"17,27,37,47,57,67,77,87,97,107,117"
443,13:03,9,9,평택,13,"3,8,18,28,38,48,58,68,78,88,98,108,118"
444,13:04,1,1,서울역,13,"0,5,10,20,30,40,50,60,70,80,90,100,110"
444,13:04,10,10,인천공항,11,"9,29,39,49,59,69,79,89,99,109,119"
444,13:04,2,2,수서,12,"7,11,21,31,41,51,61,71,81,91,101,111"
444,13:04,3,3,삼성,13,"2,12,19,22,32,42,52,62,72,82,92,102,112"
444,13:04,4,4,여의도,11,"13,33,43,44,53,63,73,83,93,103,113"
444,13:04,5,5,김포공항,11,"4,14,24,34,54,64,74,84,94,104,114"
444,13:04,6,6,일산,11,"15,25,35,45,55,65,75,85,95,105,115"
444,13:04,7,7,판교,10,"6,16,26,36,46,76,86,96,106,116"
444,13:04,8,8,동탄/용인,11,"17,27,37,47,57,67,77,87,97,107,117"
444,13:04,9,9,평택,13,"3,8,18,28,38,48,58,68,78,88,98,108,118"
445,13:05,1,1,서울역,13,"0,5,10,20,30,40,50,60,70,80,90,100,110"
445,13:05,10,10,인천공항,11,"9,29,39,49,59,69,79,89,99,109,119"
445,13:05,2,2,수서,12,"7,11,21,31,41,51,61,71,81,91,101,111"
445,13:05,3,3,삼성,13,"2,12,19,22,32,42,52,62,72,82,92,102,112"
445,13:05,4,4,여의도,11,"13,33,43,44,53,63,73,83,93,103,113"
445,13:05,5,5,김포공항,11,"4,14,24,34,54,64,74,84,94,104,114"
445,13:05,6,6,일산,11,"15,25,35,45,55,65,75,85,95,105,115"
445,13:05,7,7,판교,10,"6,16,26,36,46,76,86,96,106,116"
445,13:05,8,8,동탄/용인,11,"17,27,37,47,57,67,77,87,97,107,117"
445,13:05,9,9,평택,13,"3,8,18,28,38,48,58,68,78,88,98,108,118"
446,13:06,1,1,서울역,13,"0,5,10,20,30,40,50,60,70,80,90,100,110"
446,13:06,10,10,인천공항,11,"9,29,39,49,59,69,79,89,99,109,119"
446,13:06,2,2,수서,12,"7,11,21,31,41,51,61,71,81,91,101,111"
446,13:06,3,3,삼성,13,"2,12,19,22,32,42,52,62,72,82,92,102,112"
446,13:06,4,4,여의도,11,"13,33,43,44,53,63,73,83,93,103,113"
446,13:06,5,5,김포공항,11,"4,14,24,34,54,64,74,84,94,104,114"
446,13:06,6,6,일산,11,"15,25,35,45,55,65,75,85,95,105,115"
446,13:06,7,7,판교,10,"6,16,26,36,46,76,86,96,106,116"
446,13:06,8,8,동탄/용인,11,"17,27,37,47,57,67,77,87,97,107,117"
446,13:06,9,9,평택,13,"3,8,18,28,38,48,58,68,78,88,98,108,118"
447,13:07,1,1,서울역,13,"0,5,10,20,30,40,50,60,70,80,90,100,110"
447,13:07,10,10,인천공항,11,"9,29,39,49,59,69,79,89,99,109,119"
447,13:07,2,2,수서,12,"7,11,21,31,41,51,61,71,81,91,101,111"
447,13:07,3,3,삼성,13,"2,12,19,22,32,42,52,62,72,82,92,102,112"
447,13:07,4,4,여의도,12,"13,33,43,44,53,63,66,73,83,93,103,113"
447,13:07,5,5,김포공항,11,"4,14,24,34,54,64,74,84,94,104,114"
447,13:07,6,6,일산,11,"15,25,35,45,55,65,75,85,95,105,115"
447,13:07,7,7,판교,11,"6,16,23,26,36,46,76,86,96,106,116"
447,13:07,8,8,동탄/용인,11,"17,27,37,47,57,67,77,87,97,107,117"
447,13:07,9,9,평택,12,"8,18,28,38,48,58,68,78,88,98,108,118"
448,13:08,1,1,서울역,13,"0,5,10,20,30,40,50,60,70,80,90,100,110"
448,13:08,10,10,인천공항,11,"9,29,39,49,59,69,79,89,99,109,119"
448,13:08,2,2,수서,12,"7,11,21,31,41,51,61,71,81,91,101,111"
448,13:08,3,3,삼성,13,"2,12,19,22,32,42,52,62,72,82,92,102,112"
448,13:08,4,4,여의도,13,"13,33,43,44,53,56,63,66,73,83,93,103,113"
448,13:08,5,5,김포공항,11,"4,14,24,34,54,64,74,84,94,104,114"
448,13:08,6,6,일산,11,"15,25,35,45,55,65,75,85,95,105,115"
448,13:08,7,7,판교,11,"6,16,23,26,36,46,76,86,96,106,116"
448,13:08,8,8,동탄/용인,11,"17,27,37,47,57,67,77,87,97,107,117"
448,13:08,9,9,평택,12,"8,18,28,38,48,58,68,78,88,98,108,118"
449,13:09,1,1,서울역,13,"0,5,10,20,30,40,50,60,70,80,90,100,110"
449,13:09,10,10,인천공항,11,"9,29,39,49,59,69,79,89,99,109,119"
449,13:09,2,2,수서,12,"7,11,21,31,41,51,61,71,81,91,101,111"
449,13:09,3,3,삼성,13,"2,12,19,22,32,42,52,62,72,82,92,102,112"
449,13:09,4,4,여의도,13,"13,33,43,44,53,56,63,66,73,83,93,103,113"
449,13:09,5,5,김포공항,11,"4,14,24,34,54,64,74,84,94,104,114"
449,13:09,6,6,일산,11,"15,25,35,45,55,65,75,85,95,105,115"
449,13:09,7,7,판교,11,"6,16,23,26,36,46,76,86,96,106,116"
449,13:09,8,8,동탄/용인,11,"17,27,37,47,57,67,77,87,97,107,117"
449,13:09,9,9,평택,12,"8,18,28,38,48,58,68,78,88,98,108,118"
450,13:10,1,1,서울역,13,"0,5,10,20,30,40,50,60,70,80,90,100,110"
450,13:10,10,10,인천공항,11,"9,29,39,49,59,69,79,89,99,109,119"
450,13:10,2,2,수서,12,"7,11,21,31,41,51,61,71,81,91,101,111"
450,13:10,3,3,삼성,13,"2,12,19,22,32,42,52,62,72,82,92,102,112"
450,13:10,4,4,여의도,13,"13,33,43,44,53,56,63,66,73,83,93,103,113"
450,13:10,5,5,김포공항,11,"4,14,24,34,54,64,74,84,94,104,114"
450,13:10,6,6,일산,11,"15,25,35,45,55,65,75,85,95,105,115"
450,13:10,7,7,판교,10,"6,16,26,36,46,76,86,96,106,116"
450,13:10,8,8,동탄/용인,11,"17,27,37,47,57,67,77,87,97,107,117"
450,13:10,9,9,평택,12,"8,18,28,38,48,58,68,78,88,98,108,118"
451,13:11,1,1,서울역,13,"0,5,10,20,30,40,50,60,70,80,90,100,110"
451,13:11,10,10,인천공항,11,"9,29,39,49,59,69,79,89,99,109,119"
451,13:11,2,2,수서,12,"7,11,21,31,41,51,61,71,81,91,101,111"
451,13:11,3,3,삼성,13,"2,12,19,22,32,42,52,62,72,82,92,102,112"
451,13:11,4,4,여의도,12,"13,33,43,44,53,63,66,73,83,93,103,113"
451,13:11,5,5,김포공항,12,"1,4,14,24,34,54,64,74,84,94,104,114"
451,13:11,6,6,일산,11,"15,25,35,45,55,65,75,85,95,105,115"
451,13:11,7,7,판교,10,"6,16,26,36,46,76,86,96,106,116"
451,13:11,8,8,동탄/용인,11,"17,27,37,47,57,67,77,87,97,107,117"
451,13:11,9,9,평택,12,"8,18,28,38,48,58,68,78,88,98,108,118"
452,13:12,1,1,서울역,13,"0,5,10,20,30,40,50,60,70,80,90,100,110"
452,13:12,10,10,인천공항,11,"9,29,39,49,59,69,79,89,99,109,119"
452,13:12,2,2,수서,12,"7,11,21,31,41,51,61,71,81,91,101,111"
452,13:12,3,3,삼성,13,"2,12,19,22,32,42,52,62,72,82,92,102,112"
452,13:12,4,4,여의도,12,"13,33,43,44,53,63,66,73,83,93,103,113"
452,13:12,5,5,김포공항,12,"1,4,14,24,34,54,64,74,84,94,104,114"
452,13:12,6,6,일산,11,"15,25,35,45,55,65,75,85,95,105,115"
452,13:12,7,7,판교,10,"6,16,26,36,46,76,86,96,106,116"
452,13:12,8,8,동탄/용인,11,"17,27,37,47,57,67,77,87,97,107,117"
452,13:12,9,9,평택,12,"8,18,28,38,48,58,68,78,88,98,108,118"
453,13:13,1,1,서울역,13,"0,5,10,20,30,40,50,60,70,80,90,100,110"
453,13:13,10,10,인천공항,11,"9,29,39,49,59,69,79,89,99,109,119"
453,13:13,2,2,수서,12,"7,11,21,31,41,51,61,71,81,91,101,111"
453,13:13,3,3,삼성,13,"2,12,19,22,32,42,52,62,72,82,92,102,112"
453,13:13,4,4,여의도,12,"13,33,43,44,53,63,66,73,83,93,103,113"
453,13:13,5,5,김포공항,12,"1,4,14,24,34,54,64,74,84,94,104,114"
453,13:13,6,6,일산,11,"15,25,35,45,55,65,75,85,95,105,115"
453,13:13,7,7,판교,10,"6,16,26,36,46,76,86,96,106,116"
453,13:13,8,8,동탄/용인,11,"17,27,37,47,57,67,77,87,97,107,117"
453,13:13,9,9,평택,12,"8,18,28,38,48,58,68,78,88,98,108,118"
454,13:14,1,1,서울역,13,"0,5,10,20,30,40,50,60,70,80,90,100,110"
454,13:14,10,10,인천공항,11,"9,29,39,49,59,69,79,89,99,109,119"
454,13:14,2,2,수서,12,"7,11,21,31,41,51,61,71,81,91,101,111"
454,13:14,3,3,삼성,13,"2,12,19,22,32,42,52,62,72,82,92,102,112"
454,13:14,4,4,여의도,12,"13,33,43,44,53,63,66,73,83,93,103,113"
454,13:14,5,5,김포공항,12,"1,4,14,24,34,54,64,74,84,94,104,114"
454,13:14,6,6,일산,11,"15,25,35,45,55,65,75,85,95,105,115"
454,13:14,7,7,판교,10,"6,16,26,36,46,76,86,96,106,116"
454,13:14,8,8,동탄/용인,11,"17,27,37,47,57,67,77,87,97,107,117"
454,13:14,9,9,평택,12,"8,18,28,38,48,58,68,78,88,98,108,118"
455,13:15,1,1,서울역,13,"0,5,10,20,30,40,50,60,70,80,90,100,110"
455,13:15,10,10,인천공항,11,"9,29,39,49,59,69,79,89,99,109,119"
455,13:15,2,2,수서,12,"7,11,21,31,41,51,61,71,81,91,101,111"
455,13:15,3,3,삼성,13,"2,12,19,22,32,42,52,62,72,82,92,102,112"
455,13:15,4,4,여의도,12,"13,33,43,44,53,63,66,73,83,93,103,113"
455,13:15,5,5,김포공항,12,"1,4,14,24,34,54,64,74,84,94,104,114"
455,13:15,6,6,일산,11,"15,25,35,45,55,65,75,85,95,105,115"
455,13:15,7,7,판교,10,"6,16,26,36,46,76,86,96,106,116"
455,13:15,8,8,동탄/용인,11,"17,27,37,47,57,67,77,87,97,107,117"
455,13:15,9,9,평택,12,"8,18,28,38,48,58,68,78,88,98,108,118"
456,13:16,1,1,서울역,13,"0,5,10,20,30,40,50,60,70,80,90,100,110"
456,13:16,10,10,인천공항,11,"9,29,39,49,59,69,79,89,99,109,119"
456,13:16,2,2,수서,12,"7,11,21,31,41,51,61,71,81,91,101,111"
456,13:16,3,3,삼성,13,"2,12,19,22,32,42,52,62,72,82,92,102,112"
456,13:16,4,4,여의도,11,"13,33,43,44,53,63,73,83,93,103,113"
456,13:16,5,5,김포공항,12,"1,4,14,24,34,54,64,74,84,94,104,114"
456,13:16,6,6,일산,11,"15,25,35,45,55,65,75,85,95,105,115"
456,13:16,7,7,판교,10,"6,16,26,36,46,76,86,96,106,116"
456,13:16,8,8,동탄/용인,11,"17,27,37,47,57,67,77,87,97,107,117"
456,13:16,9,9,평택,12,"8,18,28,38,48,58,68,78,88,98,108,118"
457,13:17,1,1,서울역,14,"0,5,10,20,23,30,40,50,60,70,80,90,100,110"
457,13:17,10,10,인천공항,11,"9,29,39,49,59,69,79,89,99,109,119"
457,13:17,2,2,수서,12,"7,11,21,31,41,51,61,71,81,91,101,111"
457,13:17,3,3,삼성,13,"2,12,19,22,32,42,52,62,72,82,92,102,112"
457,13:17,4,4,여의도,11,"13,33,43,44,53,63,73,83,93,103,113"
457,13:17,5,5,김포공항,12,"1,4,14,24,34,54,64,74,84,94,104,114"
457,13:17,6,6,일산,11,"15,25,35,45,55,65,75,85,95,105,115"
457,13:17,7,7,판교,10,"6,16,26,36,46,76,86,96,106,116"
457,13:17,8,8,동탄/용인,11,"17,27,37,47,57,67,77,87,97,107,117"
457,13:17,9,9,평택,12,"8,18,28,38,48,58,68,78,88,98,108,118"
458,13:18,1,1,서울역,14,"0,5,10,20,23,30,40,50,60,70,80,90,100,110"
458,13:18,10,10,인천공항,11,"9,29,39,49,59,69,79,89,99,109,119"
458,13:18,2,2,수서,12,"7,11,21,31,41,51,61,71,81,91,101,111"
458,13:18,3,3,삼성,13,"2,12,19,22,32,42,52,62,72,82,92,102,112"
458,13:18,4,4,여의도,11,"13,33,43,44,53,63,73,83,93,103,113"
458,13:18,5,5,김포공항,12,"1,4,14,24,34,54,64,74,84,94,104,114"
458,13:18,6,6,일산,11,"15,25,35,45,55,65,75,85,95,105,115"
458,13:18,7,7,판교,11,"6,16,26,36,46,56,76,86,96,106,116"
458,13:18,8,8,동탄/용인,11,"17,27,37,47,57,67,77,87,97,107,117"
458,13:18,9,9,평택,12,"8,18,28,38,48,58,68,78,88,98,108,118"
459,13:19,1,1,서울역,14,"0,5,10,20,23,30,40,50,60,70,80,90,100,110"
459,13:19,10,10,인천공항,11,"9,29,39,49,59,69,79,89,99,109,119"
459,13:19,2,2,수서,12,"7,11,21,31,41,51,61,71,81,91,101,111"
459,13:19,3,3,삼성,13,"2,12,19,22,32,42,52,62,72,82,92,102,112"
459,13:19,4,4,여의도,11,"13,33,43,44,53,63,73,83,93,103,113"
459,13:19,5,5,김포공항,12,"1,4,14,24,34,54,64,74,84,94,104,114"
459,13:19,6,6,일산,11,"15,25,35,45,55,65,75,85,95,105,115"
459,13:19,7,7,판교,11,"6,16,26,36,46,56,76,86,96,106,116"
459,13:19,8,8,동탄/용인,11,"17,27,37,47,57,67,77,87,97,107,117"
459,13:19,9,9,평택,12,"8,18,28,38,48,58,68,78,88,98,108,118"
460,13:20,1,1,서울역,14,"0,5,10,20,23,30,40,50,60,70,80,90,100,110"
460,13:20,10,10,인천공항,11,"9,29,39,49,59,69,79,89,99,109,119"
460,13:20,2,2,수서,12,"7,11,21,31,41,51,61,71,81,91,101,111"
460,13:20,3,3,삼성,13,"2,12,19,22,32,42,52,62,72,82,92,102,112"
460,13:20,4,4,여의도,11,"13,33,43,44,53,63,73,83,93,103,113"
460,13:20,5,5,김포공항,12,"1,4,14,24,34,54,64,74,84,94,104,114"
460,13:20,6,6,일산,11,"15,25,35,45,55,65,75,85,95,105,115"
460,13:20,7,7,판교,11,"6,16,26,36,46,56,76,86,96,106,116"
460,13:20,8,8,동탄/용인,11,"17,27,37,47,57,67,77,87,97,107,117"
460,13:20,9,9,평택,12,"8,18,28,38,48,58,68,78,88,98,108,118"
461,13:21,1,1,서울역,14,"0,5,10,20,23,30,40,50,60,70,80,90,100,110"
461,13:21,10,10,인천공항,11,"9,29,39,49,59,69,79,89,99,109,119"
461,13:21,2,2,수서,13,"3,7,11,21,31,41,51,61,71,81,91,101,111"
461,13:21,3,3,삼성,13,"2,12,19,22,32,42,52,62,72,82,92,102,112"
461,13:21,4,4,여의도,11,"13,33,43,44,53,63,73,83,93,103,113"
461,13:21,5,5,김포공항,12,"1,4,14,24,34,54,64,74,84,94,104,114"
461,13:21,6,6,일산,11,"15,25,35,45,55,65,75,85,95,105,115"
461,13:21,7,7,판교,11,"6,16,26,36,46,56,76,86,96,106,116"
461,13:21,8,8,동탄/용인,11,"17,27,37,47,57,67,77,87,97,107,117"
461,13:21,9,9,평택,12,"8,18,28,38,48,58,68,78,88,98,108,118"
462,13:22,1,1,서울역,14,"0,5,10,20,23,30,40,50,60,70,80,90,100,110"
462,13:22,10,10,인천공항,11,"9,29,39,49,59,69,79,89,99,109,119"
462,13:22,2,2,수서,14,"3,7,11,21,31,41,51,61,66,71,81,91,101,111"
462,13:22,3,3,삼성,13,"2,12,19,22,32,42,52,62,72,82,92,102,112"
462,13:22,4,4,여의도,11,"13,33,43,44,53,63,73,83,93,103,113"
462,13:22,5,5,김포공항,12,"1,4,14,24,34,54,64,74,84,94,104,114"
462,13:22,6,6,일산,11,"15,25,35,45,55,65,75,85,95,105,115"
462,13:22,7,7,판교,11,"6,16,26,36,46,56,76,86,96,106,116"
462,13:22,8,8,동탄/용인,11,"17,27,37,47,57,67,77,87,97,107,117"
462,13:22,9,9,평택,12,"8,18,28,38,48,58,68,78,88,98,108,118"
463,13:23,1,1,서울역,14,"0,5,10,20,23,30,40,50,60,70,80,90,100,110"
463,13:23,10,10,인천공항,11,"9,29,39,49,59,69,79,89,99,109,119"
463,13:23,2,2,수서,14,"3,7,11,21,31,41,51,61,66,71,81,91,101,111"
463,13:23,3,3,삼성,13,"2,12,19,22,32,42,52,62,72,82,92,102,112"
463,13:23,4,4,여의도,11,"13,33,43,44,53,63,73,83,93,103,113"
463,13:23,5,5,김포공항,12,"1,4,14,24,34,54,64,74,84,94,104,114"
463,13:23,6,6,일산,11,"15,25,35,45,55,65,75,85,95,105,115"
463,13:23,7,7,판교,11,"6,16,26,36,46,56,76,86,96,106,116"
463,13:23,8,8,동탄/용인,11,"17,27,37,47,57,67,77,87,97,107,117"
463,13:23,9,9,평택,12,"8,18,28,38,48,58,68,78,88,98,108,118"
464,13:24,1,1,서울역,14,"0,5,10,20,23,30,40,50,60,70,80,90,100,110"
464,13:24,10,10,인천공항,11,"9,29,39,49,59,69,79,89,99,109,119"
464,13:24,2,2,수서,13,"7,11,21,31,41,51,61,66,71,81,91,101,111"
464,13:24,3,3,삼성,13,"2,12,19,22,32,42,52,62,72,82,92,102,112"
464,13:24,4,4,여의도,11,"13,33,43,44,53,63,73,83,93,103,113"
464,13:24,5,5,김포공항,12,"1,4,14,24,34,54,64,74,84,94,104,114"
464,13:24,6,6,일산,11,"15,25,35,45,55,65,75,85,95,105,115"
464,13:24,7,7,판교,11,"6,16,26,36,46,56,76,86,96,106,116"
464,13:24,8,8,동탄/용인,11,"17,27,37,47,57,67,77,87,97,107,117"
464,13:24,9,9,평택,12,"8,18,28,38,48,58,68,78,88,98,108,118"
465,13:25,1,1,서울역,14,"0,5,10,20,23,30,40,50,60,70,80,90,100,110"
465,13:25,10,10,인천공항,11,"9,29,39,49,59,69,79,89,99,109,119"
465,13:25,2,2,수서,13,"7,11,21,31,41,51,61,66,71,81,91,101,111"
465,13:25,3,3,삼성,13,"2,12,19,22,32,42,52,62,72,82,92,102,112"
465,13:25,4,4,여의도,11,"13,33,43,44,53,63,73,83,93,103,113"
465,13:25,5,5,김포공항,12,"1,4,14,24,34,54,64,74,84,94,104,114"
465,13:25,6,6,일산,11,"15,25,35,45,55,65,75,85,95,105,115"
465,13:25,7,7,판교,11,"6,16,26,36,46,56,76,86,96,106,116"
465,13:25,8,8,동탄/용인,11,"17,27,37,47,57,67,77,87,97,107,117"
465,13:25,9,9,평택,12,"8,18,28,38,48,58,68,78,88,98,108,118"
466,13:26,1,1,서울역,14,"0,5,10,20,23,30,40,50,60,70,80,90,100,110"
466,13:26,10,10,인천공항,11,"9,29,39,49,59,69,79,89,99,109,119"
466,13:26,2,2,수서,13,"7,11,21,31,41,51,61,66,71,81,91,101,111"
466,13:26,3,3,삼성,13,"2,12,19,22,32,42,52,62,72,82,92,102,112"
466,13:26,4,4,여의도,11,"13,33,43,44,53,63,73,83,93,103,113"
466,13:26,5,5,김포공항,12,"1,4,14,24,34,54,64,74,84,94,104,114"
466,13:26,6,6,일산,11,"15,25,35,45,55,65,75,85,95,105,115"
466,13:26,7,7,판교,11,"6,16,26,36,46,56,76,86,96,106,116"
466,13:26,8,8,동탄/용인,11,"17,27,37,47,57,67,77,87,97,107,117"
466,13:26,9,9,평택,12,"8,18,28,38,48,58,68,78,88,98,108,118"
467,13:27,1,1,서울역,14,"0,5,10,20,23,30,40,50,60,70,80,90,100,110"
467,13:27,10,10,인천공항,11,"9,29,39,49,59,69,79,89,99,109,119"
467,13:27,2,2,수서,13,"7,11,21,31,41,51,61,66,71,81,91,101,111"
467,13:27,3,3,삼성,14,"2,3,12,19,22,32,42,52,62,72,82,92,102,112"
467,13:27,4,4,여의도,11,"13,33,43,44,53,63,73,83,93,103,113"
467,13:27,5,5,김포공항,12,"1,4,14,24,34,54,64,74,84,94,104,114"
467,13:27,6,6,일산,11,"15,25,35,45,55,65,75,85,95,105,115"
467,13:27,7,7,판교,11,"6,16,26,36,46,56,76,86,96,106,116"
467,13:27,8,8,동탄/용인,11,"17,27,37,47,57,67,77,87,97,107,117"
467,13:27,9,9,평택,12,"8,18,28,38,48,58,68,78,88,98,108,118"
468,13:28,1,1,서울역,14,"0,5,10,20,23,30,40,50,60,70,80,90,100,110"
468,13:28,10,10,인천공항,11,"9,29,39,49,59,69,79,89,99,109,119"
468,13:28,2,2,수서,13,"7,11,21,31,41,51,61,66,71,81,91,101,111"
468,13:28,3,3,삼성,14,"2,3,12,19,22,32,42,52,62,72,82,92,102,112"
468,13:28,4,4,여의도,11,"13,33,43,44,53,63,73,83,93,103,113"
468,13:28,5,5,김포공항,12,"1,4,14,24,34,54,64,74,84,94,104,114"
468,13:28,6,6,일산,11,"15,25,35,45,55,65,75,85,95,105,115"
468,13:28,7,7,판교,11,"6,16,26,36,46,56,76,86,96,106,116"
468,13:28,8,8,동탄/용인,11,"17,27,37,47,57,67,77,87,97,107,117"
468,13:28,9,9,평택,12,"8,18,28,38,48,58,68,78,88,98,108,118"
469,13:29,1,1,서울역,14,"0,5,10,20,23,30,40,50,60,70,80,90,100,110"
469,13:29,10,10,인천공항,11,"9,29,39,49,59,69,79,89,99,109,119"
469,13:29,2,2,수서,13,"7,11,21,31,41,51,61,66,71,81,91,101,111"
469,13:29,3,3,삼성,14,"2,3,12,19,22,32,42,52,62,72,82,92,102,112"
469,13:29,4,4,여의도,11,"13,33,43,44,53,63,73,83,93,103,113"
469,13:29,5,5,김포공항,12,"1,4,14,24,34,54,64,74,84,94,104,114"
469,13:29,6,6,일산,11,"15,25,35,45,55,65,75,85,95,105,115"
469,13:29,7,7,판교,11,"6,16,26,36,46,56,76,86,96,106,116"
469,13:29,8,8,동탄/용인,11,"17,27,37,47,57,67,77,87,97,107,117"
469,13:29,9,9,평택,12,"8,18,28,38,48,58,68,78,88,98,108,118"
470,13:30,1,1,서울역,14,"0,5,10,20,23,30,40,50,60,70,80,90,100,110"
470,13:30,10,10,인천공항,11,"9,29,39,49,59,69,79,89,99,109,119"
470,13:30,2,2,수서,13,"7,11,21,31,41,51,61,66,71,81,91,101,111"
470,13:30,3,3,삼성,14,"2,3,12,19,22,32,42,52,62,72,82,92,102,112"
470,13:30,4,4,여의도,11,"13,33,43,44,53,63,73,83,93,103,113"
470,13:30,5,5,김포공항,12,"1,4,14,24,34,54,64,74,84,94,104,114"
470,13:30,6,6,일산,11,"15,25,35,45,55,65,75,85,95,105,115"
470,13:30,7,7,판교,11,"6,16,26,36,46,56,76,86,96,106,116"
470,13:30,8,8,동탄/용인,11,"17,27,37,47,57,67,77,87,97,107,117"
470,13:30,9,9,평택,12,"8,18,28,38,48,58,68,78,88,98,108,118"
471,13:31,1,1,서울역,14,"0,5,10,20,23,30,40,50,60,70,80,90,100,110"
471,13:31,10,10,인천공항,11,"9,29,39,49,59,69,79,89,99,109,119"
471,13:31,2,2,수서,13,"7,11,21,31,41,51,61,66,71,81,91,101,111"
471,13:31,3,3,삼성,14,"2,3,12,19,22,32,42,52,62,72,82,92,102,112"
471,13:31,4,4,여의도,11,"13,33,43,44,53,63,73,83,93,103,113"
471,13:31,5,5,김포공항,12,"1,4,14,24,34,54,64,74,84,94,104,114"
471,13:31,6,6,일산,11,"15,25,35,45,55,65,75,85,95,105,115"
471,13:31,7,7,판교,11,"6,16,26,36,46,56,76,86,96,106,116"
471,13:31,8,8,동탄/용인,11,"17,27,37,47,57,67,77,87,97,107,117"
471,13:31,9,9,평택,12,"8,18,28,38,48,58,68,78,88,98,108,118"
472,13:32,1,1,서울역,14,"0,5,10,20,23,30,40,50,60,70,80,90,100,110"
472,13:32,10,10,인천공항,11,"9,29,39,49,59,69,79,89,99,109,119"
472,13:32,2,2,수서,13,"7,11,21,31,41,51,61,66,71,81,91,101,111"
472,13:32,3,3,삼성,14,"2,3,12,19,22,32,42,52,62,72,82,92,102,112"
472,13:32,4,4,여의도,11,"13,33,43,44,53,63,73,83,93,103,113"
472,13:32,5,5,김포공항,12,"1,4,14,24,34,54,64,74,84,94,104,114"
472,13:32,6,6,일산,11,"15,25,35,45,55,65,75,85,95,105,115"
472,13:32,7,7,판교,11,"6,16,26,36,46,56,76,86,96,106,116"
472,13:32,8,8,동탄/용인,11,"17,27,37,47,57,67,77,87,97,107,117"
472,13:32,9,9,평택,12,"8,18,28,38,48,58,68,78,88,98,108,118"
473,13:33,1,1,서울역,14,"0,5,10,20,23,30,40,50,60,70,80,90,100,110"
473,13:33,10,10,인천공항,11,"9,29,39,49,59,69,79,89,99,109,119"
473,13:33,2,2,수서,13,"7,11,21,31,41,51,61,66,71,81,91,101,111"
473,13:33,3,3,삼성,14,"2,3,12,19,22,32,42,52,62,72,82,92,102,112"
473,13:33,4,4,여의도,11,"13,33,43,44,53,63,73,83,93,103,113"
473,13:33,5,5,김포공항,12,"1,4,14,24,34,54,64,74,84,94,104,114"
473,13:33,6,6,일산,11,"15,25,35,45,55,65,75,85,95,105,115"
473,13:33,7,7,판교,11,"6,16,26,36,46,56,76,86,96,106,116"
473,13:33,8,8,동탄/용인,11,"17,27,37,47,57,67,77,87,97,107,117"
473,13:33,9,9,평택,12,"8,18,28,38,48,58,68,78,88,98,108,118"
474,13:34,1,1,서울역,14,"0,5,10,20,23,30,40,50,60,70,80,90,100,110"
474,13:34,10,10,인천공항,11,"9,29,39,49,59,69,79,89,99,109,119"
474,13:34,2,2,수서,13,"7,11,21,31,41,51,61,66,71,81,91,101,111"
474,13:34,3,3,삼성,14,"2,3,12,19,22,32,42,52,62,72,82,92,102,112"
474,13:34,4,4,여의도,11,"13,33,43,44,53,63,73,83,93,103,113"
474,13:34,5,5,김포공항,12,"1,4,14,24,34,54,64,74,84,94,104,114"
474,13:34,6,6,일산,11,"15,25,35,45,55,65,75,85,95,105,115"
474,13:34,7,7,판교,11,"6,16,26,36,46,56,76,86,96,106,116"
474,13:34,8,8,동탄/용인,11,"17,27,37,47,57,67,77,87,97,107,117"
474,13:34,9,9,평택,12,"8,18,28,38,48,58,68,78,88,98,108,118"
475,13:35,1,1,서울역,14,"0,5,10,20,23,30,40,50,60,70,80,90,100,110"
475,13:35,10,10,인천공항,11,"9,29,39,49,59,69,79,89,99,109,119"
475,13:35,2,2,수서,13,"7,11,21,31,41,51,61,66,71,81,91,101,111"
475,13:35,3,3,삼성,14,"2,3,12,19,22,32,42,52,62,72,82,92,102,112"
475,13:35,4,4,여의도,11,"13,33,43,44,53,63,73,83,93,103,113"
475,13:35,5,5,김포공항,12,"1,4,14,24,34,54,64,74,84,94,104,114"
475,13:35,6,6,일산,11,"15,25,35,45,55,65,75,85,95,105,115"
475,13:35,7,7,판교,11,"6,16,26,36,46,56,76,86,96,106,116"
475,13:35,8,8,동탄/용인,11,"17,27,37,47,57,67,77,87,97,107,117"
475,13:35,9,9,평택,12,"8,18,28,38,48,58,68,78,88,98,108,118"
476,13:36,1,1,서울역,14,"0,5,10,20,23,30,40,50,60,70,80,90,100,110"
476,13:36,10,10,인천공항,11,"9,29,39,49,59,69,79,89,99,109,119"
476,13:36,2,2,수서,13,"7,11,21,31,41,51,61,66,71,81,91,101,111"
476,13:36,3,3,삼성,14,"2,3,12,19,22,32,42,52,62,72,82,92,102,112"
476,13:36,4,4,여의도,11,"13,33,43,44,53,63,73,83,93,103,113"
476,13:36,5,5,김포공항,12,"1,4,14,24,34,54,64,74,84,94,104,114"
476,13:36,6,6,일산,11,"15,25,35,45,55,65,75,85,95,105,115"
476,13:36,7,7,판교,11,"6,16,26,36,46,56,76,86,96,106,116"
476,13:36,8,8,동탄/용인,11,"17,27,37,47,57,67,77,87,97,107,117"
476,13:36,9,9,평택,12,"8,18,28,38,48,58,68,78,88,98,108,118"
477,13:37,1,1,서울역,14,"0,5,10,20,23,30,40,50,60,70,80,90,100,110"
477,13:37,10,10,인천공항,11,"9,29,39,49,59,69,79,89,99,109,119"
477,13:37,2,2,수서,13,"7,11,21,31,41,51,61,66,71,81,91,101,111"
477,13:37,3,3,삼성,14,"2,3,12,19,22,32,42,52,62,72,82,92,102,112"
477,13:37,4,4,여의도,11,"13,33,43,44,53,63,73,83,93,103,113"
477,13:37,5,5,김포공항,12,"1,4,14,24,34,54,64,74,84,94,104,114"
477,13:37,6,6,일산,11,"15,25,35,45,55,65,75,85,95,105,115"
477,13:37,7,7,판교,11,"6,16,26,36,46,56,76,86,96,106,116"
477,13:37,8,8,동탄/용인,11,"17,27,37,47,57,67,77,87,97,107,117"
477,13:37,9,9,평택,12,"8,18,28,38,48,58,68,78,88,98,108,118"
478,13:38,1,1,서울역,14,"0,5,10,20,23,30,40,50,60,70,80,90,100,110"
478,13:38,10,10,인천공항,11,"9,29,39,49,59,69,79,89,99,109,119"
478,13:38,2,2,수서,13,"7,11,21,31,41,51,61,66,71,81,91,101,111"
478,13:38,3,3,삼성,14,"2,3,12,19,22,32,42,52,62,72,82,92,102,112"
478,13:38,4,4,여의도,11,"13,33,43,44,53,63,73,83,93,103,113"
478,13:38,5,5,김포공항,12,"1,4,14,24,34,54,64,74,84,94,104,114"
478,13:38,6,6,일산,11,"15,25,35,45,55,65,75,85,95,105,115"
478,13:38,7,7,판교,11,"6,16,26,36,46,56,76,86,96,106,116"
478,13:38,8,8,동탄/용인,11,"17,27,37,47,57,67,77,87,97,107,117"
478,13:38,9,9,평택,12,"8,18,28,38,48,58,68,78,88,98,108,118"
479,13:39,1,1,서울역,14,"0,5,10,20,23,30,40,50,60,70,80,90,100,110"
479,13:39,10,10,인천공항,11,"9,29,39,49,59,69,79,89,99,109,119"
479,13:39,2,2,수서,13,"7,11,21,31,41,51,61,66,71,81,91,101,111"
479,13:39,3,3,삼성,14,"2,3,12,19,22,32,42,52,62,72,82,92,102,112"
479,13:39,4,4,여의도,11,"13,33,43,44,53,63,73,83,93,103,113"
479,13:39,5,5,김포공항,12,"1,4,14,24,34,54,64,74,84,94,104,114"
479,13:39,6,6,일산,11,"15,25,35,45,55,65,75,85,95,105,115"
479,13:39,7,7,판교,11,"6,16,26,36,46,56,76,86,96,106,116"
479,13:39,8,8,동탄/용인,11,"17,27,37,47,57,67,77,87,97,107,117"
479,13:39,9,9,평택,12,"8,18,28,38,48,58,68,78,88,98,108,118"
480,13:40,1,1,서울역,14,"0,5,10,20,23,30,40,50,60,70,80,90,100,110"
480,13:40,10,10,인천공항,11,"9,29,39,49,59,69,79,89,99,109,119"
480,13:40,2,2,수서,13,"7,11,21,31,41,51,61,66,71,81,91,101,111"
480,13:40,3,3,삼성,14,"2,3,12,19,22,32,42,52,62,72,82,92,102,112"
480,13:40,4,4,여의도,11,"13,33,43,44,53,63,73,83,93,103,113"
480,13:40,5,5,김포공항,12,"1,4,14,24,34,54,64,74,84,94,104,114"
480,13:40,6,6,일산,11,"15,25,35,45,55,65,75,85,95,105,115"
480,13:40,7,7,판교,11,"6,16,26,36,46,56,76,86,96,106,116"
480,13:40,8,8,동탄/용인,11,"17,27,37,47,57,67,77,87,97,107,117"
480,13:40,9,9,평택,12,"8,18,28,38,48,58,68,78,88,98,108,118"
481,13:41,1,1,서울역,14,"0,5,10,20,23,30,40,50,60,70,80,90,100,110"
481,13:41,10,10,인천공항,11,"9,29,39,49,59,69,79,89,99,109,119"
481,13:41,2,2,수서,13,"7,11,21,31,41,51,61,66,71,81,91,101,111"
481,13:41,3,3,삼성,14,"2,3,12,19,22,32,42,52,62,72,82,92,102,112"
481,13:41,4,4,여의도,11,"13,33,43,44,53,63,73,83,93,103,113"
481,13:41,5,5,김포공항,12,"1,4,14,24,34,54,64,74,84,94,104,114"
481,13:41,6,6,일산,11,"15,25,35,45,55,65,75,85,95,105,115"
481,13:41,7,7,판교,11,"6,16,26,36,46,56,76,86,96,106,116"
481,13:41,8,8,동탄/용인,11,"17,27,37,47,57,67,77,87,97,107,117"
481,13:41,9,9,평택,12,"8,18,28,38,48,58,68,78,88,98,108,118"
482,13:42,1,1,서울역,14,"0,5,10,20,23,30,40,50,60,70,80,90,100,110"
482,13:42,10,10,인천공항,11,"9,29,39,49,59,69,79,89,99,109,119"
482,13:42,2,2,수서,13,"7,11,21,31,41,51,61,66,71,81,91,101,111"
482,13:42,3,3,삼성,14,"2,3,12,19,22,32,42,52,62,72,82,92,102,112"
482,13:42,4,4,여의도,11,"13,33,43,44,53,63,73,83,93,103,113"
482,13:42,5,5,김포공항,12,"1,4,14,24,34,54,64,74,84,94,104,114"
482,13:42,6,6,일산,11,"15,25,35,45,55,65,75,85,95,105,115"
482,13:42,7,7,판교,11,"6,16,26,36,46,56,76,86,96,106,116"
482,13:42,8,8,동탄/용인,11,"17,27,37,47,57,67,77,87,97,107,117"
482,13:42,9,9,평택,12,"8,18,28,38,48,58,68,78,88,98,108,118"
483,13:43,1,1,서울역,14,"0,5,10,20,23,30,40,50,60,70,80,90,100,110"
483,13:43,10,10,인천공항,11,"9,29,39,49,59,69,79,89,99,109,119"
483,13:43,2,2,수서,13,"7,11,21,31,41,51,61,66,71,81,91,101,111"
483,13:43,3,3,삼성,14,"2,3,12,19,22,32,42,52,62,72,82,92,102,112"
483,13:43,4,4,여의도,11,"13,33,43,44,53,63,73,83,93,103,113"
483,13:43,5,5,김포공항,12,"1,4,14,24,34,54,64,74,84,94,104,114"
483,13:43,6,6,일산,11,"15,25,35,45,55,65,75,85,95,105,115"
483,13:43,7,7,판교,11,"6,16,26,36,46,56,76,86,96,106,116"
483,13:43,8,8,동탄/용인,11,"17,27,37,47,57,67,77,87,97,107,117"
483,13:43,9,9,평택,12,"8,18,28,38,48,58,68,78,88,98,108,118"
484,13:44,1,1,서울역,14,"0,5,10,20,23,30,40,50,60,70,80,90,100,110"
484,13:44,10,10,인천공항,11,"9,29,39,49,59,69,79,89,99,109,119"
484,13:44,2,2,수서,13,"7,11,21,31,41,51,61,66,71,81,91,101,111"
484,13:44,3,3,삼성,14,"2,3,12,19,22,32,42,52,62,72,82,92,102,112"
484,13:44,4,4,여의도,11,"13,33,43,44,53,63,73,83,93,103,113"
484,13:44,5,5,김포공항,12,"1,4,14,24,34,54,64,74,84,94,104,114"
484,13:44,6,6,일산,11,"15,25,35,45,55,65,75,85,95,105,115"
484,13:44,7,7,판교,11,"6,16,26,36,46,56,76,86,96,106,116"
484,13:44,8,8,동탄/용인,11,"17,27,37,47,57,67,77,87,97,107,117"
484,13:44,9,9,평택,12,"8,18,28,38,48,58,68,78,88,98,108,118"
485,13:45,1,1,서울역,14,"0,5,10,20,23,30,40,50,60,70,80,90,100,110"
485,13:45,10,10,인천공항,11,"9,29,39,49,59,69,79,89,99,109,119"
485,13:45,2,2,수서,13,"7,11,21,31,41,51,61,66,71,81,91,101,111"
485,13:45,3,3,삼성,14,"2,3,12,19,22,32,42,52,62,72,82,92,102,112"
485,13:45,4,4,여의도,11,"13,33,43,44,53,63,73,83,93,103,113"
485,13:45,5,5,김포공항,12,"1,4,14,24,34,54,64,74,84,94,104,114"
485,13:45,6,6,일산,11,"15,25,35,45,55,65,75,85,95,105,115"
485,13:45,7,7,판교,11,"6,16,26,36,46,56,76,86,96,106,116"
485,13:45,8,8,동탄/용인,11,"17,27,37,47,57,67,77,87,97,107,117"
485,13:45,9,9,평택,12,"8,18,28,38,48,58,68,78,88,98,108,118"
486,13:46,1,1,서울역,14,"0,5,10,20,23,30,40,50,60,70,80,90,100,110"
486,13:46,10,10,인천공항,11,"9,29,39,49,59,69,79,89,99,109,119"
486,13:46,2,2,수서,13,"7,11,21,31,41,51,61,66,71,81,91,101,111"
486,13:46,3,3,삼성,14,"2,3,12,19,22,32,42,52,62,72,82,92,102,112"
486,13:46,4,4,여의도,11,"13,33,43,44,53,63,73,83,93,103,113"
486,13:46,5,5,김포공항,12,"1,4,14,24,34,54,64,74,84,94,104,114"
486,13:46,6,6,일산,11,"15,25,35,45,55,65,75,85,95,105,115"
486,13:46,7,7,판교,11,"6,16,26,36,46,56,76,86,96,106,116"
486,13:46,8,8,동탄/용인,11,"17,27,37,47,57,67,77,87,97,107,117"
486,13:46,9,9,평택,12,"8,18,28,38,48,58,68,78,88,98,108,118"
487,13:47,1,1,서울역,14,"0,5,10,20,23,30,40,50,60,70,80,90,100,110"
487,13:47,10,10,인천공항,11,"9,29,39,49,59,69,79,89,99,109,119"
487,13:47,2,2,수서,13,"7,11,21,31,41,51,61,66,71,81,91,101,111"
487,13:47,3,3,삼성,14,"2,3,12,19,22,32,42,52,62,72,82,92,102,112"
487,13:47,4,4,여의도,11,"13,33,43,44,53,63,73,83,93,103,113"
487,13:47,5,5,김포공항,12,"1,4,14,24,34,54,64,74,84,94,104,114"
487,13:47,6,6,일산,11,"15,25,35,45,55,65,75,85,95,105,115"
487,13:47,7,7,판교,11,"6,16,26,36,46,56,76,86,96,106,116"
487,13:47,8,8,동탄/용인,11,"17,27,37,47,57,67,77,87,97,107,117"
487,13:47,9,9,평택,12,"8,18,28,38,48,58,68,78,88,98,108,118"
488,13:48,1,1,서울역,14,"0,5,10,20,23,30,40,50,60,70,80,90,100,110"
488,13:48,10,10,인천공항,11,"9,29,39,49,59,69,79,89,99,109,119"
488,13:48,2,2,수서,13,"7,11,21,31,41,51,61,66,71,81,91,101,111"
488,13:48,3,3,삼성,14,"2,3,12,19,22,32,42,52,62,72,82,92,102,112"
488,13:48,4,4,여의도,11,"13,33,43,44,53,63,73,83,93,103,113"
488,13:48,5,5,김포공항,12,"1,4,14,24,34,54,64,74,84,94,104,114"
488,13:48,6,6,일산,11,"15,25,35,45,55,65,75,85,95,105,115"
488,13:48,7,7,판교,11,"6,16,26,36,46,56,76,86,96,106,116"
488,13:48,8,8,동탄/용인,11,"17,27,37,47,57,67,77,87,97,107,117"
488,13:48,9,9,평택,12,"8,18,28,38,48,58,68,78,88,98,108,118"
489,13:49,1,1,서울역,14,"0,5,10,20,23,30,40,50,60,70,80,90,100,110"
489,13:49,10,10,인천공항,11,"9,29,39,49,59,69,79,89,99,109,119"
489,13:49,2,2,수서,13,"7,11,21,31,41,51,61,66,71,81,91,101,111"
489,13:49,3,3,삼성,14,"2,3,12,19,22,32,42,52,62,72,82,92,102,112"
489,13:49,4,4,여의도,11,"13,33,43,44,53,63,73,83,93,103,113"
489,13:49,5,5,김포공항,12,"1,4,14,24,34,54,64,74,84,94,104,114"
489,13:49,6,6,일산,11,"15,25,35,45,55,65,75,85,95,105,115"
489,13:49,7,7,판교,11,"6,16,26,36,46,56,76,86,96,106,116"
489,13:49,8,8,동탄/용인,11,"17,27,37,47,57,67,77,87,97,107,117"
489,13:49,9,9,평택,12,"8,18,28,38,48,58,68,78,88,98,108,118"
490,13:50,1,1,서울역,14,"0,5,10,20,23,30,40,50,60,70,80,90,100,110"
490,13:50,10,10,인천공항,11,"9,29,39,49,59,69,79,89,99,109,119"
490,13:50,2,2,수서,13,"7,11,21,31,41,51,61,66,71,81,91,101,111"
490,13:50,3,3,삼성,14,"2,3,12,19,22,32,42,52,62,72,82,92,102,112"
490,13:50,4,4,여의도,11,"13,33,43,44,53,63,73,83,93,103,113"
490,13:50,5,5,김포공항,12,"1,4,14,24,34,54,64,74,84,94,104,114"
490,13:50,6,6,일산,11,"15,25,35,45,55,65,75,85,95,105,115"
490,13:50,7,7,판교,11,"6,16,26,36,46,56,76,86,96,106,116"
490,13:50,8,8,동탄/용인,11,"17,27,37,47,57,67,77,87,97,107,117"
490,13:50,9,9,평택,12,"8,18,28,38,48,58,68,78,88,98,108,118"
491,13:51,1,1,서울역,14,"0,5,10,20,23,30,40,50,60,70,80,90,100,110"
491,13:51,10,10,인천공항,11,"9,29,39,49,59,69,79,89,99,109,119"
491,13:51,2,2,수서,13,"7,11,21,31,41,51,61,66,71,81,91,101,111"
491,13:51,3,3,삼성,14,"2,3,12,19,22,32,42,52,62,72,82,92,102,112"
491,13:51,4,4,여의도,11,"13,33,43,44,53,63,73,83,93,103,113"
491,13:51,5,5,김포공항,12,"1,4,14,24,34,54,64,74,84,94,104,114"
491,13:51,6,6,일산,11,"15,25,35,45,55,65,75,85,95,105,115"
491,13:51,7,7,판교,11,"6,16,26,36,46,56,76,86,96,106,116"
491,13:51,8,8,동탄/용인,11,"17,27,37,47,57,67,77,87,97,107,117"
491,13:51,9,9,평택,12,"8,18,28,38,48,58,68,78,88,98,108,118"
492,13:52,1,1,서울역,14,"0,5,10,20,23,30,40,50,60,70,80,90,100,110"
492,13:52,10,10,인천공항,11,"9,29,39,49,59,69,79,89,99,109,119"
492,13:52,2,2,수서,13,"7,11,21,31,41,51,61,66,71,81,91,101,111"
492,13:52,3,3,삼성,14,"2,3,12,19,22,32,42,52,62,72,82,92,102,112"
492,13:52,4,4,여의도,11,"13,33,43,44,53,63,73,83,93,103,113"
492,13:52,5,5,김포공항,12,"1,4,14,24,34,54,64,74,84,94,104,114"
492,13:52,6,6,일산,11,"15,25,35,45,55,65,75,85,95,105,115"
492,13:52,7,7,판교,11,"6,16,26,36,46,56,76,86,96,106,116"
492,13:52,8,8,동탄/용인,11,"17,27,37,47,57,67,77,87,97,107,117"
492,13:52,9,9,평택,12,"8,18,28,38,48,58,68,78,88,98,108,118"
493,13:53,1,1,서울역,14,"0,5,10,20,23,30,40,50,60,70,80,90,100,110"
493,13:53,10,10,인천공항,11,"9,29,39,49,59,69,79,89,99,109,119"
493,13:53,2,2,수서,13,"7,11,21,31,41,51,61,66,71,81,91,101,111"
493,13:53,3,3,삼성,14,"2,3,12,19,22,32,42,52,62,72,82,92,102,112"
493,13:53,4,4,여의도,11,"13,33,43,44,53,63,73,83,93,103,113"
493,13:53,5,5,김포공항,12,"1,4,14,24,34,54,64,74,84,94,104,114"
493,13:53,6,6,일산,11,"15,25,35,45,55,65,75,85,95,105,115"
493,13:53,7,7,판교,11,"6,16,26,36,46,56,76,86,96,106,116"
493,13:53,8,8,동탄/용인,11,"17,27,37,47,57,67,77,87,97,107,117"
493,13:53,9,9,평택,12,"8,18,28,38,48,58,68,78,88,98,108,118"
494,13:54,1,1,서울역,14,"0,5,10,20,23,30,40,50,60,70,80,90,100,110"
494,13:54,10,10,인천공항,11,"9,29,39,49,59,69,79,89,99,109,119"
494,13:54,2,2,수서,13,"7,11,21,31,41,51,61,66,71,81,91,101,111"
494,13:54,3,3,삼성,14,"2,3,12,19,22,32,42,52,62,72,82,92,102,112"
494,13:54,4,4,여의도,11,"13,33,43,44,53,63,73,83,93,103,113"
494,13:54,5,5,김포공항,12,"1,4,14,24,34,54,64,74,84,94,104,114"
494,13:54,6,6,일산,11,"15,25,35,45,55,65,75,85,95,105,115"
494,13:54,7,7,판교,11,"6,16,26,36,46,56,76,86,96,106,116"
494,13:54,8,8,동탄/용인,11,"17,27,37,47,57,67,77,87,97,107,117"
494,13:54,9,9,평택,12,"8,18,28,38,48,58,68,78,88,98,108,118"
495,13:55,1,1,서울역,14,"0,5,10,20,23,30,40,50,60,70,80,90,100,110"
495,13:55,10,10,인천공항,11,"9,29,39,49,59,69,79,89,99,109,119"
495,13:55,2,2,수서,13,"7,11,21,31,41,51,61,66,71,81,91,101,111"
495,13:55,3,3,삼성,14,"2,3,12,19,22,32,42,52,62,72,82,92,102,112"
495,13:55,4,4,여의도,11,"13,33,43,44,53,63,73,83,93,103,113"
495,13:55,5,5,김포공항,12,"1,4,14,24,34,54,64,74,84,94,104,114"
495,13:55,6,6,일산,11,"15,25,35,45,55,65,75,85,95,105,115"
495,13:55,7,7,판교,11,"6,16,26,36,46,56,76,86,96,106,116"
495,13:55,8,8,동탄/용인,11,"17,27,37,47,57,67,77,87,97,107,117"
495,13:55,9,9,평택,12,"8,18,28,38,48,58,68,78,88,98,108,118"
496,13:56,1,1,서울역,14,"0,5,10,20,23,30,40,50,60,70,80,90,100,110"
496,13:56,10,10,인천공항,11,"9,29,39,49,59,69,79,89,99,109,119"
496,13:56,2,2,수서,13,"7,11,21,31,41,51,61,66,71,81,91,101,111"
496,13:56,3,3,삼성,14,"2,3,12,19,22,32,42,52,62,72,82,92,102,112"
496,13:56,4,4,여의도,11,"13,33,43,44,53,63,73,83,93,103,113"
496,13:56,5,5,김포공항,12,"1,4,14,24,34,54,64,74,84,94,104,114"
496,13:56,6,6,일산,11,"15,25,35,45,55,65,75,85,95,105,115"
496,13:56,7,7,판교,11,"6,16,26,36,46,56,76,86,96,106,116"
496,13:56,8,8,동탄/용인,11,"17,27,37,47,57,67,77,87,97,107,117"
496,13:56,9,9,평택,12,"8,18,28,38,48,58,68,78,88,98,108,118"
497,13:57,1,1,서울역,14,"0,5,10,20,23,30,40,50,60,70,80,90,100,110"
497,13:57,10,10,인천공항,11,"9,29,39,49,59,69,79,89,99,109,119"
497,13:57,2,2,수서,13,"7,11,21,31,41,51,61,66,71,81,91,101,111"
497,13:57,3,3,삼성,14,"2,3,12,19,22,32,42,52,62,72,82,92,102,112"
497,13:57,4,4,여의도,11,"13,33,43,44,53,63,73,83,93,103,113"
497,13:57,5,5,김포공항,12,"1,4,14,24,34,54,64,74,84,94,104,114"
497,13:57,6,6,일산,11,"15,25,35,45,55,65,75,85,95,105,115"
497,13:57,7,7,판교,11,"6,16,26,36,46,56,76,86,96,106,116"
497,13:57,8,8,동탄/용인,11,"17,27,37,47,57,67,77,87,97,107,117"
497,13:57,9,9,평택,12,"8,18,28,38,48,58,68,78,88,98,108,118"
498,13:58,1,1,서울역,14,"0,5,10,20,23,30,40,50,60,70,80,90,100,110"
498,13:58,10,10,인천공항,11,"9,29,39,49,59,69,79,89,99,109,119"
498,13:58,2,2,수서,13,"7,11,21,31,41,51,61,66,71,81,91,101,111"
498,13:58,3,3,삼성,14,"2,3,12,19,22,32,42,52,62,72,82,92,102,112"
498,13:58,4,4,여의도,11,"13,33,43,44,53,63,73,83,93,103,113"
498,13:58,5,5,김포공항,12,"1,4,14,24,34,54,64,74,84,94,104,114"
498,13:58,6,6,일산,11,"15,25,35,45,55,65,75,85,95,105,115"
498,13:58,7,7,판교,11,"6,16,26,36,46,56,76,86,96,106,116"
498,13:58,8,8,동탄/용인,11,"17,27,37,47,57,67,77,87,97,107,117"
498,13:58,9,9,평택,12,"8,18,28,38,48,58,68,78,88,98,108,118"
499,13:59,1,1,서울역,14,"0,5,10,20,23,30,40,50,60,70,80,90,100,110"
499,13:59,10,10,인천공항,11,"9,29,39,49,59,69,79,89,99,109,119"
499,13:59,2,2,수서,13,"7,11,21,31,41,51,61,66,71,81,91,101,111"
499,13:59,3,3,삼성,14,"2,3,12,19,22,32,42,52,62,72,82,92,102,112"
499,13:59,4,4,여의도,11,"13,33,43,44,53,63,73,83,93,103,113"
499,13:59,5,5,김포공항,12,"1,4,14,24,34,54,64,74,84,94,104,114"
499,13:59,6,6,일산,11,"15,25,35,45,55,65,75,85,95,105,115"
499,13:59,7,7,판교,11,"6,16,26,36,46,56,76,86,96,106,116"
499,13:59,8,8,동탄/용인,11,"17,27,37,47,57,67,77,87,97,107,117"
499,13:59,9,9,평택,12,"8,18,28,38,48,58,68,78,88,98,108,118"
500,14:00,1,1,서울역,14,"0,5,10,20,23,30,40,50,60,70,80,90,100,110"
500,14:00,10,10,인천공항,11,"9,29,39,49,59,69,79,89,99,109,119"
500,14:00,2,2,수서,13,"7,11,21,31,41,51,61,66,71,81,91,101,111"
500,14:00,3,3,삼성,14,"2,3,12,19,22,32,42,52,62,72,82,92,102,112"
500,14:00,4,4,여의도,11,"13,33,43,44,53,63,73,83,93,103,113"
500,14:00,5,5,김포공항,12,"1,4,14,24,34,54,64,74,84,94,104,114"
500,14:00,6,6,일산,11,"15,25,35,45,55,65,75,85,95,105,115"
500,14:00,7,7,판교,11,"6,16,26,36,46,56,76,86,96,106,116"
500,14:00,8,8,동탄/용인,11,"17,27,37,47,57,67,77,87,97,107,117"
500,14:00,9,9,평택,12,"8,18,28,38,48,58,68,78,88,98,108,118"
501,14:01,1,1,서울역,14,"0,5,10,20,23,30,40,50,60,70,80,90,100,110"
501,14:01,10,10,인천공항,11,"9,29,39,49,59,69,79,89,99,109,119"
501,14:01,2,2,수서,13,"7,11,21,31,41,51,61,66,71,81,91,101,111"
501,14:01,3,3,삼성,14,"2,3,12,19,22,32,42,52,62,72,82,92,102,112"
501,14:01,4,4,여의도,11,"13,33,43,44,53,63,73,83,93,103,113"
501,14:01,5,5,김포공항,12,"1,4,14,24,34,54,64,74,84,94,104,114"
501,14:01,6,6,일산,11,"15,25,35,45,55,65,75,85,95,105,115"
501,14:01,7,7,판교,11,"6,16,26,36,46,56,76,86,96,106,116"
501,14:01,8,8,동탄/용인,11,"17,27,37,47,57,67,77,87,97,107,117"
501,14:01,9,9,평택,12,"8,18,28,38,48,58,68,78,88,98,108,118"
502,14:02,1,1,서울역,14,"0,5,10,20,23,30,40,50,60,70,80,90,100,110"
502,14:02,10,10,인천공항,11,"9,29,39,49,59,69,79,89,99,109,119"
502,14:02,2,2,수서,13,"7,11,21,31,41,51,61,66,71,81,91,101,111"
502,14:02,3,3,삼성,14,"2,3,12,19,22,32,42,52,62,72,82,92,102,112"
502,14:02,4,4,여의도,11,"13,33,43,44,53,63,73,83,93,103,113"
502,14:02,5,5,김포공항,12,"1,4,14,24,34,54,64,74,84,94,104,114"
502,14:02,6,6,일산,11,"15,25,35,45,55,65,75,85,95,105,115"
502,14:02,7,7,판교,11,"6,16,26,36,46,56,76,86,96,106,116"
502,14:02,8,8,동탄/용인,11,"17,27,37,47,57,67,77,87,97,107,117"
502,14:02,9,9,평택,12,"8,18,28,38,48,58,68,78,88,98,108,118"
503,14:03,1,1,서울역,14,"0,5,10,20,23,30,40,50,60,70,80,90,100,110"
503,14:03,10,10,인천공항,11,"9,29,39,49,59,69,79,89,99,109,119"
503,14:03,2,2,수서,13,"7,11,21,31,41,51,61,66,71,81,91,101,111"
503,14:03,3,3,삼성,14,"2,3,12,19,22,32,42,52,62,72,82,92,102,112"
503,14:03,4,4,여의도,11,"13,33,43,44,53,63,73,83,93,103,113"
503,14:03,5,5,김포공항,12,"1,4,14,24,34,54,64,74,84,94,104,114"
503,14:03,6,6,일산,11,"15,25,35,45,55,65,75,85,95,105,115"
503,14:03,7,7,판교,11,"6,16,26,36,46,56,76,86,96,106,116"
503,14:03,8,8,동탄/용인,11,"17,27,37,47,57,67,77,87,97,107,117"
503,14:03,9,9,평택,12,"8,18,28,38,48,58,68,78,88,98,108,118"
504,14:04,1,1,서울역,14,"0,5,10,20,23,30,40,50,60,70,80,90,100,110"
504,14:04,10,10,인천공항,11,"9,29,39,49,59,69,79,89,99,109,119"
504,14:04,2,2,수서,13,"7,11,21,31,41,51,61,66,71,81,91,101,111"
504,14:04,3,3,삼성,14,"2,3,12,19,22,32,42,52,62,72,82,92,102,112"
504,14:04,4,4,여의도,11,"13,33,43,44,53,63,73,83,93,103,113"
504,14:04,5,5,김포공항,12,"1,4,14,24,34,54,64,74,84,94,104,114"
504,14:04,6,6,일산,11,"15,25,35,45,55,65,75,85,95,105,115"
504,14:04,7,7,판교,11,"6,16,26,36,46,56,76,86,96,106,116"
504,14:04,8,8,동탄/용인,11,"17,27,37,47,57,67,77,87,97,107,117"
504,14:04,9,9,평택,12,"8,18,28,38,48,58,68,78,88,98,108,118"
505,14:05,1,1,서울역,14,"0,5,10,20,23,30,40,50,60,70,80,90,100,110"
505,14:05,10,10,인천공항,11,"9,29,39,49,59,69,79,89,99,109,119"
505,14:05,2,2,수서,13,"7,11,21,31,41,51,61,66,71,81,91,101,111"
505,14:05,3,3,삼성,14,"2,3,12,19,22,32,42,52,62,72,82,92,102,112"
505,14:05,4,4,여의도,11,"13,33,43,44,53,63,73,83,93,103,113"
505,14:05,5,5,김포공항,12,"1,4,14,24,34,54,64,74,84,94,104,114"
505,14:05,6,6,일산,11,"15,25,35,45,55,65,75,85,95,105,115"
505,14:05,7,7,판교,11,"6,16,26,36,46,56,76,86,96,106,116"
505,14:05,8,8,동탄/용인,11,"17,27,37,47,57,67,77,87,97,107,117"
505,14:05,9,9,평택,12,"8,18,28,38,48,58,68,78,88,98,108,118"
506,14:06,1,1,서울역,14,"0,5,10,20,23,30,40,50,60,70,80,90,100,110"
506,14:06,10,10,인천공항,11,"9,29,39,49,59,69,79,89,99,109,119"
506,14:06,2,2,수서,13,"7,11,21,31,41,51,61,66,71,81,91,101,111"
506,14:06,3,3,삼성,14,"2,3,12,19,22,32,42,52,62,72,82,92,102,112"
506,14:06,4,4,여의도,11,"13,33,43,44,53,63,73,83,93,103,113"
506,14:06,5,5,김포공항,12,"1,4,14,24,34,54,64,74,84,94,104,114"
506,14:06,6,6,일산,11,"15,25,35,45,55,65,75,85,95,105,115"
506,14:06,7,7,판교,11,"6,16,26,36,46,56,76,86,96,106,116"
506,14:06,8,8,동탄/용인,11,"17,27,37,47,57,67,77,87,97,107,117"
506,14:06,9,9,평택,12,"8,18,28,38,48,58,68,78,88,98,108,118"
507,14:07,1,1,서울역,14,"0,5,10,20,23,30,40,50,60,70,80,90,100,110"
507,14:07,10,10,인천공항,11,"9,29,39,49,59,69,79,89,99,109,119"
507,14:07,2,2,수서,13,"7,11,21,31,41,51,61,66,71,81,91,101,111"
507,14:07,3,3,삼성,14,"2,3,12,19,22,32,42,52,62,72,82,92,102,112"
507,14:07,4,4,여의도,11,"13,33,43,44,53,63,73,83,93,103,113"
507,14:07,5,5,김포공항,12,"1,4,14,24,34,54,64,74,84,94,104,114"
507,14:07,6,6,일산,11,"15,25,35,45,55,65,75,85,95,105,115"
507,14:07,7,7,판교,11,"6,16,26,36,46,56,76,86,96,106,116"
507,14:07,8,8,동탄/용인,11,"17,27,37,47,57,67,77,87,97,107,117"
507,14:07,9,9,평택,12,"8,18,28,38,48,58,68,78,88,98,108,118"
508,14:08,1,1,서울역,14,"0,5,10,20,23,30,40,50,60,70,80,90,100,110"
508,14:08,10,10,인천공항,11,"9,29,39,49,59,69,79,89,99,109,119"
508,14:08,2,2,수서,13,"7,11,21,31,41,51,61,66,71,81,91,101,111"
508,14:08,3,3,삼성,14,"2,3,12,19,22,32,42,52,62,72,82,92,102,112"
508,14:08,4,4,여의도,11,"13,33,43,44,53,63,73,83,93,103,113"
508,14:08,5,5,김포공항,12,"1,4,14,24,34,54,64,74,84,94,104,114"
508,14:08,6,6,일산,11,"15,25,35,45,55,65,75,85,95,105,115"
508,14:08,7,7,판교,11,"6,16,26,36,46,56,76,86,96,106,116"
508,14:08,8,8,동탄/용인,11,"17,27,37,47,57,67,77,87,97,107,117"
508,14:08,9,9,평택,12,"8,18,28,38,48,58,68,78,88,98,108,118"
509,14:09,1,1,서울역,14,"0,5,10,20,23,30,40,50,60,70,80,90,100,110"
509,14:09,10,10,인천공항,11,"9,29,39,49,59,69,79,89,99,109,119"
509,14:09,2,2,수서,13,"7,11,21,31,41,51,61,66,71,81,91,101,111"
509,14:09,3,3,삼성,14,"2,3,12,19,22,32,42,52,62,72,82,92,102,112"
509,14:09,4,4,여의도,11,"13,33,43,44,53,63,73,83,93,103,113"
509,14:09,5,5,김포공항,12,"1,4,14,24,34,54,64,74,84,94,104,114"
509,14:09,6,6,일산,11,"15,25,35,45,55,65,75,85,95,105,115"
509,14:09,7,7,판교,11,"6,16,26,36,46,56,76,86,96,106,116"
509,14:09,8,8,동탄/용인,11,"17,27,37,47,57,67,77,87,97,107,117"
509,14:09,9,9,평택,12,"8,18,28,38,48,58,68,78,88,98,108,118"
510,14:10,1,1,서울역,14,"0,5,10,20,23,30,40,50,60,70,80,90,100,110"
510,14:10,10,10,인천공항,11,"9,29,39,49,59,69,79,89,99,109,119"
510,14:10,2,2,수서,13,"7,11,21,31,41,51,61,66,71,81,91,101,111"
510,14:10,3,3,삼성,14,"2,3,12,19,22,32,42,52,62,72,82,92,102,112"
510,14:10,4,4,여의도,11,"13,33,43,44,53,63,73,83,93,103,113"
510,14:10,5,5,김포공항,12,"1,4,14,24,34,54,64,74,84,94,104,114"
510,14:10,6,6,일산,11,"15,25,35,45,55,65,75,85,95,105,115"
510,14:10,7,7,판교,11,"6,16,26,36,46,56,76,86,96,106,116"
510,14:10,8,8,동탄/용인,11,"17,27,37,47,57,67,77,87,97,107,117"
510,14:10,9,9,평택,12,"8,18,28,38,48,58,68,78,88,98,108,118"
511,14:11,1,1,서울역,14,"0,5,10,20,23,30,40,50,60,70,80,90,100,110"
511,14:11,10,10,인천공항,11,"9,29,39,49,59,69,79,89,99,109,119"
511,14:11,2,2,수서,13,"7,11,21,31,41,51,61,66,71,81,91,101,111"
511,14:11,3,3,삼성,14,"2,3,12,19,22,32,42,52,62,72,82,92,102,112"
511,14:11,4,4,여의도,11,"13,33,43,44,53,63,73,83,93,103,113"
511,14:11,5,5,김포공항,12,"1,4,14,24,34,54,64,74,84,94,104,114"
511,14:11,6,6,일산,11,"15,25,35,45,55,65,75,85,95,105,115"
511,14:11,7,7,판교,11,"6,16,26,36,46,56,76,86,96,106,116"
511,14:11,8,8,동탄/용인,11,"17,27,37,47,57,67,77,87,97,107,117"
511,14:11,9,9,평택,12,"8,18,28,38,48,58,68,78,88,98,108,118"
512,14:12,1,1,서울역,14,"0,5,10,20,23,30,40,50,60,70,80,90,100,110"
512,14:12,10,10,인천공항,11,"9,29,39,49,59,69,79,89,99,109,119"
512,14:12,2,2,수서,13,"7,11,21,31,41,51,61,66,71,81,91,101,111"
512,14:12,3,3,삼성,14,"2,3,12,19,22,32,42,52,62,72,82,92,102,112"
512,14:12,4,4,여의도,11,"13,33,43,44,53,63,73,83,93,103,113"
512,14:12,5,5,김포공항,12,"1,4,14,24,34,54,64,74,84,94,104,114"
512,14:12,6,6,일산,11,"15,25,35,45,55,65,75,85,95,105,115"
512,14:12,7,7,판교,11,"6,16,26,36,46,56,76,86,96,106,116"
512,14:12,8,8,동탄/용인,11,"17,27,37,47,57,67,77,87,97,107,117"
512,14:12,9,9,평택,12,"8,18,28,38,48,58,68,78,88,98,108,118"
513,14:13,1,1,서울역,14,"0,5,10,20,23,30,40,50,60,70,80,90,100,110"
513,14:13,10,10,인천공항,11,"9,29,39,49,59,69,79,89,99,109,119"
513,14:13,2,2,수서,13,"7,11,21,31,41,51,61,66,71,81,91,101,111"
513,14:13,3,3,삼성,14,"2,3,12,19,22,32,42,52,62,72,82,92,102,112"
513,14:13,4,4,여의도,11,"13,33,43,44,53,63,73,83,93,103,113"
513,14:13,5,5,김포공항,12,"1,4,14,24,34,54,64,74,84,94,104,114"
513,14:13,6,6,일산,11,"15,25,35,45,55,65,75,85,95,105,115"
513,14:13,7,7,판교,11,"6,16,26,36,46,56,76,86,96,106,116"
513,14:13,8,8,동탄/용인,11,"17,27,37,47,57,67,77,87,97,107,117"
513,14:13,9,9,평택,12,"8,18,28,38,48,58,68,78,88,98,108,118"
514,14:14,1,1,서울역,14,"0,5,10,20,23,30,40,50,60,70,80,90,100,110"
514,14:14,10,10,인천공항,11,"9,29,39,49,59,69,79,89,99,109,119"
514,14:14,2,2,수서,13,"7,11,21,31,41,51,61,66,71,81,91,101,111"
514,14:14,3,3,삼성,14,"2,3,12,19,22,32,42,52,62,72,82,92,102,112"
514,14:14,4,4,여의도,11,"13,33,43,44,53,63,73,83,93,103,113"
514,14:14,5,5,김포공항,12,"1,4,14,24,34,54,64,74,84,94,104,114"
514,14:14,6,6,일산,11,"15,25,35,45,55,65,75,85,95,105,115"
514,14:14,7,7,판교,11,"6,16,26,36,46,56,76,86,96,106,116"
514,14:14,8,8,동탄/용인,11,"17,27,37,47,57,67,77,87,97,107,117"
514,14:14,9,9,평택,12,"8,18,28,38,48,58,68,78,88,98,108,118"
515,14:15,1,1,서울역,14,"0,5,10,20,23,30,40,50,60,70,80,90,100,110"
515,14:15,10,10,인천공항,11,"9,29,39,49,59,69,79,89,99,109,119"
515,14:15,2,2,수서,13,"7,11,21,31,41,51,61,66,71,81,91,101,111"
515,14:15,3,3,삼성,14,"2,3,12,19,22,32,42,52,62,72,82,92,102,112"
515,14:15,4,4,여의도,11,"13,33,43,44,53,63,73,83,93,103,113"
515,14:15,5,5,김포공항,12,"1,4,14,24,34,54,64,74,84,94,104,114"
515,14:15,6,6,일산,11,"15,25,35,45,55,65,75,85,95,105,115"
515,14:15,7,7,판교,11,"6,16,26,36,46,56,76,86,96,106,116"
515,14:15,8,8,동탄/용인,11,"17,27,37,47,57,67,77,87,97,107,117"
515,14:15,9,9,평택,12,"8,18,28,38,48,58,68,78,88,98,108,118"
516,14:16,1,1,서울역,14,"0,5,10,20,23,30,40,50,60,70,80,90,100,110"
516,14:16,10,10,인천공항,11,"9,29,39,49,59,69,79,89,99,109,119"
516,14:16,2,2,수서,13,"7,11,21,31,41,51,61,66,71,81,91,101,111"
516,14:16,3,3,삼성,14,"2,3,12,19,22,32,42,52,62,72,82,92,102,112"
516,14:16,4,4,여의도,11,"13,33,43,44,53,63,73,83,93,103,113"
516,14:16,5,5,김포공항,12,"1,4,14,24,34,54,64,74,84,94,104,114"
516,14:16,6,6,일산,11,"15,25,35,45,55,65,75,85,95,105,115"
516,14:16,7,7,판교,11,"6,16,26,36,46,56,76,86,96,106,116"
516,14:16,8,8,동탄/용인,11,"17,27,37,47,57,67,77,87,97,107,117"
516,14:16,9,9,평택,12,"8,18,28,38,48,58,68,78,88,98,108,118"
517,14:17,1,1,서울역,14,"0,5,10,20,23,30,40,50,60,70,80,90,100,110"
517,14:17,10,10,인천공항,11,"9,29,39,49,59,69,79,89,99,109,119"
517,14:17,2,2,수서,13,"7,11,21,31,41,51,61,66,71,81,91,101,111"
517,14:17,3,3,삼성,14,"2,3,12,19,22,32,42,52,62,72,82,92,102,112"
517,14:17,4,4,여의도,11,"13,33,43,44,53,63,73,83,93,103,113"
517,14:17,5,5,김포공항,12,"1,4,14,24,34,54,64,74,84,94,104,114"
517,14:17,6,6,일산,11,"15,25,35,45,55,65,75,85,95,105,115"
517,14:17,7,7,판교,11,"6,16,26,36,46,56,76,86,96,106,116"
517,14:17,8,8,동탄/용인,11,"17,27,37,47,57,67,77,87,97,107,117"
517,14:17,9,9,평택,12,"8,18,28,38,48,58,68,78,88,98,108,118"
518,14:18,1,1,서울역,14,"0,5,10,20,23,30,40,50,60,70,80,90,100,110"
518,14:18,10,10,인천공항,11,"9,29,39,49,59,69,79,89,99,109,119"
518,14:18,2,2,수서,13,"7,11,21,31,41,51,61,66,71,81,91,101,111"
518,14:18,3,3,삼성,14,"2,3,12,19,22,32,42,52,62,72,82,92,102,112"
518,14:18,4,4,여의도,11,"13,33,43,44,53,63,73,83,93,103,113"
518,14:18,5,5,김포공항,12,"1,4,14,24,34,54,64,74,84,94,104,114"
518,14:18,6,6,일산,11,"15,25,35,45,55,65,75,85,95,105,115"
518,14:18,7,7,판교,11,"6,16,26,36,46,56,76,86,96,106,116"
518,14:18,8,8,동탄/용인,11,"17,27,37,47,57,67,77,87,97,107,117"
518,14:18,9,9,평택,12,"8,18,28,38,48,58,68,78,88,98,108,118"
519,14:19,1,1,서울역,14,"0,5,10,20,23,30,40,50,60,70,80,90,100,110"
519,14:19,10,10,인천공항,11,"9,29,39,49,59,69,79,89,99,109,119"
519,14:19,2,2,수서,13,"7,11,21,31,41,51,61,66,71,81,91,101,111"
519,14:19,3,3,삼성,14,"2,3,12,19,22,32,42,52,62,72,82,92,102,112"
519,14:19,4,4,여의도,11,"13,33,43,44,53,63,73,83,93,103,113"
519,14:19,5,5,김포공항,12,"1,4,14,24,34,54,64,74,84,94,104,114"
519,14:19,6,6,일산,11,"15,25,35,45,55,65,75,85,95,105,115"
519,14:19,7,7,판교,11,"6,16,26,36,46,56,76,86,96,106,116"
519,14:19,8,8,동탄/용인,11,"17,27,37,47,57,67,77,87,97,107,117"
519,14:19,9,9,평택,12,"8,18,28,38,48,58,68,78,88,98,108,118"
520,14:20,1,1,서울역,14,"0,5,10,20,23,30,40,50,60,70,80,90,100,110"
520,14:20,10,10,인천공항,11,"9,29,39,49,59,69,79,89,99,109,119"
520,14:20,2,2,수서,13,"7,11,21,31,41,51,61,66,71,81,91,101,111"
520,14:20,3,3,삼성,14,"2,3,12,19,22,32,42,52,62,72,82,92,102,112"
520,14:20,4,4,여의도,11,"13,33,43,44,53,63,73,83,93,103,113"
520,14:20,5,5,김포공항,12,"1,4,14,24,34,54,64,74,84,94,104,114"
520,14:20,6,6,일산,11,"15,25,35,45,55,65,75,85,95,105,115"
520,14:20,7,7,판교,11,"6,16,26,36,46,56,76,86,96,106,116"
520,14:20,8,8,동탄/용인,11,"17,27,37,47,57,67,77,87,97,107,117"
520,14:20,9,9,평택,12,"8,18,28,38,48,58,68,78,88,98,108,118"
521,14:21,1,1,서울역,14,"0,5,10,20,23,30,40,50,60,70,80,90,100,110"
521,14:21,10,10,인천공항,11,"9,29,39,49,59,69,79,89,99,109,119"
521,14:21,2,2,수서,13,"7,11,21,31,41,51,61,66,71,81,91,101,111"
521,14:21,3,3,삼성,14,"2,3,12,19,22,32,42,52,62,72,82,92,102,112"
521,14:21,4,4,여의도,11,"13,33,43,44,53,63,73,83,93,103,113"
521,14:21,5,5,김포공항,12,"1,4,14,24,34,54,64,74,84,94,104,114"
521,14:21,6,6,일산,11,"15,25,35,45,55,65,75,85,95,105,115"
521,14:21,7,7,판교,11,"6,16,26,36,46,56,76,86,96,106,116"
521,14:21,8,8,동탄/용인,11,"17,27,37,47,57,67,77,87,97,107,117"
521,14:21,9,9,평택,12,"8,18,28,38,48,58,68,78,88,98,108,118"
522,14:22,1,1,서울역,14,"0,5,10,20,23,30,40,50,60,70,80,90,100,110"
522,14:22,10,10,인천공항,11,"9,29,39,49,59,69,79,89,99,109,119"
522,14:22,2,2,수서,13,"7,11,21,31,41,51,61,66,71,81,91,101,111"
522,14:22,3,3,삼성,14,"2,3,12,19,22,32,42,52,62,72,82,92,102,112"
522,14:22,4,4,여의도,11,"13,33,43,44,53,63,73,83,93,103,113"
522,14:22,5,5,김포공항,12,"1,4,14,24,34,54,64,74,84,94,104,114"
522,14:22,6,6,일산,11,"15,25,35,45,55,65,75,85,95,105,115"
522,14:22,7,7,판교,11,"6,16,26,36,46,56,76,86,96,106,116"
522,14:22,8,8,동탄/용인,11,"17,27,37,47,57,67,77,87,97,107,117"
522,14:22,9,9,평택,12,"8,18,28,38,48,58,68,78,88,98,108,118"
523,14:23,1,1,서울역,14,"0,5,10,20,23,30,40,50,60,70,80,90,100,110"
523,14:23,10,10,인천공항,11,"9,29,39,49,59,69,79,89,99,109,119"
523,14:23,2,2,수서,13,"7,11,21,31,41,51,61,66,71,81,91,101,111"
523,14:23,3,3,삼성,14,"2,3,12,19,22,32,42,52,62,72,82,92,102,112"
523,14:23,4,4,여의도,11,"13,33,43,44,53,63,73,83,93,103,113"
523,14:23,5,5,김포공항,12,"1,4,14,24,34,54,64,74,84,94,104,114"
523,14:23,6,6,일산,11,"15,25,35,45,55,65,75,85,95,105,115"
523,14:23,7,7,판교,11,"6,16,26,36,46,56,76,86,96,106,116"
523,14:23,8,8,동탄/용인,11,"17,27,37,47,57,67,77,87,97,107,117"
523,14:23,9,9,평택,12,"8,18,28,38,48,58,68,78,88,98,108,118"
524,14:24,1,1,서울역,14,"0,5,10,20,23,30,40,50,60,70,80,90,100,110"
524,14:24,10,10,인천공항,11,"9,29,39,49,59,69,79,89,99,109,119"
524,14:24,2,2,수서,13,"7,11,21,31,41,51,61,66,71,81,91,101,111"
524,14:24,3,3,삼성,14,"2,3,12,19,22,32,42,52,62,72,82,92,102,112"
524,14:24,4,4,여의도,11,"13,33,43,44,53,63,73,83,93,103,113"
524,14:24,5,5,김포공항,12,"1,4,14,24,34,54,64,74,84,94,104,114"
524,14:24,6,6,일산,11,"15,25,35,45,55,65,75,85,95,105,115"
524,14:24,7,7,판교,11,"6,16,26,36,46,56,76,86,96,106,116"
524,14:24,8,8,동탄/용인,11,"17,27,37,47,57,67,77,87,97,107,117"
524,14:24,9,9,평택,12,"8,18,28,38,48,58,68,78,88,98,108,118"
525,14:25,1,1,서울역,14,"0,5,10,20,23,30,40,50,60,70,80,90,100,110"
525,14:25,10,10,인천공항,11,"9,29,39,49,59,69,79,89,99,109,119"
525,14:25,2,2,수서,13,"7,11,21,31,41,51,61,66,71,81,91,101,111"
525,14:25,3,3,삼성,14,"2,3,12,19,22,32,42,52,62,72,82,92,102,112"
525,14:25,4,4,여의도,11,"13,33,43,44,53,63,73,83,93,103,113"
525,14:25,5,5,김포공항,12,"1,4,14,24,34,54,64,74,84,94,104,114"
525,14:25,6,6,일산,11,"15,25,35,45,55,65,75,85,95,105,115"
525,14:25,7,7,판교,11,"6,16,26,36,46,56,76,86,96,106,116"
525,14:25,8,8,동탄/용인,11,"17,27,37,47,57,67,77,87,97,107,117"
525,14:25,9,9,평택,12,"8,18,28,38,48,58,68,78,88,98,108,118"
526,14:26,1,1,서울역,14,"0,5,10,20,23,30,40,50,60,70,80,90,100,110"
526,14:26,10,10,인천공항,11,"9,29,39,49,59,69,79,89,99,109,119"
526,14:26,2,2,수서,13,"7,11,21,31,41,51,61,66,71,81,91,101,111"
526,14:26,3,3,삼성,14,"2,3,12,19,22,32,42,52,62,72,82,92,102,112"
526,14:26,4,4,여의도,11,"13,33,43,44,53,63,73,83,93,103,113"
526,14:26,5,5,김포공항,12,"1,4,14,24,34,54,64,74,84,94,104,114"
526,14:26,6,6,일산,11,"15,25,35,45,55,65,75,85,95,105,115"
526,14:26,7,7,판교,11,"6,16,26,36,46,56,76,86,96,106,116"
526,14:26,8,8,동탄/용인,11,"17,27,37,47,57,67,77,87,97,107,117"
526,14:26,9,9,평택,12,"8,18,28,38,48,58,68,78,88,98,108,118"
527,14:27,1,1,서울역,14,"0,5,10,20,23,30,40,50,60,70,80,90,100,110"
527,14:27,10,10,인천공항,11,"9,29,39,49,59,69,79,89,99,109,119"
527,14:27,2,2,수서,13,"7,11,21,31,41,51,61,66,71,81,91,101,111"
527,14:27,3,3,삼성,14,"2,3,12,19,22,32,42,52,62,72,82,92,102,112"
527,14:27,4,4,여의도,11,"13,33,43,44,53,63,73,83,93,103,113"
527,14:27,5,5,김포공항,12,"1,4,14,24,34,54,64,74,84,94,104,114"
527,14:27,6,6,일산,11,"15,25,35,45,55,65,75,85,95,105,115"
527,14:27,7,7,판교,11,"6,16,26,36,46,56,76,86,96,106,116"
527,14:27,8,8,동탄/용인,11,"17,27,37,47,57,67,77,87,97,107,117"
527,14:27,9,9,평택,12,"8,18,28,38,48,58,68,78,88,98,108,118"
528,14:28,1,1,서울역,14,"0,5,10,20,23,30,40,50,60,70,80,90,100,110"
528,14:28,10,10,인천공항,11,"9,29,39,49,59,69,79,89,99,109,119"
528,14:28,2,2,수서,13,"7,11,21,31,41,51,61,66,71,81,91,101,111"
528,14:28,3,3,삼성,14,"2,3,12,19,22,32,42,52,62,72,82,92,102,112"
528,14:28,4,4,여의도,11,"13,33,43,44,53,63,73,83,93,103,113"
528,14:28,5,5,김포공항,12,"1,4,14,24,34,54,64,74,84,94,104,114"
528,14:28,6,6,일산,11,"15,25,35,45,55,65,75,85,95,105,115"
528,14:28,7,7,판교,11,"6,16,26,36,46,56,76,86,96,106,116"
528,14:28,8,8,동탄/용인,11,"17,27,37,47,57,67,77,87,97,107,117"
528,14:28,9,9,평택,12,"8,18,28,38,48,58,68,78,88,98,108,118"
529,14:29,1,1,서울역,14,"0,5,10,20,23,30,40,50,60,70,80,90,100,110"
529,14:29,10,10,인천공항,11,"9,29,39,49,59,69,79,89,99,109,119"
529,14:29,2,2,수서,13,"7,11,21,31,41,51,61,66,71,81,91,101,111"
529,14:29,3,3,삼성,14,"2,3,12,19,22,32,42,52,62,72,82,92,102,112"
529,14:29,4,4,여의도,11,"13,33,43,44,53,63,73,83,93,103,113"
529,14:29,5,5,김포공항,12,"1,4,14,24,34,54,64,74,84,94,104,114"
529,14:29,6,6,일산,11,"15,25,35,45,55,65,75,85,95,105,115"
529,14:29,7,7,판교,11,"6,16,26,36,46,56,76,86,96,106,116"
529,14:29,8,8,동탄/용인,11,"17,27,37,47,57,67,77,87,97,107,117"
529,14:29,9,9,평택,12,"8,18,28,38,48,58,68,78,88,98,108,118"
530,14:30,1,1,서울역,14,"0,5,10,20,23,30,40,50,60,70,80,90,100,110"
530,14:30,10,10,인천공항,11,"9,29,39,49,59,69,79,89,99,109,119"
530,14:30,2,2,수서,13,"7,11,21,31,41,51,61,66,71,81,91,101,111"
530,14:30,3,3,삼성,14,"2,3,12,19,22,32,42,52,62,72,82,92,102,112"
530,14:30,4,4,여의도,11,"13,33,43,44,53,63,73,83,93,103,113"
530,14:30,5,5,김포공항,12,"1,4,14,24,34,54,64,74,84,94,104,114"
530,14:30,6,6,일산,11,"15,25,35,45,55,65,75,85,95,105,115"
530,14:30,7,7,판교,11,"6,16,26,36,46,56,76,86,96,106,116"
530,14:30,8,8,동탄/용인,11,"17,27,37,47,57,67,77,87,97,107,117"
530,14:30,9,9,평택,12,"8,18,28,38,48,58,68,78,88,98,108,118"
531,14:31,1,1,서울역,14,"0,5,10,20,23,30,40,50,60,70,80,90,100,110"
531,14:31,10,10,인천공항,11,"9,29,39,49,59,69,79,89,99,109,119"
531,14:31,2,2,수서,13,"7,11,21,31,41,51,61,66,71,81,91,101,111"
531,14:31,3,3,삼성,14,"2,3,12,19,22,32,42,52,62,72,82,92,102,112"
531,14:31,4,4,여의도,11,"13,33,43,44,53,63,73,83,93,103,113"
531,14:31,5,5,김포공항,12,"1,4,14,24,34,54,64,74,84,94,104,114"
531,14:31,6,6,일산,11,"15,25,35,45,55,65,75,85,95,105,115"
531,14:31,7,7,판교,11,"6,16,26,36,46,56,76,86,96,106,116"
531,14:31,8,8,동탄/용인,11,"17,27,37,47,57,67,77,87,97,107,117"
531,14:31,9,9,평택,12,"8,18,28,38,48,58,68,78,88,98,108,118"
532,14:32,1,1,서울역,14,"0,5,10,20,23,30,40,50,60,70,80,90,100,110"
532,14:32,10,10,인천공항,11,"9,29,39,49,59,69,79,89,99,109,119"
532,14:32,2,2,수서,13,"7,11,21,31,41,51,61,66,71,81,91,101,111"
532,14:32,3,3,삼성,14,"2,3,12,19,22,32,42,52,62,72,82,92,102,112"
532,14:32,4,4,여의도,11,"13,33,43,44,53,63,73,83,93,103,113"
532,14:32,5,5,김포공항,12,"1,4,14,24,34,54,64,74,84,94,104,114"
532,14:32,6,6,일산,11,"15,25,35,45,55,65,75,85,95,105,115"
532,14:32,7,7,판교,11,"6,16,26,36,46,56,76,86,96,106,116"
532,14:32,8,8,동탄/용인,11,"17,27,37,47,57,67,77,87,97,107,117"
532,14:32,9,9,평택,12,"8,18,28,38,48,58,68,78,88,98,108,118"
533,14:33,1,1,서울역,14,"0,5,10,20,23,30,40,50,60,70,80,90,100,110"
533,14:33,10,10,인천공항,11,"9,29,39,49,59,69,79,89,99,109,119"
533,14:33,2,2,수서,13,"7,11,21,31,41,51,61,66,71,81,91,101,111"
533,14:33,3,3,삼성,14,"2,3,12,19,22,32,42,52,62,72,82,92,102,112"
533,14:33,4,4,여의도,11,"13,33,43,44,53,63,73,83,93,103,113"
533,14:33,5,5,김포공항,12,"1,4,14,24,34,54,64,74,84,94,104,114"
533,14:33,6,6,일산,11,"15,25,35,45,55,65,75,85,95,105,115"
533,14:33,7,7,판교,11,"6,16,26,36,46,56,76,86,96,106,116"
533,14:33,8,8,동탄/용인,11,"17,27,37,47,57,67,77,87,97,107,117"
533,14:33,9,9,평택,12,"8,18,28,38,48,58,68,78,88,98,108,118"
534,14:34,1,1,서울역,14,"0,5,10,20,23,30,40,50,60,70,80,90,100,110"
534,14:34,10,10,인천공항,11,"9,29,39,49,59,69,79,89,99,109,119"
534,14:34,2,2,수서,13,"7,11,21,31,41,51,61,66,71,81,91,101,111"
534,14:34,3,3,삼성,14,"2,3,12,19,22,32,42,52,62,72,82,92,102,112"
534,14:34,4,4,여의도,11,"13,33,43,44,53,63,73,83,93,103,113"
534,14:34,5,5,김포공항,12,"1,4,14,24,34,54,64,74,84,94,104,114"
534,14:34,6,6,일산,11,"15,25,35,45,55,65,75,85,95,105,115"
534,14:34,7,7,판교,11,"6,16,26,36,46,56,76,86,96,106,116"
534,14:34,8,8,동탄/용인,11,"17,27,37,47,57,67,77,87,97,107,117"
534,14:34,9,9,평택,12,"8,18,28,38,48,58,68,78,88,98,108,118"
535,14:35,1,1,서울역,14,"0,5,10,20,23,30,40,50,60,70,80,90,100,110"
535,14:35,10,10,인천공항,11,"9,29,39,49,59,69,79,89,99,109,119"
535,14:35,2,2,수서,13,"7,11,21,31,41,51,61,66,71,81,91,101,111"
535,14:35,3,3,삼성,14,"2,3,12,19,22,32,42,52,62,72,82,92,102,112"
535,14:35,4,4,여의도,11,"13,33,43,44,53,63,73,83,93,103,113"
535,14:35,5,5,김포공항,12,"1,4,14,24,34,54,64,74,84,94,104,114"
535,14:35,6,6,일산,11,"15,25,35,45,55,65,75,85,95,105,115"
535,14:35,7,7,판교,11,"6,16,26,36,46,56,76,86,96,106,116"
535,14:35,8,8,동탄/용인,11,"17,27,37,47,57,67,77,87,97,107,117"
535,14:35,9,9,평택,12,"8,18,28,38,48,58,68,78,88,98,108,118"
536,14:36,1,1,서울역,14,"0,5,10,20,23,30,40,50,60,70,80,90,100,110"
536,14:36,10,10,인천공항,11,"9,29,39,49,59,69,79,89,99,109,119"
536,14:36,2,2,수서,13,"7,11,21,31,41,51,61,66,71,81,91,101,111"
536,14:36,3,3,삼성,14,"2,3,12,19,22,32,42,52,62,72,82,92,102,112"
536,14:36,4,4,여의도,11,"13,33,43,44,53,63,73,83,93,103,113"
536,14:36,5,5,김포공항,12,"1,4,14,24,34,54,64,74,84,94,104,114"
536,14:36,6,6,일산,11,"15,25,35,45,55,65,75,85,95,105,115"
536,14:36,7,7,판교,11,"6,16,26,36,46,56,76,86,96,106,116"
536,14:36,8,8,동탄/용인,11,"17,27,37,47,57,67,77,87,97,107,117"
536,14:36,9,9,평택,12,"8,18,28,38,48,58,68,78,88,98,108,118"
537,14:37,1,1,서울역,14,"0,5,10,20,23,30,40,50,60,70,80,90,100,110"
537,14:37,10,10,인천공항,11,"9,29,39,49,59,69,79,89,99,109,119"
537,14:37,2,2,수서,13,"7,11,21,31,41,51,61,66,71,81,91,101,111"
537,14:37,3,3,삼성,14,"2,3,12,19,22,32,42,52,62,72,82,92,102,112"
537,14:37,4,4,여의도,11,"13,33,43,44,53,63,73,83,93,103,113"
537,14:37,5,5,김포공항,12,"1,4,14,24,34,54,64,74,84,94,104,114"
537,14:37,6,6,일산,11,"15,25,35,45,55,65,75,85,95,105,115"
537,14:37,7,7,판교,11,"6,16,26,36,46,56,76,86,96,106,116"
537,14:37,8,8,동탄/용인,11,"17,27,37,47,57,67,77,87,97,107,117"
537,14:37,9,9,평택,12,"8,18,28,38,48,58,68,78,88,98,108,118"
538,14:38,1,1,서울역,14,"0,5,10,20,23,30,40,50,60,70,80,90,100,110"
538,14:38,10,10,인천공항,11,"9,29,39,49,59,69,79,89,99,109,119"
538,14:38,2,2,수서,13,"7,11,21,31,41,51,61,66,71,81,91,101,111"
538,14:38,3,3,삼성,14,"2,3,12,19,22,32,42,52,62,72,82,92,102,112"
538,14:38,4,4,여의도,11,"13,33,43,44,53,63,73,83,93,103,113"
538,14:38,5,5,김포공항,12,"1,4,14,24,34,54,64,74,84,94,104,114"
538,14:38,6,6,일산,11,"15,25,35,45,55,65,75,85,95,105,115"
538,14:38,7,7,판교,11,"6,16,26,36,46,56,76,86,96,106,116"
538,14:38,8,8,동탄/용인,11,"17,27,37,47,57,67,77,87,97,107,117"
538,14:38,9,9,평택,12,"8,18,28,38,48,58,68,78,88,98,108,118"
539,14:39,1,1,서울역,14,"0,5,10,20,23,30,40,50,60,70,80,90,100,110"
539,14:39,10,10,인천공항,11,"9,29,39,49,59,69,79,89,99,109,119"
539,14:39,2,2,수서,13,"7,11,21,31,41,51,61,66,71,81,91,101,111"
539,14:39,3,3,삼성,14,"2,3,12,19,22,32,42,52,62,72,82,92,102,112"
539,14:39,4,4,여의도,11,"13,33,43,44,53,63,73,83,93,103,113"
539,14:39,5,5,김포공항,12,"1,4,14,24,34,54,64,74,84,94,104,114"
539,14:39,6,6,일산,11,"15,25,35,45,55,65,75,85,95,105,115"
539,14:39,7,7,판교,11,"6,16,26,36,46,56,76,86,96,106,116"
539,14:39,8,8,동탄/용인,11,"17,27,37,47,57,67,77,87,97,107,117"
539,14:39,9,9,평택,12,"8,18,28,38,48,58,68,78,88,98,108,118"
540,14:40,1,1,서울역,14,"0,5,10,20,23,30,40,50,60,70,80,90,100,110"
540,14:40,10,10,인천공항,11,"9,29,39,49,59,69,79,89,99,109,119"
540,14:40,2,2,수서,13,"7,11,21,31,41,51,61,66,71,81,91,101,111"
540,14:40,3,3,삼성,14,"2,3,12,19,22,32,42,52,62,72,82,92,102,112"
540,14:40,4,4,여의도,11,"13,33,43,44,53,63,73,83,93,103,113"
540,14:40,5,5,김포공항,12,"1,4,14,24,34,54,64,74,84,94,104,114"
540,14:40,6,6,일산,11,"15,25,35,45,55,65,75,85,95,105,115"
540,14:40,7,7,판교,11,"6,16,26,36,46,56,76,86,96,106,116"
540,14:40,8,8,동탄/용인,11,"17,27,37,47,57,67,77,87,97,107,117"
540,14:40,9,9,평택,12,"8,18,28,38,48,58,68,78,88,98,108,118"
541,14:41,1,1,서울역,14,"0,5,10,20,23,30,40,50,60,70,80,90,100,110"
541,14:41,10,10,인천공항,11,"9,29,39,49,59,69,79,89,99,109,119"
541,14:41,2,2,수서,13,"7,11,21,31,41,51,61,66,71,81,91,101,111"
541,14:41,3,3,삼성,14,"2,3,12,19,22,32,42,52,62,72,82,92,102,112"
541,14:41,4,4,여의도,11,"13,33,43,44,53,63,73,83,93,103,113"
541,14:41,5,5,김포공항,12,"1,4,14,24,34,54,64,74,84,94,104,114"
541,14:41,6,6,일산,11,"15,25,35,45,55,65,75,85,95,105,115"
541,14:41,7,7,판교,11,"6,16,26,36,46,56,76,86,96,106,116"
541,14:41,8,8,동탄/용인,11,"17,27,37,47,57,67,77,87,97,107,117"
541,14:41,9,9,평택,12,"8,18,28,38,48,58,68,78,88,98,108,118"
542,14:42,1,1,서울역,14,"0,5,10,20,23,30,40,50,60,70,80,90,100,110"
542,14:42,10,10,인천공항,11,"9,29,39,49,59,69,79,89,99,109,119"
542,14:42,2,2,수서,13,"7,11,21,31,41,51,61,66,71,81,91,101,111"
542,14:42,3,3,삼성,14,"2,3,12,19,22,32,42,52,62,72,82,92,102,112"
542,14:42,4,4,여의도,11,"13,33,43,44,53,63,73,83,93,103,113"
542,14:42,5,5,김포공항,12,"1,4,14,24,34,54,64,74,84,94,104,114"
542,14:42,6,6,일산,11,"15,25,35,45,55,65,75,85,95,105,115"
542,14:42,7,7,판교,11,"6,16,26,36,46,56,76,86,96,106,116"
542,14:42,8,8,동탄/용인,11,"17,27,37,47,57,67,77,87,97,107,117"
542,14:42,9,9,평택,12,"8,18,28,38,48,58,68,78,88,98,108,118"
543,14:43,1,1,서울역,14,"0,5,10,20,23,30,40,50,60,70,80,90,100,110"
543,14:43,10,10,인천공항,11,"9,29,39,49,59,69,79,89,99,109,119"
543,14:43,2,2,수서,13,"7,11,21,31,41,51,61,66,71,81,91,101,111"
543,14:43,3,3,삼성,14,"2,3,12,19,22,32,42,52,62,72,82,92,102,112"
543,14:43,4,4,여의도,11,"13,33,43,44,53,63,73,83,93,103,113"
543,14:43,5,5,김포공항,12,"1,4,14,24,34,54,64,74,84,94,104,114"
543,14:43,6,6,일산,11,"15,25,35,45,55,65,75,85,95,105,115"
543,14:43,7,7,판교,11,"6,16,26,36,46,56,76,86,96,106,116"
543,14:43,8,8,동탄/용인,11,"17,27,37,47,57,67,77,87,97,107,117"
543,14:43,9,9,평택,12,"8,18,28,38,48,58,68,78,88,98,108,118"
544,14:44,1,1,서울역,14,"0,5,10,20,23,30,40,50,60,70,80,90,100,110"
544,14:44,10,10,인천공항,11,"9,29,39,49,59,69,79,89,99,109,119"
544,14:44,2,2,수서,13,"7,11,21,31,41,51,61,66,71,81,91,101,111"
544,14:44,3,3,삼성,14,"2,3,12,19,22,32,42,52,62,72,82,92,102,112"
544,14:44,4,4,여의도,11,"13,33,43,44,53,63,73,83,93,103,113"
544,14:44,5,5,김포공항,12,"1,4,14,24,34,54,64,74,84,94,104,114"
544,14:44,6,6,일산,11,"15,25,35,45,55,65,75,85,95,105,115"
544,14:44,7,7,판교,11,"6,16,26,36,46,56,76,86,96,106,116"
544,14:44,8,8,동탄/용인,11,"17,27,37,47,57,67,77,87,97,107,117"
544,14:44,9,9,평택,12,"8,18,28,38,48,58,68,78,88,98,108,118"
545,14:45,1,1,서울역,14,"0,5,10,20,23,30,40,50,60,70,80,90,100,110"
545,14:45,10,10,인천공항,11,"9,29,39,49,59,69,79,89,99,109,119"
545,14:45,2,2,수서,13,"7,11,21,31,41,51,61,66,71,81,91,101,111"
545,14:45,3,3,삼성,14,"2,3,12,19,22,32,42,52,62,72,82,92,102,112"
545,14:45,4,4,여의도,11,"13,33,43,44,53,63,73,83,93,103,113"
545,14:45,5,5,김포공항,12,"1,4,14,24,34,54,64,74,84,94,104,114"
545,14:45,6,6,일산,11,"15,25,35,45,55,65,75,85,95,105,115"
545,14:45,7,7,판교,11,"6,16,26,36,46,56,76,86,96,106,116"
545,14:45,8,8,동탄/용인,11,"17,27,37,47,57,67,77,87,97,107,117"
545,14:45,9,9,평택,12,"8,18,28,38,48,58,68,78,88,98,108,118"
546,14:46,1,1,서울역,14,"0,5,10,20,23,30,40,50,60,70,80,90,100,110"
546,14:46,10,10,인천공항,11,"9,29,39,49,59,69,79,89,99,109,119"
546,14:46,2,2,수서,13,"7,11,21,31,41,51,61,66,71,81,91,101,111"
546,14:46,3,3,삼성,14,"2,3,12,19,22,32,42,52,62,72,82,92,102,112"
546,14:46,4,4,여의도,11,"13,33,43,44,53,63,73,83,93,103,113"
546,14:46,5,5,김포공항,12,"1,4,14,24,34,54,64,74,84,94,104,114"
546,14:46,6,6,일산,11,"15,25,35,45,55,65,75,85,95,105,115"
546,14:46,7,7,판교,11,"6,16,26,36,46,56,76,86,96,106,116"
546,14:46,8,8,동탄/용인,11,"17,27,37,47,57,67,77,87,97,107,117"
546,14:46,9,9,평택,12,"8,18,28,38,48,58,68,78,88,98,108,118"
547,14:47,1,1,서울역,14,"0,5,10,20,23,30,40,50,60,70,80,90,100,110"
547,14:47,10,10,인천공항,11,"9,29,39,49,59,69,79,89,99,109,119"
547,14:47,2,2,수서,13,"7,11,21,31,41,51,61,66,71,81,91,101,111"
547,14:47,3,3,삼성,14,"2,3,12,19,22,32,42,52,62,72,82,92,102,112"
547,14:47,4,4,여의도,11,"13,33,43,44,53,63,73,83,93,103,113"
547,14:47,5,5,김포공항,12,"1,4,14,24,34,54,64,74,84,94,104,114"
547,14:47,6,6,일산,11,"15,25,35,45,55,65,75,85,95,105,115"
547,14:47,7,7,판교,11,"6,16,26,36,46,56,76,86,96,106,116"
547,14:47,8,8,동탄/용인,11,"17,27,37,47,57,67,77,87,97,107,117"
547,14:47,9,9,평택,12,"8,18,28,38,48,58,68,78,88,98,108,118"
548,14:48,1,1,서울역,14,"0,5,10,20,23,30,40,50,60,70,80,90,100,110"
548,14:48,10,10,인천공항,11,"9,29,39,49,59,69,79,89,99,109,119"
548,14:48,2,2,수서,13,"7,11,21,31,41,51,61,66,71,81,91,101,111"
548,14:48,3,3,삼성,14,"2,3,12,19,22,32,42,52,62,72,82,92,102,112"
548,14:48,4,4,여의도,11,"13,33,43,44,53,63,73,83,93,103,113"
548,14:48,5,5,김포공항,12,"1,4,14,24,34,54,64,74,84,94,104,114"
548,14:48,6,6,일산,11,"15,25,35,45,55,65,75,85,95,105,115"
548,14:48,7,7,판교,11,"6,16,26,36,46,56,76,86,96,106,116"
548,14:48,8,8,동탄/용인,11,"17,27,37,47,57,67,77,87,97,107,117"
548,14:48,9,9,평택,12,"8,18,28,38,48,58,68,78,88,98,108,118"
549,14:49,1,1,서울역,14,"0,5,10,20,23,30,40,50,60,70,80,90,100,110"
549,14:49,10,10,인천공항,11,"9,29,39,49,59,69,79,89,99,109,119"
549,14:49,2,2,수서,13,"7,11,21,31,41,51,61,66,71,81,91,101,111"
549,14:49,3,3,삼성,14,"2,3,12,19,22,32,42,52,62,72,82,92,102,112"
549,14:49,4,4,여의도,11,"13,33,43,44,53,63,73,83,93,103,113"
549,14:49,5,5,김포공항,12,"1,4,14,24,34,54,64,74,84,94,104,114"
549,14:49,6,6,일산,11,"15,25,35,45,55,65,75,85,95,105,115"
549,14:49,7,7,판교,11,"6,16,26,36,46,56,76,86,96,106,116"
549,14:49,8,8,동탄/용인,11,"17,27,37,47,57,67,77,87,97,107,117"
549,14:49,9,9,평택,12,"8,18,28,38,48,58,68,78,88,98,108,118"
550,14:50,1,1,서울역,14,"0,5,10,20,23,30,40,50,60,70,80,90,100,110"
550,14:50,10,10,인천공항,11,"9,29,39,49,59,69,79,89,99,109,119"
550,14:50,2,2,수서,13,"7,11,21,31,41,51,61,66,71,81,91,101,111"
550,14:50,3,3,삼성,14,"2,3,12,19,22,32,42,52,62,72,82,92,102,112"
550,14:50,4,4,여의도,11,"13,33,43,44,53,63,73,83,93,103,113"
550,14:50,5,5,김포공항,12,"1,4,14,24,34,54,64,74,84,94,104,114"
550,14:50,6,6,일산,11,"15,25,35,45,55,65,75,85,95,105,115"
550,14:50,7,7,판교,11,"6,16,26,36,46,56,76,86,96,106,116"
550,14:50,8,8,동탄/용인,11,"17,27,37,47,57,67,77,87,97,107,117"
550,14:50,9,9,평택,12,"8,18,28,38,48,58,68,78,88,98,108,118"
551,14:51,1,1,서울역,14,"0,5,10,20,23,30,40,50,60,70,80,90,100,110"
551,14:51,10,10,인천공항,11,"9,29,39,49,59,69,79,89,99,109,119"
551,14:51,2,2,수서,13,"7,11,21,31,41,51,61,66,71,81,91,101,111"
551,14:51,3,3,삼성,14,"2,3,12,19,22,32,42,52,62,72,82,92,102,112"
551,14:51,4,4,여의도,11,"13,33,43,44,53,63,73,83,93,103,113"
551,14:51,5,5,김포공항,12,"1,4,14,24,34,54,64,74,84,94,104,114"
551,14:51,6,6,일산,11,"15,25,35,45,55,65,75,85,95,105,115"
551,14:51,7,7,판교,11,"6,16,26,36,46,56,76,86,96,106,116"
551,14:51,8,8,동탄/용인,11,"17,27,37,47,57,67,77,87,97,107,117"
551,14:51,9,9,평택,12,"8,18,28,38,48,58,68,78,88,98,108,118"
552,14:52,1,1,서울역,14,"0,5,10,20,23,30,40,50,60,70,80,90,100,110"
552,14:52,10,10,인천공항,11,"9,29,39,49,59,69,79,89,99,109,119"
552,14:52,2,2,수서,13,"7,11,21,31,41,51,61,66,71,81,91,101,111"
552,14:52,3,3,삼성,14,"2,3,12,19,22,32,42,52,62,72,82,92,102,112"
552,14:52,4,4,여의도,11,"13,33,43,44,53,63,73,83,93,103,113"
552,14:52,5,5,김포공항,12,"1,4,14,24,34,54,64,74,84,94,104,114"
552,14:52,6,6,일산,11,"15,25,35,45,55,65,75,85,95,105,115"
552,14:52,7,7,판교,11,"6,16,26,36,46,56,76,86,96,106,116"
552,14:52,8,8,동탄/용인,11,"17,27,37,47,57,67,77,87,97,107,117"
552,14:52,9,9,평택,12,"8,18,28,38,48,58,68,78,88,98,108,118"
553,14:53,1,1,서울역,14,"0,5,10,20,23,30,40,50,60,70,80,90,100,110"
553,14:53,10,10,인천공항,11,"9,29,39,49,59,69,79,89,99,109,119"
553,14:53,2,2,수서,13,"7,11,21,31,41,51,61,66,71,81,91,101,111"
553,14:53,3,3,삼성,14,"2,3,12,19,22,32,42,52,62,72,82,92,102,112"
553,14:53,4,4,여의도,11,"13,33,43,44,53,63,73,83,93,103,113"
553,14:53,5,5,김포공항,12,"1,4,14,24,34,54,64,74,84,94,104,114"
553,14:53,6,6,일산,11,"15,25,35,45,55,65,75,85,95,105,115"
553,14:53,7,7,판교,11,"6,16,26,36,46,56,76,86,96,106,116"
553,14:53,8,8,동탄/용인,11,"17,27,37,47,57,67,77,87,97,107,117"
553,14:53,9,9,평택,12,"8,18,28,38,48,58,68,78,88,98,108,118"
554,14:54,1,1,서울역,14,"0,5,10,20,23,30,40,50,60,70,80,90,100,110"
554,14:54,10,10,인천공항,11,"9,29,39,49,59,69,79,89,99,109,119"
554,14:54,2,2,수서,13,"7,11,21,31,41,51,61,66,71,81,91,101,111"
554,14:54,3,3,삼성,14,"2,3,12,19,22,32,42,52,62,72,82,92,102,112"
554,14:54,4,4,여의도,11,"13,33,43,44,53,63,73,83,93,103,113"
554,14:54,5,5,김포공항,12,"1,4,14,24,34,54,64,74,84,94,104,114"
554,14:54,6,6,일산,11,"15,25,35,45,55,65,75,85,95,105,115"
554,14:54,7,7,판교,11,"6,16,26,36,46,56,76,86,96,106,116"
554,14:54,8,8,동탄/용인,11,"17,27,37,47,57,67,77,87,97,107,117"
554,14:54,9,9,평택,12,"8,18,28,38,48,58,68,78,88,98,108,118"
555,14:55,1,1,서울역,14,"0,5,10,20,23,30,40,50,60,70,80,90,100,110"
555,14:55,10,10,인천공항,11,"9,29,39,49,59,69,79,89,99,109,119"
555,14:55,2,2,수서,13,"7,11,21,31,41,51,61,66,71,81,91,101,111"
555,14:55,3,3,삼성,14,"2,3,12,19,22,32,42,52,62,72,82,92,102,112"
555,14:55,4,4,여의도,11,"13,33,43,44,53,63,73,83,93,103,113"
555,14:55,5,5,김포공항,12,"1,4,14,24,34,54,64,74,84,94,104,114"
555,14:55,6,6,일산,11,"15,25,35,45,55,65,75,85,95,105,115"
555,14:55,7,7,판교,11,"6,16,26,36,46,56,76,86,96,106,116"
555,14:55,8,8,동탄/용인,11,"17,27,37,47,57,67,77,87,97,107,117"
555,14:55,9,9,평택,12,"8,18,28,38,48,58,68,78,88,98,108,118"
556,14:56,1,1,서울역,14,"0,5,10,20,23,30,40,50,60,70,80,90,100,110"
556,14:56,10,10,인천공항,11,"9,29,39,49,59,69,79,89,99,109,119"
556,14:56,2,2,수서,13,"7,11,21,31,41,51,61,66,71,81,91,101,111"
556,14:56,3,3,삼성,14,"2,3,12,19,22,32,42,52,62,72,82,92,102,112"
556,14:56,4,4,여의도,11,"13,33,43,44,53,63,73,83,93,103,113"
556,14:56,5,5,김포공항,12,"1,4,14,24,34,54,64,74,84,94,104,114"
556,14:56,6,6,일산,11,"15,25,35,45,55,65,75,85,95,105,115"
556,14:56,7,7,판교,11,"6,16,26,36,46,56,76,86,96,106,116"
556,14:56,8,8,동탄/용인,11,"17,27,37,47,57,67,77,87,97,107,117"
556,14:56,9,9,평택,12,"8,18,28,38,48,58,68,78,88,98,108,118"
557,14:57,1,1,서울역,14,"0,5,10,20,23,30,40,50,60,70,80,90,100,110"
557,14:57,10,10,인천공항,11,"9,29,39,49,59,69,79,89,99,109,119"
557,14:57,2,2,수서,13,"7,11,21,31,41,51,61,66,71,81,91,101,111"
557,14:57,3,3,삼성,14,"2,3,12,19,22,32,42,52,62,72,82,92,102,112"
557,14:57,4,4,여의도,11,"13,33,43,44,53,63,73,83,93,103,113"
557,14:57,5,5,김포공항,12,"1,4,14,24,34,54,64,74,84,94,104,114"
557,14:57,6,6,일산,11,"15,25,35,45,55,65,75,85,95,105,115"
557,14:57,7,7,판교,11,"6,16,26,36,46,56,76,86,96,106,116"
557,14:57,8,8,동탄/용인,11,"17,27,37,47,57,67,77,87,97,107,117"
557,14:57,9,9,평택,12,"8,18,28,38,48,58,68,78,88,98,108,118"
558,14:58,1,1,서울역,14,"0,5,10,20,23,30,40,50,60,70,80,90,100,110"
558,14:58,10,10,인천공항,11,"9,29,39,49,59,69,79,89,99,109,119"
558,14:58,2,2,수서,13,"7,11,21,31,41,51,61,66,71,81,91,101,111"
558,14:58,3,3,삼성,14,"2,3,12,19,22,32,42,52,62,72,82,92,102,112"
558,14:58,4,4,여의도,11,"13,33,43,44,53,63,73,83,93,103,113"
558,14:58,5,5,김포공항,12,"1,4,14,24,34,54,64,74,84,94,104,114"
558,14:58,6,6,일산,11,"15,25,35,45,55,65,75,85,95,105,115"
558,14:58,7,7,판교,11,"6,16,26,36,46,56,76,86,96,106,116"
558,14:58,8,8,동탄/용인,11,"17,27,37,47,57,67,77,87,97,107,117"
558,14:58,9,9,평택,12,"8,18,28,38,48,58,68,78,88,98,108,118"
559,14:59,1,1,서울역,14,"0,5,10,20,23,30,40,50,60,70,80,90,100,110"
559,14:59,10,10,인천공항,11,"9,29,39,49,59,69,79,89,99,109,119"
559,14:59,2,2,수서,13,"7,11,21,31,41,51,61,66,71,81,91,101,111"
559,14:59,3,3,삼성,14,"2,3,12,19,22,32,42,52,62,72,82,92,102,112"
559,14:59,4,4,여의도,11,"13,33,43,44,53,63,73,83,93,103,113"
559,14:59,5,5,김포공항,12,"1,4,14,24,34,54,64,74,84,94,104,114"
559,14:59,6,6,일산,11,"15,25,35,45,55,65,75,85,95,105,115"
559,14:59,7,7,판교,11,"6,16,26,36,46,56,76,86,96,106,116"
559,14:59,8,8,동탄/용인,11,"17,27,37,47,57,67,77,87,97,107,117"
559,14:59,9,9,평택,12,"8,18,28,38,48,58,68,78,88,98,108,118"
560,15:00,1,1,서울역,14,"0,5,10,20,23,30,40,50,60,70,80,90,100,110"
560,15:00,10,10,인천공항,11,"9,29,39,49,59,69,79,89,99,109,119"
560,15:00,2,2,수서,13,"7,11,21,31,41,51,61,66,71,81,91,101,111"
560,15:00,3,3,삼성,14,"2,3,12,19,22,32,42,52,62,72,82,92,102,112"
560,15:00,4,4,여의도,11,"13,33,43,44,53,63,73,83,93,103,113"
560,15:00,5,5,김포공항,12,"1,4,14,24,34,54,64,74,84,94,104,114"
560,15:00,6,6,일산,11,"15,25,35,45,55,65,75,85,95,105,115"
560,15:00,7,7,판교,11,"6,16,26,36,46,56,76,86,96,106,116"
560,15:00,8,8,동탄/용인,11,"17,27,37,47,57,67,77,87,97,107,117"
560,15:00,9,9,평택,12,"8,18,28,38,48,58,68,78,88,98,108,118"
561,15:01,1,1,서울역,14,"0,5,10,20,23,30,40,50,60,70,80,90,100,110"
561,15:01,10,10,인천공항,11,"9,29,39,49,59,69,79,89,99,109,119"
561,15:01,2,2,수서,13,"7,11,21,31,41,51,61,66,71,81,91,101,111"
561,15:01,3,3,삼성,14,"2,3,12,19,22,32,42,52,62,72,82,92,102,112"
561,15:01,4,4,여의도,11,"13,33,43,44,53,63,73,83,93,103,113"
561,15:01,5,5,김포공항,12,"1,4,14,24,34,54,64,74,84,94,104,114"
561,15:01,6,6,일산,11,"15,25,35,45,55,65,75,85,95,105,115"
561,15:01,7,7,판교,11,"6,16,26,36,46,56,76,86,96,106,116"
561,15:01,8,8,동탄/용인,11,"17,27,37,47,57,67,77,87,97,107,117"
561,15:01,9,9,평택,12,"8,18,28,38,48,58,68,78,88,98,108,118"
562,15:02,1,1,서울역,14,"0,5,10,20,23,30,40,50,60,70,80,90,100,110"
562,15:02,10,10,인천공항,11,"9,29,39,49,59,69,79,89,99,109,119"
562,15:02,2,2,수서,13,"7,11,21,31,41,51,61,66,71,81,91,101,111"
562,15:02,3,3,삼성,14,"2,3,12,19,22,32,42,52,62,72,82,92,102,112"
562,15:02,4,4,여의도,11,"13,33,43,44,53,63,73,83,93,103,113"
562,15:02,5,5,김포공항,12,"1,4,14,24,34,54,64,74,84,94,104,114"
562,15:02,6,6,일산,11,"15,25,35,45,55,65,75,85,95,105,115"
562,15:02,7,7,판교,11,"6,16,26,36,46,56,76,86,96,106,116"
562,15:02,8,8,동탄/용인,11,"17,27,37,47,57,67,77,87,97,107,117"
562,15:02,9,9,평택,12,"8,18,28,38,48,58,68,78,88,98,108,118"
563,15:03,1,1,서울역,14,"0,5,10,20,23,30,40,50,60,70,80,90,100,110"
563,15:03,10,10,인천공항,11,"9,29,39,49,59,69,79,89,99,109,119"
563,15:03,2,2,수서,13,"7,11,21,31,41,51,61,66,71,81,91,101,111"
563,15:03,3,3,삼성,14,"2,3,12,19,22,32,42,52,62,72,82,92,102,112"
563,15:03,4,4,여의도,11,"13,33,43,44,53,63,73,83,93,103,113"
563,15:03,5,5,김포공항,12,"1,4,14,24,34,54,64,74,84,94,104,114"
563,15:03,6,6,일산,11,"15,25,35,45,55,65,75,85,95,105,115"
563,15:03,7,7,판교,11,"6,16,26,36,46,56,76,86,96,106,116"
563,15:03,8,8,동탄/용인,11,"17,27,37,47,57,67,77,87,97,107,117"
563,15:03,9,9,평택,12,"8,18,28,38,48,58,68,78,88,98,108,118"
564,15:04,1,1,서울역,14,"0,5,10,20,23,30,40,50,60,70,80,90,100,110"
564,15:04,10,10,인천공항,11,"9,29,39,49,59,69,79,89,99,109,119"
564,15:04,2,2,수서,13,"7,11,21,31,41,51,61,66,71,81,91,101,111"
564,15:04,3,3,삼성,14,"2,3,12,19,22,32,42,52,62,72,82,92,102,112"
564,15:04,4,4,여의도,11,"13,33,43,44,53,63,73,83,93,103,113"
564,15:04,5,5,김포공항,12,"1,4,14,24,34,54,64,74,84,94,104,114"
564,15:04,6,6,일산,11,"15,25,35,45,55,65,75,85,95,105,115"
564,15:04,7,7,판교,11,"6,16,26,36,46,56,76,86,96,106,116"
564,15:04,8,8,동탄/용인,11,"17,27,37,47,57,67,77,87,97,107,117"
564,15:04,9,9,평택,12,"8,18,28,38,48,58,68,78,88,98,108,118"
565,15:05,1,1,서울역,14,"0,5,10,20,23,30,40,50,60,70,80,90,100,110"
565,15:05,10,10,인천공항,11,"9,29,39,49,59,69,79,89,99,109,119"
565,15:05,2,2,수서,13,"7,11,21,31,41,51,61,66,71,81,91,101,111"
565,15:05,3,3,삼성,14,"2,3,12,19,22,32,42,52,62,72,82,92,102,112"
565,15:05,4,4,여의도,11,"13,33,43,44,53,63,73,83,93,103,113"
565,15:05,5,5,김포공항,12,"1,4,14,24,34,54,64,74,84,94,104,114"
565,15:05,6,6,일산,11,"15,25,35,45,55,65,75,85,95,105,115"
565,15:05,7,7,판교,11,"6,16,26,36,46,56,76,86,96,106,116"
565,15:05,8,8,동탄/용인,11,"17,27,37,47,57,67,77,87,97,107,117"
565,15:05,9,9,평택,12,"8,18,28,38,48,58,68,78,88,98,108,118"
566,15:06,1,1,서울역,14,"0,5,10,20,23,30,40,50,60,70,80,90,100,110"
566,15:06,10,10,인천공항,11,"9,29,39,49,59,69,79,89,99,109,119"
566,15:06,2,2,수서,13,"7,11,21,31,41,51,61,66,71,81,91,101,111"
566,15:06,3,3,삼성,14,"2,3,12,19,22,32,42,52,62,72,82,92,102,112"
566,15:06,4,4,여의도,11,"13,33,43,44,53,63,73,83,93,103,113"
566,15:06,5,5,김포공항,12,"1,4,14,24,34,54,64,74,84,94,104,114"
566,15:06,6,6,일산,11,"15,25,35,45,55,65,75,85,95,105,115"
566,15:06,7,7,판교,11,"6,16,26,36,46,56,76,86,96,106,116"
566,15:06,8,8,동탄/용인,11,"17,27,37,47,57,67,77,87,97,107,117"
566,15:06,9,9,평택,12,"8,18,28,38,48,58,68,78,88,98,108,118"
567,15:07,1,1,서울역,14,"0,5,10,20,23,30,40,50,60,70,80,90,100,110"
567,15:07,10,10,인천공항,11,"9,29,39,49,59,69,79,89,99,109,119"
567,15:07,2,2,수서,13,"7,11,21,31,41,51,61,66,71,81,91,101,111"
567,15:07,3,3,삼성,14,"2,3,12,19,22,32,42,52,62,72,82,92,102,112"
567,15:07,4,4,여의도,11,"13,33,43,44,53,63,73,83,93,103,113"
567,15:07,5,5,김포공항,12,"1,4,14,24,34,54,64,74,84,94,104,114"
567,15:07,6,6,일산,11,"15,25,35,45,55,65,75,85,95,105,115"
567,15:07,7,7,판교,11,"6,16,26,36,46,56,76,86,96,106,116"
567,15:07,8,8,동탄/용인,11,"17,27,37,47,57,67,77,87,97,107,117"
567,15:07,9,9,평택,12,"8,18,28,38,48,58,68,78,88,98,108,118"
568,15:08,1,1,서울역,14,"0,5,10,20,23,30,40,50,60,70,80,90,100,110"
568,15:08,10,10,인천공항,11,"9,29,39,49,59,69,79,89,99,109,119"
568,15:08,2,2,수서,13,"7,11,21,31,41,51,61,66,71,81,91,101,111"
568,15:08,3,3,삼성,14,"2,3,12,19,22,32,42,52,62,72,82,92,102,112"
568,15:08,4,4,여의도,11,"13,33,43,44,53,63,73,83,93,103,113"
568,15:08,5,5,김포공항,12,"1,4,14,24,34,54,64,74,84,94,104,114"
568,15:08,6,6,일산,11,"15,25,35,45,55,65,75,85,95,105,115"
568,15:08,7,7,판교,11,"6,16,26,36,46,56,76,86,96,106,116"
568,15:08,8,8,동탄/용인,11,"17,27,37,47,57,67,77,87,97,107,117"
568,15:08,9,9,평택,12,"8,18,28,38,48,58,68,78,88,98,108,118"
569,15:09,1,1,서울역,14,"0,5,10,20,23,30,40,50,60,70,80,90,100,110"
569,15:09,10,10,인천공항,11,"9,29,39,49,59,69,79,89,99,109,119"
569,15:09,2,2,수서,13,"7,11,21,31,41,51,61,66,71,81,91,101,111"
569,15:09,3,3,삼성,14,"2,3,12,19,22,32,42,52,62,72,82,92,102,112"
569,15:09,4,4,여의도,11,"13,33,43,44,53,63,73,83,93,103,113"
569,15:09,5,5,김포공항,12,"1,4,14,24,34,54,64,74,84,94,104,114"
569,15:09,6,6,일산,11,"15,25,35,45,55,65,75,85,95,105,115"
569,15:09,7,7,판교,11,"6,16,26,36,46,56,76,86,96,106,116"
569,15:09,8,8,동탄/용인,11,"17,27,37,47,57,67,77,87,97,107,117"
569,15:09,9,9,평택,12,"8,18,28,38,48,58,68,78,88,98,108,118"
570,15:10,1,1,서울역,14,"0,5,10,20,23,30,40,50,60,70,80,90,100,110"
570,15:10,10,10,인천공항,11,"9,29,39,49,59,69,79,89,99,109,119"
570,15:10,2,2,수서,13,"7,11,21,31,41,51,61,66,71,81,91,101,111"
570,15:10,3,3,삼성,14,"2,3,12,19,22,32,42,52,62,72,82,92,102,112"
570,15:10,4,4,여의도,11,"13,33,43,44,53,63,73,83,93,103,113"
570,15:10,5,5,김포공항,12,"1,4,14,24,34,54,64,74,84,94,104,114"
570,15:10,6,6,일산,11,"15,25,35,45,55,65,75,85,95,105,115"
570,15:10,7,7,판교,11,"6,16,26,36,46,56,76,86,96,106,116"
570,15:10,8,8,동탄/용인,11,"17,27,37,47,57,67,77,87,97,107,117"
570,15:10,9,9,평택,12,"8,18,28,38,48,58,68,78,88,98,108,118"
571,15:11,1,1,서울역,14,"0,5,10,20,23,30,40,50,60,70,80,90,100,110"
571,15:11,10,10,인천공항,11,"9,29,39,49,59,69,79,89,99,109,119"
571,15:11,2,2,수서,13,"7,11,21,31,41,51,61,66,71,81,91,101,111"
571,15:11,3,3,삼성,14,"2,3,12,19,22,32,42,52,62,72,82,92,102,112"
571,15:11,4,4,여의도,11,"13,33,43,44,53,63,73,83,93,103,113"
571,15:11,5,5,김포공항,12,"1,4,14,24,34,54,64,74,84,94,104,114"
571,15:11,6,6,일산,11,"15,25,35,45,55,65,75,85,95,105,115"
571,15:11,7,7,판교,11,"6,16,26,36,46,56,76,86,96,106,116"
571,15:11,8,8,동탄/용인,11,"17,27,37,47,57,67,77,87,97,107,117"
571,15:11,9,9,평택,12,"8,18,28,38,48,58,68,78,88,98,108,118"
572,15:12,1,1,서울역,14,"0,5,10,20,23,30,40,50,60,70,80,90,100,110"
572,15:12,10,10,인천공항,11,"9,29,39,49,59,69,79,89,99,109,119"
572,15:12,2,2,수서,13,"7,11,21,31,41,51,61,66,71,81,91,101,111"
572,15:12,3,3,삼성,14,"2,3,12,19,22,32,42,52,62,72,82,92,102,112"
572,15:12,4,4,여의도,11,"13,33,43,44,53,63,73,83,93,103,113"
572,15:12,5,5,김포공항,12,"1,4,14,24,34,54,64,74,84,94,104,114"
572,15:12,6,6,일산,11,"15,25,35,45,55,65,75,85,95,105,115"
572,15:12,7,7,판교,11,"6,16,26,36,46,56,76,86,96,106,116"
572,15:12,8,8,동탄/용인,11,"17,27,37,47,57,67,77,87,97,107,117"
572,15:12,9,9,평택,12,"8,18,28,38,48,58,68,78,88,98,108,118"
573,15:13,1,1,서울역,14,"0,5,10,20,23,30,40,50,60,70,80,90,100,110"
573,15:13,10,10,인천공항,11,"9,29,39,49,59,69,79,89,99,109,119"
573,15:13,2,2,수서,13,"7,11,21,31,41,51,61,66,71,81,91,101,111"
573,15:13,3,3,삼성,14,"2,3,12,19,22,32,42,52,62,72,82,92,102,112"
573,15:13,4,4,여의도,11,"13,33,43,44,53,63,73,83,93,103,113"
573,15:13,5,5,김포공항,12,"1,4,14,24,34,54,64,74,84,94,104,114"
573,15:13,6,6,일산,11,"15,25,35,45,55,65,75,85,95,105,115"
573,15:13,7,7,판교,11,"6,16,26,36,46,56,76,86,96,106,116"
573,15:13,8,8,동탄/용인,11,"17,27,37,47,57,67,77,87,97,107,117"
573,15:13,9,9,평택,12,"8,18,28,38,48,58,68,78,88,98,108,118"
574,15:14,1,1,서울역,14,"0,5,10,20,23,30,40,50,60,70,80,90,100,110"
574,15:14,10,10,인천공항,11,"9,29,39,49,59,69,79,89,99,109,119"
574,15:14,2,2,수서,13,"7,11,21,31,41,51,61,66,71,81,91,101,111"
574,15:14,3,3,삼성,14,"2,3,12,19,22,32,42,52,62,72,82,92,102,112"
574,15:14,4,4,여의도,11,"13,33,43,44,53,63,73,83,93,103,113"
574,15:14,5,5,김포공항,12,"1,4,14,24,34,54,64,74,84,94,104,114"
574,15:14,6,6,일산,11,"15,25,35,45,55,65,75,85,95,105,115"
574,15:14,7,7,판교,11,"6,16,26,36,46,56,76,86,96,106,116"
574,15:14,8,8,동탄/용인,11,"17,27,37,47,57,67,77,87,97,107,117"
574,15:14,9,9,평택,12,"8,18,28,38,48,58,68,78,88,98,108,118"
575,15:15,1,1,서울역,14,"0,5,10,20,23,30,40,50,60,70,80,90,100,110"
575,15:15,10,10,인천공항,11,"9,29,39,49,59,69,79,89,99,109,119"
575,15:15,2,2,수서,13,"7,11,21,31,41,51,61,66,71,81,91,101,111"
575,15:15,3,3,삼성,14,"2,3,12,19,22,32,42,52,62,72,82,92,102,112"
575,15:15,4,4,여의도,11,"13,33,43,44,53,63,73,83,93,103,113"
575,15:15,5,5,김포공항,12,"1,4,14,24,34,54,64,74,84,94,104,114"
575,15:15,6,6,일산,11,"15,25,35,45,55,65,75,85,95,105,115"
575,15:15,7,7,판교,11,"6,16,26,36,46,56,76,86,96,106,116"
575,15:15,8,8,동탄/용인,11,"17,27,37,47,57,67,77,87,97,107,117"
575,15:15,9,9,평택,12,"8,18,28,38,48,58,68,78,88,98,108,118"
576,15:16,1,1,서울역,14,"0,5,10,20,23,30,40,50,60,70,80,90,100,110"
576,15:16,10,10,인천공항,11,"9,29,39,49,59,69,79,89,99,109,119"
576,15:16,2,2,수서,13,"7,11,21,31,41,51,61,66,71,81,91,101,111"
576,15:16,3,3,삼성,14,"2,3,12,19,22,32,42,52,62,72,82,92,102,112"
576,15:16,4,4,여의도,11,"13,33,43,44,53,63,73,83,93,103,113"
576,15:16,5,5,김포공항,12,"1,4,14,24,34,54,64,74,84,94,104,114"
576,15:16,6,6,일산,11,"15,25,35,45,55,65,75,85,95,105,115"
576,15:16,7,7,판교,11,"6,16,26,36,46,56,76,86,96,106,116"
576,15:16,8,8,동탄/용인,11,"17,27,37,47,57,67,77,87,97,107,117"
576,15:16,9,9,평택,12,"8,18,28,38,48,58,68,78,88,98,108,118"
577,15:17,1,1,서울역,14,"0,5,10,20,23,30,40,50,60,70,80,90,100,110"
577,15:17,10,10,인천공항,11,"9,29,39,49,59,69,79,89,99,109,119"
577,15:17,2,2,수서,13,"7,11,21,31,41,51,61,66,71,81,91,101,111"
577,15:17,3,3,삼성,14,"2,3,12,19,22,32,42,52,62,72,82,92,102,112"
577,15:17,4,4,여의도,11,"13,33,43,44,53,63,73,83,93,103,113"
577,15:17,5,5,김포공항,12,"1,4,14,24,34,54,64,74,84,94,104,114"
577,15:17,6,6,일산,11,"15,25,35,45,55,65,75,85,95,105,115"
577,15:17,7,7,판교,11,"6,16,26,36,46,56,76,86,96,106,116"
577,15:17,8,8,동탄/용인,11,"17,27,37,47,57,67,77,87,97,107,117"
577,15:17,9,9,평택,12,"8,18,28,38,48,58,68,78,88,98,108,118"
578,15:18,1,1,서울역,14,"0,5,10,20,23,30,40,50,60,70,80,90,100,110"
578,15:18,10,10,인천공항,11,"9,29,39,49,59,69,79,89,99,109,119"
578,15:18,2,2,수서,13,"7,11,21,31,41,51,61,66,71,81,91,101,111"
578,15:18,3,3,삼성,14,"2,3,12,19,22,32,42,52,62,72,82,92,102,112"
578,15:18,4,4,여의도,11,"13,33,43,44,53,63,73,83,93,103,113"
578,15:18,5,5,김포공항,12,"1,4,14,24,34,54,64,74,84,94,104,114"
578,15:18,6,6,일산,11,"15,25,35,45,55,65,75,85,95,105,115"
578,15:18,7,7,판교,11,"6,16,26,36,46,56,76,86,96,106,116"
578,15:18,8,8,동탄/용인,11,"17,27,37,47,57,67,77,87,97,107,117"
578,15:18,9,9,평택,12,"8,18,28,38,48,58,68,78,88,98,108,118"
579,15:19,1,1,서울역,14,"0,5,10,20,23,30,40,50,60,70,80,90,100,110"
579,15:19,10,10,인천공항,11,"9,29,39,49,59,69,79,89,99,109,119"
579,15:19,2,2,수서,13,"7,11,21,31,41,51,61,66,71,81,91,101,111"
579,15:19,3,3,삼성,14,"2,3,12,19,22,32,42,52,62,72,82,92,102,112"
579,15:19,4,4,여의도,11,"13,33,43,44,53,63,73,83,93,103,113"
579,15:19,5,5,김포공항,12,"1,4,14,24,34,54,64,74,84,94,104,114"
579,15:19,6,6,일산,11,"15,25,35,45,55,65,75,85,95,105,115"
579,15:19,7,7,판교,11,"6,16,26,36,46,56,76,86,96,106,116"
579,15:19,8,8,동탄/용인,11,"17,27,37,47,57,67,77,87,97,107,117"
579,15:19,9,9,평택,12,"8,18,28,38,48,58,68,78,88,98,108,118"
580,15:20,1,1,서울역,14,"0,5,10,20,23,30,40,50,60,70,80,90,100,110"
580,15:20,10,10,인천공항,11,"9,29,39,49,59,69,79,89,99,109,119"
580,15:20,2,2,수서,13,"7,11,21,31,41,51,61,66,71,81,91,101,111"
580,15:20,3,3,삼성,14,"2,3,12,19,22,32,42,52,62,72,82,92,102,112"
580,15:20,4,4,여의도,11,"13,33,43,44,53,63,73,83,93,103,113"
580,15:20,5,5,김포공항,12,"1,4,14,24,34,54,64,74,84,94,104,114"
580,15:20,6,6,일산,11,"15,25,35,45,55,65,75,85,95,105,115"
580,15:20,7,7,판교,11,"6,16,26,36,46,56,76,86,96,106,116"
580,15:20,8,8,동탄/용인,11,"17,27,37,47,57,67,77,87,97,107,117"
580,15:20,9,9,평택,12,"8,18,28,38,48,58,68,78,88,98,108,118"
581,15:21,1,1,서울역,14,"0,5,10,20,23,30,40,50,60,70,80,90,100,110"
581,15:21,10,10,인천공항,11,"9,29,39,49,59,69,79,89,99,109,119"
581,15:21,2,2,수서,13,"7,11,21,31,41,51,61,66,71,81,91,101,111"
581,15:21,3,3,삼성,14,"2,3,12,19,22,32,42,52,62,72,82,92,102,112"
581,15:21,4,4,여의도,11,"13,33,43,44,53,63,73,83,93,103,113"
581,15:21,5,5,김포공항,12,"1,4,14,24,34,54,64,74,84,94,104,114"
581,15:21,6,6,일산,11,"15,25,35,45,55,65,75,85,95,105,115"
581,15:21,7,7,판교,11,"6,16,26,36,46,56,76,86,96,106,116"
581,15:21,8,8,동탄/용인,11,"17,27,37,47,57,67,77,87,97,107,117"
581,15:21,9,9,평택,12,"8,18,28,38,48,58,68,78,88,98,108,118"
582,15:22,1,1,서울역,14,"0,5,10,20,23,30,40,50,60,70,80,90,100,110"
582,15:22,10,10,인천공항,11,"9,29,39,49,59,69,79,89,99,109,119"
582,15:22,2,2,수서,13,"7,11,21,31,41,51,61,66,71,81,91,101,111"
582,15:22,3,3,삼성,14,"2,3,12,19,22,32,42,52,62,72,82,92,102,112"
582,15:22,4,4,여의도,11,"13,33,43,44,53,63,73,83,93,103,113"
582,15:22,5,5,김포공항,12,"1,4,14,24,34,54,64,74,84,94,104,114"
582,15:22,6,6,일산,11,"15,25,35,45,55,65,75,85,95,105,115"
582,15:22,7,7,판교,11,"6,16,26,36,46,56,76,86,96,106,116"
582,15:22,8,8,동탄/용인,11,"17,27,37,47,57,67,77,87,97,107,117"
582,15:22,9,9,평택,12,"8,18,28,38,48,58,68,78,88,98,108,118"
583,15:23,1,1,서울역,14,"0,5,10,20,23,30,40,50,60,70,80,90,100,110"
583,15:23,10,10,인천공항,11,"9,29,39,49,59,69,79,89,99,109,119"
583,15:23,2,2,수서,13,"7,11,21,31,41,51,61,66,71,81,91,101,111"
583,15:23,3,3,삼성,14,"2,3,12,19,22,32,42,52,62,72,82,92,102,112"
583,15:23,4,4,여의도,11,"13,33,43,44,53,63,73,83,93,103,113"
583,15:23,5,5,김포공항,12,"1,4,14,24,34,54,64,74,84,94,104,114"
583,15:23,6,6,일산,11,"15,25,35,45,55,65,75,85,95,105,115"
583,15:23,7,7,판교,11,"6,16,26,36,46,56,76,86,96,106,116"
583,15:23,8,8,동탄/용인,11,"17,27,37,47,57,67,77,87,97,107,117"
583,15:23,9,9,평택,12,"8,18,28,38,48,58,68,78,88,98,108,118"
584,15:24,1,1,서울역,14,"0,5,10,20,23,30,40,50,60,70,80,90,100,110"
584,15:24,10,10,인천공항,11,"9,29,39,49,59,69,79,89,99,109,119"
584,15:24,2,2,수서,13,"7,11,21,31,41,51,61,66,71,81,91,101,111"
584,15:24,3,3,삼성,14,"2,3,12,19,22,32,42,52,62,72,82,92,102,112"
584,15:24,4,4,여의도,11,"13,33,43,44,53,63,73,83,93,103,113"
584,15:24,5,5,김포공항,12,"1,4,14,24,34,54,64,74,84,94,104,114"
584,15:24,6,6,일산,11,"15,25,35,45,55,65,75,85,95,105,115"
584,15:24,7,7,판교,11,"6,16,26,36,46,56,76,86,96,106,116"
584,15:24,8,8,동탄/용인,11,"17,27,37,47,57,67,77,87,97,107,117"
584,15:24,9,9,평택,12,"8,18,28,38,48,58,68,78,88,98,108,118"
585,15:25,1,1,서울역,14,"0,5,10,20,23,30,40,50,60,70,80,90,100,110"
585,15:25,10,10,인천공항,11,"9,29,39,49,59,69,79,89,99,109,119"
585,15:25,2,2,수서,13,"7,11,21,31,41,51,61,66,71,81,91,101,111"
585,15:25,3,3,삼성,14,"2,3,12,19,22,32,42,52,62,72,82,92,102,112"
585,15:25,4,4,여의도,11,"13,33,43,44,53,63,73,83,93,103,113"
585,15:25,5,5,김포공항,12,"1,4,14,24,34,54,64,74,84,94,104,114"
585,15:25,6,6,일산,11,"15,25,35,45,55,65,75,85,95,105,115"
585,15:25,7,7,판교,11,"6,16,26,36,46,56,76,86,96,106,116"
585,15:25,8,8,동탄/용인,11,"17,27,37,47,57,67,77,87,97,107,117"
585,15:25,9,9,평택,12,"8,18,28,38,48,58,68,78,88,98,108,118"
586,15:26,1,1,서울역,14,"0,5,10,20,23,30,40,50,60,70,80,90,100,110"
586,15:26,10,10,인천공항,11,"9,29,39,49,59,69,79,89,99,109,119"
586,15:26,2,2,수서,13,"7,11,21,31,41,51,61,66,71,81,91,101,111"
586,15:26,3,3,삼성,14,"2,3,12,19,22,32,42,52,62,72,82,92,102,112"
586,15:26,4,4,여의도,11,"13,33,43,44,53,63,73,83,93,103,113"
586,15:26,5,5,김포공항,12,"1,4,14,24,34,54,64,74,84,94,104,114"
586,15:26,6,6,일산,11,"15,25,35,45,55,65,75,85,95,105,115"
586,15:26,7,7,판교,11,"6,16,26,36,46,56,76,86,96,106,116"
586,15:26,8,8,동탄/용인,11,"17,27,37,47,57,67,77,87,97,107,117"
586,15:26,9,9,평택,12,"8,18,28,38,48,58,68,78,88,98,108,118"
587,15:27,1,1,서울역,14,"0,5,10,20,23,30,40,50,60,70,80,90,100,110"
587,15:27,10,10,인천공항,11,"9,29,39,49,59,69,79,89,99,109,119"
587,15:27,2,2,수서,13,"7,11,21,31,41,51,61,66,71,81,91,101,111"
587,15:27,3,3,삼성,14,"2,3,12,19,22,32,42,52,62,72,82,92,102,112"
587,15:27,4,4,여의도,11,"13,33,43,44,53,63,73,83,93,103,113"
587,15:27,5,5,김포공항,12,"1,4,14,24,34,54,64,74,84,94,104,114"
587,15:27,6,6,일산,11,"15,25,35,45,55,65,75,85,95,105,115"
587,15:27,7,7,판교,11,"6,16,26,36,46,56,76,86,96,106,116"
587,15:27,8,8,동탄/용인,11,"17,27,37,47,57,67,77,87,97,107,117"
587,15:27,9,9,평택,12,"8,18,28,38,48,58,68,78,88,98,108,118"
588,15:28,1,1,서울역,14,"0,5,10,20,23,30,40,50,60,70,80,90,100,110"
588,15:28,10,10,인천공항,11,"9,29,39,49,59,69,79,89,99,109,119"
588,15:28,2,2,수서,13,"7,11,21,31,41,51,61,66,71,81,91,101,111"
588,15:28,3,3,삼성,14,"2,3,12,19,22,32,42,52,62,72,82,92,102,112"
588,15:28,4,4,여의도,11,"13,33,43,44,53,63,73,83,93,103,113"
588,15:28,5,5,김포공항,12,"1,4,14,24,34,54,64,74,84,94,104,114"
588,15:28,6,6,일산,11,"15,25,35,45,55,65,75,85,95,105,115"
588,15:28,7,7,판교,11,"6,16,26,36,46,56,76,86,96,106,116"
588,15:28,8,8,동탄/용인,11,"17,27,37,47,57,67,77,87,97,107,117"
588,15:28,9,9,평택,12,"8,18,28,38,48,58,68,78,88,98,108,118"
589,15:29,1,1,서울역,14,"0,5,10,20,23,30,40,50,60,70,80,90,100,110"
589,15:29,10,10,인천공항,11,"9,29,39,49,59,69,79,89,99,109,119"
589,15:29,2,2,수서,13,"7,11,21,31,41,51,61,66,71,81,91,101,111"
589,15:29,3,3,삼성,14,"2,3,12,19,22,32,42,52,62,72,82,92,102,112"
589,15:29,4,4,여의도,11,"13,33,43,44,53,63,73,83,93,103,113"
589,15:29,5,5,김포공항,12,"1,4,14,24,34,54,64,74,84,94,104,114"
589,15:29,6,6,일산,11,"15,25,35,45,55,65,75,85,95,105,115"
589,15:29,7,7,판교,11,"6,16,26,36,46,56,76,86,96,106,116"
589,15:29,8,8,동탄/용인,11,"17,27,37,47,57,67,77,87,97,107,117"
589,15:29,9,9,평택,12,"8,18,28,38,48,58,68,78,88,98,108,118"
590,15:30,1,1,서울역,14,"0,5,10,20,23,30,40,50,60,70,80,90,100,110"
590,15:30,10,10,인천공항,11,"9,29,39,49,59,69,79,89,99,109,119"
590,15:30,2,2,수서,13,"7,11,21,31,41,51,61,66,71,81,91,101,111"
590,15:30,3,3,삼성,14,"2,3,12,19,22,32,42,52,62,72,82,92,102,112"
590,15:30,4,4,여의도,11,"13,33,43,44,53,63,73,83,93,103,113"
590,15:30,5,5,김포공항,12,"1,4,14,24,34,54,64,74,84,94,104,114"
590,15:30,6,6,일산,11,"15,25,35,45,55,65,75,85,95,105,115"
590,15:30,7,7,판교,11,"6,16,26,36,46,56,76,86,96,106,116"
590,15:30,8,8,동탄/용인,11,"17,27,37,47,57,67,77,87,97,107,117"
590,15:30,9,9,평택,12,"8,18,28,38,48,58,68,78,88,98,108,118"
591,15:31,1,1,서울역,14,"0,5,10,20,23,30,40,50,60,70,80,90,100,110"
591,15:31,10,10,인천공항,11,"9,29,39,49,59,69,79,89,99,109,119"
591,15:31,2,2,수서,13,"7,11,21,31,41,51,61,66,71,81,91,101,111"
591,15:31,3,3,삼성,14,"2,3,12,19,22,32,42,52,62,72,82,92,102,112"
591,15:31,4,4,여의도,11,"13,33,43,44,53,63,73,83,93,103,113"
591,15:31,5,5,김포공항,12,"1,4,14,24,34,54,64,74,84,94,104,114"
591,15:31,6,6,일산,11,"15,25,35,45,55,65,75,85,95,105,115"
591,15:31,7,7,판교,11,"6,16,26,36,46,56,76,86,96,106,116"
591,15:31,8,8,동탄/용인,11,"17,27,37,47,57,67,77,87,97,107,117"
591,15:31,9,9,평택,12,"8,18,28,38,48,58,68,78,88,98,108,118"
592,15:32,1,1,서울역,14,"0,5,10,20,23,30,40,50,60,70,80,90,100,110"
592,15:32,10,10,인천공항,11,"9,29,39,49,59,69,79,89,99,109,119"
592,15:32,2,2,수서,13,"7,11,21,31,41,51,61,66,71,81,91,101,111"
592,15:32,3,3,삼성,14,"2,3,12,19,22,32,42,52,62,72,82,92,102,112"
592,15:32,4,4,여의도,11,"13,33,43,44,53,63,73,83,93,103,113"
592,15:32,5,5,김포공항,12,"1,4,14,24,34,54,64,74,84,94,104,114"
592,15:32,6,6,일산,11,"15,25,35,45,55,65,75,85,95,105,115"
592,15:32,7,7,판교,11,"6,16,26,36,46,56,76,86,96,106,116"
592,15:32,8,8,동탄/용인,11,"17,27,37,47,57,67,77,87,97,107,117"
592,15:32,9,9,평택,12,"8,18,28,38,48,58,68,78,88,98,108,118"
593,15:33,1,1,서울역,14,"0,5,10,20,23,30,40,50,60,70,80,90,100,110"
593,15:33,10,10,인천공항,11,"9,29,39,49,59,69,79,89,99,109,119"
593,15:33,2,2,수서,13,"7,11,21,31,41,51,61,66,71,81,91,101,111"
593,15:33,3,3,삼성,14,"2,3,12,19,22,32,42,52,62,72,82,92,102,112"
593,15:33,4,4,여의도,11,"13,33,43,44,53,63,73,83,93,103,113"
593,15:33,5,5,김포공항,12,"1,4,14,24,34,54,64,74,84,94,104,114"
593,15:33,6,6,일산,11,"15,25,35,45,55,65,75,85,95,105,115"
593,15:33,7,7,판교,11,"6,16,26,36,46,56,76,86,96,106,116"
593,15:33,8,8,동탄/용인,11,"17,27,37,47,57,67,77,87,97,107,117"
593,15:33,9,9,평택,12,"8,18,28,38,48,58,68,78,88,98,108,118"
594,15:34,1,1,서울역,14,"0,5,10,20,23,30,40,50,60,70,80,90,100,110"
594,15:34,10,10,인천공항,11,"9,29,39,49,59,69,79,89,99,109,119"
594,15:34,2,2,수서,13,"7,11,21,31,41,51,61,66,71,81,91,101,111"
594,15:34,3,3,삼성,14,"2,3,12,19,22,32,42,52,62,72,82,92,102,112"
594,15:34,4,4,여의도,11,"13,33,43,44,53,63,73,83,93,103,113"
594,15:34,5,5,김포공항,12,"1,4,14,24,34,54,64,74,84,94,104,114"
594,15:34,6,6,일산,11,"15,25,35,45,55,65,75,85,95,105,115"
594,15:34,7,7,판교,11,"6,16,26,36,46,56,76,86,96,106,116"
594,15:34,8,8,동탄/용인,11,"17,27,37,47,57,67,77,87,97,107,117"
594,15:34,9,9,평택,12,"8,18,28,38,48,58,68,78,88,98,108,118"
595,15:35,1,1,서울역,14,"0,5,10,20,23,30,40,50,60,70,80,90,100,110"
595,15:35,10,10,인천공항,11,"9,29,39,49,59,69,79,89,99,109,119"
595,15:35,2,2,수서,13,"7,11,21,31,41,51,61,66,71,81,91,101,111"
595,15:35,3,3,삼성,14,"2,3,12,19,22,32,42,52,62,72,82,92,102,112"
595,15:35,4,4,여의도,11,"13,33,43,44,53,63,73,83,93,103,113"
595,15:35,5,5,김포공항,12,"1,4,14,24,34,54,64,74,84,94,104,114"
595,15:35,6,6,일산,11,"15,25,35,45,55,65,75,85,95,105,115"
595,15:35,7,7,판교,11,"6,16,26,36,46,56,76,86,96,106,116"
595,15:35,8,8,동탄/용인,11,"17,27,37,47,57,67,77,87,97,107,117"
595,15:35,9,9,평택,12,"8,18,28,38,48,58,68,78,88,98,108,118"
596,15:36,1,1,서울역,14,"0,5,10,20,23,30,40,50,60,70,80,90,100,110"
596,15:36,10,10,인천공항,11,"9,29,39,49,59,69,79,89,99,109,119"
596,15:36,2,2,수서,13,"7,11,21,31,41,51,61,66,71,81,91,101,111"
596,15:36,3,3,삼성,14,"2,3,12,19,22,32,42,52,62,72,82,92,102,112"
596,15:36,4,4,여의도,11,"13,33,43,44,53,63,73,83,93,103,113"
596,15:36,5,5,김포공항,12,"1,4,14,24,34,54,64,74,84,94,104,114"
596,15:36,6,6,일산,11,"15,25,35,45,55,65,75,85,95,105,115"
596,15:36,7,7,판교,11,"6,16,26,36,46,56,76,86,96,106,116"
596,15:36,8,8,동탄/용인,11,"17,27,37,47,57,67,77,87,97,107,117"
596,15:36,9,9,평택,12,"8,18,28,38,48,58,68,78,88,98,108,118"
597,15:37,1,1,서울역,14,"0,5,10,20,23,30,40,50,60,70,80,90,100,110"
597,15:37,10,10,인천공항,11,"9,29,39,49,59,69,79,89,99,109,119"
597,15:37,2,2,수서,13,"7,11,21,31,41,51,61,66,71,81,91,101,111"
597,15:37,3,3,삼성,14,"2,3,12,19,22,32,42,52,62,72,82,92,102,112"
597,15:37,4,4,여의도,11,"13,33,43,44,53,63,73,83,93,103,113"
597,15:37,5,5,김포공항,12,"1,4,14,24,34,54,64,74,84,94,104,114"
597,15:37,6,6,일산,11,"15,25,35,45,55,65,75,85,95,105,115"
597,15:37,7,7,판교,11,"6,16,26,36,46,56,76,86,96,106,116"
597,15:37,8,8,동탄/용인,11,"17,27,37,47,57,67,77,87,97,107,117"
597,15:37,9,9,평택,12,"8,18,28,38,48,58,68,78,88,98,108,118"
598,15:38,1,1,서울역,14,"0,5,10,20,23,30,40,50,60,70,80,90,100,110"
598,15:38,10,10,인천공항,11,"9,29,39,49,59,69,79,89,99,109,119"
598,15:38,2,2,수서,13,"7,11,21,31,41,51,61,66,71,81,91,101,111"
598,15:38,3,3,삼성,14,"2,3,12,19,22,32,42,52,62,72,82,92,102,112"
598,15:38,4,4,여의도,11,"13,33,43,44,53,63,73,83,93,103,113"
598,15:38,5,5,김포공항,12,"1,4,14,24,34,54,64,74,84,94,104,114"
598,15:38,6,6,일산,11,"15,25,35,45,55,65,75,85,95,105,115"
598,15:38,7,7,판교,11,"6,16,26,36,46,56,76,86,96,106,116"
598,15:38,8,8,동탄/용인,11,"17,27,37,47,57,67,77,87,97,107,117"
598,15:38,9,9,평택,12,"8,18,28,38,48,58,68,78,88,98,108,118"
599,15:39,1,1,서울역,14,"0,5,10,20,23,30,40,50,60,70,80,90,100,110"
599,15:39,10,10,인천공항,11,"9,29,39,49,59,69,79,89,99,109,119"
599,15:39,2,2,수서,13,"7,11,21,31,41,51,61,66,71,81,91,101,111"
599,15:39,3,3,삼성,14,"2,3,12,19,22,32,42,52,62,72,82,92,102,112"
599,15:39,4,4,여의도,11,"13,33,43,44,53,63,73,83,93,103,113"
599,15:39,5,5,김포공항,12,"1,4,14,24,34,54,64,74,84,94,104,114"
599,15:39,6,6,일산,11,"15,25,35,45,55,65,75,85,95,105,115"
599,15:39,7,7,판교,11,"6,16,26,36,46,56,76,86,96,106,116"
599,15:39,8,8,동탄/용인,11,"17,27,37,47,57,67,77,87,97,107,117"
599,15:39,9,9,평택,12,"8,18,28,38,48,58,68,78,88,98,108,118"
600,15:40,1,1,서울역,14,"0,5,10,20,23,30,40,50,60,70,80,90,100,110"
600,15:40,10,10,인천공항,11,"9,29,39,49,59,69,79,89,99,109,119"
600,15:40,2,2,수서,13,"7,11,21,31,41,51,61,66,71,81,91,101,111"
600,15:40,3,3,삼성,14,"2,3,12,19,22,32,42,52,62,72,82,92,102,112"
600,15:40,4,4,여의도,11,"13,33,43,44,53,63,73,83,93,103,113"
600,15:40,5,5,김포공항,12,"1,4,14,24,34,54,64,74,84,94,104,114"
600,15:40,6,6,일산,11,"15,25,35,45,55,65,75,85,95,105,115"
600,15:40,7,7,판교,11,"6,16,26,36,46,56,76,86,96,106,116"
600,15:40,8,8,동탄/용인,11,"17,27,37,47,57,67,77,87,97,107,117"
600,15:40,9,9,평택,12,"8,18,28,38,48,58,68,78,88,98,108,118"
601,15:41,1,1,서울역,14,"0,5,10,20,23,30,40,50,60,70,80,90,100,110"
601,15:41,10,10,인천공항,11,"9,29,39,49,59,69,79,89,99,109,119"
601,15:41,2,2,수서,13,"7,11,21,31,41,51,61,66,71,81,91,101,111"
601,15:41,3,3,삼성,14,"2,3,12,19,22,32,42,52,62,72,82,92,102,112"
601,15:41,4,4,여의도,11,"13,33,43,44,53,63,73,83,93,103,113"
601,15:41,5,5,김포공항,12,"1,4,14,24,34,54,64,74,84,94,104,114"
601,15:41,6,6,일산,11,"15,25,35,45,55,65,75,85,95,105,115"
601,15:41,7,7,판교,11,"6,16,26,36,46,56,76,86,96,106,116"
601,15:41,8,8,동탄/용인,11,"17,27,37,47,57,67,77,87,97,107,117"
601,15:41,9,9,평택,12,"8,18,28,38,48,58,68,78,88,98,108,118"
602,15:42,1,1,서울역,14,"0,5,10,20,23,30,40,50,60,70,80,90,100,110"
602,15:42,10,10,인천공항,11,"9,29,39,49,59,69,79,89,99,109,119"
602,15:42,2,2,수서,13,"7,11,21,31,41,51,61,66,71,81,91,101,111"
602,15:42,3,3,삼성,14,"2,3,12,19,22,32,42,52,62,72,82,92,102,112"
602,15:42,4,4,여의도,11,"13,33,43,44,53,63,73,83,93,103,113"
602,15:42,5,5,김포공항,12,"1,4,14,24,34,54,64,74,84,94,104,114"
602,15:42,6,6,일산,11,"15,25,35,45,55,65,75,85,95,105,115"
602,15:42,7,7,판교,11,"6,16,26,36,46,56,76,86,96,106,116"
602,15:42,8,8,동탄/용인,11,"17,27,37,47,57,67,77,87,97,107,117"
602,15:42,9,9,평택,12,"8,18,28,38,48,58,68,78,88,98,108,118"
603,15:43,1,1,서울역,14,"0,5,10,20,23,30,40,50,60,70,80,90,100,110"
603,15:43,10,10,인천공항,11,"9,29,39,49,59,69,79,89,99,109,119"
603,15:43,2,2,수서,13,"7,11,21,31,41,51,61,66,71,81,91,101,111"
603,15:43,3,3,삼성,14,"2,3,12,19,22,32,42,52,62,72,82,92,102,112"
603,15:43,4,4,여의도,11,"13,33,43,44,53,63,73,83,93,103,113"
603,15:43,5,5,김포공항,12,"1,4,14,24,34,54,64,74,84,94,104,114"
603,15:43,6,6,일산,11,"15,25,35,45,55,65,75,85,95,105,115"
603,15:43,7,7,판교,11,"6,16,26,36,46,56,76,86,96,106,116"
603,15:43,8,8,동탄/용인,11,"17,27,37,47,57,67,77,87,97,107,117"
603,15:43,9,9,평택,12,"8,18,28,38,48,58,68,78,88,98,108,118"
604,15:44,1,1,서울역,14,"0,5,10,20,23,30,40,50,60,70,80,90,100,110"
604,15:44,10,10,인천공항,11,"9,29,39,49,59,69,79,89,99,109,119"
604,15:44,2,2,수서,13,"7,11,21,31,41,51,61,66,71,81,91,101,111"
604,15:44,3,3,삼성,14,"2,3,12,19,22,32,42,52,62,72,82,92,102,112"
604,15:44,4,4,여의도,11,"13,33,43,44,53,63,73,83,93,103,113"
604,15:44,5,5,김포공항,12,"1,4,14,24,34,54,64,74,84,94,104,114"
604,15:44,6,6,일산,11,"15,25,35,45,55,65,75,85,95,105,115"
604,15:44,7,7,판교,11,"6,16,26,36,46,56,76,86,96,106,116"
604,15:44,8,8,동탄/용인,11,"17,27,37,47,57,67,77,87,97,107,117"
604,15:44,9,9,평택,12,"8,18,28,38,48,58,68,78,88,98,108,118"
605,15:45,1,1,서울역,14,"0,5,10,20,23,30,40,50,60,70,80,90,100,110"
605,15:45,10,10,인천공항,11,"9,29,39,49,59,69,79,89,99,109,119"
605,15:45,2,2,수서,13,"7,11,21,31,41,51,61,66,71,81,91,101,111"
605,15:45,3,3,삼성,14,"2,3,12,19,22,32,42,52,62,72,82,92,102,112"
605,15:45,4,4,여의도,11,"13,33,43,44,53,63,73,83,93,103,113"
605,15:45,5,5,김포공항,12,"1,4,14,24,34,54,64,74,84,94,104,114"
605,15:45,6,6,일산,11,"15,25,35,45,55,65,75,85,95,105,115"
605,15:45,7,7,판교,11,"6,16,26,36,46,56,76,86,96,106,116"
605,15:45,8,8,동탄/용인,11,"17,27,37,47,57,67,77,87,97,107,117"
605,15:45,9,9,평택,12,"8,18,28,38,48,58,68,78,88,98,108,118"
606,15:46,1,1,서울역,14,"0,5,10,20,23,30,40,50,60,70,80,90,100,110"
606,15:46,10,10,인천공항,11,"9,29,39,49,59,69,79,89,99,109,119"
606,15:46,2,2,수서,13,"7,11,21,31,41,51,61,66,71,81,91,101,111"
606,15:46,3,3,삼성,14,"2,3,12,19,22,32,42,52,62,72,82,92,102,112"
606,15:46,4,4,여의도,11,"13,33,43,44,53,63,73,83,93,103,113"
606,15:46,5,5,김포공항,12,"1,4,14,24,34,54,64,74,84,94,104,114"
606,15:46,6,6,일산,11,"15,25,35,45,55,65,75,85,95,105,115"
606,15:46,7,7,판교,11,"6,16,26,36,46,56,76,86,96,106,116"
606,15:46,8,8,동탄/용인,11,"17,27,37,47,57,67,77,87,97,107,117"
606,15:46,9,9,평택,12,"8,18,28,38,48,58,68,78,88,98,108,118"
607,15:47,1,1,서울역,14,"0,5,10,20,23,30,40,50,60,70,80,90,100,110"
607,15:47,10,10,인천공항,11,"9,29,39,49,59,69,79,89,99,109,119"
607,15:47,2,2,수서,13,"7,11,21,31,41,51,61,66,71,81,91,101,111"
607,15:47,3,3,삼성,14,"2,3,12,19,22,32,42,52,62,72,82,92,102,112"
607,15:47,4,4,여의도,11,"13,33,43,44,53,63,73,83,93,103,113"
607,15:47,5,5,김포공항,12,"1,4,14,24,34,54,64,74,84,94,104,114"
607,15:47,6,6,일산,11,"15,25,35,45,55,65,75,85,95,105,115"
607,15:47,7,7,판교,11,"6,16,26,36,46,56,76,86,96,106,116"
607,15:47,8,8,동탄/용인,11,"17,27,37,47,57,67,77,87,97,107,117"
607,15:47,9,9,평택,12,"8,18,28,38,48,58,68,78,88,98,108,118"
608,15:48,1,1,서울역,14,"0,5,10,20,23,30,40,50,60,70,80,90,100,110"
608,15:48,10,10,인천공항,11,"9,29,39,49,59,69,79,89,99,109,119"
608,15:48,2,2,수서,13,"7,11,21,31,41,51,61,66,71,81,91,101,111"
608,15:48,3,3,삼성,14,"2,3,12,19,22,32,42,52,62,72,82,92,102,112"
608,15:48,4,4,여의도,11,"13,33,43,44,53,63,73,83,93,103,113"
608,15:48,5,5,김포공항,12,"1,4,14,24,34,54,64,74,84,94,104,114"
608,15:48,6,6,일산,11,"15,25,35,45,55,65,75,85,95,105,115"
608,15:48,7,7,판교,11,"6,16,26,36,46,56,76,86,96,106,116"
608,15:48,8,8,동탄/용인,11,"17,27,37,47,57,67,77,87,97,107,117"
608,15:48,9,9,평택,12,"8,18,28,38,48,58,68,78,88,98,108,118"
609,15:49,1,1,서울역,14,"0,5,10,20,23,30,40,50,60,70,80,90,100,110"
609,15:49,10,10,인천공항,11,"9,29,39,49,59,69,79,89,99,109,119"
609,15:49,2,2,수서,13,"7,11,21,31,41,51,61,66,71,81,91,101,111"
609,15:49,3,3,삼성,14,"2,3,12,19,22,32,42,52,62,72,82,92,102,112"
609,15:49,4,4,여의도,11,"13,33,43,44,53,63,73,83,93,103,113"
609,15:49,5,5,김포공항,12,"1,4,14,24,34,54,64,74,84,94,104,114"
609,15:49,6,6,일산,11,"15,25,35,45,55,65,75,85,95,105,115"
609,15:49,7,7,판교,11,"6,16,26,36,46,56,76,86,96,106,116"
609,15:49,8,8,동탄/용인,11,"17,27,37,47,57,67,77,87,97,107,117"
609,15:49,9,9,평택,12,"8,18,28,38,48,58,68,78,88,98,108,118"
610,15:50,1,1,서울역,14,"0,5,10,20,23,30,40,50,60,70,80,90,100,110"
610,15:50,10,10,인천공항,11,"9,29,39,49,59,69,79,89,99,109,119"
610,15:50,2,2,수서,13,"7,11,21,31,41,51,61,66,71,81,91,101,111"
610,15:50,3,3,삼성,14,"2,3,12,19,22,32,42,52,62,72,82,92,102,112"
610,15:50,4,4,여의도,11,"13,33,43,44,53,63,73,83,93,103,113"
610,15:50,5,5,김포공항,12,"1,4,14,24,34,54,64,74,84,94,104,114"
610,15:50,6,6,일산,11,"15,25,35,45,55,65,75,85,95,105,115"
610,15:50,7,7,판교,11,"6,16,26,36,46,56,76,86,96,106,116"
610,15:50,8,8,동탄/용인,11,"17,27,37,47,57,67,77,87,97,107,117"
610,15:50,9,9,평택,12,"8,18,28,38,48,58,68,78,88,98,108,118"
611,15:51,1,1,서울역,14,"0,5,10,20,23,30,40,50,60,70,80,90,100,110"
611,15:51,10,10,인천공항,11,"9,29,39,49,59,69,79,89,99,109,119"
611,15:51,2,2,수서,13,"7,11,21,31,41,51,61,66,71,81,91,101,111"
611,15:51,3,3,삼성,14,"2,3,12,19,22,32,42,52,62,72,82,92,102,112"
611,15:51,4,4,여의도,11,"13,33,43,44,53,63,73,83,93,103,113"
611,15:51,5,5,김포공항,12,"1,4,14,24,34,54,64,74,84,94,104,114"
611,15:51,6,6,일산,11,"15,25,35,45,55,65,75,85,95,105,115"
611,15:51,7,7,판교,11,"6,16,26,36,46,56,76,86,96,106,116"
611,15:51,8,8,동탄/용인,11,"17,27,37,47,57,67,77,87,97,107,117"
611,15:51,9,9,평택,12,"8,18,28,38,48,58,68,78,88,98,108,118"
612,15:52,1,1,서울역,14,"0,5,10,20,23,30,40,50,60,70,80,90,100,110"
612,15:52,10,10,인천공항,11,"9,29,39,49,59,69,79,89,99,109,119"
612,15:52,2,2,수서,13,"7,11,21,31,41,51,61,66,71,81,91,101,111"
612,15:52,3,3,삼성,14,"2,3,12,19,22,32,42,52,62,72,82,92,102,112"
612,15:52,4,4,여의도,11,"13,33,43,44,53,63,73,83,93,103,113"
612,15:52,5,5,김포공항,12,"1,4,14,24,34,54,64,74,84,94,104,114"
612,15:52,6,6,일산,11,"15,25,35,45,55,65,75,85,95,105,115"
612,15:52,7,7,판교,11,"6,16,26,36,46,56,76,86,96,106,116"
612,15:52,8,8,동탄/용인,11,"17,27,37,47,57,67,77,87,97,107,117"
612,15:52,9,9,평택,12,"8,18,28,38,48,58,68,78,88,98,108,118"
613,15:53,1,1,서울역,14,"0,5,10,20,23,30,40,50,60,70,80,90,100,110"
613,15:53,10,10,인천공항,11,"9,29,39,49,59,69,79,89,99,109,119"
613,15:53,2,2,수서,13,"7,11,21,31,41,51,61,66,71,81,91,101,111"
613,15:53,3,3,삼성,14,"2,3,12,19,22,32,42,52,62,72,82,92,102,112"
613,15:53,4,4,여의도,11,"13,33,43,44,53,63,73,83,93,103,113"
613,15:53,5,5,김포공항,12,"1,4,14,24,34,54,64,74,84,94,104,114"
613,15:53,6,6,일산,11,"15,25,35,45,55,65,75,85,95,105,115"
613,15:53,7,7,판교,11,"6,16,26,36,46,56,76,86,96,106,116"
613,15:53,8,8,동탄/용인,11,"17,27,37,47,57,67,77,87,97,107,117"
613,15:53,9,9,평택,12,"8,18,28,38,48,58,68,78,88,98,108,118"
614,15:54,1,1,서울역,14,"0,5,10,20,23,30,40,50,60,70,80,90,100,110"
614,15:54,10,10,인천공항,11,"9,29,39,49,59,69,79,89,99,109,119"
614,15:54,2,2,수서,13,"7,11,21,31,41,51,61,66,71,81,91,101,111"
614,15:54,3,3,삼성,14,"2,3,12,19,22,32,42,52,62,72,82,92,102,112"
614,15:54,4,4,여의도,11,"13,33,43,44,53,63,73,83,93,103,113"
614,15:54,5,5,김포공항,12,"1,4,14,24,34,54,64,74,84,94,104,114"
614,15:54,6,6,일산,11,"15,25,35,45,55,65,75,85,95,105,115"
614,15:54,7,7,판교,11,"6,16,26,36,46,56,76,86,96,106,116"
614,15:54,8,8,동탄/용인,11,"17,27,37,47,57,67,77,87,97,107,117"
614,15:54,9,9,평택,12,"8,18,28,38,48,58,68,78,88,98,108,118"
615,15:55,1,1,서울역,14,"0,5,10,20,23,30,40,50,60,70,80,90,100,110"
615,15:55,10,10,인천공항,11,"9,29,39,49,59,69,79,89,99,109,119"
615,15:55,2,2,수서,13,"7,11,21,31,41,51,61,66,71,81,91,101,111"
615,15:55,3,3,삼성,14,"2,3,12,19,22,32,42,52,62,72,82,92,102,112"
615,15:55,4,4,여의도,11,"13,33,43,44,53,63,73,83,93,103,113"
615,15:55,5,5,김포공항,12,"1,4,14,24,34,54,64,74,84,94,104,114"
615,15:55,6,6,일산,11,"15,25,35,45,55,65,75,85,95,105,115"
615,15:55,7,7,판교,11,"6,16,26,36,46,56,76,86,96,106,116"
615,15:55,8,8,동탄/용인,11,"17,27,37,47,57,67,77,87,97,107,117"
615,15:55,9,9,평택,12,"8,18,28,38,48,58,68,78,88,98,108,118"
616,15:56,1,1,서울역,14,"0,5,10,20,23,30,40,50,60,70,80,90,100,110"
616,15:56,10,10,인천공항,11,"9,29,39,49,59,69,79,89,99,109,119"
616,15:56,2,2,수서,13,"7,11,21,31,41,51,61,66,71,81,91,101,111"
616,15:56,3,3,삼성,14,"2,3,12,19,22,32,42,52,62,72,82,92,102,112"
616,15:56,4,4,여의도,11,"13,33,43,44,53,63,73,83,93,103,113"
616,15:56,5,5,김포공항,12,"1,4,14,24,34,54,64,74,84,94,104,114"
616,15:56,6,6,일산,11,"15,25,35,45,55,65,75,85,95,105,115"
616,15:56,7,7,판교,11,"6,16,26,36,46,56,76,86,96,106,116"
616,15:56,8,8,동탄/용인,11,"17,27,37,47,57,67,77,87,97,107,117"
616,15:56,9,9,평택,12,"8,18,28,38,48,58,68,78,88,98,108,118"
617,15:57,1,1,서울역,14,"0,5,10,20,23,30,40,50,60,70,80,90,100,110"
617,15:57,10,10,인천공항,11,"9,29,39,49,59,69,79,89,99,109,119"
617,15:57,2,2,수서,13,"7,11,21,31,41,51,61,66,71,81,91,101,111"
617,15:57,3,3,삼성,14,"2,3,12,19,22,32,42,52,62,72,82,92,102,112"
617,15:57,4,4,여의도,11,"13,33,43,44,53,63,73,83,93,103,113"
617,15:57,5,5,김포공항,12,"1,4,14,24,34,54,64,74,84,94,104,114"
617,15:57,6,6,일산,11,"15,25,35,45,55,65,75,85,95,105,115"
617,15:57,7,7,판교,11,"6,16,26,36,46,56,76,86,96,106,116"
617,15:57,8,8,동탄/용인,11,"17,27,37,47,57,67,77,87,97,107,117"
617,15:57,9,9,평택,12,"8,18,28,38,48,58,68,78,88,98,108,118"
618,15:58,1,1,서울역,14,"0,5,10,20,23,30,40,50,60,70,80,90,100,110"
618,15:58,10,10,인천공항,11,"9,29,39,49,59,69,79,89,99,109,119"
618,15:58,2,2,수서,13,"7,11,21,31,41,51,61,66,71,81,91,101,111"
618,15:58,3,3,삼성,14,"2,3,12,19,22,32,42,52,62,72,82,92,102,112"
618,15:58,4,4,여의도,11,"13,33,43,44,53,63,73,83,93,103,113"
618,15:58,5,5,김포공항,12,"1,4,14,24,34,54,64,74,84,94,104,114"
618,15:58,6,6,일산,11,"15,25,35,45,55,65,75,85,95,105,115"
618,15:58,7,7,판교,11,"6,16,26,36,46,56,76,86,96,106,116"
618,15:58,8,8,동탄/용인,11,"17,27,37,47,57,67,77,87,97,107,117"
618,15:58,9,9,평택,12,"8,18,28,38,48,58,68,78,88,98,108,118"
619,15:59,1,1,서울역,14,"0,5,10,20,23,30,40,50,60,70,80,90,100,110"
619,15:59,10,10,인천공항,11,"9,29,39,49,59,69,79,89,99,109,119"
619,15:59,2,2,수서,13,"7,11,21,31,41,51,61,66,71,81,91,101,111"
619,15:59,3,3,삼성,14,"2,3,12,19,22,32,42,52,62,72,82,92,102,112"
619,15:59,4,4,여의도,11,"13,33,43,44,53,63,73,83,93,103,113"
619,15:59,5,5,김포공항,12,"1,4,14,24,34,54,64,74,84,94,104,114"
619,15:59,6,6,일산,11,"15,25,35,45,55,65,75,85,95,105,115"
619,15:59,7,7,판교,11,"6,16,26,36,46,56,76,86,96,106,116"
619,15:59,8,8,동탄/용인,11,"17,27,37,47,57,67,77,87,97,107,117"
619,15:59,9,9,평택,12,"8,18,28,38,48,58,68,78,88,98,108,118"
620,16:00,1,1,서울역,14,"0,5,10,20,23,30,40,50,60,70,80,90,100,110"
620,16:00,10,10,인천공항,11,"9,29,39,49,59,69,79,89,99,109,119"
620,16:00,2,2,수서,13,"7,11,21,31,41,51,61,66,71,81,91,101,111"
620,16:00,3,3,삼성,14,"2,3,12,19,22,32,42,52,62,72,82,92,102,112"
620,16:00,4,4,여의도,11,"13,33,43,44,53,63,73,83,93,103,113"
620,16:00,5,5,김포공항,12,"1,4,14,24,34,54,64,74,84,94,104,114"
620,16:00,6,6,일산,11,"15,25,35,45,55,65,75,85,95,105,115"
620,16:00,7,7,판교,11,"6,16,26,36,46,56,76,86,96,106,116"
620,16:00,8,8,동탄/용인,11,"17,27,37,47,57,67,77,87,97,107,117"
620,16:00,9,9,평택,12,"8,18,28,38,48,58,68,78,88,98,108,118"
621,16:01,1,1,서울역,14,"0,5,10,20,23,30,40,50,60,70,80,90,100,110"
621,16:01,10,10,인천공항,11,"9,29,39,49,59,69,79,89,99,109,119"
621,16:01,2,2,수서,13,"7,11,21,31,41,51,61,66,71,81,91,101,111"
621,16:01,3,3,삼성,14,"2,3,12,19,22,32,42,52,62,72,82,92,102,112"
621,16:01,4,4,여의도,11,"13,33,43,44,53,63,73,83,93,103,113"
621,16:01,5,5,김포공항,12,"1,4,14,24,34,54,64,74,84,94,104,114"
621,16:01,6,6,일산,11,"15,25,35,45,55,65,75,85,95,105,115"
621,16:01,7,7,판교,11,"6,16,26,36,46,56,76,86,96,106,116"
621,16:01,8,8,동탄/용인,11,"17,27,37,47,57,67,77,87,97,107,117"
621,16:01,9,9,평택,12,"8,18,28,38,48,58,68,78,88,98,108,118"
622,16:02,1,1,서울역,14,"0,5,10,20,23,30,40,50,60,70,80,90,100,110"
622,16:02,10,10,인천공항,11,"9,29,39,49,59,69,79,89,99,109,119"
622,16:02,2,2,수서,13,"7,11,21,31,41,51,61,66,71,81,91,101,111"
622,16:02,3,3,삼성,14,"2,3,12,19,22,32,42,52,62,72,82,92,102,112"
622,16:02,4,4,여의도,11,"13,33,43,44,53,63,73,83,93,103,113"
622,16:02,5,5,김포공항,12,"1,4,14,24,34,54,64,74,84,94,104,114"
622,16:02,6,6,일산,11,"15,25,35,45,55,65,75,85,95,105,115"
622,16:02,7,7,판교,11,"6,16,26,36,46,56,76,86,96,106,116"
622,16:02,8,8,동탄/용인,11,"17,27,37,47,57,67,77,87,97,107,117"
622,16:02,9,9,평택,12,"8,18,28,38,48,58,68,78,88,98,108,118"
623,16:03,1,1,서울역,14,"0,5,10,20,23,30,40,50,60,70,80,90,100,110"
623,16:03,10,10,인천공항,11,"9,29,39,49,59,69,79,89,99,109,119"
623,16:03,2,2,수서,13,"7,11,21,31,41,51,61,66,71,81,91,101,111"
623,16:03,3,3,삼성,14,"2,3,12,19,22,32,42,52,62,72,82,92,102,112"
623,16:03,4,4,여의도,11,"13,33,43,44,53,63,73,83,93,103,113"
623,16:03,5,5,김포공항,12,"1,4,14,24,34,54,64,74,84,94,104,114"
623,16:03,6,6,일산,11,"15,25,35,45,55,65,75,85,95,105,115"
623,16:03,7,7,판교,11,"6,16,26,36,46,56,76,86,96,106,116"
623,16:03,8,8,동탄/용인,11,"17,27,37,47,57,67,77,87,97,107,117"
623,16:03,9,9,평택,12,"8,18,28,38,48,58,68,78,88,98,108,118"
624,16:04,1,1,서울역,14,"0,5,10,20,23,30,40,50,60,70,80,90,100,110"
624,16:04,10,10,인천공항,11,"9,29,39,49,59,69,79,89,99,109,119"
624,16:04,2,2,수서,13,"7,11,21,31,41,51,61,66,71,81,91,101,111"
624,16:04,3,3,삼성,14,"2,3,12,19,22,32,42,52,62,72,82,92,102,112"
624,16:04,4,4,여의도,11,"13,33,43,44,53,63,73,83,93,103,113"
624,16:04,5,5,김포공항,12,"1,4,14,24,34,54,64,74,84,94,104,114"
624,16:04,6,6,일산,11,"15,25,35,45,55,65,75,85,95,105,115"
624,16:04,7,7,판교,11,"6,16,26,36,46,56,76,86,96,106,116"
624,16:04,8,8,동탄/용인,11,"17,27,37,47,57,67,77,87,97,107,117"
624,16:04,9,9,평택,12,"8,18,28,38,48,58,68,78,88,98,108,118"
625,16:05,1,1,서울역,14,"0,5,10,20,23,30,40,50,60,70,80,90,100,110"
625,16:05,10,10,인천공항,11,"9,29,39,49,59,69,79,89,99,109,119"
625,16:05,2,2,수서,13,"7,11,21,31,41,51,61,66,71,81,91,101,111"
625,16:05,3,3,삼성,14,"2,3,12,19,22,32,42,52,62,72,82,92,102,112"
625,16:05,4,4,여의도,11,"13,33,43,44,53,63,73,83,93,103,113"
625,16:05,5,5,김포공항,12,"1,4,14,24,34,54,64,74,84,94,104,114"
625,16:05,6,6,일산,11,"15,25,35,45,55,65,75,85,95,105,115"
625,16:05,7,7,판교,11,"6,16,26,36,46,56,76,86,96,106,116"
625,16:05,8,8,동탄/용인,11,"17,27,37,47,57,67,77,87,97,107,117"
625,16:05,9,9,평택,12,"8,18,28,38,48,58,68,78,88,98,108,118"
626,16:06,1,1,서울역,14,"0,5,10,20,23,30,40,50,60,70,80,90,100,110"
626,16:06,10,10,인천공항,11,"9,29,39,49,59,69,79,89,99,109,119"
626,16:06,2,2,수서,13,"7,11,21,31,41,51,61,66,71,81,91,101,111"
626,16:06,3,3,삼성,14,"2,3,12,19,22,32,42,52,62,72,82,92,102,112"
626,16:06,4,4,여의도,11,"13,33,43,44,53,63,73,83,93,103,113"
626,16:06,5,5,김포공항,12,"1,4,14,24,34,54,64,74,84,94,104,114"
626,16:06,6,6,일산,11,"15,25,35,45,55,65,75,85,95,105,115"
626,16:06,7,7,판교,11,"6,16,26,36,46,56,76,86,96,106,116"
626,16:06,8,8,동탄/용인,11,"17,27,37,47,57,67,77,87,97,107,117"
626,16:06,9,9,평택,12,"8,18,28,38,48,58,68,78,88,98,108,118"
627,16:07,1,1,서울역,14,"0,5,10,20,23,30,40,50,60,70,80,90,100,110"
627,16:07,10,10,인천공항,11,"9,29,39,49,59,69,79,89,99,109,119"
627,16:07,2,2,수서,13,"7,11,21,31,41,51,61,66,71,81,91,101,111"
627,16:07,3,3,삼성,14,"2,3,12,19,22,32,42,52,62,72,82,92,102,112"
627,16:07,4,4,여의도,11,"13,33,43,44,53,63,73,83,93,103,113"
627,16:07,5,5,김포공항,12,"1,4,14,24,34,54,64,74,84,94,104,114"
627,16:07,6,6,일산,11,"15,25,35,45,55,65,75,85,95,105,115"
627,16:07,7,7,판교,11,"6,16,26,36,46,56,76,86,96,106,116"
627,16:07,8,8,동탄/용인,11,"17,27,37,47,57,67,77,87,97,107,117"
627,16:07,9,9,평택,12,"8,18,28,38,48,58,68,78,88,98,108,118"
628,16:08,1,1,서울역,14,"0,5,10,20,23,30,40,50,60,70,80,90,100,110"
628,16:08,10,10,인천공항,11,"9,29,39,49,59,69,79,89,99,109,119"
628,16:08,2,2,수서,13,"7,11,21,31,41,51,61,66,71,81,91,101,111"
628,16:08,3,3,삼성,14,"2,3,12,19,22,32,42,52,62,72,82,92,102,112"
628,16:08,4,4,여의도,11,"13,33,43,44,53,63,73,83,93,103,113"
628,16:08,5,5,김포공항,12,"1,4,14,24,34,54,64,74,84,94,104,114"
628,16:08,6,6,일산,11,"15,25,35,45,55,65,75,85,95,105,115"
628,16:08,7,7,판교,11,"6,16,26,36,46,56,76,86,96,106,116"
628,16:08,8,8,동탄/용인,11,"17,27,37,47,57,67,77,87,97,107,117"
628,16:08,9,9,평택,12,"8,18,28,38,48,58,68,78,88,98,108,118"
629,16:09,1,1,서울역,14,"0,5,10,20,23,30,40,50,60,70,80,90,100,110"
629,16:09,10,10,인천공항,11,"9,29,39,49,59,69,79,89,99,109,119"
629,16:09,2,2,수서,13,"7,11,21,31,41,51,61,66,71,81,91,101,111"
629,16:09,3,3,삼성,14,"2,3,12,19,22,32,42,52,62,72,82,92,102,112"
629,16:09,4,4,여의도,11,"13,33,43,44,53,63,73,83,93,103,113"
629,16:09,5,5,김포공항,12,"1,4,14,24,34,54,64,74,84,94,104,114"
629,16:09,6,6,일산,11,"15,25,35,45,55,65,75,85,95,105,115"
629,16:09,7,7,판교,11,"6,16,26,36,46,56,76,86,96,106,116"
629,16:09,8,8,동탄/용인,11,"17,27,37,47,57,67,77,87,97,107,117"
629,16:09,9,9,평택,12,"8,18,28,38,48,58,68,78,88,98,108,118"
630,16:10,1,1,서울역,14,"0,5,10,20,23,30,40,50,60,70,80,90,100,110"
630,16:10,10,10,인천공항,11,"9,29,39,49,59,69,79,89,99,109,119"
630,16:10,2,2,수서,13,"7,11,21,31,41,51,61,66,71,81,91,101,111"
630,16:10,3,3,삼성,14,"2,3,12,19,22,32,42,52,62,72,82,92,102,112"
630,16:10,4,4,여의도,11,"13,33,43,44,53,63,73,83,93,103,113"
630,16:10,5,5,김포공항,12,"1,4,14,24,34,54,64,74,84,94,104,114"
630,16:10,6,6,일산,11,"15,25,35,45,55,65,75,85,95,105,115"
630,16:10,7,7,판교,11,"6,16,26,36,46,56,76,86,96,106,116"
630,16:10,8,8,동탄/용인,11,"17,27,37,47,57,67,77,87,97,107,117"
630,16:10,9,9,평택,12,"8,18,28,38,48,58,68,78,88,98,108,118"
631,16:11,1,1,서울역,14,"0,5,10,20,23,30,40,50,60,70,80,90,100,110"
631,16:11,10,10,인천공항,11,"9,29,39,49,59,69,79,89,99,109,119"
631,16:11,2,2,수서,13,"7,11,21,31,41,51,61,66,71,81,91,101,111"
631,16:11,3,3,삼성,14,"2,3,12,19,22,32,42,52,62,72,82,92,102,112"
631,16:11,4,4,여의도,11,"13,33,43,44,53,63,73,83,93,103,113"
631,16:11,5,5,김포공항,12,"1,4,14,24,34,54,64,74,84,94,104,114"
631,16:11,6,6,일산,11,"15,25,35,45,55,65,75,85,95,105,115"
631,16:11,7,7,판교,11,"6,16,26,36,46,56,76,86,96,106,116"
631,16:11,8,8,동탄/용인,11,"17,27,37,47,57,67,77,87,97,107,117"
631,16:11,9,9,평택,12,"8,18,28,38,48,58,68,78,88,98,108,118"
632,16:12,1,1,서울역,14,"0,5,10,20,23,30,40,50,60,70,80,90,100,110"
632,16:12,10,10,인천공항,11,"9,29,39,49,59,69,79,89,99,109,119"
632,16:12,2,2,수서,13,"7,11,21,31,41,51,61,66,71,81,91,101,111"
632,16:12,3,3,삼성,14,"2,3,12,19,22,32,42,52,62,72,82,92,102,112"
632,16:12,4,4,여의도,11,"13,33,43,44,53,63,73,83,93,103,113"
632,16:12,5,5,김포공항,12,"1,4,14,24,34,54,64,74,84,94,104,114"
632,16:12,6,6,일산,11,"15,25,35,45,55,65,75,85,95,105,115"
632,16:12,7,7,판교,11,"6,16,26,36,46,56,76,86,96,106,116"
632,16:12,8,8,동탄/용인,11,"17,27,37,47,57,67,77,87,97,107,117"
632,16:12,9,9,평택,12,"8,18,28,38,48,58,68,78,88,98,108,118"
633,16:13,1,1,서울역,14,"0,5,10,20,23,30,40,50,60,70,80,90,100,110"
633,16:13,10,10,인천공항,11,"9,29,39,49,59,69,79,89,99,109,119"
633,16:13,2,2,수서,13,"7,11,21,31,41,51,61,66,71,81,91,101,111"
633,16:13,3,3,삼성,14,"2,3,12,19,22,32,42,52,62,72,82,92,102,112"
633,16:13,4,4,여의도,11,"13,33,43,44,53,63,73,83,93,103,113"
633,16:13,5,5,김포공항,12,"1,4,14,24,34,54,64,74,84,94,104,114"
633,16:13,6,6,일산,11,"15,25,35,45,55,65,75,85,95,105,115"
633,16:13,7,7,판교,11,"6,16,26,36,46,56,76,86,96,106,116"
633,16:13,8,8,동탄/용인,11,"17,27,37,47,57,67,77,87,97,107,117"
633,16:13,9,9,평택,12,"8,18,28,38,48,58,68,78,88,98,108,118"
634,16:14,1,1,서울역,14,"0,5,10,20,23,30,40,50,60,70,80,90,100,110"
634,16:14,10,10,인천공항,11,"9,29,39,49,59,69,79,89,99,109,119"
634,16:14,2,2,수서,13,"7,11,21,31,41,51,61,66,71,81,91,101,111"
634,16:14,3,3,삼성,14,"2,3,12,19,22,32,42,52,62,72,82,92,102,112"
634,16:14,4,4,여의도,11,"13,33,43,44,53,63,73,83,93,103,113"
634,16:14,5,5,김포공항,12,"1,4,14,24,34,54,64,74,84,94,104,114"
634,16:14,6,6,일산,11,"15,25,35,45,55,65,75,85,95,105,115"
634,16:14,7,7,판교,11,"6,16,26,36,46,56,76,86,96,106,116"
634,16:14,8,8,동탄/용인,11,"17,27,37,47,57,67,77,87,97,107,117"
634,16:14,9,9,평택,12,"8,18,28,38,48,58,68,78,88,98,108,118"
635,16:15,1,1,서울역,14,"0,5,10,20,23,30,40,50,60,70,80,90,100,110"
635,16:15,10,10,인천공항,11,"9,29,39,49,59,69,79,89,99,109,119"
635,16:15,2,2,수서,13,"7,11,21,31,41,51,61,66,71,81,91,101,111"
635,16:15,3,3,삼성,14,"2,3,12,19,22,32,42,52,62,72,82,92,102,112"
635,16:15,4,4,여의도,11,"13,33,43,44,53,63,73,83,93,103,113"
635,16:15,5,5,김포공항,12,"1,4,14,24,34,54,64,74,84,94,104,114"
635,16:15,6,6,일산,11,"15,25,35,45,55,65,75,85,95,105,115"
635,16:15,7,7,판교,11,"6,16,26,36,46,56,76,86,96,106,116"
635,16:15,8,8,동탄/용인,11,"17,27,37,47,57,67,77,87,97,107,117"
635,16:15,9,9,평택,12,"8,18,28,38,48,58,68,78,88,98,108,118"
636,16:16,1,1,서울역,14,"0,5,10,20,23,30,40,50,60,70,80,90,100,110"
636,16:16,10,10,인천공항,11,"9,29,39,49,59,69,79,89,99,109,119"
636,16:16,2,2,수서,13,"7,11,21,31,41,51,61,66,71,81,91,101,111"
636,16:16,3,3,삼성,14,"2,3,12,19,22,32,42,52,62,72,82,92,102,112"
636,16:16,4,4,여의도,11,"13,33,43,44,53,63,73,83,93,103,113"
636,16:16,5,5,김포공항,12,"1,4,14,24,34,54,64,74,84,94,104,114"
636,16:16,6,6,일산,11,"15,25,35,45,55,65,75,85,95,105,115"
636,16:16,7,7,판교,11,"6,16,26,36,46,56,76,86,96,106,116"
636,16:16,8,8,동탄/용인,11,"17,27,37,47,57,67,77,87,97,107,117"
636,16:16,9,9,평택,12,"8,18,28,38,48,58,68,78,88,98,108,118"
637,16:17,1,1,서울역,14,"0,5,10,20,23,30,40,50,60,70,80,90,100,110"
637,16:17,10,10,인천공항,11,"9,29,39,49,59,69,79,89,99,109,119"
637,16:17,2,2,수서,13,"7,11,21,31,41,51,61,66,71,81,91,101,111"
637,16:17,3,3,삼성,14,"2,3,12,19,22,32,42,52,62,72,82,92,102,112"
637,16:17,4,4,여의도,11,"13,33,43,44,53,63,73,83,93,103,113"
637,16:17,5,5,김포공항,12,"1,4,14,24,34,54,64,74,84,94,104,114"
637,16:17,6,6,일산,11,"15,25,35,45,55,65,75,85,95,105,115"
637,16:17,7,7,판교,11,"6,16,26,36,46,56,76,86,96,106,116"
637,16:17,8,8,동탄/용인,11,"17,27,37,47,57,67,77,87,97,107,117"
637,16:17,9,9,평택,12,"8,18,28,38,48,58,68,78,88,98,108,118"
638,16:18,1,1,서울역,14,"0,5,10,20,23,30,40,50,60,70,80,90,100,110"
638,16:18,10,10,인천공항,11,"9,29,39,49,59,69,79,89,99,109,119"
638,16:18,2,2,수서,13,"7,11,21,31,41,51,61,66,71,81,91,101,111"
638,16:18,3,3,삼성,14,"2,3,12,19,22,32,42,52,62,72,82,92,102,112"
638,16:18,4,4,여의도,11,"13,33,43,44,53,63,73,83,93,103,113"
638,16:18,5,5,김포공항,12,"1,4,14,24,34,54,64,74,84,94,104,114"
638,16:18,6,6,일산,11,"15,25,35,45,55,65,75,85,95,105,115"
638,16:18,7,7,판교,11,"6,16,26,36,46,56,76,86,96,106,116"
638,16:18,8,8,동탄/용인,11,"17,27,37,47,57,67,77,87,97,107,117"
638,16:18,9,9,평택,12,"8,18,28,38,48,58,68,78,88,98,108,118"
639,16:19,1,1,서울역,14,"0,5,10,20,23,30,40,50,60,70,80,90,100,110"
639,16:19,10,10,인천공항,11,"9,29,39,49,59,69,79,89,99,109,119"
639,16:19,2,2,수서,13,"7,11,21,31,41,51,61,66,71,81,91,101,111"
639,16:19,3,3,삼성,14,"2,3,12,19,22,32,42,52,62,72,82,92,102,112"
639,16:19,4,4,여의도,11,"13,33,43,44,53,63,73,83,93,103,113"
639,16:19,5,5,김포공항,12,"1,4,14,24,34,54,64,74,84,94,104,114"
639,16:19,6,6,일산,11,"15,25,35,45,55,65,75,85,95,105,115"
639,16:19,7,7,판교,11,"6,16,26,36,46,56,76,86,96,106,116"
639,16:19,8,8,동탄/용인,11,"17,27,37,47,57,67,77,87,97,107,117"
639,16:19,9,9,평택,12,"8,18,28,38,48,58,68,78,88,98,108,118"
640,16:20,1,1,서울역,14,"0,5,10,20,23,30,40,50,60,70,80,90,100,110"
640,16:20,10,10,인천공항,11,"9,29,39,49,59,69,79,89,99,109,119"
640,16:20,2,2,수서,13,"7,11,21,31,41,51,61,66,71,81,91,101,111"
640,16:20,3,3,삼성,14,"2,3,12,19,22,32,42,52,62,72,82,92,102,112"
640,16:20,4,4,여의도,11,"13,33,43,44,53,63,73,83,93,103,113"
640,16:20,5,5,김포공항,12,"1,4,14,24,34,54,64,74,84,94,104,114"
640,16:20,6,6,일산,11,"15,25,35,45,55,65,75,85,95,105,115"
640,16:20,7,7,판교,11,"6,16,26,36,46,56,76,86,96,106,116"
640,16:20,8,8,동탄/용인,11,"17,27,37,47,57,67,77,87,97,107,117"
640,16:20,9,9,평택,12,"8,18,28,38,48,58,68,78,88,98,108,118"
641,16:21,1,1,서울역,14,"0,5,10,20,23,30,40,50,60,70,80,90,100,110"
641,16:21,10,10,인천공항,11,"9,29,39,49,59,69,79,89,99,109,119"
641,16:21,2,2,수서,13,"7,11,21,31,41,51,61,66,71,81,91,101,111"
641,16:21,3,3,삼성,14,"2,3,12,19,22,32,42,52,62,72,82,92,102,112"
641,16:21,4,4,여의도,11,"13,33,43,44,53,63,73,83,93,103,113"
641,16:21,5,5,김포공항,12,"1,4,14,24,34,54,64,74,84,94,104,114"
641,16:21,6,6,일산,11,"15,25,35,45,55,65,75,85,95,105,115"
641,16:21,7,7,판교,11,"6,16,26,36,46,56,76,86,96,106,116"
641,16:21,8,8,동탄/용인,11,"17,27,37,47,57,67,77,87,97,107,117"
641,16:21,9,9,평택,12,"8,18,28,38,48,58,68,78,88,98,108,118"
642,16:22,1,1,서울역,14,"0,5,10,20,23,30,40,50,60,70,80,90,100,110"
642,16:22,10,10,인천공항,11,"9,29,39,49,59,69,79,89,99,109,119"
642,16:22,2,2,수서,13,"7,11,21,31,41,51,61,66,71,81,91,101,111"
642,16:22,3,3,삼성,14,"2,3,12,19,22,32,42,52,62,72,82,92,102,112"
642,16:22,4,4,여의도,11,"13,33,43,44,53,63,73,83,93,103,113"
642,16:22,5,5,김포공항,12,"1,4,14,24,34,54,64,74,84,94,104,114"
642,16:22,6,6,일산,11,"15,25,35,45,55,65,75,85,95,105,115"
642,16:22,7,7,판교,11,"6,16,26,36,46,56,76,86,96,106,116"
642,16:22,8,8,동탄/용인,11,"17,27,37,47,57,67,77,87,97,107,117"
642,16:22,9,9,평택,12,"8,18,28,38,48,58,68,78,88,98,108,118"
643,16:23,1,1,서울역,14,"0,5,10,20,23,30,40,50,60,70,80,90,100,110"
643,16:23,10,10,인천공항,11,"9,29,39,49,59,69,79,89,99,109,119"
643,16:23,2,2,수서,13,"7,11,21,31,41,51,61,66,71,81,91,101,111"
643,16:23,3,3,삼성,14,"2,3,12,19,22,32,42,52,62,72,82,92,102,112"
643,16:23,4,4,여의도,11,"13,33,43,44,53,63,73,83,93,103,113"
643,16:23,5,5,김포공항,12,"1,4,14,24,34,54,64,74,84,94,104,114"
643,16:23,6,6,일산,11,"15,25,35,45,55,65,75,85,95,105,115"
643,16:23,7,7,판교,11,"6,16,26,36,46,56,76,86,96,106,116"
643,16:23,8,8,동탄/용인,11,"17,27,37,47,57,67,77,87,97,107,117"
643,16:23,9,9,평택,12,"8,18,28,38,48,58,68,78,88,98,108,118"
644,16:24,1,1,서울역,14,"0,5,10,20,23,30,40,50,60,70,80,90,100,110"
644,16:24,10,10,인천공항,11,"9,29,39,49,59,69,79,89,99,109,119"
644,16:24,2,2,수서,13,"7,11,21,31,41,51,61,66,71,81,91,101,111"
644,16:24,3,3,삼성,14,"2,3,12,19,22,32,42,52,62,72,82,92,102,112"
644,16:24,4,4,여의도,11,"13,33,43,44,53,63,73,83,93,103,113"
644,16:24,5,5,김포공항,12,"1,4,14,24,34,54,64,74,84,94,104,114"
644,16:24,6,6,일산,11,"15,25,35,45,55,65,75,85,95,105,115"
644,16:24,7,7,판교,11,"6,16,26,36,46,56,76,86,96,106,116"
644,16:24,8,8,동탄/용인,11,"17,27,37,47,57,67,77,87,97,107,117"
644,16:24,9,9,평택,12,"8,18,28,38,48,58,68,78,88,98,108,118"
645,16:25,1,1,서울역,14,"0,5,10,20,23,30,40,50,60,70,80,90,100,110"
645,16:25,10,10,인천공항,11,"9,29,39,49,59,69,79,89,99,109,119"
645,16:25,2,2,수서,13,"7,11,21,31,41,51,61,66,71,81,91,101,111"
645,16:25,3,3,삼성,14,"2,3,12,19,22,32,42,52,62,72,82,92,102,112"
645,16:25,4,4,여의도,11,"13,33,43,44,53,63,73,83,93,103,113"
645,16:25,5,5,김포공항,12,"1,4,14,24,34,54,64,74,84,94,104,114"
645,16:25,6,6,일산,11,"15,25,35,45,55,65,75,85,95,105,115"
645,16:25,7,7,판교,11,"6,16,26,36,46,56,76,86,96,106,116"
645,16:25,8,8,동탄/용인,11,"17,27,37,47,57,67,77,87,97,107,117"
645,16:25,9,9,평택,12,"8,18,28,38,48,58,68,78,88,98,108,118"
646,16:26,1,1,서울역,14,"0,5,10,20,23,30,40,50,60,70,80,90,100,110"
646,16:26,10,10,인천공항,11,"9,29,39,49,59,69,79,89,99,109,119"
646,16:26,2,2,수서,13,"7,11,21,31,41,51,61,66,71,81,91,101,111"
646,16:26,3,3,삼성,14,"2,3,12,19,22,32,42,52,62,72,82,92,102,112"
646,16:26,4,4,여의도,11,"13,33,43,44,53,63,73,83,93,103,113"
646,16:26,5,5,김포공항,12,"1,4,14,24,34,54,64,74,84,94,104,114"
646,16:26,6,6,일산,11,"15,25,35,45,55,65,75,85,95,105,115"
646,16:26,7,7,판교,11,"6,16,26,36,46,56,76,86,96,106,116"
646,16:26,8,8,동탄/용인,11,"17,27,37,47,57,67,77,87,97,107,117"
646,16:26,9,9,평택,12,"8,18,28,38,48,58,68,78,88,98,108,118"
647,16:27,1,1,서울역,14,"0,5,10,20,23,30,40,50,60,70,80,90,100,110"
647,16:27,10,10,인천공항,11,"9,29,39,49,59,69,79,89,99,109,119"
647,16:27,2,2,수서,13,"7,11,21,31,41,51,61,66,71,81,91,101,111"
647,16:27,3,3,삼성,14,"2,3,12,19,22,32,42,52,62,72,82,92,102,112"
647,16:27,4,4,여의도,11,"13,33,43,44,53,63,73,83,93,103,113"
647,16:27,5,5,김포공항,12,"1,4,14,24,34,54,64,74,84,94,104,114"
647,16:27,6,6,일산,11,"15,25,35,45,55,65,75,85,95,105,115"
647,16:27,7,7,판교,11,"6,16,26,36,46,56,76,86,96,106,116"
647,16:27,8,8,동탄/용인,11,"17,27,37,47,57,67,77,87,97,107,117"
647,16:27,9,9,평택,12,"8,18,28,38,48,58,68,78,88,98,108,118"
648,16:28,1,1,서울역,14,"0,5,10,20,23,30,40,50,60,70,80,90,100,110"
648,16:28,10,10,인천공항,11,"9,29,39,49,59,69,79,89,99,109,119"
648,16:28,2,2,수서,13,"7,11,21,31,41,51,61,66,71,81,91,101,111"
648,16:28,3,3,삼성,14,"2,3,12,19,22,32,42,52,62,72,82,92,102,112"
648,16:28,4,4,여의도,11,"13,33,43,44,53,63,73,83,93,103,113"
648,16:28,5,5,김포공항,12,"1,4,14,24,34,54,64,74,84,94,104,114"
648,16:28,6,6,일산,11,"15,25,35,45,55,65,75,85,95,105,115"
648,16:28,7,7,판교,11,"6,16,26,36,46,56,76,86,96,106,116"
648,16:28,8,8,동탄/용인,11,"17,27,37,47,57,67,77,87,97,107,117"
648,16:28,9,9,평택,12,"8,18,28,38,48,58,68,78,88,98,108,118"
649,16:29,1,1,서울역,14,"0,5,10,20,23,30,40,50,60,70,80,90,100,110"
649,16:29,10,10,인천공항,11,"9,29,39,49,59,69,79,89,99,109,119"
649,16:29,2,2,수서,13,"7,11,21,31,41,51,61,66,71,81,91,101,111"
649,16:29,3,3,삼성,14,"2,3,12,19,22,32,42,52,62,72,82,92,102,112"
649,16:29,4,4,여의도,11,"13,33,43,44,53,63,73,83,93,103,113"
649,16:29,5,5,김포공항,12,"1,4,14,24,34,54,64,74,84,94,104,114"
649,16:29,6,6,일산,11,"15,25,35,45,55,65,75,85,95,105,115"
649,16:29,7,7,판교,11,"6,16,26,36,46,56,76,86,96,106,116"
649,16:29,8,8,동탄/용인,11,"17,27,37,47,57,67,77,87,97,107,117"
649,16:29,9,9,평택,12,"8,18,28,38,48,58,68,78,88,98,108,118"
650,16:30,1,1,서울역,14,"0,5,10,20,23,30,40,50,60,70,80,90,100,110"
650,16:30,10,10,인천공항,11,"9,29,39,49,59,69,79,89,99,109,119"
650,16:30,2,2,수서,13,"7,11,21,31,41,51,61,66,71,81,91,101,111"
650,16:30,3,3,삼성,14,"2,3,12,19,22,32,42,52,62,72,82,92,102,112"
650,16:30,4,4,여의도,11,"13,33,43,44,53,63,73,83,93,103,113"
650,16:30,5,5,김포공항,12,"1,4,14,24,34,54,64,74,84,94,104,114"
650,16:30,6,6,일산,11,"15,25,35,45,55,65,75,85,95,105,115"
650,16:30,7,7,판교,11,"6,16,26,36,46,56,76,86,96,106,116"
650,16:30,8,8,동탄/용인,11,"17,27,37,47,57,67,77,87,97,107,117"
650,16:30,9,9,평택,12,"8,18,28,38,48,58,68,78,88,98,108,118"
651,16:31,1,1,서울역,14,"0,5,10,20,23,30,40,50,60,70,80,90,100,110"
651,16:31,10,10,인천공항,11,"9,29,39,49,59,69,79,89,99,109,119"
651,16:31,2,2,수서,13,"7,11,21,31,41,51,61,66,71,81,91,101,111"
651,16:31,3,3,삼성,14,"2,3,12,19,22,32,42,52,62,72,82,92,102,112"
651,16:31,4,4,여의도,11,"13,33,43,44,53,63,73,83,93,103,113"
651,16:31,5,5,김포공항,12,"1,4,14,24,34,54,64,74,84,94,104,114"
651,16:31,6,6,일산,11,"15,25,35,45,55,65,75,85,95,105,115"
651,16:31,7,7,판교,11,"6,16,26,36,46,56,76,86,96,106,116"
651,16:31,8,8,동탄/용인,11,"17,27,37,47,57,67,77,87,97,107,117"
651,16:31,9,9,평택,12,"8,18,28,38,48,58,68,78,88,98,108,118"
652,16:32,1,1,서울역,14,"0,5,10,20,23,30,40,50,60,70,80,90,100,110"
652,16:32,10,10,인천공항,11,"9,29,39,49,59,69,79,89,99,109,119"
652,16:32,2,2,수서,13,"7,11,21,31,41,51,61,66,71,81,91,101,111"
652,16:32,3,3,삼성,14,"2,3,12,19,22,32,42,52,62,72,82,92,102,112"
652,16:32,4,4,여의도,11,"13,33,43,44,53,63,73,83,93,103,113"
652,16:32,5,5,김포공항,12,"1,4,14,24,34,54,64,74,84,94,104,114"
652,16:32,6,6,일산,11,"15,25,35,45,55,65,75,85,95,105,115"
652,16:32,7,7,판교,11,"6,16,26,36,46,56,76,86,96,106,116"
652,16:32,8,8,동탄/용인,11,"17,27,37,47,57,67,77,87,97,107,117"
652,16:32,9,9,평택,12,"8,18,28,38,48,58,68,78,88,98,108,118"
653,16:33,1,1,서울역,14,"0,5,10,20,23,30,40,50,60,70,80,90,100,110"
653,16:33,10,10,인천공항,11,"9,29,39,49,59,69,79,89,99,109,119"
653,16:33,2,2,수서,13,"7,11,21,31,41,51,61,66,71,81,91,101,111"
653,16:33,3,3,삼성,14,"2,3,12,19,22,32,42,52,62,72,82,92,102,112"
653,16:33,4,4,여의도,11,"13,33,43,44,53,63,73,83,93,103,113"
653,16:33,5,5,김포공항,12,"1,4,14,24,34,54,64,74,84,94,104,114"
653,16:33,6,6,일산,11,"15,25,35,45,55,65,75,85,95,105,115"
653,16:33,7,7,판교,11,"6,16,26,36,46,56,76,86,96,106,116"
653,16:33,8,8,동탄/용인,11,"17,27,37,47,57,67,77,87,97,107,117"
653,16:33,9,9,평택,12,"8,18,28,38,48,58,68,78,88,98,108,118"
654,16:34,1,1,서울역,14,"0,5,10,20,23,30,40,50,60,70,80,90,100,110"
654,16:34,10,10,인천공항,11,"9,29,39,49,59,69,79,89,99,109,119"
654,16:34,2,2,수서,13,"7,11,21,31,41,51,61,66,71,81,91,101,111"
654,16:34,3,3,삼성,14,"2,3,12,19,22,32,42,52,62,72,82,92,102,112"
654,16:34,4,4,여의도,11,"13,33,43,44,53,63,73,83,93,103,113"
654,16:34,5,5,김포공항,12,"1,4,14,24,34,54,64,74,84,94,104,114"
654,16:34,6,6,일산,11,"15,25,35,45,55,65,75,85,95,105,115"
654,16:34,7,7,판교,11,"6,16,26,36,46,56,76,86,96,106,116"
654,16:34,8,8,동탄/용인,11,"17,27,37,47,57,67,77,87,97,107,117"
654,16:34,9,9,평택,12,"8,18,28,38,48,58,68,78,88,98,108,118"
655,16:35,1,1,서울역,14,"0,5,10,20,23,30,40,50,60,70,80,90,100,110"
655,16:35,10,10,인천공항,11,"9,29,39,49,59,69,79,89,99,109,119"
655,16:35,2,2,수서,13,"7,11,21,31,41,51,61,66,71,81,91,101,111"
655,16:35,3,3,삼성,14,"2,3,12,19,22,32,42,52,62,72,82,92,102,112"
655,16:35,4,4,여의도,11,"13,33,43,44,53,63,73,83,93,103,113"
655,16:35,5,5,김포공항,12,"1,4,14,24,34,54,64,74,84,94,104,114"
655,16:35,6,6,일산,11,"15,25,35,45,55,65,75,85,95,105,115"
655,16:35,7,7,판교,11,"6,16,26,36,46,56,76,86,96,106,116"
655,16:35,8,8,동탄/용인,11,"17,27,37,47,57,67,77,87,97,107,117"
655,16:35,9,9,평택,12,"8,18,28,38,48,58,68,78,88,98,108,118"
656,16:36,1,1,서울역,14,"0,5,10,20,23,30,40,50,60,70,80,90,100,110"
656,16:36,10,10,인천공항,11,"9,29,39,49,59,69,79,89,99,109,119"
656,16:36,2,2,수서,13,"7,11,21,31,41,51,61,66,71,81,91,101,111"
656,16:36,3,3,삼성,14,"2,3,12,19,22,32,42,52,62,72,82,92,102,112"
656,16:36,4,4,여의도,11,"13,33,43,44,53,63,73,83,93,103,113"
656,16:36,5,5,김포공항,12,"1,4,14,24,34,54,64,74,84,94,104,114"
656,16:36,6,6,일산,11,"15,25,35,45,55,65,75,85,95,105,115"
656,16:36,7,7,판교,11,"6,16,26,36,46,56,76,86,96,106,116"
656,16:36,8,8,동탄/용인,11,"17,27,37,47,57,67,77,87,97,107,117"
656,16:36,9,9,평택,12,"8,18,28,38,48,58,68,78,88,98,108,118"
657,16:37,1,1,서울역,14,"0,5,10,20,23,30,40,50,60,70,80,90,100,110"
657,16:37,10,10,인천공항,11,"9,29,39,49,59,69,79,89,99,109,119"
657,16:37,2,2,수서,13,"7,11,21,31,41,51,61,66,71,81,91,101,111"
657,16:37,3,3,삼성,14,"2,3,12,19,22,32,42,52,62,72,82,92,102,112"
657,16:37,4,4,여의도,11,"13,33,43,44,53,63,73,83,93,103,113"
657,16:37,5,5,김포공항,12,"1,4,14,24,34,54,64,74,84,94,104,114"
657,16:37,6,6,일산,11,"15,25,35,45,55,65,75,85,95,105,115"
657,16:37,7,7,판교,11,"6,16,26,36,46,56,76,86,96,106,116"
657,16:37,8,8,동탄/용인,11,"17,27,37,47,57,67,77,87,97,107,117"
657,16:37,9,9,평택,12,"8,18,28,38,48,58,68,78,88,98,108,118"
658,16:38,1,1,서울역,14,"0,5,10,20,23,30,40,50,60,70,80,90,100,110"
658,16:38,10,10,인천공항,11,"9,29,39,49,59,69,79,89,99,109,119"
658,16:38,2,2,수서,13,"7,11,21,31,41,51,61,66,71,81,91,101,111"
658,16:38,3,3,삼성,14,"2,3,12,19,22,32,42,52,62,72,82,92,102,112"
658,16:38,4,4,여의도,11,"13,33,43,44,53,63,73,83,93,103,113"
658,16:38,5,5,김포공항,12,"1,4,14,24,34,54,64,74,84,94,104,114"
658,16:38,6,6,일산,11,"15,25,35,45,55,65,75,85,95,105,115"
658,16:38,7,7,판교,11,"6,16,26,36,46,56,76,86,96,106,116"
658,16:38,8,8,동탄/용인,11,"17,27,37,47,57,67,77,87,97,107,117"
658,16:38,9,9,평택,12,"8,18,28,38,48,58,68,78,88,98,108,118"
659,16:39,1,1,서울역,14,"0,5,10,20,23,30,40,50,60,70,80,90,100,110"
659,16:39,10,10,인천공항,11,"9,29,39,49,59,69,79,89,99,109,119"
659,16:39,2,2,수서,13,"7,11,21,31,41,51,61,66,71,81,91,101,111"
659,16:39,3,3,삼성,14,"2,3,12,19,22,32,42,52,62,72,82,92,102,112"
659,16:39,4,4,여의도,11,"13,33,43,44,53,63,73,83,93,103,113"
659,16:39,5,5,김포공항,12,"1,4,14,24,34,54,64,74,84,94,104,114"
659,16:39,6,6,일산,11,"15,25,35,45,55,65,75,85,95,105,115"
659,16:39,7,7,판교,11,"6,16,26,36,46,56,76,86,96,106,116"
659,16:39,8,8,동탄/용인,11,"17,27,37,47,57,67,77,87,97,107,117"
659,16:39,9,9,평택,12,"8,18,28,38,48,58,68,78,88,98,108,118"
660,16:40,1,1,서울역,14,"0,5,10,20,23,30,40,50,60,70,80,90,100,110"
660,16:40,10,10,인천공항,11,"9,29,39,49,59,69,79,89,99,109,119"
660,16:40,2,2,수서,13,"7,11,21,31,41,51,61,66,71,81,91,101,111"
660,16:40,3,3,삼성,14,"2,3,12,19,22,32,42,52,62,72,82,92,102,112"
660,16:40,4,4,여의도,11,"13,33,43,44,53,63,73,83,93,103,113"
660,16:40,5,5,김포공항,12,"1,4,14,24,34,54,64,74,84,94,104,114"
660,16:40,6,6,일산,11,"15,25,35,45,55,65,75,85,95,105,115"
660,16:40,7,7,판교,11,"6,16,26,36,46,56,76,86,96,106,116"
660,16:40,8,8,동탄/용인,11,"17,27,37,47,57,67,77,87,97,107,117"
660,16:40,9,9,평택,12,"8,18,28,38,48,58,68,78,88,98,108,118"
661,16:41,1,1,서울역,14,"0,5,10,20,23,30,40,50,60,70,80,90,100,110"
661,16:41,10,10,인천공항,11,"9,29,39,49,59,69,79,89,99,109,119"
661,16:41,2,2,수서,13,"7,11,21,31,41,51,61,66,71,81,91,101,111"
661,16:41,3,3,삼성,14,"2,3,12,19,22,32,42,52,62,72,82,92,102,112"
661,16:41,4,4,여의도,11,"13,33,43,44,53,63,73,83,93,103,113"
661,16:41,5,5,김포공항,12,"1,4,14,24,34,54,64,74,84,94,104,114"
661,16:41,6,6,일산,11,"15,25,35,45,55,65,75,85,95,105,115"
661,16:41,7,7,판교,11,"6,16,26,36,46,56,76,86,96,106,116"
661,16:41,8,8,동탄/용인,11,"17,27,37,47,57,67,77,87,97,107,117"
661,16:41,9,9,평택,12,"8,18,28,38,48,58,68,78,88,98,108,118"
662,16:42,1,1,서울역,14,"0,5,10,20,23,30,40,50,60,70,80,90,100,110"
662,16:42,10,10,인천공항,11,"9,29,39,49,59,69,79,89,99,109,119"
662,16:42,2,2,수서,13,"7,11,21,31,41,51,61,66,71,81,91,101,111"
662,16:42,3,3,삼성,14,"2,3,12,19,22,32,42,52,62,72,82,92,102,112"
662,16:42,4,4,여의도,11,"13,33,43,44,53,63,73,83,93,103,113"
662,16:42,5,5,김포공항,12,"1,4,14,24,34,54,64,74,84,94,104,114"
662,16:42,6,6,일산,11,"15,25,35,45,55,65,75,85,95,105,115"
662,16:42,7,7,판교,11,"6,16,26,36,46,56,76,86,96,106,116"
662,16:42,8,8,동탄/용인,11,"17,27,37,47,57,67,77,87,97,107,117"
662,16:42,9,9,평택,12,"8,18,28,38,48,58,68,78,88,98,108,118"
663,16:43,1,1,서울역,14,"0,5,10,20,23,30,40,50,60,70,80,90,100,110"
663,16:43,10,10,인천공항,11,"9,29,39,49,59,69,79,89,99,109,119"
663,16:43,2,2,수서,13,"7,11,21,31,41,51,61,66,71,81,91,101,111"
663,16:43,3,3,삼성,14,"2,3,12,19,22,32,42,52,62,72,82,92,102,112"
663,16:43,4,4,여의도,11,"13,33,43,44,53,63,73,83,93,103,113"
663,16:43,5,5,김포공항,12,"1,4,14,24,34,54,64,74,84,94,104,114"
663,16:43,6,6,일산,11,"15,25,35,45,55,65,75,85,95,105,115"
663,16:43,7,7,판교,11,"6,16,26,36,46,56,76,86,96,106,116"
663,16:43,8,8,동탄/용인,11,"17,27,37,47,57,67,77,87,97,107,117"
663,16:43,9,9,평택,12,"8,18,28,38,48,58,68,78,88,98,108,118"
664,16:44,1,1,서울역,14,"0,5,10,20,23,30,40,50,60,70,80,90,100,110"
664,16:44,10,10,인천공항,11,"9,29,39,49,59,69,79,89,99,109,119"
664,16:44,2,2,수서,13,"7,11,21,31,41,51,61,66,71,81,91,101,111"
664,16:44,3,3,삼성,14,"2,3,12,19,22,32,42,52,62,72,82,92,102,112"
664,16:44,4,4,여의도,11,"13,33,43,44,53,63,73,83,93,103,113"
664,16:44,5,5,김포공항,12,"1,4,14,24,34,54,64,74,84,94,104,114"
664,16:44,6,6,일산,11,"15,25,35,45,55,65,75,85,95,105,115"
664,16:44,7,7,판교,11,"6,16,26,36,46,56,76,86,96,106,116"
664,16:44,8,8,동탄/용인,11,"17,27,37,47,57,67,77,87,97,107,117"
664,16:44,9,9,평택,12,"8,18,28,38,48,58,68,78,88,98,108,118"
665,16:45,1,1,서울역,14,"0,5,10,20,23,30,40,50,60,70,80,90,100,110"
665,16:45,10,10,인천공항,11,"9,29,39,49,59,69,79,89,99,109,119"
665,16:45,2,2,수서,13,"7,11,21,31,41,51,61,66,71,81,91,101,111"
665,16:45,3,3,삼성,14,"2,3,12,19,22,32,42,52,62,72,82,92,102,112"
665,16:45,4,4,여의도,11,"13,33,43,44,53,63,73,83,93,103,113"
665,16:45,5,5,김포공항,12,"1,4,14,24,34,54,64,74,84,94,104,114"
665,16:45,6,6,일산,11,"15,25,35,45,55,65,75,85,95,105,115"
665,16:45,7,7,판교,11,"6,16,26,36,46,56,76,86,96,106,116"
665,16:45,8,8,동탄/용인,11,"17,27,37,47,57,67,77,87,97,107,117"
665,16:45,9,9,평택,12,"8,18,28,38,48,58,68,78,88,98,108,118"
666,16:46,1,1,서울역,14,"0,5,10,20,23,30,40,50,60,70,80,90,100,110"
666,16:46,10,10,인천공항,11,"9,29,39,49,59,69,79,89,99,109,119"
666,16:46,2,2,수서,13,"7,11,21,31,41,51,61,66,71,81,91,101,111"
666,16:46,3,3,삼성,14,"2,3,12,19,22,32,42,52,62,72,82,92,102,112"
666,16:46,4,4,여의도,11,"13,33,43,44,53,63,73,83,93,103,113"
666,16:46,5,5,김포공항,12,"1,4,14,24,34,54,64,74,84,94,104,114"
666,16:46,6,6,일산,11,"15,25,35,45,55,65,75,85,95,105,115"
666,16:46,7,7,판교,11,"6,16,26,36,46,56,76,86,96,106,116"
666,16:46,8,8,동탄/용인,11,"17,27,37,47,57,67,77,87,97,107,117"
666,16:46,9,9,평택,12,"8,18,28,38,48,58,68,78,88,98,108,118"
667,16:47,1,1,서울역,14,"0,5,10,20,23,30,40,50,60,70,80,90,100,110"
667,16:47,10,10,인천공항,11,"9,29,39,49,59,69,79,89,99,109,119"
667,16:47,2,2,수서,13,"7,11,21,31,41,51,61,66,71,81,91,101,111"
667,16:47,3,3,삼성,14,"2,3,12,19,22,32,42,52,62,72,82,92,102,112"
667,16:47,4,4,여의도,11,"13,33,43,44,53,63,73,83,93,103,113"
667,16:47,5,5,김포공항,12,"1,4,14,24,34,54,64,74,84,94,104,114"
667,16:47,6,6,일산,11,"15,25,35,45,55,65,75,85,95,105,115"
667,16:47,7,7,판교,11,"6,16,26,36,46,56,76,86,96,106,116"
667,16:47,8,8,동탄/용인,11,"17,27,37,47,57,67,77,87,97,107,117"
667,16:47,9,9,평택,12,"8,18,28,38,48,58,68,78,88,98,108,118"
668,16:48,1,1,서울역,14,"0,5,10,20,23,30,40,50,60,70,80,90,100,110"
668,16:48,10,10,인천공항,11,"9,29,39,49,59,69,79,89,99,109,119"
668,16:48,2,2,수서,13,"7,11,21,31,41,51,61,66,71,81,91,101,111"
668,16:48,3,3,삼성,14,"2,3,12,19,22,32,42,52,62,72,82,92,102,112"
668,16:48,4,4,여의도,11,"13,33,43,44,53,63,73,83,93,103,113"
668,16:48,5,5,김포공항,12,"1,4,14,24,34,54,64,74,84,94,104,114"
668,16:48,6,6,일산,11,"15,25,35,45,55,65,75,85,95,105,115"
668,16:48,7,7,판교,11,"6,16,26,36,46,56,76,86,96,106,116"
668,16:48,8,8,동탄/용인,11,"17,27,37,47,57,67,77,87,97,107,117"
668,16:48,9,9,평택,12,"8,18,28,38,48,58,68,78,88,98,108,118"
669,16:49,1,1,서울역,14,"0,5,10,20,23,30,40,50,60,70,80,90,100,110"
669,16:49,10,10,인천공항,11,"9,29,39,49,59,69,79,89,99,109,119"
669,16:49,2,2,수서,13,"7,11,21,31,41,51,61,66,71,81,91,101,111"
669,16:49,3,3,삼성,14,"2,3,12,19,22,32,42,52,62,72,82,92,102,112"
669,16:49,4,4,여의도,11,"13,33,43,44,53,63,73,83,93,103,113"
669,16:49,5,5,김포공항,12,"1,4,14,24,34,54,64,74,84,94,104,114"
669,16:49,6,6,일산,11,"15,25,35,45,55,65,75,85,95,105,115"
669,16:49,7,7,판교,11,"6,16,26,36,46,56,76,86,96,106,116"
669,16:49,8,8,동탄/용인,11,"17,27,37,47,57,67,77,87,97,107,117"
669,16:49,9,9,평택,12,"8,18,28,38,48,58,68,78,88,98,108,118"
670,16:50,1,1,서울역,14,"0,5,10,20,23,30,40,50,60,70,80,90,100,110"
670,16:50,10,10,인천공항,11,"9,29,39,49,59,69,79,89,99,109,119"
670,16:50,2,2,수서,13,"7,11,21,31,41,51,61,66,71,81,91,101,111"
670,16:50,3,3,삼성,14,"2,3,12,19,22,32,42,52,62,72,82,92,102,112"
670,16:50,4,4,여의도,11,"13,33,43,44,53,63,73,83,93,103,113"
670,16:50,5,5,김포공항,12,"1,4,14,24,34,54,64,74,84,94,104,114"
670,16:50,6,6,일산,11,"15,25,35,45,55,65,75,85,95,105,115"
670,16:50,7,7,판교,11,"6,16,26,36,46,56,76,86,96,106,116"
670,16:50,8,8,동탄/용인,11,"17,27,37,47,57,67,77,87,97,107,117"
670,16:50,9,9,평택,12,"8,18,28,38,48,58,68,78,88,98,108,118"
671,16:51,1,1,서울역,14,"0,5,10,20,23,30,40,50,60,70,80,90,100,110"
671,16:51,10,10,인천공항,11,"9,29,39,49,59,69,79,89,99,109,119"
671,16:51,2,2,수서,13,"7,11,21,31,41,51,61,66,71,81,91,101,111"
671,16:51,3,3,삼성,14,"2,3,12,19,22,32,42,52,62,72,82,92,102,112"
671,16:51,4,4,여의도,11,"13,33,43,44,53,63,73,83,93,103,113"
671,16:51,5,5,김포공항,12,"1,4,14,24,34,54,64,74,84,94,104,114"
671,16:51,6,6,일산,11,"15,25,35,45,55,65,75,85,95,105,115"
671,16:51,7,7,판교,11,"6,16,26,36,46,56,76,86,96,106,116"
671,16:51,8,8,동탄/용인,11,"17,27,37,47,57,67,77,87,97,107,117"
671,16:51,9,9,평택,12,"8,18,28,38,48,58,68,78,88,98,108,118"
672,16:52,1,1,서울역,14,"0,5,10,20,23,30,40,50,60,70,80,90,100,110"
672,16:52,10,10,인천공항,11,"9,29,39,49,59,69,79,89,99,109,119"
672,16:52,2,2,수서,13,"7,11,21,31,41,51,61,66,71,81,91,101,111"
672,16:52,3,3,삼성,14,"2,3,12,19,22,32,42,52,62,72,82,92,102,112"
672,16:52,4,4,여의도,11,"13,33,43,44,53,63,73,83,93,103,113"
672,16:52,5,5,김포공항,12,"1,4,14,24,34,54,64,74,84,94,104,114"
672,16:52,6,6,일산,11,"15,25,35,45,55,65,75,85,95,105,115"
672,16:52,7,7,판교,11,"6,16,26,36,46,56,76,86,96,106,116"
672,16:52,8,8,동탄/용인,11,"17,27,37,47,57,67,77,87,97,107,117"
672,16:52,9,9,평택,12,"8,18,28,38,48,58,68,78,88,98,108,118"
673,16:53,1,1,서울역,14,"0,5,10,20,23,30,40,50,60,70,80,90,100,110"
673,16:53,10,10,인천공항,11,"9,29,39,49,59,69,79,89,99,109,119"
673,16:53,2,2,수서,13,"7,11,21,31,41,51,61,66,71,81,91,101,111"
673,16:53,3,3,삼성,14,"2,3,12,19,22,32,42,52,62,72,82,92,102,112"
673,16:53,4,4,여의도,11,"13,33,43,44,53,63,73,83,93,103,113"
673,16:53,5,5,김포공항,12,"1,4,14,24,34,54,64,74,84,94,104,114"
673,16:53,6,6,일산,11,"15,25,35,45,55,65,75,85,95,105,115"
673,16:53,7,7,판교,11,"6,16,26,36,46,56,76,86,96,106,116"
673,16:53,8,8,동탄/용인,11,"17,27,37,47,57,67,77,87,97,107,117"
673,16:53,9,9,평택,12,"8,18,28,38,48,58,68,78,88,98,108,118"
674,16:54,1,1,서울역,14,"0,5,10,20,23,30,40,50,60,70,80,90,100,110"
674,16:54,10,10,인천공항,11,"9,29,39,49,59,69,79,89,99,109,119"
674,16:54,2,2,수서,13,"7,11,21,31,41,51,61,66,71,81,91,101,111"
674,16:54,3,3,삼성,14,"2,3,12,19,22,32,42,52,62,72,82,92,102,112"
674,16:54,4,4,여의도,11,"13,33,43,44,53,63,73,83,93,103,113"
674,16:54,5,5,김포공항,12,"1,4,14,24,34,54,64,74,84,94,104,114"
674,16:54,6,6,일산,11,"15,25,35,45,55,65,75,85,95,105,115"
674,16:54,7,7,판교,11,"6,16,26,36,46,56,76,86,96,106,116"
674,16:54,8,8,동탄/용인,11,"17,27,37,47,57,67,77,87,97,107,117"
674,16:54,9,9,평택,12,"8,18,28,38,48,58,68,78,88,98,108,118"
675,16:55,1,1,서울역,14,"0,5,10,20,23,30,40,50,60,70,80,90,100,110"
675,16:55,10,10,인천공항,11,"9,29,39,49,59,69,79,89,99,109,119"
675,16:55,2,2,수서,13,"7,11,21,31,41,51,61,66,71,81,91,101,111"
675,16:55,3,3,삼성,14,"2,3,12,19,22,32,42,52,62,72,82,92,102,112"
675,16:55,4,4,여의도,11,"13,33,43,44,53,63,73,83,93,103,113"
675,16:55,5,5,김포공항,12,"1,4,14,24,34,54,64,74,84,94,104,114"
675,16:55,6,6,일산,11,"15,25,35,45,55,65,75,85,95,105,115"
675,16:55,7,7,판교,11,"6,16,26,36,46,56,76,86,96,106,116"
675,16:55,8,8,동탄/용인,11,"17,27,37,47,57,67,77,87,97,107,117"
675,16:55,9,9,평택,12,"8,18,28,38,48,58,68,78,88,98,108,118"
676,16:56,1,1,서울역,14,"0,5,10,20,23,30,40,50,60,70,80,90,100,110"
676,16:56,10,10,인천공항,11,"9,29,39,49,59,69,79,89,99,109,119"
676,16:56,2,2,수서,13,"7,11,21,31,41,51,61,66,71,81,91,101,111"
676,16:56,3,3,삼성,14,"2,3,12,19,22,32,42,52,62,72,82,92,102,112"
676,16:56,4,4,여의도,11,"13,33,43,44,53,63,73,83,93,103,113"
676,16:56,5,5,김포공항,12,"1,4,14,24,34,54,64,74,84,94,104,114"
676,16:56,6,6,일산,11,"15,25,35,45,55,65,75,85,95,105,115"
676,16:56,7,7,판교,11,"6,16,26,36,46,56,76,86,96,106,116"
676,16:56,8,8,동탄/용인,11,"17,27,37,47,57,67,77,87,97,107,117"
676,16:56,9,9,평택,12,"8,18,28,38,48,58,68,78,88,98,108,118"
677,16:57,1,1,서울역,14,"0,5,10,20,23,30,40,50,60,70,80,90,100,110"
677,16:57,10,10,인천공항,11,"9,29,39,49,59,69,79,89,99,109,119"
677,16:57,2,2,수서,13,"7,11,21,31,41,51,61,66,71,81,91,101,111"
677,16:57,3,3,삼성,14,"2,3,12,19,22,32,42,52,62,72,82,92,102,112"
677,16:57,4,4,여의도,11,"13,33,43,44,53,63,73,83,93,103,113"
677,16:57,5,5,김포공항,12,"1,4,14,24,34,54,64,74,84,94,104,114"
677,16:57,6,6,일산,11,"15,25,35,45,55,65,75,85,95,105,115"
677,16:57,7,7,판교,11,"6,16,26,36,46,56,76,86,96,106,116"
677,16:57,8,8,동탄/용인,11,"17,27,37,47,57,67,77,87,97,107,117"
677,16:57,9,9,평택,12,"8,18,28,38,48,58,68,78,88,98,108,118"
678,16:58,1,1,서울역,14,"0,5,10,20,23,30,40,50,60,70,80,90,100,110"
678,16:58,10,10,인천공항,11,"9,29,39,49,59,69,79,89,99,109,119"
678,16:58,2,2,수서,13,"7,11,21,31,41,51,61,66,71,81,91,101,111"
678,16:58,3,3,삼성,14,"2,3,12,19,22,32,42,52,62,72,82,92,102,112"
678,16:58,4,4,여의도,11,"13,33,43,44,53,63,73,83,93,103,113"
678,16:58,5,5,김포공항,12,"1,4,14,24,34,54,64,74,84,94,104,114"
678,16:58,6,6,일산,11,"15,25,35,45,55,65,75,85,95,105,115"
678,16:58,7,7,판교,11,"6,16,26,36,46,56,76,86,96,106,116"
678,16:58,8,8,동탄/용인,11,"17,27,37,47,57,67,77,87,97,107,117"
678,16:58,9,9,평택,12,"8,18,28,38,48,58,68,78,88,98,108,118"
679,16:59,1,1,서울역,14,"0,5,10,20,23,30,40,50,60,70,80,90,100,110"
679,16:59,10,10,인천공항,11,"9,29,39,49,59,69,79,89,99,109,119"
679,16:59,2,2,수서,13,"7,11,21,31,41,51,61,66,71,81,91,101,111"
679,16:59,3,3,삼성,14,"2,3,12,19,22,32,42,52,62,72,82,92,102,112"
679,16:59,4,4,여의도,11,"13,33,43,44,53,63,73,83,93,103,113"
679,16:59,5,5,김포공항,12,"1,4,14,24,34,54,64,74,84,94,104,114"
679,16:59,6,6,일산,11,"15,25,35,45,55,65,75,85,95,105,115"
679,16:59,7,7,판교,11,"6,16,26,36,46,56,76,86,96,106,116"
679,16:59,8,8,동탄/용인,11,"17,27,37,47,57,67,77,87,97,107,117"
679,16:59,9,9,평택,12,"8,18,28,38,48,58,68,78,88,98,108,118"
680,17:00,1,1,서울역,14,"0,5,10,20,23,30,40,50,60,70,80,90,100,110"
680,17:00,10,10,인천공항,11,"9,29,39,49,59,69,79,89,99,109,119"
680,17:00,2,2,수서,12,"7,11,21,31,51,61,66,71,81,91,101,111"
680,17:00,3,3,삼성,14,"2,3,12,19,22,32,42,52,62,72,82,92,102,112"
680,17:00,4,4,여의도,10,"13,33,43,53,63,73,83,93,103,113"
680,17:00,5,5,김포공항,12,"1,4,14,24,34,54,64,74,84,94,104,114"
680,17:00,6,6,일산,11,"15,25,35,45,55,65,75,85,95,105,115"
680,17:00,7,7,판교,10,"6,16,26,36,56,76,86,96,106,116"
680,17:00,8,8,동탄/용인,11,"17,27,37,47,57,67,77,87,97,107,117"
680,17:00,9,9,평택,12,"8,18,28,38,48,58,68,78,88,98,108,118"
681,17:01,1,1,서울역,14,"0,5,10,20,23,30,40,50,60,70,80,90,100,110"
681,17:01,10,10,인천공항,11,"9,29,39,49,59,69,79,89,99,109,119"
681,17:01,2,2,수서,12,"7,11,21,31,51,61,66,71,81,91,101,111"
681,17:01,3,3,삼성,13,"2,3,12,19,22,32,42,62,72,82,92,102,112"
681,17:01,4,4,여의도,10,"13,33,43,53,63,73,83,93,103,113"
681,17:01,5,5,김포공항,12,"1,4,14,24,34,54,64,74,84,94,104,114"
681,17:01,6,6,일산,11,"15,25,35,45,55,65,75,85,95,105,115"
681,17:01,7,7,판교,10,"6,16,26,36,56,76,86,96,106,116"
681,17:01,8,8,동탄/용인,11,"17,27,37,47,57,67,77,87,97,107,117"
681,17:01,9,9,평택,12,"8,18,28,38,48,58,68,78,88,98,108,118"
682,17:02,1,1,서울역,14,"0,5,10,20,23,30,40,50,60,70,80,90,100,110"
682,17:02,10,10,인천공항,11,"9,29,39,49,59,69,79,89,99,109,119"
682,17:02,2,2,수서,12,"7,11,21,31,51,61,66,71,81,91,101,111"
682,17:02,3,3,삼성,13,"2,3,12,19,22,32,42,62,72,82,92,102,112"
682,17:02,4,4,여의도,10,"13,33,43,53,63,73,83,93,103,113"
682,17:02,5,5,김포공항,12,"1,4,14,24,34,54,64,74,84,94,104,114"
682,17:02,6,6,일산,11,"15,25,35,45,55,65,75,85,95,105,115"
682,17:02,7,7,판교,10,"6,16,26,36,56,76,86,96,106,116"
682,17:02,8,8,동탄/용인,11,"17,27,37,47,57,67,77,87,97,107,117"
682,17:02,9,9,평택,12,"8,18,28,38,48,58,68,78,88,98,108,118"
683,17:03,1,1,서울역,12,"0,5,10,23,40,50,60,70,80,90,100,110"
683,17:03,10,10,인천공항,11,"9,29,39,49,59,69,79,89,99,109,119"
683,17:03,2,2,수서,12,"7,11,21,31,51,61,66,71,81,91,101,111"
683,17:03,3,3,삼성,13,"2,3,12,19,22,32,42,62,72,82,92,102,112"
683,17:03,4,4,여의도,8,"13,33,43,73,83,93,103,113"
683,17:03,5,5,김포공항,12,"1,4,14,24,34,54,64,74,84,94,104,114"
683,17:03,6,6,일산,11,"15,25,35,45,55,65,75,85,95,105,115"
683,17:03,7,7,판교,8,"6,16,26,36,86,96,106,116"
683,17:03,8,8,동탄/용인,11,"17,27,37,47,57,67,77,87,97,107,117"
683,17:03,9,9,평택,12,"8,18,28,38,48,58,68,78,88,98,108,118"
684,17:04,1,1,서울역,13,"0,5,10,23,40,44,50,60,70,80,90,100,110"
684,17:04,10,10,인천공항,11,"9,29,39,49,59,69,79,89,99,109,119"
684,17:04,2,2,수서,13,"7,11,21,31,51,52,61,66,71,81,91,101,111"
684,17:04,3,3,삼성,13,"2,3,12,19,22,32,42,62,72,82,92,102,112"
684,17:04,4,4,여의도,8,"13,33,43,73,83,93,103,113"
684,17:04,5,5,김포공항,12,"1,4,14,24,34,54,64,74,84,94,104,114"
684,17:04,6,6,일산,11,"15,25,35,45,55,65,75,85,95,105,115"
684,17:04,7,7,판교,8,"6,16,26,36,86,96,106,116"
684,17:04,8,8,동탄/용인,11,"17,27,37,47,57,67,77,87,97,107,117"
684,17:04,9,9,평택,12,"8,18,28,38,48,58,68,78,88,98,108,118"
685,17:05,1,1,서울역,13,"0,5,10,23,40,44,50,60,70,80,90,100,110"
685,17:05,10,10,인천공항,11,"9,29,39,49,59,69,79,89,99,109,119"
685,17:05,2,2,수서,13,"7,11,21,31,51,52,61,66,71,81,91,101,111"
685,17:05,3,3,삼성,13,"2,3,12,19,22,32,42,62,72,82,92,102,112"
685,17:05,4,4,여의도,8,"13,33,43,73,83,93,103,113"
685,17:05,5,5,김포공항,12,"1,4,14,24,34,54,64,74,84,94,104,114"
685,17:05,6,6,일산,11,"15,25,35,45,55,65,75,85,95,105,115"
685,17:05,7,7,판교,8,"6,16,26,36,86,96,106,116"
685,17:05,8,8,동탄/용인,11,"17,27,37,47,57,67,77,87,97,107,117"
685,17:05,9,9,평택,12,"8,18,28,38,48,58,68,78,88,98,108,118"
686,17:06,1,1,서울역,10,"0,5,10,40,44,60,70,90,100,110"
686,17:06,10,10,인천공항,11,"9,29,39,49,59,69,79,89,99,109,119"
686,17:06,2,2,수서,12,"11,21,31,51,52,61,66,71,81,91,101,111"
686,17:06,3,3,삼성,12,"2,12,19,22,32,42,62,72,82,92,102,112"
686,17:06,4,4,여의도,8,"13,33,43,73,83,93,103,113"
686,17:06,5,5,김포공항,12,"1,4,14,24,34,54,64,74,84,94,104,114"
686,17:06,6,6,일산,11,"15,25,35,45,55,65,75,85,95,105,115"
686,17:06,7,7,판교,6,"16,36,86,96,106,116"
686,17:06,8,8,동탄/용인,11,"17,27,37,47,57,67,77,87,97,107,117"
686,17:06,9,9,평택,12,"8,18,28,38,48,58,68,78,88,98,108,118"
687,17:07,1,1,서울역,9,"0,5,10,41,60,70,90,100,110"
687,17:07,10,10,인천공항,11,"9,29,39,49,59,69,79,89,99,109,119"
687,17:07,2,2,수서,11,"11,21,31,51,61,66,71,81,91,101,111"
687,17:07,3,3,삼성,11,"12,19,22,32,42,62,72,82,92,102,112"
687,17:07,4,4,여의도,8,"33,43,46,73,83,93,103,113"
687,17:07,5,5,김포공항,12,"1,4,14,24,34,54,64,74,84,94,104,114"
687,17:07,6,6,일산,11,"15,25,35,45,55,65,75,85,95,105,115"
687,17:07,7,7,판교,6,"16,36,86,96,106,116"
687,17:07,8,8,동탄/용인,11,"17,27,37,47,57,67,77,87,97,107,117"
687,17:07,9,9,평택,11,"8,28,38,48,58,68,78,88,98,108,118"
688,17:08,1,1,서울역,9,"0,5,10,41,60,70,90,100,110"
688,17:08,10,10,인천공항,11,"9,29,39,49,59,69,79,89,99,109,119"
688,17:08,2,2,수서,11,"11,21,31,51,61,66,71,81,91,101,111"
688,17:08,3,3,삼성,10,"19,22,32,42,62,72,82,92,102,112"
688,17:08,4,4,여의도,8,"33,43,46,73,83,93,103,113"
688,17:08,5,5,김포공항,12,"1,4,14,24,34,54,64,74,84,94,104,114"
688,17:08,6,6,일산,11,"15,25,35,45,55,65,75,85,95,105,115"
688,17:08,7,7,판교,6,"16,36,86,96,106,116"
688,17:08,8,8,동탄/용인,11,"17,27,37,47,57,67,77,87,97,107,117"
688,17:08,9,9,평택,11,"8,28,38,48,58,68,78,88,98,108,118"
689,17:09,1,1,서울역,9,"0,5,10,41,60,70,90,100,110"
689,17:09,10,10,인천공항,11,"9,29,39,49,59,69,79,89,99,109,119"
689,17:09,2,2,수서,13,"11,21,31,51,53,61,63,66,71,81,91,101,111"
689,17:09,3,3,삼성,10,"19,22,32,42,62,72,82,92,102,112"
689,17:09,4,4,여의도,6,"43,46,83,93,103,113"
689,17:09,5,5,김포공항,12,"1,4,14,24,34,54,64,74,84,94,104,114"
689,17:09,6,6,일산,10,"15,35,45,55,65,75,85,95,105,115"
689,17:09,7,7,판교,6,"16,36,86,96,106,116"
689,17:09,8,8,동탄/용인,11,"17,27,37,47,57,67,77,87,97,107,117"
689,17:09,9,9,평택,11,"8,28,38,48,58,68,78,88,98,108,118"
690,17:10,1,1,서울역,9,"0,5,10,60,70,76,90,100,110"
690,17:10,10,10,인천공항,10,"29,39,49,59,69,79,89,99,109,119"
690,17:10,2,2,수서,13,"11,21,31,51,53,61,63,66,71,81,91,101,111"
690,17:10,3,3,삼성,10,"19,22,32,42,62,72,82,92,102,112"
690,17:10,4,4,여의도,7,"43,56,80,83,93,103,113"
690,17:10,5,5,김포공항,12,"1,4,14,24,34,54,64,74,84,94,104,114"
690,17:10,6,6,일산,11,"15,20,35,45,55,65,75,85,95,105,115"
690,17:10,7,7,판교,6,"16,36,86,96,106,116"
690,17:10,8,8,동탄/용인,11,"17,27,37,47,57,67,77,87,97,107,117"
690,17:10,9,9,평택,11,"8,28,38,48,58,68,78,88,98,108,118"
691,17:11,1,1,서울역,9,"0,5,10,60,70,76,90,100,110"
691,17:11,10,10,인천공항,10,"29,39,49,59,69,79,89,99,109,119"
691,17:11,2,2,수서,13,"11,21,31,51,53,61,63,66,71,81,91,101,111"
691,17:11,3,3,삼성,9,"19,22,32,42,62,82,92,102,112"
691,17:11,4,4,여의도,7,"43,56,80,83,93,103,113"
691,17:11,5,5,김포공항,13,"1,4,14,24,30,34,54,64,74,84,94,104,114"
691,17:11,6,6,일산,11,"15,20,35,45,55,65,75,85,95,105,115"
691,17:11,7,7,판교,6,"16,36,86,96,106,116"
691,17:11,8,8,동탄/용인,11,"17,27,37,47,57,67,77,87,97,107,117"
691,17:11,9,9,평택,11,"8,28,38,48,58,68,78,88,98,108,118"
692,17:12,1,1,서울역,9,"0,5,10,60,70,76,90,100,110"
692,17:12,10,10,인천공항,10,"29,39,49,59,69,79,89,99,109,119"
692,17:12,2,2,수서,12,"11,21,31,51,53,61,63,71,81,91,101,111"
692,17:12,3,3,삼성,8,"19,42,50,62,82,92,102,112"
692,17:12,4,4,여의도,7,"43,56,80,83,93,103,113"
692,17:12,5,5,김포공항,13,"1,4,14,24,30,34,54,64,74,84,94,104,114"
692,17:12,6,6,일산,11,"15,20,35,45,55,65,75,85,95,105,115"
692,17:12,7,7,판교,6,"16,36,86,96,106,116"
692,17:12,8,8,동탄/용인,11,"17,27,37,47,57,67,77,87,97,107,117"
692,17:12,9,9,평택,11,"8,28,38,48,58,68,78,88,98,108,118"
693,17:13,1,1,서울역,8,"2,5,10,60,76,90,100,110"
693,17:13,10,10,인천공항,10,"29,39,49,59,69,79,89,99,109,119"
693,17:13,2,2,수서,11,"11,21,31,51,53,63,71,81,91,101,111"
693,17:13,3,3,삼성,9,"19,42,44,50,62,82,92,102,112"
693,17:13,4,4,여의도,10,"3,6,26,43,52,56,83,93,103,113"
693,17:13,5,5,김포공항,13,"1,4,14,24,30,34,54,64,74,84,94,104,114"
693,17:13,6,6,일산,11,"15,20,35,45,55,65,75,85,95,105,115"
693,17:13,7,7,판교,6,"16,36,86,96,106,116"
693,17:13,8,8,동탄/용인,11,"17,27,37,47,57,67,77,87,97,107,117"
693,17:13,9,9,평택,10,"28,38,48,58,68,78,88,98,108,118"
694,17:14,1,1,서울역,8,"2,5,10,60,76,90,100,110"
694,17:14,10,10,인천공항,10,"29,39,49,59,69,79,89,99,109,119"
694,17:14,2,2,수서,11,"11,21,31,51,53,63,71,81,91,101,111"
694,17:14,3,3,삼성,10,"13,19,42,44,50,62,82,92,102,112"
694,17:14,4,4,여의도,9,"3,6,26,43,52,56,93,103,113"
694,17:14,5,5,김포공항,15,"1,4,7,14,23,24,30,34,54,64,74,84,94,104,114"
694,17:14,6,6,일산,11,"15,20,35,45,55,65,75,85,95,105,115"
694,17:14,7,7,판교,6,"16,36,86,96,106,116"
694,17:14,8,8,동탄/용인,11,"17,27,37,47,57,67,77,87,97,107,117"
694,17:14,9,9,평택,10,"28,38,48,58,68,78,88,98,108,118"
695,17:15,1,1,서울역,7,"2,5,10,76,90,100,110"
695,17:15,10,10,인천공항,10,"29,39,49,59,69,79,89,99,109,119"
695,17:15,2,2,수서,12,"11,21,31,33,53,63,71,73,81,91,101,111"
695,17:15,3,3,삼성,10,"13,19,42,44,50,62,66,92,102,112"
695,17:15,4,4,여의도,9,"3,6,26,43,52,56,93,103,113"
695,17:15,5,5,김포공항,16,"1,4,7,14,23,24,30,34,40,54,64,74,84,94,104,114"
695,17:15,6,6,일산,10,"20,35,45,55,65,75,85,95,105,115"
695,17:15,7,7,판교,5,"16,86,96,106,116"
695,17:15,8,8,동탄/용인,11,"17,27,37,47,57,67,77,87,97,107,117"
695,17:15,9,9,평택,10,"28,38,48,58,68,78,88,98,108,118"
696,17:16,1,1,서울역,7,"2,5,10,25,90,100,110"
696,17:16,10,10,인천공항,10,"29,39,49,59,69,79,89,99,109,119"
696,17:16,2,2,수서,13,"11,21,31,33,46,53,63,71,73,81,91,101,111"
696,17:16,3,3,삼성,10,"13,19,42,44,50,62,66,92,102,112"
696,17:16,4,4,여의도,9,"3,6,26,43,52,56,93,103,113"
696,17:16,5,5,김포공항,16,"1,4,7,14,23,24,30,34,40,54,64,74,84,94,104,114"
696,17:16,6,6,일산,10,"20,35,45,55,65,75,85,95,105,115"
696,17:16,7,7,판교,5,"16,86,96,106,116"
696,17:16,8,8,동탄/용인,11,"17,27,37,47,57,67,77,87,97,107,117"
696,17:16,9,9,평택,10,"28,38,48,58,68,78,88,98,108,118"
697,17:17,1,1,서울역,7,"2,5,10,25,90,100,110"
697,17:17,10,10,인천공항,10,"29,39,49,59,69,79,89,99,109,119"
697,17:17,2,2,수서,13,"11,21,31,33,46,53,63,71,73,81,91,101,111"
697,17:17,3,3,삼성,10,"13,19,42,44,50,62,66,92,102,112"
697,17:17,4,4,여의도,9,"3,6,26,43,52,56,93,103,113"
697,17:17,5,5,김포공항,16,"1,4,7,14,23,24,30,34,40,54,64,74,84,94,104,114"
697,17:17,6,6,일산,10,"20,35,45,55,65,75,85,95,105,115"
697,17:17,7,7,판교,6,"16,41,86,96,106,116"
697,17:17,8,8,동탄/용인,11,"17,27,37,47,57,67,77,87,97,107,117"
697,17:17,9,9,평택,10,"28,38,48,58,68,78,88,98,108,118"
698,17:18,1,1,서울역,8,"2,5,10,22,25,90,100,110"
698,17:18,10,10,인천공항,10,"29,39,49,59,69,79,89,99,109,119"
698,17:18,2,2,수서,12,"11,21,31,33,46,63,71,73,81,91,101,111"
698,17:18,3,3,삼성,8,"13,19,42,44,62,92,102,112"
698,17:18,4,4,여의도,9,"3,6,26,43,52,56,93,103,113"
698,17:18,5,5,김포공항,16,"1,4,7,14,23,24,30,34,40,54,64,74,84,94,104,114"
698,17:18,6,6,일산,10,"20,35,45,55,65,75,85,95,105,115"
698,17:18,7,7,판교,6,"16,41,86,96,106,116"
698,17:18,8,8,동탄/용인,11,"17,27,37,47,57,67,77,87,97,107,117"
698,17:18,9,9,평택,10,"28,38,48,58,68,78,88,98,108,118"
699,17:19,1,1,서울역,8,"2,5,10,22,25,90,100,110"
699,17:19,10,10,인천공항,10,"29,39,49,59,69,79,89,99,109,119"
699,17:19,2,2,수서,12,"11,21,31,33,46,63,71,73,81,91,101,111"
699,17:19,3,3,삼성,7,"13,19,42,44,62,102,112"
699,17:19,4,4,여의도,8,"3,6,26,43,52,93,103,113"
699,17:19,5,5,김포공항,17,"1,4,7,14,23,24,30,34,40,54,64,72,74,84,94,104,114"
699,17:19,6,6,일산,10,"20,35,45,55,65,75,85,95,105,115"
699,17:19,7,7,판교,6,"16,41,86,96,106,116"
699,17:19,8,8,동탄/용인,11,"17,27,37,47,57,67,77,87,97,107,117"
699,17:19,9,9,평택,10,"28,38,48,58,68,78,88,98,108,118"
700,17:20,1,1,서울역,7,"2,5,10,22,25,61,100"
700,17:20,10,10,인천공항,10,"29,39,49,59,69,79,89,99,109,119"
700,17:20,2,2,수서,12,"11,21,31,33,46,63,71,73,81,83,101,111"
700,17:20,3,3,삼성,6,"19,42,44,62,102,112"
700,17:20,4,4,여의도,7,"3,6,26,43,52,103,113"
700,17:20,5,5,김포공항,17,"1,4,7,14,23,24,30,34,40,54,64,72,74,84,94,104,114"
700,17:20,6,6,일산,10,"20,35,45,55,65,75,85,95,105,115"
700,17:20,7,7,판교,7,"0,16,80,86,96,106,116"
700,17:20,8,8,동탄/용인,11,"17,27,37,47,57,67,77,87,97,107,117"
700,17:20,9,9,평택,10,"28,38,48,58,68,78,88,98,108,118"
701,17:21,1,1,서울역,6,"2,5,10,25,61,100"
701,17:21,10,10,인천공항,10,"29,39,49,59,69,79,89,99,109,119"
701,17:21,2,2,수서,12,"11,21,31,33,46,63,71,73,81,83,101,111"
701,17:21,3,3,삼성,7,"19,42,44,60,62,102,112"
701,17:21,4,4,여의도,7,"3,6,26,51,52,103,113"
701,17:21,5,5,김포공항,18,"1,4,7,14,23,24,30,34,40,54,64,70,72,74,84,94,104,114"
701,17:21,6,6,일산,10,"20,35,45,55,65,75,85,95,105,115"
701,17:21,7,7,판교,7,"0,16,80,86,96,106,116"
701,17:21,8,8,동탄/용인,11,"17,27,37,47,57,67,77,87,97,107,117"
701,17:21,9,9,평택,10,"28,38,48,58,68,78,88,98,108,118"
702,17:22,1,1,서울역,5,"2,5,25,61,100"
702,17:22,10,10,인천공항,10,"29,39,49,59,69,79,89,99,109,119"
702,17:22,2,2,수서,12,"11,21,31,33,46,63,71,73,81,83,101,111"
702,17:22,3,3,삼성,8,"19,42,44,60,62,76,102,112"
702,17:22,4,4,여의도,9,"3,6,9,18,36,51,52,103,113"
702,17:22,5,5,김포공항,18,"1,4,7,14,23,24,30,34,40,54,64,70,72,74,84,94,104,114"
702,17:22,6,6,일산,9,"20,35,55,65,75,85,95,105,115"
702,17:22,7,7,판교,7,"0,16,80,86,96,106,116"
702,17:22,8,8,동탄/용인,11,"17,27,37,47,57,67,77,87,97,107,117"
702,17:22,9,9,평택,10,"28,38,48,58,68,78,88,98,108,118"
703,17:23,1,1,서울역,5,"2,5,25,61,100"
703,17:23,10,10,인천공항,11,"12,29,39,49,59,69,79,89,99,109,119"
703,17:23,2,2,수서,11,"11,21,31,33,46,63,71,73,81,101,111"
703,17:23,3,3,삼성,6,"44,60,62,76,102,112"
703,17:23,4,4,여의도,9,"3,6,9,18,36,51,52,103,113"
703,17:23,5,5,김포공항,19,"1,4,7,14,23,24,30,34,40,54,64,70,72,74,82,84,94,104,114"
703,17:23,6,6,일산,8,"20,55,65,75,85,95,105,115"
703,17:23,7,7,판교,6,"0,16,80,96,106,116"
703,17:23,8,8,동탄/용인,11,"17,27,37,47,57,67,77,87,97,107,117"
703,17:23,9,9,평택,10,"28,38,48,58,68,78,88,98,108,118"
704,17:24,1,1,서울역,6,"2,5,25,61,66,100"
704,17:24,10,10,인천공항,11,"12,29,39,49,59,69,79,89,99,109,119"
704,17:24,2,2,수서,9,"21,31,46,63,71,73,81,101,111"
704,17:24,3,3,삼성,4,"44,62,76,112"
704,17:24,4,4,여의도,9,"3,6,9,18,36,51,52,103,113"
704,17:24,5,5,김포공항,19,"1,4,7,14,23,24,30,34,40,54,64,70,72,74,82,84,94,104,114"
704,17:24,6,6,일산,8,"20,55,65,75,85,95,105,115"
704,17:24,7,7,판교,6,"0,16,80,96,106,116"
704,17:24,8,8,동탄/용인,11,"17,27,37,47,57,67,77,87,97,107,117"
704,17:24,9,9,평택,10,"28,38,48,58,68,78,88,98,108,118"
705,17:25,1,1,서울역,5,"5,25,61,66,100"
705,17:25,10,10,인천공항,11,"12,29,39,49,59,69,79,89,99,109,119"
705,17:25,2,2,수서,10,"21,31,46,56,63,71,73,81,101,111"
705,17:25,3,3,삼성,4,"44,62,76,112"
705,17:25,4,4,여의도,10,"3,6,9,18,22,36,51,52,103,113"
705,17:25,5,5,김포공항,18,"1,4,7,14,23,24,30,34,40,54,64,70,74,82,84,94,104,114"
705,17:25,6,6,일산,7,"55,65,75,85,95,105,115"
705,17:25,7,7,판교,6,"0,16,80,96,106,116"
705,17:25,8,8,동탄/용인,11,"17,27,37,47,57,67,77,87,97,107,117"
705,17:25,9,9,평택,10,"28,38,48,58,68,78,88,98,108,118"
706,17:26,1,1,서울역,6,"5,13,25,61,66,100"
706,17:26,10,10,인천공항,11,"12,29,39,49,59,69,79,89,99,109,119"
706,17:26,2,2,수서,10,"21,41,46,56,71,73,81,93,101,111"
706,17:26,3,3,삼성,6,"44,62,76,83,110,112"
706,17:26,4,4,여의도,9,"3,6,9,18,22,36,51,103,113"
706,17:26,5,5,김포공항,18,"4,7,14,23,24,30,34,40,53,54,64,70,74,82,84,94,104,114"
706,17:26,6,6,일산,7,"55,65,75,85,95,105,115"
706,17:26,7,7,판교,4,"16,91,106,116"
706,17:26,8,8,동탄/용인,11,"17,27,37,47,57,67,77,87,97,107,117"
706,17:26,9,9,평택,10,"28,38,48,58,68,78,88,98,108,118"
707,17:27,1,1,서울역,4,"5,13,25,61"
707,17:27,10,10,인천공항,12,"12,29,32,39,49,59,69,79,89,99,109,119"
707,17:27,2,2,수서,13,"21,41,43,46,56,60,71,73,81,90,93,101,111"
707,17:27,3,3,삼성,6,"44,62,76,83,110,112"
707,17:27,4,4,여의도,8,"3,6,9,18,22,36,103,113"
707,17:27,5,5,김포공항,19,"4,7,14,23,24,30,34,40,53,54,64,70,74,82,84,92,94,104,114"
707,17:27,6,6,일산,7,"55,65,75,85,95,105,115"
707,17:27,7,7,판교,5,"15,16,91,106,116"
707,17:27,8,8,동탄/용인,11,"17,27,37,47,57,67,77,87,97,107,117"
707,17:27,9,9,평택,10,"28,38,48,58,68,78,88,98,108,118"
708,17:28,1,1,서울역,4,"5,13,25,61"
708,17:28,10,10,인천공항,12,"12,29,32,39,49,59,69,79,89,99,109,119"
708,17:28,2,2,수서,13,"21,41,43,46,56,60,71,73,81,90,93,101,111"
708,17:28,3,3,삼성,5,"62,76,83,110,112"
708,17:28,4,4,여의도,7,"3,8,18,22,36,103,113"
708,17:28,5,5,김포공항,19,"4,7,14,23,24,30,34,40,53,54,64,70,74,82,84,92,94,104,114"
708,17:28,6,6,일산,7,"55,65,75,85,95,105,115"
708,17:28,7,7,판교,4,"15,16,91,116"
708,17:28,8,8,동탄/용인,11,"17,27,37,47,57,67,77,87,97,107,117"
708,17:28,9,9,평택,10,"28,38,48,58,68,78,88,98,108,118"
709,17:29,1,1,서울역,4,"5,13,25,45"
709,17:29,10,10,인천공항,12,"12,29,32,39,49,59,69,79,89,99,109,119"
709,17:29,2,2,수서,10,"41,43,56,60,71,73,81,90,93,101"
709,17:29,3,3,삼성,4,"62,76,83,112"
709,17:29,4,4,여의도,7,"3,8,18,22,36,103,113"
709,17:29,5,5,김포공항,18,"4,7,14,23,24,30,34,40,53,54,64,70,74,84,92,94,104,114"
709,17:29,6,6,일산,7,"55,65,75,85,95,105,115"
709,17:29,7,7,판교,4,"15,16,26,116"
709,17:29,8,8,동탄/용인,11,"17,27,37,47,57,67,77,87,97,107,117"
709,17:29,9,9,평택,10,"28,38,48,58,68,78,88,98,108,118"
710,17:30,1,1,서울역,6,"5,13,25,35,45,86"
710,17:30,10,10,인천공항,12,"12,29,32,39,49,59,69,79,89,99,109,119"
710,17:30,2,2,수서,9,"43,56,60,71,73,81,90,93,101"
710,17:30,3,3,삼성,3,"76,83,112"
710,17:30,4,4,여의도,10,"3,8,11,18,22,33,36,42,103,113"
710,17:30,5,5,김포공항,19,"4,7,10,14,23,24,30,34,40,53,54,64,70,74,84,92,94,104,114"
710,17:30,6,6,일산,7,"55,65,75,85,95,105,115"
710,17:30,7,7,판교,4,"15,16,26,116"
710,17:30,8,8,동탄/용인,11,"17,27,37,47,57,67,77,87,97,107,117"
710,17:30,9,9,평택,10,"28,38,48,58,68,78,88,98,108,118"
711,17:31,1,1,서울역,6,"5,13,25,35,45,86"
711,17:31,10,10,인천공항,12,"12,29,32,39,49,59,69,79,89,99,109,119"
711,17:31,2,2,수서,9,"43,44,56,60,73,81,90,93,101"
711,17:31,3,3,삼성,2,"83,112"
711,17:31,4,4,여의도,10,"3,8,11,18,33,36,42,66,103,113"
711,17:31,5,5,김포공항,20,"4,7,10,14,19,23,24,30,34,40,53,54,64,70,74,84,92,94,104,114"
711,17:31,6,6,일산,7,"55,65,75,85,95,105,115"
711,17:31,7,7,판교,3,"15,26,116"
711,17:31,8,8,동탄/용인,11,"17,27,37,47,57,67,77,87,97,107,117"
711,17:31,9,9,평택,10,"28,38,48,58,68,78,88,98,108,118"
712,17:32,1,1,서울역,6,"5,13,20,25,35,86"
712,17:32,10,10,인천공항,12,"12,29,32,39,49,59,69,79,89,99,109,119"
712,17:32,2,2,수서,9,"43,44,56,60,73,81,90,93,101"
712,17:32,3,3,삼성,2,"83,112"
712,17:32,4,4,여의도,11,"3,8,11,18,31,33,42,63,66,103,113"
712,17:32,5,5,김포공항,21,"4,7,10,14,19,23,24,30,34,40,53,54,64,70,74,84,92,94,102,104,114"
712,17:32,6,6,일산,7,"55,65,75,85,95,105,115"
712,17:32,7,7,판교,3,"15,26,116"
712,17:32,8,8,동탄/용인,11,"17,27,37,47,57,67,77,87,97,107,117"
712,17:32,9,9,평택,10,"28,38,48,58,68,78,88,98,108,118"
713,17:33,1,1,서울역,6,"5,13,20,25,86,96"
713,17:33,10,10,인천공항,12,"12,29,39,49,50,59,69,79,89,99,109,119"
713,17:33,2,2,수서,10,"43,44,51,56,60,73,81,90,93,101"
713,17:33,3,3,삼성,5,"41,72,80,83,112"
713,17:33,4,4,여의도,11,"0,3,8,11,18,31,33,42,63,66,113"
713,17:33,5,5,김포공항,20,"4,7,10,14,19,23,24,30,34,40,53,54,64,70,74,84,94,102,104,114"
713,17:33,6,6,일산,7,"55,65,75,85,95,105,115"
713,17:33,7,7,판교,4,"15,26,52,116"
713,17:33,8,8,동탄/용인,11,"17,27,37,47,57,67,77,87,97,107,117"
713,17:33,9,9,평택,10,"28,38,48,58,68,78,88,98,108,118"
714,17:34,1,1,서울역,5,"13,20,25,86,96"
714,17:34,10,10,인천공항,12,"12,29,39,49,50,59,69,79,89,99,109,119"
714,17:34,2,2,수서,8,"43,51,56,60,81,90,93,101"
714,17:34,3,3,삼성,6,"1,41,72,80,83,112"
714,17:34,4,4,여의도,10,"0,3,11,18,31,33,42,63,66,113"
714,17:34,5,5,김포공항,20,"4,7,10,14,19,23,24,30,34,40,53,54,64,70,74,84,94,102,104,114"
714,17:34,6,6,일산,7,"55,65,75,85,95,105,115"
714,17:34,7,7,판교,5,"15,26,52,100,116"
714,17:34,8,8,동탄/용인,11,"17,27,37,47,57,67,77,87,97,107,117"
714,17:34,9,9,평택,10,"28,38,48,58,68,78,88,98,108,118"
715,17:35,1,1,서울역,5,"20,25,86,96,106"
715,17:35,10,10,인천공항,12,"12,29,39,49,50,59,69,79,89,99,109,119"
715,17:35,2,2,수서,7,"43,51,56,60,81,90,101"
715,17:35,3,3,삼성,7,"1,9,41,72,80,83,112"
715,17:35,4,4,여의도,11,"0,3,11,18,21,31,33,42,63,66,113"
715,17:35,5,5,김포공항,19,"4,7,10,14,19,23,24,30,34,40,53,54,64,70,74,84,94,104,114"
715,17:35,6,6,일산,7,"55,65,75,85,95,105,115"
715,17:35,7,7,판교,5,"6,15,26,52,100"
715,17:35,8,8,동탄/용인,11,"17,27,37,47,57,67,77,87,97,107,117"
715,17:35,9,9,평택,10,"28,38,48,58,68,78,88,98,108,118"
716,17:36,1,1,서울역,6,"20,25,46,96,106,111"
716,17:36,10,10,인천공항,11,"12,29,39,49,59,69,79,89,99,109,119"
716,17:36,2,2,수서,6,"51,56,60,81,90,101"
716,17:36,3,3,삼성,6,"1,9,72,80,83,112"
716,17:36,4,4,여의도,10,"0,11,18,21,31,42,63,66,91,113"
716,17:36,5,5,김포공항,19,"4,7,10,14,19,23,24,30,34,40,53,54,64,70,74,84,94,104,114"
716,17:36,6,6,일산,7,"55,65,75,85,95,105,115"
716,17:36,7,7,판교,5,"6,15,26,52,100"
716,17:36,8,8,동탄/용인,11,"17,27,37,47,57,67,77,87,97,107,117"
716,17:36,9,9,평택,10,"28,38,48,58,68,78,88,98,108,118"
717,17:37,1,1,서울역,6,"20,25,46,96,106,111"
717,17:37,10,10,인천공항,11,"12,29,39,49,59,69,79,89,99,109,119"
717,17:37,2,2,수서,6,"22,51,60,81,90,101"
717,17:37,3,3,삼성,7,"1,9,72,80,82,83,112"
717,17:37,4,4,여의도,11,"0,11,18,21,31,42,62,63,71,91,113"
717,17:37,5,5,김포공항,20,"4,7,10,14,19,23,24,30,34,40,53,54,64,70,74,84,94,104,110,114"
717,17:37,6,6,일산,7,"55,65,75,85,95,105,115"
717,17:37,7,7,판교,5,"6,15,26,52,100"
717,17:37,8,8,동탄/용인,11,"17,27,37,47,57,67,77,87,97,107,117"
717,17:37,9,9,평택,10,"28,38,48,58,68,78,88,98,108,118"
718,17:38,1,1,서울역,6,"20,25,46,96,106,111"
718,17:38,10,10,인천공항,12,"2,12,29,39,49,59,69,79,89,99,109,119"
718,17:38,2,2,수서,6,"22,51,60,81,90,101"
718,17:38,3,3,삼성,9,"1,9,45,72,80,82,83,93,112"
718,17:38,4,4,여의도,13,"0,11,16,18,21,31,42,62,63,71,76,91,113"
718,17:38,5,5,김포공항,20,"4,7,10,14,19,23,24,30,34,40,53,54,64,70,74,84,94,104,110,114"
718,17:38,6,6,일산,7,"55,65,75,85,95,105,115"
718,17:38,7,7,판교,5,"6,15,26,52,100"
718,17:38,8,8,동탄/용인,11,"17,27,37,47,57,67,77,87,97,107,117"
718,17:38,9,9,평택,10,"28,38,48,58,68,78,88,98,108,118"
719,17:39,1,1,서울역,6,"20,25,46,96,106,111"
719,17:39,10,10,인천공항,12,"2,12,29,39,49,59,69,79,89,99,109,119"
719,17:39,2,2,수서,6,"22,51,60,81,90,101"
719,17:39,3,3,삼성,10,"1,9,35,36,45,72,82,83,93,112"
719,17:39,4,4,여의도,13,"0,11,16,18,21,31,42,62,63,71,76,91,113"
719,17:39,5,5,김포공항,20,"4,7,10,14,19,23,24,30,34,40,53,54,64,70,74,84,94,104,110,114"
719,17:39,6,6,일산,7,"55,65,75,85,95,105,115"
719,17:39,7,7,판교,5,"6,15,26,52,100"
719,17:39,8,8,동탄/용인,11,"17,27,37,47,57,67,77,87,97,107,117"
719,17:39,9,9,평택,10,"28,38,48,58,68,78,88,98,108,118"
720,17:40,1,1,서울역,5,"20,25,46,96,106"
720,17:40,10,10,인천공항,12,"2,12,29,39,49,59,69,79,89,99,109,119"
720,17:40,2,2,수서,6,"8,22,51,60,90,101"
720,17:40,3,3,삼성,9,"1,9,35,36,45,72,82,93,112"
720,17:40,4,4,여의도,12,"11,16,18,21,31,42,62,63,71,73,76,113"
720,17:40,5,5,김포공항,11,"4,7,10,19,64,70,74,84,94,104,114"
720,17:40,6,6,일산,7,"55,65,75,85,95,105,115"
720,17:40,7,7,판교,5,"6,15,26,52,103"
720,17:40,8,8,동탄/용인,10,"27,37,47,57,67,77,87,97,107,117"
720,17:40,9,9,평택,10,"28,38,48,58,68,78,88,98,108,118"
721,17:41,1,1,서울역,5,"20,25,44,46,96"
721,17:41,10,10,인천공항,12,"2,12,29,39,49,59,69,79,89,99,109,119"
721,17:41,2,2,수서,6,"8,22,51,60,90,101"
721,17:41,3,3,삼성,9,"1,9,35,36,45,72,82,92,112"
721,17:41,4,4,여의도,11,"11,16,18,21,42,62,63,71,73,76,113"
721,17:41,5,5,김포공항,11,"4,7,10,19,64,70,74,84,94,104,114"
721,17:41,6,6,일산,7,"55,65,75,85,95,105,115"
721,17:41,7,7,판교,5,"5,15,26,52,103"
721,17:41,8,8,동탄/용인,10,"27,37,47,57,67,77,87,97,107,117"
721,17:41,9,9,평택,9,"28,48,58,68,78,88,98,108,118"
722,17:42,1,1,서울역,4,"20,25,44,96"
722,17:42,10,10,인천공항,13,"2,12,29,39,49,59,61,69,79,89,99,109,119"
722,17:42,2,2,수서,6,"3,8,22,51,60,101"
722,17:42,3,3,삼성,9,"1,9,36,45,72,82,86,92,112"
722,17:42,4,4,여의도,13,"11,16,18,21,42,43,62,63,71,73,76,113,116"
722,17:42,5,5,김포공항,10,"7,10,19,64,70,74,84,94,104,114"
722,17:42,6,6,일산,7,"55,65,75,85,95,105,115"
722,17:42,7,7,판교,6,"5,13,15,26,52,103"
722,17:42,8,8,동탄/용인,10,"27,37,47,57,67,77,87,97,107,117"
722,17:42,9,9,평택,9,"28,48,58,68,78,88,98,108,118"
723,17:43,1,1,서울역,2,"44,96"
723,17:43,10,10,인천공항,13,"2,12,29,39,49,59,61,69,79,89,99,109,119"
723,17:43,2,2,수서,6,"3,8,22,51,60,101"
723,17:43,3,3,삼성,10,"9,33,36,45,72,82,86,92,102,112"
723,17:43,4,4,여의도,13,"11,16,18,21,42,43,62,63,71,73,76,113,116"
723,17:43,5,5,김포공항,10,"7,10,19,64,70,74,84,94,104,114"
723,17:43,6,6,일산,4,"55,65,75,95"
723,17:43,7,7,판교,6,"5,13,15,26,52,103"
723,17:43,8,8,동탄/용인,9,"37,47,57,67,77,87,97,107,117"
723,17:43,9,9,평택,9,"28,48,58,68,78,88,98,108,118"
724,17:44,1,1,서울역,3,"44,56,96"
724,17:44,10,10,인천공항,13,"2,12,29,39,49,59,61,69,79,89,99,109,119"
724,17:44,2,2,수서,6,"3,8,22,51,60,101"
724,17:44,3,3,삼성,10,"9,33,36,45,72,82,86,92,102,112"
724,17:44,4,4,여의도,11,"16,18,21,42,43,62,63,71,73,76,116"
724,17:44,5,5,김포공항,10,"7,10,19,41,70,74,84,94,104,114"
724,17:44,6,6,일산,4,"55,65,75,95"
724,17:44,7,7,판교,6,"5,13,15,52,66,103"
724,17:44,8,8,동탄/용인,9,"37,47,57,67,77,87,97,107,117"
724,17:44,9,9,평택,8,"28,58,68,78,88,98,108,118"
725,17:45,1,1,서울역,2,"44,56"
725,17:45,10,10,인천공항,12,"2,12,29,39,49,59,69,79,89,99,109,119"
725,17:45,2,2,수서,6,"3,8,22,51,60,101"
725,17:45,3,3,삼성,10,"9,33,36,45,72,82,86,92,102,112"
725,17:45,4,4,여의도,11,"16,18,21,42,43,62,63,71,73,76,116"
725,17:45,5,5,김포공항,10,"7,10,19,41,70,74,84,94,104,114"
725,17:45,6,6,일산,4,"55,65,75,95"
725,17:45,7,7,판교,6,"5,13,15,52,66,103"
725,17:45,8,8,동탄/용인,9,"37,47,57,67,77,87,97,107,117"
725,17:45,9,9,평택,8,"28,58,68,78,88,98,108,118"
726,17:46,1,1,서울역,2,"44,56"
726,17:46,10,10,인천공항,12,"2,12,29,39,49,59,69,79,89,99,109,119"
726,17:46,2,2,수서,4,"3,22,60,101"
726,17:46,3,3,삼성,10,"9,33,36,45,72,82,86,92,102,111"
726,17:46,4,4,여의도,19,"16,18,21,23,24,30,34,40,42,43,53,54,62,63,71,73,76,81,116"
726,17:46,5,5,김포공항,10,"7,10,19,41,70,74,84,94,104,114"
726,17:46,6,6,일산,3,"55,65,95"
726,17:46,7,7,판교,6,"5,13,15,52,66,103"
726,17:46,8,8,동탄/용인,8,"37,57,67,77,87,97,107,117"
726,17:46,9,9,평택,8,"28,58,68,78,88,98,108,118"
727,17:47,1,1,서울역,1,56
727,17:47,10,10,인천공항,11,"12,29,39,49,59,69,79,89,99,109,119"
727,17:47,2,2,수서,5,"3,22,31,60,101"
727,17:47,3,3,삼성,13,"0,9,33,36,45,72,82,86,91,92,102,106,111"
727,17:47,4,4,여의도,20,"16,18,21,23,24,30,34,40,42,43,53,54,62,63,71,73,81,83,100,116"
727,17:47,5,5,김포공항,11,"7,10,19,41,70,74,80,84,94,104,114"
727,17:47,6,6,일산,2,"65,95"
727,17:47,7,7,판교,5,"13,15,52,66,103"
727,17:47,8,8,동탄/용인,7,"57,67,77,87,97,107,117"
727,17:47,9,9,평택,8,"28,58,68,78,88,98,108,118"
728,17:48,1,1,서울역,2,"56,110"
728,17:48,10,10,인천공항,11,"12,29,39,49,59,69,79,89,99,109,119"
728,17:48,2,2,수서,6,"3,14,22,31,60,101"
728,17:48,3,3,삼성,13,"0,32,33,45,46,72,82,86,91,92,102,106,111"
728,17:48,4,4,여의도,21,"6,16,18,23,24,30,34,40,42,43,53,54,62,63,71,73,81,83,90,93,100"
728,17:48,5,5,김포공항,10,"7,10,41,70,74,80,84,94,104,114"
728,17:48,6,6,일산,2,"65,95"
728,17:48,7,7,판교,4,"13,15,66,103"
728,17:48,8,8,동탄/용인,7,"57,67,77,87,97,107,117"
728,17:48,9,9,평택,8,"28,58,68,78,88,98,108,118"
729,17:49,1,1,서울역,3,"50,56,110"
729,17:49,10,10,인천공항,11,"12,29,39,49,59,69,79,89,99,109,119"
729,17:49,2,2,수서,6,"3,14,22,31,60,101"
729,17:49,3,3,삼성,13,"0,20,32,33,45,46,72,82,86,91,92,102,106"
729,17:49,4,4,여의도,15,"6,16,18,34,43,53,54,63,71,73,81,83,90,93,100"
729,17:49,5,5,김포공항,9,"7,10,41,74,80,84,94,104,114"
729,17:49,6,6,일산,2,"65,95"
729,17:49,7,7,판교,4,"13,15,66,103"
729,17:49,8,8,동탄/용인,7,"57,67,77,87,97,107,117"
729,17:49,9,9,평택,8,"28,58,68,78,88,98,108,118"
730,17:50,1,1,서울역,2,"50,110"
730,17:50,10,10,인천공항,11,"12,29,39,49,59,69,79,89,99,109,119"
730,17:50,2,2,수서,5,"11,14,22,31,101"
730,17:50,3,3,삼성,13,"0,4,17,20,32,33,45,46,72,82,86,92,102"
730,17:50,4,4,여의도,14,"6,18,34,43,53,54,63,64,71,73,81,83,90,93"
730,17:50,5,5,김포공항,9,"7,10,35,74,80,84,94,104,114"
730,17:50,6,6,일산,2,"65,95"
730,17:50,7,7,판교,5,"13,15,25,66,103"
730,17:50,8,8,동탄/용인,6,"67,77,87,97,107,117"
730,17:50,9,9,평택,8,"28,58,68,78,88,98,108,118"
731,17:51,1,1,서울역,2,"50,110"
731,17:51,10,10,인천공항,11,"12,29,39,49,59,69,79,89,99,109,119"
731,17:51,2,2,수서,4,"11,22,31,101"
731,17:51,3,3,삼성,13,"0,4,17,20,32,33,45,72,82,92,96,102,113"
731,17:51,4,4,여의도,12,"34,43,53,54,63,64,71,73,81,83,90,93"
731,17:51,5,5,김포공항,10,"1,7,10,35,74,80,84,94,104,114"
731,17:51,6,6,일산,2,"65,95"
731,17:51,7,7,판교,5,"13,15,25,66,103"
731,17:51,8,8,동탄/용인,6,"67,77,87,97,107,117"
731,17:51,9,9,평택,7,"28,68,78,88,98,108,118"
732,17:52,1,1,서울역,2,"50,110"
732,17:52,10,10,인천공항,11,"12,29,39,49,59,69,79,89,99,109,119"
732,17:52,2,2,수서,4,"11,22,31,101"
732,17:52,3,3,삼성,13,"0,4,17,20,32,33,45,72,82,92,96,102,113"
732,17:52,4,4,여의도,11,"8,43,53,63,64,71,73,81,83,90,93"
732,17:52,5,5,김포공항,10,"1,7,10,35,74,80,84,94,104,114"
732,17:52,6,6,일산,2,"65,95"
732,17:52,7,7,판교,5,"13,15,25,66,103"
732,17:52,8,8,동탄/용인,6,"67,77,87,97,107,117"
732,17:52,9,9,평택,6,"68,78,88,98,108,118"
733,17:53,1,1,서울역,2,"50,110"
733,17:53,10,10,인천공항,11,"12,29,39,49,59,69,79,89,99,109,119"
733,17:53,2,2,수서,5,"11,22,31,76,101"
733,17:53,3,3,삼성,13,"4,17,20,27,32,33,45,72,82,92,96,102,113"
733,17:53,4,4,여의도,11,"8,43,53,63,64,71,73,81,83,90,93"
733,17:53,5,5,김포공항,8,"1,7,10,74,84,94,104,114"
733,17:53,6,6,일산,2,"65,95"
733,17:53,7,7,판교,4,"13,15,25,103"
733,17:53,8,8,동탄/용인,6,"67,77,87,97,107,117"
733,17:53,9,9,평택,6,"68,78,88,98,108,118"
734,17:54,1,1,서울역,2,"50,110"
734,17:54,10,10,인천공항,10,"29,39,49,59,69,79,89,99,109,119"
734,17:54,2,2,수서,5,"11,31,76,85,101"
734,17:54,3,3,삼성,12,"4,17,20,27,32,45,72,82,92,96,102,113"
734,17:54,4,4,여의도,8,"8,63,64,71,73,81,83,93"
734,17:54,5,5,김포공항,7,"10,51,74,84,94,104,114"
734,17:54,6,6,일산,2,"65,95"
734,17:54,7,7,판교,4,"15,25,44,103"
734,17:54,8,8,동탄/용인,6,"67,77,87,97,107,117"
734,17:54,9,9,평택,6,"68,78,88,98,108,118"
735,17:55,1,1,서울역,3,"50,52,110"
735,17:55,10,10,인천공항,10,"29,39,49,59,69,79,89,99,109,119"
735,17:55,2,2,수서,7,"11,23,24,31,76,85,101"
735,17:55,3,3,삼성,11,"4,17,27,32,45,72,82,92,96,102,113"
735,17:55,4,4,여의도,8,"36,64,70,71,73,81,83,93"
735,17:55,5,5,김포공항,7,"10,51,74,84,94,104,114"
735,17:55,6,6,일산,2,"65,95"
735,17:55,7,7,판교,7,"15,21,25,44,105,115,116"
735,17:55,8,8,동탄/용인,6,"67,77,87,97,107,117"
735,17:55,9,9,평택,6,"68,78,88,98,108,118"
736,17:56,1,1,서울역,3,"50,52,110"
736,17:56,10,10,인천공항,9,"39,49,59,69,79,89,99,109,119"
736,17:56,2,2,수서,6,"11,16,23,24,85,101"
736,17:56,3,3,삼성,14,"17,27,30,32,40,45,56,62,72,82,92,96,102,113"
736,17:56,4,4,여의도,11,"3,36,38,41,60,70,71,73,81,83,93"
736,17:56,5,5,김포공항,8,"9,10,51,74,84,94,104,114"
736,17:56,6,6,일산,2,"26,65"
736,17:56,7,7,판교,7,"15,21,42,44,105,115,116"
736,17:56,8,8,동탄/용인,6,"67,77,87,97,107,117"
736,17:56,9,9,평택,6,"68,78,88,98,108,118"
737,17:57,1,1,서울역,5,"46,50,52,86,110"
737,17:57,10,10,인천공항,10,"39,49,59,69,75,79,89,99,109,119"
737,17:57,2,2,수서,7,"6,11,16,18,23,24,85"
737,17:57,3,3,삼성,15,"17,27,30,32,37,40,45,56,62,72,82,92,96,100,102"
737,17:57,4,4,여의도,11,"3,36,38,41,47,60,70,73,81,83,93"
737,17:57,5,5,김포공항,7,"9,74,84,94,104,111,114"
737,17:57,6,6,일산,2,"26,65"
737,17:57,7,7,판교,8,"15,21,42,44,57,105,115,116"
737,17:57,8,8,동탄/용인,6,"67,77,87,97,107,117"
737,17:57,9,9,평택,6,"68,78,88,98,108,118"
738,17:58,1,1,서울역,6,"46,50,52,86,90,110"
738,17:58,10,10,인천공항,11,"19,39,49,59,69,75,79,89,99,109,119"
738,17:58,2,2,수서,7,"6,11,16,18,23,24,85"
738,17:58,3,3,삼성,15,"17,27,30,32,37,40,45,56,62,72,82,92,96,100,102"
738,17:58,4,4,여의도,11,"3,36,38,41,47,60,70,73,81,83,93"
738,17:58,5,5,김포공항,9,"9,74,84,91,94,104,106,111,114"
738,17:58,6,6,일산,1,26
738,17:58,7,7,판교,7,"15,42,44,57,105,115,116"
738,17:58,8,8,동탄/용인,6,"67,77,87,97,107,117"
738,17:58,9,9,평택,6,"68,78,88,98,108,118"
739,17:59,1,1,서울역,6,"46,50,52,86,90,110"
739,17:59,10,10,인천공항,11,"19,39,49,59,69,75,79,89,99,109,119"
739,17:59,2,2,수서,7,"6,11,16,18,23,24,85"
739,17:59,3,3,삼성,15,"17,27,30,32,34,37,40,45,62,72,82,92,96,100,102"
739,17:59,4,4,여의도,9,"3,35,36,38,47,70,73,83,93"
739,17:59,5,5,김포공항,8,"74,84,91,94,104,106,111,114"
739,17:59,6,6,일산,2,"5,26"
739,17:59,7,7,판교,9,"15,42,44,54,55,57,105,115,116"
739,17:59,8,8,동탄/용인,6,"67,77,87,97,107,117"
739,17:59,9,9,평택,6,"68,78,88,98,108,118"
740,18:00,1,1,서울역,6,"46,48,50,52,90,110"
740,18:00,10,10,인천공항,11,"19,39,49,59,69,75,79,89,99,109,119"
740,18:00,2,2,수서,6,"11,16,18,23,24,43"
740,18:00,3,3,삼성,13,"27,30,32,34,37,40,45,62,72,82,92,96,102"
740,18:00,4,4,여의도,10,"0,3,22,35,36,38,70,73,83,93"
740,18:00,5,5,김포공항,7,"74,84,91,94,104,106,114"
740,18:00,6,6,일산,2,"5,26"
740,18:00,7,7,판교,6,"42,54,55,105,115,116"
740,18:00,8,8,동탄/용인,6,"67,77,87,97,107,117"
740,18:00,9,9,평택,5,"78,88,98,108,118"
741,18:01,1,1,서울역,7,"20,46,48,50,80,90,110"
741,18:01,10,10,인천공항,12,"19,39,49,59,69,75,79,89,99,109,112,119"
741,18:01,2,2,수서,5,"16,18,24,43,61"
741,18:01,3,3,삼성,12,"27,30,32,34,37,40,53,62,72,82,92,102"
741,18:01,4,4,여의도,10,"0,3,13,22,33,35,36,38,83,93"
741,18:01,5,5,김포공항,5,"74,84,94,104,114"
741,18:01,6,6,일산,2,"5,26"
741,18:01,7,7,판교,5,"42,54,55,105,116"
741,18:01,8,8,동탄/용인,6,"67,77,87,97,107,117"
741,18:01,9,9,평택,5,"78,88,98,108,118"
742,18:02,1,1,서울역,8,"20,46,48,50,80,90,103,110"
742,18:02,10,10,인천공항,12,"19,39,49,59,69,75,79,89,99,109,112,119"
742,18:02,2,2,수서,6,"1,7,18,24,43,61"
742,18:02,3,3,삼성,11,"2,27,32,34,37,53,63,72,82,92,102"
742,18:02,4,4,여의도,9,"0,3,13,22,33,36,76,83,93"
742,18:02,5,5,김포공항,5,"74,84,94,104,114"
742,18:02,6,6,일산,2,"5,14"
742,18:02,7,7,판교,4,"54,55,105,116"
742,18:02,8,8,동탄/용인,6,"67,77,87,97,107,117"
742,18:02,9,9,평택,5,"78,88,98,108,118"
743,18:03,1,1,서울역,10,"20,25,31,46,50,60,80,90,103,110"
743,18:03,10,10,인천공항,11,"19,39,49,59,69,79,89,99,109,112,119"
743,18:03,2,2,수서,6,"1,7,18,24,43,61"
743,18:03,3,3,삼성,11,"2,27,32,34,37,53,63,72,82,92,102"
743,18:03,4,4,여의도,7,"3,13,22,33,36,76,93"
743,18:03,5,5,김포공항,5,"74,84,94,104,114"
743,18:03,6,6,일산,2,"5,14"
743,18:03,7,7,판교,5,"54,55,64,105,116"
743,18:03,8,8,동탄/용인,6,"67,77,87,97,107,117"
743,18:03,9,9,평택,5,"78,88,98,108,118"
744,18:04,1,1,서울역,12,"20,25,31,46,47,50,60,80,90,101,103,110"
744,18:04,10,10,인천공항,11,"19,39,49,59,69,79,89,99,109,112,119"
744,18:04,2,2,수서,7,"1,7,18,21,24,43,61"
744,18:04,3,3,삼성,11,"2,27,32,34,37,53,63,72,82,92,102"
744,18:04,4,4,여의도,7,"3,13,22,33,76,86,93"
744,18:04,5,5,김포공항,6,"4,74,84,94,104,114"
744,18:04,6,6,일산,2,"5,14"
744,18:04,7,7,판교,5,"54,55,64,71,116"
744,18:04,8,8,동탄/용인,6,"67,77,87,97,107,117"
744,18:04,9,9,평택,5,"78,88,98,108,118"
745,18:05,1,1,서울역,13,"10,20,25,31,46,47,50,60,80,90,101,103,110"
745,18:05,10,10,인천공항,11,"19,39,49,59,69,79,89,99,109,112,119"
745,18:05,2,2,수서,8,"1,18,21,24,43,51,61,81"
745,18:05,3,3,삼성,10,"2,27,32,34,37,53,72,82,92,102"
745,18:05,4,4,여의도,6,"3,13,22,33,86,93"
745,18:05,5,5,김포공항,7,"4,74,84,94,104,113,114"
745,18:05,6,6,일산,2,"5,66"
745,18:05,7,7,판교,4,"55,64,71,116"
745,18:05,8,8,동탄/용인,6,"67,77,87,97,107,117"
745,18:05,9,9,평택,5,"78,88,98,108,118"
746,18:06,1,1,서울역,12,"10,20,31,46,47,50,60,80,90,101,103,110"
746,18:06,10,10,인천공항,11,"19,39,49,59,69,79,89,99,109,112,119"
746,18:06,2,2,수서,7,"1,21,24,43,51,61,81"
746,18:06,3,3,삼성,8,"2,32,34,53,72,82,92,102"
746,18:06,4,4,여의도,8,"3,6,13,22,33,85,86,93"
746,18:06,5,5,김포공항,7,"4,74,84,94,104,113,114"
746,18:06,6,6,일산,2,"5,66"
746,18:06,7,7,판교,5,"41,55,64,71,116"
746,18:06,8,8,동탄/용인,6,"67,77,87,97,107,117"
746,18:06,9,9,평택,5,"78,88,98,108,118"
747,18:07,1,1,서울역,15,"0,10,20,31,44,46,50,58,60,80,90,96,101,103,110"
747,18:07,10,10,인천공항,10,"19,39,49,59,69,79,89,99,109,119"
747,18:07,2,2,수서,8,"1,21,24,43,51,61,81,95"
747,18:07,3,3,삼성,8,"2,32,34,53,72,82,92,102"
747,18:07,4,4,여의도,12,"3,6,11,13,15,22,23,28,33,57,85,93"
747,18:07,5,5,김포공항,8,"4,56,74,84,94,104,113,114"
747,18:07,6,6,일산,2,"5,66"
747,18:07,7,7,판교,5,"41,55,64,71,116"
747,18:07,8,8,동탄/용인,6,"67,77,87,97,107,117"
747,18:07,9,9,평택,5,"78,88,98,108,118"
748,18:08,1,1,서울역,14,"0,10,20,31,44,46,50,58,60,80,90,96,101,110"
748,18:08,10,10,인천공항,10,"19,39,49,59,69,79,89,99,109,119"
748,18:08,2,2,수서,10,"1,21,24,43,51,61,63,81,95,111"
748,18:08,3,3,삼성,8,"2,32,34,53,72,82,92,102"
748,18:08,4,4,여의도,15,"3,6,11,13,15,22,23,28,29,33,45,57,85,93,115"
748,18:08,5,5,김포공항,9,"4,17,56,74,84,94,100,104,114"
748,18:08,6,6,일산,2,"5,66"
748,18:08,7,7,판교,7,"16,41,64,70,71,73,116"
748,18:08,8,8,동탄/용인,6,"67,77,87,97,107,117"
748,18:08,9,9,평택,5,"78,88,98,108,118"
749,18:09,1,1,서울역,14,"0,10,20,31,44,46,50,58,60,80,90,96,101,110"
749,18:09,10,10,인천공항,11,"9,19,39,49,59,69,79,89,99,109,119"
749,18:09,2,2,수서,11,"1,21,43,51,61,63,81,83,91,95,111"
749,18:09,3,3,삼성,11,"2,12,32,34,35,42,53,72,82,92,102"
749,18:09,4,4,여의도,16,"3,6,11,13,15,22,23,28,29,30,33,40,45,57,93,115"
749,18:09,5,5,김포공항,9,"4,17,56,74,84,94,100,104,114"
749,18:09,6,6,일산,2,"5,66"
749,18:09,7,7,판교,5,"16,70,71,73,116"
749,18:09,8,8,동탄/용인,6,"67,77,87,97,107,117"
749,18:09,9,9,평택,5,"78,88,98,108,118"
750,18:10,1,1,서울역,13,"0,10,20,31,46,50,58,60,80,90,96,101,110"
750,18:10,10,10,인천공항,11,"9,19,39,49,59,69,79,89,99,109,119"
750,18:10,2,2,수서,11,"1,21,43,51,61,63,81,83,91,95,111"
750,18:10,3,3,삼성,11,"2,12,32,34,35,42,53,72,82,92,102"
750,18:10,4,4,여의도,16,"3,6,11,13,15,22,23,28,29,30,33,40,45,57,93,115"
750,18:10,5,5,김포공항,9,"4,17,62,74,84,94,100,104,114"
750,18:10,6,6,일산,2,"5,66"
750,18:10,7,7,판교,5,"16,65,70,73,116"
750,18:10,8,8,동탄/용인,6,"67,77,87,97,107,117"
750,18:10,9,9,평택,6,"8,78,88,98,108,118"
751,18:11,1,1,서울역,14,"0,10,20,31,46,50,58,60,80,90,96,101,105,110"
751,18:11,10,10,인천공항,11,"9,19,39,49,59,69,79,89,99,109,119"
751,18:11,2,2,수서,10,"1,21,43,51,61,81,83,91,95,111"
751,18:11,3,3,삼성,12,"2,12,32,34,35,36,42,53,72,82,92,102"
751,18:11,4,4,여의도,15,"3,6,11,13,15,22,23,28,30,33,40,45,57,93,115"
751,18:11,5,5,김포공항,7,"4,62,74,84,94,104,114"
751,18:11,6,6,일산,1,5
751,18:11,7,7,판교,6,"16,65,70,73,106,116"
751,18:11,8,8,동탄/용인,6,"67,77,87,97,107,117"
751,18:11,9,9,평택,6,"8,78,88,98,108,118"
752,18:12,1,1,서울역,15,"0,10,20,27,31,46,50,58,60,80,90,96,101,105,110"
752,18:12,10,10,인천공항,11,"9,19,39,49,59,69,79,89,99,109,119"
752,18:12,2,2,수서,9,"1,21,43,51,61,81,91,95,111"
752,18:12,3,3,삼성,11,"2,12,32,34,36,42,53,72,82,92,102"
752,18:12,4,4,여의도,14,"3,6,11,13,15,22,23,28,33,45,57,93,103,115"
752,18:12,5,5,김포공항,8,"4,14,62,74,84,94,104,114"
752,18:12,6,6,일산,1,5
752,18:12,7,7,판교,7,"16,65,70,73,76,106,116"
752,18:12,8,8,동탄/용인,6,"67,77,87,97,107,117"
752,18:12,9,9,평택,6,"8,78,88,98,108,118"
753,18:13,1,1,서울역,14,"0,10,20,27,31,46,50,60,80,90,96,101,105,110"
753,18:13,10,10,인천공항,11,"9,19,39,49,59,69,79,89,99,109,119"
753,18:13,2,2,수서,9,"1,21,43,51,61,81,91,95,111"
753,18:13,3,3,삼성,11,"2,12,32,34,36,42,53,72,82,92,102"
753,18:13,4,4,여의도,12,"3,6,13,22,23,28,33,45,57,93,103,115"
753,18:13,5,5,김포공항,7,"4,14,74,84,94,104,114"
753,18:13,6,6,일산,2,"5,25"
753,18:13,7,7,판교,7,"16,65,70,73,76,106,116"
753,18:13,8,8,동탄/용인,6,"67,77,87,97,107,117"
753,18:13,9,9,평택,6,"8,78,88,98,108,118"
754,18:14,1,1,서울역,13,"0,10,20,27,31,46,50,60,80,90,96,101,110"
754,18:14,10,10,인천공항,12,"9,19,39,49,52,59,69,79,89,99,109,119"
754,18:14,2,2,수서,9,"1,21,43,51,61,81,91,95,111"
754,18:14,3,3,삼성,10,"2,12,32,34,42,53,72,82,92,102"
754,18:14,4,4,여의도,12,"3,6,13,22,23,28,33,57,93,103,113,115"
754,18:14,5,5,김포공항,7,"4,14,74,84,94,104,114"
754,18:14,6,6,일산,3,"5,25,75"
754,18:14,7,7,판교,7,"16,26,65,76,86,106,116"
754,18:14,8,8,동탄/용인,6,"67,77,87,97,107,117"
754,18:14,9,9,평택,6,"8,78,88,98,108,118"
755,18:15,1,1,서울역,12,"0,10,20,31,46,50,60,80,90,96,101,110"
755,18:15,10,10,인천공항,12,"9,19,39,49,52,59,69,79,89,99,109,119"
755,18:15,2,2,수서,10,"1,21,41,43,51,61,81,91,95,111"
755,18:15,3,3,삼성,10,"2,12,32,34,42,53,72,82,92,102"
755,18:15,4,4,여의도,13,"3,6,13,22,23,28,33,57,68,93,103,113,115"
755,18:15,5,5,김포공항,8,"4,14,54,74,84,94,104,114"
755,18:15,6,6,일산,3,"5,25,75"
755,18:15,7,7,판교,7,"16,26,65,76,86,106,116"
755,18:15,8,8,동탄/용인,7,"7,67,77,87,97,107,117"
755,18:15,9,9,평택,6,"8,78,88,98,108,118"
756,18:16,1,1,서울역,14,"0,10,20,30,31,40,46,50,60,80,90,96,101,110"
756,18:16,10,10,인천공항,12,"9,19,39,49,52,59,69,79,89,99,109,119"
756,18:16,2,2,수서,11,"1,21,41,43,51,61,71,81,91,95,111"
756,18:16,3,3,삼성,10,"2,12,32,34,42,53,72,82,92,102"
756,18:16,4,4,여의도,12,"3,6,13,22,23,33,57,68,93,103,113,115"
756,18:16,5,5,김포공항,8,"4,14,54,74,84,94,104,114"
756,18:16,6,6,일산,4,"5,25,75,85"
756,18:16,7,7,판교,6,"16,26,76,86,106,116"
756,18:16,8,8,동탄/용인,8,"7,37,67,77,87,97,107,117"
756,18:16,9,9,평택,6,"8,78,88,98,108,118"
757,18:17,1,1,서울역,14,"0,10,20,30,31,40,46,50,60,80,90,96,101,110"
757,18:17,10,10,인천공항,11,"9,19,39,49,59,69,79,89,99,109,119"
757,18:17,2,2,수서,11,"1,21,41,43,51,61,71,81,91,95,111"
757,18:17,3,3,삼성,10,"2,12,32,34,42,53,72,82,92,102"
757,18:17,4,4,여의도,13,"3,6,13,22,23,33,57,63,68,93,103,113,115"
757,18:17,5,5,김포공항,8,"4,14,54,74,84,94,104,114"
757,18:17,6,6,일산,4,"5,25,75,85"
757,18:17,7,7,판교,6,"16,26,76,86,106,116"
757,18:17,8,8,동탄/용인,8,"7,37,67,77,87,97,107,117"
757,18:17,9,9,평택,7,"8,38,78,88,98,108,118"
758,18:18,1,1,서울역,14,"0,10,20,30,31,40,46,50,60,80,90,96,101,110"
758,18:18,10,10,인천공항,11,"9,19,39,49,59,69,79,89,99,109,119"
758,18:18,2,2,수서,11,"1,21,41,43,51,61,71,81,91,95,111"
758,18:18,3,3,삼성,11,"2,12,29,32,34,42,53,72,82,92,102"
758,18:18,4,4,여의도,13,"3,6,13,22,23,33,57,63,83,93,103,113,115"
758,18:18,5,5,김포공항,9,"4,14,44,54,74,84,94,104,114"
758,18:18,6,6,일산,4,"5,25,75,85"
758,18:18,7,7,판교,6,"16,26,76,86,106,116"
758,18:18,8,8,동탄/용인,8,"7,37,67,77,87,97,107,117"
758,18:18,9,9,평택,7,"8,38,78,88,98,108,118"
759,18:19,1,1,서울역,15,"0,10,20,30,31,40,46,50,60,80,90,96,100,101,110"
759,18:19,10,10,인천공항,11,"9,19,39,49,59,69,79,89,99,109,119"
759,18:19,2,2,수서,12,"1,11,21,41,43,51,61,71,81,91,95,111"
759,18:19,3,3,삼성,11,"2,12,29,32,34,42,53,72,82,92,102"
759,18:19,4,4,여의도,13,"3,6,13,22,23,33,57,63,83,93,103,113,115"
759,18:19,5,5,김포공항,10,"4,14,44,54,64,74,84,94,104,114"
759,18:19,6,6,일산,4,"5,25,75,85"
759,18:19,7,7,판교,6,"16,26,76,86,106,116"
759,18:19,8,8,동탄/용인,9,"7,37,47,67,77,87,97,107,117"
759,18:19,9,9,평택,8,"8,38,48,78,88,98,108,118"
760,18:20,1,1,서울역,15,"0,10,20,30,31,40,46,50,60,80,90,96,100,101,110"
760,18:20,10,10,인천공항,11,"9,19,39,49,59,69,79,89,99,109,119"
760,18:20,2,2,수서,12,"1,11,21,41,43,51,61,71,81,91,95,111"
760,18:20,3,3,삼성,11,"2,12,29,32,34,42,53,72,82,92,102"
760,18:20,4,4,여의도,13,"3,6,13,22,23,33,57,63,83,93,103,113,115"
760,18:20,5,5,김포공항,10,"4,14,44,54,64,74,84,94,104,114"
760,18:20,6,6,일산,7,"5,15,24,25,55,75,85"
760,18:20,7,7,판교,7,"16,26,56,76,86,106,116"
760,18:20,8,8,동탄/용인,9,"7,37,47,67,77,87,97,107,117"
760,18:20,9,9,평택,9,"8,18,38,48,78,88,98,108,118"
761,18:21,1,1,서울역,16,"0,10,20,30,31,40,46,50,60,70,80,90,96,100,101,110"
761,18:21,10,10,인천공항,11,"9,19,39,49,59,69,79,89,99,109,119"
761,18:21,2,2,수서,12,"1,11,21,41,43,51,61,71,81,91,95,111"
761,18:21,3,3,삼성,11,"2,12,32,34,42,53,62,72,82,92,102"
761,18:21,4,4,여의도,14,"3,6,13,22,23,33,57,63,73,83,93,103,113,115"
761,18:21,5,5,김포공항,10,"4,14,44,54,64,74,84,94,104,114"
761,18:21,6,6,일산,9,"5,15,24,25,45,55,75,85,105"
761,18:21,7,7,판교,8,"16,26,36,56,76,86,106,116"
761,18:21,8,8,동탄/용인,9,"7,37,47,67,77,87,97,107,117"
761,18:21,9,9,평택,9,"8,18,38,48,78,88,98,108,118"
762,18:22,1,1,서울역,16,"0,10,20,30,31,40,46,50,60,70,80,90,96,100,101,110"
762,18:22,10,10,인천공항,11,"9,19,39,49,59,69,79,89,99,109,119"
762,18:22,2,2,수서,12,"1,11,21,41,43,51,61,71,81,91,95,111"
762,18:22,3,3,삼성,12,"2,12,32,34,42,53,62,72,82,92,102,112"
762,18:22,4,4,여의도,14,"3,6,13,22,23,33,57,63,73,83,93,103,113,115"
762,18:22,5,5,김포공항,10,"4,14,44,54,64,74,84,94,104,114"
762,18:22,6,6,일산,10,"5,15,24,25,35,45,55,75,85,105"
762,18:22,7,7,판교,8,"16,26,36,56,76,86,106,116"
762,18:22,8,8,동탄/용인,9,"7,37,47,67,77,87,97,107,117"
762,18:22,9,9,평택,9,"8,18,38,48,78,88,98,108,118"
763,18:23,1,1,서울역,16,"0,10,20,30,31,40,46,50,60,70,80,90,96,100,101,110"
763,18:23,10,10,인천공항,11,"9,19,39,49,59,69,79,89,99,109,119"
763,18:23,2,2,수서,12,"1,11,21,41,43,51,61,71,81,91,95,111"
763,18:23,3,3,삼성,12,"2,12,32,34,42,53,62,72,82,92,102,112"
763,18:23,4,4,여의도,14,"3,6,13,22,23,33,57,63,73,83,93,103,113,115"
763,18:23,5,5,김포공항,10,"4,14,44,54,64,74,84,94,104,114"
763,18:23,6,6,일산,9,"5,15,25,35,45,55,75,85,105"
763,18:23,7,7,판교,9,"16,26,36,56,66,76,86,106,116"
763,18:23,8,8,동탄/용인,9,"7,37,47,67,77,87,97,107,117"
763,18:23,9,9,평택,9,"8,18,38,48,78,88,98,108,118"
764,18:24,1,1,서울역,16,"0,10,20,30,31,40,46,50,60,70,80,90,96,100,101,110"
764,18:24,10,10,인천공항,11,"9,19,39,49,59,69,79,89,99,109,119"
764,18:24,2,2,수서,12,"1,11,21,41,43,51,61,71,81,91,95,111"
764,18:24,3,3,삼성,12,"2,12,32,34,42,53,62,72,82,92,102,112"
764,18:24,4,4,여의도,14,"3,6,13,22,23,33,57,63,73,83,93,103,113,115"
764,18:24,5,5,김포공항,11,"4,14,44,54,64,68,74,84,94,104,114"
764,18:24,6,6,일산,9,"5,15,25,35,45,55,75,85,105"
764,18:24,7,7,판교,9,"16,26,36,56,66,76,86,106,116"
764,18:24,8,8,동탄/용인,9,"7,37,47,67,77,87,97,107,117"
764,18:24,9,9,평택,9,"8,18,38,48,78,88,98,108,118"
765,18:25,1,1,서울역,16,"0,10,20,30,31,40,46,50,60,70,80,90,96,100,101,110"
765,18:25,10,10,인천공항,11,"9,19,39,49,59,69,79,89,99,109,119"
765,18:25,2,2,수서,12,"1,11,21,41,43,51,61,71,81,91,95,111"
765,18:25,3,3,삼성,12,"2,12,32,34,42,53,62,72,82,92,102,112"
765,18:25,4,4,여의도,14,"3,6,13,22,23,33,57,63,73,83,93,103,113,115"
765,18:25,5,5,김포공항,11,"4,14,44,54,64,68,74,84,94,104,114"
765,18:25,6,6,일산,9,"5,15,25,35,45,55,75,85,105"
765,18:25,7,7,판교,9,"16,26,36,56,66,76,86,106,116"
765,18:25,8,8,동탄/용인,10,"7,17,37,47,67,77,87,97,107,117"
765,18:25,9,9,평택,9,"8,18,38,48,78,88,98,108,118"
766,18:26,1,1,서울역,16,"0,10,20,30,31,40,46,50,60,70,80,90,96,100,101,110"
766,18:26,10,10,인천공항,11,"9,19,39,49,59,69,79,89,99,109,119"
766,18:26,2,2,수서,12,"1,11,21,41,43,51,61,71,81,91,95,111"
766,18:26,3,3,삼성,12,"2,12,32,34,42,53,62,72,82,92,102,112"
766,18:26,4,4,여의도,14,"3,6,13,22,23,33,57,63,73,83,93,103,113,115"
766,18:26,5,5,김포공항,11,"4,14,44,54,64,68,74,84,94,104,114"
766,18:26,6,6,일산,9,"5,15,25,35,45,55,75,85,105"
766,18:26,7,7,판교,9,"16,26,36,56,66,76,86,106,116"
766,18:26,8,8,동탄/용인,10,"7,17,37,47,67,77,87,97,107,117"
766,18:26,9,9,평택,9,"8,18,38,48,78,88,98,108,118"
767,18:27,1,1,서울역,16,"0,10,20,30,31,40,46,50,60,70,80,90,96,100,101,110"
767,18:27,10,10,인천공항,11,"9,19,39,49,59,69,79,89,99,109,119"
767,18:27,2,2,수서,12,"1,11,21,41,43,51,61,71,81,91,95,111"
767,18:27,3,3,삼성,12,"2,12,32,34,42,53,62,72,82,92,102,112"
767,18:27,4,4,여의도,14,"3,6,13,22,23,33,57,63,73,83,93,103,113,115"
767,18:27,5,5,김포공항,10,"4,14,44,54,64,74,84,94,104,114"
767,18:27,6,6,일산,9,"5,15,25,35,45,55,75,85,105"
767,18:27,7,7,판교,9,"16,26,36,56,66,76,86,106,116"
767,18:27,8,8,동탄/용인,11,"7,17,27,37,47,67,77,87,97,107,117"
767,18:27,9,9,평택,9,"8,18,38,48,78,88,98,108,118"
768,18:28,1,1,서울역,16,"0,10,20,30,31,40,46,50,60,70,80,90,96,100,101,110"
768,18:28,10,10,인천공항,11,"9,19,39,49,59,69,79,89,99,109,119"
768,18:28,2,2,수서,12,"1,11,21,41,43,51,61,71,81,91,95,111"
768,18:28,3,3,삼성,12,"2,12,32,34,42,53,62,72,82,92,102,112"
768,18:28,4,4,여의도,14,"3,6,13,22,23,33,57,63,73,83,93,103,113,115"
768,18:28,5,5,김포공항,10,"4,14,44,54,64,74,84,94,104,114"
768,18:28,6,6,일산,10,"5,15,25,35,45,55,65,75,85,105"
768,18:28,7,7,판교,9,"16,26,36,56,66,76,86,106,116"
768,18:28,8,8,동탄/용인,11,"7,17,27,37,47,67,77,87,97,107,117"
768,18:28,9,9,평택,9,"8,18,38,48,78,88,98,108,118"
769,18:29,1,1,서울역,16,"0,10,20,30,31,40,46,50,60,70,80,90,96,100,101,110"
769,18:29,10,10,인천공항,11,"9,19,39,49,59,69,79,89,99,109,119"
769,18:29,2,2,수서,12,"1,11,21,41,43,51,61,71,81,91,95,111"
769,18:29,3,3,삼성,12,"2,12,32,34,42,53,62,72,82,92,102,112"
769,18:29,4,4,여의도,14,"3,6,13,22,23,33,57,63,73,83,93,103,113,115"
769,18:29,5,5,김포공항,10,"4,14,44,54,64,74,84,94,104,114"
769,18:29,6,6,일산,10,"5,15,25,35,45,55,65,75,85,105"
769,18:29,7,7,판교,9,"16,26,36,56,66,76,86,106,116"
769,18:29,8,8,동탄/용인,11,"7,17,27,37,47,67,77,87,97,107,117"
769,18:29,9,9,평택,10,"8,18,38,48,58,78,88,98,108,118"
770,18:30,1,1,서울역,16,"0,10,20,30,31,40,46,50,60,70,80,90,96,100,101,110"
770,18:30,10,10,인천공항,11,"9,19,39,49,59,69,79,89,99,109,119"
770,18:30,2,2,수서,12,"1,11,21,41,43,51,61,71,81,91,95,111"
770,18:30,3,3,삼성,12,"2,12,32,34,42,53,62,72,82,92,102,112"
770,18:30,4,4,여의도,14,"3,6,13,22,23,33,57,63,73,83,93,103,113,115"
770,18:30,5,5,김포공항,11,"4,14,24,44,54,64,74,84,94,104,114"
770,18:30,6,6,일산,10,"5,15,25,35,45,55,65,75,85,105"
770,18:30,7,7,판교,9,"16,26,36,56,66,76,86,106,116"
770,18:30,8,8,동탄/용인,11,"7,17,27,37,47,67,77,87,97,107,117"
770,18:30,9,9,평택,10,"8,18,38,48,58,78,88,98,108,118"
771,18:31,1,1,서울역,16,"0,10,20,30,31,40,46,50,60,70,80,90,96,100,101,110"
771,18:31,10,10,인천공항,11,"9,19,39,49,59,69,79,89,99,109,119"
771,18:31,2,2,수서,12,"1,11,21,41,43,51,61,71,81,91,95,111"
771,18:31,3,3,삼성,12,"2,12,32,34,42,53,62,72,82,92,102,112"
771,18:31,4,4,여의도,14,"3,6,13,22,23,33,57,63,73,83,93,103,113,115"
771,18:31,5,5,김포공항,11,"4,14,24,44,54,64,74,84,94,104,114"
771,18:31,6,6,일산,10,"5,15,25,35,45,55,65,75,85,105"
771,18:31,7,7,판교,9,"16,26,36,56,66,76,86,106,116"
771,18:31,8,8,동탄/용인,11,"7,17,27,37,47,67,77,87,97,107,117"
771,18:31,9,9,평택,11,"8,18,28,38,48,58,78,88,98,108,118"
772,18:32,1,1,서울역,16,"0,10,20,30,31,40,46,50,60,70,80,90,96,100,101,110"
772,18:32,10,10,인천공항,11,"9,19,39,49,59,69,79,89,99,109,119"
772,18:32,2,2,수서,12,"1,11,21,41,43,51,61,71,81,91,95,111"
772,18:32,3,3,삼성,13,"2,12,32,34,42,52,53,62,72,82,92,102,112"
772,18:32,4,4,여의도,14,"3,6,13,22,23,33,57,63,73,83,93,103,113,115"
772,18:32,5,5,김포공항,11,"4,14,24,44,54,64,74,84,94,104,114"
772,18:32,6,6,일산,10,"5,15,25,35,45,55,65,75,85,105"
772,18:32,7,7,판교,9,"16,26,36,56,66,76,86,106,116"
772,18:32,8,8,동탄/용인,11,"7,17,27,37,47,67,77,87,97,107,117"
772,18:32,9,9,평택,11,"8,18,28,38,48,58,78,88,98,108,118"
773,18:33,1,1,서울역,16,"0,10,20,30,31,40,46,50,60,70,80,90,96,100,101,110"
773,18:33,10,10,인천공항,11,"9,19,39,49,59,69,79,89,99,109,119"
773,18:33,2,2,수서,12,"1,11,21,41,43,51,61,71,81,91,95,111"
773,18:33,3,3,삼성,13,"2,12,32,34,42,52,53,62,72,82,92,102,112"
773,18:33,4,4,여의도,14,"3,6,13,22,23,33,57,63,73,83,93,103,113,115"
773,18:33,5,5,김포공항,11,"4,14,24,44,54,64,74,84,94,104,114"
773,18:33,6,6,일산,10,"5,15,25,35,45,55,65,75,85,105"
773,18:33,7,7,판교,9,"16,26,36,56,66,76,86,106,116"
773,18:33,8,8,동탄/용인,11,"7,17,27,37,47,67,77,87,97,107,117"
773,18:33,9,9,평택,11,"8,18,28,38,48,58,78,88,98,108,118"
774,18:34,1,1,서울역,16,"0,10,20,30,31,40,46,50,60,70,80,90,96,100,101,110"
774,18:34,10,10,인천공항,11,"9,19,39,49,59,69,79,89,99,109,119"
774,18:34,2,2,수서,12,"1,11,21,41,43,51,61,71,81,91,95,111"
774,18:34,3,3,삼성,13,"2,12,32,34,42,52,53,62,72,82,92,102,112"
774,18:34,4,4,여의도,14,"3,6,13,22,23,33,57,63,73,83,93,103,113,115"
774,18:34,5,5,김포공항,11,"4,14,24,44,54,64,74,84,94,104,114"
774,18:34,6,6,일산,10,"5,15,25,35,45,55,65,75,85,105"
774,18:34,7,7,판교,9,"16,26,36,56,66,76,86,106,116"
774,18:34,8,8,동탄/용인,11,"7,17,27,37,47,67,77,87,97,107,117"
774,18:34,9,9,평택,11,"8,18,28,38,48,58,78,88,98,108,118"
775,18:35,1,1,서울역,16,"0,10,20,30,31,40,46,50,60,70,80,90,96,100,101,110"
775,18:35,10,10,인천공항,11,"9,19,39,49,59,69,79,89,99,109,119"
775,18:35,2,2,수서,12,"1,11,21,41,43,51,61,71,81,91,95,111"
775,18:35,3,3,삼성,13,"2,12,32,34,42,52,53,62,72,82,92,102,112"
775,18:35,4,4,여의도,14,"3,6,13,22,23,33,57,63,73,83,93,103,113,115"
775,18:35,5,5,김포공항,11,"4,14,24,44,54,64,74,84,94,104,114"
775,18:35,6,6,일산,10,"5,15,25,35,45,55,65,75,85,105"
775,18:35,7,7,판교,9,"16,26,36,56,66,76,86,106,116"
775,18:35,8,8,동탄/용인,11,"7,17,27,37,47,67,77,87,97,107,117"
775,18:35,9,9,평택,11,"8,18,28,38,48,58,78,88,98,108,118"
776,18:36,1,1,서울역,16,"0,10,20,30,31,40,46,50,60,70,80,90,96,100,101,110"
776,18:36,10,10,인천공항,12,"9,19,29,39,49,59,69,79,89,99,109,119"
776,18:36,2,2,수서,12,"1,11,21,41,43,51,61,71,81,91,95,111"
776,18:36,3,3,삼성,13,"2,12,32,34,42,52,53,62,72,82,92,102,112"
776,18:36,4,4,여의도,14,"3,6,13,22,23,33,57,63,73,83,93,103,113,115"
776,18:36,5,5,김포공항,11,"4,14,24,44,54,64,74,84,94,104,114"
776,18:36,6,6,일산,10,"5,15,25,35,45,55,65,75,85,105"
776,18:36,7,7,판교,9,"16,26,36,56,66,76,86,106,116"
776,18:36,8,8,동탄/용인,11,"7,17,27,37,47,67,77,87,97,107,117"
776,18:36,9,9,평택,11,"8,18,28,38,48,58,78,88,98,108,118"
777,18:37,1,1,서울역,16,"0,10,20,30,31,40,46,50,60,70,80,90,96,100,101,110"
777,18:37,10,10,인천공항,12,"9,19,29,39,49,59,69,79,89,99,109,119"
777,18:37,2,2,수서,12,"1,11,21,41,43,51,61,71,81,91,95,111"
777,18:37,3,3,삼성,13,"2,12,32,34,42,52,53,62,72,82,92,102,112"
777,18:37,4,4,여의도,14,"3,6,13,22,23,33,57,63,73,83,93,103,113,115"
777,18:37,5,5,김포공항,11,"4,14,24,44,54,64,74,84,94,104,114"
777,18:37,6,6,일산,10,"5,15,25,35,45,55,65,75,85,105"
777,18:37,7,7,판교,9,"16,26,36,56,66,76,86,106,116"
777,18:37,8,8,동탄/용인,11,"7,17,27,37,47,67,77,87,97,107,117"
777,18:37,9,9,평택,11,"8,18,28,38,48,58,78,88,98,108,118"
778,18:38,1,1,서울역,16,"0,10,20,30,31,40,46,50,60,70,80,90,96,100,101,110"
778,18:38,10,10,인천공항,12,"9,19,29,39,49,59,69,79,89,99,109,119"
778,18:38,2,2,수서,12,"1,11,21,41,43,51,61,71,81,91,95,111"
778,18:38,3,3,삼성,13,"2,12,32,34,42,52,53,62,72,82,92,102,112"
778,18:38,4,4,여의도,14,"3,6,13,22,23,33,57,63,73,83,93,103,113,115"
778,18:38,5,5,김포공항,11,"4,14,24,44,54,64,74,84,94,104,114"
778,18:38,6,6,일산,10,"5,15,25,35,45,55,65,75,85,105"
778,18:38,7,7,판교,9,"16,26,36,56,66,76,86,106,116"
778,18:38,8,8,동탄/용인,11,"7,17,27,37,47,67,77,87,97,107,117"
778,18:38,9,9,평택,11,"8,18,28,38,48,58,78,88,98,108,118"
779,18:39,1,1,서울역,16,"0,10,20,30,31,40,46,50,60,70,80,90,96,100,101,110"
779,18:39,10,10,인천공항,12,"9,19,29,39,49,59,69,79,89,99,109,119"
779,18:39,2,2,수서,12,"1,11,21,41,43,51,61,71,81,91,95,111"
779,18:39,3,3,삼성,13,"2,12,32,34,42,52,53,62,72,82,92,102,112"
779,18:39,4,4,여의도,14,"3,6,13,22,23,33,57,63,73,83,93,103,113,115"
779,18:39,5,5,김포공항,11,"4,14,24,44,54,64,74,84,94,104,114"
779,18:39,6,6,일산,10,"5,15,25,35,45,55,65,75,85,105"
779,18:39,7,7,판교,9,"16,26,36,56,66,76,86,106,116"
779,18:39,8,8,동탄/용인,11,"7,17,27,37,47,67,77,87,97,107,117"
779,18:39,9,9,평택,11,"8,18,28,38,48,58,78,88,98,108,118"
780,18:40,1,1,서울역,16,"0,10,20,30,31,40,46,50,60,70,80,90,96,100,101,110"
780,18:40,10,10,인천공항,12,"9,19,29,39,49,59,69,79,89,99,109,119"
780,18:40,2,2,수서,12,"1,11,21,41,43,51,61,71,81,91,95,111"
780,18:40,3,3,삼성,13,"2,12,32,34,42,52,53,62,72,82,92,102,112"
780,18:40,4,4,여의도,14,"3,6,13,22,23,33,57,63,73,83,93,103,113,115"
780,18:40,5,5,김포공항,11,"4,14,24,44,54,64,74,84,94,104,114"
780,18:40,6,6,일산,10,"5,15,25,35,45,55,65,75,85,105"
780,18:40,7,7,판교,9,"16,26,36,56,66,76,86,106,116"
780,18:40,8,8,동탄/용인,11,"7,17,27,37,47,67,77,87,97,107,117"
780,18:40,9,9,평택,11,"8,18,28,38,48,58,78,88,98,108,118"
781,18:41,1,1,서울역,16,"0,10,20,30,31,40,46,50,60,70,80,90,96,100,101,110"
781,18:41,10,10,인천공항,12,"9,19,29,39,49,59,69,79,89,99,109,119"
781,18:41,2,2,수서,12,"1,11,21,41,43,51,61,71,81,91,95,111"
781,18:41,3,3,삼성,13,"2,12,32,34,42,52,53,62,72,82,92,102,112"
781,18:41,4,4,여의도,14,"3,6,13,22,23,33,57,63,73,83,93,103,113,115"
781,18:41,5,5,김포공항,11,"4,14,24,44,54,64,74,84,94,104,114"
781,18:41,6,6,일산,10,"5,15,25,35,45,55,65,75,85,105"
781,18:41,7,7,판교,9,"16,26,36,56,66,76,86,106,116"
781,18:41,8,8,동탄/용인,11,"7,17,27,37,47,67,77,87,97,107,117"
781,18:41,9,9,평택,11,"8,18,28,38,48,58,78,88,98,108,118"
782,18:42,1,1,서울역,16,"0,10,20,30,31,40,46,50,60,70,80,90,96,100,101,110"
782,18:42,10,10,인천공항,12,"9,19,29,39,49,59,69,79,89,99,109,119"
782,18:42,2,2,수서,12,"1,11,21,41,43,51,61,71,81,91,95,111"
782,18:42,3,3,삼성,13,"2,12,32,34,42,52,53,62,72,82,92,102,112"
782,18:42,4,4,여의도,14,"3,6,13,22,23,33,57,63,73,83,93,103,113,115"
782,18:42,5,5,김포공항,11,"4,14,24,44,54,64,74,84,94,104,114"
782,18:42,6,6,일산,10,"5,15,25,35,45,55,65,75,85,105"
782,18:42,7,7,판교,9,"16,26,36,56,66,76,86,106,116"
782,18:42,8,8,동탄/용인,11,"7,17,27,37,47,67,77,87,97,107,117"
782,18:42,9,9,평택,11,"8,18,28,38,48,58,78,88,98,108,118"
783,18:43,1,1,서울역,16,"0,10,20,30,31,40,46,50,60,70,80,90,96,100,101,110"
783,18:43,10,10,인천공항,12,"9,19,29,39,49,59,69,79,89,99,109,119"
783,18:43,2,2,수서,12,"1,11,21,41,43,51,61,71,81,91,95,111"
783,18:43,3,3,삼성,13,"2,12,32,34,42,52,53,62,72,82,92,102,112"
783,18:43,4,4,여의도,14,"3,6,13,22,23,33,57,63,73,83,93,103,113,115"
783,18:43,5,5,김포공항,11,"4,14,24,44,54,64,74,84,94,104,114"
783,18:43,6,6,일산,10,"5,15,25,35,45,55,65,75,85,105"
783,18:43,7,7,판교,9,"16,26,36,56,66,76,86,106,116"
783,18:43,8,8,동탄/용인,11,"7,17,27,37,47,67,77,87,97,107,117"
783,18:43,9,9,평택,11,"8,18,28,38,48,58,78,88,98,108,118"
784,18:44,1,1,서울역,16,"0,10,20,30,31,40,46,50,60,70,80,90,96,100,101,110"
784,18:44,10,10,인천공항,12,"9,19,29,39,49,59,69,79,89,99,109,119"
784,18:44,2,2,수서,12,"1,11,21,41,43,51,61,71,81,91,95,111"
784,18:44,3,3,삼성,13,"2,12,32,34,42,52,53,62,72,82,92,102,112"
784,18:44,4,4,여의도,14,"3,6,13,22,23,33,57,63,73,83,93,103,113,115"
784,18:44,5,5,김포공항,11,"4,14,24,44,54,64,74,84,94,104,114"
784,18:44,6,6,일산,10,"5,15,25,35,45,55,65,75,85,105"
784,18:44,7,7,판교,9,"16,26,36,56,66,76,86,106,116"
784,18:44,8,8,동탄/용인,11,"7,17,27,37,47,67,77,87,97,107,117"
784,18:44,9,9,평택,12,"8,18,28,38,48,58,68,78,88,98,108,118"
785,18:45,1,1,서울역,16,"0,10,20,30,31,40,46,50,60,70,80,90,96,100,101,110"
785,18:45,10,10,인천공항,12,"9,19,29,39,49,59,69,79,89,99,109,119"
785,18:45,2,2,수서,12,"1,11,21,41,43,51,61,71,81,91,95,111"
785,18:45,3,3,삼성,13,"2,12,32,34,42,52,53,62,72,82,92,102,112"
785,18:45,4,4,여의도,14,"3,6,13,22,23,33,57,63,73,83,93,103,113,115"
785,18:45,5,5,김포공항,11,"4,14,24,44,54,64,74,84,94,104,114"
785,18:45,6,6,일산,10,"5,15,25,35,45,55,65,75,85,105"
785,18:45,7,7,판교,9,"16,26,36,56,66,76,86,106,116"
785,18:45,8,8,동탄/용인,11,"7,17,27,37,47,67,77,87,97,107,117"
785,18:45,9,9,평택,12,"8,18,28,38,48,58,68,78,88,98,108,118"
786,18:46,1,1,서울역,16,"0,10,20,30,31,40,46,50,60,70,80,90,96,100,101,110"
786,18:46,10,10,인천공항,12,"9,19,29,39,49,59,69,79,89,99,109,119"
786,18:46,2,2,수서,12,"1,11,21,41,43,51,61,71,81,91,95,111"
786,18:46,3,3,삼성,13,"2,12,32,34,42,52,53,62,72,82,92,102,112"
786,18:46,4,4,여의도,14,"3,6,13,22,23,33,57,63,73,83,93,103,113,115"
786,18:46,5,5,김포공항,11,"4,14,24,44,54,64,74,84,94,104,114"
786,18:46,6,6,일산,10,"5,15,25,35,45,55,65,75,85,105"
786,18:46,7,7,판교,9,"16,26,36,56,66,76,86,106,116"
786,18:46,8,8,동탄/용인,11,"7,17,27,37,47,67,77,87,97,107,117"
786,18:46,9,9,평택,12,"8,18,28,38,48,58,68,78,88,98,108,118"
787,18:47,1,1,서울역,16,"0,10,20,30,31,40,46,50,60,70,80,90,96,100,101,110"
787,18:47,10,10,인천공항,12,"9,19,29,39,49,59,69,79,89,99,109,119"
787,18:47,2,2,수서,12,"1,11,21,41,43,51,61,71,81,91,95,111"
787,18:47,3,3,삼성,13,"2,12,32,34,42,52,53,62,72,82,92,102,112"
787,18:47,4,4,여의도,14,"3,6,13,22,23,33,57,63,73,83,93,103,113,115"
787,18:47,5,5,김포공항,11,"4,14,24,44,54,64,74,84,94,104,114"
787,18:47,6,6,일산,10,"5,15,25,35,45,55,65,75,85,105"
787,18:47,7,7,판교,9,"16,26,36,56,66,76,86,106,116"
787,18:47,8,8,동탄/용인,11,"7,17,27,37,47,67,77,87,97,107,117"
787,18:47,9,9,평택,12,"8,18,28,38,48,58,68,78,88,98,108,118"
788,18:48,1,1,서울역,16,"0,10,20,30,31,40,46,50,60,70,80,90,96,100,101,110"
788,18:48,10,10,인천공항,12,"9,19,29,39,49,59,69,79,89,99,109,119"
788,18:48,2,2,수서,12,"1,11,21,41,43,51,61,71,81,91,95,111"
788,18:48,3,3,삼성,13,"2,12,32,34,42,52,53,62,72,82,92,102,112"
788,18:48,4,4,여의도,14,"3,6,13,22,23,33,57,63,73,83,93,103,113,115"
788,18:48,5,5,김포공항,11,"4,14,24,44,54,64,74,84,94,104,114"
788,18:48,6,6,일산,10,"5,15,25,35,45,55,65,75,85,105"
788,18:48,7,7,판교,9,"16,26,36,56,66,76,86,106,116"
788,18:48,8,8,동탄/용인,11,"7,17,27,37,47,67,77,87,97,107,117"
788,18:48,9,9,평택,12,"8,18,28,38,48,58,68,78,88,98,108,118"
789,18:49,1,1,서울역,16,"0,10,20,30,31,40,46,50,60,70,80,90,96,100,101,110"
789,18:49,10,10,인천공항,12,"9,19,29,39,49,59,69,79,89,99,109,119"
789,18:49,2,2,수서,12,"1,11,21,41,43,51,61,71,81,91,95,111"
789,18:49,3,3,삼성,13,"2,12,32,34,42,52,53,62,72,82,92,102,112"
789,18:49,4,4,여의도,14,"3,6,13,22,23,33,57,63,73,83,93,103,113,115"
789,18:49,5,5,김포공항,11,"4,14,24,44,54,64,74,84,94,104,114"
789,18:49,6,6,일산,10,"5,15,25,35,45,55,65,75,85,105"
789,18:49,7,7,판교,9,"16,26,36,56,66,76,86,106,116"
789,18:49,8,8,동탄/용인,11,"7,17,27,37,47,67,77,87,97,107,117"
789,18:49,9,9,평택,12,"8,18,28,38,48,58,68,78,88,98,108,118"
790,18:50,1,1,서울역,16,"0,10,20,30,31,40,46,50,60,70,80,90,96,100,101,110"
790,18:50,10,10,인천공항,12,"9,19,29,39,49,59,69,79,89,99,109,119"
790,18:50,2,2,수서,12,"1,11,21,41,43,51,61,71,81,91,95,111"
790,18:50,3,3,삼성,13,"2,12,32,34,42,52,53,62,72,82,92,102,112"
790,18:50,4,4,여의도,14,"3,6,13,22,23,33,57,63,73,83,93,103,113,115"
790,18:50,5,5,김포공항,11,"4,14,24,44,54,64,74,84,94,104,114"
790,18:50,6,6,일산,10,"5,15,25,35,45,55,65,75,85,105"
790,18:50,7,7,판교,9,"16,26,36,56,66,76,86,106,116"
790,18:50,8,8,동탄/용인,11,"7,17,27,37,47,67,77,87,97,107,117"
790,18:50,9,9,평택,12,"8,18,28,38,48,58,68,78,88,98,108,118"
791,18:51,1,1,서울역,16,"0,10,20,30,31,40,46,50,60,70,80,90,96,100,101,110"
791,18:51,10,10,인천공항,12,"9,19,29,39,49,59,69,79,89,99,109,119"
791,18:51,2,2,수서,12,"1,11,21,41,43,51,61,71,81,91,95,111"
791,18:51,3,3,삼성,13,"2,12,32,34,42,52,53,62,72,82,92,102,112"
791,18:51,4,4,여의도,14,"3,6,13,22,23,33,57,63,73,83,93,103,113,115"
791,18:51,5,5,김포공항,11,"4,14,24,44,54,64,74,84,94,104,114"
791,18:51,6,6,일산,10,"5,15,25,35,45,55,65,75,85,105"
791,18:51,7,7,판교,9,"16,26,36,56,66,76,86,106,116"
791,18:51,8,8,동탄/용인,11,"7,17,27,37,47,67,77,87,97,107,117"
791,18:51,9,9,평택,12,"8,18,28,38,48,58,68,78,88,98,108,118"
792,18:52,1,1,서울역,16,"0,10,20,30,31,40,46,50,60,70,80,90,96,100,101,110"
792,18:52,10,10,인천공항,12,"9,19,29,39,49,59,69,79,89,99,109,119"
792,18:52,2,2,수서,12,"1,11,21,41,43,51,61,71,81,91,95,111"
792,18:52,3,3,삼성,13,"2,12,32,34,42,52,53,62,72,82,92,102,112"
792,18:52,4,4,여의도,14,"3,6,13,22,23,33,57,63,73,83,93,103,113,115"
792,18:52,5,5,김포공항,11,"4,14,24,44,54,64,74,84,94,104,114"
792,18:52,6,6,일산,10,"5,15,25,35,45,55,65,75,85,105"
792,18:52,7,7,판교,9,"16,26,36,56,66,76,86,106,116"
792,18:52,8,8,동탄/용인,11,"7,17,27,37,47,67,77,87,97,107,117"
792,18:52,9,9,평택,12,"8,18,28,38,48,58,68,78,88,98,108,118"
793,18:53,1,1,서울역,16,"0,10,20,30,31,40,46,50,60,70,80,90,96,100,101,110"
793,18:53,10,10,인천공항,12,"9,19,29,39,49,59,69,79,89,99,109,119"
793,18:53,2,2,수서,12,"1,11,21,41,43,51,61,71,81,91,95,111"
793,18:53,3,3,삼성,13,"2,12,32,34,42,52,53,62,72,82,92,102,112"
793,18:53,4,4,여의도,14,"3,6,13,22,23,33,57,63,73,83,93,103,113,115"
793,18:53,5,5,김포공항,11,"4,14,24,44,54,64,74,84,94,104,114"
793,18:53,6,6,일산,10,"5,15,25,35,45,55,65,75,85,105"
793,18:53,7,7,판교,9,"16,26,36,56,66,76,86,106,116"
793,18:53,8,8,동탄/용인,11,"7,17,27,37,47,67,77,87,97,107,117"
793,18:53,9,9,평택,12,"8,18,28,38,48,58,68,78,88,98,108,118"
794,18:54,1,1,서울역,16,"0,10,20,30,31,40,46,50,60,70,80,90,96,100,101,110"
794,18:54,10,10,인천공항,12,"9,19,29,39,49,59,69,79,89,99,109,119"
794,18:54,2,2,수서,12,"1,11,21,41,43,51,61,71,81,91,95,111"
794,18:54,3,3,삼성,13,"2,12,32,34,42,52,53,62,72,82,92,102,112"
794,18:54,4,4,여의도,14,"3,6,13,22,23,33,57,63,73,83,93,103,113,115"
794,18:54,5,5,김포공항,11,"4,14,24,44,54,64,74,84,94,104,114"
794,18:54,6,6,일산,10,"5,15,25,35,45,55,65,75,85,105"
794,18:54,7,7,판교,9,"16,26,36,56,66,76,86,106,116"
794,18:54,8,8,동탄/용인,11,"7,17,27,37,47,67,77,87,97,107,117"
794,18:54,9,9,평택,12,"8,18,28,38,48,58,68,78,88,98,108,118"
795,18:55,1,1,서울역,16,"0,10,20,30,31,40,46,50,60,70,80,90,96,100,101,110"
795,18:55,10,10,인천공항,12,"9,19,29,39,49,59,69,79,89,99,109,119"
795,18:55,2,2,수서,12,"1,11,21,41,43,51,61,71,81,91,95,111"
795,18:55,3,3,삼성,13,"2,12,32,34,42,52,53,62,72,82,92,102,112"
795,18:55,4,4,여의도,14,"3,6,13,22,23,33,57,63,73,83,93,103,113,115"
795,18:55,5,5,김포공항,11,"4,14,24,44,54,64,74,84,94,104,114"
795,18:55,6,6,일산,10,"5,15,25,35,45,55,65,75,85,105"
795,18:55,7,7,판교,9,"16,26,36,56,66,76,86,106,116"
795,18:55,8,8,동탄/용인,11,"7,17,27,37,47,67,77,87,97,107,117"
795,18:55,9,9,평택,12,"8,18,28,38,48,58,68,78,88,98,108,118"
796,18:56,1,1,서울역,16,"0,10,20,30,31,40,46,50,60,70,80,90,96,100,101,110"
796,18:56,10,10,인천공항,12,"9,19,29,39,49,59,69,79,89,99,109,119"
796,18:56,2,2,수서,12,"1,11,21,41,43,51,61,71,81,91,95,111"
796,18:56,3,3,삼성,13,"2,12,32,34,42,52,53,62,72,82,92,102,112"
796,18:56,4,4,여의도,14,"3,6,13,22,23,33,57,63,73,83,93,103,113,115"
796,18:56,5,5,김포공항,11,"4,14,24,44,54,64,74,84,94,104,114"
796,18:56,6,6,일산,10,"5,15,25,35,45,55,65,75,85,105"
796,18:56,7,7,판교,9,"16,26,36,56,66,76,86,106,116"
796,18:56,8,8,동탄/용인,11,"7,17,27,37,47,67,77,87,97,107,117"
796,18:56,9,9,평택,12,"8,18,28,38,48,58,68,78,88,98,108,118"
797,18:57,1,1,서울역,16,"0,10,20,30,31,40,46,50,60,70,80,90,96,100,101,110"
797,18:57,10,10,인천공항,12,"9,19,29,39,49,59,69,79,89,99,109,119"
797,18:57,2,2,수서,12,"1,11,21,41,43,51,61,71,81,91,95,111"
797,18:57,3,3,삼성,13,"2,12,32,34,42,52,53,62,72,82,92,102,112"
797,18:57,4,4,여의도,14,"3,6,13,22,23,33,57,63,73,83,93,103,113,115"
797,18:57,5,5,김포공항,11,"4,14,24,44,54,64,74,84,94,104,114"
797,18:57,6,6,일산,10,"5,15,25,35,45,55,65,75,85,105"
797,18:57,7,7,판교,9,"16,26,36,56,66,76,86,106,116"
797,18:57,8,8,동탄/용인,11,"7,17,27,37,47,67,77,87,97,107,117"
797,18:57,9,9,평택,12,"8,18,28,38,48,58,68,78,88,98,108,118"
798,18:58,1,1,서울역,16,"0,10,20,30,31,40,46,50,60,70,80,90,96,100,101,110"
798,18:58,10,10,인천공항,12,"9,19,29,39,49,59,69,79,89,99,109,119"
798,18:58,2,2,수서,12,"1,11,21,41,43,51,61,71,81,91,95,111"
798,18:58,3,3,삼성,13,"2,12,32,34,42,52,53,62,72,82,92,102,112"
798,18:58,4,4,여의도,14,"3,6,13,22,23,33,57,63,73,83,93,103,113,115"
798,18:58,5,5,김포공항,11,"4,14,24,44,54,64,74,84,94,104,114"
798,18:58,6,6,일산,10,"5,15,25,35,45,55,65,75,85,105"
798,18:58,7,7,판교,9,"16,26,36,56,66,76,86,106,116"
798,18:58,8,8,동탄/용인,11,"7,17,27,37,47,67,77,87,97,107,117"
798,18:58,9,9,평택,12,"8,18,28,38,48,58,68,78,88,98,108,118"
799,18:59,1,1,서울역,16,"0,10,20,30,31,40,46,50,60,70,80,90,96,100,101,110"
799,18:59,10,10,인천공항,12,"9,19,29,39,49,59,69,79,89,99,109,119"
799,18:59,2,2,수서,12,"1,11,21,41,43,51,61,71,81,91,95,111"
799,18:59,3,3,삼성,13,"2,12,32,34,42,52,53,62,72,82,92,102,112"
799,18:59,4,4,여의도,14,"3,6,13,22,23,33,57,63,73,83,93,103,113,115"
799,18:59,5,5,김포공항,11,"4,14,24,44,54,64,74,84,94,104,114"
799,18:59,6,6,일산,10,"5,15,25,35,45,55,65,75,85,105"
799,18:59,7,7,판교,9,"16,26,36,56,66,76,86,106,116"
799,18:59,8,8,동탄/용인,11,"7,17,27,37,47,67,77,87,97,107,117"
799,18:59,9,9,평택,12,"8,18,28,38,48,58,68,78,88,98,108,118"
800,19:00,1,1,서울역,16,"0,10,20,30,31,40,46,50,60,70,80,90,96,100,101,110"
800,19:00,10,10,인천공항,12,"9,19,29,39,49,59,69,79,89,99,109,119"
800,19:00,2,2,수서,11,"1,11,21,41,43,51,61,71,81,91,111"
800,19:00,3,3,삼성,11,"12,32,42,52,53,62,72,82,92,102,112"
800,19:00,4,4,여의도,14,"3,6,13,22,23,33,57,63,73,83,93,103,113,115"
800,19:00,5,5,김포공항,11,"4,14,24,44,54,64,74,84,94,104,114"
800,19:00,6,6,일산,10,"5,15,25,35,45,55,65,75,85,105"
800,19:00,7,7,판교,9,"16,26,36,56,66,76,86,106,116"
800,19:00,8,8,동탄/용인,11,"7,17,27,37,47,67,77,87,97,107,117"
800,19:00,9,9,평택,12,"8,18,28,38,48,58,68,78,88,98,108,118"
801,19:01,1,1,서울역,16,"0,10,20,30,31,40,46,50,60,70,80,90,96,100,101,110"
801,19:01,10,10,인천공항,12,"9,19,29,39,49,59,69,79,89,99,109,119"
801,19:01,2,2,수서,11,"1,11,21,41,43,51,61,71,81,91,111"
801,19:01,3,3,삼성,11,"12,32,42,52,53,62,72,82,92,102,112"
801,19:01,4,4,여의도,14,"3,6,13,22,23,33,57,63,73,83,93,103,113,115"
801,19:01,5,5,김포공항,11,"4,14,24,44,54,64,74,84,94,104,114"
801,19:01,6,6,일산,10,"5,15,25,35,45,55,65,75,85,105"
801,19:01,7,7,판교,9,"16,26,36,56,66,76,86,106,116"
801,19:01,8,8,동탄/용인,11,"7,17,27,37,47,67,77,87,97,107,117"
801,19:01,9,9,평택,12,"8,18,28,38,48,58,68,78,88,98,108,118"
802,19:02,1,1,서울역,16,"0,10,20,30,31,40,46,50,60,70,80,90,96,100,101,110"
802,19:02,10,10,인천공항,12,"9,19,29,39,49,59,69,79,89,99,109,119"
802,19:02,2,2,수서,11,"1,11,21,41,43,51,61,71,81,91,111"
802,19:02,3,3,삼성,11,"12,32,42,52,53,62,72,82,92,102,112"
802,19:02,4,4,여의도,14,"3,6,13,22,23,33,57,63,73,83,93,103,113,115"
802,19:02,5,5,김포공항,11,"4,14,24,44,54,64,74,84,94,104,114"
802,19:02,6,6,일산,10,"5,15,25,35,45,55,65,75,85,105"
802,19:02,7,7,판교,9,"16,26,36,56,66,76,86,106,116"
802,19:02,8,8,동탄/용인,11,"7,17,27,37,47,67,77,87,97,107,117"
802,19:02,9,9,평택,12,"8,18,28,38,48,58,68,78,88,98,108,118"
803,19:03,1,1,서울역,14,"0,10,20,30,40,46,50,60,70,80,90,96,100,110"
803,19:03,10,10,인천공항,12,"9,19,29,39,49,59,69,79,89,99,109,119"
803,19:03,2,2,수서,11,"1,11,21,34,41,51,61,71,81,91,111"
803,19:03,3,3,삼성,11,"12,32,42,52,53,62,72,82,92,102,112"
803,19:03,4,4,여의도,12,"3,6,13,23,33,63,73,83,93,103,113,115"
803,19:03,5,5,김포공항,11,"4,14,24,44,54,64,74,84,94,104,114"
803,19:03,6,6,일산,10,"5,15,25,35,45,55,65,75,85,105"
803,19:03,7,7,판교,9,"16,26,36,56,66,76,86,106,116"
803,19:03,8,8,동탄/용인,11,"7,17,27,37,47,67,77,87,97,107,117"
803,19:03,9,9,평택,12,"8,18,28,38,48,58,68,78,88,98,108,118"
804,19:04,1,1,서울역,14,"0,10,20,30,40,46,50,60,70,80,90,96,100,110"
804,19:04,10,10,인천공항,12,"9,19,29,39,49,59,69,79,89,99,109,119"
804,19:04,2,2,수서,11,"1,11,21,34,41,51,61,71,81,91,111"
804,19:04,3,3,삼성,11,"12,32,42,52,53,62,72,82,92,102,112"
804,19:04,4,4,여의도,12,"3,6,13,23,33,63,73,83,93,103,113,115"
804,19:04,5,5,김포공항,11,"4,14,24,44,54,64,74,84,94,104,114"
804,19:04,6,6,일산,10,"5,15,25,35,45,55,65,75,85,105"
804,19:04,7,7,판교,9,"16,26,36,56,66,76,86,106,116"
804,19:04,8,8,동탄/용인,11,"7,17,27,37,47,67,77,87,97,107,117"
804,19:04,9,9,평택,12,"8,18,28,38,48,58,68,78,88,98,108,118"
805,19:05,1,1,서울역,14,"0,10,20,30,40,46,50,60,70,80,90,96,100,110"
805,19:05,10,10,인천공항,12,"9,19,29,39,49,59,69,79,89,99,109,119"
805,19:05,2,2,수서,11,"1,11,21,34,41,51,61,71,81,91,111"
805,19:05,3,3,삼성,11,"12,32,42,52,53,62,72,82,92,102,112"
805,19:05,4,4,여의도,12,"3,6,13,23,33,63,73,83,93,103,113,115"
805,19:05,5,5,김포공항,11,"4,14,24,44,54,64,74,84,94,104,114"
805,19:05,6,6,일산,10,"5,15,25,35,45,55,65,75,85,105"
805,19:05,7,7,판교,9,"16,26,36,56,66,76,86,106,116"
805,19:05,8,8,동탄/용인,11,"7,17,27,37,47,67,77,87,97,107,117"
805,19:05,9,9,평택,12,"8,18,28,38,48,58,68,78,88,98,108,118"
806,19:06,1,1,서울역,12,"0,2,20,30,40,50,60,70,80,90,100,110"
806,19:06,10,10,인천공항,12,"9,19,29,39,49,59,69,79,89,99,109,119"
806,19:06,2,2,수서,10,"1,11,21,41,51,61,71,81,91,111"
806,19:06,3,3,삼성,10,"12,32,42,52,62,72,82,92,102,112"
806,19:06,4,4,여의도,11,"3,13,23,33,63,73,83,93,95,103,113"
806,19:06,5,5,김포공항,11,"4,14,24,44,54,64,74,84,94,104,114"
806,19:06,6,6,일산,10,"5,15,25,35,45,55,65,75,85,105"
806,19:06,7,7,판교,9,"16,26,36,56,66,76,86,106,116"
806,19:06,8,8,동탄/용인,11,"7,17,27,37,47,67,77,87,97,107,117"
806,19:06,9,9,평택,12,"8,18,28,38,48,58,68,78,88,98,108,118"
807,19:07,1,1,서울역,12,"0,2,20,30,40,50,60,70,80,90,100,110"
807,19:07,10,10,인천공항,12,"9,19,29,39,49,59,69,79,89,99,109,119"
807,19:07,2,2,수서,10,"1,11,21,41,51,61,71,81,91,111"
807,19:07,3,3,삼성,10,"12,32,42,52,62,72,82,92,102,112"
807,19:07,4,4,여의도,11,"3,13,23,33,63,73,83,93,95,103,113"
807,19:07,5,5,김포공항,11,"4,14,24,44,54,64,74,84,94,104,114"
807,19:07,6,6,일산,10,"5,15,25,35,45,55,65,75,85,105"
807,19:07,7,7,판교,9,"16,26,36,56,66,76,86,106,116"
807,19:07,8,8,동탄/용인,11,"7,17,27,37,47,67,77,87,97,107,117"
807,19:07,9,9,평택,12,"8,18,28,38,48,58,68,78,88,98,108,118"
808,19:08,1,1,서울역,12,"0,2,20,30,40,50,60,70,80,90,100,110"
808,19:08,10,10,인천공항,12,"9,19,29,39,49,59,69,79,89,99,109,119"
808,19:08,2,2,수서,10,"1,11,21,41,51,61,71,81,91,111"
808,19:08,3,3,삼성,10,"12,32,42,52,62,72,82,92,102,112"
808,19:08,4,4,여의도,11,"3,13,23,33,63,73,83,93,95,103,113"
808,19:08,5,5,김포공항,11,"4,14,24,44,54,64,74,84,94,104,114"
808,19:08,6,6,일산,10,"5,15,25,35,45,55,65,75,85,105"
808,19:08,7,7,판교,9,"16,26,36,56,66,76,86,106,116"
808,19:08,8,8,동탄/용인,11,"7,17,27,37,47,67,77,87,97,107,117"
808,19:08,9,9,평택,12,"8,18,28,38,48,58,68,78,88,98,108,118"
809,19:09,1,1,서울역,11,"0,20,30,40,50,60,70,80,90,100,110"
809,19:09,10,10,인천공항,12,"9,19,29,39,49,59,69,79,89,99,109,119"
809,19:09,2,2,수서,10,"1,11,21,41,51,61,71,81,91,111"
809,19:09,3,3,삼성,12,"12,31,32,42,52,62,72,82,92,101,102,112"
809,19:09,4,4,여의도,10,"3,13,23,33,63,73,83,93,103,113"
809,19:09,5,5,김포공항,11,"4,14,24,44,54,64,74,84,94,104,114"
809,19:09,6,6,일산,10,"5,15,25,35,45,55,65,75,85,105"
809,19:09,7,7,판교,9,"16,26,36,56,66,76,86,106,116"
809,19:09,8,8,동탄/용인,11,"7,17,27,37,47,67,77,87,97,107,117"
809,19:09,9,9,평택,12,"8,18,28,38,48,58,68,78,88,98,108,118"
810,19:10,1,1,서울역,11,"0,20,30,40,50,60,70,80,90,100,110"
810,19:10,10,10,인천공항,12,"9,19,29,39,49,59,69,79,89,99,109,119"
810,19:10,2,2,수서,10,"1,11,21,41,51,61,71,81,91,111"
810,19:10,3,3,삼성,13,"12,22,31,32,42,52,62,72,82,92,101,102,112"
810,19:10,4,4,여의도,10,"3,13,23,33,63,73,83,93,103,113"
810,19:10,5,5,김포공항,11,"4,14,24,44,54,64,74,84,94,104,114"
810,19:10,6,6,일산,10,"5,15,25,35,45,55,65,75,85,105"
810,19:10,7,7,판교,9,"16,26,36,56,66,76,86,106,116"
810,19:10,8,8,동탄/용인,11,"7,17,27,37,47,67,77,87,97,107,117"
810,19:10,9,9,평택,12,"8,18,28,38,48,58,68,78,88,98,108,118"
811,19:11,1,1,서울역,11,"0,20,30,40,50,60,70,80,90,100,110"
811,19:11,10,10,인천공항,12,"9,19,29,39,49,59,69,79,89,99,109,119"
811,19:11,2,2,수서,10,"1,11,21,41,51,61,71,81,91,111"
811,19:11,3,3,삼성,13,"12,22,31,32,42,52,62,72,82,92,101,102,112"
811,19:11,4,4,여의도,10,"3,13,23,33,63,73,83,93,103,113"
811,19:11,5,5,김포공항,12,"4,14,24,43,44,54,64,74,84,94,104,114"
811,19:11,6,6,일산,10,"5,15,25,35,45,55,65,75,85,105"
811,19:11,7,7,판교,9,"16,26,36,56,66,76,86,106,116"
811,19:11,8,8,동탄/용인,11,"7,17,27,37,47,67,77,87,97,107,117"
811,19:11,9,9,평택,12,"8,18,28,38,48,58,68,78,88,98,108,118"
812,19:12,1,1,서울역,11,"0,20,30,40,50,60,70,80,90,100,110"
812,19:12,10,10,인천공항,12,"9,19,29,39,49,59,69,79,89,99,109,119"
812,19:12,2,2,수서,10,"1,11,21,41,51,61,71,81,91,111"
812,19:12,3,3,삼성,12,"10,12,22,32,42,52,62,72,82,92,102,112"
812,19:12,4,4,여의도,10,"3,13,23,33,63,73,83,93,103,113"
812,19:12,5,5,김포공항,12,"4,14,24,43,44,54,64,74,84,94,104,114"
812,19:12,6,6,일산,10,"5,15,25,35,45,55,65,75,85,105"
812,19:12,7,7,판교,9,"16,26,36,56,66,76,86,106,116"
812,19:12,8,8,동탄/용인,11,"7,17,27,37,47,67,77,87,97,107,117"
812,19:12,9,9,평택,12,"8,18,28,38,48,58,68,78,88,98,108,118"
813,19:13,1,1,서울역,11,"0,20,30,40,50,60,70,80,90,100,110"
813,19:13,10,10,인천공항,12,"9,19,29,39,49,59,69,79,89,99,109,119"
813,19:13,2,2,수서,10,"1,11,21,41,51,61,71,81,91,111"
813,19:13,3,3,삼성,12,"10,12,22,32,42,52,62,72,82,92,102,112"
813,19:13,4,4,여의도,11,"3,13,23,33,53,63,73,83,93,103,113"
813,19:13,5,5,김포공항,12,"4,14,24,43,44,54,64,74,84,94,104,114"
813,19:13,6,6,일산,11,"5,15,25,35,45,55,65,75,85,105,115"
813,19:13,7,7,판교,12,"6,16,26,36,46,56,66,76,86,96,106,116"
813,19:13,8,8,동탄/용인,11,"7,17,27,37,47,67,77,87,97,107,117"
813,19:13,9,9,평택,12,"8,18,28,38,48,58,68,78,88,98,108,118"
814,19:14,1,1,서울역,11,"0,20,30,40,50,60,70,80,90,100,110"
814,19:14,10,10,인천공항,12,"9,19,29,39,49,59,69,79,89,99,109,119"
814,19:14,2,2,수서,10,"1,11,21,41,51,61,71,81,91,111"
814,19:14,3,3,삼성,12,"10,12,22,32,42,52,62,72,82,92,102,112"
814,19:14,4,4,여의도,11,"3,13,23,33,53,63,73,83,93,103,113"
814,19:14,5,5,김포공항,12,"4,14,24,34,44,54,64,74,84,94,104,114"
814,19:14,6,6,일산,11,"5,15,25,35,45,55,65,75,85,105,115"
814,19:14,7,7,판교,12,"6,16,26,36,46,56,66,76,86,96,106,116"
814,19:14,8,8,동탄/용인,12,"7,17,27,37,47,57,67,77,87,97,107,117"
814,19:14,9,9,평택,12,"8,18,28,38,48,58,68,78,88,98,108,118"
815,19:15,1,1,서울역,11,"0,20,30,40,50,60,70,80,90,100,110"
815,19:15,10,10,인천공항,12,"9,19,29,39,49,59,69,79,89,99,109,119"
815,19:15,2,2,수서,12,"1,11,21,31,41,51,61,71,81,91,101,111"
815,19:15,3,3,삼성,13,"2,10,12,22,32,42,52,62,72,82,92,102,112"
815,19:15,4,4,여의도,11,"3,13,23,33,53,63,73,83,93,103,113"
815,19:15,5,5,김포공항,12,"4,14,24,34,44,54,64,74,84,94,104,114"
815,19:15,6,6,일산,11,"5,15,25,35,45,55,65,75,85,105,115"
815,19:15,7,7,판교,12,"6,16,26,36,46,56,66,76,86,96,106,116"
815,19:15,8,8,동탄/용인,12,"7,17,27,37,47,57,67,77,87,97,107,117"
815,19:15,9,9,평택,12,"8,18,28,38,48,58,68,78,88,98,108,118"
816,19:16,1,1,서울역,11,"0,20,30,40,50,60,70,80,90,100,110"
816,19:16,10,10,인천공항,12,"9,19,29,39,49,59,69,79,89,99,109,119"
816,19:16,2,2,수서,12,"1,11,21,31,41,51,61,71,81,91,101,111"
816,19:16,3,3,삼성,13,"2,10,12,22,32,42,52,62,72,82,92,102,112"
816,19:16,4,4,여의도,11,"3,13,23,33,53,63,73,83,93,103,113"
816,19:16,5,5,김포공항,12,"4,14,24,34,44,54,64,74,84,94,104,114"
816,19:16,6,6,일산,12,"5,15,25,35,45,55,65,75,85,95,105,115"
816,19:16,7,7,판교,12,"6,16,26,36,46,56,66,76,86,96,106,116"
816,19:16,8,8,동탄/용인,12,"7,17,27,37,47,57,67,77,87,97,107,117"
816,19:16,9,9,평택,12,"8,18,28,38,48,58,68,78,88,98,108,118"
817,19:17,1,1,서울역,11,"0,20,30,40,50,60,70,80,90,100,110"
817,19:17,10,10,인천공항,12,"9,19,29,39,49,59,69,79,89,99,109,119"
817,19:17,2,2,수서,12,"1,11,21,31,41,51,61,71,81,91,101,111"
817,19:17,3,3,삼성,13,"2,10,12,22,32,42,52,62,72,82,92,102,112"
817,19:17,4,4,여의도,11,"3,13,23,33,53,63,73,83,93,103,113"
817,19:17,5,5,김포공항,12,"4,14,24,34,44,54,64,74,84,94,104,114"
817,19:17,6,6,일산,12,"5,15,25,35,45,55,65,75,85,95,105,115"
817,19:17,7,7,판교,12,"6,16,26,36,46,56,66,76,86,96,106,116"
817,19:17,8,8,동탄/용인,12,"7,17,27,37,47,57,67,77,87,97,107,117"
817,19:17,9,9,평택,12,"8,18,28,38,48,58,68,78,88,98,108,118"
818,19:18,1,1,서울역,11,"0,20,30,40,50,60,70,80,90,100,110"
818,19:18,10,10,인천공항,12,"9,19,29,39,49,59,69,79,89,99,109,119"
818,19:18,2,2,수서,12,"1,11,21,31,41,51,61,71,81,91,101,111"
818,19:18,3,3,삼성,12,"2,12,22,32,42,52,62,72,82,92,102,112"
818,19:18,4,4,여의도,11,"3,13,23,33,53,63,73,83,93,103,113"
818,19:18,5,5,김포공항,12,"4,14,24,34,44,54,64,74,84,94,104,114"
818,19:18,6,6,일산,12,"5,15,25,35,45,55,65,75,85,95,105,115"
818,19:18,7,7,판교,12,"6,16,26,36,46,56,66,76,86,96,106,116"
818,19:18,8,8,동탄/용인,12,"7,17,27,37,47,57,67,77,87,97,107,117"
818,19:18,9,9,평택,12,"8,18,28,38,48,58,68,78,88,98,108,118"
819,19:19,1,1,서울역,11,"0,20,30,40,50,60,70,80,90,100,110"
819,19:19,10,10,인천공항,12,"9,19,29,39,49,59,69,79,89,99,109,119"
819,19:19,2,2,수서,12,"1,11,21,31,41,51,61,71,81,91,101,111"
819,19:19,3,3,삼성,12,"2,12,22,32,42,52,62,72,82,92,102,112"
819,19:19,4,4,여의도,11,"3,13,23,33,53,63,73,83,93,103,113"
819,19:19,5,5,김포공항,12,"4,14,24,34,44,54,64,74,84,94,104,114"
819,19:19,6,6,일산,12,"5,15,25,35,45,55,65,75,85,95,105,115"
819,19:19,7,7,판교,12,"6,16,26,36,46,56,66,76,86,96,106,116"
819,19:19,8,8,동탄/용인,12,"7,17,27,37,47,57,67,77,87,97,107,117"
819,19:19,9,9,평택,12,"8,18,28,38,48,58,68,78,88,98,108,118"
820,19:20,1,1,서울역,11,"0,20,30,40,50,60,70,80,90,100,110"
820,19:20,10,10,인천공항,12,"9,19,29,39,49,59,69,79,89,99,109,119"
820,19:20,2,2,수서,12,"1,11,21,31,41,51,61,71,81,91,101,111"
820,19:20,3,3,삼성,12,"2,12,22,32,42,52,62,72,82,92,102,112"
820,19:20,4,4,여의도,12,"3,13,23,33,43,53,63,73,83,93,103,113"
820,19:20,5,5,김포공항,12,"4,14,24,34,44,54,64,74,84,94,104,114"
820,19:20,6,6,일산,12,"5,15,25,35,45,55,65,75,85,95,105,115"
820,19:20,7,7,판교,12,"6,16,26,36,46,56,66,76,86,96,106,116"
820,19:20,8,8,동탄/용인,12,"7,17,27,37,47,57,67,77,87,97,107,117"
820,19:20,9,9,평택,12,"8,18,28,38,48,58,68,78,88,98,108,118"
821,19:21,1,1,서울역,11,"0,20,30,40,50,60,70,80,90,100,110"
821,19:21,10,10,인천공항,12,"9,19,29,39,49,59,69,79,89,99,109,119"
821,19:21,2,2,수서,12,"1,11,21,31,41,51,61,71,81,91,101,111"
821,19:21,3,3,삼성,12,"2,12,22,32,42,52,62,72,82,92,102,112"
821,19:21,4,4,여의도,12,"3,13,23,33,43,53,63,73,83,93,103,113"
821,19:21,5,5,김포공항,12,"4,14,24,34,44,54,64,74,84,94,104,114"
821,19:21,6,6,일산,12,"5,15,25,35,45,55,65,75,85,95,105,115"
821,19:21,7,7,판교,12,"6,16,26,36,46,56,66,76,86,96,106,116"
821,19:21,8,8,동탄/용인,12,"7,17,27,37,47,57,67,77,87,97,107,117"
821,19:21,9,9,평택,12,"8,18,28,38,48,58,68,78,88,98,108,118"
822,19:22,1,1,서울역,11,"0,20,30,40,50,60,70,80,90,100,110"
822,19:22,10,10,인천공항,12,"9,19,29,39,49,59,69,79,89,99,109,119"
822,19:22,2,2,수서,12,"1,11,21,31,41,51,61,71,81,91,101,111"
822,19:22,3,3,삼성,12,"2,12,22,32,42,52,62,72,82,92,102,112"
822,19:22,4,4,여의도,12,"3,13,23,33,43,53,63,73,83,93,103,113"
822,19:22,5,5,김포공항,12,"4,14,24,34,44,54,64,74,84,94,104,114"
822,19:22,6,6,일산,12,"5,15,25,35,45,55,65,75,85,95,105,115"
822,19:22,7,7,판교,12,"6,16,26,36,46,56,66,76,86,96,106,116"
822,19:22,8,8,동탄/용인,12,"7,17,27,37,47,57,67,77,87,97,107,117"
822,19:22,9,9,평택,12,"8,18,28,38,48,58,68,78,88,98,108,118"
823,19:23,1,1,서울역,11,"0,20,30,40,50,60,70,80,90,100,110"
823,19:23,10,10,인천공항,12,"9,19,29,39,49,59,69,79,89,99,109,119"
823,19:23,2,2,수서,12,"1,11,21,31,41,51,61,71,81,91,101,111"
823,19:23,3,3,삼성,12,"2,12,22,32,42,52,62,72,82,92,102,112"
823,19:23,4,4,여의도,12,"3,13,23,33,43,53,63,73,83,93,103,113"
823,19:23,5,5,김포공항,12,"4,14,24,34,44,54,64,74,84,94,104,114"
823,19:23,6,6,일산,12,"5,15,25,35,45,55,65,75,85,95,105,115"
823,19:23,7,7,판교,12,"6,16,26,36,46,56,66,76,86,96,106,116"
823,19:23,8,8,동탄/용인,12,"7,17,27,37,47,57,67,77,87,97,107,117"
823,19:23,9,9,평택,12,"8,18,28,38,48,58,68,78,88,98,108,118"
824,19:24,1,1,서울역,12,"0,10,20,30,40,50,60,70,80,90,100,110"
824,19:24,10,10,인천공항,12,"9,19,29,39,49,59,69,79,89,99,109,119"
824,19:24,2,2,수서,12,"1,11,21,31,41,51,61,71,81,91,101,111"
824,19:24,3,3,삼성,12,"2,12,22,32,42,52,62,72,82,92,102,112"
824,19:24,4,4,여의도,12,"3,13,23,33,43,53,63,73,83,93,103,113"
824,19:24,5,5,김포공항,12,"4,14,24,34,44,54,64,74,84,94,104,114"
824,19:24,6,6,일산,12,"5,15,25,35,45,55,65,75,85,95,105,115"
824,19:24,7,7,판교,12,"6,16,26,36,46,56,66,76,86,96,106,116"
824,19:24,8,8,동탄/용인,12,"7,17,27,37,47,57,67,77,87,97,107,117"
824,19:24,9,9,평택,12,"8,18,28,38,48,58,68,78,88,98,108,118"
