vehicle_id,sequence,event,from_node,to_node,physical_from_node,physical_to_node,start_time,end_time,start_time_hhmm,end_time_hhmm,duration_min,travel_time,travel_distance_km,charging_time,charged_range_km,remaining_range_before,remaining_range_after,onboard_passengers,related_batch_id,movement_type,from_event,to_event
0,0,Stay,1,1,1,1,0,36,05:40,06:16,36,0,0.0,36,0.0,160.0,160.0,0,B14,parking_charging,Position,Pickup
0,1,Pickup,1,1,1,1,36,39,06:16,06:19,3,0,0.0,2,0.0,160.0,160.0,1,B14,pickup_service,Pickup,Pickup
0,2,Stay,1,1,1,1,39,47,06:19,06:27,8,0,0.0,8,0.0,160.0,160.0,1,B14,parking_charging,Position,Movement
0,3,Movement,1,10,1,10,47,60,06:27,06:40,13,13,47.44,0,0.0,160.0,112.56,1,B14,passenger_flight,Position,Delivery
0,4,Delivery,10,10,10,10,60,63,06:40,06:43,3,0,0.0,2,8.534,112.56,121.094,0,B14,delivery_service,Delivery,Delivery
0,5,Stay,10,10,10,10,63,71,06:43,06:51,8,0,0.0,8,34.136,121.094,155.23,0,B44,parking_charging,Position,Pickup
0,6,Pickup,10,10,10,10,71,74,06:51,06:54,3,0,0.0,2,4.77,155.23,160.0,2,B44,pickup_service,Pickup,Pickup
0,7,Pickup,10,10,10,10,74,77,06:54,06:57,3,0,0.0,2,0.0,160.0,160.0,3,B46,pickup_service,Pickup,Pickup
0,8,Movement,10,4,10,4,77,89,06:57,07:09,12,12,42.86,0,0.0,160.0,117.14,3,B46,passenger_flight,Position,Delivery
0,9,Delivery,4,4,4,4,89,92,07:09,07:12,3,0,0.0,2,8.534,117.14,125.674,2,B46,delivery_service,Delivery,Delivery
0,10,Delivery,4,4,4,4,92,95,07:12,07:15,3,0,0.0,2,8.534,125.674,134.208,0,B44,delivery_service,Delivery,Delivery
0,11,Stay,4,4,4,4,95,143,07:15,08:03,48,0,0.0,48,25.792,134.208,160.0,0,B167,parking_charging,Position,Movement
0,12,Movement,4,6,4,6,143,150,08:03,08:10,7,7,22.06,0,0.0,160.0,137.94,0,B167,empty_repositioning,Position,Pickup
0,13,Pickup,6,6,6,6,150,153,08:10,08:13,3,0,0.0,2,8.534,137.94,146.474,2,B167,pickup_service,Pickup,Pickup
0,14,Stay,6,6,6,6,153,155,08:13,08:15,2,0,0.0,2,8.534,146.474,155.008,2,B187,parking_charging,Position,Pickup
0,15,Pickup,6,6,6,6,155,158,08:15,08:18,3,0,0.0,2,4.992,155.008,160.0,4,B187,pickup_service,Pickup,Pickup
0,16,Movement,6,7,6,7,158,170,08:18,08:30,12,12,43.48,0,0.0,160.0,116.52,4,B187,passenger_flight,Position,Delivery
0,17,Delivery,7,7,7,7,170,173,08:30,08:33,3,0,0.0,2,8.534,116.52,125.054,2,B187,delivery_service,Delivery,Delivery
0,18,Delivery,7,7,7,7,173,176,08:33,08:36,3,0,0.0,2,8.534,125.054,133.588,0,B167,delivery_service,Delivery,Delivery
0,19,Pickup,7,7,7,7,176,179,08:36,08:39,3,0,0.0,2,8.534,133.588,142.122,2,B247,pickup_service,Pickup,Pickup
0,20,Movement,7,4,7,4,179,186,08:39,08:46,7,7,21.43,0,0.0,142.122,120.692,2,B247,passenger_flight,Position,Delivery
0,21,Delivery,4,4,4,4,186,189,08:46,08:49,3,0,0.0,2,8.534,120.692,129.226,0,B247,delivery_service,Delivery,Delivery
0,22,Movement,4,6,4,6,189,196,08:49,08:56,7,7,22.06,0,0.0,129.226,107.166,0,B333,empty_repositioning,Position,Pickup
0,23,Pickup,6,6,6,6,196,199,08:56,08:59,3,0,0.0,2,8.534,107.166,115.7,2,B333,pickup_service,Pickup,Pickup
0,24,Pickup,6,6,6,6,199,202,08:59,09:02,3,0,0.0,2,8.534,115.7,124.234,3,B353,pickup_service,Pickup,Pickup
0,25,Movement,6,1,6,1,202,209,09:02,09:09,7,7,23.39,0,0.0,124.234,100.844,3,B333,passenger_flight,Position,Delivery
0,26,Delivery,1,1,1,1,209,212,09:09,09:12,3,0,0.0,2,8.534,100.844,109.378,1,B333,delivery_service,Delivery,Delivery
0,27,Movement,1,4,1,4,212,216,09:12,09:16,4,4,4.98,0,0.0,109.378,104.398,1,B353,passenger_flight,Position,Delivery
0,28,Delivery,4,4,4,4,216,219,09:16,09:19,3,0,0.0,2,8.534,104.398,112.932,0,B353,delivery_service,Delivery,Delivery
0,29,Pickup,4,4,4,4,219,222,09:19,09:22,3,0,0.0,2,8.534,112.932,121.466,1,B397,pickup_service,Pickup,Pickup
0,30,Movement,4,2,4,2,222,228,09:22,09:28,6,6,16.13,0,0.0,121.466,105.336,1,B397,passenger_flight,Position,Delivery
0,31,Delivery,2,2,2,2,228,231,09:28,09:31,3,0,0.0,2,8.534,105.336,113.87,0,B397,delivery_service,Delivery,Delivery
0,32,Stay,2,2,2,2,231,240,09:31,09:40,9,0,0.0,9,38.403,113.87,152.273,0,B443,parking_charging,Position,Pickup
0,33,Pickup,2,2,2,2,240,243,09:40,09:43,3,0,0.0,2,7.727,152.273,160.0,1,B443,pickup_service,Pickup,Pickup
0,34,Movement,2,4,2,4,243,249,09:43,09:49,6,6,16.13,0,0.0,160.0,143.87,1,B443,passenger_flight,Position,Delivery
0,35,Delivery,4,4,4,4,249,252,09:49,09:52,3,0,0.0,2,8.534,143.87,152.404,0,B443,delivery_service,Delivery,Delivery
0,36,Movement,4,5,4,5,252,258,09:52,09:58,6,6,11.45,0,0.0,152.404,140.954,0,B489,empty_repositioning,Position,Pickup
0,37,Pickup,5,5,5,5,258,261,09:58,10:01,3,0,0.0,2,8.534,140.954,149.488,1,B489,pickup_service,Pickup,Pickup
0,38,Stay,5,5,5,5,261,267,10:01,10:07,6,0,0.0,6,10.512,149.488,160.0,1,B489,parking_charging,Position,Movement
0,39,Movement,5,7,5,7,267,277,10:07,10:17,10,10,32.24,0,0.0,160.0,127.76,1,B489,passenger_flight,Position,Delivery
0,40,Delivery,7,7,7,7,277,280,10:17,10:20,3,0,0.0,2,8.534,127.76,136.294,0,B489,delivery_service,Delivery,Delivery
0,41,Pickup,7,7,7,7,280,283,10:20,10:23,3,0,0.0,2,8.534,136.294,144.828,1,B608,pickup_service,Pickup,Pickup
0,42,Movement,7,4,7,4,283,290,10:23,10:30,7,7,21.43,0,0.0,144.828,123.398,1,B608,passenger_flight,Position,Delivery
0,43,Delivery,4,4,4,4,290,293,10:30,10:33,3,0,0.0,2,8.534,123.398,131.932,0,B608,delivery_service,Delivery,Delivery
0,44,Stay,4,4,4,4,293,342,10:33,11:22,49,0,0.0,49,28.068,131.932,160.0,0,B933,parking_charging,Position,Pickup
0,45,Pickup,4,4,4,4,342,345,11:22,11:25,3,0,0.0,2,0.0,160.0,160.0,1,B933,pickup_service,Pickup,Pickup
0,46,Stay,4,4,4,4,345,346,11:25,11:26,1,0,0.0,1,0.0,160.0,160.0,1,B953,parking_charging,Position,Pickup
0,47,Pickup,4,4,4,4,346,349,11:26,11:29,3,0,0.0,2,0.0,160.0,160.0,2,B953,pickup_service,Pickup,Pickup
0,48,Movement,4,7,4,7,349,356,11:29,11:36,7,7,21.43,0,0.0,160.0,138.57,2,B991,passenger_flight,Position,Pickup
0,49,Pickup,7,7,7,7,356,359,11:36,11:39,3,0,0.0,2,8.534,138.57,147.104,3,B991,pickup_service,Pickup,Pickup
0,50,Delivery,7,7,7,7,359,362,11:39,11:42,3,0,0.0,2,8.534,147.104,155.638,2,B933,delivery_service,Delivery,Delivery
0,51,Delivery,7,7,7,7,362,365,11:42,11:45,3,0,0.0,2,4.362,155.638,160.0,1,B953,delivery_service,Delivery,Delivery
0,52,Movement,7,1,7,1,365,372,11:45,11:52,7,7,21.03,0,0.0,160.0,138.97,1,B991,passenger_flight,Position,Delivery
0,53,Delivery,1,1,1,1,372,375,11:52,11:55,3,0,0.0,2,8.534,138.97,147.504,0,B991,delivery_service,Delivery,Delivery
0,54,Pickup,1,1,1,1,375,378,11:55,11:58,3,0,0.0,2,8.534,147.504,156.038,1,B1032,pickup_service,Pickup,Pickup
0,55,Movement,1,7,1,7,378,385,11:58,12:05,7,7,21.03,0,0.0,156.038,135.008,1,B1032,passenger_flight,Position,Delivery
0,56,Delivery,7,7,7,7,385,388,12:05,12:08,3,0,0.0,2,8.534,135.008,143.542,0,B1032,delivery_service,Delivery,Delivery
0,57,Pickup,7,7,7,7,388,391,12:08,12:11,3,0,0.0,2,8.534,143.542,152.076,1,B1073,pickup_service,Pickup,Pickup
0,58,Movement,7,1,7,1,391,398,12:11,12:18,7,7,21.03,0,0.0,152.076,131.046,1,B1073,passenger_flight,Position,Delivery
0,59,Delivery,1,1,1,1,398,401,12:18,12:21,3,0,0.0,2,8.534,131.046,139.58,0,B1073,delivery_service,Delivery,Delivery
0,60,Stay,1,1,1,1,401,430,12:21,12:50,29,0,0.0,29,20.42,139.58,160.0,0,B1190,parking_charging,Position,Pickup
0,61,Pickup,1,1,1,1,430,433,12:50,12:53,3,0,0.0,2,0.0,160.0,160.0,1,B1190,pickup_service,Pickup,Pickup
0,62,Stay,1,1,1,1,433,436,12:53,12:56,3,0,0.0,3,0.0,160.0,160.0,1,B1190,parking_charging,Position,Movement
0,63,Movement,1,7,1,7,436,443,12:56,13:03,7,7,21.03,0,0.0,160.0,138.97,1,B1190,passenger_flight,Position,Delivery
0,64,Delivery,7,7,7,7,443,446,13:03,13:06,3,0,0.0,2,8.534,138.97,147.504,0,B1190,delivery_service,Delivery,Delivery
0,65,Stay,7,7,7,7,446,447,13:06,13:07,1,0,0.0,1,4.267,147.504,151.771,0,B1230,parking_charging,Position,Pickup
0,66,Pickup,7,7,7,7,447,450,13:07,13:10,3,0,0.0,2,8.229,151.771,160.0,2,B1230,pickup_service,Pickup,Pickup
0,67,Stay,7,7,7,7,450,453,13:10,13:13,3,0,0.0,3,0.0,160.0,160.0,2,B1240,parking_charging,Position,Pickup
0,68,Pickup,7,7,7,7,453,456,13:13,13:16,3,0,0.0,2,0.0,160.0,160.0,3,B1240,pickup_service,Pickup,Pickup
0,69,Movement,7,1,7,1,456,463,13:16,13:23,7,7,21.03,0,0.0,160.0,138.97,3,B1230,passenger_flight,Position,Delivery
0,70,Delivery,1,1,1,1,463,466,13:23,13:26,3,0,0.0,2,8.534,138.97,147.504,1,B1230,delivery_service,Delivery,Delivery
0,71,Delivery,1,1,1,1,466,469,13:26,13:29,3,0,0.0,2,8.534,147.504,156.038,0,B1240,delivery_service,Delivery,Delivery
0,72,Stay,1,1,1,1,469,505,13:29,14:05,36,0,0.0,36,3.962,156.038,160.0,0,B1351,parking_charging,Position,Pickup
0,73,Pickup,1,1,1,1,505,508,14:05,14:08,3,0,0.0,2,0.0,160.0,160.0,2,B1351,pickup_service,Pickup,Pickup
0,74,Stay,1,1,1,1,508,510,14:08,14:10,2,0,0.0,2,0.0,160.0,160.0,2,B1373,parking_charging,Position,Pickup
0,75,Pickup,1,1,1,1,510,513,14:10,14:13,3,0,0.0,2,0.0,160.0,160.0,3,B1373,pickup_service,Pickup,Pickup
0,76,Movement,1,7,1,7,513,520,14:13,14:20,7,7,21.03,0,0.0,160.0,138.97,3,B1351,passenger_flight,Position,Delivery
0,77,Delivery,7,7,7,7,520,523,14:20,14:23,3,0,0.0,2,8.534,138.97,147.504,1,B1351,delivery_service,Delivery,Delivery
0,78,Delivery,7,7,7,7,523,526,14:23,14:26,3,0,0.0,2,8.534,147.504,156.038,0,B1373,delivery_service,Delivery,Delivery
0,79,Stay,7,7,7,7,526,534,14:26,14:34,8,0,0.0,8,3.962,156.038,160.0,0,B1488,parking_charging,Position,Pickup
0,80,Pickup,7,7,7,7,534,537,14:34,14:37,3,0,0.0,2,0.0,160.0,160.0,2,B1488,pickup_service,Pickup,Pickup
0,81,Movement,7,1,7,1,537,544,14:37,14:44,7,7,21.03,0,0.0,160.0,138.97,2,B1488,passenger_flight,Position,Delivery
0,82,Delivery,1,1,1,1,544,547,14:44,14:47,3,0,0.0,2,8.534,138.97,147.504,0,B1488,delivery_service,Delivery,Delivery
0,83,Stay,1,1,1,1,547,562,14:47,15:02,15,0,0.0,15,12.496,147.504,160.0,0,B1598,parking_charging,Position,Pickup
0,84,Pickup,1,1,1,1,562,565,15:02,15:05,3,0,0.0,2,0.0,160.0,160.0,2,B1598,pickup_service,Pickup,Pickup
0,85,Stay,1,1,1,1,565,566,15:05,15:06,1,0,0.0,1,0.0,160.0,160.0,2,B1615,parking_charging,Position,Pickup
0,86,Pickup,1,1,1,1,566,569,15:06,15:09,3,0,0.0,2,0.0,160.0,160.0,3,B1615,pickup_service,Pickup,Pickup
0,87,Movement,1,3,1,3,569,575,15:09,15:15,6,6,9.61,0,0.0,160.0,150.39,3,B1598,passenger_flight,Position,Delivery
0,88,Delivery,3,3,3,3,575,578,15:15,15:18,3,0,0.0,2,8.534,150.39,158.924,1,B1598,delivery_service,Delivery,Delivery
0,89,Movement,3,2,3,2,578,581,15:18,15:21,3,3,4.08,0,0.0,158.924,154.844,1,B1615,passenger_flight,Position,Delivery
0,90,Delivery,2,2,2,2,581,584,15:21,15:24,3,0,0.0,2,5.156,154.844,160.0,0,B1615,delivery_service,Delivery,Delivery
0,91,Stay,2,2,2,2,584,600,15:24,15:40,16,0,0.0,16,0.0,160.0,160.0,0,B1752,parking_charging,Position,Pickup
0,92,Pickup,2,2,2,2,600,603,15:40,15:43,3,0,0.0,2,0.0,160.0,160.0,2,B1752,pickup_service,Pickup,Pickup
0,93,Pickup,2,2,2,2,603,606,15:43,15:46,3,0,0.0,2,0.0,160.0,160.0,4,B1769,pickup_service,Pickup,Pickup
0,94,Movement,2,5,2,5,606,614,15:46,15:54,8,8,27.57,0,0.0,160.0,132.43,4,B1769,passenger_flight,Position,Delivery
0,95,Delivery,5,5,5,5,614,617,15:54,15:57,3,0,0.0,2,8.534,132.43,140.964,2,B1769,delivery_service,Delivery,Delivery
0,96,Delivery,5,5,5,5,617,620,15:57,16:00,3,0,0.0,2,8.534,140.964,149.498,0,B1752,delivery_service,Delivery,Delivery
0,97,Stay,5,5,5,5,620,624,16:00,16:04,4,0,0.0,4,10.502,149.498,160.0,0,B1868,parking_charging,Position,Pickup
0,98,Pickup,5,5,5,5,624,627,16:04,16:07,3,0,0.0,2,0.0,160.0,160.0,1,B1868,pickup_service,Pickup,Pickup
0,99,Pickup,5,5,5,5,627,630,16:07,16:10,3,0,0.0,2,0.0,160.0,160.0,3,B1887,pickup_service,Pickup,Pickup
0,100,Movement,5,9,5,9,630,647,16:10,16:27,17,17,62.04,0,0.0,160.0,97.96,3,B1868,passenger_flight,Position,Delivery
0,101,Delivery,9,9,9,9,647,650,16:27,16:30,3,0,0.0,2,8.534,97.96,106.494,2,B1868,delivery_service,Delivery,Delivery
0,102,Stay,9,9,9,9,650,653,16:30,16:33,3,0,0.0,3,12.801,106.494,119.295,2,B1887,parking_charging,Position,Delivery
0,103,Delivery,9,9,9,9,653,656,16:33,16:36,3,0,0.0,2,8.534,119.295,127.829,0,B1887,delivery_service,Delivery,Delivery
0,104,Stay,9,9,9,9,656,724,16:36,17:44,68,0,0.0,68,32.171,127.829,160.0,0,B2750,parking_charging,Position,Pickup
0,105,Pickup,9,9,9,9,724,727,17:44,17:47,3,0,0.0,2,0.0,160.0,160.0,1,B2750,pickup_service,Pickup,Pickup
0,106,Pickup,9,9,9,9,727,730,17:47,17:50,3,0,0.0,2,0.0,160.0,160.0,4,B2786,pickup_service,Pickup,Pickup
0,107,Movement,9,4,9,4,730,745,17:50,18:05,15,15,55.47,0,0.0,160.0,104.53,4,B2750,passenger_flight,Position,Delivery
0,108,Delivery,4,4,4,4,745,748,18:05,18:08,3,0,0.0,2,8.534,104.53,113.064,3,B2750,delivery_service,Delivery,Delivery
0,109,Delivery,4,4,4,4,748,751,18:08,18:11,3,0,0.0,2,8.534,113.064,121.598,0,B2786,delivery_service,Delivery,Delivery
0,110,Pickup,4,4,4,4,751,754,18:11,18:14,3,0,0.0,2,8.534,121.598,130.132,4,B2980,pickup_service,Pickup,Pickup
0,111,Movement,4,3,4,3,754,761,18:14,18:21,7,7,12.6,0,0.0,130.132,117.532,4,B2980,passenger_flight,Position,Delivery
0,112,Delivery,3,3,3,3,761,764,18:21,18:24,3,0,0.0,2,8.534,117.532,126.066,0,B2980,delivery_service,Delivery,Delivery
0,113,Stay,3,3,3,3,764,774,18:24,18:34,10,0,0.0,10,33.934,126.066,160.0,0,B3141,parking_charging,Position,Pickup
0,114,Pickup,3,3,3,3,774,777,18:34,18:37,3,0,0.0,2,0.0,160.0,160.0,1,B3141,pickup_service,Pickup,Pickup
0,115,Pickup,3,3,3,3,777,780,18:37,18:40,3,0,0.0,2,0.0,160.0,160.0,3,B3157,pickup_service,Pickup,Pickup
0,116,Movement,3,4,3,4,780,787,18:40,18:47,7,7,12.6,0,0.0,160.0,147.4,3,B3141,passenger_flight,Position,Delivery
0,117,Delivery,4,4,4,4,787,790,18:47,18:50,3,0,0.0,2,8.534,147.4,155.934,2,B3141,delivery_service,Delivery,Delivery
0,118,Stay,4,4,4,4,790,793,18:50,18:53,3,0,0.0,3,4.066,155.934,160.0,2,B3157,parking_charging,Position,Delivery
0,119,Delivery,4,4,4,4,793,796,18:53,18:56,3,0,0.0,2,0.0,160.0,160.0,0,B3157,delivery_service,Delivery,Delivery
0,120,Pickup,4,4,4,4,796,799,18:56,18:59,3,0,0.0,2,0.0,160.0,160.0,2,B3232,pickup_service,Pickup,Pickup
0,121,Movement,4,3,4,3,799,806,18:59,19:06,7,7,12.6,0,0.0,160.0,147.4,2,B3232,passenger_flight,Position,Delivery
0,122,Delivery,3,3,3,3,806,809,19:06,19:09,3,0,0.0,2,8.534,147.4,155.934,0,B3232,delivery_service,Delivery,Delivery
0,123,Movement,3,1,3,1,809,815,19:09,19:15,6,6,9.61,0,0.0,155.934,146.324,0,,return_to_depot,Position,Depot
1,0,Stay,2,2,2,2,0,40,05:40,06:20,40,0,0.0,40,0.0,160.0,160.0,0,B17,parking_charging,Position,Pickup
1,1,Pickup,2,2,2,2,40,43,06:20,06:23,3,0,0.0,2,0.0,160.0,160.0,1,B17,pickup_service,Pickup,Pickup
1,2,Movement,2,9,2,9,43,57,06:23,06:37,14,14,50.24,0,0.0,160.0,109.76,1,B17,passenger_flight,Position,Delivery
1,3,Delivery,9,9,9,9,57,60,06:37,06:40,3,0,0.0,2,8.534,109.76,118.294,0,B17,delivery_service,Delivery,Delivery
1,4,Stay,9,9,9,9,60,120,06:40,07:40,60,0,0.0,60,41.706,118.294,160.0,0,B96,parking_charging,Position,Pickup
1,5,Pickup,9,9,9,9,120,123,07:40,07:43,3,0,0.0,2,0.0,160.0,160.0,1,B96,pickup_service,Pickup,Pickup
1,6,Pickup,9,9,9,9,123,126,07:43,07:46,3,0,0.0,2,0.0,160.0,160.0,3,B100,pickup_service,Pickup,Pickup
1,7,Movement,9,6,9,6,126,146,07:46,08:06,20,20,74.79,0,0.0,160.0,85.21,3,B96,passenger_flight,Position,Delivery
1,8,Delivery,6,6,6,6,146,149,08:06,08:09,3,0,0.0,2,8.534,85.21,93.744,2,B96,delivery_service,Delivery,Delivery
1,9,Stay,6,6,6,6,149,152,08:09,08:12,3,0,0.0,3,12.801,93.744,106.545,2,B100,parking_charging,Position,Delivery
1,10,Delivery,6,6,6,6,152,155,08:12,08:15,3,0,0.0,2,8.534,106.545,115.079,0,B100,delivery_service,Delivery,Delivery
1,11,Pickup,6,6,6,6,155,158,08:15,08:18,3,0,0.0,2,8.534,115.079,123.613,2,B159,pickup_service,Pickup,Pickup
1,12,Movement,6,1,6,1,158,165,08:18,08:25,7,7,23.39,0,0.0,123.613,100.223,2,B159,passenger_flight,Position,Delivery
1,13,Delivery,1,1,1,1,165,168,08:25,08:28,3,0,0.0,2,8.534,100.223,108.757,0,B159,delivery_service,Delivery,Delivery
1,14,Movement,1,6,1,6,168,175,08:28,08:35,7,7,23.39,0,0.0,108.757,85.367,0,B246,empty_repositioning,Position,Pickup
1,15,Pickup,6,6,6,6,175,178,08:35,08:38,3,0,0.0,2,8.534,85.367,93.901,1,B246,pickup_service,Pickup,Pickup
1,16,Movement,6,1,6,1,178,185,08:38,08:45,7,7,23.39,0,0.0,93.901,70.511,1,B246,passenger_flight,Position,Delivery
1,17,Delivery,1,1,1,1,185,188,08:45,08:48,3,0,0.0,2,8.534,70.511,79.045,0,B246,delivery_service,Delivery,Delivery
1,18,Stay,1,1,1,1,188,220,08:48,09:20,32,0,0.0,32,80.955,79.045,160.0,0,B414,parking_charging,Position,Movement
1,19,Movement,1,6,1,6,220,227,09:20,09:27,7,7,23.39,0,0.0,160.0,136.61,0,B414,empty_repositioning,Position,Pickup
1,20,Pickup,6,6,6,6,227,230,09:27,09:30,3,0,0.0,2,8.534,136.61,145.144,1,B414,pickup_service,Pickup,Pickup
1,21,Movement,6,1,6,1,230,237,09:30,09:37,7,7,23.39,0,0.0,145.144,121.754,1,B414,passenger_flight,Position,Delivery
1,22,Delivery,1,1,1,1,237,240,09:37,09:40,3,0,0.0,2,8.534,121.754,130.288,0,B414,delivery_service,Delivery,Delivery
1,23,Stay,1,1,1,1,240,299,09:40,10:39,59,0,0.0,59,29.712,130.288,160.0,0,B717,parking_charging,Position,Pickup
1,24,Pickup,1,1,1,1,299,302,10:39,10:42,3,0,0.0,2,0.0,160.0,160.0,1,B717,pickup_service,Pickup,Pickup
1,25,Stay,1,1,1,1,302,311,10:42,10:51,9,0,0.0,9,0.0,160.0,160.0,1,B717,parking_charging,Position,Movement
1,26,Movement,1,9,1,9,311,327,10:51,11:07,16,16,57.72,0,0.0,160.0,102.28,1,B717,passenger_flight,Position,Delivery
1,27,Delivery,9,9,9,9,327,330,11:07,11:10,3,0,0.0,2,8.534,102.28,110.814,0,B717,delivery_service,Delivery,Delivery
1,28,Pickup,9,9,9,9,330,333,11:10,11:13,3,0,0.0,2,8.534,110.814,119.348,2,B842,pickup_service,Pickup,Pickup
1,29,Movement,9,4,9,4,333,348,11:13,11:28,15,15,55.47,0,0.0,119.348,63.878,2,B842,passenger_flight,Position,Delivery
1,30,Delivery,4,4,4,4,348,351,11:28,11:31,3,0,0.0,2,8.534,63.878,72.412,0,B842,delivery_service,Delivery,Delivery
1,31,Stay,4,4,4,4,351,354,11:31,11:34,3,0,0.0,3,12.801,72.412,85.213,0,B985,parking_charging,Position,Pickup
1,32,Pickup,4,4,4,4,354,357,11:34,11:37,3,0,0.0,2,8.534,85.213,93.747,1,B985,pickup_service,Pickup,Pickup
1,33,Pickup,4,4,4,4,357,360,11:37,11:40,3,0,0.0,2,8.534,93.747,102.281,2,B999,pickup_service,Pickup,Pickup
1,34,Stay,4,4,4,4,360,364,11:40,11:44,4,0,0.0,4,17.068,102.281,119.349,2,B985,parking_charging,Position,Movement
1,35,Movement,4,7,4,7,364,371,11:44,11:51,7,7,21.43,0,0.0,119.349,97.919,2,B985,passenger_flight,Position,Delivery
1,36,Delivery,7,7,7,7,371,374,11:51,11:54,3,0,0.0,2,8.534,97.919,106.453,1,B985,delivery_service,Delivery,Delivery
1,37,Delivery,7,7,7,7,374,377,11:54,11:57,3,0,0.0,2,8.534,106.453,114.987,0,B999,delivery_service,Delivery,Delivery
1,38,Pickup,7,7,7,7,377,380,11:57,12:00,3,0,0.0,2,8.534,114.987,123.521,1,B1054,pickup_service,Pickup,Pickup
1,39,Stay,7,7,7,7,380,384,12:00,12:04,4,0,0.0,4,17.068,123.521,140.589,1,B1054,parking_charging,Position,Movement
1,40,Movement,7,4,7,4,384,391,12:04,12:11,7,7,21.43,0,0.0,140.589,119.159,1,B1054,passenger_flight,Position,Delivery
1,41,Delivery,4,4,4,4,391,394,12:11,12:14,3,0,0.0,2,8.534,119.159,127.693,0,B1054,delivery_service,Delivery,Delivery
1,42,Stay,4,4,4,4,394,444,12:14,13:04,50,0,0.0,50,32.307,127.693,160.0,0,B1222,parking_charging,Position,Pickup
1,43,Pickup,4,4,4,4,444,447,13:04,13:07,3,0,0.0,2,0.0,160.0,160.0,1,B1222,pickup_service,Pickup,Pickup
1,44,Movement,4,2,4,2,447,453,13:07,13:13,6,6,16.13,0,0.0,160.0,143.87,1,B1222,passenger_flight,Position,Delivery
1,45,Delivery,2,2,2,2,453,456,13:13,13:16,3,0,0.0,2,8.534,143.87,152.404,0,B1222,delivery_service,Delivery,Delivery
1,46,Stay,2,2,2,2,456,460,13:16,13:20,4,0,0.0,4,7.596,152.404,160.0,0,B1247,parking_charging,Position,Pickup
1,47,Pickup,2,2,2,2,460,463,13:20,13:23,3,0,0.0,2,0.0,160.0,160.0,1,B1247,pickup_service,Pickup,Pickup
1,48,Movement,2,5,2,5,463,471,13:23,13:31,8,8,27.57,0,0.0,160.0,132.43,1,B1247,passenger_flight,Position,Delivery
1,49,Delivery,5,5,5,5,471,474,13:31,13:34,3,0,0.0,2,8.534,132.43,140.964,0,B1247,delivery_service,Delivery,Delivery
1,50,Stay,5,5,5,5,474,505,13:34,14:05,31,0,0.0,31,19.036,140.964,160.0,0,B1356,parking_charging,Position,Pickup
1,51,Pickup,5,5,5,5,505,508,14:05,14:08,3,0,0.0,2,0.0,160.0,160.0,1,B1356,pickup_service,Pickup,Pickup
1,52,Pickup,5,5,5,5,508,511,14:08,14:11,3,0,0.0,2,0.0,160.0,160.0,2,B1340,pickup_service,Pickup,Pickup
1,53,Movement,5,2,5,2,511,519,14:11,14:19,8,8,27.57,0,0.0,160.0,132.43,2,B1340,passenger_flight,Position,Delivery
1,54,Delivery,2,2,2,2,519,522,14:19,14:22,3,0,0.0,2,8.534,132.43,140.964,1,B1340,delivery_service,Delivery,Delivery
1,55,Delivery,2,2,2,2,522,525,14:22,14:25,3,0,0.0,2,8.534,140.964,149.498,0,B1356,delivery_service,Delivery,Delivery
1,56,Stay,2,2,2,2,525,546,14:25,14:46,21,0,0.0,21,10.502,149.498,160.0,0,B1532,parking_charging,Position,Pickup
1,57,Pickup,2,2,2,2,546,549,14:46,14:49,3,0,0.0,2,0.0,160.0,160.0,1,B1532,pickup_service,Pickup,Pickup
1,58,Movement,2,5,2,5,549,557,14:49,14:57,8,8,27.57,0,0.0,160.0,132.43,1,B1532,passenger_flight,Position,Delivery
1,59,Delivery,5,5,5,5,557,560,14:57,15:00,3,0,0.0,2,8.534,132.43,140.964,0,B1532,delivery_service,Delivery,Delivery
1,60,Stay,5,5,5,5,560,586,15:00,15:26,26,0,0.0,26,19.036,140.964,160.0,0,B1686,parking_charging,Position,Pickup
1,61,Pickup,5,5,5,5,586,589,15:26,15:29,3,0,0.0,2,0.0,160.0,160.0,1,B1686,pickup_service,Pickup,Pickup
1,62,Movement,5,3,5,3,589,597,15:29,15:37,8,8,23.93,0,0.0,160.0,136.07,1,B1722,passenger_flight,Position,Pickup
1,63,Pickup,3,3,3,3,597,600,15:37,15:40,3,0,0.0,2,8.534,136.07,144.604,2,B1722,pickup_service,Pickup,Pickup
1,64,Delivery,3,3,3,3,600,603,15:40,15:43,3,0,0.0,2,8.534,144.604,153.138,1,B1686,delivery_service,Delivery,Delivery
1,65,Movement,3,5,3,5,603,611,15:43,15:51,8,8,23.93,0,0.0,153.138,129.208,1,B1722,passenger_flight,Position,Delivery
1,66,Delivery,5,5,5,5,611,614,15:51,15:54,3,0,0.0,2,8.534,129.208,137.742,0,B1722,delivery_service,Delivery,Delivery
1,67,Stay,5,5,5,5,614,625,15:54,16:05,11,0,0.0,11,22.258,137.742,160.0,0,B1881,parking_charging,Position,Pickup
1,68,Pickup,5,5,5,5,625,628,16:05,16:08,3,0,0.0,2,0.0,160.0,160.0,1,B1881,pickup_service,Pickup,Pickup
1,69,Movement,5,2,5,2,628,636,16:08,16:16,8,8,27.57,0,0.0,160.0,132.43,1,B1881,passenger_flight,Position,Delivery
1,70,Delivery,2,2,2,2,636,639,16:16,16:19,3,0,0.0,2,8.534,132.43,140.964,0,B1881,delivery_service,Delivery,Delivery
1,71,Stay,2,2,2,2,639,644,16:19,16:24,5,0,0.0,5,19.036,140.964,160.0,0,B2005,parking_charging,Position,Pickup
1,72,Pickup,2,2,2,2,644,647,16:24,16:27,3,0,0.0,2,0.0,160.0,160.0,1,B2005,pickup_service,Pickup,Pickup
1,73,Movement,2,3,2,3,647,650,16:27,16:30,3,3,4.08,0,0.0,160.0,155.92,1,B2030,passenger_flight,Position,Pickup
1,74,Pickup,3,3,3,3,650,653,16:30,16:33,3,0,0.0,2,4.08,155.92,160.0,2,B2030,pickup_service,Pickup,Pickup
1,75,Movement,3,5,3,5,653,661,16:33,16:41,8,8,23.93,0,0.0,160.0,136.07,2,B2005,passenger_flight,Position,Delivery
1,76,Delivery,5,5,5,5,661,664,16:41,16:44,3,0,0.0,2,8.534,136.07,144.604,1,B2005,delivery_service,Delivery,Delivery
1,77,Movement,5,10,5,10,664,674,16:44,16:54,10,10,33.52,0,0.0,144.604,111.084,1,B2030,passenger_flight,Position,Delivery
1,78,Delivery,10,10,10,10,674,677,16:54,16:57,3,0,0.0,2,8.534,111.084,119.618,0,B2030,delivery_service,Delivery,Delivery
1,79,Stay,10,10,10,10,677,680,16:57,17:00,3,0,0.0,3,12.801,119.618,132.419,0,B2270,parking_charging,Position,Pickup
1,80,Pickup,10,10,10,10,680,683,17:00,17:03,3,0,0.0,2,8.534,132.419,140.953,2,B2270,pickup_service,Pickup,Pickup
1,81,Stay,10,10,10,10,683,687,17:03,17:07,4,0,0.0,4,17.068,140.953,158.021,2,B2342,parking_charging,Position,Pickup
1,82,Pickup,10,10,10,10,687,690,17:07,17:10,3,0,0.0,2,1.979,158.021,160.0,4,B2342,pickup_service,Pickup,Pickup
1,83,Movement,10,4,10,4,690,702,17:10,17:22,12,12,42.86,0,0.0,160.0,117.14,4,B2270,passenger_flight,Position,Delivery
1,84,Delivery,4,4,4,4,702,705,17:22,17:25,3,0,0.0,2,8.534,117.14,125.674,2,B2270,delivery_service,Delivery,Delivery
1,85,Stay,4,4,4,4,705,708,17:25,17:28,3,0,0.0,3,12.801,125.674,138.475,2,B2342,parking_charging,Position,Movement
1,86,Movement,4,3,4,3,708,715,17:28,17:35,7,7,12.6,0,0.0,138.475,125.875,2,B2342,passenger_flight,Position,Delivery
1,87,Delivery,3,3,3,3,715,718,17:35,17:38,3,0,0.0,2,8.534,125.875,134.409,0,B2342,delivery_service,Delivery,Delivery
1,88,Stay,3,3,3,3,718,725,17:38,17:45,7,0,0.0,7,25.591,134.409,160.0,0,B2755,parking_charging,Position,Pickup
1,89,Pickup,3,3,3,3,725,728,17:45,17:48,3,0,0.0,2,0.0,160.0,160.0,4,B2755,pickup_service,Pickup,Pickup
1,90,Movement,3,4,3,4,728,735,17:48,17:55,7,7,12.6,0,0.0,160.0,147.4,4,B2755,passenger_flight,Position,Delivery
1,91,Delivery,4,4,4,4,735,738,17:55,17:58,3,0,0.0,2,8.534,147.4,155.934,0,B2755,delivery_service,Delivery,Delivery
1,92,Stay,4,4,4,4,738,740,17:58,18:00,2,0,0.0,2,4.066,155.934,160.0,0,B2917,parking_charging,Position,Pickup
1,93,Pickup,4,4,4,4,740,743,18:00,18:03,3,0,0.0,2,0.0,160.0,160.0,3,B2917,pickup_service,Pickup,Pickup
1,94,Pickup,4,4,4,4,743,746,18:03,18:06,3,0,0.0,2,0.0,160.0,160.0,4,B2924,pickup_service,Pickup,Pickup
1,95,Movement,4,3,4,3,746,753,18:06,18:13,7,7,12.6,0,0.0,160.0,147.4,4,B2924,passenger_flight,Position,Delivery
1,96,Delivery,3,3,3,3,753,756,18:13,18:16,3,0,0.0,2,8.534,147.4,155.934,3,B2924,delivery_service,Delivery,Delivery
1,97,Delivery,3,3,3,3,756,759,18:16,18:19,3,0,0.0,2,4.066,155.934,160.0,0,B2917,delivery_service,Delivery,Delivery
1,98,Pickup,3,3,3,3,759,762,18:19,18:22,3,0,0.0,2,0.0,160.0,160.0,1,B3029,pickup_service,Pickup,Pickup
1,99,Movement,3,6,3,6,762,772,18:22,18:32,10,10,32.98,0,0.0,160.0,127.02,1,B3029,passenger_flight,Position,Delivery
1,100,Delivery,6,6,6,6,772,775,18:32,18:35,3,0,0.0,2,8.534,127.02,135.554,0,B3029,delivery_service,Delivery,Delivery
1,101,Pickup,6,6,6,6,775,778,18:35,18:38,3,0,0.0,2,8.534,135.554,144.088,1,B3130,pickup_service,Pickup,Pickup
1,102,Pickup,6,6,6,6,778,781,18:38,18:41,3,0,0.0,2,8.534,144.088,152.622,3,B3136,pickup_service,Pickup,Pickup
1,103,Movement,6,9,6,9,781,801,18:41,19:01,20,20,74.79,0,0.0,152.622,77.832,3,B3130,passenger_flight,Position,Delivery
1,104,Delivery,9,9,9,9,801,804,19:01,19:04,3,0,0.0,2,8.534,77.832,86.366,2,B3130,delivery_service,Delivery,Delivery
1,105,Delivery,9,9,9,9,804,807,19:04,19:07,3,0,0.0,2,8.534,86.366,94.9,0,B3136,delivery_service,Delivery,Delivery
1,106,Movement,9,2,9,2,807,821,19:07,19:21,14,14,50.24,0,0.0,94.9,44.66,0,,return_to_depot,Position,Depot
2,0,Stay,3,3,3,3,0,40,05:40,06:20,40,0,0.0,40,0.0,160.0,160.0,0,B18,parking_charging,Position,Pickup
2,1,Pickup,3,3,3,3,40,43,06:20,06:23,3,0,0.0,2,0.0,160.0,160.0,1,B18,pickup_service,Pickup,Pickup
2,2,Movement,3,10,3,10,43,58,06:23,06:38,15,15,54.92,0,0.0,160.0,105.08,1,B18,passenger_flight,Position,Delivery
2,3,Delivery,10,10,10,10,58,61,06:38,06:41,3,0,0.0,2,8.534,105.08,113.614,0,B18,delivery_service,Delivery,Delivery
2,4,Pickup,10,10,10,10,61,64,06:41,06:44,3,0,0.0,2,8.534,113.614,122.148,1,B32,pickup_service,Pickup,Pickup
2,5,Pickup,10,10,10,10,64,67,06:44,06:47,3,0,0.0,2,8.534,122.148,130.682,3,B29,pickup_service,Pickup,Pickup
2,6,Movement,10,3,10,3,67,82,06:47,07:02,15,15,54.92,0,0.0,130.682,75.762,3,B29,passenger_flight,Position,Delivery
2,7,Delivery,3,3,3,3,82,85,07:02,07:05,3,0,0.0,2,8.534,75.762,84.296,1,B29,delivery_service,Delivery,Delivery
2,8,Delivery,3,3,3,3,85,88,07:05,07:08,3,0,0.0,2,8.534,84.296,92.83,0,B32,delivery_service,Delivery,Delivery
2,9,Movement,3,1,3,1,88,94,07:08,07:14,6,6,9.61,0,0.0,92.83,83.22,0,B66,empty_repositioning,Position,Pickup
2,10,Pickup,1,1,1,1,94,97,07:14,07:17,3,0,0.0,2,8.534,83.22,91.754,1,B66,pickup_service,Pickup,Pickup
2,11,Stay,1,1,1,1,97,106,07:17,07:26,9,0,0.0,9,38.403,91.754,130.157,1,B66,parking_charging,Position,Movement
2,12,Movement,1,9,1,9,106,122,07:26,07:42,16,16,57.72,0,0.0,130.157,72.437,1,B66,passenger_flight,Position,Delivery
2,13,Delivery,9,9,9,9,122,125,07:42,07:45,3,0,0.0,2,8.534,72.437,80.971,0,B66,delivery_service,Delivery,Delivery
2,14,Stay,9,9,9,9,125,182,07:45,08:42,57,0,0.0,57,79.029,80.971,160.0,0,B291,parking_charging,Position,Pickup
2,15,Pickup,9,9,9,9,182,185,08:42,08:45,3,0,0.0,2,0.0,160.0,160.0,1,B291,pickup_service,Pickup,Pickup
2,16,Stay,9,9,9,9,185,187,08:45,08:47,2,0,0.0,2,0.0,160.0,160.0,1,B306,parking_charging,Position,Pickup
2,17,Pickup,9,9,9,9,187,190,08:47,08:50,3,0,0.0,2,0.0,160.0,160.0,2,B306,pickup_service,Pickup,Pickup
2,18,Movement,9,7,9,7,190,202,08:50,09:02,12,12,40.12,0,0.0,160.0,119.88,2,B291,passenger_flight,Position,Delivery
2,19,Delivery,7,7,7,7,202,205,09:02,09:05,3,0,0.0,2,8.534,119.88,128.414,1,B291,delivery_service,Delivery,Delivery
2,20,Delivery,7,7,7,7,205,208,09:05,09:08,3,0,0.0,2,8.534,128.414,136.948,0,B306,delivery_service,Delivery,Delivery
2,21,Movement,7,4,7,4,208,215,09:08,09:15,7,7,21.43,0,0.0,136.948,115.518,0,B381,empty_repositioning,Position,Pickup
2,22,Pickup,4,4,4,4,215,218,09:15,09:18,3,0,0.0,2,8.534,115.518,124.052,1,B381,pickup_service,Pickup,Pickup
2,23,Movement,4,7,4,7,218,225,09:18,09:25,7,7,21.43,0,0.0,124.052,102.622,1,B381,passenger_flight,Position,Delivery
2,24,Delivery,7,7,7,7,225,228,09:25,09:28,3,0,0.0,2,8.534,102.622,111.156,0,B381,delivery_service,Delivery,Delivery
2,25,Pickup,7,7,7,7,228,231,09:28,09:31,3,0,0.0,2,8.534,111.156,119.69,2,B423,pickup_service,Pickup,Pickup
2,26,Movement,7,1,7,1,231,238,09:31,09:38,7,7,21.03,0,0.0,119.69,98.66,2,B423,passenger_flight,Position,Delivery
2,27,Delivery,1,1,1,1,238,241,09:38,09:41,3,0,0.0,2,8.534,98.66,107.194,0,B423,delivery_service,Delivery,Delivery
2,28,Movement,1,6,1,6,241,248,09:41,09:48,7,7,23.39,0,0.0,107.194,83.804,0,B462,empty_repositioning,Position,Pickup
2,29,Pickup,6,6,6,6,248,251,09:48,09:51,3,0,0.0,2,8.534,83.804,92.338,1,B462,pickup_service,Pickup,Pickup
2,30,Pickup,6,6,6,6,251,254,09:51,09:54,3,0,0.0,2,8.534,92.338,100.872,2,B475,pickup_service,Pickup,Pickup
2,31,Movement,6,1,6,1,254,261,09:54,10:01,7,7,23.39,0,0.0,100.872,77.482,2,B462,passenger_flight,Position,Delivery
2,32,Delivery,1,1,1,1,261,264,10:01,10:04,3,0,0.0,2,8.534,77.482,86.016,1,B462,delivery_service,Delivery,Delivery
2,33,Delivery,1,1,1,1,264,267,10:04,10:07,3,0,0.0,2,8.534,86.016,94.55,0,B475,delivery_service,Delivery,Delivery
2,34,Movement,1,3,1,3,267,273,10:07,10:13,6,6,9.61,0,0.0,94.55,84.94,0,B570,empty_repositioning,Position,Pickup
2,35,Pickup,3,3,3,3,273,276,10:13,10:16,3,0,0.0,2,8.534,84.94,93.474,1,B570,pickup_service,Pickup,Pickup
2,36,Pickup,3,3,3,3,276,279,10:16,10:19,3,0,0.0,2,8.534,93.474,102.008,2,B552,pickup_service,Pickup,Pickup
2,37,Movement,3,1,3,1,279,285,10:19,10:25,6,6,9.61,0,0.0,102.008,92.398,2,B552,passenger_flight,Position,Delivery
2,38,Delivery,1,1,1,1,285,288,10:25,10:28,3,0,0.0,2,8.534,92.398,100.932,1,B552,delivery_service,Delivery,Delivery
2,39,Delivery,1,1,1,1,288,291,10:28,10:31,3,0,0.0,2,8.534,100.932,109.466,0,B570,delivery_service,Delivery,Delivery
2,40,Pickup,1,1,1,1,291,294,10:31,10:34,3,0,0.0,2,8.534,109.466,118.0,1,B635,pickup_service,Pickup,Pickup
2,41,Movement,1,10,1,10,294,307,10:34,10:47,13,13,47.44,0,0.0,118.0,70.56,1,B635,passenger_flight,Position,Delivery
2,42,Delivery,10,10,10,10,307,310,10:47,10:50,3,0,0.0,2,8.534,70.56,79.094,0,B635,delivery_service,Delivery,Delivery
2,43,Stay,10,10,10,10,310,325,10:50,11:05,15,0,0.0,15,64.005,79.094,143.099,0,B863,parking_charging,Position,Pickup
2,44,Pickup,10,10,10,10,325,328,11:05,11:08,3,0,0.0,2,8.534,143.099,151.633,1,B863,pickup_service,Pickup,Pickup
2,45,Stay,10,10,10,10,328,329,11:08,11:09,1,0,0.0,1,4.267,151.633,155.9,1,B879,parking_charging,Position,Pickup
2,46,Pickup,10,10,10,10,329,332,11:09,11:12,3,0,0.0,2,4.1,155.9,160.0,3,B879,pickup_service,Pickup,Pickup
2,47,Pickup,10,10,10,10,332,335,11:12,11:15,3,0,0.0,2,0.0,160.0,160.0,4,B891,pickup_service,Pickup,Pickup
2,48,Movement,10,4,10,4,335,347,11:15,11:27,12,12,42.86,0,0.0,160.0,117.14,4,B863,passenger_flight,Position,Delivery
2,49,Delivery,4,4,4,4,347,350,11:27,11:30,3,0,0.0,2,8.534,117.14,125.674,3,B863,delivery_service,Delivery,Delivery
2,50,Delivery,4,4,4,4,350,353,11:30,11:33,3,0,0.0,2,8.534,125.674,134.208,1,B879,delivery_service,Delivery,Delivery
2,51,Movement,4,3,4,3,353,360,11:33,11:40,7,7,12.6,0,0.0,134.208,121.608,1,B891,passenger_flight,Position,Delivery
2,52,Delivery,3,3,3,3,360,363,11:40,11:43,3,0,0.0,2,8.534,121.608,130.142,0,B891,delivery_service,Delivery,Delivery
2,53,Stay,3,3,3,3,363,408,11:43,12:28,45,0,0.0,45,29.858,130.142,160.0,0,B1136,parking_charging,Position,Pickup
2,54,Pickup,3,3,3,3,408,411,12:28,12:31,3,0,0.0,2,0.0,160.0,160.0,1,B1136,pickup_service,Pickup,Pickup
2,55,Movement,3,2,3,2,411,414,12:31,12:34,3,3,4.08,0,0.0,160.0,155.92,1,B1138,passenger_flight,Position,Pickup
2,56,Pickup,2,2,2,2,414,417,12:34,12:37,3,0,0.0,2,4.08,155.92,160.0,2,B1138,pickup_service,Pickup,Pickup
2,57,Movement,2,5,2,5,417,425,12:37,12:45,8,8,27.57,0,0.0,160.0,132.43,2,B1136,passenger_flight,Position,Delivery
2,58,Delivery,5,5,5,5,425,428,12:45,12:48,3,0,0.0,2,8.534,132.43,140.964,1,B1136,delivery_service,Delivery,Delivery
2,59,Delivery,5,5,5,5,428,431,12:48,12:51,3,0,0.0,2,8.534,140.964,149.498,0,B1138,delivery_service,Delivery,Delivery
2,60,Stay,5,5,5,5,431,519,12:51,14:19,88,0,0.0,88,10.502,149.498,160.0,0,B1415,parking_charging,Position,Pickup
2,61,Pickup,5,5,5,5,519,522,14:19,14:22,3,0,0.0,2,0.0,160.0,160.0,1,B1415,pickup_service,Pickup,Pickup
2,62,Stay,5,5,5,5,522,528,14:22,14:28,6,0,0.0,6,0.0,160.0,160.0,1,B1415,parking_charging,Position,Movement
2,63,Movement,5,9,5,9,528,545,14:28,14:45,17,17,62.04,0,0.0,160.0,97.96,1,B1415,passenger_flight,Position,Delivery
2,64,Delivery,9,9,9,9,545,548,14:45,14:48,3,0,0.0,2,8.534,97.96,106.494,0,B1415,delivery_service,Delivery,Delivery
2,65,Pickup,9,9,9,9,548,551,14:48,14:51,3,0,0.0,2,8.534,106.494,115.028,1,B1522,pickup_service,Pickup,Pickup
2,66,Stay,9,9,9,9,551,554,14:51,14:54,3,0,0.0,3,12.801,115.028,127.829,1,B1522,parking_charging,Position,Movement
2,67,Movement,9,4,9,4,554,569,14:54,15:09,15,15,55.47,0,0.0,127.829,72.359,1,B1522,passenger_flight,Position,Delivery
2,68,Delivery,4,4,4,4,569,572,15:09,15:12,3,0,0.0,2,8.534,72.359,80.893,0,B1522,delivery_service,Delivery,Delivery
2,69,Pickup,4,4,4,4,572,575,15:12,15:15,3,0,0.0,2,8.534,80.893,89.427,1,B1643,pickup_service,Pickup,Pickup
2,70,Pickup,4,4,4,4,575,578,15:15,15:18,3,0,0.0,2,8.534,89.427,97.961,3,B1629,pickup_service,Pickup,Pickup
2,71,Movement,4,7,4,7,578,585,15:18,15:25,7,7,21.43,0,0.0,97.961,76.531,3,B1629,passenger_flight,Position,Delivery
2,72,Delivery,7,7,7,7,585,588,15:25,15:28,3,0,0.0,2,8.534,76.531,85.065,1,B1629,delivery_service,Delivery,Delivery
2,73,Delivery,7,7,7,7,588,591,15:28,15:31,3,0,0.0,2,8.534,85.065,93.599,0,B1643,delivery_service,Delivery,Delivery
2,74,Pickup,7,7,7,7,591,594,15:31,15:34,3,0,0.0,2,8.534,93.599,102.133,2,B1714,pickup_service,Pickup,Pickup
2,75,Stay,7,7,7,7,594,597,15:34,15:37,3,0,0.0,3,12.801,102.133,114.934,2,B1714,parking_charging,Position,Movement
2,76,Movement,7,1,7,1,597,604,15:37,15:44,7,7,21.03,0,0.0,114.934,93.904,2,B1714,passenger_flight,Position,Delivery
2,77,Delivery,1,1,1,1,604,607,15:44,15:47,3,0,0.0,2,8.534,93.904,102.438,0,B1714,delivery_service,Delivery,Delivery
2,78,Pickup,1,1,1,1,607,610,15:47,15:50,3,0,0.0,2,8.534,102.438,110.972,1,B1757,pickup_service,Pickup,Pickup
2,79,Movement,1,3,1,3,610,616,15:50,15:56,6,6,9.61,0,0.0,110.972,101.362,1,B1757,passenger_flight,Position,Delivery
2,80,Delivery,3,3,3,3,616,619,15:56,15:59,3,0,0.0,2,8.534,101.362,109.896,0,B1757,delivery_service,Delivery,Delivery
2,81,Stay,3,3,3,3,619,634,15:59,16:14,15,0,0.0,15,50.104,109.896,160.0,0,B1937,parking_charging,Position,Pickup
2,82,Pickup,3,3,3,3,634,637,16:14,16:17,3,0,0.0,2,0.0,160.0,160.0,1,B1937,pickup_service,Pickup,Pickup
2,83,Pickup,3,3,3,3,637,640,16:17,16:20,3,0,0.0,2,0.0,160.0,160.0,4,B1946,pickup_service,Pickup,Pickup
2,84,Movement,3,9,3,9,640,655,16:20,16:35,15,15,52.78,0,0.0,160.0,107.22,4,B1937,passenger_flight,Position,Delivery
2,85,Delivery,9,9,9,9,655,658,16:35,16:38,3,0,0.0,2,8.534,107.22,115.754,3,B1937,delivery_service,Delivery,Delivery
2,86,Delivery,9,9,9,9,658,661,16:38,16:41,3,0,0.0,2,8.534,115.754,124.288,0,B1946,delivery_service,Delivery,Delivery
2,87,Stay,9,9,9,9,661,665,16:41,16:45,4,0,0.0,4,17.068,124.288,141.356,0,B2148,parking_charging,Position,Pickup
2,88,Pickup,9,9,9,9,665,668,16:45,16:48,3,0,0.0,2,8.534,141.356,149.89,2,B2148,pickup_service,Pickup,Pickup
2,89,Pickup,9,9,9,9,668,671,16:48,16:51,3,0,0.0,2,8.534,149.89,158.424,4,B2157,pickup_service,Pickup,Pickup
2,90,Movement,9,4,9,4,671,686,16:51,17:06,15,15,55.47,0,0.0,158.424,102.954,4,B2148,passenger_flight,Position,Delivery
2,91,Delivery,4,4,4,4,686,689,17:06,17:09,3,0,0.0,2,8.534,102.954,111.488,2,B2148,delivery_service,Delivery,Delivery
2,92,Stay,4,4,4,4,689,692,17:09,17:12,3,0,0.0,3,12.801,111.488,124.289,2,B2157,parking_charging,Position,Delivery
2,93,Delivery,4,4,4,4,692,695,17:12,17:15,3,0,0.0,2,8.534,124.289,132.823,0,B2157,delivery_service,Delivery,Delivery
2,94,Pickup,4,4,4,4,695,698,17:15,17:18,3,0,0.0,2,8.534,132.823,141.357,1,B2436,pickup_service,Pickup,Pickup
2,95,Pickup,4,4,4,4,698,701,17:18,17:21,3,0,0.0,2,8.534,141.357,149.891,4,B2401,pickup_service,Pickup,Pickup
2,96,Movement,4,2,4,2,701,707,17:21,17:27,6,6,16.13,0,0.0,149.891,133.761,4,B2401,passenger_flight,Position,Delivery
2,97,Delivery,2,2,2,2,707,710,17:27,17:30,3,0,0.0,2,8.534,133.761,142.295,1,B2401,delivery_service,Delivery,Delivery
2,98,Delivery,2,2,2,2,710,713,17:30,17:33,3,0,0.0,2,8.534,142.295,150.829,0,B2436,delivery_service,Delivery,Delivery
2,99,Stay,2,2,2,2,713,721,17:33,17:41,8,0,0.0,8,9.171,150.829,160.0,0,B2713,parking_charging,Position,Pickup
2,100,Pickup,2,2,2,2,721,724,17:41,17:44,3,0,0.0,2,0.0,160.0,160.0,1,B2713,pickup_service,Pickup,Pickup
2,101,Movement,2,4,2,4,724,730,17:44,17:50,6,6,16.13,0,0.0,160.0,143.87,1,B2713,passenger_flight,Position,Delivery
2,102,Delivery,4,4,4,4,730,733,17:50,17:53,3,0,0.0,2,8.534,143.87,152.404,0,B2713,delivery_service,Delivery,Delivery
2,103,Movement,4,2,4,2,733,739,17:53,17:59,6,6,16.13,0,0.0,152.404,136.274,0,B2863,empty_repositioning,Position,Pickup
2,104,Pickup,2,2,2,2,739,742,17:59,18:02,3,0,0.0,2,8.534,136.274,144.808,4,B2863,pickup_service,Pickup,Pickup
2,105,Movement,2,4,2,4,742,748,18:02,18:08,6,6,16.13,0,0.0,144.808,128.678,4,B2863,passenger_flight,Position,Delivery
2,106,Delivery,4,4,4,4,748,751,18:08,18:11,3,0,0.0,2,8.534,128.678,137.212,0,B2863,delivery_service,Delivery,Delivery
2,107,Stay,4,4,4,4,751,760,18:11,18:20,9,0,0.0,9,22.788,137.212,160.0,0,B3025,parking_charging,Position,Movement
2,108,Movement,4,1,4,1,760,764,18:20,18:24,4,4,4.98,0,0.0,160.0,155.02,0,B3025,empty_repositioning,Position,Pickup
2,109,Pickup,1,1,1,1,764,767,18:24,18:27,3,0,0.0,2,4.98,155.02,160.0,1,B3025,pickup_service,Pickup,Pickup
2,110,Movement,1,7,1,7,767,774,18:27,18:34,7,7,21.03,0,0.0,160.0,138.97,1,B3025,passenger_flight,Position,Delivery
2,111,Delivery,7,7,7,7,774,777,18:34,18:37,3,0,0.0,2,8.534,138.97,147.504,0,B3025,delivery_service,Delivery,Delivery
2,112,Stay,7,7,7,7,777,780,18:37,18:40,3,0,0.0,3,12.496,147.504,160.0,0,B3160,parking_charging,Position,Pickup
2,113,Pickup,7,7,7,7,780,783,18:40,18:43,3,0,0.0,2,0.0,160.0,160.0,1,B3160,pickup_service,Pickup,Pickup
2,114,Pickup,7,7,7,7,783,786,18:43,18:46,3,0,0.0,2,0.0,160.0,160.0,2,B3181,pickup_service,Pickup,Pickup
2,115,Movement,7,3,7,3,786,793,18:46,18:53,7,7,13.33,0,0.0,160.0,146.67,2,B3160,passenger_flight,Position,Delivery
2,116,Delivery,3,3,3,3,793,796,18:53,18:56,3,0,0.0,2,8.534,146.67,155.204,1,B3160,delivery_service,Delivery,Delivery
2,117,Delivery,3,3,3,3,796,799,18:56,18:59,3,0,0.0,2,4.796,155.204,160.0,0,B3181,delivery_service,Delivery,Delivery
2,118,Stay,3,3,3,3,799,800,18:59,19:00,1,0,0.0,1,0.0,160.0,160.0,0,B3295,parking_charging,Position,Movement
2,119,Movement,3,1,3,1,800,806,19:00,19:06,6,6,9.61,0,0.0,160.0,150.39,0,B3295,empty_repositioning,Position,Pickup
2,120,Pickup,1,1,1,1,806,809,19:06,19:09,3,0,0.0,2,8.534,150.39,158.924,2,B3295,pickup_service,Pickup,Pickup
2,121,Movement,1,3,1,3,809,815,19:09,19:15,6,6,9.61,0,0.0,158.924,149.314,2,B3295,passenger_flight,Position,Delivery
2,122,Delivery,3,3,3,3,815,818,19:15,19:18,3,0,0.0,2,8.534,149.314,157.848,0,B3295,delivery_service,Delivery,Delivery
3,0,Stay,4,4,4,4,0,23,05:40,06:03,23,0,0.0,23,0.0,160.0,160.0,0,B2,parking_charging,Position,Pickup
3,1,Pickup,4,4,4,4,23,26,06:03,06:06,3,0,0.0,2,0.0,160.0,160.0,1,B2,pickup_service,Pickup,Pickup
3,2,Pickup,4,4,4,4,26,29,06:06,06:09,3,0,0.0,2,0.0,160.0,160.0,2,B3,pickup_service,Pickup,Pickup
3,3,Movement,4,9,4,9,29,44,06:09,06:24,15,15,55.47,0,0.0,160.0,104.53,2,B2,passenger_flight,Position,Delivery
3,4,Delivery,9,9,9,9,44,47,06:24,06:27,3,0,0.0,2,8.534,104.53,113.064,1,B2,delivery_service,Delivery,Delivery
3,5,Delivery,9,9,9,9,47,50,06:27,06:30,3,0,0.0,2,8.534,113.064,121.598,0,B3,delivery_service,Delivery,Delivery
3,6,Stay,9,9,9,9,50,128,06:30,07:48,78,0,0.0,78,38.402,121.598,160.0,0,B109,parking_charging,Position,Pickup
3,7,Pickup,9,9,9,9,128,131,07:48,07:51,3,0,0.0,2,0.0,160.0,160.0,1,B109,pickup_service,Pickup,Pickup
3,8,Movement,9,6,9,6,131,151,07:51,08:11,20,20,74.79,0,0.0,160.0,85.21,1,B109,passenger_flight,Position,Delivery
3,9,Delivery,6,6,6,6,151,154,08:11,08:14,3,0,0.0,2,8.534,85.21,93.744,0,B109,delivery_service,Delivery,Delivery
3,10,Pickup,6,6,6,6,154,157,08:14,08:17,3,0,0.0,2,8.534,93.744,102.278,2,B155,pickup_service,Pickup,Pickup
3,11,Movement,6,1,6,1,157,164,08:17,08:24,7,7,23.39,0,0.0,102.278,78.888,2,B155,passenger_flight,Position,Delivery
3,12,Delivery,1,1,1,1,164,167,08:24,08:27,3,0,0.0,2,8.534,78.888,87.422,0,B155,delivery_service,Delivery,Delivery
3,13,Stay,1,1,1,1,167,180,08:27,08:40,13,0,0.0,13,55.471,87.422,142.893,0,B290,parking_charging,Position,Movement
3,14,Movement,1,6,1,6,180,187,08:40,08:47,7,7,23.39,0,0.0,142.893,119.503,0,B290,empty_repositioning,Position,Pickup
3,15,Pickup,6,6,6,6,187,190,08:47,08:50,3,0,0.0,2,8.534,119.503,128.037,1,B290,pickup_service,Pickup,Pickup
3,16,Movement,6,1,6,1,190,197,08:50,08:57,7,7,23.39,0,0.0,128.037,104.647,1,B290,passenger_flight,Position,Delivery
3,17,Delivery,1,1,1,1,197,200,08:57,09:00,3,0,0.0,2,8.534,104.647,113.181,0,B290,delivery_service,Delivery,Delivery
3,18,Stay,1,1,1,1,200,204,09:00,09:04,4,0,0.0,4,17.068,113.181,130.249,0,B386,parking_charging,Position,Movement
3,19,Movement,1,5,1,5,204,212,09:04,09:12,8,8,14.88,0,0.0,130.249,115.369,0,B386,empty_repositioning,Position,Pickup
3,20,Pickup,5,5,5,5,212,215,09:12,09:15,3,0,0.0,2,8.534,115.369,123.903,1,B386,pickup_service,Pickup,Pickup
3,21,Movement,5,2,5,2,215,223,09:15,09:23,8,8,27.57,0,0.0,123.903,96.333,1,B386,passenger_flight,Position,Delivery
3,22,Delivery,2,2,2,2,223,226,09:23,09:26,3,0,0.0,2,8.534,96.333,104.867,0,B386,delivery_service,Delivery,Delivery
3,23,Pickup,2,2,2,2,226,229,09:26,09:29,3,0,0.0,2,8.534,104.867,113.401,2,B411,pickup_service,Pickup,Pickup
3,24,Movement,2,4,2,4,229,235,09:29,09:35,6,6,16.13,0,0.0,113.401,97.271,2,B411,passenger_flight,Position,Delivery
3,25,Delivery,4,4,4,4,235,238,09:35,09:38,3,0,0.0,2,8.534,97.271,105.805,0,B411,delivery_service,Delivery,Delivery
3,26,Stay,4,4,4,4,238,255,09:38,09:55,17,0,0.0,17,54.195,105.805,160.0,0,B484,parking_charging,Position,Pickup
3,27,Pickup,4,4,4,4,255,258,09:55,09:58,3,0,0.0,2,0.0,160.0,160.0,1,B484,pickup_service,Pickup,Pickup
3,28,Pickup,4,4,4,4,258,261,09:58,10:01,3,0,0.0,2,0.0,160.0,160.0,2,B480,pickup_service,Pickup,Pickup
3,29,Movement,4,2,4,2,261,267,10:01,10:07,6,6,16.13,0,0.0,160.0,143.87,2,B480,passenger_flight,Position,Delivery
3,30,Delivery,2,2,2,2,267,270,10:07,10:10,3,0,0.0,2,8.534,143.87,152.404,1,B480,delivery_service,Delivery,Delivery
3,31,Delivery,2,2,2,2,270,273,10:10,10:13,3,0,0.0,2,7.596,152.404,160.0,0,B484,delivery_service,Delivery,Delivery
3,32,Stay,2,2,2,2,273,282,10:13,10:22,9,0,0.0,9,0.0,160.0,160.0,0,B624,parking_charging,Position,Pickup
3,33,Pickup,2,2,2,2,282,285,10:22,10:25,3,0,0.0,2,0.0,160.0,160.0,1,B624,pickup_service,Pickup,Pickup
3,34,Pickup,2,2,2,2,285,288,10:25,10:28,3,0,0.0,2,0.0,160.0,160.0,2,B613,pickup_service,Pickup,Pickup
3,35,Movement,2,4,2,4,288,294,10:28,10:34,6,6,16.13,0,0.0,160.0,143.87,2,B613,passenger_flight,Position,Delivery
3,36,Delivery,4,4,4,4,294,297,10:34,10:37,3,0,0.0,2,8.534,143.87,152.404,1,B613,delivery_service,Delivery,Delivery
3,37,Delivery,4,4,4,4,297,300,10:37,10:40,3,0,0.0,2,7.596,152.404,160.0,0,B624,delivery_service,Delivery,Delivery
3,38,Pickup,4,4,4,4,300,303,10:40,10:43,3,0,0.0,2,0.0,160.0,160.0,1,B720,pickup_service,Pickup,Pickup
3,39,Stay,4,4,4,4,303,307,10:43,10:47,4,0,0.0,4,0.0,160.0,160.0,1,B766,parking_charging,Position,Pickup
3,40,Pickup,4,4,4,4,307,310,10:47,10:50,3,0,0.0,2,0.0,160.0,160.0,4,B766,pickup_service,Pickup,Pickup
3,41,Movement,4,7,4,7,310,317,10:50,10:57,7,7,21.43,0,0.0,160.0,138.57,4,B720,passenger_flight,Position,Delivery
3,42,Delivery,7,7,7,7,317,320,10:57,11:00,3,0,0.0,2,8.534,138.57,147.104,3,B720,delivery_service,Delivery,Delivery
3,43,Delivery,7,7,7,7,320,323,11:00,11:03,3,0,0.0,2,8.534,147.104,155.638,0,B766,delivery_service,Delivery,Delivery
3,44,Pickup,7,7,7,7,323,326,11:03,11:06,3,0,0.0,2,4.362,155.638,160.0,1,B840,pickup_service,Pickup,Pickup
3,45,Stay,7,7,7,7,326,328,11:06,11:08,2,0,0.0,2,0.0,160.0,160.0,1,B875,parking_charging,Position,Pickup
3,46,Pickup,7,7,7,7,328,331,11:08,11:11,3,0,0.0,2,0.0,160.0,160.0,3,B875,pickup_service,Pickup,Pickup
3,47,Movement,7,4,7,4,331,338,11:11,11:18,7,7,21.43,0,0.0,160.0,138.57,3,B840,passenger_flight,Position,Delivery
3,48,Delivery,4,4,4,4,338,341,11:18,11:21,3,0,0.0,2,8.534,138.57,147.104,2,B840,delivery_service,Delivery,Delivery
3,49,Delivery,4,4,4,4,341,344,11:21,11:24,3,0,0.0,2,8.534,147.104,155.638,0,B875,delivery_service,Delivery,Delivery
3,50,Pickup,4,4,4,4,344,347,11:24,11:27,3,0,0.0,2,4.362,155.638,160.0,2,B943,pickup_service,Pickup,Pickup
3,51,Stay,4,4,4,4,347,351,11:27,11:31,4,0,0.0,4,0.0,160.0,160.0,2,B968,parking_charging,Position,Pickup
3,52,Pickup,4,4,4,4,351,354,11:31,11:34,3,0,0.0,2,0.0,160.0,160.0,3,B968,pickup_service,Pickup,Pickup
3,53,Movement,4,9,4,9,354,369,11:34,11:49,15,15,55.47,0,0.0,160.0,104.53,3,B943,passenger_flight,Position,Delivery
3,54,Delivery,9,9,9,9,369,372,11:49,11:52,3,0,0.0,2,8.534,104.53,113.064,1,B943,delivery_service,Delivery,Delivery
3,55,Delivery,9,9,9,9,372,375,11:52,11:55,3,0,0.0,2,8.534,113.064,121.598,0,B968,delivery_service,Delivery,Delivery
3,56,Stay,9,9,9,9,375,378,11:55,11:58,3,0,0.0,3,12.801,121.598,134.399,0,B1065,parking_charging,Position,Pickup
3,57,Pickup,9,9,9,9,378,381,11:58,12:01,3,0,0.0,2,8.534,134.399,142.933,1,B1065,pickup_service,Pickup,Pickup
3,58,Stay,9,9,9,9,381,387,12:01,12:07,6,0,0.0,6,17.067,142.933,160.0,1,B1065,parking_charging,Position,Movement
3,59,Movement,9,4,9,4,387,402,12:07,12:22,15,15,55.47,0,0.0,160.0,104.53,1,B1065,passenger_flight,Position,Delivery
3,60,Delivery,4,4,4,4,402,405,12:22,12:25,3,0,0.0,2,8.534,104.53,113.064,0,B1065,delivery_service,Delivery,Delivery
3,61,Stay,4,4,4,4,405,424,12:25,12:44,19,0,0.0,19,46.936,113.064,160.0,0,B1176,parking_charging,Position,Pickup
3,62,Pickup,4,4,4,4,424,427,12:44,12:47,3,0,0.0,2,0.0,160.0,160.0,1,B1176,pickup_service,Pickup,Pickup
3,63,Pickup,4,4,4,4,427,430,12:47,12:50,3,0,0.0,2,0.0,160.0,160.0,2,B1169,pickup_service,Pickup,Pickup
3,64,Movement,4,2,4,2,430,436,12:50,12:56,6,6,16.13,0,0.0,160.0,143.87,2,B1169,passenger_flight,Position,Delivery
3,65,Delivery,2,2,2,2,436,439,12:56,12:59,3,0,0.0,2,8.534,143.87,152.404,1,B1169,delivery_service,Delivery,Delivery
3,66,Delivery,2,2,2,2,439,442,12:59,13:02,3,0,0.0,2,7.596,152.404,160.0,0,B1176,delivery_service,Delivery,Delivery
3,67,Pickup,2,2,2,2,442,445,13:02,13:05,3,0,0.0,2,0.0,160.0,160.0,1,B1205,pickup_service,Pickup,Pickup
3,68,Pickup,2,2,2,2,445,448,13:05,13:08,3,0,0.0,2,0.0,160.0,160.0,2,B1224,pickup_service,Pickup,Pickup
3,69,Movement,2,5,2,5,448,456,13:08,13:16,8,8,27.57,0,0.0,160.0,132.43,2,B1205,passenger_flight,Position,Delivery
3,70,Delivery,5,5,5,5,456,459,13:16,13:19,3,0,0.0,2,8.534,132.43,140.964,1,B1205,delivery_service,Delivery,Delivery
3,71,Delivery,5,5,5,5,459,462,13:19,13:22,3,0,0.0,2,8.534,140.964,149.498,0,B1224,delivery_service,Delivery,Delivery
3,72,Stay,5,5,5,5,462,467,13:22,13:27,5,0,0.0,5,10.502,149.498,160.0,0,B1280,parking_charging,Position,Movement
3,73,Movement,5,6,5,6,467,474,13:27,13:34,7,7,12.76,0,0.0,160.0,147.24,0,B1280,empty_repositioning,Position,Pickup
3,74,Pickup,6,6,6,6,474,477,13:34,13:37,3,0,0.0,2,8.534,147.24,155.774,1,B1280,pickup_service,Pickup,Pickup
3,75,Pickup,6,6,6,6,477,480,13:37,13:40,3,0,0.0,2,4.226,155.774,160.0,2,B1277,pickup_service,Pickup,Pickup
3,76,Movement,6,7,6,7,480,492,13:40,13:52,12,12,43.48,0,0.0,160.0,116.52,2,B1280,passenger_flight,Position,Delivery
3,77,Delivery,7,7,7,7,492,495,13:52,13:55,3,0,0.0,2,8.534,116.52,125.054,1,B1280,delivery_service,Delivery,Delivery
3,78,Delivery,7,7,7,7,495,498,13:55,13:58,3,0,0.0,2,8.534,125.054,133.588,0,B1277,delivery_service,Delivery,Delivery
3,79,Pickup,7,7,7,7,498,501,13:58,14:01,3,0,0.0,2,8.534,133.588,142.122,1,B1335,pickup_service,Pickup,Pickup
3,80,Stay,7,7,7,7,501,504,14:01,14:04,3,0,0.0,3,12.801,142.122,154.923,1,B1335,parking_charging,Position,Movement
3,81,Movement,7,4,7,4,504,511,14:04,14:11,7,7,21.43,0,0.0,154.923,133.493,1,B1335,passenger_flight,Position,Delivery
3,82,Delivery,4,4,4,4,511,514,14:11,14:14,3,0,0.0,2,8.534,133.493,142.027,0,B1335,delivery_service,Delivery,Delivery
3,83,Stay,4,4,4,4,514,525,14:14,14:25,11,0,0.0,11,17.973,142.027,160.0,0,B1440,parking_charging,Position,Pickup
3,84,Pickup,4,4,4,4,525,528,14:25,14:28,3,0,0.0,2,0.0,160.0,160.0,1,B1440,pickup_service,Pickup,Pickup
3,85,Pickup,4,4,4,4,528,531,14:28,14:31,3,0,0.0,2,0.0,160.0,160.0,4,B1433,pickup_service,Pickup,Pickup
3,86,Movement,4,2,4,2,531,537,14:31,14:37,6,6,16.13,0,0.0,160.0,143.87,4,B1433,passenger_flight,Position,Delivery
3,87,Delivery,2,2,2,2,537,540,14:37,14:40,3,0,0.0,2,8.534,143.87,152.404,1,B1433,delivery_service,Delivery,Delivery
3,88,Delivery,2,2,2,2,540,543,14:40,14:43,3,0,0.0,2,7.596,152.404,160.0,0,B1440,delivery_service,Delivery,Delivery
3,89,Stay,2,2,2,2,543,548,14:43,14:48,5,0,0.0,5,0.0,160.0,160.0,0,B1540,parking_charging,Position,Pickup
3,90,Pickup,2,2,2,2,548,551,14:48,14:51,3,0,0.0,2,0.0,160.0,160.0,2,B1540,pickup_service,Pickup,Pickup
3,91,Movement,2,3,2,3,551,554,14:51,14:54,3,3,4.08,0,0.0,160.0,155.92,2,B1559,passenger_flight,Position,Pickup
3,92,Pickup,3,3,3,3,554,557,14:54,14:57,3,0,0.0,2,4.08,155.92,160.0,3,B1559,pickup_service,Pickup,Pickup
3,93,Movement,3,1,3,1,557,563,14:57,15:03,6,6,9.61,0,0.0,160.0,150.39,3,B1540,passenger_flight,Position,Delivery
3,94,Delivery,1,1,1,1,563,566,15:03,15:06,3,0,0.0,2,8.534,150.39,158.924,1,B1540,delivery_service,Delivery,Delivery
3,95,Movement,1,6,1,6,566,573,15:06,15:13,7,7,23.39,0,0.0,158.924,135.534,1,B1559,passenger_flight,Position,Delivery
3,96,Delivery,6,6,6,6,573,576,15:13,15:16,3,0,0.0,2,8.534,135.534,144.068,0,B1559,delivery_service,Delivery,Delivery
3,97,Stay,6,6,6,6,576,582,15:16,15:22,6,0,0.0,6,15.932,144.068,160.0,0,B1674,parking_charging,Position,Pickup
3,98,Pickup,6,6,6,6,582,585,15:22,15:25,3,0,0.0,2,0.0,160.0,160.0,1,B1674,pickup_service,Pickup,Pickup
3,99,Pickup,6,6,6,6,585,588,15:25,15:28,3,0,0.0,2,0.0,160.0,160.0,2,B1661,pickup_service,Pickup,Pickup
3,100,Movement,6,7,6,7,588,600,15:28,15:40,12,12,43.48,0,0.0,160.0,116.52,2,B1661,passenger_flight,Position,Delivery
3,101,Delivery,7,7,7,7,600,603,15:40,15:43,3,0,0.0,2,8.534,116.52,125.054,1,B1661,delivery_service,Delivery,Delivery
3,102,Delivery,7,7,7,7,603,606,15:43,15:46,3,0,0.0,2,8.534,125.054,133.588,0,B1674,delivery_service,Delivery,Delivery
3,103,Stay,7,7,7,7,606,612,15:46,15:52,6,0,0.0,6,25.602,133.588,159.19,0,B1807,parking_charging,Position,Pickup
3,104,Pickup,7,7,7,7,612,615,15:52,15:55,3,0,0.0,2,0.81,159.19,160.0,4,B1807,pickup_service,Pickup,Pickup
3,105,Movement,7,4,7,4,615,622,15:55,16:02,7,7,21.43,0,0.0,160.0,138.57,4,B1807,passenger_flight,Position,Delivery
3,106,Delivery,4,4,4,4,622,625,16:02,16:05,3,0,0.0,2,8.534,138.57,147.104,0,B1807,delivery_service,Delivery,Delivery
3,107,Pickup,4,4,4,4,625,628,16:05,16:08,3,0,0.0,2,8.534,147.104,155.638,3,B1841,pickup_service,Pickup,Pickup
3,108,Movement,4,2,4,2,628,634,16:08,16:14,6,6,16.13,0,0.0,155.638,139.508,3,B1841,passenger_flight,Position,Delivery
3,109,Delivery,2,2,2,2,634,637,16:14,16:17,3,0,0.0,2,8.534,139.508,148.042,0,B1841,delivery_service,Delivery,Delivery
3,110,Stay,2,2,2,2,637,646,16:17,16:26,9,0,0.0,9,11.958,148.042,160.0,0,B2013,parking_charging,Position,Pickup
3,111,Pickup,2,2,2,2,646,649,16:26,16:29,3,0,0.0,2,0.0,160.0,160.0,1,B2013,pickup_service,Pickup,Pickup
3,112,Stay,2,2,2,2,649,653,16:29,16:33,4,0,0.0,4,0.0,160.0,160.0,1,B2054,parking_charging,Position,Pickup
3,113,Pickup,2,2,2,2,653,656,16:33,16:36,3,0,0.0,2,0.0,160.0,160.0,4,B2054,pickup_service,Pickup,Pickup
3,114,Movement,2,5,2,5,656,664,16:36,16:44,8,8,27.57,0,0.0,160.0,132.43,4,B2013,passenger_flight,Position,Delivery
3,115,Delivery,5,5,5,5,664,667,16:44,16:47,3,0,0.0,2,8.534,132.43,140.964,3,B2013,delivery_service,Delivery,Delivery
3,116,Delivery,5,5,5,5,667,670,16:47,16:50,3,0,0.0,2,8.534,140.964,149.498,0,B2054,delivery_service,Delivery,Delivery
3,117,Stay,5,5,5,5,670,678,16:50,16:58,8,0,0.0,8,10.502,149.498,160.0,0,B2249,parking_charging,Position,Pickup
3,118,Pickup,5,5,5,5,678,681,16:58,17:01,3,0,0.0,2,0.0,160.0,160.0,1,B2249,pickup_service,Pickup,Pickup
3,119,Stay,5,5,5,5,681,687,17:01,17:07,6,0,0.0,6,0.0,160.0,160.0,1,B2249,parking_charging,Position,Movement
3,120,Movement,5,2,5,2,687,695,17:07,17:15,8,8,27.57,0,0.0,160.0,132.43,1,B2249,passenger_flight,Position,Delivery
3,121,Delivery,2,2,2,2,695,698,17:15,17:18,3,0,0.0,2,8.534,132.43,140.964,0,B2249,delivery_service,Delivery,Delivery
3,122,Pickup,2,2,2,2,698,701,17:18,17:21,3,0,0.0,2,8.534,140.964,149.498,1,B2411,pickup_service,Pickup,Pickup
3,123,Stay,2,2,2,2,701,704,17:21,17:24,3,0,0.0,3,10.502,149.498,160.0,1,B2411,parking_charging,Position,Movement
3,124,Movement,2,4,2,4,704,710,17:24,17:30,6,6,16.13,0,0.0,160.0,143.87,1,B2411,passenger_flight,Position,Delivery
3,125,Delivery,4,4,4,4,710,713,17:30,17:33,3,0,0.0,2,8.534,143.87,152.404,0,B2411,delivery_service,Delivery,Delivery
3,126,Pickup,4,4,4,4,713,716,17:33,17:36,3,0,0.0,2,7.596,152.404,160.0,4,B2633,pickup_service,Pickup,Pickup
3,127,Movement,4,2,4,2,716,722,17:36,17:42,6,6,16.13,0,0.0,160.0,143.87,4,B2633,passenger_flight,Position,Delivery
3,128,Delivery,2,2,2,2,722,725,17:42,17:45,3,0,0.0,2,8.534,143.87,152.404,0,B2633,delivery_service,Delivery,Delivery
3,129,Pickup,2,2,2,2,725,728,17:45,17:48,3,0,0.0,2,7.596,152.404,160.0,1,B2701,pickup_service,Pickup,Pickup
3,130,Pickup,2,2,2,2,728,731,17:48,17:51,3,0,0.0,2,0.0,160.0,160.0,4,B2779,pickup_service,Pickup,Pickup
3,131,Movement,2,4,2,4,731,737,17:51,17:57,6,6,16.13,0,0.0,160.0,143.87,4,B2701,passenger_flight,Position,Delivery
3,132,Delivery,4,4,4,4,737,740,17:57,18:00,3,0,0.0,2,8.534,143.87,152.404,3,B2701,delivery_service,Delivery,Delivery
3,133,Stay,4,4,4,4,740,743,18:00,18:03,3,0,0.0,3,7.596,152.404,160.0,3,B2779,parking_charging,Position,Delivery
3,134,Delivery,4,4,4,4,743,746,18:03,18:06,3,0,0.0,2,0.0,160.0,160.0,0,B2779,delivery_service,Delivery,Delivery
3,135,Pickup,4,4,4,4,746,749,18:06,18:09,3,0,0.0,2,0.0,160.0,160.0,2,B2913,pickup_service,Pickup,Pickup
3,136,Movement,4,2,4,2,749,755,18:09,18:15,6,6,16.13,0,0.0,160.0,143.87,2,B2913,passenger_flight,Position,Delivery
3,137,Delivery,2,2,2,2,755,758,18:15,18:18,3,0,0.0,2,8.534,143.87,152.404,0,B2913,delivery_service,Delivery,Delivery
3,138,Stay,2,2,2,2,758,760,18:18,18:20,2,0,0.0,2,7.596,152.404,160.0,0,B3045,parking_charging,Position,Movement
3,139,Movement,2,1,2,1,760,767,18:20,18:27,7,7,13.61,0,0.0,160.0,146.39,0,B3045,empty_repositioning,Position,Pickup
3,140,Pickup,1,1,1,1,767,770,18:27,18:30,3,0,0.0,2,8.534,146.39,154.924,1,B3045,pickup_service,Pickup,Pickup
3,141,Movement,1,2,1,2,770,777,18:30,18:37,7,7,13.61,0,0.0,154.924,141.314,1,B3045,passenger_flight,Position,Delivery
3,142,Delivery,2,2,2,2,777,780,18:37,18:40,3,0,0.0,2,8.534,141.314,149.848,0,B3045,delivery_service,Delivery,Delivery
3,143,Pickup,2,2,2,2,780,783,18:40,18:43,3,0,0.0,2,8.534,149.848,158.382,1,B3140,pickup_service,Pickup,Pickup
3,144,Pickup,2,2,2,2,783,786,18:43,18:46,3,0,0.0,2,1.618,158.382,160.0,4,B3189,pickup_service,Pickup,Pickup
3,145,Movement,2,5,2,5,786,794,18:46,18:54,8,8,27.57,0,0.0,160.0,132.43,4,B3140,passenger_flight,Position,Delivery
3,146,Delivery,5,5,5,5,794,797,18:54,18:57,3,0,0.0,2,8.534,132.43,140.964,3,B3140,delivery_service,Delivery,Delivery
3,147,Delivery,5,5,5,5,797,800,18:57,19:00,3,0,0.0,2,8.534,140.964,149.498,0,B3189,delivery_service,Delivery,Delivery
3,148,Movement,5,4,5,4,800,806,19:00,19:06,6,6,11.45,0,0.0,149.498,138.048,0,B3310,empty_repositioning,Position,Pickup
3,149,Pickup,4,4,4,4,806,809,19:06,19:09,3,0,0.0,2,8.534,138.048,146.582,1,B3310,pickup_service,Pickup,Pickup
3,150,Movement,4,6,4,6,809,816,19:09,19:16,7,7,22.06,0,0.0,146.582,124.522,1,B3310,passenger_flight,Position,Delivery
3,151,Delivery,6,6,6,6,816,819,19:16,19:19,3,0,0.0,2,8.534,124.522,133.056,0,B3310,delivery_service,Delivery,Delivery
3,152,Movement,6,4,6,4,819,826,19:19,19:26,7,7,22.06,0,0.0,133.056,110.996,0,,return_to_depot,Position,Depot
4,0,Stay,5,5,5,5,0,40,05:40,06:20,40,0,0.0,40,0.0,160.0,160.0,0,B15,parking_charging,Position,Pickup
4,1,Pickup,5,5,5,5,40,43,06:20,06:23,3,0,0.0,2,0.0,160.0,160.0,1,B15,pickup_service,Pickup,Pickup
4,2,Movement,5,9,5,9,43,60,06:23,06:40,17,17,62.04,0,0.0,160.0,97.96,1,B15,passenger_flight,Position,Delivery
4,3,Delivery,9,9,9,9,60,63,06:40,06:43,3,0,0.0,2,8.534,97.96,106.494,0,B15,delivery_service,Delivery,Delivery
4,4,Stay,9,9,9,9,63,140,06:43,08:00,77,0,0.0,77,53.506,106.494,160.0,0,B124,parking_charging,Position,Pickup
4,5,Pickup,9,9,9,9,140,143,08:00,08:03,3,0,0.0,2,0.0,160.0,160.0,1,B124,pickup_service,Pickup,Pickup
4,6,Pickup,9,9,9,9,143,146,08:03,08:06,3,0,0.0,2,0.0,160.0,160.0,2,B119,pickup_service,Pickup,Pickup
4,7,Movement,9,1,9,1,146,162,08:06,08:22,16,16,57.72,0,0.0,160.0,102.28,2,B124,passenger_flight,Position,Delivery
4,8,Delivery,1,1,1,1,162,165,08:22,08:25,3,0,0.0,2,8.534,102.28,110.814,1,B124,delivery_service,Delivery,Delivery
4,9,Delivery,1,1,1,1,165,168,08:25,08:28,3,0,0.0,2,8.534,110.814,119.348,0,B119,delivery_service,Delivery,Delivery
4,10,Stay,1,1,1,1,168,180,08:28,08:40,12,0,0.0,12,40.652,119.348,160.0,0,B287,parking_charging,Position,Movement
4,11,Movement,1,6,1,6,180,187,08:40,08:47,7,7,23.39,0,0.0,160.0,136.61,0,B287,empty_repositioning,Position,Pickup
4,12,Pickup,6,6,6,6,187,190,08:47,08:50,3,0,0.0,2,8.534,136.61,145.144,1,B287,pickup_service,Pickup,Pickup
4,13,Movement,6,4,6,4,190,197,08:50,08:57,7,7,22.06,0,0.0,145.144,123.084,1,B287,passenger_flight,Position,Delivery
4,14,Delivery,4,4,4,4,197,200,08:57,09:00,3,0,0.0,2,8.534,123.084,131.618,0,B287,delivery_service,Delivery,Delivery
4,15,Stay,4,4,4,4,200,205,09:00,09:05,5,0,0.0,5,21.335,131.618,152.953,0,B368,parking_charging,Position,Pickup
4,16,Pickup,4,4,4,4,205,208,09:05,09:08,3,0,0.0,2,7.047,152.953,160.0,1,B368,pickup_service,Pickup,Pickup
4,17,Pickup,4,4,4,4,208,211,09:08,09:11,3,0,0.0,2,0.0,160.0,160.0,2,B359,pickup_service,Pickup,Pickup
4,18,Movement,4,2,4,2,211,217,09:11,09:17,6,6,16.13,0,0.0,160.0,143.87,2,B359,passenger_flight,Position,Delivery
4,19,Delivery,2,2,2,2,217,220,09:17,09:20,3,0,0.0,2,8.534,143.87,152.404,1,B359,delivery_service,Delivery,Delivery
4,20,Delivery,2,2,2,2,220,223,09:20,09:23,3,0,0.0,2,7.596,152.404,160.0,0,B368,delivery_service,Delivery,Delivery
4,21,Pickup,2,2,2,2,223,226,09:23,09:26,3,0,0.0,2,0.0,160.0,160.0,1,B405,pickup_service,Pickup,Pickup
4,22,Movement,2,1,2,1,226,233,09:26,09:33,7,7,13.61,0,0.0,160.0,146.39,1,B405,passenger_flight,Position,Delivery
4,23,Delivery,1,1,1,1,233,236,09:33,09:36,3,0,0.0,2,8.534,146.39,154.924,0,B405,delivery_service,Delivery,Delivery
4,24,Stay,1,1,1,1,236,240,09:36,09:40,4,0,0.0,4,5.076,154.924,160.0,0,B456,parking_charging,Position,Movement
4,25,Movement,1,3,1,3,240,246,09:40,09:46,6,6,9.61,0,0.0,160.0,150.39,0,B456,empty_repositioning,Position,Pickup
4,26,Pickup,3,3,3,3,246,249,09:46,09:49,3,0,0.0,2,8.534,150.39,158.924,1,B456,pickup_service,Pickup,Pickup
4,27,Movement,3,4,3,4,249,256,09:49,09:56,7,7,12.6,0,0.0,158.924,146.324,1,B456,passenger_flight,Position,Delivery
4,28,Delivery,4,4,4,4,256,259,09:56,09:59,3,0,0.0,2,8.534,146.324,154.858,0,B456,delivery_service,Delivery,Delivery
4,29,Stay,4,4,4,4,259,273,09:59,10:13,14,0,0.0,14,5.142,154.858,160.0,0,B577,parking_charging,Position,Pickup
4,30,Pickup,4,4,4,4,273,276,10:13,10:16,3,0,0.0,2,0.0,160.0,160.0,2,B577,pickup_service,Pickup,Pickup
4,31,Pickup,4,4,4,4,276,279,10:16,10:19,3,0,0.0,2,0.0,160.0,160.0,4,B572,pickup_service,Pickup,Pickup
4,32,Movement,4,2,4,2,279,285,10:19,10:25,6,6,16.13,0,0.0,160.0,143.87,4,B577,passenger_flight,Position,Delivery
4,33,Delivery,2,2,2,2,285,288,10:25,10:28,3,0,0.0,2,8.534,143.87,152.404,2,B577,delivery_service,Delivery,Delivery
4,34,Delivery,2,2,2,2,288,291,10:28,10:31,3,0,0.0,2,7.596,152.404,160.0,0,B572,delivery_service,Delivery,Delivery
4,35,Pickup,2,2,2,2,291,294,10:31,10:34,3,0,0.0,2,0.0,160.0,160.0,1,B650,pickup_service,Pickup,Pickup
4,36,Movement,2,1,2,1,294,301,10:34,10:41,7,7,13.61,0,0.0,160.0,146.39,1,B650,passenger_flight,Position,Delivery
4,37,Delivery,1,1,1,1,301,304,10:41,10:44,3,0,0.0,2,8.534,146.39,154.924,0,B650,delivery_service,Delivery,Delivery
4,38,Pickup,1,1,1,1,304,307,10:44,10:47,3,0,0.0,2,5.076,154.924,160.0,1,B729,pickup_service,Pickup,Pickup
4,39,Movement,1,7,1,7,307,314,10:47,10:54,7,7,21.03,0,0.0,160.0,138.97,1,B729,passenger_flight,Position,Delivery
4,40,Delivery,7,7,7,7,314,317,10:54,10:57,3,0,0.0,2,8.534,138.97,147.504,0,B729,delivery_service,Delivery,Delivery
4,41,Stay,7,7,7,7,317,320,10:57,11:00,3,0,0.0,3,12.496,147.504,160.0,0,B870,parking_charging,Position,Movement
4,42,Movement,7,4,7,4,320,327,11:00,11:07,7,7,21.43,0,0.0,160.0,138.57,0,B870,empty_repositioning,Position,Pickup
4,43,Pickup,4,4,4,4,327,330,11:07,11:10,3,0,0.0,2,8.534,138.57,147.104,1,B870,pickup_service,Pickup,Pickup
4,44,Movement,4,7,4,7,330,337,11:10,11:17,7,7,21.43,0,0.0,147.104,125.674,1,B870,passenger_flight,Position,Delivery
4,45,Delivery,7,7,7,7,337,340,11:17,11:20,3,0,0.0,2,8.534,125.674,134.208,0,B870,delivery_service,Delivery,Delivery
4,46,Stay,7,7,7,7,340,345,11:20,11:25,5,0,0.0,5,21.335,134.208,155.543,0,B950,parking_charging,Position,Pickup
4,47,Pickup,7,7,7,7,345,348,11:25,11:28,3,0,0.0,2,4.457,155.543,160.0,1,B950,pickup_service,Pickup,Pickup
4,48,Pickup,7,7,7,7,348,351,11:28,11:31,3,0,0.0,2,0.0,160.0,160.0,3,B958,pickup_service,Pickup,Pickup
4,49,Movement,7,4,7,4,351,358,11:31,11:38,7,7,21.43,0,0.0,160.0,138.57,3,B950,passenger_flight,Position,Delivery
4,50,Delivery,4,4,4,4,358,361,11:38,11:41,3,0,0.0,2,8.534,138.57,147.104,2,B950,delivery_service,Delivery,Delivery
4,51,Delivery,4,4,4,4,361,364,11:41,11:44,3,0,0.0,2,8.534,147.104,155.638,0,B958,delivery_service,Delivery,Delivery
4,52,Pickup,4,4,4,4,364,367,11:44,11:47,3,0,0.0,2,4.362,155.638,160.0,1,B1013,pickup_service,Pickup,Pickup
4,53,Pickup,4,4,4,4,367,370,11:47,11:50,3,0,0.0,2,0.0,160.0,160.0,3,B1006,pickup_service,Pickup,Pickup
4,54,Movement,4,7,4,7,370,377,11:50,11:57,7,7,21.43,0,0.0,160.0,138.57,3,B1006,passenger_flight,Position,Delivery
4,55,Delivery,7,7,7,7,377,380,11:57,12:00,3,0,0.0,2,8.534,138.57,147.104,1,B1006,delivery_service,Delivery,Delivery
4,56,Delivery,7,7,7,7,380,383,12:00,12:03,3,0,0.0,2,8.534,147.104,155.638,0,B1013,delivery_service,Delivery,Delivery
4,57,Stay,7,7,7,7,383,390,12:03,12:10,7,0,0.0,7,4.362,155.638,160.0,0,B1088,parking_charging,Position,Pickup
4,58,Pickup,7,7,7,7,390,393,12:10,12:13,3,0,0.0,2,0.0,160.0,160.0,1,B1088,pickup_service,Pickup,Pickup
4,59,Stay,7,7,7,7,393,397,12:13,12:17,4,0,0.0,4,0.0,160.0,160.0,1,B1107,parking_charging,Position,Pickup
4,60,Pickup,7,7,7,7,397,400,12:17,12:20,3,0,0.0,2,0.0,160.0,160.0,2,B1107,pickup_service,Pickup,Pickup
4,61,Movement,7,1,7,1,400,407,12:20,12:27,7,7,21.03,0,0.0,160.0,138.97,2,B1088,passenger_flight,Position,Delivery
4,62,Delivery,1,1,1,1,407,410,12:27,12:30,3,0,0.0,2,8.534,138.97,147.504,1,B1088,delivery_service,Delivery,Delivery
4,63,Stay,1,1,1,1,410,413,12:30,12:33,3,0,0.0,3,12.496,147.504,160.0,1,B1107,parking_charging,Position,Delivery
4,64,Delivery,1,1,1,1,413,416,12:33,12:36,3,0,0.0,2,0.0,160.0,160.0,0,B1107,delivery_service,Delivery,Delivery
4,65,Stay,1,1,1,1,416,463,12:36,13:23,47,0,0.0,47,0.0,160.0,160.0,0,B1255,parking_charging,Position,Pickup
4,66,Pickup,1,1,1,1,463,466,13:23,13:26,3,0,0.0,2,0.0,160.0,160.0,1,B1255,pickup_service,Pickup,Pickup
4,67,Pickup,1,1,1,1,466,469,13:26,13:29,3,0,0.0,2,0.0,160.0,160.0,2,B1246,pickup_service,Pickup,Pickup
4,68,Movement,1,8,1,8,469,481,13:29,13:41,12,12,41.05,0,0.0,160.0,118.95,2,B1246,passenger_flight,Position,Delivery
4,69,Delivery,8,8,8,8,481,484,13:41,13:44,3,0,0.0,2,8.534,118.95,127.484,1,B1246,delivery_service,Delivery,Delivery
4,70,Movement,8,9,8,9,484,490,13:44,13:50,6,6,18.04,0,0.0,127.484,109.444,1,B1255,passenger_flight,Position,Delivery
4,71,Delivery,9,9,9,9,490,493,13:50,13:53,3,0,0.0,2,8.534,109.444,117.978,0,B1255,delivery_service,Delivery,Delivery
4,72,Pickup,9,9,9,9,493,496,13:53,13:56,3,0,0.0,2,8.534,117.978,126.512,1,B1316,pickup_service,Pickup,Pickup
4,73,Pickup,9,9,9,9,496,499,13:56,13:59,3,0,0.0,2,8.534,126.512,135.046,2,B1329,pickup_service,Pickup,Pickup
4,74,Movement,9,2,9,2,499,513,13:59,14:13,14,14,50.24,0,0.0,135.046,84.806,2,B1316,passenger_flight,Position,Delivery
4,75,Delivery,2,2,2,2,513,516,14:13,14:16,3,0,0.0,2,8.534,84.806,93.34,1,B1316,delivery_service,Delivery,Delivery
4,76,Movement,2,3,2,3,516,519,14:16,14:19,3,3,4.08,0,0.0,93.34,89.26,1,B1329,passenger_flight,Position,Delivery
4,77,Delivery,3,3,3,3,519,522,14:19,14:22,3,0,0.0,2,8.534,89.26,97.794,0,B1329,delivery_service,Delivery,Delivery
4,78,Pickup,3,3,3,3,522,525,14:22,14:25,3,0,0.0,2,8.534,97.794,106.328,1,B1414,pickup_service,Pickup,Pickup
4,79,Stay,3,3,3,3,525,526,14:25,14:26,1,0,0.0,1,4.267,106.328,110.595,1,B1445,parking_charging,Position,Pickup
4,80,Pickup,3,3,3,3,526,529,14:26,14:29,3,0,0.0,2,8.534,110.595,119.129,3,B1445,pickup_service,Pickup,Pickup
4,81,Movement,3,4,3,4,529,536,14:29,14:36,7,7,12.6,0,0.0,119.129,106.529,3,B1414,passenger_flight,Position,Delivery
4,82,Delivery,4,4,4,4,536,539,14:36,14:39,3,0,0.0,2,8.534,106.529,115.063,2,B1414,delivery_service,Delivery,Delivery
4,83,Delivery,4,4,4,4,539,542,14:39,14:42,3,0,0.0,2,8.534,115.063,123.597,0,B1445,delivery_service,Delivery,Delivery
4,84,Pickup,4,4,4,4,542,545,14:42,14:45,3,0,0.0,2,8.534,123.597,132.131,3,B1509,pickup_service,Pickup,Pickup
4,85,Movement,4,7,4,7,545,552,14:45,14:52,7,7,21.43,0,0.0,132.131,110.701,3,B1509,passenger_flight,Position,Delivery
4,86,Delivery,7,7,7,7,552,555,14:52,14:55,3,0,0.0,2,8.534,110.701,119.235,0,B1509,delivery_service,Delivery,Delivery
4,87,Stay,7,7,7,7,555,562,14:55,15:02,7,0,0.0,7,29.869,119.235,149.104,0,B1601,parking_charging,Position,Pickup
4,88,Pickup,7,7,7,7,562,565,15:02,15:05,3,0,0.0,2,8.534,149.104,157.638,2,B1601,pickup_service,Pickup,Pickup
4,89,Movement,7,1,7,1,565,572,15:05,15:12,7,7,21.03,0,0.0,157.638,136.608,2,B1601,passenger_flight,Position,Delivery
4,90,Delivery,1,1,1,1,572,575,15:12,15:15,3,0,0.0,2,8.534,136.608,145.142,0,B1601,delivery_service,Delivery,Delivery
4,91,Stay,1,1,1,1,575,594,15:15,15:34,19,0,0.0,19,14.858,145.142,160.0,0,B1727,parking_charging,Position,Pickup
4,92,Pickup,1,1,1,1,594,597,15:34,15:37,3,0,0.0,2,0.0,160.0,160.0,1,B1727,pickup_service,Pickup,Pickup
4,93,Stay,1,1,1,1,597,604,15:37,15:44,7,0,0.0,7,0.0,160.0,160.0,1,B1727,parking_charging,Position,Movement
4,94,Movement,1,3,1,3,604,610,15:44,15:50,6,6,9.61,0,0.0,160.0,150.39,1,B1727,passenger_flight,Position,Delivery
4,95,Delivery,3,3,3,3,610,613,15:50,15:53,3,0,0.0,2,8.534,150.39,158.924,0,B1727,delivery_service,Delivery,Delivery
4,96,Pickup,3,3,3,3,613,616,15:53,15:56,3,0,0.0,2,1.076,158.924,160.0,2,B1798,pickup_service,Pickup,Pickup
4,97,Stay,3,3,3,3,616,617,15:56,15:57,1,0,0.0,1,0.0,160.0,160.0,2,B1828,parking_charging,Position,Pickup
4,98,Pickup,3,3,3,3,617,620,15:57,16:00,3,0,0.0,2,0.0,160.0,160.0,4,B1828,pickup_service,Pickup,Pickup
4,99,Movement,3,5,3,5,620,628,16:00,16:08,8,8,23.93,0,0.0,160.0,136.07,4,B1798,passenger_flight,Position,Delivery
4,100,Delivery,5,5,5,5,628,631,16:08,16:11,3,0,0.0,2,8.534,136.07,144.604,2,B1798,delivery_service,Delivery,Delivery
4,101,Delivery,5,5,5,5,631,634,16:11,16:14,3,0,0.0,2,8.534,144.604,153.138,0,B1828,delivery_service,Delivery,Delivery
4,102,Pickup,5,5,5,5,634,637,16:14,16:17,3,0,0.0,2,6.862,153.138,160.0,1,B1931,pickup_service,Pickup,Pickup
4,103,Pickup,5,5,5,5,637,640,16:17,16:20,3,0,0.0,2,0.0,160.0,160.0,2,B1949,pickup_service,Pickup,Pickup
4,104,Movement,5,2,5,2,640,648,16:20,16:28,8,8,27.57,0,0.0,160.0,132.43,2,B1931,passenger_flight,Position,Delivery
4,105,Delivery,2,2,2,2,648,651,16:28,16:31,3,0,0.0,2,8.534,132.43,140.964,1,B1931,delivery_service,Delivery,Delivery
4,106,Movement,2,3,2,3,651,654,16:31,16:34,3,3,4.08,0,0.0,140.964,136.884,1,B1949,passenger_flight,Position,Delivery
4,107,Delivery,3,3,3,3,654,657,16:34,16:37,3,0,0.0,2,8.534,136.884,145.418,0,B1949,delivery_service,Delivery,Delivery
4,108,Stay,3,3,3,3,657,660,16:37,16:40,3,0,0.0,3,12.801,145.418,158.219,0,B2142,parking_charging,Position,Movement
4,109,Movement,3,1,3,1,660,666,16:40,16:46,6,6,9.61,0,0.0,158.219,148.609,0,B2142,empty_repositioning,Position,Pickup
4,110,Pickup,1,1,1,1,666,669,16:46,16:49,3,0,0.0,2,8.534,148.609,157.143,1,B2142,pickup_service,Pickup,Pickup
4,111,Pickup,1,1,1,1,669,672,16:49,16:52,3,0,0.0,2,2.857,157.143,160.0,2,B2124,pickup_service,Pickup,Pickup
4,112,Movement,1,3,1,3,672,678,16:52,16:58,6,6,9.61,0,0.0,160.0,150.39,2,B2124,passenger_flight,Position,Delivery
4,113,Delivery,3,3,3,3,678,681,16:58,17:01,3,0,0.0,2,8.534,150.39,158.924,1,B2124,delivery_service,Delivery,Delivery
4,114,Delivery,3,3,3,3,681,684,17:01,17:04,3,0,0.0,2,1.076,158.924,160.0,0,B2142,delivery_service,Delivery,Delivery
4,115,Stay,3,3,3,3,684,685,17:04,17:05,1,0,0.0,1,0.0,160.0,160.0,0,B2317,parking_charging,Position,Pickup
4,116,Pickup,3,3,3,3,685,688,17:05,17:08,3,0,0.0,2,0.0,160.0,160.0,4,B2317,pickup_service,Pickup,Pickup
4,117,Movement,3,10,3,10,688,703,17:08,17:23,15,15,54.92,0,0.0,160.0,105.08,4,B2317,passenger_flight,Position,Delivery
4,118,Delivery,10,10,10,10,703,706,17:23,17:26,3,0,0.0,2,8.534,105.08,113.614,0,B2317,delivery_service,Delivery,Delivery
4,119,Stay,10,10,10,10,706,717,17:26,17:37,11,0,0.0,11,46.386,113.614,160.0,0,B2677,parking_charging,Position,Pickup
4,120,Pickup,10,10,10,10,717,720,17:37,17:40,3,0,0.0,2,0.0,160.0,160.0,2,B2677,pickup_service,Pickup,Pickup
4,121,Stay,10,10,10,10,720,723,17:40,17:43,3,0,0.0,3,0.0,160.0,160.0,2,B2677,parking_charging,Position,Movement
4,122,Movement,10,3,10,3,723,738,17:43,17:58,15,15,54.92,0,0.0,160.0,105.08,2,B2677,passenger_flight,Position,Delivery
4,123,Delivery,3,3,3,3,738,741,17:58,18:01,3,0,0.0,2,8.534,105.08,113.614,0,B2677,delivery_service,Delivery,Delivery
4,124,Pickup,3,3,3,3,741,744,18:01,18:04,3,0,0.0,2,8.534,113.614,122.148,4,B2894,pickup_service,Pickup,Pickup
4,125,Movement,3,5,3,5,744,752,18:04,18:12,8,8,23.93,0,0.0,122.148,98.218,4,B2894,passenger_flight,Position,Delivery
4,126,Delivery,5,5,5,5,752,755,18:12,18:15,3,0,0.0,2,8.534,98.218,106.752,0,B2894,delivery_service,Delivery,Delivery
4,127,Stay,5,5,5,5,755,760,18:15,18:20,5,0,0.0,5,21.335,106.752,128.087,0,B3051,parking_charging,Position,Pickup
4,128,Pickup,5,5,5,5,760,763,18:20,18:23,3,0,0.0,2,8.534,128.087,136.621,1,B3051,pickup_service,Pickup,Pickup
4,129,Movement,5,2,5,2,763,771,18:23,18:31,8,8,27.57,0,0.0,136.621,109.051,1,B3051,passenger_flight,Position,Delivery
4,130,Delivery,2,2,2,2,771,774,18:31,18:34,3,0,0.0,2,8.534,109.051,117.585,0,B3051,delivery_service,Delivery,Delivery
4,131,Stay,2,2,2,2,774,775,18:34,18:35,1,0,0.0,1,4.267,117.585,121.852,0,B3145,parking_charging,Position,Pickup
4,132,Pickup,2,2,2,2,775,778,18:35,18:38,3,0,0.0,2,8.534,121.852,130.386,1,B3145,pickup_service,Pickup,Pickup
4,133,Movement,2,4,2,4,778,784,18:38,18:44,6,6,16.13,0,0.0,130.386,114.256,1,B3145,passenger_flight,Position,Delivery
4,134,Delivery,4,4,4,4,784,787,18:44,18:47,3,0,0.0,2,8.534,114.256,122.79,0,B3145,delivery_service,Delivery,Delivery
4,135,Pickup,4,4,4,4,787,790,18:47,18:50,3,0,0.0,2,8.534,122.79,131.324,3,B3215,pickup_service,Pickup,Pickup
4,136,Movement,4,3,4,3,790,797,18:50,18:57,7,7,12.6,0,0.0,131.324,118.724,3,B3215,passenger_flight,Position,Delivery
4,137,Delivery,3,3,3,3,797,800,18:57,19:00,3,0,0.0,2,8.534,118.724,127.258,0,B3215,delivery_service,Delivery,Delivery
4,138,Stay,3,3,3,3,800,803,19:00,19:03,3,0,0.0,3,12.801,127.258,140.059,0,B3303,parking_charging,Position,Pickup
4,139,Pickup,3,3,3,3,803,806,19:03,19:06,3,0,0.0,2,8.534,140.059,148.593,1,B3303,pickup_service,Pickup,Pickup
4,140,Movement,3,5,3,5,806,814,19:06,19:14,8,8,23.93,0,0.0,148.593,124.663,1,B3303,passenger_flight,Position,Delivery
4,141,Delivery,5,5,5,5,814,817,19:14,19:17,3,0,0.0,2,8.534,124.663,133.197,0,B3303,delivery_service,Delivery,Delivery
5,0,Stay,6,6,6,6,0,30,05:40,06:10,30,0,0.0,30,0.0,160.0,160.0,0,B9,parking_charging,Position,Pickup
5,1,Pickup,6,6,6,6,30,33,06:10,06:13,3,0,0.0,2,0.0,160.0,160.0,1,B9,pickup_service,Pickup,Pickup
5,2,Pickup,6,6,6,6,33,36,06:13,06:16,3,0,0.0,2,0.0,160.0,160.0,3,B11,pickup_service,Pickup,Pickup
5,3,Movement,6,7,6,7,36,48,06:16,06:28,12,12,43.48,0,0.0,160.0,116.52,3,B9,passenger_flight,Position,Delivery
5,4,Delivery,7,7,7,7,48,51,06:28,06:31,3,0,0.0,2,8.534,116.52,125.054,2,B9,delivery_service,Delivery,Delivery
5,5,Delivery,7,7,7,7,51,54,06:31,06:34,3,0,0.0,2,8.534,125.054,133.588,0,B11,delivery_service,Delivery,Delivery
5,6,Stay,7,7,7,7,54,123,06:34,07:43,69,0,0.0,69,26.412,133.588,160.0,0,B103,parking_charging,Position,Pickup
5,7,Pickup,7,7,7,7,123,126,07:43,07:46,3,0,0.0,2,0.0,160.0,160.0,1,B103,pickup_service,Pickup,Pickup
5,8,Stay,7,7,7,7,126,129,07:46,07:49,3,0,0.0,3,0.0,160.0,160.0,1,B112,parking_charging,Position,Pickup
5,9,Pickup,7,7,7,7,129,132,07:49,07:52,3,0,0.0,2,0.0,160.0,160.0,2,B112,pickup_service,Pickup,Pickup
5,10,Movement,7,4,7,4,132,139,07:52,07:59,7,7,21.43,0,0.0,160.0,138.57,2,B103,passenger_flight,Position,Delivery
5,11,Delivery,4,4,4,4,139,142,07:59,08:02,3,0,0.0,2,8.534,138.57,147.104,1,B103,delivery_service,Delivery,Delivery
5,12,Movement,4,1,4,1,142,146,08:02,08:06,4,4,4.98,0,0.0,147.104,142.124,1,B112,passenger_flight,Position,Delivery
5,13,Delivery,1,1,1,1,146,149,08:06,08:09,3,0,0.0,2,8.534,142.124,150.658,0,B112,delivery_service,Delivery,Delivery
5,14,Movement,1,6,1,6,149,156,08:09,08:16,7,7,23.39,0,0.0,150.658,127.268,0,B166,empty_repositioning,Position,Pickup
5,15,Pickup,6,6,6,6,156,159,08:16,08:19,3,0,0.0,2,8.534,127.268,135.802,1,B166,pickup_service,Pickup,Pickup
5,16,Movement,6,1,6,1,159,166,08:19,08:26,7,7,23.39,0,0.0,135.802,112.412,1,B166,passenger_flight,Position,Delivery
5,17,Delivery,1,1,1,1,166,169,08:26,08:29,3,0,0.0,2,8.534,112.412,120.946,0,B166,delivery_service,Delivery,Delivery
5,18,Stay,1,1,1,1,169,172,08:29,08:32,3,0,0.0,3,12.801,120.946,133.747,0,B255,parking_charging,Position,Pickup
5,19,Pickup,1,1,1,1,172,175,08:32,08:35,3,0,0.0,2,8.534,133.747,142.281,1,B255,pickup_service,Pickup,Pickup
5,20,Movement,1,9,1,9,175,191,08:35,08:51,16,16,57.72,0,0.0,142.281,84.561,1,B255,passenger_flight,Position,Delivery
5,21,Delivery,9,9,9,9,191,194,08:51,08:54,3,0,0.0,2,8.534,84.561,93.095,0,B255,delivery_service,Delivery,Delivery
5,22,Stay,9,9,9,9,194,196,08:54,08:56,2,0,0.0,2,8.534,93.095,101.629,0,B341,parking_charging,Position,Pickup
5,23,Pickup,9,9,9,9,196,199,08:56,08:59,3,0,0.0,2,8.534,101.629,110.163,1,B341,pickup_service,Pickup,Pickup
5,24,Pickup,9,9,9,9,199,202,08:59,09:02,3,0,0.0,2,8.534,110.163,118.697,2,B347,pickup_service,Pickup,Pickup
5,25,Movement,9,7,9,7,202,214,09:02,09:14,12,12,40.12,0,0.0,118.697,78.577,2,B341,passenger_flight,Position,Delivery
5,26,Delivery,7,7,7,7,214,217,09:14,09:17,3,0,0.0,2,8.534,78.577,87.111,1,B341,delivery_service,Delivery,Delivery
5,27,Movement,7,2,7,2,217,223,09:17,09:23,6,6,10.2,0,0.0,87.111,76.911,1,B347,passenger_flight,Position,Delivery
5,28,Delivery,2,2,2,2,223,226,09:23,09:26,3,0,0.0,2,8.534,76.911,85.445,0,B347,delivery_service,Delivery,Delivery
5,29,Stay,2,2,2,2,226,234,09:26,09:34,8,0,0.0,8,34.136,85.445,119.581,0,B437,parking_charging,Position,Pickup
5,30,Pickup,2,2,2,2,234,237,09:34,09:37,3,0,0.0,2,8.534,119.581,128.115,1,B437,pickup_service,Pickup,Pickup
5,31,Pickup,2,2,2,2,237,240,09:37,09:40,3,0,0.0,2,8.534,128.115,136.649,2,B434,pickup_service,Pickup,Pickup
5,32,Movement,2,4,2,4,240,246,09:40,09:46,6,6,16.13,0,0.0,136.649,120.519,2,B434,passenger_flight,Position,Delivery
5,33,Delivery,4,4,4,4,246,249,09:46,09:49,3,0,0.0,2,8.534,120.519,129.053,1,B434,delivery_service,Delivery,Delivery
5,34,Delivery,4,4,4,4,249,252,09:49,09:52,3,0,0.0,2,8.534,129.053,137.587,0,B437,delivery_service,Delivery,Delivery
5,35,Stay,4,4,4,4,252,270,09:52,10:10,18,0,0.0,18,22.413,137.587,160.0,0,B556,parking_charging,Position,Pickup
5,36,Pickup,4,4,4,4,270,273,10:10,10:13,3,0,0.0,2,0.0,160.0,160.0,1,B556,pickup_service,Pickup,Pickup
5,37,Pickup,4,4,4,4,273,276,10:13,10:16,3,0,0.0,2,0.0,160.0,160.0,2,B578,pickup_service,Pickup,Pickup
5,38,Pickup,4,4,4,4,276,279,10:16,10:19,3,0,0.0,2,0.0,160.0,160.0,4,B589,pickup_service,Pickup,Pickup
5,39,Movement,4,7,4,7,279,286,10:19,10:26,7,7,21.43,0,0.0,160.0,138.57,4,B556,passenger_flight,Position,Delivery
5,40,Delivery,7,7,7,7,286,289,10:26,10:29,3,0,0.0,2,8.534,138.57,147.104,3,B556,delivery_service,Delivery,Delivery
5,41,Delivery,7,7,7,7,289,292,10:29,10:32,3,0,0.0,2,8.534,147.104,155.638,2,B578,delivery_service,Delivery,Delivery
5,42,Delivery,7,7,7,7,292,295,10:32,10:35,3,0,0.0,2,4.362,155.638,160.0,0,B589,delivery_service,Delivery,Delivery
5,43,Stay,7,7,7,7,295,297,10:35,10:37,2,0,0.0,2,0.0,160.0,160.0,0,B712,parking_charging,Position,Pickup
5,44,Pickup,7,7,7,7,297,300,10:37,10:40,3,0,0.0,2,0.0,160.0,160.0,1,B712,pickup_service,Pickup,Pickup
5,45,Stay,7,7,7,7,300,306,10:40,10:46,6,0,0.0,6,0.0,160.0,160.0,1,B712,parking_charging,Position,Movement
5,46,Movement,7,1,7,1,306,313,10:46,10:53,7,7,21.03,0,0.0,160.0,138.97,1,B712,passenger_flight,Position,Delivery
5,47,Delivery,1,1,1,1,313,316,10:53,10:56,3,0,0.0,2,8.534,138.97,147.504,0,B712,delivery_service,Delivery,Delivery
5,48,Pickup,1,1,1,1,316,319,10:56,10:59,3,0,0.0,2,8.534,147.504,156.038,1,B799,pickup_service,Pickup,Pickup
5,49,Pickup,1,1,1,1,319,322,10:59,11:02,3,0,0.0,2,3.962,156.038,160.0,2,B780,pickup_service,Pickup,Pickup
5,50,Movement,1,10,1,10,322,335,11:02,11:15,13,13,47.44,0,0.0,160.0,112.56,2,B780,passenger_flight,Position,Delivery
5,51,Delivery,10,10,10,10,335,338,11:15,11:18,3,0,0.0,2,8.534,112.56,121.094,1,B780,delivery_service,Delivery,Delivery
5,52,Delivery,10,10,10,10,338,341,11:18,11:21,3,0,0.0,2,8.534,121.094,129.628,0,B799,delivery_service,Delivery,Delivery
5,53,Stay,10,10,10,10,341,393,11:21,12:13,52,0,0.0,52,30.372,129.628,160.0,0,B1095,parking_charging,Position,Pickup
5,54,Pickup,10,10,10,10,393,396,12:13,12:16,3,0,0.0,2,0.0,160.0,160.0,1,B1095,pickup_service,Pickup,Pickup
5,55,Stay,10,10,10,10,396,405,12:16,12:25,9,0,0.0,9,0.0,160.0,160.0,1,B1095,parking_charging,Position,Movement
5,56,Movement,10,3,10,3,405,420,12:25,12:40,15,15,54.92,0,0.0,160.0,105.08,1,B1095,passenger_flight,Position,Delivery
5,57,Delivery,3,3,3,3,420,423,12:40,12:43,3,0,0.0,2,8.534,105.08,113.614,0,B1095,delivery_service,Delivery,Delivery
5,58,Stay,3,3,3,3,423,425,12:43,12:45,2,0,0.0,2,8.534,113.614,122.148,0,B1183,parking_charging,Position,Pickup
5,59,Pickup,3,3,3,3,425,428,12:45,12:48,3,0,0.0,2,8.534,122.148,130.682,1,B1183,pickup_service,Pickup,Pickup
5,60,Pickup,3,3,3,3,428,431,12:48,12:51,3,0,0.0,2,8.534,130.682,139.216,2,B1186,pickup_service,Pickup,Pickup
5,61,Movement,3,6,3,6,431,441,12:51,13:01,10,10,32.98,0,0.0,139.216,106.236,2,B1183,passenger_flight,Position,Delivery
5,62,Delivery,6,6,6,6,441,444,13:01,13:04,3,0,0.0,2,8.534,106.236,114.77,1,B1183,delivery_service,Delivery,Delivery
5,63,Movement,6,10,6,10,444,455,13:04,13:15,11,11,35.74,0,0.0,114.77,79.03,1,B1186,passenger_flight,Position,Delivery
5,64,Delivery,10,10,10,10,455,458,13:15,13:18,3,0,0.0,2,8.534,79.03,87.564,0,B1186,delivery_service,Delivery,Delivery
5,65,Stay,10,10,10,10,458,469,13:18,13:29,11,0,0.0,11,46.937,87.564,134.501,0,B1269,parking_charging,Position,Pickup
5,66,Pickup,10,10,10,10,469,472,13:29,13:32,3,0,0.0,2,8.534,134.501,143.035,2,B1269,pickup_service,Pickup,Pickup
5,67,Pickup,10,10,10,10,472,475,13:32,13:35,3,0,0.0,2,8.534,143.035,151.569,4,B1266,pickup_service,Pickup,Pickup
5,68,Movement,10,4,10,4,475,487,13:35,13:47,12,12,42.86,0,0.0,151.569,108.709,4,B1266,passenger_flight,Position,Delivery
5,69,Delivery,4,4,4,4,487,490,13:47,13:50,3,0,0.0,2,8.534,108.709,117.243,2,B1266,delivery_service,Delivery,Delivery
5,70,Movement,4,3,4,3,490,497,13:50,13:57,7,7,12.6,0,0.0,117.243,104.643,2,B1269,passenger_flight,Position,Delivery
5,71,Delivery,3,3,3,3,497,500,13:57,14:00,3,0,0.0,2,8.534,104.643,113.177,0,B1269,delivery_service,Delivery,Delivery
5,72,Stay,3,3,3,3,500,507,14:00,14:07,7,0,0.0,7,29.869,113.177,143.046,0,B1361,parking_charging,Position,Pickup
5,73,Pickup,3,3,3,3,507,510,14:07,14:10,3,0,0.0,2,8.534,143.046,151.58,2,B1361,pickup_service,Pickup,Pickup
5,74,Movement,3,4,3,4,510,517,14:10,14:17,7,7,12.6,0,0.0,151.58,138.98,2,B1361,passenger_flight,Position,Delivery
5,75,Delivery,4,4,4,4,517,520,14:17,14:20,3,0,0.0,2,8.534,138.98,147.514,0,B1361,delivery_service,Delivery,Delivery
5,76,Stay,4,4,4,4,520,539,14:20,14:39,19,0,0.0,19,12.486,147.514,160.0,0,B1504,parking_charging,Position,Pickup
5,77,Pickup,4,4,4,4,539,542,14:39,14:42,3,0,0.0,2,0.0,160.0,160.0,1,B1504,pickup_service,Pickup,Pickup
5,78,Stay,4,4,4,4,542,545,14:42,14:45,3,0,0.0,3,0.0,160.0,160.0,1,B1504,parking_charging,Position,Movement
5,79,Movement,4,7,4,7,545,552,14:45,14:52,7,7,21.43,0,0.0,160.0,138.57,1,B1504,passenger_flight,Position,Delivery
5,80,Delivery,7,7,7,7,552,555,14:52,14:55,3,0,0.0,2,8.534,138.57,147.104,0,B1504,delivery_service,Delivery,Delivery
5,81,Stay,7,7,7,7,555,580,14:55,15:20,25,0,0.0,25,12.896,147.104,160.0,0,B1668,parking_charging,Position,Pickup
5,82,Pickup,7,7,7,7,580,583,15:20,15:23,3,0,0.0,2,0.0,160.0,160.0,2,B1668,pickup_service,Pickup,Pickup
5,83,Stay,7,7,7,7,583,585,15:23,15:25,2,0,0.0,2,0.0,160.0,160.0,2,B1683,parking_charging,Position,Pickup
5,84,Pickup,7,7,7,7,585,588,15:25,15:28,3,0,0.0,2,0.0,160.0,160.0,3,B1683,pickup_service,Pickup,Pickup
5,85,Movement,7,4,7,4,588,595,15:28,15:35,7,7,21.43,0,0.0,160.0,138.57,3,B1668,passenger_flight,Position,Delivery
5,86,Delivery,4,4,4,4,595,598,15:35,15:38,3,0,0.0,2,8.534,138.57,147.104,1,B1668,delivery_service,Delivery,Delivery
5,87,Pickup,4,4,4,4,598,601,15:38,15:41,3,0,0.0,2,8.534,147.104,155.638,2,B1743,pickup_service,Pickup,Pickup
5,88,Delivery,4,4,4,4,601,604,15:41,15:44,3,0,0.0,2,4.362,155.638,160.0,1,B1683,delivery_service,Delivery,Delivery
5,89,Movement,4,7,4,7,604,611,15:44,15:51,7,7,21.43,0,0.0,160.0,138.57,1,B1743,passenger_flight,Position,Delivery
5,90,Delivery,7,7,7,7,611,614,15:51,15:54,3,0,0.0,2,8.534,138.57,147.104,0,B1743,delivery_service,Delivery,Delivery
5,91,Stay,7,7,7,7,614,622,15:54,16:02,8,0,0.0,8,12.896,147.104,160.0,0,B1857,parking_charging,Position,Pickup
5,92,Pickup,7,7,7,7,622,625,16:02,16:05,3,0,0.0,2,0.0,160.0,160.0,1,B1857,pickup_service,Pickup,Pickup
5,93,Pickup,7,7,7,7,625,628,16:05,16:08,3,0,0.0,2,0.0,160.0,160.0,4,B1863,pickup_service,Pickup,Pickup
5,94,Movement,7,4,7,4,628,635,16:08,16:15,7,7,21.43,0,0.0,160.0,138.57,4,B1857,passenger_flight,Position,Delivery
5,95,Delivery,4,4,4,4,635,638,16:15,16:18,3,0,0.0,2,8.534,138.57,147.104,3,B1857,delivery_service,Delivery,Delivery
5,96,Delivery,4,4,4,4,638,641,16:18,16:21,3,0,0.0,2,8.534,147.104,155.638,0,B1863,delivery_service,Delivery,Delivery
5,97,Stay,4,4,4,4,641,653,16:21,16:33,12,0,0.0,12,4.362,155.638,160.0,0,B2056,parking_charging,Position,Pickup
5,98,Pickup,4,4,4,4,653,656,16:33,16:36,3,0,0.0,2,0.0,160.0,160.0,1,B2056,pickup_service,Pickup,Pickup
5,99,Movement,4,2,4,2,656,662,16:36,16:42,6,6,16.13,0,0.0,160.0,143.87,1,B2056,passenger_flight,Position,Delivery
5,100,Delivery,2,2,2,2,662,665,16:42,16:45,3,0,0.0,2,8.534,143.87,152.404,0,B2056,delivery_service,Delivery,Delivery
5,101,Stay,2,2,2,2,665,667,16:45,16:47,2,0,0.0,2,7.596,152.404,160.0,0,B2163,parking_charging,Position,Pickup
5,102,Pickup,2,2,2,2,667,670,16:47,16:50,3,0,0.0,2,0.0,160.0,160.0,1,B2163,pickup_service,Pickup,Pickup
5,103,Stay,2,2,2,2,670,671,16:50,16:51,1,0,0.0,1,0.0,160.0,160.0,1,B2197,parking_charging,Position,Pickup
5,104,Pickup,2,2,2,2,671,674,16:51,16:54,3,0,0.0,2,0.0,160.0,160.0,4,B2197,pickup_service,Pickup,Pickup
5,105,Movement,2,5,2,5,674,682,16:54,17:02,8,8,27.57,0,0.0,160.0,132.43,4,B2163,passenger_flight,Position,Delivery
5,106,Delivery,5,5,5,5,682,685,17:02,17:05,3,0,0.0,2,8.534,132.43,140.964,3,B2163,delivery_service,Delivery,Delivery
5,107,Delivery,5,5,5,5,685,688,17:05,17:08,3,0,0.0,2,8.534,140.964,149.498,0,B2197,delivery_service,Delivery,Delivery
5,108,Stay,5,5,5,5,688,690,17:08,17:10,2,0,0.0,2,8.534,149.498,158.032,0,B2370,parking_charging,Position,Pickup
5,109,Pickup,5,5,5,5,690,693,17:10,17:13,3,0,0.0,2,1.968,158.032,160.0,1,B2370,pickup_service,Pickup,Pickup
5,110,Stay,5,5,5,5,693,696,17:13,17:16,3,0,0.0,3,0.0,160.0,160.0,1,B2370,parking_charging,Position,Movement
5,111,Movement,5,1,5,1,696,704,17:16,17:24,8,8,14.88,0,0.0,160.0,145.12,1,B2370,passenger_flight,Position,Delivery
5,112,Delivery,1,1,1,1,704,707,17:24,17:27,3,0,0.0,2,8.534,145.12,153.654,0,B2370,delivery_service,Delivery,Delivery
5,113,Stay,1,1,1,1,707,708,17:27,17:28,1,0,0.0,1,4.267,153.654,157.921,0,B2565,parking_charging,Position,Pickup
5,114,Pickup,1,1,1,1,708,711,17:28,17:31,3,0,0.0,2,2.079,157.921,160.0,1,B2565,pickup_service,Pickup,Pickup
5,115,Pickup,1,1,1,1,711,714,17:31,17:34,3,0,0.0,2,0.0,160.0,160.0,4,B2551,pickup_service,Pickup,Pickup
5,116,Movement,1,7,1,7,714,721,17:34,17:41,7,7,21.03,0,0.0,160.0,138.97,4,B2565,passenger_flight,Position,Delivery
5,117,Delivery,7,7,7,7,721,724,17:41,17:44,3,0,0.0,2,8.534,138.97,147.504,3,B2565,delivery_service,Delivery,Delivery
5,118,Delivery,7,7,7,7,724,727,17:44,17:47,3,0,0.0,2,8.534,147.504,156.038,0,B2551,delivery_service,Delivery,Delivery
5,119,Stay,7,7,7,7,727,741,17:47,18:01,14,0,0.0,14,3.962,156.038,160.0,0,B2928,parking_charging,Position,Pickup
5,120,Pickup,7,7,7,7,741,744,18:01,18:04,3,0,0.0,2,0.0,160.0,160.0,1,B2928,pickup_service,Pickup,Pickup
5,121,Pickup,7,7,7,7,744,747,18:04,18:07,3,0,0.0,2,0.0,160.0,160.0,4,B2938,pickup_service,Pickup,Pickup
5,122,Movement,7,6,7,6,747,759,18:07,18:19,12,12,43.48,0,0.0,160.0,116.52,4,B2928,passenger_flight,Position,Delivery
5,123,Delivery,6,6,6,6,759,762,18:19,18:22,3,0,0.0,2,8.534,116.52,125.054,3,B2928,delivery_service,Delivery,Delivery
5,124,Stay,6,6,6,6,762,765,18:22,18:25,3,0,0.0,3,12.801,125.054,137.855,3,B2938,parking_charging,Position,Delivery
5,125,Delivery,6,6,6,6,765,768,18:25,18:28,3,0,0.0,2,8.534,137.855,146.389,0,B2938,delivery_service,Delivery,Delivery
5,126,Pickup,6,6,6,6,768,771,18:28,18:31,3,0,0.0,2,8.534,146.389,154.923,2,B3053,pickup_service,Pickup,Pickup
5,127,Movement,6,9,6,9,771,791,18:31,18:51,20,20,74.79,0,0.0,154.923,80.133,2,B3053,passenger_flight,Position,Delivery
5,128,Delivery,9,9,9,9,791,794,18:51,18:54,3,0,0.0,2,8.534,80.133,88.667,0,B3053,delivery_service,Delivery,Delivery
5,129,Pickup,9,9,9,9,794,797,18:54,18:57,3,0,0.0,2,8.534,88.667,97.201,1,B3206,pickup_service,Pickup,Pickup
5,130,Movement,9,4,9,4,797,812,18:57,19:12,15,15,55.47,0,0.0,97.201,41.731,1,B3206,passenger_flight,Position,Delivery
5,131,Delivery,4,4,4,4,812,815,19:12,19:15,3,0,0.0,2,8.534,41.731,50.265,0,B3206,delivery_service,Delivery,Delivery
5,132,Movement,4,6,4,6,815,822,19:15,19:22,7,7,22.06,0,0.0,50.265,28.205,0,,return_to_depot,Position,Depot
6,0,Stay,7,7,7,7,0,24,05:40,06:04,24,0,0.0,24,0.0,160.0,160.0,0,B5,parking_charging,Position,Pickup
6,1,Pickup,7,7,7,7,24,27,06:04,06:07,3,0,0.0,2,0.0,160.0,160.0,1,B5,pickup_service,Pickup,Pickup
6,2,Movement,7,10,7,10,27,43,06:07,06:23,16,16,57.99,0,0.0,160.0,102.01,1,B5,passenger_flight,Position,Delivery
6,3,Delivery,10,10,10,10,43,46,06:23,06:26,3,0,0.0,2,8.534,102.01,110.544,0,B5,delivery_service,Delivery,Delivery
6,4,Stay,10,10,10,10,46,57,06:26,06:37,11,0,0.0,11,46.937,110.544,157.481,0,B30,parking_charging,Position,Pickup
6,5,Pickup,10,10,10,10,57,60,06:37,06:40,3,0,0.0,2,2.519,157.481,160.0,1,B30,pickup_service,Pickup,Pickup
6,6,Stay,10,10,10,10,60,66,06:40,06:46,6,0,0.0,6,0.0,160.0,160.0,1,B30,parking_charging,Position,Movement
6,7,Movement,10,4,10,4,66,78,06:46,06:58,12,12,42.86,0,0.0,160.0,117.14,1,B30,passenger_flight,Position,Delivery
6,8,Delivery,4,4,4,4,78,81,06:58,07:01,3,0,0.0,2,8.534,117.14,125.674,0,B30,delivery_service,Delivery,Delivery
6,9,Movement,4,6,4,6,81,88,07:01,07:08,7,7,22.06,0,0.0,125.674,103.614,0,B57,empty_repositioning,Position,Pickup
6,10,Pickup,6,6,6,6,88,91,07:08,07:11,3,0,0.0,2,8.534,103.614,112.148,1,B57,pickup_service,Pickup,Pickup
6,11,Pickup,6,6,6,6,91,94,07:11,07:14,3,0,0.0,2,8.534,112.148,120.682,2,B52,pickup_service,Pickup,Pickup
6,12,Movement,6,3,6,3,94,104,07:14,07:24,10,10,32.98,0,0.0,120.682,87.702,2,B52,passenger_flight,Position,Delivery
6,13,Delivery,3,3,3,3,104,107,07:24,07:27,3,0,0.0,2,8.534,87.702,96.236,1,B52,delivery_service,Delivery,Delivery
6,14,Delivery,3,3,3,3,107,110,07:27,07:30,3,0,0.0,2,8.534,96.236,104.77,0,B57,delivery_service,Delivery,Delivery
6,15,Stay,3,3,3,3,110,117,07:30,07:37,7,0,0.0,7,29.869,104.77,134.639,0,B93,parking_charging,Position,Pickup
6,16,Pickup,3,3,3,3,117,120,07:37,07:40,3,0,0.0,2,8.534,134.639,143.173,1,B93,pickup_service,Pickup,Pickup
6,17,Stay,3,3,3,3,120,126,07:40,07:46,6,0,0.0,6,16.827,143.173,160.0,1,B93,parking_charging,Position,Movement
6,18,Movement,3,8,3,8,126,136,07:46,07:56,10,10,35.17,0,0.0,160.0,124.83,1,B93,passenger_flight,Position,Delivery
6,19,Delivery,8,8,8,8,136,139,07:56,07:59,3,0,0.0,2,8.534,124.83,133.364,0,B93,delivery_service,Delivery,Delivery
6,20,Stay,8,8,8,8,139,140,07:59,08:00,1,0,0.0,1,4.267,133.364,137.631,0,B123,parking_charging,Position,Pickup
6,21,Pickup,8,8,8,8,140,143,08:00,08:03,3,0,0.0,2,8.534,137.631,146.165,1,B123,pickup_service,Pickup,Pickup
6,22,Stay,8,8,8,8,143,145,08:03,08:05,2,0,0.0,2,8.534,146.165,154.699,1,B148,parking_charging,Position,Pickup
6,23,Pickup,8,8,8,8,145,148,08:05,08:08,3,0,0.0,2,5.301,154.699,160.0,2,B148,pickup_service,Pickup,Pickup
6,24,Movement,8,3,8,3,148,158,08:08,08:18,10,10,35.17,0,0.0,160.0,124.83,2,B123,passenger_flight,Position,Delivery
6,25,Delivery,3,3,3,3,158,161,08:18,08:21,3,0,0.0,2,8.534,124.83,133.364,1,B123,delivery_service,Delivery,Delivery
6,26,Movement,3,2,3,2,161,164,08:21,08:24,3,3,4.08,0,0.0,133.364,129.284,1,B148,passenger_flight,Position,Delivery
6,27,Delivery,2,2,2,2,164,167,08:24,08:27,3,0,0.0,2,8.534,129.284,137.818,0,B148,delivery_service,Delivery,Delivery
6,28,Stay,2,2,2,2,167,170,08:27,08:30,3,0,0.0,3,12.801,137.818,150.619,0,B248,parking_charging,Position,Pickup
6,29,Pickup,2,2,2,2,170,173,08:30,08:33,3,0,0.0,2,8.534,150.619,159.153,1,B248,pickup_service,Pickup,Pickup
6,30,Stay,2,2,2,2,173,175,08:33,08:35,2,0,0.0,2,0.847,159.153,160.0,1,B268,parking_charging,Position,Pickup
6,31,Pickup,2,2,2,2,175,178,08:35,08:38,3,0,0.0,2,0.0,160.0,160.0,2,B268,pickup_service,Pickup,Pickup
6,32,Movement,2,4,2,4,178,184,08:38,08:44,6,6,16.13,0,0.0,160.0,143.87,2,B248,passenger_flight,Position,Delivery
6,33,Delivery,4,4,4,4,184,187,08:44,08:47,3,0,0.0,2,8.534,143.87,152.404,1,B248,delivery_service,Delivery,Delivery
6,34,Delivery,4,4,4,4,187,190,08:47,08:50,3,0,0.0,2,7.596,152.404,160.0,0,B268,delivery_service,Delivery,Delivery
6,35,Stay,4,4,4,4,190,200,08:50,09:00,10,0,0.0,10,0.0,160.0,160.0,0,B367,parking_charging,Position,Movement
6,36,Movement,4,3,4,3,200,207,09:00,09:07,7,7,12.6,0,0.0,160.0,147.4,0,B367,empty_repositioning,Position,Pickup
6,37,Pickup,3,3,3,3,207,210,09:07,09:10,3,0,0.0,2,8.534,147.4,155.934,1,B367,pickup_service,Pickup,Pickup
6,38,Pickup,3,3,3,3,210,213,09:10,09:13,3,0,0.0,2,4.066,155.934,160.0,3,B377,pickup_service,Pickup,Pickup
6,39,Movement,3,4,3,4,213,220,09:13,09:20,7,7,12.6,0,0.0,160.0,147.4,3,B367,passenger_flight,Position,Delivery
6,40,Delivery,4,4,4,4,220,223,09:20,09:23,3,0,0.0,2,8.534,147.4,155.934,2,B367,delivery_service,Delivery,Delivery
6,41,Delivery,4,4,4,4,223,226,09:23,09:26,3,0,0.0,2,4.066,155.934,160.0,0,B377,delivery_service,Delivery,Delivery
6,42,Stay,4,4,4,4,226,229,09:26,09:29,3,0,0.0,3,0.0,160.0,160.0,0,B429,parking_charging,Position,Pickup
6,43,Pickup,4,4,4,4,229,232,09:29,09:32,3,0,0.0,2,0.0,160.0,160.0,1,B429,pickup_service,Pickup,Pickup
6,44,Pickup,4,4,4,4,232,235,09:32,09:35,3,0,0.0,2,0.0,160.0,160.0,2,B422,pickup_service,Pickup,Pickup
6,45,Movement,4,2,4,2,235,241,09:35,09:41,6,6,16.13,0,0.0,160.0,143.87,2,B422,passenger_flight,Position,Delivery
6,46,Delivery,2,2,2,2,241,244,09:41,09:44,3,0,0.0,2,8.534,143.87,152.404,1,B422,delivery_service,Delivery,Delivery
6,47,Delivery,2,2,2,2,244,247,09:44,09:47,3,0,0.0,2,7.596,152.404,160.0,0,B429,delivery_service,Delivery,Delivery
6,48,Stay,2,2,2,2,247,250,09:47,09:50,3,0,0.0,3,0.0,160.0,160.0,0,B472,parking_charging,Position,Pickup
6,49,Pickup,2,2,2,2,250,253,09:50,09:53,3,0,0.0,2,0.0,160.0,160.0,1,B472,pickup_service,Pickup,Pickup
6,50,Pickup,2,2,2,2,253,256,09:53,09:56,3,0,0.0,2,0.0,160.0,160.0,2,B464,pickup_service,Pickup,Pickup
6,51,Movement,2,4,2,4,256,262,09:56,10:02,6,6,16.13,0,0.0,160.0,143.87,2,B464,passenger_flight,Position,Delivery
6,52,Delivery,4,4,4,4,262,265,10:02,10:05,3,0,0.0,2,8.534,143.87,152.404,1,B464,delivery_service,Delivery,Delivery
6,53,Delivery,4,4,4,4,265,268,10:05,10:08,3,0,0.0,2,7.596,152.404,160.0,0,B472,delivery_service,Delivery,Delivery
6,54,Stay,4,4,4,4,268,280,10:08,10:20,12,0,0.0,12,0.0,160.0,160.0,0,B649,parking_charging,Position,Movement
6,55,Movement,4,7,4,7,280,287,10:20,10:27,7,7,21.43,0,0.0,160.0,138.57,0,B649,empty_repositioning,Position,Pickup
6,56,Pickup,7,7,7,7,287,290,10:27,10:30,3,0,0.0,2,8.534,138.57,147.104,3,B649,pickup_service,Pickup,Pickup
6,57,Movement,7,4,7,4,290,297,10:30,10:37,7,7,21.43,0,0.0,147.104,125.674,3,B649,passenger_flight,Position,Delivery
6,58,Delivery,4,4,4,4,297,300,10:37,10:40,3,0,0.0,2,8.534,125.674,134.208,0,B649,delivery_service,Delivery,Delivery
6,59,Stay,4,4,4,4,300,301,10:40,10:41,1,0,0.0,1,4.267,134.208,138.475,0,B725,parking_charging,Position,Pickup
6,60,Pickup,4,4,4,4,301,304,10:41,10:44,3,0,0.0,2,8.534,138.475,147.009,2,B725,pickup_service,Pickup,Pickup
6,61,Pickup,4,4,4,4,304,307,10:44,10:47,3,0,0.0,2,8.534,147.009,155.543,3,B736,pickup_service,Pickup,Pickup
6,62,Movement,4,2,4,2,307,313,10:47,10:53,6,6,16.13,0,0.0,155.543,139.413,3,B736,passenger_flight,Position,Delivery
6,63,Delivery,2,2,2,2,313,316,10:53,10:56,3,0,0.0,2,8.534,139.413,147.947,2,B736,delivery_service,Delivery,Delivery
6,64,Delivery,2,2,2,2,316,319,10:56,10:59,3,0,0.0,2,8.534,147.947,156.481,0,B725,delivery_service,Delivery,Delivery
6,65,Stay,2,2,2,2,319,320,10:59,11:00,1,0,0.0,1,3.519,156.481,160.0,0,B819,parking_charging,Position,Pickup
6,66,Pickup,2,2,2,2,320,323,11:00,11:03,3,0,0.0,2,0.0,160.0,160.0,1,B819,pickup_service,Pickup,Pickup
6,67,Pickup,2,2,2,2,323,326,11:03,11:06,3,0,0.0,2,0.0,160.0,160.0,3,B838,pickup_service,Pickup,Pickup
6,68,Movement,2,5,2,5,326,334,11:06,11:14,8,8,27.57,0,0.0,160.0,132.43,3,B819,passenger_flight,Position,Delivery
6,69,Delivery,5,5,5,5,334,337,11:14,11:17,3,0,0.0,2,8.534,132.43,140.964,2,B819,delivery_service,Delivery,Delivery
6,70,Delivery,5,5,5,5,337,340,11:17,11:20,3,0,0.0,2,8.534,140.964,149.498,0,B838,delivery_service,Delivery,Delivery
6,71,Stay,5,5,5,5,340,342,11:20,11:22,2,0,0.0,2,8.534,149.498,158.032,0,B935,parking_charging,Position,Pickup
6,72,Pickup,5,5,5,5,342,345,11:22,11:25,3,0,0.0,2,1.968,158.032,160.0,1,B935,pickup_service,Pickup,Pickup
6,73,Movement,5,1,5,1,345,353,11:25,11:33,8,8,14.88,0,0.0,160.0,145.12,1,B935,passenger_flight,Position,Delivery
6,74,Delivery,1,1,1,1,353,356,11:33,11:36,3,0,0.0,2,8.534,145.12,153.654,0,B935,delivery_service,Delivery,Delivery
6,75,Stay,1,1,1,1,356,388,11:36,12:08,32,0,0.0,32,6.346,153.654,160.0,0,B1083,parking_charging,Position,Pickup
6,76,Pickup,1,1,1,1,388,391,12:08,12:11,3,0,0.0,2,0.0,160.0,160.0,1,B1083,pickup_service,Pickup,Pickup
6,77,Stay,1,1,1,1,391,396,12:11,12:16,5,0,0.0,5,0.0,160.0,160.0,1,B1083,parking_charging,Position,Movement
6,78,Movement,1,7,1,7,396,403,12:16,12:23,7,7,21.03,0,0.0,160.0,138.97,1,B1083,passenger_flight,Position,Delivery
6,79,Delivery,7,7,7,7,403,406,12:23,12:26,3,0,0.0,2,8.534,138.97,147.504,0,B1083,delivery_service,Delivery,Delivery
6,80,Pickup,7,7,7,7,406,409,12:26,12:29,3,0,0.0,2,8.534,147.504,156.038,1,B1132,pickup_service,Pickup,Pickup
6,81,Pickup,7,7,7,7,409,412,12:29,12:32,3,0,0.0,2,3.962,156.038,160.0,2,B1122,pickup_service,Pickup,Pickup
6,82,Movement,7,1,7,1,412,419,12:32,12:39,7,7,21.03,0,0.0,160.0,138.97,2,B1122,passenger_flight,Position,Delivery
6,83,Delivery,1,1,1,1,419,422,12:39,12:42,3,0,0.0,2,8.534,138.97,147.504,1,B1122,delivery_service,Delivery,Delivery
6,84,Delivery,1,1,1,1,422,425,12:42,12:45,3,0,0.0,2,8.534,147.504,156.038,0,B1132,delivery_service,Delivery,Delivery
6,85,Stay,1,1,1,1,425,438,12:45,12:58,13,0,0.0,13,3.962,156.038,160.0,0,B1208,parking_charging,Position,Pickup
6,86,Pickup,1,1,1,1,438,441,12:58,13:01,3,0,0.0,2,0.0,160.0,160.0,1,B1208,pickup_service,Pickup,Pickup
6,87,Stay,1,1,1,1,441,444,13:01,13:04,3,0,0.0,3,0.0,160.0,160.0,1,B1208,parking_charging,Position,Movement
6,88,Movement,1,7,1,7,444,451,13:04,13:11,7,7,21.03,0,0.0,160.0,138.97,1,B1208,passenger_flight,Position,Delivery
6,89,Delivery,7,7,7,7,451,454,13:11,13:14,3,0,0.0,2,8.534,138.97,147.504,0,B1208,delivery_service,Delivery,Delivery
6,90,Stay,7,7,7,7,454,459,13:14,13:19,5,0,0.0,5,12.496,147.504,160.0,0,B1248,parking_charging,Position,Pickup
6,91,Pickup,7,7,7,7,459,462,13:19,13:22,3,0,0.0,2,0.0,160.0,160.0,1,B1248,pickup_service,Pickup,Pickup
6,92,Stay,7,7,7,7,462,465,13:22,13:25,3,0,0.0,3,0.0,160.0,160.0,1,B1248,parking_charging,Position,Movement
6,93,Movement,7,4,7,4,465,472,13:25,13:32,7,7,21.43,0,0.0,160.0,138.57,1,B1248,passenger_flight,Position,Delivery
6,94,Delivery,4,4,4,4,472,475,13:32,13:35,3,0,0.0,2,8.534,138.57,147.104,0,B1248,delivery_service,Delivery,Delivery
6,95,Pickup,4,4,4,4,475,478,13:35,13:38,3,0,0.0,2,8.534,147.104,155.638,2,B1270,pickup_service,Pickup,Pickup
6,96,Movement,4,3,4,3,478,485,13:38,13:45,7,7,12.6,0,0.0,155.638,143.038,2,B1270,passenger_flight,Position,Delivery
6,97,Delivery,3,3,3,3,485,488,13:45,13:48,3,0,0.0,2,8.534,143.038,151.572,0,B1270,delivery_service,Delivery,Delivery
6,98,Stay,3,3,3,3,488,504,13:48,14:04,16,0,0.0,16,8.428,151.572,160.0,0,B1350,parking_charging,Position,Pickup
6,99,Pickup,3,3,3,3,504,507,14:04,14:07,3,0,0.0,2,0.0,160.0,160.0,2,B1350,pickup_service,Pickup,Pickup
6,100,Stay,3,3,3,3,507,511,14:07,14:11,4,0,0.0,4,0.0,160.0,160.0,2,B1380,parking_charging,Position,Pickup
6,101,Pickup,3,3,3,3,511,514,14:11,14:14,3,0,0.0,2,0.0,160.0,160.0,3,B1380,pickup_service,Pickup,Pickup
6,102,Movement,3,9,3,9,514,529,14:14,14:29,15,15,52.78,0,0.0,160.0,107.22,3,B1350,passenger_flight,Position,Delivery
6,103,Delivery,9,9,9,9,529,532,14:29,14:32,3,0,0.0,2,8.534,107.22,115.754,1,B1350,delivery_service,Delivery,Delivery
6,104,Delivery,9,9,9,9,532,535,14:32,14:35,3,0,0.0,2,8.534,115.754,124.288,0,B1380,delivery_service,Delivery,Delivery
6,105,Pickup,9,9,9,9,535,538,14:35,14:38,3,0,0.0,2,8.534,124.288,132.822,1,B1474,pickup_service,Pickup,Pickup
6,106,Pickup,9,9,9,9,538,541,14:38,14:41,3,0,0.0,2,8.534,132.822,141.356,2,B1456,pickup_service,Pickup,Pickup
6,107,Movement,9,1,9,1,541,557,14:41,14:57,16,16,57.72,0,0.0,141.356,83.636,2,B1456,passenger_flight,Position,Delivery
6,108,Delivery,1,1,1,1,557,560,14:57,15:00,3,0,0.0,2,8.534,83.636,92.17,1,B1456,delivery_service,Delivery,Delivery
6,109,Delivery,1,1,1,1,560,563,15:00,15:03,3,0,0.0,2,8.534,92.17,100.704,0,B1474,delivery_service,Delivery,Delivery
6,110,Stay,1,1,1,1,563,573,15:03,15:13,10,0,0.0,10,42.67,100.704,143.374,0,B1645,parking_charging,Position,Pickup
6,111,Pickup,1,1,1,1,573,576,15:13,15:16,3,0,0.0,2,8.534,143.374,151.908,1,B1645,pickup_service,Pickup,Pickup
6,112,Pickup,1,1,1,1,576,579,15:16,15:19,3,0,0.0,2,8.092,151.908,160.0,2,B1652,pickup_service,Pickup,Pickup
6,113,Pickup,1,1,1,1,579,582,15:19,15:22,3,0,0.0,2,0.0,160.0,160.0,4,B1659,pickup_service,Pickup,Pickup
6,114,Movement,1,2,1,2,582,589,15:22,15:29,7,7,13.61,0,0.0,160.0,146.39,4,B1645,passenger_flight,Position,Delivery
6,115,Delivery,2,2,2,2,589,592,15:29,15:32,3,0,0.0,2,8.534,146.39,154.924,3,B1645,delivery_service,Delivery,Delivery
6,116,Delivery,2,2,2,2,592,595,15:32,15:35,3,0,0.0,2,5.076,154.924,160.0,2,B1652,delivery_service,Delivery,Delivery
6,117,Delivery,2,2,2,2,595,598,15:35,15:38,3,0,0.0,2,0.0,160.0,160.0,0,B1659,delivery_service,Delivery,Delivery
6,118,Stay,2,2,2,2,598,607,15:38,15:47,9,0,0.0,9,0.0,160.0,160.0,0,B1785,parking_charging,Position,Pickup
6,119,Pickup,2,2,2,2,607,610,15:47,15:50,3,0,0.0,2,0.0,160.0,160.0,1,B1785,pickup_service,Pickup,Pickup
6,120,Movement,2,5,2,5,610,618,15:50,15:58,8,8,27.57,0,0.0,160.0,132.43,1,B1785,passenger_flight,Position,Delivery
6,121,Delivery,5,5,5,5,618,621,15:58,16:01,3,0,0.0,2,8.534,132.43,140.964,0,B1785,delivery_service,Delivery,Delivery
6,122,Stay,5,5,5,5,621,630,16:01,16:10,9,0,0.0,9,19.036,140.964,160.0,0,B1969,parking_charging,Position,Movement
6,123,Movement,5,1,5,1,630,638,16:10,16:18,8,8,14.88,0,0.0,160.0,145.12,0,B1969,empty_repositioning,Position,Pickup
6,124,Pickup,1,1,1,1,638,641,16:18,16:21,3,0,0.0,2,8.534,145.12,153.654,1,B1969,pickup_service,Pickup,Pickup
6,125,Stay,1,1,1,1,641,647,16:21,16:27,6,0,0.0,6,6.346,153.654,160.0,1,B1969,parking_charging,Position,Movement
6,126,Movement,1,6,1,6,647,654,16:27,16:34,7,7,23.39,0,0.0,160.0,136.61,1,B1969,passenger_flight,Position,Delivery
6,127,Delivery,6,6,6,6,654,657,16:34,16:37,3,0,0.0,2,8.534,136.61,145.144,0,B1969,delivery_service,Delivery,Delivery
6,128,Stay,6,6,6,6,657,658,16:37,16:38,1,0,0.0,1,4.267,145.144,149.411,0,B2089,parking_charging,Position,Pickup
6,129,Pickup,6,6,6,6,658,661,16:38,16:41,3,0,0.0,2,8.534,149.411,157.945,1,B2089,pickup_service,Pickup,Pickup
6,130,Stay,6,6,6,6,661,666,16:41,16:46,5,0,0.0,5,2.055,157.945,160.0,1,B2089,parking_charging,Position,Movement
6,131,Movement,6,3,6,3,666,676,16:46,16:56,10,10,32.98,0,0.0,160.0,127.02,1,B2089,passenger_flight,Position,Delivery
6,132,Delivery,3,3,3,3,676,679,16:56,16:59,3,0,0.0,2,8.534,127.02,135.554,0,B2089,delivery_service,Delivery,Delivery
6,133,Stay,3,3,3,3,679,680,16:59,17:00,1,0,0.0,1,4.267,135.554,139.821,0,B2263,parking_charging,Position,Pickup
6,134,Pickup,3,3,3,3,680,683,17:00,17:03,3,0,0.0,2,8.534,139.821,148.355,1,B2263,pickup_service,Pickup,Pickup
6,135,Pickup,3,3,3,3,683,686,17:03,17:06,3,0,0.0,2,8.534,148.355,156.889,4,B2297,pickup_service,Pickup,Pickup
6,136,Movement,3,4,3,4,686,693,17:06,17:13,7,7,12.6,0,0.0,156.889,144.289,4,B2263,passenger_flight,Position,Delivery
6,137,Delivery,4,4,4,4,693,696,17:13,17:16,3,0,0.0,2,8.534,144.289,152.823,3,B2263,delivery_service,Delivery,Delivery
6,138,Pickup,4,4,4,4,696,699,17:16,17:19,3,0,0.0,2,7.177,152.823,160.0,4,B2447,pickup_service,Pickup,Pickup
6,139,Delivery,4,4,4,4,699,702,17:19,17:22,3,0,0.0,2,0.0,160.0,160.0,1,B2297,delivery_service,Delivery,Delivery
6,140,Stay,4,4,4,4,702,705,17:22,17:25,3,0,0.0,3,0.0,160.0,160.0,1,B2447,parking_charging,Position,Movement
6,141,Movement,4,2,4,2,705,711,17:25,17:31,6,6,16.13,0,0.0,160.0,143.87,1,B2447,passenger_flight,Position,Delivery
6,142,Delivery,2,2,2,2,711,714,17:31,17:34,3,0,0.0,2,8.534,143.87,152.404,0,B2447,delivery_service,Delivery,Delivery
6,143,Pickup,2,2,2,2,714,717,17:34,17:37,3,0,0.0,2,7.596,152.404,160.0,3,B2552,pickup_service,Pickup,Pickup
6,144,Movement,2,1,2,1,717,724,17:37,17:44,7,7,13.61,0,0.0,160.0,146.39,3,B2552,passenger_flight,Position,Delivery
6,145,Delivery,1,1,1,1,724,727,17:44,17:47,3,0,0.0,2,8.534,146.39,154.924,0,B2552,delivery_service,Delivery,Delivery
6,146,Pickup,1,1,1,1,727,730,17:47,17:50,3,0,0.0,2,5.076,154.924,160.0,2,B2700,pickup_service,Pickup,Pickup
6,147,Movement,1,7,1,7,730,737,17:50,17:57,7,7,21.03,0,0.0,160.0,138.97,2,B2700,passenger_flight,Position,Delivery
6,148,Delivery,7,7,7,7,737,740,17:57,18:00,3,0,0.0,2,8.534,138.97,147.504,0,B2700,delivery_service,Delivery,Delivery
6,149,Stay,7,7,7,7,740,766,18:00,18:26,26,0,0.0,26,12.496,147.504,160.0,0,B3087,parking_charging,Position,Pickup
6,150,Pickup,7,7,7,7,766,769,18:26,18:29,3,0,0.0,2,0.0,160.0,160.0,1,B3087,pickup_service,Pickup,Pickup
6,151,Pickup,7,7,7,7,769,772,18:29,18:32,3,0,0.0,2,0.0,160.0,160.0,2,B3063,pickup_service,Pickup,Pickup
6,152,Movement,7,3,7,3,772,779,18:32,18:39,7,7,13.33,0,0.0,160.0,146.67,2,B3063,passenger_flight,Position,Delivery
6,153,Delivery,3,3,3,3,779,782,18:39,18:42,3,0,0.0,2,8.534,146.67,155.204,1,B3063,delivery_service,Delivery,Delivery
6,154,Delivery,3,3,3,3,782,785,18:42,18:45,3,0,0.0,2,4.796,155.204,160.0,0,B3087,delivery_service,Delivery,Delivery
6,155,Pickup,3,3,3,3,785,788,18:45,18:48,3,0,0.0,2,0.0,160.0,160.0,1,B3202,pickup_service,Pickup,Pickup
6,156,Stay,3,3,3,3,788,791,18:48,18:51,3,0,0.0,3,0.0,160.0,160.0,1,B3244,parking_charging,Position,Pickup
6,157,Pickup,3,3,3,3,791,794,18:51,18:54,3,0,0.0,2,0.0,160.0,160.0,2,B3244,pickup_service,Pickup,Pickup
6,158,Movement,3,4,3,4,794,801,18:54,19:01,7,7,12.6,0,0.0,160.0,147.4,2,B3202,passenger_flight,Position,Delivery
6,159,Delivery,4,4,4,4,801,804,19:01,19:04,3,0,0.0,2,8.534,147.4,155.934,1,B3202,delivery_service,Delivery,Delivery
6,160,Delivery,4,4,4,4,804,807,19:04,19:07,3,0,0.0,2,4.066,155.934,160.0,0,B3244,delivery_service,Delivery,Delivery
6,161,Pickup,4,4,4,4,807,810,19:07,19:10,3,0,0.0,2,0.0,160.0,160.0,1,B3309,pickup_service,Pickup,Pickup
6,162,Movement,4,2,4,2,810,816,19:10,19:16,6,6,16.13,0,0.0,160.0,143.87,1,B3309,passenger_flight,Position,Delivery
6,163,Delivery,2,2,2,2,816,819,19:16,19:19,3,0,0.0,2,8.534,143.87,152.404,0,B3309,delivery_service,Delivery,Delivery
6,164,Movement,2,7,2,7,819,825,19:19,19:25,6,6,10.2,0,0.0,152.404,142.204,0,,return_to_depot,Position,Depot
7,0,Stay,8,8,8,8,0,98,05:40,07:18,98,0,0.0,98,0.0,160.0,160.0,0,B70,parking_charging,Position,Pickup
7,1,Pickup,8,8,8,8,98,101,07:18,07:21,3,0,0.0,2,0.0,160.0,160.0,1,B70,pickup_service,Pickup,Pickup
7,2,Stay,8,8,8,8,101,106,07:21,07:26,5,0,0.0,5,0.0,160.0,160.0,1,B70,parking_charging,Position,Movement
7,3,Movement,8,2,8,2,106,116,07:26,07:36,10,10,32.38,0,0.0,160.0,127.62,1,B70,passenger_flight,Position,Delivery
7,4,Delivery,2,2,2,2,116,119,07:36,07:39,3,0,0.0,2,8.534,127.62,136.154,0,B70,delivery_service,Delivery,Delivery
7,5,Stay,2,2,2,2,119,129,07:39,07:49,10,0,0.0,10,23.846,136.154,160.0,0,B110,parking_charging,Position,Pickup
7,6,Pickup,2,2,2,2,129,132,07:49,07:52,3,0,0.0,2,0.0,160.0,160.0,1,B110,pickup_service,Pickup,Pickup
7,7,Stay,2,2,2,2,132,134,07:52,07:54,2,0,0.0,2,0.0,160.0,160.0,1,B115,parking_charging,Position,Pickup
7,8,Pickup,2,2,2,2,134,137,07:54,07:57,3,0,0.0,2,0.0,160.0,160.0,2,B115,pickup_service,Pickup,Pickup
7,9,Movement,2,4,2,4,137,143,07:57,08:03,6,6,16.13,0,0.0,160.0,143.87,2,B110,passenger_flight,Position,Delivery
7,10,Delivery,4,4,4,4,143,146,08:03,08:06,3,0,0.0,2,8.534,143.87,152.404,1,B110,delivery_service,Delivery,Delivery
7,11,Movement,4,5,4,5,146,152,08:06,08:12,6,6,11.45,0,0.0,152.404,140.954,1,B115,passenger_flight,Position,Delivery
7,12,Delivery,5,5,5,5,152,155,08:12,08:15,3,0,0.0,2,8.534,140.954,149.488,0,B115,delivery_service,Delivery,Delivery
7,13,Stay,5,5,5,5,155,157,08:15,08:17,2,0,0.0,2,8.534,149.488,158.022,0,B197,parking_charging,Position,Pickup
7,14,Pickup,5,5,5,5,157,160,08:17,08:20,3,0,0.0,2,1.978,158.022,160.0,1,B197,pickup_service,Pickup,Pickup
7,15,Stay,5,5,5,5,160,166,08:20,08:26,6,0,0.0,6,0.0,160.0,160.0,1,B197,parking_charging,Position,Movement
7,16,Movement,5,3,5,3,166,174,08:26,08:34,8,8,23.93,0,0.0,160.0,136.07,1,B197,passenger_flight,Position,Delivery
7,17,Delivery,3,3,3,3,174,177,08:34,08:37,3,0,0.0,2,8.534,136.07,144.604,0,B197,delivery_service,Delivery,Delivery
7,18,Pickup,3,3,3,3,177,180,08:37,08:40,3,0,0.0,2,8.534,144.604,153.138,1,B273,pickup_service,Pickup,Pickup
7,19,Stay,3,3,3,3,180,186,08:40,08:46,6,0,0.0,6,6.862,153.138,160.0,1,B273,parking_charging,Position,Movement
7,20,Movement,3,1,3,1,186,192,08:46,08:52,6,6,9.61,0,0.0,160.0,150.39,1,B273,passenger_flight,Position,Delivery
7,21,Delivery,1,1,1,1,192,195,08:52,08:55,3,0,0.0,2,8.534,150.39,158.924,0,B273,delivery_service,Delivery,Delivery
7,22,Stay,1,1,1,1,195,220,08:55,09:20,25,0,0.0,25,1.076,158.924,160.0,0,B420,parking_charging,Position,Movement
7,23,Movement,1,2,1,2,220,227,09:20,09:27,7,7,13.61,0,0.0,160.0,146.39,0,B420,empty_repositioning,Position,Pickup
7,24,Pickup,2,2,2,2,227,230,09:27,09:30,3,0,0.0,2,8.534,146.39,154.924,1,B420,pickup_service,Pickup,Pickup
7,25,Stay,2,2,2,2,230,231,09:30,09:31,1,0,0.0,1,4.267,154.924,159.191,1,B431,parking_charging,Position,Pickup
7,26,Pickup,2,2,2,2,231,234,09:31,09:34,3,0,0.0,2,0.809,159.191,160.0,4,B431,pickup_service,Pickup,Pickup
7,27,Movement,2,4,2,4,234,240,09:34,09:40,6,6,16.13,0,0.0,160.0,143.87,4,B431,passenger_flight,Position,Delivery
7,28,Delivery,4,4,4,4,240,243,09:40,09:43,3,0,0.0,2,8.534,143.87,152.404,1,B431,delivery_service,Delivery,Delivery
7,29,Delivery,4,4,4,4,243,246,09:43,09:46,3,0,0.0,2,7.596,152.404,160.0,0,B420,delivery_service,Delivery,Delivery
7,30,Stay,4,4,4,4,246,271,09:46,10:11,25,0,0.0,25,0.0,160.0,160.0,0,B603,parking_charging,Position,Movement
7,31,Movement,4,5,4,5,271,277,10:11,10:17,6,6,11.45,0,0.0,160.0,148.55,0,B603,empty_repositioning,Position,Pickup
7,32,Pickup,5,5,5,5,277,280,10:17,10:20,3,0,0.0,2,8.534,148.55,157.084,1,B603,pickup_service,Pickup,Pickup
7,33,Stay,5,5,5,5,280,286,10:20,10:26,6,0,0.0,6,2.916,157.084,160.0,1,B603,parking_charging,Position,Movement
7,34,Movement,5,3,5,3,286,294,10:26,10:34,8,8,23.93,0,0.0,160.0,136.07,1,B603,passenger_flight,Position,Delivery
7,35,Delivery,3,3,3,3,294,297,10:34,10:37,3,0,0.0,2,8.534,136.07,144.604,0,B603,delivery_service,Delivery,Delivery
7,36,Pickup,3,3,3,3,297,300,10:37,10:40,3,0,0.0,2,8.534,144.604,153.138,2,B664,pickup_service,Pickup,Pickup
7,37,Movement,3,5,3,5,300,308,10:40,10:48,8,8,23.93,0,0.0,153.138,129.208,2,B664,passenger_flight,Position,Delivery
7,38,Delivery,5,5,5,5,308,311,10:48,10:51,3,0,0.0,2,8.534,129.208,137.742,0,B664,delivery_service,Delivery,Delivery
7,39,Pickup,5,5,5,5,311,314,10:51,10:54,3,0,0.0,2,8.534,137.742,146.276,1,B744,pickup_service,Pickup,Pickup
7,40,Movement,5,3,5,3,314,322,10:54,11:02,8,8,23.93,0,0.0,146.276,122.346,1,B744,passenger_flight,Position,Delivery
7,41,Delivery,3,3,3,3,322,325,11:02,11:05,3,0,0.0,2,8.534,122.346,130.88,0,B744,delivery_service,Delivery,Delivery
7,42,Stay,3,3,3,3,325,329,11:05,11:09,4,0,0.0,4,17.068,130.88,147.948,0,B876,parking_charging,Position,Pickup
7,43,Pickup,3,3,3,3,329,332,11:09,11:12,3,0,0.0,2,8.534,147.948,156.482,1,B876,pickup_service,Pickup,Pickup
7,44,Pickup,3,3,3,3,332,335,11:12,11:15,3,0,0.0,2,3.518,156.482,160.0,2,B890,pickup_service,Pickup,Pickup
7,45,Stay,3,3,3,3,335,336,11:15,11:16,1,0,0.0,1,0.0,160.0,160.0,2,B903,parking_charging,Position,Pickup
7,46,Pickup,3,3,3,3,336,339,11:16,11:19,3,0,0.0,2,0.0,160.0,160.0,4,B903,pickup_service,Pickup,Pickup
7,47,Movement,3,9,3,9,339,354,11:19,11:34,15,15,52.78,0,0.0,160.0,107.22,4,B876,passenger_flight,Position,Delivery
7,48,Delivery,9,9,9,9,354,357,11:34,11:37,3,0,0.0,2,8.534,107.22,115.754,3,B876,delivery_service,Delivery,Delivery
7,49,Delivery,9,9,9,9,357,360,11:37,11:40,3,0,0.0,2,8.534,115.754,124.288,2,B890,delivery_service,Delivery,Delivery
7,50,Delivery,9,9,9,9,360,363,11:40,11:43,3,0,0.0,2,8.534,124.288,132.822,0,B903,delivery_service,Delivery,Delivery
7,51,Pickup,9,9,9,9,363,366,11:43,11:46,3,0,0.0,2,8.534,132.822,141.356,1,B1011,pickup_service,Pickup,Pickup
7,52,Stay,9,9,9,9,366,369,11:46,11:49,3,0,0.0,3,12.801,141.356,154.157,1,B1033,parking_charging,Position,Pickup
7,53,Pickup,9,9,9,9,369,372,11:49,11:52,3,0,0.0,2,5.843,154.157,160.0,2,B1033,pickup_service,Pickup,Pickup
7,54,Movement,9,4,9,4,372,387,11:52,12:07,15,15,55.47,0,0.0,160.0,104.53,2,B1011,passenger_flight,Position,Delivery
7,55,Delivery,4,4,4,4,387,390,12:07,12:10,3,0,0.0,2,8.534,104.53,113.064,1,B1011,delivery_service,Delivery,Delivery
7,56,Delivery,4,4,4,4,390,393,12:10,12:13,3,0,0.0,2,8.534,113.064,121.598,0,B1033,delivery_service,Delivery,Delivery
7,57,Stay,4,4,4,4,393,401,12:13,12:21,8,0,0.0,8,34.136,121.598,155.734,0,B1126,parking_charging,Position,Movement
7,58,Movement,4,1,4,1,401,405,12:21,12:25,4,4,4.98,0,0.0,155.734,150.754,0,B1126,empty_repositioning,Position,Pickup
7,59,Pickup,1,1,1,1,405,408,12:25,12:28,3,0,0.0,2,8.534,150.754,159.288,1,B1126,pickup_service,Pickup,Pickup
7,60,Movement,1,4,1,4,408,412,12:28,12:32,4,4,4.98,0,0.0,159.288,154.308,1,B1139,passenger_flight,Position,Pickup
7,61,Pickup,4,4,4,4,412,415,12:32,12:35,3,0,0.0,2,5.692,154.308,160.0,2,B1139,pickup_service,Pickup,Pickup
7,62,Movement,4,10,4,10,415,427,12:35,12:47,12,12,42.86,0,0.0,160.0,117.14,2,B1126,passenger_flight,Position,Delivery
7,63,Delivery,10,10,10,10,427,430,12:47,12:50,3,0,0.0,2,8.534,117.14,125.674,1,B1126,delivery_service,Delivery,Delivery
7,64,Delivery,10,10,10,10,430,433,12:50,12:53,3,0,0.0,2,8.534,125.674,134.208,0,B1139,delivery_service,Delivery,Delivery
7,65,Pickup,10,10,10,10,433,436,12:53,12:56,3,0,0.0,2,8.534,134.208,142.742,1,B1200,pickup_service,Pickup,Pickup
7,66,Pickup,10,10,10,10,436,439,12:56,12:59,3,0,0.0,2,8.534,142.742,151.276,3,B1192,pickup_service,Pickup,Pickup
7,67,Movement,10,4,10,4,439,451,12:59,13:11,12,12,42.86,0,0.0,151.276,108.416,3,B1192,passenger_flight,Position,Delivery
7,68,Delivery,4,4,4,4,451,454,13:11,13:14,3,0,0.0,2,8.534,108.416,116.95,1,B1192,delivery_service,Delivery,Delivery
7,69,Delivery,4,4,4,4,454,457,13:14,13:17,3,0,0.0,2,8.534,116.95,125.484,0,B1200,delivery_service,Delivery,Delivery
7,70,Stay,4,4,4,4,457,467,13:17,13:27,10,0,0.0,10,34.516,125.484,160.0,0,B1261,parking_charging,Position,Pickup
7,71,Pickup,4,4,4,4,467,470,13:27,13:30,3,0,0.0,2,0.0,160.0,160.0,1,B1261,pickup_service,Pickup,Pickup
7,72,Stay,4,4,4,4,470,471,13:30,13:31,1,0,0.0,1,0.0,160.0,160.0,1,B1272,parking_charging,Position,Pickup
7,73,Pickup,4,4,4,4,471,474,13:31,13:34,3,0,0.0,2,0.0,160.0,160.0,2,B1272,pickup_service,Pickup,Pickup
7,74,Movement,4,2,4,2,474,480,13:34,13:40,6,6,16.13,0,0.0,160.0,143.87,2,B1261,passenger_flight,Position,Delivery
7,75,Delivery,2,2,2,2,480,483,13:40,13:43,3,0,0.0,2,8.534,143.87,152.404,1,B1261,delivery_service,Delivery,Delivery
7,76,Delivery,2,2,2,2,483,486,13:43,13:46,3,0,0.0,2,7.596,152.404,160.0,0,B1272,delivery_service,Delivery,Delivery
7,77,Stay,2,2,2,2,486,500,13:46,14:00,14,0,0.0,14,0.0,160.0,160.0,0,B1330,parking_charging,Position,Pickup
7,78,Pickup,2,2,2,2,500,503,14:00,14:03,3,0,0.0,2,0.0,160.0,160.0,1,B1330,pickup_service,Pickup,Pickup
7,79,Pickup,2,2,2,2,503,506,14:03,14:06,3,0,0.0,2,0.0,160.0,160.0,3,B1339,pickup_service,Pickup,Pickup
7,80,Movement,2,5,2,5,506,514,14:06,14:14,8,8,27.57,0,0.0,160.0,132.43,3,B1330,passenger_flight,Position,Delivery
7,81,Delivery,5,5,5,5,514,517,14:14,14:17,3,0,0.0,2,8.534,132.43,140.964,2,B1330,delivery_service,Delivery,Delivery
7,82,Delivery,5,5,5,5,517,520,14:17,14:20,3,0,0.0,2,8.534,140.964,149.498,0,B1339,delivery_service,Delivery,Delivery
7,83,Stay,5,5,5,5,520,525,14:20,14:25,5,0,0.0,5,10.502,149.498,160.0,0,B1441,parking_charging,Position,Pickup
7,84,Pickup,5,5,5,5,525,528,14:25,14:28,3,0,0.0,2,0.0,160.0,160.0,1,B1441,pickup_service,Pickup,Pickup
7,85,Movement,5,9,5,9,528,545,14:28,14:45,17,17,62.04,0,0.0,160.0,97.96,1,B1441,passenger_flight,Position,Delivery
7,86,Delivery,9,9,9,9,545,548,14:45,14:48,3,0,0.0,2,8.534,97.96,106.494,0,B1441,delivery_service,Delivery,Delivery
7,87,Stay,9,9,9,9,548,593,14:48,15:33,45,0,0.0,45,53.506,106.494,160.0,0,B1724,parking_charging,Position,Pickup
7,88,Pickup,9,9,9,9,593,596,15:33,15:36,3,0,0.0,2,0.0,160.0,160.0,2,B1724,pickup_service,Pickup,Pickup
7,89,Pickup,9,9,9,9,596,599,15:36,15:39,3,0,0.0,2,0.0,160.0,160.0,4,B1718,pickup_service,Pickup,Pickup
7,90,Movement,9,4,9,4,599,614,15:39,15:54,15,15,55.47,0,0.0,160.0,104.53,4,B1724,passenger_flight,Position,Delivery
7,91,Delivery,4,4,4,4,614,617,15:54,15:57,3,0,0.0,2,8.534,104.53,113.064,2,B1724,delivery_service,Delivery,Delivery
7,92,Delivery,4,4,4,4,617,620,15:57,16:00,3,0,0.0,2,8.534,113.064,121.598,0,B1718,delivery_service,Delivery,Delivery
7,93,Stay,4,4,4,4,620,623,16:00,16:03,3,0,0.0,3,12.801,121.598,134.399,0,B1860,parking_charging,Position,Pickup
7,94,Pickup,4,4,4,4,623,626,16:03,16:06,3,0,0.0,2,8.534,134.399,142.933,2,B1860,pickup_service,Pickup,Pickup
7,95,Stay,4,4,4,4,626,628,16:06,16:08,2,0,0.0,2,8.534,142.933,151.467,2,B1900,parking_charging,Position,Pickup
7,96,Pickup,4,4,4,4,628,631,16:08,16:11,3,0,0.0,2,8.533,151.467,160.0,4,B1900,pickup_service,Pickup,Pickup
7,97,Movement,4,2,4,2,631,637,16:11,16:17,6,6,16.13,0,0.0,160.0,143.87,4,B1860,passenger_flight,Position,Delivery
7,98,Delivery,2,2,2,2,637,640,16:17,16:20,3,0,0.0,2,8.534,143.87,152.404,2,B1860,delivery_service,Delivery,Delivery
7,99,Delivery,2,2,2,2,640,643,16:20,16:23,3,0,0.0,2,7.596,152.404,160.0,0,B1900,delivery_service,Delivery,Delivery
7,100,Pickup,2,2,2,2,643,646,16:23,16:26,3,0,0.0,2,0.0,160.0,160.0,2,B1989,pickup_service,Pickup,Pickup
7,101,Stay,2,2,2,2,646,648,16:26,16:28,2,0,0.0,2,0.0,160.0,160.0,2,B2024,parking_charging,Position,Pickup
7,102,Pickup,2,2,2,2,648,651,16:28,16:31,3,0,0.0,2,0.0,160.0,160.0,3,B2024,pickup_service,Pickup,Pickup
7,103,Movement,2,5,2,5,651,659,16:31,16:39,8,8,27.57,0,0.0,160.0,132.43,3,B1989,passenger_flight,Position,Delivery
7,104,Delivery,5,5,5,5,659,662,16:39,16:42,3,0,0.0,2,8.534,132.43,140.964,1,B1989,delivery_service,Delivery,Delivery
7,105,Delivery,5,5,5,5,662,665,16:42,16:45,3,0,0.0,2,8.534,140.964,149.498,0,B2024,delivery_service,Delivery,Delivery
7,106,Stay,5,5,5,5,665,666,16:45,16:46,1,0,0.0,1,4.267,149.498,153.765,0,B2219,parking_charging,Position,Movement
7,107,Movement,5,3,5,3,666,674,16:46,16:54,8,8,23.93,0,0.0,153.765,129.835,0,B2219,empty_repositioning,Position,Pickup
7,108,Pickup,3,3,3,3,674,677,16:54,16:57,3,0,0.0,2,8.534,129.835,138.369,1,B2219,pickup_service,Pickup,Pickup
7,109,Movement,3,5,3,5,677,685,16:57,17:05,8,8,23.93,0,0.0,138.369,114.439,1,B2219,passenger_flight,Position,Delivery
7,110,Delivery,5,5,5,5,685,688,17:05,17:08,3,0,0.0,2,8.534,114.439,122.973,0,B2219,delivery_service,Delivery,Delivery
7,111,Stay,5,5,5,5,688,690,17:08,17:10,2,0,0.0,2,8.534,122.973,131.507,0,B2371,parking_charging,Position,Pickup
7,112,Pickup,5,5,5,5,690,693,17:10,17:13,3,0,0.0,2,8.534,131.507,140.041,1,B2371,pickup_service,Pickup,Pickup
7,113,Stay,5,5,5,5,693,696,17:13,17:16,3,0,0.0,3,12.801,140.041,152.842,1,B2449,parking_charging,Position,Pickup
7,114,Pickup,5,5,5,5,696,699,17:16,17:19,3,0,0.0,2,7.158,152.842,160.0,2,B2449,pickup_service,Pickup,Pickup
7,115,Movement,5,2,5,2,699,707,17:19,17:27,8,8,27.57,0,0.0,160.0,132.43,2,B2371,passenger_flight,Position,Delivery
7,116,Delivery,2,2,2,2,707,710,17:27,17:30,3,0,0.0,2,8.534,132.43,140.964,1,B2371,delivery_service,Delivery,Delivery
7,117,Movement,2,3,2,3,710,713,17:30,17:33,3,3,4.08,0,0.0,140.964,136.884,1,B2449,passenger_flight,Position,Delivery
7,118,Delivery,3,3,3,3,713,716,17:33,17:36,3,0,0.0,2,8.534,136.884,145.418,0,B2449,delivery_service,Delivery,Delivery
7,119,Stay,3,3,3,3,716,717,17:36,17:37,1,0,0.0,1,4.267,145.418,149.685,0,B2671,parking_charging,Position,Pickup
7,120,Pickup,3,3,3,3,717,720,17:37,17:40,3,0,0.0,2,8.534,149.685,158.219,4,B2671,pickup_service,Pickup,Pickup
7,121,Movement,3,5,3,5,720,728,17:40,17:48,8,8,23.93,0,0.0,158.219,134.289,4,B2671,passenger_flight,Position,Delivery
7,122,Delivery,5,5,5,5,728,731,17:48,17:51,3,0,0.0,2,8.534,134.289,142.823,0,B2671,delivery_service,Delivery,Delivery
7,123,Pickup,5,5,5,5,731,734,17:51,17:54,3,0,0.0,2,8.534,142.823,151.357,1,B2831,pickup_service,Pickup,Pickup
7,124,Stay,5,5,5,5,734,742,17:54,18:02,8,0,0.0,8,8.643,151.357,160.0,1,B2831,parking_charging,Position,Movement
7,125,Movement,5,2,5,2,742,750,18:02,18:10,8,8,27.57,0,0.0,160.0,132.43,1,B2831,passenger_flight,Position,Delivery
7,126,Delivery,2,2,2,2,750,753,18:10,18:13,3,0,0.0,2,8.534,132.43,140.964,0,B2831,delivery_service,Delivery,Delivery
7,127,Pickup,2,2,2,2,753,756,18:13,18:16,3,0,0.0,2,8.534,140.964,149.498,1,B2992,pickup_service,Pickup,Pickup
7,128,Pickup,2,2,2,2,756,759,18:16,18:19,3,0,0.0,2,8.534,149.498,158.032,4,B3007,pickup_service,Pickup,Pickup
7,129,Movement,2,4,2,4,759,765,18:19,18:25,6,6,16.13,0,0.0,158.032,141.902,4,B2992,passenger_flight,Position,Delivery
7,130,Delivery,4,4,4,4,765,768,18:25,18:28,3,0,0.0,2,8.534,141.902,150.436,3,B2992,delivery_service,Delivery,Delivery
7,131,Delivery,4,4,4,4,768,771,18:28,18:31,3,0,0.0,2,8.534,150.436,158.97,0,B3007,delivery_service,Delivery,Delivery
7,132,Pickup,4,4,4,4,771,774,18:31,18:34,3,0,0.0,2,1.03,158.97,160.0,1,B3093,pickup_service,Pickup,Pickup
7,133,Pickup,4,4,4,4,774,777,18:34,18:37,3,0,0.0,2,0.0,160.0,160.0,4,B3135,pickup_service,Pickup,Pickup
7,134,Movement,4,3,4,3,777,784,18:37,18:44,7,7,12.6,0,0.0,160.0,147.4,4,B3093,passenger_flight,Position,Delivery
7,135,Delivery,3,3,3,3,784,787,18:44,18:47,3,0,0.0,2,8.534,147.4,155.934,3,B3093,delivery_service,Delivery,Delivery
7,136,Delivery,3,3,3,3,787,790,18:47,18:50,3,0,0.0,2,4.066,155.934,160.0,0,B3135,delivery_service,Delivery,Delivery
7,137,Pickup,3,3,3,3,790,793,18:50,18:53,3,0,0.0,2,0.0,160.0,160.0,1,B3214,pickup_service,Pickup,Pickup
7,138,Movement,3,5,3,5,793,801,18:53,19:01,8,8,23.93,0,0.0,160.0,136.07,1,B3214,passenger_flight,Position,Delivery
7,139,Delivery,5,5,5,5,801,804,19:01,19:04,3,0,0.0,2,8.534,136.07,144.604,0,B3214,delivery_service,Delivery,Delivery
7,140,Movement,5,8,5,8,804,818,19:04,19:18,14,14,47.79,0,0.0,144.604,96.814,0,,return_to_depot,Position,Depot
8,0,Stay,9,9,9,9,0,27,05:40,06:07,27,0,0.0,27,0.0,160.0,160.0,0,B7,parking_charging,Position,Pickup
8,1,Pickup,9,9,9,9,27,30,06:07,06:10,3,0,0.0,2,0.0,160.0,160.0,1,B7,pickup_service,Pickup,Pickup
8,2,Movement,9,4,9,4,30,45,06:10,06:25,15,15,55.47,0,0.0,160.0,104.53,1,B7,passenger_flight,Position,Delivery
8,3,Delivery,4,4,4,4,45,48,06:25,06:28,3,0,0.0,2,8.534,104.53,113.064,0,B7,delivery_service,Delivery,Delivery
8,4,Stay,4,4,4,4,48,64,06:28,06:44,16,0,0.0,16,46.936,113.064,160.0,0,B36,parking_charging,Position,Pickup
8,5,Pickup,4,4,4,4,64,67,06:44,06:47,3,0,0.0,2,0.0,160.0,160.0,2,B36,pickup_service,Pickup,Pickup
8,6,Stay,4,4,4,4,67,72,06:47,06:52,5,0,0.0,5,0.0,160.0,160.0,2,B45,parking_charging,Position,Pickup
8,7,Pickup,4,4,4,4,72,75,06:52,06:55,3,0,0.0,2,0.0,160.0,160.0,4,B45,pickup_service,Pickup,Pickup
8,8,Movement,4,9,4,9,75,90,06:55,07:10,15,15,55.47,0,0.0,160.0,104.53,4,B36,passenger_flight,Position,Delivery
8,9,Delivery,9,9,9,9,90,93,07:10,07:13,3,0,0.0,2,8.534,104.53,113.064,2,B36,delivery_service,Delivery,Delivery
8,10,Delivery,9,9,9,9,93,96,07:13,07:16,3,0,0.0,2,8.534,113.064,121.598,0,B45,delivery_service,Delivery,Delivery
8,11,Stay,9,9,9,9,96,140,07:16,08:00,44,0,0.0,44,38.402,121.598,160.0,0,B135,parking_charging,Position,Movement
8,12,Movement,9,8,9,8,140,146,08:00,08:06,6,6,18.04,0,0.0,160.0,141.96,0,B135,empty_repositioning,Position,Pickup
8,13,Pickup,8,8,8,8,146,149,08:06,08:09,3,0,0.0,2,8.534,141.96,150.494,1,B135,pickup_service,Pickup,Pickup
8,14,Pickup,8,8,8,8,149,152,08:09,08:12,3,0,0.0,2,8.534,150.494,159.028,2,B160,pickup_service,Pickup,Pickup
8,15,Movement,8,5,8,5,152,166,08:12,08:26,14,14,47.79,0,0.0,159.028,111.238,2,B135,passenger_flight,Position,Delivery
8,16,Delivery,5,5,5,5,166,169,08:26,08:29,3,0,0.0,2,8.534,111.238,119.772,1,B135,delivery_service,Delivery,Delivery
8,17,Delivery,5,5,5,5,169,172,08:29,08:32,3,0,0.0,2,8.534,119.772,128.306,0,B160,delivery_service,Delivery,Delivery
8,18,Pickup,5,5,5,5,172,175,08:32,08:35,3,0,0.0,2,8.534,128.306,136.84,3,B242,pickup_service,Pickup,Pickup
8,19,Pickup,5,5,5,5,175,178,08:35,08:38,3,0,0.0,2,8.534,136.84,145.374,4,B265,pickup_service,Pickup,Pickup
8,20,Movement,5,3,5,3,178,186,08:38,08:46,8,8,23.93,0,0.0,145.374,121.444,4,B242,passenger_flight,Position,Delivery
8,21,Delivery,3,3,3,3,186,189,08:46,08:49,3,0,0.0,2,8.534,121.444,129.978,1,B242,delivery_service,Delivery,Delivery
8,22,Movement,3,2,3,2,189,192,08:49,08:52,3,3,4.08,0,0.0,129.978,125.898,1,B265,passenger_flight,Position,Delivery
8,23,Delivery,2,2,2,2,192,195,08:52,08:55,3,0,0.0,2,8.534,125.898,134.432,0,B265,delivery_service,Delivery,Delivery
8,24,Stay,2,2,2,2,195,205,08:55,09:05,10,0,0.0,10,25.568,134.432,160.0,0,B365,parking_charging,Position,Pickup
8,25,Pickup,2,2,2,2,205,208,09:05,09:08,3,0,0.0,2,0.0,160.0,160.0,2,B365,pickup_service,Pickup,Pickup
8,26,Pickup,2,2,2,2,208,211,09:08,09:11,3,0,0.0,2,0.0,160.0,160.0,4,B369,pickup_service,Pickup,Pickup
8,27,Movement,2,4,2,4,211,217,09:11,09:17,6,6,16.13,0,0.0,160.0,143.87,4,B369,passenger_flight,Position,Delivery
8,28,Delivery,4,4,4,4,217,220,09:17,09:20,3,0,0.0,2,8.534,143.87,152.404,2,B369,delivery_service,Delivery,Delivery
8,29,Delivery,4,4,4,4,220,223,09:20,09:23,3,0,0.0,2,7.596,152.404,160.0,0,B365,delivery_service,Delivery,Delivery
8,30,Stay,4,4,4,4,223,265,09:23,10:05,42,0,0.0,42,0.0,160.0,160.0,0,B566,parking_charging,Position,Movement
8,31,Movement,4,5,4,5,265,271,10:05,10:11,6,6,11.45,0,0.0,160.0,148.55,0,B566,empty_repositioning,Position,Pickup
8,32,Pickup,5,5,5,5,271,274,10:11,10:14,3,0,0.0,2,8.534,148.55,157.084,1,B566,pickup_service,Pickup,Pickup
8,33,Pickup,5,5,5,5,274,277,10:14,10:17,3,0,0.0,2,2.916,157.084,160.0,3,B579,pickup_service,Pickup,Pickup
8,34,Pickup,5,5,5,5,277,280,10:17,10:20,3,0,0.0,2,0.0,160.0,160.0,4,B602,pickup_service,Pickup,Pickup
8,35,Movement,5,1,5,1,280,288,10:20,10:28,8,8,14.88,0,0.0,160.0,145.12,4,B566,passenger_flight,Position,Delivery
8,36,Delivery,1,1,1,1,288,291,10:28,10:31,3,0,0.0,2,8.534,145.12,153.654,3,B566,delivery_service,Delivery,Delivery
8,37,Delivery,1,1,1,1,291,294,10:31,10:34,3,0,0.0,2,6.346,153.654,160.0,1,B579,delivery_service,Delivery,Delivery
8,38,Delivery,1,1,1,1,294,297,10:34,10:37,3,0,0.0,2,0.0,160.0,160.0,0,B602,delivery_service,Delivery,Delivery
8,39,Stay,1,1,1,1,297,319,10:37,10:59,22,0,0.0,22,0.0,160.0,160.0,0,B824,parking_charging,Position,Pickup
8,40,Pickup,1,1,1,1,319,322,10:59,11:02,3,0,0.0,2,0.0,160.0,160.0,1,B824,pickup_service,Pickup,Pickup
8,41,Stay,1,1,1,1,322,325,11:02,11:05,3,0,0.0,3,0.0,160.0,160.0,1,B824,parking_charging,Position,Movement
8,42,Movement,1,10,1,10,325,338,11:05,11:18,13,13,47.44,0,0.0,160.0,112.56,1,B824,passenger_flight,Position,Delivery
8,43,Delivery,10,10,10,10,338,341,11:18,11:21,3,0,0.0,2,8.534,112.56,121.094,0,B824,delivery_service,Delivery,Delivery
8,44,Pickup,10,10,10,10,341,344,11:21,11:24,3,0,0.0,2,8.534,121.094,129.628,1,B901,pickup_service,Pickup,Pickup
8,45,Movement,10,9,10,9,344,363,11:24,11:43,19,19,69.89,0,0.0,129.628,59.738,1,B901,passenger_flight,Position,Delivery
8,46,Delivery,9,9,9,9,363,366,11:43,11:46,3,0,0.0,2,8.534,59.738,68.272,0,B901,delivery_service,Delivery,Delivery
8,47,Stay,9,9,9,9,366,381,11:46,12:01,15,0,0.0,15,64.005,68.272,132.277,0,B1074,parking_charging,Position,Pickup
8,48,Pickup,9,9,9,9,381,384,12:01,12:04,3,0,0.0,2,8.534,132.277,140.811,1,B1074,pickup_service,Pickup,Pickup
8,49,Pickup,9,9,9,9,384,387,12:04,12:07,3,0,0.0,2,8.534,140.811,149.345,2,B1070,pickup_service,Pickup,Pickup
8,50,Movement,9,4,9,4,387,402,12:07,12:22,15,15,55.47,0,0.0,149.345,93.875,2,B1074,passenger_flight,Position,Delivery
8,51,Delivery,4,4,4,4,402,405,12:22,12:25,3,0,0.0,2,8.534,93.875,102.409,1,B1074,delivery_service,Delivery,Delivery
8,52,Delivery,4,4,4,4,405,408,12:25,12:28,3,0,0.0,2,8.534,102.409,110.943,0,B1070,delivery_service,Delivery,Delivery
8,53,Stay,4,4,4,4,408,419,12:28,12:39,11,0,0.0,11,46.937,110.943,157.88,0,B1163,parking_charging,Position,Pickup
8,54,Pickup,4,4,4,4,419,422,12:39,12:42,3,0,0.0,2,2.12,157.88,160.0,1,B1163,pickup_service,Pickup,Pickup
8,55,Stay,4,4,4,4,422,427,12:42,12:47,5,0,0.0,5,0.0,160.0,160.0,1,B1163,parking_charging,Position,Movement
8,56,Movement,4,9,4,9,427,442,12:47,13:02,15,15,55.47,0,0.0,160.0,104.53,1,B1163,passenger_flight,Position,Delivery
8,57,Delivery,9,9,9,9,442,445,13:02,13:05,3,0,0.0,2,8.534,104.53,113.064,0,B1163,delivery_service,Delivery,Delivery
8,58,Pickup,9,9,9,9,445,448,13:05,13:08,3,0,0.0,2,8.534,113.064,121.598,2,B1216,pickup_service,Pickup,Pickup
8,59,Pickup,9,9,9,9,448,451,13:08,13:11,3,0,0.0,2,8.534,121.598,130.132,3,B1232,pickup_service,Pickup,Pickup
8,60,Movement,9,2,9,2,451,465,13:11,13:25,14,14,50.24,0,0.0,130.132,79.892,3,B1216,passenger_flight,Position,Delivery
8,61,Delivery,2,2,2,2,465,468,13:25,13:28,3,0,0.0,2,8.534,79.892,88.426,1,B1216,delivery_service,Delivery,Delivery
8,62,Movement,2,3,2,3,468,471,13:28,13:31,3,3,4.08,0,0.0,88.426,84.346,1,B1232,passenger_flight,Position,Delivery
8,63,Delivery,3,3,3,3,471,474,13:31,13:34,3,0,0.0,2,8.534,84.346,92.88,0,B1232,delivery_service,Delivery,Delivery
8,64,Pickup,3,3,3,3,474,477,13:34,13:37,3,0,0.0,2,8.534,92.88,101.414,1,B1267,pickup_service,Pickup,Pickup
8,65,Movement,3,6,3,6,477,487,13:37,13:47,10,10,32.98,0,0.0,101.414,68.434,1,B1267,passenger_flight,Position,Delivery
8,66,Delivery,6,6,6,6,487,490,13:47,13:50,3,0,0.0,2,8.534,68.434,76.968,0,B1267,delivery_service,Delivery,Delivery
8,67,Pickup,6,6,6,6,490,493,13:50,13:53,3,0,0.0,2,8.534,76.968,85.502,1,B1302,pickup_service,Pickup,Pickup
8,68,Pickup,6,6,6,6,493,496,13:53,13:56,3,0,0.0,2,8.534,85.502,94.036,2,B1321,pickup_service,Pickup,Pickup
8,69,Movement,6,1,6,1,496,503,13:56,14:03,7,7,23.39,0,0.0,94.036,70.646,2,B1302,passenger_flight,Position,Delivery
8,70,Delivery,1,1,1,1,503,506,14:03,14:06,3,0,0.0,2,8.534,70.646,79.18,1,B1302,delivery_service,Delivery,Delivery
8,71,Movement,1,7,1,7,506,513,14:06,14:13,7,7,21.03,0,0.0,79.18,58.15,1,B1321,passenger_flight,Position,Delivery
8,72,Delivery,7,7,7,7,513,516,14:13,14:16,3,0,0.0,2,8.534,58.15,66.684,0,B1321,delivery_service,Delivery,Delivery
8,73,Pickup,7,7,7,7,516,519,14:16,14:19,3,0,0.0,2,8.534,66.684,75.218,1,B1386,pickup_service,Pickup,Pickup
8,74,Pickup,7,7,7,7,519,522,14:19,14:22,3,0,0.0,2,8.534,75.218,83.752,3,B1404,pickup_service,Pickup,Pickup
8,75,Movement,7,4,7,4,522,529,14:22,14:29,7,7,21.43,0,0.0,83.752,62.322,3,B1386,passenger_flight,Position,Delivery
8,76,Delivery,4,4,4,4,529,532,14:29,14:32,3,0,0.0,2,8.534,62.322,70.856,2,B1386,delivery_service,Delivery,Delivery
8,77,Delivery,4,4,4,4,532,535,14:32,14:35,3,0,0.0,2,8.534,70.856,79.39,0,B1404,delivery_service,Delivery,Delivery
8,78,Stay,4,4,4,4,535,541,14:35,14:41,6,0,0.0,6,25.602,79.39,104.992,0,B1516,parking_charging,Position,Pickup
8,79,Pickup,4,4,4,4,541,544,14:41,14:44,3,0,0.0,2,8.534,104.992,113.526,2,B1516,pickup_service,Pickup,Pickup
8,80,Pickup,4,4,4,4,544,547,14:44,14:47,3,0,0.0,2,8.534,113.526,122.06,3,B1525,pickup_service,Pickup,Pickup
8,81,Movement,4,7,4,7,547,554,14:47,14:54,7,7,21.43,0,0.0,122.06,100.63,3,B1525,passenger_flight,Position,Delivery
8,82,Delivery,7,7,7,7,554,557,14:54,14:57,3,0,0.0,2,8.534,100.63,109.164,2,B1525,delivery_service,Delivery,Delivery
8,83,Delivery,7,7,7,7,557,560,14:57,15:00,3,0,0.0,2,8.534,109.164,117.698,0,B1516,delivery_service,Delivery,Delivery
8,84,Pickup,7,7,7,7,560,563,15:00,15:03,3,0,0.0,2,8.534,117.698,126.232,1,B1593,pickup_service,Pickup,Pickup
8,85,Movement,7,4,7,4,563,570,15:03,15:10,7,7,21.43,0,0.0,126.232,104.802,1,B1593,passenger_flight,Position,Delivery
8,86,Delivery,4,4,4,4,570,573,15:10,15:13,3,0,0.0,2,8.534,104.802,113.336,0,B1593,delivery_service,Delivery,Delivery
8,87,Stay,4,4,4,4,573,584,15:13,15:24,11,0,0.0,11,46.664,113.336,160.0,0,B1677,parking_charging,Position,Pickup
8,88,Pickup,4,4,4,4,584,587,15:24,15:27,3,0,0.0,2,0.0,160.0,160.0,2,B1677,pickup_service,Pickup,Pickup
8,89,Stay,4,4,4,4,587,589,15:27,15:29,2,0,0.0,2,0.0,160.0,160.0,2,B1701,parking_charging,Position,Pickup
8,90,Pickup,4,4,4,4,589,592,15:29,15:32,3,0,0.0,2,0.0,160.0,160.0,3,B1701,pickup_service,Pickup,Pickup
8,91,Movement,4,2,4,2,592,598,15:32,15:38,6,6,16.13,0,0.0,160.0,143.87,3,B1677,passenger_flight,Position,Delivery
8,92,Delivery,2,2,2,2,598,601,15:38,15:41,3,0,0.0,2,8.534,143.87,152.404,1,B1677,delivery_service,Delivery,Delivery
8,93,Movement,2,3,2,3,601,604,15:41,15:44,3,3,4.08,0,0.0,152.404,148.324,1,B1701,passenger_flight,Position,Delivery
8,94,Delivery,3,3,3,3,604,607,15:44,15:47,3,0,0.0,2,8.534,148.324,156.858,0,B1701,delivery_service,Delivery,Delivery
8,95,Pickup,3,3,3,3,607,610,15:47,15:50,3,0,0.0,2,3.142,156.858,160.0,1,B1763,pickup_service,Pickup,Pickup
8,96,Movement,3,4,3,4,610,617,15:50,15:57,7,7,12.6,0,0.0,160.0,147.4,1,B1763,passenger_flight,Position,Delivery
8,97,Delivery,4,4,4,4,617,620,15:57,16:00,3,0,0.0,2,8.534,147.4,155.934,0,B1763,delivery_service,Delivery,Delivery
8,98,Stay,4,4,4,4,620,631,16:00,16:11,11,0,0.0,11,4.066,155.934,160.0,0,B1916,parking_charging,Position,Pickup
8,99,Pickup,4,4,4,4,631,634,16:11,16:14,3,0,0.0,2,0.0,160.0,160.0,1,B1916,pickup_service,Pickup,Pickup
8,100,Pickup,4,4,4,4,634,637,16:14,16:17,3,0,0.0,2,0.0,160.0,160.0,2,B1939,pickup_service,Pickup,Pickup
8,101,Stay,4,4,4,4,637,638,16:17,16:18,1,0,0.0,1,0.0,160.0,160.0,2,B1972,parking_charging,Position,Pickup
8,102,Pickup,4,4,4,4,638,641,16:18,16:21,3,0,0.0,2,0.0,160.0,160.0,4,B1972,pickup_service,Pickup,Pickup
8,103,Movement,4,2,4,2,641,647,16:21,16:27,6,6,16.13,0,0.0,160.0,143.87,4,B1916,passenger_flight,Position,Delivery
8,104,Delivery,2,2,2,2,647,650,16:27,16:30,3,0,0.0,2,8.534,143.87,152.404,3,B1916,delivery_service,Delivery,Delivery
8,105,Delivery,2,2,2,2,650,653,16:30,16:33,3,0,0.0,2,7.596,152.404,160.0,2,B1939,delivery_service,Delivery,Delivery
8,106,Delivery,2,2,2,2,653,656,16:33,16:36,3,0,0.0,2,0.0,160.0,160.0,0,B1972,delivery_service,Delivery,Delivery
8,107,Stay,2,2,2,2,656,669,16:36,16:49,13,0,0.0,13,0.0,160.0,160.0,0,B2179,parking_charging,Position,Pickup
8,108,Pickup,2,2,2,2,669,672,16:49,16:52,3,0,0.0,2,0.0,160.0,160.0,1,B2179,pickup_service,Pickup,Pickup
8,109,Stay,2,2,2,2,672,675,16:52,16:55,3,0,0.0,3,0.0,160.0,160.0,1,B2224,parking_charging,Position,Pickup
8,110,Pickup,2,2,2,2,675,678,16:55,16:58,3,0,0.0,2,0.0,160.0,160.0,4,B2224,pickup_service,Pickup,Pickup
8,111,Movement,2,5,2,5,678,686,16:58,17:06,8,8,27.57,0,0.0,160.0,132.43,4,B2179,passenger_flight,Position,Delivery
8,112,Delivery,5,5,5,5,686,689,17:06,17:09,3,0,0.0,2,8.534,132.43,140.964,3,B2179,delivery_service,Delivery,Delivery
8,113,Delivery,5,5,5,5,689,692,17:09,17:12,3,0,0.0,2,8.534,140.964,149.498,0,B2224,delivery_service,Delivery,Delivery
8,114,Stay,5,5,5,5,692,700,17:12,17:20,8,0,0.0,8,10.502,149.498,160.0,0,B2450,parking_charging,Position,Pickup
8,115,Pickup,5,5,5,5,700,703,17:20,17:23,3,0,0.0,2,0.0,160.0,160.0,1,B2450,pickup_service,Pickup,Pickup
8,116,Movement,5,10,5,10,703,713,17:23,17:33,10,10,33.52,0,0.0,160.0,126.48,1,B2450,passenger_flight,Position,Delivery
8,117,Delivery,10,10,10,10,713,716,17:33,17:36,3,0,0.0,2,8.534,126.48,135.014,0,B2450,delivery_service,Delivery,Delivery
8,118,Stay,10,10,10,10,716,720,17:36,17:40,4,0,0.0,4,17.068,135.014,152.082,0,B2646,parking_charging,Position,Pickup
8,119,Pickup,10,10,10,10,720,723,17:40,17:43,3,0,0.0,2,7.918,152.082,160.0,2,B2646,pickup_service,Pickup,Pickup
8,120,Movement,10,3,10,3,723,738,17:43,17:58,15,15,54.92,0,0.0,160.0,105.08,2,B2893,passenger_flight,Position,Pickup
8,121,Pickup,3,3,3,3,738,741,17:58,18:01,3,0,0.0,2,8.534,105.08,113.614,3,B2893,pickup_service,Pickup,Pickup
8,122,Stay,3,3,3,3,741,742,18:01,18:02,1,0,0.0,1,4.267,113.614,117.881,3,B2646,parking_charging,Position,Delivery
8,123,Delivery,3,3,3,3,742,745,18:02,18:05,3,0,0.0,2,8.534,117.881,126.415,1,B2646,delivery_service,Delivery,Delivery
8,124,Stay,3,3,3,3,745,748,18:05,18:08,3,0,0.0,3,12.801,126.415,139.216,1,B2893,parking_charging,Position,Movement
8,125,Movement,3,1,3,1,748,754,18:08,18:14,6,6,9.61,0,0.0,139.216,129.606,1,B2893,passenger_flight,Position,Delivery
8,126,Delivery,1,1,1,1,754,757,18:14,18:17,3,0,0.0,2,8.534,129.606,138.14,0,B2893,delivery_service,Delivery,Delivery
8,127,Pickup,1,1,1,1,757,760,18:17,18:20,3,0,0.0,2,8.534,138.14,146.674,2,B2985,pickup_service,Pickup,Pickup
8,128,Movement,1,3,1,3,760,766,18:20,18:26,6,6,9.61,0,0.0,146.674,137.064,2,B2985,passenger_flight,Position,Delivery
8,129,Delivery,3,3,3,3,766,769,18:26,18:29,3,0,0.0,2,8.534,137.064,145.598,0,B2985,delivery_service,Delivery,Delivery
8,130,Pickup,3,3,3,3,769,772,18:29,18:32,3,0,0.0,2,8.534,145.598,154.132,1,B3092,pickup_service,Pickup,Pickup
8,131,Pickup,3,3,3,3,772,775,18:32,18:35,3,0,0.0,2,5.868,154.132,160.0,2,B3079,pickup_service,Pickup,Pickup
8,132,Movement,3,4,3,4,775,782,18:35,18:42,7,7,12.6,0,0.0,160.0,147.4,2,B3079,passenger_flight,Position,Delivery
8,133,Delivery,4,4,4,4,782,785,18:42,18:45,3,0,0.0,2,8.534,147.4,155.934,1,B3079,delivery_service,Delivery,Delivery
8,134,Delivery,4,4,4,4,785,788,18:45,18:48,3,0,0.0,2,4.066,155.934,160.0,0,B3092,delivery_service,Delivery,Delivery
8,135,Pickup,4,4,4,4,788,791,18:48,18:51,3,0,0.0,2,0.0,160.0,160.0,1,B3203,pickup_service,Pickup,Pickup
8,136,Pickup,4,4,4,4,791,794,18:51,18:54,3,0,0.0,2,0.0,160.0,160.0,4,B3221,pickup_service,Pickup,Pickup
8,137,Movement,4,2,4,2,794,800,18:54,19:00,6,6,16.13,0,0.0,160.0,143.87,4,B3203,passenger_flight,Position,Delivery
8,138,Delivery,2,2,2,2,800,803,19:00,19:03,3,0,0.0,2,8.534,143.87,152.404,3,B3203,delivery_service,Delivery,Delivery
8,139,Delivery,2,2,2,2,803,806,19:03,19:06,3,0,0.0,2,7.596,152.404,160.0,0,B3221,delivery_service,Delivery,Delivery
8,140,Movement,2,9,2,9,806,820,19:06,19:20,14,14,50.24,0,0.0,160.0,109.76,0,,return_to_depot,Position,Depot
9,0,Stay,10,10,10,10,0,30,05:40,06:10,30,0,0.0,30,0.0,160.0,160.0,0,B10,parking_charging,Position,Pickup
9,1,Pickup,10,10,10,10,30,33,06:10,06:13,3,0,0.0,2,0.0,160.0,160.0,1,B10,pickup_service,Pickup,Pickup
9,2,Movement,10,4,10,4,33,45,06:13,06:25,12,12,42.86,0,0.0,160.0,117.14,1,B10,passenger_flight,Position,Delivery
9,3,Delivery,4,4,4,4,45,48,06:25,06:28,3,0,0.0,2,8.534,117.14,125.674,0,B10,delivery_service,Delivery,Delivery
9,4,Stay,4,4,4,4,48,55,06:28,06:35,7,0,0.0,7,29.869,125.674,155.543,0,B28,parking_charging,Position,Pickup
9,5,Pickup,4,4,4,4,55,58,06:35,06:38,3,0,0.0,2,4.457,155.543,160.0,1,B28,pickup_service,Pickup,Pickup
9,6,Movement,4,9,4,9,58,73,06:38,06:53,15,15,55.47,0,0.0,160.0,104.53,1,B28,passenger_flight,Position,Delivery
9,7,Delivery,9,9,9,9,73,76,06:53,06:56,3,0,0.0,2,8.534,104.53,113.064,0,B28,delivery_service,Delivery,Delivery
9,8,Stay,9,9,9,9,76,141,06:56,08:01,65,0,0.0,65,46.936,113.064,160.0,0,B131,parking_charging,Position,Pickup
9,9,Pickup,9,9,9,9,141,144,08:01,08:04,3,0,0.0,2,0.0,160.0,160.0,1,B131,pickup_service,Pickup,Pickup
9,10,Pickup,9,9,9,9,144,147,08:04,08:07,3,0,0.0,2,0.0,160.0,160.0,2,B125,pickup_service,Pickup,Pickup
9,11,Movement,9,6,9,6,147,167,08:07,08:27,20,20,74.79,0,0.0,160.0,85.21,2,B131,passenger_flight,Position,Delivery
9,12,Delivery,6,6,6,6,167,170,08:27,08:30,3,0,0.0,2,8.534,85.21,93.744,1,B131,delivery_service,Delivery,Delivery
9,13,Delivery,6,6,6,6,170,173,08:30,08:33,3,0,0.0,2,8.534,93.744,102.278,0,B125,delivery_service,Delivery,Delivery
9,14,Stay,6,6,6,6,173,183,08:33,08:43,10,0,0.0,10,42.67,102.278,144.948,0,B295,parking_charging,Position,Pickup
9,15,Pickup,6,6,6,6,183,186,08:43,08:46,3,0,0.0,2,8.534,144.948,153.482,4,B295,pickup_service,Pickup,Pickup
9,16,Movement,6,1,6,1,186,193,08:46,08:53,7,7,23.39,0,0.0,153.482,130.092,4,B295,passenger_flight,Position,Delivery
9,17,Delivery,1,1,1,1,193,196,08:53,08:56,3,0,0.0,2,8.534,130.092,138.626,0,B295,delivery_service,Delivery,Delivery
9,18,Stay,1,1,1,1,196,200,08:56,09:00,4,0,0.0,4,17.068,138.626,155.694,0,B364,parking_charging,Position,Movement
9,19,Movement,1,3,1,3,200,206,09:00,09:06,6,6,9.61,0,0.0,155.694,146.084,0,B364,empty_repositioning,Position,Pickup
9,20,Pickup,3,3,3,3,206,209,09:06,09:09,3,0,0.0,2,8.534,146.084,154.618,2,B364,pickup_service,Pickup,Pickup
9,21,Movement,3,4,3,4,209,216,09:09,09:16,7,7,12.6,0,0.0,154.618,142.018,2,B364,passenger_flight,Position,Delivery
9,22,Delivery,4,4,4,4,216,219,09:16,09:19,3,0,0.0,2,8.534,142.018,150.552,0,B364,delivery_service,Delivery,Delivery
9,23,Stay,4,4,4,4,219,234,09:19,09:34,15,0,0.0,15,9.448,150.552,160.0,0,B439,parking_charging,Position,Pickup
9,24,Pickup,4,4,4,4,234,237,09:34,09:37,3,0,0.0,2,0.0,160.0,160.0,1,B439,pickup_service,Pickup,Pickup
9,25,Pickup,4,4,4,4,237,240,09:37,09:40,3,0,0.0,2,0.0,160.0,160.0,2,B432,pickup_service,Pickup,Pickup
9,26,Movement,4,2,4,2,240,246,09:40,09:46,6,6,16.13,0,0.0,160.0,143.87,2,B432,passenger_flight,Position,Delivery
9,27,Delivery,2,2,2,2,246,249,09:46,09:49,3,0,0.0,2,8.534,143.87,152.404,1,B432,delivery_service,Delivery,Delivery
9,28,Delivery,2,2,2,2,249,252,09:49,09:52,3,0,0.0,2,7.596,152.404,160.0,0,B439,delivery_service,Delivery,Delivery
9,29,Pickup,2,2,2,2,252,255,09:52,09:55,3,0,0.0,2,0.0,160.0,160.0,1,B471,pickup_service,Pickup,Pickup
9,30,Movement,2,3,2,3,255,258,09:55,09:58,3,3,4.08,0,0.0,160.0,155.92,1,B488,passenger_flight,Position,Pickup
9,31,Pickup,3,3,3,3,258,261,09:58,10:01,3,0,0.0,2,4.08,155.92,160.0,2,B488,pickup_service,Pickup,Pickup
9,32,Movement,3,1,3,1,261,267,10:01,10:07,6,6,9.61,0,0.0,160.0,150.39,2,B471,passenger_flight,Position,Delivery
9,33,Delivery,1,1,1,1,267,270,10:07,10:10,3,0,0.0,2,8.534,150.39,158.924,1,B471,delivery_service,Delivery,Delivery
9,34,Movement,1,4,1,4,270,274,10:10,10:14,4,4,4.98,0,0.0,158.924,153.944,1,B488,passenger_flight,Position,Delivery
9,35,Delivery,4,4,4,4,274,277,10:14,10:17,3,0,0.0,2,6.056,153.944,160.0,0,B488,delivery_service,Delivery,Delivery
9,36,Stay,4,4,4,4,277,278,10:17,10:18,1,0,0.0,1,0.0,160.0,160.0,0,B605,parking_charging,Position,Pickup
9,37,Pickup,4,4,4,4,278,281,10:18,10:21,3,0,0.0,2,0.0,160.0,160.0,1,B605,pickup_service,Pickup,Pickup
9,38,Stay,4,4,4,4,281,288,10:21,10:28,7,0,0.0,7,0.0,160.0,160.0,1,B605,parking_charging,Position,Movement
9,39,Movement,4,9,4,9,288,303,10:28,10:43,15,15,55.47,0,0.0,160.0,104.53,1,B605,passenger_flight,Position,Delivery
9,40,Delivery,9,9,9,9,303,306,10:43,10:46,3,0,0.0,2,8.534,104.53,113.064,0,B605,delivery_service,Delivery,Delivery
9,41,Pickup,9,9,9,9,306,309,10:46,10:49,3,0,0.0,2,8.534,113.064,121.598,1,B740,pickup_service,Pickup,Pickup
9,42,Pickup,9,9,9,9,309,312,10:49,10:52,3,0,0.0,2,8.534,121.598,130.132,2,B752,pickup_service,Pickup,Pickup
9,43,Movement,9,4,9,4,312,327,10:52,11:07,15,15,55.47,0,0.0,130.132,74.662,2,B740,passenger_flight,Position,Delivery
9,44,Delivery,4,4,4,4,327,330,11:07,11:10,3,0,0.0,2,8.534,74.662,83.196,1,B740,delivery_service,Delivery,Delivery
9,45,Delivery,4,4,4,4,330,333,11:10,11:13,3,0,0.0,2,8.534,83.196,91.73,0,B752,delivery_service,Delivery,Delivery
9,46,Stay,4,4,4,4,333,339,11:13,11:19,6,0,0.0,6,25.602,91.73,117.332,0,B916,parking_charging,Position,Pickup
9,47,Pickup,4,4,4,4,339,342,11:19,11:22,3,0,0.0,2,8.534,117.332,125.866,2,B916,pickup_service,Pickup,Pickup
9,48,Stay,4,4,4,4,342,347,11:22,11:27,5,0,0.0,5,21.335,125.866,147.201,2,B916,parking_charging,Position,Movement
9,49,Movement,4,2,4,2,347,353,11:27,11:33,6,6,16.13,0,0.0,147.201,131.071,2,B916,passenger_flight,Position,Delivery
9,50,Delivery,2,2,2,2,353,356,11:33,11:36,3,0,0.0,2,8.534,131.071,139.605,0,B916,delivery_service,Delivery,Delivery
9,51,Stay,2,2,2,2,356,361,11:36,11:41,5,0,0.0,5,20.395,139.605,160.0,0,B1004,parking_charging,Position,Pickup
9,52,Pickup,2,2,2,2,361,364,11:41,11:44,3,0,0.0,2,0.0,160.0,160.0,2,B1004,pickup_service,Pickup,Pickup
9,53,Pickup,2,2,2,2,364,367,11:44,11:47,3,0,0.0,2,0.0,160.0,160.0,4,B1009,pickup_service,Pickup,Pickup
9,54,Movement,2,5,2,5,367,375,11:47,11:55,8,8,27.57,0,0.0,160.0,132.43,4,B1009,passenger_flight,Position,Delivery
9,55,Delivery,5,5,5,5,375,378,11:55,11:58,3,0,0.0,2,8.534,132.43,140.964,2,B1009,delivery_service,Delivery,Delivery
9,56,Pickup,5,5,5,5,378,381,11:58,12:01,3,0,0.0,2,8.534,140.964,149.498,3,B1057,pickup_service,Pickup,Pickup
9,57,Delivery,5,5,5,5,381,384,12:01,12:04,3,0,0.0,2,8.534,149.498,158.032,1,B1004,delivery_service,Delivery,Delivery
9,58,Movement,5,3,5,3,384,392,12:04,12:12,8,8,23.93,0,0.0,158.032,134.102,1,B1057,passenger_flight,Position,Delivery
9,59,Delivery,3,3,3,3,392,395,12:12,12:15,3,0,0.0,2,8.534,134.102,142.636,0,B1057,delivery_service,Delivery,Delivery
9,60,Stay,3,3,3,3,395,397,12:15,12:17,2,0,0.0,2,8.534,142.636,151.17,0,B1105,parking_charging,Position,Pickup
9,61,Pickup,3,3,3,3,397,400,12:17,12:20,3,0,0.0,2,8.534,151.17,159.704,1,B1105,pickup_service,Pickup,Pickup
9,62,Stay,3,3,3,3,400,407,12:20,12:27,7,0,0.0,7,0.296,159.704,160.0,1,B1105,parking_charging,Position,Movement
9,63,Movement,3,9,3,9,407,422,12:27,12:42,15,15,52.78,0,0.0,160.0,107.22,1,B1105,passenger_flight,Position,Delivery
9,64,Delivery,9,9,9,9,422,425,12:42,12:45,3,0,0.0,2,8.534,107.22,115.754,0,B1105,delivery_service,Delivery,Delivery
9,65,Stay,9,9,9,9,425,473,12:45,13:33,48,0,0.0,48,44.246,115.754,160.0,0,B1279,parking_charging,Position,Pickup
9,66,Pickup,9,9,9,9,473,476,13:33,13:36,3,0,0.0,2,0.0,160.0,160.0,1,B1279,pickup_service,Pickup,Pickup
9,67,Stay,9,9,9,9,476,483,13:36,13:43,7,0,0.0,7,0.0,160.0,160.0,1,B1279,parking_charging,Position,Movement
9,68,Movement,9,2,9,2,483,497,13:43,13:57,14,14,50.24,0,0.0,160.0,109.76,1,B1279,passenger_flight,Position,Delivery
9,69,Delivery,2,2,2,2,497,500,13:57,14:00,3,0,0.0,2,8.534,109.76,118.294,0,B1279,delivery_service,Delivery,Delivery
9,70,Stay,2,2,2,2,500,508,14:00,14:08,8,0,0.0,8,34.136,118.294,152.43,0,B1362,parking_charging,Position,Pickup
9,71,Pickup,2,2,2,2,508,511,14:08,14:11,3,0,0.0,2,7.57,152.43,160.0,1,B1362,pickup_service,Pickup,Pickup
9,72,Stay,2,2,2,2,511,512,14:11,14:12,1,0,0.0,1,0.0,160.0,160.0,1,B1384,parking_charging,Position,Pickup
9,73,Pickup,2,2,2,2,512,515,14:12,14:15,3,0,0.0,2,0.0,160.0,160.0,3,B1384,pickup_service,Pickup,Pickup
9,74,Pickup,2,2,2,2,515,518,14:15,14:18,3,0,0.0,2,0.0,160.0,160.0,4,B1391,pickup_service,Pickup,Pickup
9,75,Movement,2,5,2,5,518,526,14:18,14:26,8,8,27.57,0,0.0,160.0,132.43,4,B1362,passenger_flight,Position,Delivery
9,76,Delivery,5,5,5,5,526,529,14:26,14:29,3,0,0.0,2,8.534,132.43,140.964,3,B1362,delivery_service,Delivery,Delivery
9,77,Delivery,5,5,5,5,529,532,14:29,14:32,3,0,0.0,2,8.534,140.964,149.498,1,B1384,delivery_service,Delivery,Delivery
9,78,Delivery,5,5,5,5,532,535,14:32,14:35,3,0,0.0,2,8.534,149.498,158.032,0,B1391,delivery_service,Delivery,Delivery
9,79,Stay,5,5,5,5,535,546,14:35,14:46,11,0,0.0,11,1.968,158.032,160.0,0,B1533,parking_charging,Position,Pickup
9,80,Pickup,5,5,5,5,546,549,14:46,14:49,3,0,0.0,2,0.0,160.0,160.0,1,B1533,pickup_service,Pickup,Pickup
9,81,Pickup,5,5,5,5,549,552,14:49,14:52,3,0,0.0,2,0.0,160.0,160.0,2,B1521,pickup_service,Pickup,Pickup
9,82,Movement,5,9,5,9,552,569,14:52,15:09,17,17,62.04,0,0.0,160.0,97.96,2,B1521,passenger_flight,Position,Delivery
9,83,Delivery,9,9,9,9,569,572,15:09,15:12,3,0,0.0,2,8.534,97.96,106.494,1,B1521,delivery_service,Delivery,Delivery
9,84,Delivery,9,9,9,9,572,575,15:12,15:15,3,0,0.0,2,8.534,106.494,115.028,0,B1533,delivery_service,Delivery,Delivery
9,85,Pickup,9,9,9,9,575,578,15:15,15:18,3,0,0.0,2,8.534,115.028,123.562,1,B1634,pickup_service,Pickup,Pickup
9,86,Movement,9,4,9,4,578,593,15:18,15:33,15,15,55.47,0,0.0,123.562,68.092,1,B1634,passenger_flight,Position,Delivery
9,87,Delivery,4,4,4,4,593,596,15:33,15:36,3,0,0.0,2,8.534,68.092,76.626,0,B1634,delivery_service,Delivery,Delivery
9,88,Pickup,4,4,4,4,596,599,15:36,15:39,3,0,0.0,2,8.534,76.626,85.16,2,B1716,pickup_service,Pickup,Pickup
9,89,Movement,4,7,4,7,599,606,15:39,15:46,7,7,21.43,0,0.0,85.16,63.73,2,B1716,passenger_flight,Position,Delivery
9,90,Delivery,7,7,7,7,606,609,15:46,15:49,3,0,0.0,2,8.534,63.73,72.264,0,B1716,delivery_service,Delivery,Delivery
9,91,Stay,7,7,7,7,609,621,15:49,16:01,12,0,0.0,12,51.204,72.264,123.468,0,B1849,parking_charging,Position,Pickup
9,92,Pickup,7,7,7,7,621,624,16:01,16:04,3,0,0.0,2,8.534,123.468,132.002,2,B1849,pickup_service,Pickup,Pickup
9,93,Stay,7,7,7,7,624,627,16:04,16:07,3,0,0.0,3,12.801,132.002,144.803,2,B1892,parking_charging,Position,Pickup
9,94,Pickup,7,7,7,7,627,630,16:07,16:10,3,0,0.0,2,8.534,144.803,153.337,3,B1892,pickup_service,Pickup,Pickup
9,95,Movement,7,1,7,1,630,637,16:10,16:17,7,7,21.03,0,0.0,153.337,132.307,3,B1849,passenger_flight,Position,Delivery
9,96,Delivery,1,1,1,1,637,640,16:17,16:20,3,0,0.0,2,8.534,132.307,140.841,1,B1849,delivery_service,Delivery,Delivery
9,97,Stay,1,1,1,1,640,643,16:20,16:23,3,0,0.0,3,12.801,140.841,153.642,1,B1892,parking_charging,Position,Delivery
9,98,Delivery,1,1,1,1,643,646,16:23,16:26,3,0,0.0,2,6.358,153.642,160.0,0,B1892,delivery_service,Delivery,Delivery
9,99,Pickup,1,1,1,1,646,649,16:26,16:29,3,0,0.0,2,0.0,160.0,160.0,2,B1981,pickup_service,Pickup,Pickup
9,100,Movement,1,6,1,6,649,656,16:29,16:36,7,7,23.39,0,0.0,160.0,136.61,2,B1981,passenger_flight,Position,Delivery
9,101,Delivery,6,6,6,6,656,659,16:36,16:39,3,0,0.0,2,8.534,136.61,145.144,0,B1981,delivery_service,Delivery,Delivery
9,102,Stay,6,6,6,6,659,660,16:39,16:40,1,0,0.0,1,4.267,145.144,149.411,0,B2111,parking_charging,Position,Movement
9,103,Movement,6,1,6,1,660,667,16:40,16:47,7,7,23.39,0,0.0,149.411,126.021,0,B2111,empty_repositioning,Position,Pickup
9,104,Pickup,1,1,1,1,667,670,16:47,16:50,3,0,0.0,2,8.534,126.021,134.555,1,B2111,pickup_service,Pickup,Pickup
9,105,Movement,1,6,1,6,670,677,16:50,16:57,7,7,23.39,0,0.0,134.555,111.165,1,B2111,passenger_flight,Position,Delivery
9,106,Delivery,6,6,6,6,677,680,16:57,17:00,3,0,0.0,2,8.534,111.165,119.699,0,B2111,delivery_service,Delivery,Delivery
9,107,Stay,6,6,6,6,680,686,17:00,17:06,6,0,0.0,6,25.602,119.699,145.301,0,B2330,parking_charging,Position,Pickup
9,108,Pickup,6,6,6,6,686,689,17:06,17:09,3,0,0.0,2,8.534,145.301,153.835,1,B2330,pickup_service,Pickup,Pickup
9,109,Stay,6,6,6,6,689,690,17:09,17:10,1,0,0.0,1,4.267,153.835,158.102,1,B2373,parking_charging,Position,Pickup
9,110,Pickup,6,6,6,6,690,693,17:10,17:13,3,0,0.0,2,1.898,158.102,160.0,3,B2373,pickup_service,Pickup,Pickup
9,111,Movement,6,1,6,1,693,700,17:13,17:20,7,7,23.39,0,0.0,160.0,136.61,3,B2330,passenger_flight,Position,Delivery
9,112,Delivery,1,1,1,1,700,703,17:20,17:23,3,0,0.0,2,8.534,136.61,145.144,2,B2330,delivery_service,Delivery,Delivery
9,113,Stay,1,1,1,1,703,706,17:23,17:26,3,0,0.0,3,12.801,145.144,157.945,2,B2373,parking_charging,Position,Movement
9,114,Movement,1,7,1,7,706,713,17:26,17:33,7,7,21.03,0,0.0,157.945,136.915,2,B2373,passenger_flight,Position,Delivery
9,115,Delivery,7,7,7,7,713,716,17:33,17:36,3,0,0.0,2,8.534,136.915,145.449,0,B2373,delivery_service,Delivery,Delivery
9,116,Stay,7,7,7,7,716,717,17:36,17:37,1,0,0.0,1,4.267,145.449,149.716,0,B2676,parking_charging,Position,Pickup
9,117,Pickup,7,7,7,7,717,720,17:37,17:40,3,0,0.0,2,8.534,149.716,158.25,1,B2676,pickup_service,Pickup,Pickup
9,118,Stay,7,7,7,7,720,726,17:40,17:46,6,0,0.0,6,1.75,158.25,160.0,1,B2676,parking_charging,Position,Movement
9,119,Movement,7,4,7,4,726,733,17:46,17:53,7,7,21.43,0,0.0,160.0,138.57,1,B2676,passenger_flight,Position,Delivery
9,120,Delivery,4,4,4,4,733,736,17:53,17:56,3,0,0.0,2,8.534,138.57,147.104,0,B2676,delivery_service,Delivery,Delivery
9,121,Stay,4,4,4,4,736,749,17:56,18:09,13,0,0.0,13,12.896,147.104,160.0,0,B2981,parking_charging,Position,Pickup
9,122,Pickup,4,4,4,4,749,752,18:09,18:12,3,0,0.0,2,0.0,160.0,160.0,2,B2981,pickup_service,Pickup,Pickup
9,123,Pickup,4,4,4,4,752,755,18:12,18:15,3,0,0.0,2,0.0,160.0,160.0,4,B2971,pickup_service,Pickup,Pickup
9,124,Movement,4,3,4,3,755,762,18:15,18:22,7,7,12.6,0,0.0,160.0,147.4,4,B2971,passenger_flight,Position,Delivery
9,125,Delivery,3,3,3,3,762,765,18:22,18:25,3,0,0.0,2,8.534,147.4,155.934,2,B2971,delivery_service,Delivery,Delivery
9,126,Delivery,3,3,3,3,765,768,18:25,18:28,3,0,0.0,2,4.066,155.934,160.0,0,B2981,delivery_service,Delivery,Delivery
9,127,Pickup,3,3,3,3,768,771,18:28,18:31,3,0,0.0,2,0.0,160.0,160.0,1,B3080,pickup_service,Pickup,Pickup
9,128,Stay,3,3,3,3,771,772,18:31,18:32,1,0,0.0,1,0.0,160.0,160.0,1,B3128,parking_charging,Position,Pickup
9,129,Pickup,3,3,3,3,772,775,18:32,18:35,3,0,0.0,2,0.0,160.0,160.0,2,B3128,pickup_service,Pickup,Pickup
9,130,Movement,3,5,3,5,775,783,18:35,18:43,8,8,23.93,0,0.0,160.0,136.07,2,B3080,passenger_flight,Position,Delivery
9,131,Delivery,5,5,5,5,783,786,18:43,18:46,3,0,0.0,2,8.534,136.07,144.604,1,B3080,delivery_service,Delivery,Delivery
9,132,Delivery,5,5,5,5,786,789,18:46,18:49,3,0,0.0,2,8.534,144.604,153.138,0,B3128,delivery_service,Delivery,Delivery
9,133,Pickup,5,5,5,5,789,792,18:49,18:52,3,0,0.0,2,6.862,153.138,160.0,1,B3198,pickup_service,Pickup,Pickup
9,134,Stay,5,5,5,5,792,795,18:52,18:55,3,0,0.0,3,0.0,160.0,160.0,1,B3198,parking_charging,Position,Movement
9,135,Movement,5,2,5,2,795,803,18:55,19:03,8,8,27.57,0,0.0,160.0,132.43,1,B3198,passenger_flight,Position,Delivery
9,136,Delivery,2,2,2,2,803,806,19:03,19:06,3,0,0.0,2,8.534,132.43,140.964,0,B3198,delivery_service,Delivery,Delivery
9,137,Movement,2,10,2,10,806,822,19:06,19:22,16,16,57.66,0,0.0,140.964,83.304,0,,return_to_depot,Position,Depot
10,0,Stay,1,1,1,1,0,49,05:40,06:29,49,0,0.0,49,0.0,160.0,160.0,0,B22,parking_charging,Position,Pickup
10,1,Pickup,1,1,1,1,49,52,06:29,06:32,3,0,0.0,2,0.0,160.0,160.0,1,B22,pickup_service,Pickup,Pickup
10,2,Pickup,1,1,1,1,52,55,06:32,06:35,3,0,0.0,2,0.0,160.0,160.0,2,B20,pickup_service,Pickup,Pickup
10,3,Movement,1,10,1,10,55,68,06:35,06:48,13,13,47.44,0,0.0,160.0,112.56,2,B20,passenger_flight,Position,Delivery
10,4,Delivery,10,10,10,10,68,71,06:48,06:51,3,0,0.0,2,8.534,112.56,121.094,1,B20,delivery_service,Delivery,Delivery
10,5,Delivery,10,10,10,10,71,74,06:51,06:54,3,0,0.0,2,8.534,121.094,129.628,0,B22,delivery_service,Delivery,Delivery
10,6,Pickup,10,10,10,10,74,77,06:54,06:57,3,0,0.0,2,8.534,129.628,138.162,1,B43,pickup_service,Pickup,Pickup
10,7,Pickup,10,10,10,10,77,80,06:57,07:00,3,0,0.0,2,8.534,138.162,146.696,2,B40,pickup_service,Pickup,Pickup
10,8,Movement,10,3,10,3,80,95,07:00,07:15,15,15,54.92,0,0.0,146.696,91.776,2,B40,passenger_flight,Position,Delivery
10,9,Delivery,3,3,3,3,95,98,07:15,07:18,3,0,0.0,2,8.534,91.776,100.31,1,B40,delivery_service,Delivery,Delivery
10,10,Delivery,3,3,3,3,98,101,07:18,07:21,3,0,0.0,2,8.534,100.31,108.844,0,B43,delivery_service,Delivery,Delivery
10,11,Stay,3,3,3,3,101,144,07:21,08:04,43,0,0.0,43,51.156,108.844,160.0,0,B137,parking_charging,Position,Pickup
10,12,Pickup,3,3,3,3,144,147,08:04,08:07,3,0,0.0,2,0.0,160.0,160.0,1,B137,pickup_service,Pickup,Pickup
10,13,Pickup,3,3,3,3,147,150,08:07,08:10,3,0,0.0,2,0.0,160.0,160.0,3,B122,pickup_service,Pickup,Pickup
10,14,Movement,3,4,3,4,150,157,08:10,08:17,7,7,12.6,0,0.0,160.0,147.4,3,B122,passenger_flight,Position,Delivery
10,15,Delivery,4,4,4,4,157,160,08:17,08:20,3,0,0.0,2,8.534,147.4,155.934,1,B122,delivery_service,Delivery,Delivery
10,16,Delivery,4,4,4,4,160,163,08:20,08:23,3,0,0.0,2,4.066,155.934,160.0,0,B137,delivery_service,Delivery,Delivery
10,17,Movement,4,6,4,6,163,170,08:23,08:30,7,7,22.06,0,0.0,160.0,137.94,0,B238,empty_repositioning,Position,Pickup
10,18,Pickup,6,6,6,6,170,173,08:30,08:33,3,0,0.0,2,8.534,137.94,146.474,1,B238,pickup_service,Pickup,Pickup
10,19,Pickup,6,6,6,6,173,176,08:33,08:36,3,0,0.0,2,8.534,146.474,155.008,2,B253,pickup_service,Pickup,Pickup
10,20,Movement,6,1,6,1,176,183,08:36,08:43,7,7,23.39,0,0.0,155.008,131.618,2,B238,passenger_flight,Position,Delivery
10,21,Delivery,1,1,1,1,183,186,08:43,08:46,3,0,0.0,2,8.534,131.618,140.152,1,B238,delivery_service,Delivery,Delivery
10,22,Delivery,1,1,1,1,186,189,08:46,08:49,3,0,0.0,2,8.534,140.152,148.686,0,B253,delivery_service,Delivery,Delivery
10,23,Movement,1,6,1,6,189,196,08:49,08:56,7,7,23.39,0,0.0,148.686,125.296,0,B321,empty_repositioning,Position,Pickup
10,24,Pickup,6,6,6,6,196,199,08:56,08:59,3,0,0.0,2,8.534,125.296,133.83,1,B321,pickup_service,Pickup,Pickup
10,25,Movement,6,1,6,1,199,206,08:59,09:06,7,7,23.39,0,0.0,133.83,110.44,1,B321,passenger_flight,Position,Delivery
10,26,Delivery,1,1,1,1,206,209,09:06,09:09,3,0,0.0,2,8.534,110.44,118.974,0,B321,delivery_service,Delivery,Delivery
10,27,Movement,1,6,1,6,209,216,09:09,09:16,7,7,23.39,0,0.0,118.974,95.584,0,B378,empty_repositioning,Position,Pickup
10,28,Pickup,6,6,6,6,216,219,09:16,09:19,3,0,0.0,2,8.534,95.584,104.118,1,B378,pickup_service,Pickup,Pickup
10,29,Movement,6,3,6,3,219,229,09:19,09:29,10,10,32.98,0,0.0,104.118,71.138,1,B378,passenger_flight,Position,Delivery
10,30,Delivery,3,3,3,3,229,232,09:29,09:32,3,0,0.0,2,8.534,71.138,79.672,0,B378,delivery_service,Delivery,Delivery
10,31,Pickup,3,3,3,3,232,235,09:32,09:35,3,0,0.0,2,8.534,79.672,88.206,2,B417,pickup_service,Pickup,Pickup
10,32,Movement,3,4,3,4,235,242,09:35,09:42,7,7,12.6,0,0.0,88.206,75.606,2,B417,passenger_flight,Position,Delivery
10,33,Delivery,4,4,4,4,242,245,09:42,09:45,3,0,0.0,2,8.534,75.606,84.14,0,B417,delivery_service,Delivery,Delivery
10,34,Stay,4,4,4,4,245,264,09:45,10:04,19,0,0.0,19,75.86,84.14,160.0,0,B515,parking_charging,Position,Pickup
10,35,Pickup,4,4,4,4,264,267,10:04,10:07,3,0,0.0,2,0.0,160.0,160.0,1,B515,pickup_service,Pickup,Pickup
10,36,Pickup,4,4,4,4,267,270,10:07,10:10,3,0,0.0,2,0.0,160.0,160.0,2,B502,pickup_service,Pickup,Pickup
10,37,Movement,4,2,4,2,270,276,10:10,10:16,6,6,16.13,0,0.0,160.0,143.87,2,B502,passenger_flight,Position,Delivery
10,38,Delivery,2,2,2,2,276,279,10:16,10:19,3,0,0.0,2,8.534,143.87,152.404,1,B502,delivery_service,Delivery,Delivery
10,39,Delivery,2,2,2,2,279,282,10:19,10:22,3,0,0.0,2,7.596,152.404,160.0,0,B515,delivery_service,Delivery,Delivery
10,40,Stay,2,2,2,2,282,296,10:22,10:36,14,0,0.0,14,0.0,160.0,160.0,0,B702,parking_charging,Position,Pickup
10,41,Pickup,2,2,2,2,296,299,10:36,10:39,3,0,0.0,2,0.0,160.0,160.0,1,B702,pickup_service,Pickup,Pickup
10,42,Pickup,2,2,2,2,299,302,10:39,10:42,3,0,0.0,2,0.0,160.0,160.0,2,B715,pickup_service,Pickup,Pickup
10,43,Movement,2,4,2,4,302,308,10:42,10:48,6,6,16.13,0,0.0,160.0,143.87,2,B702,passenger_flight,Position,Delivery
10,44,Delivery,4,4,4,4,308,311,10:48,10:51,3,0,0.0,2,8.534,143.87,152.404,1,B702,delivery_service,Delivery,Delivery
10,45,Movement,4,6,4,6,311,318,10:51,10:58,7,7,22.06,0,0.0,152.404,130.344,1,B715,passenger_flight,Position,Delivery
10,46,Delivery,6,6,6,6,318,321,10:58,11:01,3,0,0.0,2,8.534,130.344,138.878,0,B715,delivery_service,Delivery,Delivery
10,47,Pickup,6,6,6,6,321,324,11:01,11:04,3,0,0.0,2,8.534,138.878,147.412,1,B832,pickup_service,Pickup,Pickup
10,48,Pickup,6,6,6,6,324,327,11:04,11:07,3,0,0.0,2,8.534,147.412,155.946,3,B852,pickup_service,Pickup,Pickup
10,49,Movement,6,1,6,1,327,334,11:07,11:14,7,7,23.39,0,0.0,155.946,132.556,3,B832,passenger_flight,Position,Delivery
10,50,Delivery,1,1,1,1,334,337,11:14,11:17,3,0,0.0,2,8.534,132.556,141.09,2,B832,delivery_service,Delivery,Delivery
10,51,Pickup,1,1,1,1,337,340,11:17,11:20,3,0,0.0,2,8.534,141.09,149.624,3,B902,pickup_service,Pickup,Pickup
10,52,Movement,1,7,1,7,340,347,11:20,11:27,7,7,21.03,0,0.0,149.624,128.594,3,B852,passenger_flight,Position,Delivery
10,53,Delivery,7,7,7,7,347,350,11:27,11:30,3,0,0.0,2,8.534,128.594,137.128,1,B852,delivery_service,Delivery,Delivery
10,54,Delivery,7,7,7,7,350,353,11:30,11:33,3,0,0.0,2,8.534,137.128,145.662,0,B902,delivery_service,Delivery,Delivery
10,55,Stay,7,7,7,7,353,373,11:33,11:53,20,0,0.0,20,14.338,145.662,160.0,0,B1045,parking_charging,Position,Pickup
10,56,Pickup,7,7,7,7,373,376,11:53,11:56,3,0,0.0,2,0.0,160.0,160.0,2,B1045,pickup_service,Pickup,Pickup
10,57,Movement,7,1,7,1,376,383,11:56,12:03,7,7,21.03,0,0.0,160.0,138.97,2,B1045,passenger_flight,Position,Delivery
10,58,Delivery,1,1,1,1,383,386,12:03,12:06,3,0,0.0,2,8.534,138.97,147.504,0,B1045,delivery_service,Delivery,Delivery
10,59,Stay,1,1,1,1,386,397,12:06,12:17,11,0,0.0,11,12.496,147.504,160.0,0,B1104,parking_charging,Position,Pickup
10,60,Pickup,1,1,1,1,397,400,12:17,12:20,3,0,0.0,2,0.0,160.0,160.0,1,B1104,pickup_service,Pickup,Pickup
10,61,Movement,1,7,1,7,400,407,12:20,12:27,7,7,21.03,0,0.0,160.0,138.97,1,B1104,passenger_flight,Position,Delivery
10,62,Delivery,7,7,7,7,407,410,12:27,12:30,3,0,0.0,2,8.534,138.97,147.504,0,B1104,delivery_service,Delivery,Delivery
10,63,Pickup,7,7,7,7,410,413,12:30,12:33,3,0,0.0,2,8.534,147.504,156.038,1,B1144,pickup_service,Pickup,Pickup
10,64,Movement,7,6,7,6,413,425,12:33,12:45,12,12,43.48,0,0.0,156.038,112.558,1,B1144,passenger_flight,Position,Delivery
10,65,Delivery,6,6,6,6,425,428,12:45,12:48,3,0,0.0,2,8.534,112.558,121.092,0,B1144,delivery_service,Delivery,Delivery
10,66,Stay,6,6,6,6,428,451,12:48,13:11,23,0,0.0,23,38.908,121.092,160.0,0,B1234,parking_charging,Position,Pickup
10,67,Pickup,6,6,6,6,451,454,13:11,13:14,3,0,0.0,2,0.0,160.0,160.0,1,B1234,pickup_service,Pickup,Pickup
10,68,Pickup,6,6,6,6,454,457,13:14,13:17,3,0,0.0,2,0.0,160.0,160.0,3,B1237,pickup_service,Pickup,Pickup
10,69,Movement,6,7,6,7,457,469,13:17,13:29,12,12,43.48,0,0.0,160.0,116.52,3,B1234,passenger_flight,Position,Delivery
10,70,Delivery,7,7,7,7,469,472,13:29,13:32,3,0,0.0,2,8.534,116.52,125.054,2,B1234,delivery_service,Delivery,Delivery
10,71,Delivery,7,7,7,7,472,475,13:32,13:35,3,0,0.0,2,8.534,125.054,133.588,0,B1237,delivery_service,Delivery,Delivery
10,72,Pickup,7,7,7,7,475,478,13:35,13:38,3,0,0.0,2,8.534,133.588,142.122,1,B1282,pickup_service,Pickup,Pickup
10,73,Movement,7,1,7,1,478,485,13:38,13:45,7,7,21.03,0,0.0,142.122,121.092,1,B1282,passenger_flight,Position,Delivery
10,74,Delivery,1,1,1,1,485,488,13:45,13:48,3,0,0.0,2,8.534,121.092,129.626,0,B1282,delivery_service,Delivery,Delivery
10,75,Stay,1,1,1,1,488,489,13:48,13:49,1,0,0.0,1,4.267,129.626,133.893,0,B1308,parking_charging,Position,Pickup
10,76,Pickup,1,1,1,1,489,492,13:49,13:52,3,0,0.0,2,8.534,133.893,142.427,1,B1308,pickup_service,Pickup,Pickup
10,77,Pickup,1,1,1,1,492,495,13:52,13:55,3,0,0.0,2,8.534,142.427,150.961,2,B1298,pickup_service,Pickup,Pickup
10,78,Movement,1,2,1,2,495,502,13:55,14:02,7,7,13.61,0,0.0,150.961,137.351,2,B1298,passenger_flight,Position,Delivery
10,79,Delivery,2,2,2,2,502,505,14:02,14:05,3,0,0.0,2,8.534,137.351,145.885,1,B1298,delivery_service,Delivery,Delivery
10,80,Delivery,2,2,2,2,505,508,14:05,14:08,3,0,0.0,2,8.534,145.885,154.419,0,B1308,delivery_service,Delivery,Delivery
10,81,Pickup,2,2,2,2,508,511,14:08,14:11,3,0,0.0,2,5.581,154.419,160.0,1,B1363,pickup_service,Pickup,Pickup
10,82,Movement,2,6,2,6,511,522,14:11,14:22,11,11,37.0,0,0.0,160.0,123.0,1,B1363,passenger_flight,Position,Delivery
10,83,Delivery,6,6,6,6,522,525,14:22,14:25,3,0,0.0,2,8.534,123.0,131.534,0,B1363,delivery_service,Delivery,Delivery
10,84,Pickup,6,6,6,6,525,528,14:25,14:28,3,0,0.0,2,8.534,131.534,140.068,2,B1435,pickup_service,Pickup,Pickup
10,85,Movement,6,1,6,1,528,535,14:28,14:35,7,7,23.39,0,0.0,140.068,116.678,2,B1477,passenger_flight,Position,Pickup
10,86,Pickup,1,1,1,1,535,538,14:35,14:38,3,0,0.0,2,8.534,116.678,125.212,3,B1477,pickup_service,Pickup,Pickup
10,87,Movement,1,7,1,7,538,545,14:38,14:45,7,7,21.03,0,0.0,125.212,104.182,3,B1435,passenger_flight,Position,Delivery
10,88,Delivery,7,7,7,7,545,548,14:45,14:48,3,0,0.0,2,8.534,104.182,112.716,1,B1435,delivery_service,Delivery,Delivery
10,89,Delivery,7,7,7,7,548,551,14:48,14:51,3,0,0.0,2,8.534,112.716,121.25,0,B1477,delivery_service,Delivery,Delivery
10,90,Pickup,7,7,7,7,551,554,14:51,14:54,3,0,0.0,2,8.534,121.25,129.784,1,B1539,pickup_service,Pickup,Pickup
10,91,Pickup,7,7,7,7,554,557,14:54,14:57,3,0,0.0,2,8.534,129.784,138.318,3,B1562,pickup_service,Pickup,Pickup
10,92,Movement,7,4,7,4,557,564,14:57,15:04,7,7,21.43,0,0.0,138.318,116.888,3,B1539,passenger_flight,Position,Delivery
10,93,Delivery,4,4,4,4,564,567,15:04,15:07,3,0,0.0,2,8.534,116.888,125.422,2,B1539,delivery_service,Delivery,Delivery
10,94,Delivery,4,4,4,4,567,570,15:07,15:10,3,0,0.0,2,8.534,125.422,133.956,0,B1562,delivery_service,Delivery,Delivery
10,95,Stay,4,4,4,4,570,574,15:10,15:14,4,0,0.0,4,17.068,133.956,151.024,0,B1649,parking_charging,Position,Pickup
10,96,Pickup,4,4,4,4,574,577,15:14,15:17,3,0,0.0,2,8.534,151.024,159.558,2,B1649,pickup_service,Pickup,Pickup
10,97,Stay,4,4,4,4,577,579,15:17,15:19,2,0,0.0,2,0.442,159.558,160.0,2,B1665,parking_charging,Position,Pickup
10,98,Pickup,4,4,4,4,579,582,15:19,15:22,3,0,0.0,2,0.0,160.0,160.0,4,B1665,pickup_service,Pickup,Pickup
10,99,Movement,4,2,4,2,582,588,15:22,15:28,6,6,16.13,0,0.0,160.0,143.87,4,B1649,passenger_flight,Position,Delivery
10,100,Delivery,2,2,2,2,588,591,15:28,15:31,3,0,0.0,2,8.534,143.87,152.404,2,B1649,delivery_service,Delivery,Delivery
10,101,Delivery,2,2,2,2,591,594,15:31,15:34,3,0,0.0,2,7.596,152.404,160.0,0,B1665,delivery_service,Delivery,Delivery
10,102,Movement,2,3,2,3,594,597,15:34,15:37,3,3,4.08,0,0.0,160.0,155.92,0,B1741,empty_repositioning,Position,Pickup
10,103,Pickup,3,3,3,3,597,600,15:37,15:40,3,0,0.0,2,4.08,155.92,160.0,1,B1741,pickup_service,Pickup,Pickup
10,104,Stay,3,3,3,3,600,607,15:40,15:47,7,0,0.0,7,0.0,160.0,160.0,1,B1741,parking_charging,Position,Movement
10,105,Movement,3,5,3,5,607,615,15:47,15:55,8,8,23.93,0,0.0,160.0,136.07,1,B1741,passenger_flight,Position,Delivery
10,106,Delivery,5,5,5,5,615,618,15:55,15:58,3,0,0.0,2,8.534,136.07,144.604,0,B1741,delivery_service,Delivery,Delivery
10,107,Pickup,5,5,5,5,618,621,15:58,16:01,3,0,0.0,2,8.534,144.604,153.138,1,B1823,pickup_service,Pickup,Pickup
10,108,Stay,5,5,5,5,621,626,16:01,16:06,5,0,0.0,5,6.862,153.138,160.0,1,B1823,parking_charging,Position,Movement
10,109,Movement,5,2,5,2,626,634,16:06,16:14,8,8,27.57,0,0.0,160.0,132.43,1,B1823,passenger_flight,Position,Delivery
10,110,Delivery,2,2,2,2,634,637,16:14,16:17,3,0,0.0,2,8.534,132.43,140.964,0,B1823,delivery_service,Delivery,Delivery
10,111,Stay,2,2,2,2,637,638,16:17,16:18,1,0,0.0,1,4.267,140.964,145.231,0,B1971,parking_charging,Position,Pickup
10,112,Pickup,2,2,2,2,638,641,16:18,16:21,3,0,0.0,2,8.534,145.231,153.765,1,B1971,pickup_service,Pickup,Pickup
10,113,Stay,2,2,2,2,641,645,16:21,16:25,4,0,0.0,4,6.235,153.765,160.0,1,B1971,parking_charging,Position,Movement
10,114,Movement,2,5,2,5,645,653,16:25,16:33,8,8,27.57,0,0.0,160.0,132.43,1,B1971,passenger_flight,Position,Delivery
10,115,Delivery,5,5,5,5,653,656,16:33,16:36,3,0,0.0,2,8.534,132.43,140.964,0,B1971,delivery_service,Delivery,Delivery
10,116,Stay,5,5,5,5,656,659,16:36,16:39,3,0,0.0,3,12.801,140.964,153.765,0,B2101,parking_charging,Position,Pickup
10,117,Pickup,5,5,5,5,659,662,16:39,16:42,3,0,0.0,2,6.235,153.765,160.0,1,B2101,pickup_service,Pickup,Pickup
10,118,Stay,5,5,5,5,662,668,16:42,16:48,6,0,0.0,6,0.0,160.0,160.0,1,B2101,parking_charging,Position,Movement
10,119,Movement,5,3,5,3,668,676,16:48,16:56,8,8,23.93,0,0.0,160.0,136.07,1,B2101,passenger_flight,Position,Delivery
10,120,Delivery,3,3,3,3,676,679,16:56,16:59,3,0,0.0,2,8.534,136.07,144.604,0,B2101,delivery_service,Delivery,Delivery
10,121,Stay,3,3,3,3,679,682,16:59,17:02,3,0,0.0,3,12.801,144.604,157.405,0,B2284,parking_charging,Position,Pickup
10,122,Pickup,3,3,3,3,682,685,17:02,17:05,3,0,0.0,2,2.595,157.405,160.0,3,B2284,pickup_service,Pickup,Pickup
10,123,Movement,3,1,3,1,685,691,17:05,17:11,6,6,9.61,0,0.0,160.0,150.39,3,B2284,passenger_flight,Position,Delivery
10,124,Delivery,1,1,1,1,691,694,17:11,17:14,3,0,0.0,2,8.534,150.39,158.924,0,B2284,delivery_service,Delivery,Delivery
10,125,Pickup,1,1,1,1,694,697,17:14,17:17,3,0,0.0,2,1.076,158.924,160.0,2,B2353,pickup_service,Pickup,Pickup
10,126,Movement,1,3,1,3,697,703,17:17,17:23,6,6,9.61,0,0.0,160.0,150.39,2,B2353,passenger_flight,Position,Delivery
10,127,Delivery,3,3,3,3,703,706,17:23,17:26,3,0,0.0,2,8.534,150.39,158.924,0,B2353,delivery_service,Delivery,Delivery
10,128,Pickup,3,3,3,3,706,709,17:26,17:29,3,0,0.0,2,1.076,158.924,160.0,3,B2547,pickup_service,Pickup,Pickup
10,129,Movement,3,4,3,4,709,716,17:29,17:36,7,7,12.6,0,0.0,160.0,147.4,3,B2547,passenger_flight,Position,Delivery
10,130,Delivery,4,4,4,4,716,719,17:36,17:39,3,0,0.0,2,8.534,147.4,155.934,0,B2547,delivery_service,Delivery,Delivery
10,131,Stay,4,4,4,4,719,720,17:39,17:40,1,0,0.0,1,4.066,155.934,160.0,0,B2706,parking_charging,Position,Pickup
10,132,Pickup,4,4,4,4,720,723,17:40,17:43,3,0,0.0,2,0.0,160.0,160.0,1,B2706,pickup_service,Pickup,Pickup
10,133,Pickup,4,4,4,4,723,726,17:43,17:46,3,0,0.0,2,0.0,160.0,160.0,4,B2715,pickup_service,Pickup,Pickup
10,134,Movement,4,2,4,2,726,732,17:46,17:52,6,6,16.13,0,0.0,160.0,143.87,4,B2706,passenger_flight,Position,Delivery
10,135,Delivery,2,2,2,2,732,735,17:52,17:55,3,0,0.0,2,8.534,143.87,152.404,3,B2706,delivery_service,Delivery,Delivery
10,136,Delivery,2,2,2,2,735,738,17:55,17:58,3,0,0.0,2,7.596,152.404,160.0,0,B2715,delivery_service,Delivery,Delivery
10,137,Pickup,2,2,2,2,738,741,17:58,18:01,3,0,0.0,2,0.0,160.0,160.0,1,B2883,pickup_service,Pickup,Pickup
10,138,Stay,2,2,2,2,741,747,18:01,18:07,6,0,0.0,6,0.0,160.0,160.0,1,B2883,parking_charging,Position,Movement
10,139,Movement,2,4,2,4,747,753,18:07,18:13,6,6,16.13,0,0.0,160.0,143.87,1,B2883,passenger_flight,Position,Delivery
10,140,Delivery,4,4,4,4,753,756,18:13,18:16,3,0,0.0,2,8.534,143.87,152.404,0,B2883,delivery_service,Delivery,Delivery
10,141,Pickup,4,4,4,4,756,759,18:16,18:19,3,0,0.0,2,7.596,152.404,160.0,2,B3015,pickup_service,Pickup,Pickup
10,142,Movement,4,2,4,2,759,765,18:19,18:25,6,6,16.13,0,0.0,160.0,143.87,2,B3015,passenger_flight,Position,Delivery
10,143,Delivery,2,2,2,2,765,768,18:25,18:28,3,0,0.0,2,8.534,143.87,152.404,0,B3015,delivery_service,Delivery,Delivery
10,144,Pickup,2,2,2,2,768,771,18:28,18:31,3,0,0.0,2,7.596,152.404,160.0,2,B3057,pickup_service,Pickup,Pickup
10,145,Movement,2,1,2,1,771,778,18:31,18:38,7,7,13.61,0,0.0,160.0,146.39,2,B3057,passenger_flight,Position,Delivery
10,146,Delivery,1,1,1,1,778,781,18:38,18:41,3,0,0.0,2,8.534,146.39,154.924,0,B3057,delivery_service,Delivery,Delivery
10,147,Pickup,1,1,1,1,781,784,18:41,18:44,3,0,0.0,2,5.076,154.924,160.0,1,B3177,pickup_service,Pickup,Pickup
10,148,Pickup,1,1,1,1,784,787,18:44,18:47,3,0,0.0,2,0.0,160.0,160.0,4,B3166,pickup_service,Pickup,Pickup
10,149,Movement,1,3,1,3,787,793,18:47,18:53,6,6,9.61,0,0.0,160.0,150.39,4,B3177,passenger_flight,Position,Delivery
10,150,Delivery,3,3,3,3,793,796,18:53,18:56,3,0,0.0,2,8.534,150.39,158.924,3,B3177,delivery_service,Delivery,Delivery
10,151,Delivery,3,3,3,3,796,799,18:56,18:59,3,0,0.0,2,1.076,158.924,160.0,0,B3166,delivery_service,Delivery,Delivery
10,152,Stay,3,3,3,3,799,801,18:59,19:01,2,0,0.0,2,0.0,160.0,160.0,0,B3307,parking_charging,Position,Movement
10,153,Movement,3,2,3,2,801,804,19:01,19:04,3,3,4.08,0,0.0,160.0,155.92,0,B3307,empty_repositioning,Position,Pickup
10,154,Pickup,2,2,2,2,804,807,19:04,19:07,3,0,0.0,2,4.08,155.92,160.0,1,B3307,pickup_service,Pickup,Pickup
10,155,Movement,2,5,2,5,807,815,19:07,19:15,8,8,27.57,0,0.0,160.0,132.43,1,B3307,passenger_flight,Position,Delivery
10,156,Delivery,5,5,5,5,815,818,19:15,19:18,3,0,0.0,2,8.534,132.43,140.964,0,B3307,delivery_service,Delivery,Delivery
10,157,Movement,5,1,5,1,818,826,19:18,19:26,8,8,14.88,0,0.0,140.964,126.084,0,,return_to_depot,Position,Depot
11,0,Stay,2,2,2,2,0,48,05:40,06:28,48,0,0.0,48,0.0,160.0,160.0,0,B21,parking_charging,Position,Pickup
11,1,Pickup,2,2,2,2,48,51,06:28,06:31,3,0,0.0,2,0.0,160.0,160.0,1,B21,pickup_service,Pickup,Pickup
11,2,Stay,2,2,2,2,51,54,06:31,06:34,3,0,0.0,3,0.0,160.0,160.0,1,B21,parking_charging,Position,Movement
11,3,Movement,2,9,2,9,54,68,06:34,06:48,14,14,50.24,0,0.0,160.0,109.76,1,B21,passenger_flight,Position,Delivery
11,4,Delivery,9,9,9,9,68,71,06:48,06:51,3,0,0.0,2,8.534,109.76,118.294,0,B21,delivery_service,Delivery,Delivery
11,5,Pickup,9,9,9,9,71,74,06:51,06:54,3,0,0.0,2,8.534,118.294,126.828,1,B37,pickup_service,Pickup,Pickup
11,6,Movement,9,10,9,10,74,93,06:54,07:13,19,19,69.89,0,0.0,126.828,56.938,1,B37,passenger_flight,Position,Delivery
11,7,Delivery,10,10,10,10,93,96,07:13,07:16,3,0,0.0,2,8.534,56.938,65.472,0,B37,delivery_service,Delivery,Delivery
11,8,Stay,10,10,10,10,96,126,07:16,07:46,30,0,0.0,30,94.528,65.472,160.0,0,B107,parking_charging,Position,Pickup
11,9,Pickup,10,10,10,10,126,129,07:46,07:49,3,0,0.0,2,0.0,160.0,160.0,1,B107,pickup_service,Pickup,Pickup
11,10,Movement,10,3,10,3,129,144,07:49,08:04,15,15,54.92,0,0.0,160.0,105.08,1,B107,passenger_flight,Position,Delivery
11,11,Delivery,3,3,3,3,144,147,08:04,08:07,3,0,0.0,2,8.534,105.08,113.614,0,B107,delivery_service,Delivery,Delivery
11,12,Stay,3,3,3,3,147,148,08:07,08:08,1,0,0.0,1,4.267,113.614,117.881,0,B157,parking_charging,Position,Pickup
11,13,Pickup,3,3,3,3,148,151,08:08,08:11,3,0,0.0,2,8.534,117.881,126.415,1,B157,pickup_service,Pickup,Pickup
11,14,Pickup,3,3,3,3,151,154,08:11,08:14,3,0,0.0,2,8.534,126.415,134.949,2,B150,pickup_service,Pickup,Pickup
11,15,Movement,3,1,3,1,154,160,08:14,08:20,6,6,9.61,0,0.0,134.949,125.339,2,B150,passenger_flight,Position,Delivery
11,16,Delivery,1,1,1,1,160,163,08:20,08:23,3,0,0.0,2,8.534,125.339,133.873,1,B150,delivery_service,Delivery,Delivery
11,17,Delivery,1,1,1,1,163,166,08:23,08:26,3,0,0.0,2,8.534,133.873,142.407,0,B157,delivery_service,Delivery,Delivery
11,18,Stay,1,1,1,1,166,172,08:26,08:32,6,0,0.0,6,17.593,142.407,160.0,0,B284,parking_charging,Position,Movement
11,19,Movement,1,6,1,6,172,179,08:32,08:39,7,7,23.39,0,0.0,160.0,136.61,0,B284,empty_repositioning,Position,Pickup
11,20,Pickup,6,6,6,6,179,182,08:39,08:42,3,0,0.0,2,8.534,136.61,145.144,1,B284,pickup_service,Pickup,Pickup
11,21,Stay,6,6,6,6,182,189,08:42,08:49,7,0,0.0,7,14.856,145.144,160.0,1,B284,parking_charging,Position,Movement
11,22,Movement,6,3,6,3,189,199,08:49,08:59,10,10,32.98,0,0.0,160.0,127.02,1,B284,passenger_flight,Position,Delivery
11,23,Delivery,3,3,3,3,199,202,08:59,09:02,3,0,0.0,2,8.534,127.02,135.554,0,B284,delivery_service,Delivery,Delivery
11,24,Pickup,3,3,3,3,202,205,09:02,09:05,3,0,0.0,2,8.534,135.554,144.088,2,B346,pickup_service,Pickup,Pickup
11,25,Movement,3,4,3,4,205,212,09:05,09:12,7,7,12.6,0,0.0,144.088,131.488,2,B346,passenger_flight,Position,Delivery
11,26,Delivery,4,4,4,4,212,215,09:12,09:15,3,0,0.0,2,8.534,131.488,140.022,0,B346,delivery_service,Delivery,Delivery
11,27,Stay,4,4,4,4,215,220,09:15,09:20,5,0,0.0,5,19.978,140.022,160.0,0,B416,parking_charging,Position,Movement
11,28,Movement,4,2,4,2,220,226,09:20,09:26,6,6,16.13,0,0.0,160.0,143.87,0,B416,empty_repositioning,Position,Pickup
11,29,Pickup,2,2,2,2,226,229,09:26,09:29,3,0,0.0,2,8.534,143.87,152.404,1,B416,pickup_service,Pickup,Pickup
11,30,Movement,2,4,2,4,229,235,09:29,09:35,6,6,16.13,0,0.0,152.404,136.274,1,B416,passenger_flight,Position,Delivery
11,31,Delivery,4,4,4,4,235,238,09:35,09:38,3,0,0.0,2,8.534,136.274,144.808,0,B416,delivery_service,Delivery,Delivery
11,32,Stay,4,4,4,4,238,270,09:38,10:10,32,0,0.0,32,15.192,144.808,160.0,0,B554,parking_charging,Position,Pickup
11,33,Pickup,4,4,4,4,270,273,10:10,10:13,3,0,0.0,2,0.0,160.0,160.0,1,B554,pickup_service,Pickup,Pickup
11,34,Pickup,4,4,4,4,273,276,10:13,10:16,3,0,0.0,2,0.0,160.0,160.0,2,B535,pickup_service,Pickup,Pickup
11,35,Movement,4,2,4,2,276,282,10:16,10:22,6,6,16.13,0,0.0,160.0,143.87,2,B535,passenger_flight,Position,Delivery
11,36,Delivery,2,2,2,2,282,285,10:22,10:25,3,0,0.0,2,8.534,143.87,152.404,1,B535,delivery_service,Delivery,Delivery
11,37,Delivery,2,2,2,2,285,288,10:25,10:28,3,0,0.0,2,7.596,152.404,160.0,0,B554,delivery_service,Delivery,Delivery
11,38,Stay,2,2,2,2,288,300,10:28,10:40,12,0,0.0,12,0.0,160.0,160.0,0,B755,parking_charging,Position,Movement
11,39,Movement,2,5,2,5,300,308,10:40,10:48,8,8,27.57,0,0.0,160.0,132.43,0,B755,empty_repositioning,Position,Pickup
11,40,Pickup,5,5,5,5,308,311,10:48,10:51,3,0,0.0,2,8.534,132.43,140.964,1,B755,pickup_service,Pickup,Pickup
11,41,Movement,5,2,5,2,311,319,10:51,10:59,8,8,27.57,0,0.0,140.964,113.394,1,B755,passenger_flight,Position,Delivery
11,42,Delivery,2,2,2,2,319,322,10:59,11:02,3,0,0.0,2,8.534,113.394,121.928,0,B755,delivery_service,Delivery,Delivery
11,43,Movement,2,4,2,4,322,328,11:02,11:08,6,6,16.13,0,0.0,121.928,105.798,0,B846,empty_repositioning,Position,Pickup
11,44,Pickup,4,4,4,4,328,331,11:08,11:11,3,0,0.0,2,8.534,105.798,114.332,2,B846,pickup_service,Pickup,Pickup
11,45,Movement,4,2,4,2,331,337,11:11,11:17,6,6,16.13,0,0.0,114.332,98.202,2,B846,passenger_flight,Position,Delivery
11,46,Delivery,2,2,2,2,337,340,11:17,11:20,3,0,0.0,2,8.534,98.202,106.736,0,B846,delivery_service,Delivery,Delivery
11,47,Stay,2,2,2,2,340,349,11:20,11:29,9,0,0.0,9,38.403,106.736,145.139,0,B963,parking_charging,Position,Pickup
11,48,Pickup,2,2,2,2,349,352,11:29,11:32,3,0,0.0,2,8.534,145.139,153.673,1,B963,pickup_service,Pickup,Pickup
11,49,Pickup,2,2,2,2,352,355,11:32,11:35,3,0,0.0,2,6.327,153.673,160.0,3,B947,pickup_service,Pickup,Pickup
11,50,Movement,2,5,2,5,355,363,11:35,11:43,8,8,27.57,0,0.0,160.0,132.43,3,B947,passenger_flight,Position,Delivery
11,51,Delivery,5,5,5,5,363,366,11:43,11:46,3,0,0.0,2,8.534,132.43,140.964,1,B947,delivery_service,Delivery,Delivery
11,52,Stay,5,5,5,5,366,369,11:46,11:49,3,0,0.0,3,12.801,140.964,153.765,1,B963,parking_charging,Position,Delivery
11,53,Delivery,5,5,5,5,369,372,11:49,11:52,3,0,0.0,2,6.235,153.765,160.0,0,B963,delivery_service,Delivery,Delivery
11,54,Stay,5,5,5,5,372,424,11:52,12:44,52,0,0.0,52,0.0,160.0,160.0,0,B1179,parking_charging,Position,Pickup
11,55,Pickup,5,5,5,5,424,427,12:44,12:47,3,0,0.0,2,0.0,160.0,160.0,1,B1179,pickup_service,Pickup,Pickup
11,56,Movement,5,10,5,10,427,437,12:47,12:57,10,10,33.52,0,0.0,160.0,126.48,1,B1179,passenger_flight,Position,Delivery
11,57,Delivery,10,10,10,10,437,440,12:57,13:00,3,0,0.0,2,8.534,126.48,135.014,0,B1179,delivery_service,Delivery,Delivery
11,58,Stay,10,10,10,10,440,442,13:00,13:02,2,0,0.0,2,8.534,135.014,143.548,0,B1219,parking_charging,Position,Pickup
11,59,Pickup,10,10,10,10,442,445,13:02,13:05,3,0,0.0,2,8.534,143.548,152.082,1,B1219,pickup_service,Pickup,Pickup
11,60,Stay,10,10,10,10,445,446,13:05,13:06,1,0,0.0,1,4.267,152.082,156.349,1,B1227,parking_charging,Position,Pickup
11,61,Pickup,10,10,10,10,446,449,13:06,13:09,3,0,0.0,2,3.651,156.349,160.0,2,B1227,pickup_service,Pickup,Pickup
11,62,Movement,10,5,10,5,449,459,13:09,13:19,10,10,33.52,0,0.0,160.0,126.48,2,B1227,passenger_flight,Position,Delivery
11,63,Delivery,5,5,5,5,459,462,13:19,13:22,3,0,0.0,2,8.534,126.48,135.014,1,B1227,delivery_service,Delivery,Delivery
11,64,Movement,5,3,5,3,462,470,13:22,13:30,8,8,23.93,0,0.0,135.014,111.084,1,B1219,passenger_flight,Position,Delivery
11,65,Delivery,3,3,3,3,470,473,13:30,13:33,3,0,0.0,2,8.534,111.084,119.618,0,B1219,delivery_service,Delivery,Delivery
11,66,Stay,3,3,3,3,473,476,13:33,13:36,3,0,0.0,3,12.801,119.618,132.419,0,B1283,parking_charging,Position,Pickup
11,67,Pickup,3,3,3,3,476,479,13:36,13:39,3,0,0.0,2,8.534,132.419,140.953,1,B1283,pickup_service,Pickup,Pickup
11,68,Movement,3,10,3,10,479,494,13:39,13:54,15,15,54.92,0,0.0,140.953,86.033,1,B1283,passenger_flight,Position,Delivery
11,69,Delivery,10,10,10,10,494,497,13:54,13:57,3,0,0.0,2,8.534,86.033,94.567,0,B1283,delivery_service,Delivery,Delivery
11,70,Pickup,10,10,10,10,497,500,13:57,14:00,3,0,0.0,2,8.534,94.567,103.101,1,B1332,pickup_service,Pickup,Pickup
11,71,Stay,10,10,10,10,500,510,14:00,14:10,10,0,0.0,10,42.67,103.101,145.771,1,B1332,parking_charging,Position,Movement
11,72,Movement,10,3,10,3,510,525,14:10,14:25,15,15,54.92,0,0.0,145.771,90.851,1,B1332,passenger_flight,Position,Delivery
11,73,Delivery,3,3,3,3,525,528,14:25,14:28,3,0,0.0,2,8.534,90.851,99.385,0,B1332,delivery_service,Delivery,Delivery
11,74,Stay,3,3,3,3,528,550,14:28,14:50,22,0,0.0,22,60.615,99.385,160.0,0,B1548,parking_charging,Position,Pickup
11,75,Pickup,3,3,3,3,550,553,14:50,14:53,3,0,0.0,2,0.0,160.0,160.0,1,B1548,pickup_service,Pickup,Pickup
11,76,Stay,3,3,3,3,553,558,14:53,14:58,5,0,0.0,5,0.0,160.0,160.0,1,B1581,parking_charging,Position,Pickup
11,77,Pickup,3,3,3,3,558,561,14:58,15:01,3,0,0.0,2,0.0,160.0,160.0,4,B1581,pickup_service,Pickup,Pickup
11,78,Movement,3,5,3,5,561,569,15:01,15:09,8,8,23.93,0,0.0,160.0,136.07,4,B1548,passenger_flight,Position,Delivery
11,79,Delivery,5,5,5,5,569,572,15:09,15:12,3,0,0.0,2,8.534,136.07,144.604,3,B1548,delivery_service,Delivery,Delivery
11,80,Delivery,5,5,5,5,572,575,15:12,15:15,3,0,0.0,2,8.534,144.604,153.138,0,B1581,delivery_service,Delivery,Delivery
11,81,Pickup,5,5,5,5,575,578,15:15,15:18,3,0,0.0,2,6.862,153.138,160.0,1,B1654,pickup_service,Pickup,Pickup
11,82,Pickup,5,5,5,5,578,581,15:18,15:21,3,0,0.0,2,0.0,160.0,160.0,2,B1646,pickup_service,Pickup,Pickup
11,83,Movement,5,2,5,2,581,589,15:21,15:29,8,8,27.57,0,0.0,160.0,132.43,2,B1654,passenger_flight,Position,Delivery
11,84,Delivery,2,2,2,2,589,592,15:29,15:32,3,0,0.0,2,8.534,132.43,140.964,1,B1654,delivery_service,Delivery,Delivery
11,85,Delivery,2,2,2,2,592,595,15:32,15:35,3,0,0.0,2,8.534,140.964,149.498,0,B1646,delivery_service,Delivery,Delivery
11,86,Pickup,2,2,2,2,595,598,15:35,15:38,3,0,0.0,2,8.534,149.498,158.032,1,B1734,pickup_service,Pickup,Pickup
11,87,Stay,2,2,2,2,598,605,15:38,15:45,7,0,0.0,7,1.968,158.032,160.0,1,B1734,parking_charging,Position,Movement
11,88,Movement,2,5,2,5,605,613,15:45,15:53,8,8,27.57,0,0.0,160.0,132.43,1,B1734,passenger_flight,Position,Delivery
11,89,Delivery,5,5,5,5,613,616,15:53,15:56,3,0,0.0,2,8.534,132.43,140.964,0,B1734,delivery_service,Delivery,Delivery
11,90,Stay,5,5,5,5,616,620,15:56,16:00,4,0,0.0,4,17.068,140.964,158.032,0,B1864,parking_charging,Position,Movement
11,91,Movement,5,1,5,1,620,628,16:00,16:08,8,8,14.88,0,0.0,158.032,143.152,0,B1864,empty_repositioning,Position,Pickup
11,92,Pickup,1,1,1,1,628,631,16:08,16:11,3,0,0.0,2,8.534,143.152,151.686,1,B1864,pickup_service,Pickup,Pickup
11,93,Movement,1,5,1,5,631,639,16:11,16:19,8,8,14.88,0,0.0,151.686,136.806,1,B1864,passenger_flight,Position,Delivery
11,94,Delivery,5,5,5,5,639,642,16:19,16:22,3,0,0.0,2,8.534,136.806,145.34,0,B1864,delivery_service,Delivery,Delivery
11,95,Stay,5,5,5,5,642,660,16:22,16:40,18,0,0.0,18,14.66,145.34,160.0,0,B2160,parking_charging,Position,Movement
11,96,Movement,5,1,5,1,660,668,16:40,16:48,8,8,14.88,0,0.0,160.0,145.12,0,B2160,empty_repositioning,Position,Pickup
11,97,Pickup,1,1,1,1,668,671,16:48,16:51,3,0,0.0,2,8.534,145.12,153.654,1,B2160,pickup_service,Pickup,Pickup
11,98,Movement,1,5,1,5,671,679,16:51,16:59,8,8,14.88,0,0.0,153.654,138.774,1,B2160,passenger_flight,Position,Delivery
11,99,Delivery,5,5,5,5,679,682,16:59,17:02,3,0,0.0,2,8.534,138.774,147.308,0,B2160,delivery_service,Delivery,Delivery
11,100,Movement,5,1,5,1,682,690,17:02,17:10,8,8,14.88,0,0.0,147.308,132.428,0,B2282,empty_repositioning,Position,Pickup
11,101,Pickup,1,1,1,1,690,693,17:10,17:13,3,0,0.0,2,8.534,132.428,140.962,1,B2282,pickup_service,Pickup,Pickup
11,102,Movement,1,5,1,5,693,701,17:13,17:21,8,8,14.88,0,0.0,140.962,126.082,1,B2282,passenger_flight,Position,Delivery
11,103,Delivery,5,5,5,5,701,704,17:21,17:24,3,0,0.0,2,8.534,126.082,134.616,0,B2282,delivery_service,Delivery,Delivery
11,104,Pickup,5,5,5,5,704,707,17:24,17:27,3,0,0.0,2,8.534,134.616,143.15,1,B2488,pickup_service,Pickup,Pickup
11,105,Stay,5,5,5,5,707,708,17:27,17:28,1,0,0.0,1,4.267,143.15,147.417,1,B2570,parking_charging,Position,Pickup
11,106,Pickup,5,5,5,5,708,711,17:28,17:31,3,0,0.0,2,8.534,147.417,155.951,2,B2570,pickup_service,Pickup,Pickup
11,107,Movement,5,3,5,3,711,719,17:31,17:39,8,8,23.93,0,0.0,155.951,132.021,2,B2488,passenger_flight,Position,Delivery
11,108,Delivery,3,3,3,3,719,722,17:39,17:42,3,0,0.0,2,8.534,132.021,140.555,1,B2488,delivery_service,Delivery,Delivery
11,109,Stay,3,3,3,3,722,725,17:42,17:45,3,0,0.0,3,12.801,140.555,153.356,1,B2570,parking_charging,Position,Delivery
11,110,Delivery,3,3,3,3,725,728,17:45,17:48,3,0,0.0,2,6.644,153.356,160.0,0,B2570,delivery_service,Delivery,Delivery
11,111,Pickup,3,3,3,3,728,731,17:48,17:51,3,0,0.0,2,0.0,160.0,160.0,4,B2756,pickup_service,Pickup,Pickup
11,112,Movement,3,5,3,5,731,739,17:51,17:59,8,8,23.93,0,0.0,160.0,136.07,4,B2756,passenger_flight,Position,Delivery
11,113,Delivery,5,5,5,5,739,742,17:59,18:02,3,0,0.0,2,8.534,136.07,144.604,0,B2756,delivery_service,Delivery,Delivery
11,114,Stay,5,5,5,5,742,767,18:02,18:27,25,0,0.0,25,15.396,144.604,160.0,0,B3144,parking_charging,Position,Movement
11,115,Movement,5,1,5,1,767,775,18:27,18:35,8,8,14.88,0,0.0,160.0,145.12,0,B3144,empty_repositioning,Position,Pickup
11,116,Pickup,1,1,1,1,775,778,18:35,18:38,3,0,0.0,2,8.534,145.12,153.654,1,B3144,pickup_service,Pickup,Pickup
11,117,Movement,1,5,1,5,778,786,18:38,18:46,8,8,14.88,0,0.0,153.654,138.774,1,B3144,passenger_flight,Position,Delivery
11,118,Delivery,5,5,5,5,786,789,18:46,18:49,3,0,0.0,2,8.534,138.774,147.308,0,B3144,delivery_service,Delivery,Delivery
11,119,Movement,5,4,5,4,789,795,18:49,18:55,6,6,11.45,0,0.0,147.308,135.858,0,B3233,empty_repositioning,Position,Pickup
11,120,Pickup,4,4,4,4,795,798,18:55,18:58,3,0,0.0,2,8.534,135.858,144.392,1,B3233,pickup_service,Pickup,Pickup
11,121,Movement,4,7,4,7,798,805,18:58,19:05,7,7,21.43,0,0.0,144.392,122.962,1,B3233,passenger_flight,Position,Delivery
11,122,Delivery,7,7,7,7,805,808,19:05,19:08,3,0,0.0,2,8.534,122.962,131.496,0,B3233,delivery_service,Delivery,Delivery
11,123,Movement,7,2,7,2,808,814,19:08,19:14,6,6,10.2,0,0.0,131.496,121.296,0,,return_to_depot,Position,Depot
12,0,Stay,3,3,3,3,0,60,05:40,06:40,60,0,0.0,60,0.0,160.0,160.0,0,B31,parking_charging,Position,Pickup
12,1,Pickup,3,3,3,3,60,63,06:40,06:43,3,0,0.0,2,0.0,160.0,160.0,1,B31,pickup_service,Pickup,Pickup
12,2,Movement,3,10,3,10,63,78,06:43,06:58,15,15,54.92,0,0.0,160.0,105.08,1,B31,passenger_flight,Position,Delivery
12,3,Delivery,10,10,10,10,78,81,06:58,07:01,3,0,0.0,2,8.534,105.08,113.614,0,B31,delivery_service,Delivery,Delivery
12,4,Stay,10,10,10,10,81,86,07:01,07:06,5,0,0.0,5,21.335,113.614,134.949,0,B56,parking_charging,Position,Pickup
12,5,Pickup,10,10,10,10,86,89,07:06,07:09,3,0,0.0,2,8.534,134.949,143.483,1,B56,pickup_service,Pickup,Pickup
12,6,Movement,10,3,10,3,89,104,07:09,07:24,15,15,54.92,0,0.0,143.483,88.563,1,B56,passenger_flight,Position,Delivery
12,7,Delivery,3,3,3,3,104,107,07:24,07:27,3,0,0.0,2,8.534,88.563,97.097,0,B56,delivery_service,Delivery,Delivery
12,8,Pickup,3,3,3,3,107,110,07:27,07:30,3,0,0.0,2,8.534,97.097,105.631,1,B78,pickup_service,Pickup,Pickup
12,9,Movement,3,9,3,9,110,125,07:30,07:45,15,15,52.78,0,0.0,105.631,52.851,1,B78,passenger_flight,Position,Delivery
12,10,Delivery,9,9,9,9,125,128,07:45,07:48,3,0,0.0,2,8.534,52.851,61.385,0,B78,delivery_service,Delivery,Delivery
12,11,Stay,9,9,9,9,128,182,07:48,08:42,54,0,0.0,54,98.615,61.385,160.0,0,B310,parking_charging,Position,Movement
12,12,Movement,9,8,9,8,182,188,08:42,08:48,6,6,18.04,0,0.0,160.0,141.96,0,B310,empty_repositioning,Position,Pickup
12,13,Pickup,8,8,8,8,188,191,08:48,08:51,3,0,0.0,2,8.534,141.96,150.494,1,B310,pickup_service,Pickup,Pickup
12,14,Pickup,8,8,8,8,191,194,08:51,08:54,3,0,0.0,2,8.534,150.494,159.028,2,B319,pickup_service,Pickup,Pickup
12,15,Movement,8,2,8,2,194,204,08:54,09:04,10,10,32.38,0,0.0,159.028,126.648,2,B310,passenger_flight,Position,Delivery
12,16,Delivery,2,2,2,2,204,207,09:04,09:07,3,0,0.0,2,8.534,126.648,135.182,1,B310,delivery_service,Delivery,Delivery
12,17,Movement,2,4,2,4,207,213,09:07,09:13,6,6,16.13,0,0.0,135.182,119.052,1,B319,passenger_flight,Position,Delivery
12,18,Delivery,4,4,4,4,213,216,09:13,09:16,3,0,0.0,2,8.534,119.052,127.586,0,B319,delivery_service,Delivery,Delivery
12,19,Stay,4,4,4,4,216,225,09:16,09:25,9,0,0.0,9,32.414,127.586,160.0,0,B413,parking_charging,Position,Pickup
12,20,Pickup,4,4,4,4,225,228,09:25,09:28,3,0,0.0,2,0.0,160.0,160.0,1,B413,pickup_service,Pickup,Pickup
12,21,Movement,4,7,4,7,228,235,09:28,09:35,7,7,21.43,0,0.0,160.0,138.57,1,B413,passenger_flight,Position,Delivery
12,22,Delivery,7,7,7,7,235,238,09:35,09:38,3,0,0.0,2,8.534,138.57,147.104,0,B413,delivery_service,Delivery,Delivery
12,23,Stay,7,7,7,7,238,248,09:38,09:48,10,0,0.0,10,12.896,147.104,160.0,0,B468,parking_charging,Position,Pickup
12,24,Pickup,7,7,7,7,248,251,09:48,09:51,3,0,0.0,2,0.0,160.0,160.0,1,B468,pickup_service,Pickup,Pickup
12,25,Movement,7,1,7,1,251,258,09:51,09:58,7,7,21.03,0,0.0,160.0,138.97,1,B468,passenger_flight,Position,Delivery
12,26,Delivery,1,1,1,1,258,261,09:58,10:01,3,0,0.0,2,8.534,138.97,147.504,0,B468,delivery_service,Delivery,Delivery
12,27,Movement,1,6,1,6,261,268,10:01,10:08,7,7,23.39,0,0.0,147.504,124.114,0,B537,empty_repositioning,Position,Pickup
12,28,Pickup,6,6,6,6,268,271,10:08,10:11,3,0,0.0,2,8.534,124.114,132.648,1,B537,pickup_service,Pickup,Pickup
12,29,Stay,6,6,6,6,271,273,10:11,10:13,2,0,0.0,2,8.534,132.648,141.182,1,B580,parking_charging,Position,Pickup
12,30,Pickup,6,6,6,6,273,276,10:13,10:16,3,0,0.0,2,8.534,141.182,149.716,2,B580,pickup_service,Pickup,Pickup
12,31,Movement,6,1,6,1,276,283,10:16,10:23,7,7,23.39,0,0.0,149.716,126.326,2,B537,passenger_flight,Position,Delivery
12,32,Delivery,1,1,1,1,283,286,10:23,10:26,3,0,0.0,2,8.534,126.326,134.86,1,B537,delivery_service,Delivery,Delivery
12,33,Delivery,1,1,1,1,286,289,10:26,10:29,3,0,0.0,2,8.534,134.86,143.394,0,B580,delivery_service,Delivery,Delivery
12,34,Pickup,1,1,1,1,289,292,10:29,10:32,3,0,0.0,2,8.534,143.394,151.928,1,B644,pickup_service,Pickup,Pickup
12,35,Stay,1,1,1,1,292,293,10:32,10:33,1,0,0.0,1,4.267,151.928,156.195,1,B681,parking_charging,Position,Pickup
12,36,Pickup,1,1,1,1,293,296,10:33,10:36,3,0,0.0,2,3.805,156.195,160.0,2,B681,pickup_service,Pickup,Pickup
12,37,Movement,1,10,1,10,296,309,10:36,10:49,13,13,47.44,0,0.0,160.0,112.56,2,B644,passenger_flight,Position,Delivery
12,38,Delivery,10,10,10,10,309,312,10:49,10:52,3,0,0.0,2,8.534,112.56,121.094,1,B644,delivery_service,Delivery,Delivery
12,39,Delivery,10,10,10,10,312,315,10:52,10:55,3,0,0.0,2,8.534,121.094,129.628,0,B681,delivery_service,Delivery,Delivery
12,40,Pickup,10,10,10,10,315,318,10:55,10:58,3,0,0.0,2,8.534,129.628,138.162,1,B779,pickup_service,Pickup,Pickup
12,41,Movement,10,6,10,6,318,329,10:58,11:09,11,11,35.74,0,0.0,138.162,102.422,1,B779,passenger_flight,Position,Delivery
12,42,Delivery,6,6,6,6,329,332,11:09,11:12,3,0,0.0,2,8.534,102.422,110.956,0,B779,delivery_service,Delivery,Delivery
12,43,Stay,6,6,6,6,332,341,11:12,11:21,9,0,0.0,9,38.403,110.956,149.359,0,B927,parking_charging,Position,Pickup
12,44,Pickup,6,6,6,6,341,344,11:21,11:24,3,0,0.0,2,8.534,149.359,157.893,1,B927,pickup_service,Pickup,Pickup
12,45,Movement,6,3,6,3,344,354,11:24,11:34,10,10,32.98,0,0.0,157.893,124.913,1,B927,passenger_flight,Position,Delivery
12,46,Delivery,3,3,3,3,354,357,11:34,11:37,3,0,0.0,2,8.534,124.913,133.447,0,B927,delivery_service,Delivery,Delivery
12,47,Stay,3,3,3,3,357,366,11:37,11:46,9,0,0.0,9,26.553,133.447,160.0,0,B1024,parking_charging,Position,Pickup
12,48,Pickup,3,3,3,3,366,369,11:46,11:49,3,0,0.0,2,0.0,160.0,160.0,1,B1024,pickup_service,Pickup,Pickup
12,49,Movement,3,4,3,4,369,376,11:49,11:56,7,7,12.6,0,0.0,160.0,147.4,1,B1034,passenger_flight,Position,Pickup
12,50,Pickup,4,4,4,4,376,379,11:56,11:59,3,0,0.0,2,8.534,147.4,155.934,2,B1034,pickup_service,Pickup,Pickup
12,51,Delivery,4,4,4,4,379,382,11:59,12:02,3,0,0.0,2,4.066,155.934,160.0,1,B1024,delivery_service,Delivery,Delivery
12,52,Movement,4,9,4,9,382,397,12:02,12:17,15,15,55.47,0,0.0,160.0,104.53,1,B1034,passenger_flight,Position,Delivery
12,53,Delivery,9,9,9,9,397,400,12:17,12:20,3,0,0.0,2,8.534,104.53,113.064,0,B1034,delivery_service,Delivery,Delivery
12,54,Stay,9,9,9,9,400,408,12:20,12:28,8,0,0.0,8,34.136,113.064,147.2,0,B1137,parking_charging,Position,Pickup
12,55,Pickup,9,9,9,9,408,411,12:28,12:31,3,0,0.0,2,8.534,147.2,155.734,1,B1137,pickup_service,Pickup,Pickup
12,56,Stay,9,9,9,9,411,414,12:31,12:34,3,0,0.0,3,4.266,155.734,160.0,1,B1152,parking_charging,Position,Pickup
12,57,Pickup,9,9,9,9,414,417,12:34,12:37,3,0,0.0,2,0.0,160.0,160.0,2,B1152,pickup_service,Pickup,Pickup
12,58,Movement,9,4,9,4,417,432,12:37,12:52,15,15,55.47,0,0.0,160.0,104.53,2,B1137,passenger_flight,Position,Delivery
12,59,Delivery,4,4,4,4,432,435,12:52,12:55,3,0,0.0,2,8.534,104.53,113.064,1,B1137,delivery_service,Delivery,Delivery
12,60,Delivery,4,4,4,4,435,438,12:55,12:58,3,0,0.0,2,8.534,113.064,121.598,0,B1152,delivery_service,Delivery,Delivery
12,61,Stay,4,4,4,4,438,448,12:58,13:08,10,0,0.0,10,38.402,121.598,160.0,0,B1231,parking_charging,Position,Pickup
12,62,Pickup,4,4,4,4,448,451,13:08,13:11,3,0,0.0,2,0.0,160.0,160.0,1,B1231,pickup_service,Pickup,Pickup
12,63,Movement,4,7,4,7,451,458,13:11,13:18,7,7,21.43,0,0.0,160.0,138.57,1,B1231,passenger_flight,Position,Delivery
12,64,Delivery,7,7,7,7,458,461,13:18,13:21,3,0,0.0,2,8.534,138.57,147.104,0,B1231,delivery_service,Delivery,Delivery
12,65,Stay,7,7,7,7,461,462,13:21,13:22,1,0,0.0,1,4.267,147.104,151.371,0,B1253,parking_charging,Position,Pickup
12,66,Pickup,7,7,7,7,462,465,13:22,13:25,3,0,0.0,2,8.534,151.371,159.905,1,B1253,pickup_service,Pickup,Pickup
12,67,Pickup,7,7,7,7,465,468,13:25,13:28,3,0,0.0,2,0.095,159.905,160.0,3,B1252,pickup_service,Pickup,Pickup
12,68,Movement,7,4,7,4,468,475,13:28,13:35,7,7,21.43,0,0.0,160.0,138.57,3,B1252,passenger_flight,Position,Delivery
12,69,Delivery,4,4,4,4,475,478,13:35,13:38,3,0,0.0,2,8.534,138.57,147.104,1,B1252,delivery_service,Delivery,Delivery
12,70,Delivery,4,4,4,4,478,481,13:38,13:41,3,0,0.0,2,8.534,147.104,155.638,0,B1253,delivery_service,Delivery,Delivery
12,71,Stay,4,4,4,4,481,482,13:41,13:42,1,0,0.0,1,4.267,155.638,159.905,0,B1290,parking_charging,Position,Pickup
12,72,Pickup,4,4,4,4,482,485,13:42,13:45,3,0,0.0,2,0.095,159.905,160.0,1,B1290,pickup_service,Pickup,Pickup
12,73,Movement,4,7,4,7,485,492,13:45,13:52,7,7,21.43,0,0.0,160.0,138.57,1,B1290,passenger_flight,Position,Delivery
12,74,Delivery,7,7,7,7,492,495,13:52,13:55,3,0,0.0,2,8.534,138.57,147.104,0,B1290,delivery_service,Delivery,Delivery
12,75,Stay,7,7,7,7,495,501,13:55,14:01,6,0,0.0,6,12.896,147.104,160.0,0,B1341,parking_charging,Position,Pickup
12,76,Pickup,7,7,7,7,501,504,14:01,14:04,3,0,0.0,2,0.0,160.0,160.0,2,B1341,pickup_service,Pickup,Pickup
12,77,Movement,7,4,7,4,504,511,14:04,14:11,7,7,21.43,0,0.0,160.0,138.57,2,B1381,passenger_flight,Position,Pickup
12,78,Pickup,4,4,4,4,511,514,14:11,14:14,3,0,0.0,2,8.534,138.57,147.104,3,B1381,pickup_service,Pickup,Pickup
12,79,Delivery,4,4,4,4,514,517,14:14,14:17,3,0,0.0,2,8.534,147.104,155.638,1,B1341,delivery_service,Delivery,Delivery
12,80,Movement,4,2,4,2,517,523,14:17,14:23,6,6,16.13,0,0.0,155.638,139.508,1,B1381,passenger_flight,Position,Delivery
12,81,Delivery,2,2,2,2,523,526,14:23,14:26,3,0,0.0,2,8.534,139.508,148.042,0,B1381,delivery_service,Delivery,Delivery
12,82,Stay,2,2,2,2,526,545,14:26,14:45,19,0,0.0,19,11.958,148.042,160.0,0,B1529,parking_charging,Position,Pickup
12,83,Pickup,2,2,2,2,545,548,14:45,14:48,3,0,0.0,2,0.0,160.0,160.0,2,B1529,pickup_service,Pickup,Pickup
12,84,Stay,2,2,2,2,548,552,14:48,14:52,4,0,0.0,4,0.0,160.0,160.0,2,B1553,parking_charging,Position,Pickup
12,85,Pickup,2,2,2,2,552,555,14:52,14:55,3,0,0.0,2,0.0,160.0,160.0,3,B1553,pickup_service,Pickup,Pickup
12,86,Movement,2,5,2,5,555,563,14:55,15:03,8,8,27.57,0,0.0,160.0,132.43,3,B1529,passenger_flight,Position,Delivery
12,87,Delivery,5,5,5,5,563,566,15:03,15:06,3,0,0.0,2,8.534,132.43,140.964,1,B1529,delivery_service,Delivery,Delivery
12,88,Delivery,5,5,5,5,566,569,15:06,15:09,3,0,0.0,2,8.534,140.964,149.498,0,B1553,delivery_service,Delivery,Delivery
12,89,Stay,5,5,5,5,569,591,15:09,15:31,22,0,0.0,22,10.502,149.498,160.0,0,B1712,parking_charging,Position,Pickup
12,90,Pickup,5,5,5,5,591,594,15:31,15:34,3,0,0.0,2,0.0,160.0,160.0,1,B1712,pickup_service,Pickup,Pickup
12,91,Stay,5,5,5,5,594,601,15:34,15:41,7,0,0.0,7,0.0,160.0,160.0,1,B1712,parking_charging,Position,Movement
12,92,Movement,5,9,5,9,601,618,15:41,15:58,17,17,62.04,0,0.0,160.0,97.96,1,B1712,passenger_flight,Position,Delivery
12,93,Delivery,9,9,9,9,618,621,15:58,16:01,3,0,0.0,2,8.534,97.96,106.494,0,B1712,delivery_service,Delivery,Delivery
12,94,Pickup,9,9,9,9,621,624,16:01,16:04,3,0,0.0,2,8.534,106.494,115.028,1,B1844,pickup_service,Pickup,Pickup
12,95,Stay,9,9,9,9,624,627,16:04,16:07,3,0,0.0,3,12.801,115.028,127.829,1,B1895,parking_charging,Position,Pickup
12,96,Pickup,9,9,9,9,627,630,16:07,16:10,3,0,0.0,2,8.534,127.829,136.363,2,B1895,pickup_service,Pickup,Pickup
12,97,Pickup,9,9,9,9,630,633,16:10,16:13,3,0,0.0,2,8.534,136.363,144.897,4,B1873,pickup_service,Pickup,Pickup
12,98,Movement,9,4,9,4,633,648,16:13,16:28,15,15,55.47,0,0.0,144.897,89.427,4,B1844,passenger_flight,Position,Delivery
12,99,Delivery,4,4,4,4,648,651,16:28,16:31,3,0,0.0,2,8.534,89.427,97.961,3,B1844,delivery_service,Delivery,Delivery
12,100,Delivery,4,4,4,4,651,654,16:31,16:34,3,0,0.0,2,8.534,97.961,106.495,1,B1873,delivery_service,Delivery,Delivery
12,101,Delivery,4,4,4,4,654,657,16:34,16:37,3,0,0.0,2,8.534,106.495,115.029,0,B1895,delivery_service,Delivery,Delivery
12,102,Stay,4,4,4,4,657,664,16:37,16:44,7,0,0.0,7,29.869,115.029,144.898,0,B2189,parking_charging,Position,Movement
12,103,Movement,4,2,4,2,664,670,16:44,16:50,6,6,16.13,0,0.0,144.898,128.768,0,B2189,empty_repositioning,Position,Pickup
12,104,Pickup,2,2,2,2,670,673,16:50,16:53,3,0,0.0,2,8.534,128.768,137.302,1,B2189,pickup_service,Pickup,Pickup
12,105,Movement,2,4,2,4,673,679,16:53,16:59,6,6,16.13,0,0.0,137.302,121.172,1,B2189,passenger_flight,Position,Delivery
12,106,Delivery,4,4,4,4,679,682,16:59,17:02,3,0,0.0,2,8.534,121.172,129.706,0,B2189,delivery_service,Delivery,Delivery
12,107,Stay,4,4,4,4,682,684,17:02,17:04,2,0,0.0,2,8.534,129.706,138.24,0,B2308,parking_charging,Position,Pickup
12,108,Pickup,4,4,4,4,684,687,17:04,17:07,3,0,0.0,2,8.534,138.24,146.774,4,B2308,pickup_service,Pickup,Pickup
12,109,Movement,4,3,4,3,687,694,17:07,17:14,7,7,12.6,0,0.0,146.774,134.174,4,B2308,passenger_flight,Position,Delivery
12,110,Delivery,3,3,3,3,694,697,17:14,17:17,3,0,0.0,2,8.534,134.174,142.708,0,B2308,delivery_service,Delivery,Delivery
12,111,Pickup,3,3,3,3,697,700,17:17,17:20,3,0,0.0,2,8.534,142.708,151.242,1,B2365,pickup_service,Pickup,Pickup
12,112,Movement,3,1,3,1,700,706,17:20,17:26,6,6,9.61,0,0.0,151.242,141.632,1,B2365,passenger_flight,Position,Delivery
12,113,Delivery,1,1,1,1,706,709,17:26,17:29,3,0,0.0,2,8.534,141.632,150.166,0,B2365,delivery_service,Delivery,Delivery
12,114,Pickup,1,1,1,1,709,712,17:29,17:32,3,0,0.0,2,8.534,150.166,158.7,1,B2575,pickup_service,Pickup,Pickup
12,115,Pickup,1,1,1,1,712,715,17:32,17:35,3,0,0.0,2,1.3,158.7,160.0,3,B2591,pickup_service,Pickup,Pickup
12,116,Movement,1,7,1,7,715,722,17:35,17:42,7,7,21.03,0,0.0,160.0,138.97,3,B2575,passenger_flight,Position,Delivery
12,117,Delivery,7,7,7,7,722,725,17:42,17:45,3,0,0.0,2,8.534,138.97,147.504,2,B2575,delivery_service,Delivery,Delivery
12,118,Delivery,7,7,7,7,725,728,17:45,17:48,3,0,0.0,2,8.534,147.504,156.038,0,B2591,delivery_service,Delivery,Delivery
12,119,Pickup,7,7,7,7,728,731,17:48,17:51,3,0,0.0,2,3.962,156.038,160.0,2,B2748,pickup_service,Pickup,Pickup
12,120,Pickup,7,7,7,7,731,734,17:51,17:54,3,0,0.0,2,0.0,160.0,160.0,4,B2810,pickup_service,Pickup,Pickup
12,121,Movement,7,4,7,4,734,741,17:54,18:01,7,7,21.43,0,0.0,160.0,138.57,4,B2748,passenger_flight,Position,Delivery
12,122,Delivery,4,4,4,4,741,744,18:01,18:04,3,0,0.0,2,8.534,138.57,147.104,2,B2748,delivery_service,Delivery,Delivery
12,123,Delivery,4,4,4,4,744,747,18:04,18:07,3,0,0.0,2,8.534,147.104,155.638,0,B2810,delivery_service,Delivery,Delivery
12,124,Pickup,4,4,4,4,747,750,18:07,18:10,3,0,0.0,2,4.362,155.638,160.0,2,B2950,pickup_service,Pickup,Pickup
12,125,Pickup,4,4,4,4,750,753,18:10,18:13,3,0,0.0,2,0.0,160.0,160.0,3,B2987,pickup_service,Pickup,Pickup
12,126,Movement,4,7,4,7,753,760,18:13,18:20,7,7,21.43,0,0.0,160.0,138.57,3,B2950,passenger_flight,Position,Delivery
12,127,Delivery,7,7,7,7,760,763,18:20,18:23,3,0,0.0,2,8.534,138.57,147.104,1,B2950,delivery_service,Delivery,Delivery
12,128,Delivery,7,7,7,7,763,766,18:23,18:26,3,0,0.0,2,8.534,147.104,155.638,0,B2987,delivery_service,Delivery,Delivery
12,129,Pickup,7,7,7,7,766,769,18:26,18:29,3,0,0.0,2,4.362,155.638,160.0,1,B3086,pickup_service,Pickup,Pickup
12,130,Pickup,7,7,7,7,769,772,18:29,18:32,3,0,0.0,2,0.0,160.0,160.0,2,B3075,pickup_service,Pickup,Pickup
12,131,Movement,7,1,7,1,772,779,18:32,18:39,7,7,21.03,0,0.0,160.0,138.97,2,B3075,passenger_flight,Position,Delivery
12,132,Delivery,1,1,1,1,779,782,18:39,18:42,3,0,0.0,2,8.534,138.97,147.504,1,B3075,delivery_service,Delivery,Delivery
12,133,Delivery,1,1,1,1,782,785,18:42,18:45,3,0,0.0,2,8.534,147.504,156.038,0,B3086,delivery_service,Delivery,Delivery
12,134,Pickup,1,1,1,1,785,788,18:45,18:48,3,0,0.0,2,3.962,156.038,160.0,2,B3194,pickup_service,Pickup,Pickup
12,135,Pickup,1,1,1,1,788,791,18:48,18:51,3,0,0.0,2,0.0,160.0,160.0,4,B3172,pickup_service,Pickup,Pickup
12,136,Movement,1,3,1,3,791,797,18:51,18:57,6,6,9.61,0,0.0,160.0,150.39,4,B3172,passenger_flight,Position,Delivery
12,137,Delivery,3,3,3,3,797,800,18:57,19:00,3,0,0.0,2,8.534,150.39,158.924,2,B3172,delivery_service,Delivery,Delivery
12,138,Delivery,3,3,3,3,800,803,19:00,19:03,3,0,0.0,2,1.076,158.924,160.0,0,B3194,delivery_service,Delivery,Delivery
13,0,Stay,4,4,4,4,0,84,05:40,07:04,84,0,0.0,84,0.0,160.0,160.0,0,B63,parking_charging,Position,Movement
13,1,Movement,4,6,4,6,84,91,07:04,07:11,7,7,22.06,0,0.0,160.0,137.94,0,B63,empty_repositioning,Position,Pickup
13,2,Pickup,6,6,6,6,91,94,07:11,07:14,3,0,0.0,2,8.534,137.94,146.474,1,B63,pickup_service,Pickup,Pickup
13,3,Movement,6,3,6,3,94,104,07:14,07:24,10,10,32.98,0,0.0,146.474,113.494,1,B63,passenger_flight,Position,Delivery
13,4,Delivery,3,3,3,3,104,107,07:24,07:27,3,0,0.0,2,8.534,113.494,122.028,0,B63,delivery_service,Delivery,Delivery
13,5,Stay,3,3,3,3,107,120,07:27,07:40,13,0,0.0,13,37.972,122.028,160.0,0,B92,parking_charging,Position,Pickup
13,6,Pickup,3,3,3,3,120,123,07:40,07:43,3,0,0.0,2,0.0,160.0,160.0,1,B92,pickup_service,Pickup,Pickup
13,7,Movement,3,8,3,8,123,133,07:43,07:53,10,10,35.17,0,0.0,160.0,124.83,1,B92,passenger_flight,Position,Delivery
13,8,Delivery,8,8,8,8,133,136,07:53,07:56,3,0,0.0,2,8.534,124.83,133.364,0,B92,delivery_service,Delivery,Delivery
13,9,Stay,8,8,8,8,136,151,07:56,08:11,15,0,0.0,15,26.636,133.364,160.0,0,B174,parking_charging,Position,Pickup
13,10,Pickup,8,8,8,8,151,154,08:11,08:14,3,0,0.0,2,0.0,160.0,160.0,1,B174,pickup_service,Pickup,Pickup
13,11,Stay,8,8,8,8,154,156,08:14,08:16,2,0,0.0,2,0.0,160.0,160.0,1,B196,parking_charging,Position,Pickup
13,12,Pickup,8,8,8,8,156,159,08:16,08:19,3,0,0.0,2,0.0,160.0,160.0,2,B196,pickup_service,Pickup,Pickup
13,13,Movement,8,3,8,3,159,169,08:19,08:29,10,10,35.17,0,0.0,160.0,124.83,2,B174,passenger_flight,Position,Delivery
13,14,Delivery,3,3,3,3,169,172,08:29,08:32,3,0,0.0,2,8.534,124.83,133.364,1,B174,delivery_service,Delivery,Delivery
13,15,Movement,3,2,3,2,172,175,08:32,08:35,3,3,4.08,0,0.0,133.364,129.284,1,B196,passenger_flight,Position,Delivery
13,16,Delivery,2,2,2,2,175,178,08:35,08:38,3,0,0.0,2,8.534,129.284,137.818,0,B196,delivery_service,Delivery,Delivery
13,17,Pickup,2,2,2,2,178,181,08:38,08:41,3,0,0.0,2,8.534,137.818,146.352,1,B272,pickup_service,Pickup,Pickup
13,18,Stay,2,2,2,2,181,186,08:41,08:46,5,0,0.0,5,13.648,146.352,160.0,1,B272,parking_charging,Position,Movement
13,19,Movement,2,4,2,4,186,192,08:46,08:52,6,6,16.13,0,0.0,160.0,143.87,1,B272,passenger_flight,Position,Delivery
13,20,Delivery,4,4,4,4,192,195,08:52,08:55,3,0,0.0,2,8.534,143.87,152.404,0,B272,delivery_service,Delivery,Delivery
13,21,Stay,4,4,4,4,195,200,08:55,09:00,5,0,0.0,5,7.596,152.404,160.0,0,B370,parking_charging,Position,Movement
13,22,Movement,4,5,4,5,200,206,09:00,09:06,6,6,11.45,0,0.0,160.0,148.55,0,B370,empty_repositioning,Position,Pickup
13,23,Pickup,5,5,5,5,206,209,09:06,09:09,3,0,0.0,2,8.534,148.55,157.084,1,B370,pickup_service,Pickup,Pickup
13,24,Stay,5,5,5,5,209,210,09:09,09:10,1,0,0.0,1,2.916,157.084,160.0,1,B394,parking_charging,Position,Movement
13,25,Movement,5,4,5,4,210,216,09:10,09:16,6,6,11.45,0,0.0,160.0,148.55,1,B394,passenger_flight,Position,Pickup
13,26,Pickup,4,4,4,4,216,219,09:16,09:19,3,0,0.0,2,8.534,148.55,157.084,2,B394,pickup_service,Pickup,Pickup
13,27,Movement,4,7,4,7,219,226,09:19,09:26,7,7,21.43,0,0.0,157.084,135.654,2,B370,passenger_flight,Position,Delivery
13,28,Delivery,7,7,7,7,226,229,09:26,09:29,3,0,0.0,2,8.534,135.654,144.188,1,B370,delivery_service,Delivery,Delivery
13,29,Delivery,7,7,7,7,229,232,09:29,09:32,3,0,0.0,2,8.534,144.188,152.722,0,B394,delivery_service,Delivery,Delivery
13,30,Stay,7,7,7,7,232,241,09:32,09:41,9,0,0.0,9,7.278,152.722,160.0,0,B466,parking_charging,Position,Movement
13,31,Movement,7,1,7,1,241,248,09:41,09:48,7,7,21.03,0,0.0,160.0,138.97,0,B466,empty_repositioning,Position,Pickup
13,32,Pickup,1,1,1,1,248,251,09:48,09:51,3,0,0.0,2,8.534,138.97,147.504,1,B466,pickup_service,Pickup,Pickup
13,33,Movement,1,7,1,7,251,258,09:51,09:58,7,7,21.03,0,0.0,147.504,126.474,1,B466,passenger_flight,Position,Delivery
13,34,Delivery,7,7,7,7,258,261,09:58,10:01,3,0,0.0,2,8.534,126.474,135.008,0,B466,delivery_service,Delivery,Delivery
13,35,Pickup,7,7,7,7,261,264,10:01,10:04,3,0,0.0,2,8.534,135.008,143.542,1,B497,pickup_service,Pickup,Pickup
13,36,Stay,7,7,7,7,264,265,10:04,10:05,1,0,0.0,1,4.267,143.542,147.809,1,B522,parking_charging,Position,Pickup
13,37,Pickup,7,7,7,7,265,268,10:05,10:08,3,0,0.0,2,8.534,147.809,156.343,2,B522,pickup_service,Pickup,Pickup
13,38,Movement,7,1,7,1,268,275,10:08,10:15,7,7,21.03,0,0.0,156.343,135.313,2,B497,passenger_flight,Position,Delivery
13,39,Delivery,1,1,1,1,275,278,10:15,10:18,3,0,0.0,2,8.534,135.313,143.847,1,B497,delivery_service,Delivery,Delivery
13,40,Delivery,1,1,1,1,278,281,10:18,10:21,3,0,0.0,2,8.534,143.847,152.381,0,B522,delivery_service,Delivery,Delivery
13,41,Stay,1,1,1,1,281,294,10:21,10:34,13,0,0.0,13,7.619,152.381,160.0,0,B687,parking_charging,Position,Pickup
13,42,Pickup,1,1,1,1,294,297,10:34,10:37,3,0,0.0,2,0.0,160.0,160.0,1,B687,pickup_service,Pickup,Pickup
13,43,Pickup,1,1,1,1,297,300,10:37,10:40,3,0,0.0,2,0.0,160.0,160.0,2,B680,pickup_service,Pickup,Pickup
13,44,Movement,1,9,1,9,300,316,10:40,10:56,16,16,57.72,0,0.0,160.0,102.28,2,B687,passenger_flight,Position,Delivery
13,45,Delivery,9,9,9,9,316,319,10:56,10:59,3,0,0.0,2,8.534,102.28,110.814,1,B687,delivery_service,Delivery,Delivery
13,46,Delivery,9,9,9,9,319,322,10:59,11:02,3,0,0.0,2,8.534,110.814,119.348,0,B680,delivery_service,Delivery,Delivery
13,47,Stay,9,9,9,9,322,324,11:02,11:04,2,0,0.0,2,8.534,119.348,127.882,0,B855,parking_charging,Position,Pickup
13,48,Pickup,9,9,9,9,324,327,11:04,11:07,3,0,0.0,2,8.534,127.882,136.416,1,B855,pickup_service,Pickup,Pickup
13,49,Stay,9,9,9,9,327,328,11:07,11:08,1,0,0.0,1,4.267,136.416,140.683,1,B895,parking_charging,Position,Movement
13,50,Movement,9,8,9,8,328,334,11:08,11:14,6,6,18.04,0,0.0,140.683,122.643,1,B895,passenger_flight,Position,Pickup
13,51,Pickup,8,8,8,8,334,337,11:14,11:17,3,0,0.0,2,8.534,122.643,131.177,2,B895,pickup_service,Pickup,Pickup
13,52,Movement,8,4,8,4,337,348,11:17,11:28,11,11,39.54,0,0.0,131.177,91.637,2,B855,passenger_flight,Position,Delivery
13,53,Delivery,4,4,4,4,348,351,11:28,11:31,3,0,0.0,2,8.534,91.637,100.171,1,B855,delivery_service,Delivery,Delivery
13,54,Delivery,4,4,4,4,351,354,11:31,11:34,3,0,0.0,2,8.534,100.171,108.705,0,B895,delivery_service,Delivery,Delivery
13,55,Stay,4,4,4,4,354,371,11:34,11:51,17,0,0.0,17,51.295,108.705,160.0,0,B1038,parking_charging,Position,Pickup
13,56,Pickup,4,4,4,4,371,374,11:51,11:54,3,0,0.0,2,0.0,160.0,160.0,1,B1038,pickup_service,Pickup,Pickup
13,57,Movement,4,3,4,3,374,381,11:54,12:01,7,7,12.6,0,0.0,160.0,147.4,1,B1038,passenger_flight,Position,Delivery
13,58,Delivery,3,3,3,3,381,384,12:01,12:04,3,0,0.0,2,8.534,147.4,155.934,0,B1038,delivery_service,Delivery,Delivery
13,59,Stay,3,3,3,3,384,389,12:04,12:09,5,0,0.0,5,4.066,155.934,160.0,0,B1085,parking_charging,Position,Pickup
13,60,Pickup,3,3,3,3,389,392,12:09,12:12,3,0,0.0,2,0.0,160.0,160.0,1,B1085,pickup_service,Pickup,Pickup
13,61,Movement,3,2,3,2,392,395,12:12,12:15,3,3,4.08,0,0.0,160.0,155.92,1,B1087,passenger_flight,Position,Pickup
13,62,Pickup,2,2,2,2,395,398,12:15,12:18,3,0,0.0,2,4.08,155.92,160.0,2,B1087,pickup_service,Pickup,Pickup
13,63,Movement,2,10,2,10,398,414,12:18,12:34,16,16,57.66,0,0.0,160.0,102.34,2,B1085,passenger_flight,Position,Delivery
13,64,Delivery,10,10,10,10,414,417,12:34,12:37,3,0,0.0,2,8.534,102.34,110.874,1,B1085,delivery_service,Delivery,Delivery
13,65,Delivery,10,10,10,10,417,420,12:37,12:40,3,0,0.0,2,8.534,110.874,119.408,0,B1087,delivery_service,Delivery,Delivery
13,66,Pickup,10,10,10,10,420,423,12:40,12:43,3,0,0.0,2,8.534,119.408,127.942,2,B1161,pickup_service,Pickup,Pickup
13,67,Stay,10,10,10,10,423,424,12:43,12:44,1,0,0.0,1,4.267,127.942,132.209,2,B1181,parking_charging,Position,Pickup
13,68,Pickup,10,10,10,10,424,427,12:44,12:47,3,0,0.0,2,8.534,132.209,140.743,4,B1181,pickup_service,Pickup,Pickup
13,69,Movement,10,4,10,4,427,439,12:47,12:59,12,12,42.86,0,0.0,140.743,97.883,4,B1161,passenger_flight,Position,Delivery
13,70,Delivery,4,4,4,4,439,442,12:59,13:02,3,0,0.0,2,8.534,97.883,106.417,2,B1161,delivery_service,Delivery,Delivery
13,71,Movement,4,3,4,3,442,449,13:02,13:09,7,7,12.6,0,0.0,106.417,93.817,2,B1181,passenger_flight,Position,Delivery
13,72,Delivery,3,3,3,3,449,452,13:09,13:12,3,0,0.0,2,8.534,93.817,102.351,0,B1181,delivery_service,Delivery,Delivery
13,73,Stay,3,3,3,3,452,482,13:12,13:42,30,0,0.0,30,57.649,102.351,160.0,0,B1314,parking_charging,Position,Movement
13,74,Movement,3,5,3,5,482,490,13:42,13:50,8,8,23.93,0,0.0,160.0,136.07,0,B1314,empty_repositioning,Position,Pickup
13,75,Pickup,5,5,5,5,490,493,13:50,13:53,3,0,0.0,2,8.534,136.07,144.604,1,B1314,pickup_service,Pickup,Pickup
13,76,Movement,5,2,5,2,493,501,13:53,14:01,8,8,27.57,0,0.0,144.604,117.034,1,B1314,passenger_flight,Position,Delivery
13,77,Delivery,2,2,2,2,501,504,14:01,14:04,3,0,0.0,2,8.534,117.034,125.568,0,B1314,delivery_service,Delivery,Delivery
13,78,Pickup,2,2,2,2,504,507,14:04,14:07,3,0,0.0,2,8.534,125.568,134.102,1,B1343,pickup_service,Pickup,Pickup
13,79,Stay,2,2,2,2,507,508,14:07,14:08,1,0,0.0,1,4.267,134.102,138.369,1,B1379,parking_charging,Position,Movement
13,80,Movement,2,3,2,3,508,511,14:08,14:11,3,3,4.08,0,0.0,138.369,134.289,1,B1379,passenger_flight,Position,Pickup
13,81,Pickup,3,3,3,3,511,514,14:11,14:14,3,0,0.0,2,8.534,134.289,142.823,2,B1379,pickup_service,Pickup,Pickup
13,82,Movement,3,1,3,1,514,520,14:14,14:20,6,6,9.61,0,0.0,142.823,133.213,2,B1343,passenger_flight,Position,Delivery
13,83,Delivery,1,1,1,1,520,523,14:20,14:23,3,0,0.0,2,8.534,133.213,141.747,1,B1343,delivery_service,Delivery,Delivery
13,84,Movement,1,4,1,4,523,527,14:23,14:27,4,4,4.98,0,0.0,141.747,136.767,1,B1379,passenger_flight,Position,Delivery
13,85,Delivery,4,4,4,4,527,530,14:27,14:30,3,0,0.0,2,8.534,136.767,145.301,0,B1379,delivery_service,Delivery,Delivery
13,86,Pickup,4,4,4,4,530,533,14:30,14:33,3,0,0.0,2,8.534,145.301,153.835,2,B1448,pickup_service,Pickup,Pickup
13,87,Movement,4,7,4,7,533,540,14:33,14:40,7,7,21.43,0,0.0,153.835,132.405,2,B1448,passenger_flight,Position,Delivery
13,88,Delivery,7,7,7,7,540,543,14:40,14:43,3,0,0.0,2,8.534,132.405,140.939,0,B1448,delivery_service,Delivery,Delivery
13,89,Stay,7,7,7,7,543,547,14:43,14:47,4,0,0.0,4,17.068,140.939,158.007,0,B1538,parking_charging,Position,Pickup
13,90,Pickup,7,7,7,7,547,550,14:47,14:50,3,0,0.0,2,1.993,158.007,160.0,1,B1538,pickup_service,Pickup,Pickup
13,91,Movement,7,1,7,1,550,557,14:50,14:57,7,7,21.03,0,0.0,160.0,138.97,1,B1576,passenger_flight,Position,Pickup
13,92,Pickup,1,1,1,1,557,560,14:57,15:00,3,0,0.0,2,8.534,138.97,147.504,2,B1576,pickup_service,Pickup,Pickup
13,93,Delivery,1,1,1,1,560,563,15:00,15:03,3,0,0.0,2,8.534,147.504,156.038,1,B1538,delivery_service,Delivery,Delivery
13,94,Movement,1,8,1,8,563,575,15:03,15:15,12,12,41.05,0,0.0,156.038,114.988,1,B1576,passenger_flight,Position,Delivery
13,95,Delivery,8,8,8,8,575,578,15:15,15:18,3,0,0.0,2,8.534,114.988,123.522,0,B1576,delivery_service,Delivery,Delivery
13,96,Stay,8,8,8,8,578,592,15:18,15:32,14,0,0.0,14,36.478,123.522,160.0,0,B1717,parking_charging,Position,Pickup
13,97,Pickup,8,8,8,8,592,595,15:32,15:35,3,0,0.0,2,0.0,160.0,160.0,1,B1717,pickup_service,Pickup,Pickup
13,98,Pickup,8,8,8,8,595,598,15:35,15:38,3,0,0.0,2,0.0,160.0,160.0,2,B1707,pickup_service,Pickup,Pickup
13,99,Movement,8,4,8,4,598,609,15:38,15:49,11,11,39.54,0,0.0,160.0,120.46,2,B1717,passenger_flight,Position,Delivery
13,100,Delivery,4,4,4,4,609,612,15:49,15:52,3,0,0.0,2,8.534,120.46,128.994,1,B1717,delivery_service,Delivery,Delivery
13,101,Delivery,4,4,4,4,612,615,15:52,15:55,3,0,0.0,2,8.534,128.994,137.528,0,B1707,delivery_service,Delivery,Delivery
13,102,Pickup,4,4,4,4,615,618,15:55,15:58,3,0,0.0,2,8.534,137.528,146.062,2,B1797,pickup_service,Pickup,Pickup
13,103,Movement,4,7,4,7,618,625,15:58,16:05,7,7,21.43,0,0.0,146.062,124.632,2,B1797,passenger_flight,Position,Delivery
13,104,Delivery,7,7,7,7,625,628,16:05,16:08,3,0,0.0,2,8.534,124.632,133.166,0,B1797,delivery_service,Delivery,Delivery
13,105,Stay,7,7,7,7,628,629,16:08,16:09,1,0,0.0,1,4.267,133.166,137.433,0,B1906,parking_charging,Position,Pickup
13,106,Pickup,7,7,7,7,629,632,16:09,16:12,3,0,0.0,2,8.534,137.433,145.967,2,B1906,pickup_service,Pickup,Pickup
13,107,Stay,7,7,7,7,632,636,16:12,16:16,4,0,0.0,4,14.033,145.967,160.0,2,B1956,parking_charging,Position,Pickup
13,108,Pickup,7,7,7,7,636,639,16:16,16:19,3,0,0.0,2,0.0,160.0,160.0,4,B1956,pickup_service,Pickup,Pickup
13,109,Movement,7,4,7,4,639,646,16:19,16:26,7,7,21.43,0,0.0,160.0,138.57,4,B1906,passenger_flight,Position,Delivery
13,110,Delivery,4,4,4,4,646,649,16:26,16:29,3,0,0.0,2,8.534,138.57,147.104,2,B1906,delivery_service,Delivery,Delivery
13,111,Delivery,4,4,4,4,649,652,16:29,16:32,3,0,0.0,2,8.534,147.104,155.638,0,B1956,delivery_service,Delivery,Delivery
13,112,Stay,4,4,4,4,652,657,16:32,16:37,5,0,0.0,5,4.362,155.638,160.0,0,B2081,parking_charging,Position,Pickup
13,113,Pickup,4,4,4,4,657,660,16:37,16:40,3,0,0.0,2,0.0,160.0,160.0,1,B2081,pickup_service,Pickup,Pickup
13,114,Stay,4,4,4,4,660,663,16:40,16:43,3,0,0.0,3,0.0,160.0,160.0,1,B2081,parking_charging,Position,Movement
13,115,Movement,4,7,4,7,663,670,16:43,16:50,7,7,21.43,0,0.0,160.0,138.57,1,B2081,passenger_flight,Position,Delivery
13,116,Delivery,7,7,7,7,670,673,16:50,16:53,3,0,0.0,2,8.534,138.57,147.104,0,B2081,delivery_service,Delivery,Delivery
13,117,Stay,7,7,7,7,673,675,16:53,16:55,2,0,0.0,2,8.534,147.104,155.638,0,B2228,parking_charging,Position,Pickup
13,118,Pickup,7,7,7,7,675,678,16:55,16:58,3,0,0.0,2,4.362,155.638,160.0,1,B2228,pickup_service,Pickup,Pickup
13,119,Stay,7,7,7,7,678,684,16:58,17:04,6,0,0.0,6,0.0,160.0,160.0,1,B2228,parking_charging,Position,Movement
13,120,Movement,7,4,7,4,684,691,17:04,17:11,7,7,21.43,0,0.0,160.0,138.57,1,B2228,passenger_flight,Position,Delivery
13,121,Delivery,4,4,4,4,691,694,17:11,17:14,3,0,0.0,2,8.534,138.57,147.104,0,B2228,delivery_service,Delivery,Delivery
13,122,Stay,4,4,4,4,694,700,17:14,17:20,6,0,0.0,6,12.896,147.104,160.0,0,B2485,parking_charging,Position,Pickup
13,123,Pickup,4,4,4,4,700,703,17:20,17:23,3,0,0.0,2,0.0,160.0,160.0,1,B2485,pickup_service,Pickup,Pickup
13,124,Stay,4,4,4,4,703,706,17:23,17:26,3,0,0.0,3,0.0,160.0,160.0,1,B2548,parking_charging,Position,Pickup
13,125,Pickup,4,4,4,4,706,709,17:26,17:29,3,0,0.0,2,0.0,160.0,160.0,4,B2548,pickup_service,Pickup,Pickup
13,126,Movement,4,2,4,2,709,715,17:29,17:35,6,6,16.13,0,0.0,160.0,143.87,4,B2485,passenger_flight,Position,Delivery
13,127,Delivery,2,2,2,2,715,718,17:35,17:38,3,0,0.0,2,8.534,143.87,152.404,3,B2485,delivery_service,Delivery,Delivery
13,128,Pickup,2,2,2,2,718,721,17:38,17:41,3,0,0.0,2,7.596,152.404,160.0,4,B2679,pickup_service,Pickup,Pickup
13,129,Delivery,2,2,2,2,721,724,17:41,17:44,3,0,0.0,2,0.0,160.0,160.0,1,B2548,delivery_service,Delivery,Delivery
13,130,Stay,2,2,2,2,724,727,17:44,17:47,3,0,0.0,3,0.0,160.0,160.0,1,B2679,parking_charging,Position,Movement
13,131,Movement,2,4,2,4,727,733,17:47,17:53,6,6,16.13,0,0.0,160.0,143.87,1,B2679,passenger_flight,Position,Delivery
13,132,Delivery,4,4,4,4,733,736,17:53,17:56,3,0,0.0,2,8.534,143.87,152.404,0,B2679,delivery_service,Delivery,Delivery
13,133,Pickup,4,4,4,4,736,739,17:56,17:59,3,0,0.0,2,7.596,152.404,160.0,1,B2888,pickup_service,Pickup,Pickup
13,134,Stay,4,4,4,4,739,743,17:59,18:03,4,0,0.0,4,0.0,160.0,160.0,1,B2888,parking_charging,Position,Movement
13,135,Movement,4,3,4,3,743,750,18:03,18:10,7,7,12.6,0,0.0,160.0,147.4,1,B2888,passenger_flight,Position,Delivery
13,136,Delivery,3,3,3,3,750,753,18:10,18:13,3,0,0.0,2,8.534,147.4,155.934,0,B2888,delivery_service,Delivery,Delivery
13,137,Pickup,3,3,3,3,753,756,18:13,18:16,3,0,0.0,2,4.066,155.934,160.0,1,B2957,pickup_service,Pickup,Pickup
13,138,Movement,3,4,3,4,756,763,18:16,18:23,7,7,12.6,0,0.0,160.0,147.4,1,B2957,passenger_flight,Position,Delivery
13,139,Delivery,4,4,4,4,763,766,18:23,18:26,3,0,0.0,2,8.534,147.4,155.934,0,B2957,delivery_service,Delivery,Delivery
13,140,Stay,4,4,4,4,766,779,18:26,18:39,13,0,0.0,13,4.066,155.934,160.0,0,B3170,parking_charging,Position,Pickup
13,141,Pickup,4,4,4,4,779,782,18:39,18:42,3,0,0.0,2,0.0,160.0,160.0,1,B3170,pickup_service,Pickup,Pickup
13,142,Stay,4,4,4,4,782,789,18:42,18:49,7,0,0.0,7,0.0,160.0,160.0,1,B3170,parking_charging,Position,Movement
13,143,Movement,4,3,4,3,789,796,18:49,18:56,7,7,12.6,0,0.0,160.0,147.4,1,B3170,passenger_flight,Position,Delivery
13,144,Delivery,3,3,3,3,796,799,18:56,18:59,3,0,0.0,2,8.534,147.4,155.934,0,B3170,delivery_service,Delivery,Delivery
13,145,Pickup,3,3,3,3,799,802,18:59,19:02,3,0,0.0,2,4.066,155.934,160.0,1,B3274,pickup_service,Pickup,Pickup
13,146,Stay,3,3,3,3,802,805,19:02,19:05,3,0,0.0,3,0.0,160.0,160.0,1,B3274,parking_charging,Position,Movement
13,147,Movement,3,4,3,4,805,812,19:05,19:12,7,7,12.6,0,0.0,160.0,147.4,1,B3274,passenger_flight,Position,Delivery
13,148,Delivery,4,4,4,4,812,815,19:12,19:15,3,0,0.0,2,8.534,147.4,155.934,0,B3274,delivery_service,Delivery,Delivery
14,0,Stay,5,5,5,5,0,82,05:40,07:02,82,0,0.0,82,0.0,160.0,160.0,0,B50,parking_charging,Position,Pickup
14,1,Pickup,5,5,5,5,82,85,07:02,07:05,3,0,0.0,2,0.0,160.0,160.0,1,B50,pickup_service,Pickup,Pickup
14,2,Movement,5,1,5,1,85,93,07:05,07:13,8,8,14.88,0,0.0,160.0,145.12,1,B50,passenger_flight,Position,Delivery
14,3,Delivery,1,1,1,1,93,96,07:13,07:16,3,0,0.0,2,8.534,145.12,153.654,0,B50,delivery_service,Delivery,Delivery
14,4,Stay,1,1,1,1,96,110,07:16,07:30,14,0,0.0,14,6.346,153.654,160.0,0,B85,parking_charging,Position,Pickup
14,5,Pickup,1,1,1,1,110,113,07:30,07:33,3,0,0.0,2,0.0,160.0,160.0,1,B85,pickup_service,Pickup,Pickup
14,6,Movement,1,9,1,9,113,129,07:33,07:49,16,16,57.72,0,0.0,160.0,102.28,1,B85,passenger_flight,Position,Delivery
14,7,Delivery,9,9,9,9,129,132,07:49,07:52,3,0,0.0,2,8.534,102.28,110.814,0,B85,delivery_service,Delivery,Delivery
14,8,Stay,9,9,9,9,132,185,07:52,08:45,53,0,0.0,53,49.186,110.814,160.0,0,B302,parking_charging,Position,Pickup
14,9,Pickup,9,9,9,9,185,188,08:45,08:48,3,0,0.0,2,0.0,160.0,160.0,1,B302,pickup_service,Pickup,Pickup
14,10,Stay,9,9,9,9,188,193,08:48,08:53,5,0,0.0,5,0.0,160.0,160.0,1,B329,parking_charging,Position,Pickup
14,11,Pickup,9,9,9,9,193,196,08:53,08:56,3,0,0.0,2,0.0,160.0,160.0,2,B329,pickup_service,Pickup,Pickup
14,12,Movement,9,1,9,1,196,212,08:56,09:12,16,16,57.72,0,0.0,160.0,102.28,2,B302,passenger_flight,Position,Delivery
14,13,Delivery,1,1,1,1,212,215,09:12,09:15,3,0,0.0,2,8.534,102.28,110.814,1,B302,delivery_service,Delivery,Delivery
14,14,Delivery,1,1,1,1,215,218,09:15,09:18,3,0,0.0,2,8.534,110.814,119.348,0,B329,delivery_service,Delivery,Delivery
14,15,Pickup,1,1,1,1,218,221,09:18,09:21,3,0,0.0,2,8.534,119.348,127.882,1,B392,pickup_service,Pickup,Pickup
14,16,Movement,1,10,1,10,221,234,09:21,09:34,13,13,47.44,0,0.0,127.882,80.442,1,B392,passenger_flight,Position,Delivery
14,17,Delivery,10,10,10,10,234,237,09:34,09:37,3,0,0.0,2,8.534,80.442,88.976,0,B392,delivery_service,Delivery,Delivery
14,18,Pickup,10,10,10,10,237,240,09:37,09:40,3,0,0.0,2,8.534,88.976,97.51,1,B440,pickup_service,Pickup,Pickup
14,19,Movement,10,1,10,1,240,253,09:40,09:53,13,13,47.44,0,0.0,97.51,50.07,1,B440,passenger_flight,Position,Delivery
14,20,Delivery,1,1,1,1,253,256,09:53,09:56,3,0,0.0,2,8.534,50.07,58.604,0,B440,delivery_service,Delivery,Delivery
14,21,Stay,1,1,1,1,256,264,09:56,10:04,8,0,0.0,8,34.136,58.604,92.74,0,B553,parking_charging,Position,Movement
14,22,Movement,1,3,1,3,264,270,10:04,10:10,6,6,9.61,0,0.0,92.74,83.13,0,B553,empty_repositioning,Position,Pickup
14,23,Pickup,3,3,3,3,270,273,10:10,10:13,3,0,0.0,2,8.534,83.13,91.664,1,B553,pickup_service,Pickup,Pickup
14,24,Stay,3,3,3,3,273,276,10:13,10:16,3,0,0.0,3,12.801,91.664,104.465,1,B591,parking_charging,Position,Pickup
14,25,Pickup,3,3,3,3,276,279,10:16,10:19,3,0,0.0,2,8.534,104.465,112.999,2,B591,pickup_service,Pickup,Pickup
14,26,Movement,3,4,3,4,279,286,10:19,10:26,7,7,12.6,0,0.0,112.999,100.399,2,B553,passenger_flight,Position,Delivery
14,27,Delivery,4,4,4,4,286,289,10:26,10:29,3,0,0.0,2,8.534,100.399,108.933,1,B553,delivery_service,Delivery,Delivery
14,28,Delivery,4,4,4,4,289,292,10:29,10:32,3,0,0.0,2,8.534,108.933,117.467,0,B591,delivery_service,Delivery,Delivery
14,29,Pickup,4,4,4,4,292,295,10:32,10:35,3,0,0.0,2,8.534,117.467,126.001,2,B657,pickup_service,Pickup,Pickup
14,30,Movement,4,7,4,7,295,302,10:35,10:42,7,7,21.43,0,0.0,126.001,104.571,2,B657,passenger_flight,Position,Delivery
14,31,Delivery,7,7,7,7,302,305,10:42,10:45,3,0,0.0,2,8.534,104.571,113.105,0,B657,delivery_service,Delivery,Delivery
14,32,Pickup,7,7,7,7,305,308,10:45,10:48,3,0,0.0,2,8.534,113.105,121.639,1,B732,pickup_service,Pickup,Pickup
14,33,Movement,7,1,7,1,308,315,10:48,10:55,7,7,21.03,0,0.0,121.639,100.609,1,B732,passenger_flight,Position,Delivery
14,34,Delivery,1,1,1,1,315,318,10:55,10:58,3,0,0.0,2,8.534,100.609,109.143,0,B732,delivery_service,Delivery,Delivery
14,35,Stay,1,1,1,1,318,320,10:58,11:00,2,0,0.0,2,8.534,109.143,117.677,0,B860,parking_charging,Position,Movement
14,36,Movement,1,6,1,6,320,327,11:00,11:07,7,7,23.39,0,0.0,117.677,94.287,0,B860,empty_repositioning,Position,Pickup
14,37,Pickup,6,6,6,6,327,330,11:07,11:10,3,0,0.0,2,8.534,94.287,102.821,1,B860,pickup_service,Pickup,Pickup
14,38,Movement,6,1,6,1,330,337,11:10,11:17,7,7,23.39,0,0.0,102.821,79.431,1,B860,passenger_flight,Position,Delivery
14,39,Delivery,1,1,1,1,337,340,11:17,11:20,3,0,0.0,2,8.534,79.431,87.965,0,B860,delivery_service,Delivery,Delivery
14,40,Pickup,1,1,1,1,340,343,11:20,11:23,3,0,0.0,2,8.534,87.965,96.499,1,B919,pickup_service,Pickup,Pickup
14,41,Movement,1,3,1,3,343,349,11:23,11:29,6,6,9.61,0,0.0,96.499,86.889,1,B919,passenger_flight,Position,Delivery
14,42,Delivery,3,3,3,3,349,352,11:29,11:32,3,0,0.0,2,8.534,86.889,95.423,0,B919,delivery_service,Delivery,Delivery
14,43,Stay,3,3,3,3,352,360,11:32,11:40,8,0,0.0,8,34.136,95.423,129.559,0,B982,parking_charging,Position,Pickup
14,44,Pickup,3,3,3,3,360,363,11:40,11:43,3,0,0.0,2,8.534,129.559,138.093,1,B982,pickup_service,Pickup,Pickup
14,45,Movement,3,5,3,5,363,371,11:43,11:51,8,8,23.93,0,0.0,138.093,114.163,1,B982,passenger_flight,Position,Delivery
14,46,Delivery,5,5,5,5,371,374,11:51,11:54,3,0,0.0,2,8.534,114.163,122.697,0,B982,delivery_service,Delivery,Delivery
14,47,Stay,5,5,5,5,374,385,11:54,12:05,11,0,0.0,11,37.303,122.697,160.0,0,B1092,parking_charging,Position,Movement
14,48,Movement,5,6,5,6,385,392,12:05,12:12,7,7,12.76,0,0.0,160.0,147.24,0,B1092,empty_repositioning,Position,Pickup
14,49,Pickup,6,6,6,6,392,395,12:12,12:15,3,0,0.0,2,8.534,147.24,155.774,1,B1092,pickup_service,Pickup,Pickup
14,50,Movement,6,9,6,9,395,415,12:15,12:35,20,20,74.79,0,0.0,155.774,80.984,1,B1092,passenger_flight,Position,Delivery
14,51,Delivery,9,9,9,9,415,418,12:35,12:38,3,0,0.0,2,8.534,80.984,89.518,0,B1092,delivery_service,Delivery,Delivery
14,52,Stay,9,9,9,9,418,422,12:38,12:42,4,0,0.0,4,17.068,89.518,106.586,0,B1174,parking_charging,Position,Pickup
14,53,Pickup,9,9,9,9,422,425,12:42,12:45,3,0,0.0,2,8.534,106.586,115.12,1,B1174,pickup_service,Pickup,Pickup
14,54,Stay,9,9,9,9,425,428,12:45,12:48,3,0,0.0,3,12.801,115.12,127.921,1,B1174,parking_charging,Position,Movement
14,55,Movement,9,3,9,3,428,443,12:48,13:03,15,15,52.78,0,0.0,127.921,75.141,1,B1174,passenger_flight,Position,Delivery
14,56,Delivery,3,3,3,3,443,446,13:03,13:06,3,0,0.0,2,8.534,75.141,83.675,0,B1174,delivery_service,Delivery,Delivery
14,57,Stay,3,3,3,3,446,447,13:06,13:07,1,0,0.0,1,4.267,83.675,87.942,0,B1228,parking_charging,Position,Pickup
14,58,Pickup,3,3,3,3,447,450,13:07,13:10,3,0,0.0,2,8.534,87.942,96.476,1,B1228,pickup_service,Pickup,Pickup
14,59,Pickup,3,3,3,3,450,453,13:10,13:13,3,0,0.0,2,8.534,96.476,105.01,2,B1220,pickup_service,Pickup,Pickup
14,60,Movement,3,10,3,10,453,468,13:13,13:28,15,15,54.92,0,0.0,105.01,50.09,2,B1220,passenger_flight,Position,Delivery
14,61,Delivery,10,10,10,10,468,471,13:28,13:31,3,0,0.0,2,8.534,50.09,58.624,1,B1220,delivery_service,Delivery,Delivery
14,62,Delivery,10,10,10,10,471,474,13:31,13:34,3,0,0.0,2,8.534,58.624,67.158,0,B1228,delivery_service,Delivery,Delivery
14,63,Stay,10,10,10,10,474,500,13:34,14:00,26,0,0.0,26,92.842,67.158,160.0,0,B1327,parking_charging,Position,Pickup
14,64,Pickup,10,10,10,10,500,503,14:00,14:03,3,0,0.0,2,0.0,160.0,160.0,2,B1327,pickup_service,Pickup,Pickup
14,65,Movement,10,4,10,4,503,515,14:03,14:15,12,12,42.86,0,0.0,160.0,117.14,2,B1327,passenger_flight,Position,Delivery
14,66,Delivery,4,4,4,4,515,518,14:15,14:18,3,0,0.0,2,8.534,117.14,125.674,0,B1327,delivery_service,Delivery,Delivery
14,67,Stay,4,4,4,4,518,522,14:18,14:22,4,0,0.0,4,17.068,125.674,142.742,0,B1429,parking_charging,Position,Pickup
14,68,Pickup,4,4,4,4,522,525,14:22,14:25,3,0,0.0,2,8.534,142.742,151.276,1,B1429,pickup_service,Pickup,Pickup
14,69,Stay,4,4,4,4,525,529,14:25,14:29,4,0,0.0,4,8.724,151.276,160.0,1,B1462,parking_charging,Position,Pickup
14,70,Pickup,4,4,4,4,529,532,14:29,14:32,3,0,0.0,2,0.0,160.0,160.0,3,B1462,pickup_service,Pickup,Pickup
14,71,Movement,4,9,4,9,532,547,14:32,14:47,15,15,55.47,0,0.0,160.0,104.53,3,B1429,passenger_flight,Position,Delivery
14,72,Delivery,9,9,9,9,547,550,14:47,14:50,3,0,0.0,2,8.534,104.53,113.064,2,B1429,delivery_service,Delivery,Delivery
14,73,Delivery,9,9,9,9,550,553,14:50,14:53,3,0,0.0,2,8.534,113.064,121.598,0,B1462,delivery_service,Delivery,Delivery
14,74,Stay,9,9,9,9,553,565,14:53,15:05,12,0,0.0,12,38.402,121.598,160.0,0,B1614,parking_charging,Position,Pickup
14,75,Pickup,9,9,9,9,565,568,15:05,15:08,3,0,0.0,2,0.0,160.0,160.0,1,B1614,pickup_service,Pickup,Pickup
14,76,Pickup,9,9,9,9,568,571,15:08,15:11,3,0,0.0,2,0.0,160.0,160.0,2,B1610,pickup_service,Pickup,Pickup
14,77,Movement,9,4,9,4,571,586,15:11,15:26,15,15,55.47,0,0.0,160.0,104.53,2,B1614,passenger_flight,Position,Delivery
14,78,Delivery,4,4,4,4,586,589,15:26,15:29,3,0,0.0,2,8.534,104.53,113.064,1,B1614,delivery_service,Delivery,Delivery
14,79,Delivery,4,4,4,4,589,592,15:29,15:32,3,0,0.0,2,8.534,113.064,121.598,0,B1610,delivery_service,Delivery,Delivery
14,80,Stay,4,4,4,4,592,607,15:32,15:47,15,0,0.0,15,38.402,121.598,160.0,0,B1789,parking_charging,Position,Pickup
14,81,Pickup,4,4,4,4,607,610,15:47,15:50,3,0,0.0,2,0.0,160.0,160.0,1,B1789,pickup_service,Pickup,Pickup
14,82,Pickup,4,4,4,4,610,613,15:50,15:53,3,0,0.0,2,0.0,160.0,160.0,3,B1799,pickup_service,Pickup,Pickup
14,83,Movement,4,7,4,7,613,620,15:53,16:00,7,7,21.43,0,0.0,160.0,138.57,3,B1789,passenger_flight,Position,Delivery
14,84,Delivery,7,7,7,7,620,623,16:00,16:03,3,0,0.0,2,8.534,138.57,147.104,2,B1789,delivery_service,Delivery,Delivery
14,85,Delivery,7,7,7,7,623,626,16:03,16:06,3,0,0.0,2,8.534,147.104,155.638,0,B1799,delivery_service,Delivery,Delivery
14,86,Stay,7,7,7,7,626,654,16:06,16:34,28,0,0.0,28,4.362,155.638,160.0,0,B2064,parking_charging,Position,Pickup
14,87,Pickup,7,7,7,7,654,657,16:34,16:37,3,0,0.0,2,0.0,160.0,160.0,1,B2064,pickup_service,Pickup,Pickup
14,88,Stay,7,7,7,7,657,664,16:37,16:44,7,0,0.0,7,0.0,160.0,160.0,1,B2064,parking_charging,Position,Movement
14,89,Movement,7,4,7,4,664,671,16:44,16:51,7,7,21.43,0,0.0,160.0,138.57,1,B2064,passenger_flight,Position,Delivery
14,90,Delivery,4,4,4,4,671,674,16:51,16:54,3,0,0.0,2,8.534,138.57,147.104,0,B2064,delivery_service,Delivery,Delivery
14,91,Stay,4,4,4,4,674,679,16:54,16:59,5,0,0.0,5,12.896,147.104,160.0,0,B2256,parking_charging,Position,Pickup
14,92,Pickup,4,4,4,4,679,682,16:59,17:02,3,0,0.0,2,0.0,160.0,160.0,1,B2256,pickup_service,Pickup,Pickup
14,93,Stay,4,4,4,4,682,689,17:02,17:09,7,0,0.0,7,0.0,160.0,160.0,1,B2256,parking_charging,Position,Movement
14,94,Movement,4,2,4,2,689,695,17:09,17:15,6,6,16.13,0,0.0,160.0,143.87,1,B2256,passenger_flight,Position,Delivery
14,95,Delivery,2,2,2,2,695,698,17:15,17:18,3,0,0.0,2,8.534,143.87,152.404,0,B2256,delivery_service,Delivery,Delivery
14,96,Pickup,2,2,2,2,698,701,17:18,17:21,3,0,0.0,2,7.596,152.404,160.0,1,B2466,pickup_service,Pickup,Pickup
14,97,Stay,2,2,2,2,701,709,17:21,17:29,8,0,0.0,8,0.0,160.0,160.0,1,B2466,parking_charging,Position,Movement
14,98,Movement,2,4,2,4,709,715,17:29,17:35,6,6,16.13,0,0.0,160.0,143.87,1,B2466,passenger_flight,Position,Delivery
14,99,Delivery,4,4,4,4,715,718,17:35,17:38,3,0,0.0,2,8.534,143.87,152.404,0,B2466,delivery_service,Delivery,Delivery
14,100,Pickup,4,4,4,4,718,721,17:38,17:41,3,0,0.0,2,7.596,152.404,160.0,1,B2682,pickup_service,Pickup,Pickup
14,101,Stay,4,4,4,4,721,724,17:41,17:44,3,0,0.0,3,0.0,160.0,160.0,1,B2682,parking_charging,Position,Movement
14,102,Movement,4,2,4,2,724,730,17:44,17:50,6,6,16.13,0,0.0,160.0,143.87,1,B2682,passenger_flight,Position,Delivery
14,103,Delivery,2,2,2,2,730,733,17:50,17:53,3,0,0.0,2,8.534,143.87,152.404,0,B2682,delivery_service,Delivery,Delivery
14,104,Pickup,2,2,2,2,733,736,17:53,17:56,3,0,0.0,2,7.596,152.404,160.0,1,B2814,pickup_service,Pickup,Pickup
14,105,Stay,2,2,2,2,736,738,17:56,17:58,2,0,0.0,2,0.0,160.0,160.0,1,B2901,parking_charging,Position,Pickup
14,106,Pickup,2,2,2,2,738,741,17:58,18:01,3,0,0.0,2,0.0,160.0,160.0,4,B2901,pickup_service,Pickup,Pickup
14,107,Movement,2,4,2,4,741,747,18:01,18:07,6,6,16.13,0,0.0,160.0,143.87,4,B2814,passenger_flight,Position,Delivery
14,108,Delivery,4,4,4,4,747,750,18:07,18:10,3,0,0.0,2,8.534,143.87,152.404,3,B2814,delivery_service,Delivery,Delivery
14,109,Stay,4,4,4,4,750,753,18:10,18:13,3,0,0.0,3,7.596,152.404,160.0,3,B2901,parking_charging,Position,Delivery
14,110,Delivery,4,4,4,4,753,756,18:13,18:16,3,0,0.0,2,0.0,160.0,160.0,0,B2901,delivery_service,Delivery,Delivery
14,111,Pickup,4,4,4,4,756,759,18:16,18:19,3,0,0.0,2,0.0,160.0,160.0,2,B2994,pickup_service,Pickup,Pickup
14,112,Movement,4,3,4,3,759,766,18:19,18:26,7,7,12.6,0,0.0,160.0,147.4,2,B2994,passenger_flight,Position,Delivery
14,113,Delivery,3,3,3,3,766,769,18:26,18:29,3,0,0.0,2,8.534,147.4,155.934,0,B2994,delivery_service,Delivery,Delivery
14,114,Stay,3,3,3,3,769,775,18:29,18:35,6,0,0.0,6,4.066,155.934,160.0,0,B3146,parking_charging,Position,Pickup
14,115,Pickup,3,3,3,3,775,778,18:35,18:38,3,0,0.0,2,0.0,160.0,160.0,1,B3146,pickup_service,Pickup,Pickup
14,116,Stay,3,3,3,3,778,786,18:38,18:46,8,0,0.0,8,0.0,160.0,160.0,1,B3146,parking_charging,Position,Movement
14,117,Movement,3,4,3,4,786,793,18:46,18:53,7,7,12.6,0,0.0,160.0,147.4,1,B3146,passenger_flight,Position,Delivery
14,118,Delivery,4,4,4,4,793,796,18:53,18:56,3,0,0.0,2,8.534,147.4,155.934,0,B3146,delivery_service,Delivery,Delivery
14,119,Pickup,4,4,4,4,796,799,18:56,18:59,3,0,0.0,2,4.066,155.934,160.0,2,B3246,pickup_service,Pickup,Pickup
14,120,Movement,4,3,4,3,799,806,18:59,19:06,7,7,12.6,0,0.0,160.0,147.4,2,B3246,passenger_flight,Position,Delivery
14,121,Delivery,3,3,3,3,806,809,19:06,19:09,3,0,0.0,2,8.534,147.4,155.934,0,B3246,delivery_service,Delivery,Delivery
14,122,Movement,3,5,3,5,809,817,19:09,19:17,8,8,23.93,0,0.0,155.934,132.004,0,,return_to_depot,Position,Depot
15,0,Stay,6,6,6,6,0,22,05:40,06:02,22,0,0.0,22,0.0,160.0,160.0,0,B1,parking_charging,Position,Pickup
15,1,Pickup,6,6,6,6,22,25,06:02,06:05,3,0,0.0,2,0.0,160.0,160.0,1,B1,pickup_service,Pickup,Pickup
15,2,Movement,6,2,6,2,25,36,06:05,06:16,11,11,37.0,0,0.0,160.0,123.0,1,B1,passenger_flight,Position,Delivery
15,3,Delivery,2,2,2,2,36,39,06:16,06:19,3,0,0.0,2,8.534,123.0,131.534,0,B1,delivery_service,Delivery,Delivery
15,4,Stay,2,2,2,2,39,108,06:19,07:28,69,0,0.0,69,28.466,131.534,160.0,0,B79,parking_charging,Position,Pickup
15,5,Pickup,2,2,2,2,108,111,07:28,07:31,3,0,0.0,2,0.0,160.0,160.0,2,B79,pickup_service,Pickup,Pickup
15,6,Movement,2,4,2,4,111,117,07:31,07:37,6,6,16.13,0,0.0,160.0,143.87,2,B79,passenger_flight,Position,Delivery
15,7,Delivery,4,4,4,4,117,120,07:37,07:40,3,0,0.0,2,8.534,143.87,152.404,0,B79,delivery_service,Delivery,Delivery
15,8,Movement,4,6,4,6,120,127,07:40,07:47,7,7,22.06,0,0.0,152.404,130.344,0,B98,empty_repositioning,Position,Pickup
15,9,Pickup,6,6,6,6,127,130,07:47,07:50,3,0,0.0,2,8.534,130.344,138.878,1,B98,pickup_service,Pickup,Pickup
15,10,Movement,6,1,6,1,130,137,07:50,07:57,7,7,23.39,0,0.0,138.878,115.488,1,B98,passenger_flight,Position,Delivery
15,11,Delivery,1,1,1,1,137,140,07:57,08:00,3,0,0.0,2,8.534,115.488,124.022,0,B98,delivery_service,Delivery,Delivery
15,12,Movement,1,6,1,6,140,147,08:00,08:07,7,7,23.39,0,0.0,124.022,100.632,0,B153,empty_repositioning,Position,Pickup
15,13,Pickup,6,6,6,6,147,150,08:07,08:10,3,0,0.0,2,8.534,100.632,109.166,1,B153,pickup_service,Pickup,Pickup
15,14,Pickup,6,6,6,6,150,153,08:10,08:13,3,0,0.0,2,8.534,109.166,117.7,2,B136,pickup_service,Pickup,Pickup
15,15,Movement,6,1,6,1,153,160,08:13,08:20,7,7,23.39,0,0.0,117.7,94.31,2,B136,passenger_flight,Position,Delivery
15,16,Delivery,1,1,1,1,160,163,08:20,08:23,3,0,0.0,2,8.534,94.31,102.844,1,B136,delivery_service,Delivery,Delivery
15,17,Delivery,1,1,1,1,163,166,08:23,08:26,3,0,0.0,2,8.534,102.844,111.378,0,B153,delivery_service,Delivery,Delivery
15,18,Stay,1,1,1,1,166,186,08:26,08:46,20,0,0.0,20,48.622,111.378,160.0,0,B328,parking_charging,Position,Movement
15,19,Movement,1,6,1,6,186,193,08:46,08:53,7,7,23.39,0,0.0,160.0,136.61,0,B328,empty_repositioning,Position,Pickup
15,20,Pickup,6,6,6,6,193,196,08:53,08:56,3,0,0.0,2,8.534,136.61,145.144,1,B328,pickup_service,Pickup,Pickup
15,21,Pickup,6,6,6,6,196,199,08:56,08:59,3,0,0.0,2,8.534,145.144,153.678,2,B322,pickup_service,Pickup,Pickup
15,22,Movement,6,4,6,4,199,206,08:59,09:06,7,7,22.06,0,0.0,153.678,131.618,2,B322,passenger_flight,Position,Delivery
15,23,Delivery,4,4,4,4,206,209,09:06,09:09,3,0,0.0,2,8.534,131.618,140.152,1,B322,delivery_service,Delivery,Delivery
15,24,Movement,4,7,4,7,209,216,09:09,09:16,7,7,21.43,0,0.0,140.152,118.722,1,B328,passenger_flight,Position,Delivery
15,25,Delivery,7,7,7,7,216,219,09:16,09:19,3,0,0.0,2,8.534,118.722,127.256,0,B328,delivery_service,Delivery,Delivery
15,26,Pickup,7,7,7,7,219,222,09:19,09:22,3,0,0.0,2,8.534,127.256,135.79,1,B401,pickup_service,Pickup,Pickup
15,27,Movement,7,1,7,1,222,229,09:22,09:29,7,7,21.03,0,0.0,135.79,114.76,1,B401,passenger_flight,Position,Delivery
15,28,Delivery,1,1,1,1,229,232,09:29,09:32,3,0,0.0,2,8.534,114.76,123.294,0,B401,delivery_service,Delivery,Delivery
15,29,Pickup,1,1,1,1,232,235,09:32,09:35,3,0,0.0,2,8.534,123.294,131.828,1,B409,pickup_service,Pickup,Pickup
15,30,Movement,1,9,1,9,235,251,09:35,09:51,16,16,57.72,0,0.0,131.828,74.108,1,B409,passenger_flight,Position,Delivery
15,31,Delivery,9,9,9,9,251,254,09:51,09:54,3,0,0.0,2,8.534,74.108,82.642,0,B409,delivery_service,Delivery,Delivery
15,32,Stay,9,9,9,9,254,271,09:54,10:11,17,0,0.0,17,72.539,82.642,155.181,0,B568,parking_charging,Position,Pickup
15,33,Pickup,9,9,9,9,271,274,10:11,10:14,3,0,0.0,2,4.819,155.181,160.0,1,B568,pickup_service,Pickup,Pickup
15,34,Stay,9,9,9,9,274,276,10:14,10:16,2,0,0.0,2,0.0,160.0,160.0,1,B596,parking_charging,Position,Pickup
15,35,Pickup,9,9,9,9,276,279,10:16,10:19,3,0,0.0,2,0.0,160.0,160.0,2,B596,pickup_service,Pickup,Pickup
15,36,Movement,9,2,9,2,279,293,10:19,10:33,14,14,50.24,0,0.0,160.0,109.76,2,B568,passenger_flight,Position,Delivery
15,37,Delivery,2,2,2,2,293,296,10:33,10:36,3,0,0.0,2,8.534,109.76,118.294,1,B568,delivery_service,Delivery,Delivery
15,38,Movement,2,6,2,6,296,307,10:36,10:47,11,11,37.0,0,0.0,118.294,81.294,1,B596,passenger_flight,Position,Delivery
15,39,Delivery,6,6,6,6,307,310,10:47,10:50,3,0,0.0,2,8.534,81.294,89.828,0,B596,delivery_service,Delivery,Delivery
15,40,Stay,6,6,6,6,310,345,10:50,11:25,35,0,0.0,35,70.172,89.828,160.0,0,B948,parking_charging,Position,Pickup
15,41,Pickup,6,6,6,6,345,348,11:25,11:28,3,0,0.0,2,0.0,160.0,160.0,1,B948,pickup_service,Pickup,Pickup
15,42,Pickup,6,6,6,6,348,351,11:28,11:31,3,0,0.0,2,0.0,160.0,160.0,2,B937,pickup_service,Pickup,Pickup
15,43,Movement,6,1,6,1,351,358,11:31,11:38,7,7,23.39,0,0.0,160.0,136.61,2,B937,passenger_flight,Position,Delivery
15,44,Delivery,1,1,1,1,358,361,11:38,11:41,3,0,0.0,2,8.534,136.61,145.144,1,B937,delivery_service,Delivery,Delivery
15,45,Movement,1,7,1,7,361,368,11:41,11:48,7,7,21.03,0,0.0,145.144,124.114,1,B948,passenger_flight,Position,Delivery
15,46,Delivery,7,7,7,7,368,371,11:48,11:51,3,0,0.0,2,8.534,124.114,132.648,0,B948,delivery_service,Delivery,Delivery
15,47,Pickup,7,7,7,7,371,374,11:51,11:54,3,0,0.0,2,8.534,132.648,141.182,1,B1016,pickup_service,Pickup,Pickup
15,48,Movement,7,9,7,9,374,386,11:54,12:06,12,12,40.12,0,0.0,141.182,101.062,1,B1016,passenger_flight,Position,Delivery
15,49,Delivery,9,9,9,9,386,389,12:06,12:09,3,0,0.0,2,8.534,101.062,109.596,0,B1016,delivery_service,Delivery,Delivery
15,50,Stay,9,9,9,9,389,400,12:09,12:20,11,0,0.0,11,46.937,109.596,156.533,0,B1112,parking_charging,Position,Pickup
15,51,Pickup,9,9,9,9,400,403,12:20,12:23,3,0,0.0,2,3.467,156.533,160.0,1,B1112,pickup_service,Pickup,Pickup
15,52,Movement,9,4,9,4,403,418,12:23,12:38,15,15,55.47,0,0.0,160.0,104.53,1,B1112,passenger_flight,Position,Delivery
15,53,Delivery,4,4,4,4,418,421,12:38,12:41,3,0,0.0,2,8.534,104.53,113.064,0,B1112,delivery_service,Delivery,Delivery
15,54,Stay,4,4,4,4,421,435,12:41,12:55,14,0,0.0,14,46.936,113.064,160.0,0,B1202,parking_charging,Position,Pickup
15,55,Pickup,4,4,4,4,435,438,12:55,12:58,3,0,0.0,2,0.0,160.0,160.0,1,B1202,pickup_service,Pickup,Pickup
15,56,Pickup,4,4,4,4,438,441,12:58,13:01,3,0,0.0,2,0.0,160.0,160.0,2,B1194,pickup_service,Pickup,Pickup
15,57,Movement,4,10,4,10,441,453,13:01,13:13,12,12,42.86,0,0.0,160.0,117.14,2,B1194,passenger_flight,Position,Delivery
15,58,Delivery,10,10,10,10,453,456,13:13,13:16,3,0,0.0,2,8.534,117.14,125.674,1,B1194,delivery_service,Delivery,Delivery
15,59,Delivery,10,10,10,10,456,459,13:16,13:19,3,0,0.0,2,8.534,125.674,134.208,0,B1202,delivery_service,Delivery,Delivery
15,60,Stay,10,10,10,10,459,460,13:19,13:20,1,0,0.0,1,4.267,134.208,138.475,0,B1250,parking_charging,Position,Pickup
15,61,Pickup,10,10,10,10,460,463,13:20,13:23,3,0,0.0,2,8.534,138.475,147.009,1,B1250,pickup_service,Pickup,Pickup
15,62,Pickup,10,10,10,10,463,466,13:23,13:26,3,0,0.0,2,8.534,147.009,155.543,2,B1254,pickup_service,Pickup,Pickup
15,63,Movement,10,6,10,6,466,477,13:26,13:37,11,11,35.74,0,0.0,155.543,119.803,2,B1250,passenger_flight,Position,Delivery
15,64,Delivery,6,6,6,6,477,480,13:37,13:40,3,0,0.0,2,8.534,119.803,128.337,1,B1250,delivery_service,Delivery,Delivery
15,65,Movement,6,3,6,3,480,490,13:40,13:50,10,10,32.98,0,0.0,128.337,95.357,1,B1254,passenger_flight,Position,Delivery
15,66,Delivery,3,3,3,3,490,493,13:50,13:53,3,0,0.0,2,8.534,95.357,103.891,0,B1254,delivery_service,Delivery,Delivery
15,67,Stay,3,3,3,3,493,508,13:53,14:08,15,0,0.0,15,56.109,103.891,160.0,0,B1364,parking_charging,Position,Pickup
15,68,Pickup,3,3,3,3,508,511,14:08,14:11,3,0,0.0,2,0.0,160.0,160.0,1,B1364,pickup_service,Pickup,Pickup
15,69,Pickup,3,3,3,3,511,514,14:11,14:14,3,0,0.0,2,0.0,160.0,160.0,2,B1374,pickup_service,Pickup,Pickup
15,70,Movement,3,1,3,1,514,520,14:14,14:20,6,6,9.61,0,0.0,160.0,150.39,2,B1364,passenger_flight,Position,Delivery
15,71,Delivery,1,1,1,1,520,523,14:20,14:23,3,0,0.0,2,8.534,150.39,158.924,1,B1364,delivery_service,Delivery,Delivery
15,72,Movement,1,4,1,4,523,527,14:23,14:27,4,4,4.98,0,0.0,158.924,153.944,1,B1374,passenger_flight,Position,Delivery
15,73,Delivery,4,4,4,4,527,530,14:27,14:30,3,0,0.0,2,6.056,153.944,160.0,0,B1374,delivery_service,Delivery,Delivery
15,74,Pickup,4,4,4,4,530,533,14:30,14:33,3,0,0.0,2,0.0,160.0,160.0,1,B1468,pickup_service,Pickup,Pickup
15,75,Pickup,4,4,4,4,533,536,14:33,14:36,3,0,0.0,2,0.0,160.0,160.0,2,B1460,pickup_service,Pickup,Pickup
15,76,Movement,4,2,4,2,536,542,14:36,14:42,6,6,16.13,0,0.0,160.0,143.87,2,B1460,passenger_flight,Position,Delivery
15,77,Delivery,2,2,2,2,542,545,14:42,14:45,3,0,0.0,2,8.534,143.87,152.404,1,B1460,delivery_service,Delivery,Delivery
15,78,Delivery,2,2,2,2,545,548,14:45,14:48,3,0,0.0,2,7.596,152.404,160.0,0,B1468,delivery_service,Delivery,Delivery
15,79,Stay,2,2,2,2,548,554,14:48,14:54,6,0,0.0,6,0.0,160.0,160.0,0,B1577,parking_charging,Position,Movement
15,80,Movement,2,3,2,3,554,557,14:54,14:57,3,3,4.08,0,0.0,160.0,155.92,0,B1577,empty_repositioning,Position,Pickup
15,81,Pickup,3,3,3,3,557,560,14:57,15:00,3,0,0.0,2,4.08,155.92,160.0,1,B1577,pickup_service,Pickup,Pickup
15,82,Stay,3,3,3,3,560,565,15:00,15:05,5,0,0.0,5,0.0,160.0,160.0,1,B1577,parking_charging,Position,Movement
15,83,Movement,3,4,3,4,565,572,15:05,15:12,7,7,12.6,0,0.0,160.0,147.4,1,B1577,passenger_flight,Position,Delivery
15,84,Delivery,4,4,4,4,572,575,15:12,15:15,3,0,0.0,2,8.534,147.4,155.934,0,B1577,delivery_service,Delivery,Delivery
15,85,Stay,4,4,4,4,575,631,15:15,16:11,56,0,0.0,56,4.066,155.934,160.0,0,B1918,parking_charging,Position,Pickup
15,86,Pickup,4,4,4,4,631,634,16:11,16:14,3,0,0.0,2,0.0,160.0,160.0,1,B1918,pickup_service,Pickup,Pickup
15,87,Pickup,4,4,4,4,634,637,16:14,16:17,3,0,0.0,2,0.0,160.0,160.0,3,B1940,pickup_service,Pickup,Pickup
15,88,Movement,4,7,4,7,637,644,16:17,16:24,7,7,21.43,0,0.0,160.0,138.57,3,B1918,passenger_flight,Position,Delivery
15,89,Delivery,7,7,7,7,644,647,16:24,16:27,3,0,0.0,2,8.534,138.57,147.104,2,B1918,delivery_service,Delivery,Delivery
15,90,Delivery,7,7,7,7,647,650,16:27,16:30,3,0,0.0,2,8.534,147.104,155.638,0,B1940,delivery_service,Delivery,Delivery
15,91,Pickup,7,7,7,7,650,653,16:30,16:33,3,0,0.0,2,4.362,155.638,160.0,2,B2008,pickup_service,Pickup,Pickup
15,92,Movement,7,4,7,4,653,660,16:33,16:40,7,7,21.43,0,0.0,160.0,138.57,2,B2008,passenger_flight,Position,Delivery
15,93,Delivery,4,4,4,4,660,663,16:40,16:43,3,0,0.0,2,8.534,138.57,147.104,0,B2008,delivery_service,Delivery,Delivery
15,94,Pickup,4,4,4,4,663,666,16:43,16:46,3,0,0.0,2,8.534,147.104,155.638,3,B2080,pickup_service,Pickup,Pickup
15,95,Movement,4,2,4,2,666,672,16:46,16:52,6,6,16.13,0,0.0,155.638,139.508,3,B2080,passenger_flight,Position,Delivery
15,96,Delivery,2,2,2,2,672,675,16:52,16:55,3,0,0.0,2,8.534,139.508,148.042,0,B2080,delivery_service,Delivery,Delivery
15,97,Pickup,2,2,2,2,675,678,16:55,16:58,3,0,0.0,2,8.534,148.042,156.576,1,B2171,pickup_service,Pickup,Pickup
15,98,Movement,2,4,2,4,678,684,16:58,17:04,6,6,16.13,0,0.0,156.576,140.446,1,B2171,passenger_flight,Position,Delivery
15,99,Delivery,4,4,4,4,684,687,17:04,17:07,3,0,0.0,2,8.534,140.446,148.98,0,B2171,delivery_service,Delivery,Delivery
15,100,Pickup,4,4,4,4,687,690,17:07,17:10,3,0,0.0,2,8.534,148.98,157.514,1,B2307,pickup_service,Pickup,Pickup
15,101,Pickup,4,4,4,4,690,693,17:10,17:13,3,0,0.0,2,2.486,157.514,160.0,4,B2327,pickup_service,Pickup,Pickup
15,102,Movement,4,2,4,2,693,699,17:13,17:19,6,6,16.13,0,0.0,160.0,143.87,4,B2307,passenger_flight,Position,Delivery
15,103,Delivery,2,2,2,2,699,702,17:19,17:22,3,0,0.0,2,8.534,143.87,152.404,3,B2307,delivery_service,Delivery,Delivery
15,104,Delivery,2,2,2,2,702,705,17:22,17:25,3,0,0.0,2,7.596,152.404,160.0,0,B2327,delivery_service,Delivery,Delivery
15,105,Pickup,2,2,2,2,705,708,17:25,17:28,3,0,0.0,2,0.0,160.0,160.0,1,B2525,pickup_service,Pickup,Pickup
15,106,Pickup,2,2,2,2,708,711,17:28,17:31,3,0,0.0,2,0.0,160.0,160.0,4,B2492,pickup_service,Pickup,Pickup
15,107,Movement,2,4,2,4,711,717,17:31,17:37,6,6,16.13,0,0.0,160.0,143.87,4,B2492,passenger_flight,Position,Delivery
15,108,Delivery,4,4,4,4,717,720,17:37,17:40,3,0,0.0,2,8.534,143.87,152.404,1,B2492,delivery_service,Delivery,Delivery
15,109,Delivery,4,4,4,4,720,723,17:40,17:43,3,0,0.0,2,7.596,152.404,160.0,0,B2525,delivery_service,Delivery,Delivery
15,110,Pickup,4,4,4,4,723,726,17:43,17:46,3,0,0.0,2,0.0,160.0,160.0,1,B2737,pickup_service,Pickup,Pickup
15,111,Stay,4,4,4,4,726,728,17:46,17:48,2,0,0.0,2,0.0,160.0,160.0,1,B2795,parking_charging,Position,Pickup
15,112,Pickup,4,4,4,4,728,731,17:48,17:51,3,0,0.0,2,0.0,160.0,160.0,4,B2795,pickup_service,Pickup,Pickup
15,113,Movement,4,2,4,2,731,737,17:51,17:57,6,6,16.13,0,0.0,160.0,143.87,4,B2737,passenger_flight,Position,Delivery
15,114,Delivery,2,2,2,2,737,740,17:57,18:00,3,0,0.0,2,8.534,143.87,152.404,3,B2737,delivery_service,Delivery,Delivery
15,115,Stay,2,2,2,2,740,743,18:00,18:03,3,0,0.0,3,7.596,152.404,160.0,3,B2795,parking_charging,Position,Delivery
15,116,Delivery,2,2,2,2,743,746,18:03,18:06,3,0,0.0,2,0.0,160.0,160.0,0,B2795,delivery_service,Delivery,Delivery
15,117,Pickup,2,2,2,2,746,749,18:06,18:09,3,0,0.0,2,0.0,160.0,160.0,1,B2965,pickup_service,Pickup,Pickup
15,118,Stay,2,2,2,2,749,753,18:09,18:13,4,0,0.0,4,0.0,160.0,160.0,1,B3006,parking_charging,Position,Pickup
15,119,Pickup,2,2,2,2,753,756,18:13,18:16,3,0,0.0,2,0.0,160.0,160.0,4,B3006,pickup_service,Pickup,Pickup
15,120,Movement,2,1,2,1,756,763,18:16,18:23,7,7,13.61,0,0.0,160.0,146.39,4,B2965,passenger_flight,Position,Delivery
15,121,Delivery,1,1,1,1,763,766,18:23,18:26,3,0,0.0,2,8.534,146.39,154.924,3,B2965,delivery_service,Delivery,Delivery
15,122,Stay,1,1,1,1,766,769,18:26,18:29,3,0,0.0,3,5.076,154.924,160.0,3,B3006,parking_charging,Position,Delivery
15,123,Delivery,1,1,1,1,769,772,18:29,18:32,3,0,0.0,2,0.0,160.0,160.0,0,B3006,delivery_service,Delivery,Delivery
15,124,Pickup,1,1,1,1,772,775,18:32,18:35,3,0,0.0,2,0.0,160.0,160.0,1,B3118,pickup_service,Pickup,Pickup
15,125,Stay,1,1,1,1,775,777,18:35,18:37,2,0,0.0,2,0.0,160.0,160.0,1,B3154,parking_charging,Position,Pickup
15,126,Pickup,1,1,1,1,777,780,18:37,18:40,3,0,0.0,2,0.0,160.0,160.0,4,B3154,pickup_service,Pickup,Pickup
15,127,Movement,1,3,1,3,780,786,18:40,18:46,6,6,9.61,0,0.0,160.0,150.39,4,B3118,passenger_flight,Position,Delivery
15,128,Delivery,3,3,3,3,786,789,18:46,18:49,3,0,0.0,2,8.534,150.39,158.924,3,B3118,delivery_service,Delivery,Delivery
15,129,Delivery,3,3,3,3,789,792,18:49,18:52,3,0,0.0,2,1.076,158.924,160.0,0,B3154,delivery_service,Delivery,Delivery
15,130,Stay,3,3,3,3,792,800,18:52,19:00,8,0,0.0,8,0.0,160.0,160.0,0,B3306,parking_charging,Position,Movement
15,131,Movement,3,1,3,1,800,806,19:00,19:06,6,6,9.61,0,0.0,160.0,150.39,0,B3306,empty_repositioning,Position,Pickup
15,132,Pickup,1,1,1,1,806,809,19:06,19:09,3,0,0.0,2,8.534,150.39,158.924,1,B3306,pickup_service,Pickup,Pickup
15,133,Movement,1,6,1,6,809,816,19:09,19:16,7,7,23.39,0,0.0,158.924,135.534,1,B3306,passenger_flight,Position,Delivery
15,134,Delivery,6,6,6,6,816,819,19:16,19:19,3,0,0.0,2,8.534,135.534,144.068,0,B3306,delivery_service,Delivery,Delivery
16,0,Stay,7,7,7,7,0,111,05:40,07:31,111,0,0.0,111,0.0,160.0,160.0,0,B87,parking_charging,Position,Pickup
16,1,Pickup,7,7,7,7,111,114,07:31,07:34,3,0,0.0,2,0.0,160.0,160.0,1,B87,pickup_service,Pickup,Pickup
16,2,Movement,7,4,7,4,114,121,07:34,07:41,7,7,21.43,0,0.0,160.0,138.57,1,B87,passenger_flight,Position,Delivery
16,3,Delivery,4,4,4,4,121,124,07:41,07:44,3,0,0.0,2,8.534,138.57,147.104,0,B87,delivery_service,Delivery,Delivery
16,4,Stay,4,4,4,4,124,131,07:44,07:51,7,0,0.0,7,12.896,147.104,160.0,0,B118,parking_charging,Position,Movement
16,5,Movement,4,6,4,6,131,138,07:51,07:58,7,7,22.06,0,0.0,160.0,137.94,0,B118,empty_repositioning,Position,Pickup
16,6,Pickup,6,6,6,6,138,141,07:58,08:01,3,0,0.0,2,8.534,137.94,146.474,1,B118,pickup_service,Pickup,Pickup
16,7,Stay,6,6,6,6,141,144,08:01,08:04,3,0,0.0,3,12.801,146.474,159.275,1,B118,parking_charging,Position,Movement
16,8,Movement,6,1,6,1,144,151,08:04,08:11,7,7,23.39,0,0.0,159.275,135.885,1,B118,passenger_flight,Position,Delivery
16,9,Delivery,1,1,1,1,151,154,08:11,08:14,3,0,0.0,2,8.534,135.885,144.419,0,B118,delivery_service,Delivery,Delivery
16,10,Stay,1,1,1,1,154,160,08:14,08:20,6,0,0.0,6,15.581,144.419,160.0,0,B210,parking_charging,Position,Movement
16,11,Movement,1,6,1,6,160,167,08:20,08:27,7,7,23.39,0,0.0,160.0,136.61,0,B210,empty_repositioning,Position,Pickup
16,12,Pickup,6,6,6,6,167,170,08:27,08:30,3,0,0.0,2,8.534,136.61,145.144,1,B210,pickup_service,Pickup,Pickup
16,13,Movement,6,1,6,1,170,177,08:30,08:37,7,7,23.39,0,0.0,145.144,121.754,1,B210,passenger_flight,Position,Delivery
16,14,Delivery,1,1,1,1,177,180,08:37,08:40,3,0,0.0,2,8.534,121.754,130.288,0,B210,delivery_service,Delivery,Delivery
16,15,Movement,1,3,1,3,180,186,08:40,08:46,6,6,9.61,0,0.0,130.288,120.678,0,B299,empty_repositioning,Position,Pickup
16,16,Pickup,3,3,3,3,186,189,08:46,08:49,3,0,0.0,2,8.534,120.678,129.212,1,B299,pickup_service,Pickup,Pickup
16,17,Pickup,3,3,3,3,189,192,08:49,08:52,3,0,0.0,2,8.534,129.212,137.746,2,B308,pickup_service,Pickup,Pickup
16,18,Movement,3,8,3,8,192,202,08:52,09:02,10,10,35.17,0,0.0,137.746,102.576,2,B299,passenger_flight,Position,Delivery
16,19,Delivery,8,8,8,8,202,205,09:02,09:05,3,0,0.0,2,8.534,102.576,111.11,1,B299,delivery_service,Delivery,Delivery
16,20,Movement,8,9,8,9,205,211,09:05,09:11,6,6,18.04,0,0.0,111.11,93.07,1,B308,passenger_flight,Position,Delivery
16,21,Delivery,9,9,9,9,211,214,09:11,09:14,3,0,0.0,2,8.534,93.07,101.604,0,B308,delivery_service,Delivery,Delivery
16,22,Pickup,9,9,9,9,214,217,09:14,09:17,3,0,0.0,2,8.534,101.604,110.138,1,B383,pickup_service,Pickup,Pickup
16,23,Pickup,9,9,9,9,217,220,09:17,09:20,3,0,0.0,2,8.534,110.138,118.672,2,B395,pickup_service,Pickup,Pickup
16,24,Movement,9,7,9,7,220,232,09:20,09:32,12,12,40.12,0,0.0,118.672,78.552,2,B383,passenger_flight,Position,Delivery
16,25,Delivery,7,7,7,7,232,235,09:32,09:35,3,0,0.0,2,8.534,78.552,87.086,1,B383,delivery_service,Delivery,Delivery
16,26,Movement,7,2,7,2,235,241,09:35,09:41,6,6,10.2,0,0.0,87.086,76.886,1,B395,passenger_flight,Position,Delivery
16,27,Delivery,2,2,2,2,241,244,09:41,09:44,3,0,0.0,2,8.534,76.886,85.42,0,B395,delivery_service,Delivery,Delivery
16,28,Stay,2,2,2,2,244,255,09:44,09:55,11,0,0.0,11,46.937,85.42,132.357,0,B483,parking_charging,Position,Pickup
16,29,Pickup,2,2,2,2,255,258,09:55,09:58,3,0,0.0,2,8.534,132.357,140.891,1,B483,pickup_service,Pickup,Pickup
16,30,Pickup,2,2,2,2,258,261,09:58,10:01,3,0,0.0,2,8.534,140.891,149.425,2,B478,pickup_service,Pickup,Pickup
16,31,Movement,2,4,2,4,261,267,10:01,10:07,6,6,16.13,0,0.0,149.425,133.295,2,B478,passenger_flight,Position,Delivery
16,32,Delivery,4,4,4,4,267,270,10:07,10:10,3,0,0.0,2,8.534,133.295,141.829,1,B478,delivery_service,Delivery,Delivery
16,33,Delivery,4,4,4,4,270,273,10:10,10:13,3,0,0.0,2,8.534,141.829,150.363,0,B483,delivery_service,Delivery,Delivery
16,34,Pickup,4,4,4,4,273,276,10:13,10:16,3,0,0.0,2,8.534,150.363,158.897,1,B573,pickup_service,Pickup,Pickup
16,35,Pickup,4,4,4,4,276,279,10:16,10:19,3,0,0.0,2,1.103,158.897,160.0,2,B555,pickup_service,Pickup,Pickup
16,36,Movement,4,3,4,3,279,286,10:19,10:26,7,7,12.6,0,0.0,160.0,147.4,2,B555,passenger_flight,Position,Delivery
16,37,Delivery,3,3,3,3,286,289,10:26,10:29,3,0,0.0,2,8.534,147.4,155.934,1,B555,delivery_service,Delivery,Delivery
16,38,Delivery,3,3,3,3,289,292,10:29,10:32,3,0,0.0,2,4.066,155.934,160.0,0,B573,delivery_service,Delivery,Delivery
16,39,Stay,3,3,3,3,292,293,10:32,10:33,1,0,0.0,1,0.0,160.0,160.0,0,B682,parking_charging,Position,Pickup
16,40,Pickup,3,3,3,3,293,296,10:33,10:36,3,0,0.0,2,0.0,160.0,160.0,1,B682,pickup_service,Pickup,Pickup
16,41,Stay,3,3,3,3,296,304,10:36,10:44,8,0,0.0,8,0.0,160.0,160.0,1,B682,parking_charging,Position,Movement
16,42,Movement,3,5,3,5,304,312,10:44,10:52,8,8,23.93,0,0.0,160.0,136.07,1,B682,passenger_flight,Position,Delivery
16,43,Delivery,5,5,5,5,312,315,10:52,10:55,3,0,0.0,2,8.534,136.07,144.604,0,B682,delivery_service,Delivery,Delivery
16,44,Pickup,5,5,5,5,315,318,10:55,10:58,3,0,0.0,2,8.534,144.604,153.138,1,B806,pickup_service,Pickup,Pickup
16,45,Movement,5,3,5,3,318,326,10:58,11:06,8,8,23.93,0,0.0,153.138,129.208,1,B806,passenger_flight,Position,Delivery
16,46,Delivery,3,3,3,3,326,329,11:06,11:09,3,0,0.0,2,8.534,129.208,137.742,0,B806,delivery_service,Delivery,Delivery
16,47,Pickup,3,3,3,3,329,332,11:09,11:12,3,0,0.0,2,8.534,137.742,146.276,1,B839,pickup_service,Pickup,Pickup
16,48,Movement,3,1,3,1,332,338,11:12,11:18,6,6,9.61,0,0.0,146.276,136.666,1,B839,passenger_flight,Position,Delivery
16,49,Delivery,1,1,1,1,338,341,11:18,11:21,3,0,0.0,2,8.534,136.666,145.2,0,B839,delivery_service,Delivery,Delivery
16,50,Pickup,1,1,1,1,341,344,11:21,11:24,3,0,0.0,2,8.534,145.2,153.734,1,B923,pickup_service,Pickup,Pickup
16,51,Movement,1,2,1,2,344,351,11:24,11:31,7,7,13.61,0,0.0,153.734,140.124,1,B923,passenger_flight,Position,Delivery
16,52,Delivery,2,2,2,2,351,354,11:31,11:34,3,0,0.0,2,8.534,140.124,148.658,0,B923,delivery_service,Delivery,Delivery
16,53,Stay,2,2,2,2,354,362,11:34,11:42,8,0,0.0,8,11.342,148.658,160.0,0,B1008,parking_charging,Position,Pickup
16,54,Pickup,2,2,2,2,362,365,11:42,11:45,3,0,0.0,2,0.0,160.0,160.0,1,B1008,pickup_service,Pickup,Pickup
16,55,Pickup,2,2,2,2,365,368,11:45,11:48,3,0,0.0,2,0.0,160.0,160.0,2,B1019,pickup_service,Pickup,Pickup
16,56,Movement,2,1,2,1,368,375,11:48,11:55,7,7,13.61,0,0.0,160.0,146.39,2,B1008,passenger_flight,Position,Delivery
16,57,Delivery,1,1,1,1,375,378,11:55,11:58,3,0,0.0,2,8.534,146.39,154.924,1,B1008,delivery_service,Delivery,Delivery
16,58,Movement,1,6,1,6,378,385,11:58,12:05,7,7,23.39,0,0.0,154.924,131.534,1,B1019,passenger_flight,Position,Delivery
16,59,Delivery,6,6,6,6,385,388,12:05,12:08,3,0,0.0,2,8.534,131.534,140.068,0,B1019,delivery_service,Delivery,Delivery
16,60,Stay,6,6,6,6,388,395,12:08,12:15,7,0,0.0,7,19.932,140.068,160.0,0,B1098,parking_charging,Position,Pickup
16,61,Pickup,6,6,6,6,395,398,12:15,12:18,3,0,0.0,2,0.0,160.0,160.0,1,B1098,pickup_service,Pickup,Pickup
16,62,Stay,6,6,6,6,398,405,12:18,12:25,7,0,0.0,7,0.0,160.0,160.0,1,B1098,parking_charging,Position,Movement
16,63,Movement,6,7,6,7,405,417,12:25,12:37,12,12,43.48,0,0.0,160.0,116.52,1,B1098,passenger_flight,Position,Delivery
16,64,Delivery,7,7,7,7,417,420,12:37,12:40,3,0,0.0,2,8.534,116.52,125.054,0,B1098,delivery_service,Delivery,Delivery
16,65,Pickup,7,7,7,7,420,423,12:40,12:43,3,0,0.0,2,8.534,125.054,133.588,1,B1158,pickup_service,Pickup,Pickup
16,66,Movement,7,4,7,4,423,430,12:43,12:50,7,7,21.43,0,0.0,133.588,112.158,1,B1158,passenger_flight,Position,Delivery
16,67,Delivery,4,4,4,4,430,433,12:50,12:53,3,0,0.0,2,8.534,112.158,120.692,0,B1158,delivery_service,Delivery,Delivery
16,68,Stay,4,4,4,4,433,447,12:53,13:07,14,0,0.0,14,39.308,120.692,160.0,0,B1229,parking_charging,Position,Pickup
16,69,Pickup,4,4,4,4,447,450,13:07,13:10,3,0,0.0,2,0.0,160.0,160.0,2,B1229,pickup_service,Pickup,Pickup
16,70,Stay,4,4,4,4,450,453,13:10,13:13,3,0,0.0,3,0.0,160.0,160.0,2,B1238,parking_charging,Position,Pickup
16,71,Pickup,4,4,4,4,453,456,13:13,13:16,3,0,0.0,2,0.0,160.0,160.0,3,B1238,pickup_service,Pickup,Pickup
16,72,Movement,4,2,4,2,456,462,13:16,13:22,6,6,16.13,0,0.0,160.0,143.87,3,B1229,passenger_flight,Position,Delivery
16,73,Delivery,2,2,2,2,462,465,13:22,13:25,3,0,0.0,2,8.534,143.87,152.404,1,B1229,delivery_service,Delivery,Delivery
16,74,Stay,2,2,2,2,465,468,13:25,13:28,3,0,0.0,3,7.596,152.404,160.0,1,B1238,parking_charging,Position,Delivery
16,75,Delivery,2,2,2,2,468,471,13:28,13:31,3,0,0.0,2,0.0,160.0,160.0,0,B1238,delivery_service,Delivery,Delivery
16,76,Stay,2,2,2,2,471,472,13:31,13:32,1,0,0.0,1,0.0,160.0,160.0,0,B1276,parking_charging,Position,Pickup
16,77,Pickup,2,2,2,2,472,475,13:32,13:35,3,0,0.0,2,0.0,160.0,160.0,1,B1276,pickup_service,Pickup,Pickup
16,78,Stay,2,2,2,2,475,483,13:35,13:43,8,0,0.0,8,0.0,160.0,160.0,1,B1276,parking_charging,Position,Movement
16,79,Movement,2,5,2,5,483,491,13:43,13:51,8,8,27.57,0,0.0,160.0,132.43,1,B1276,passenger_flight,Position,Delivery
16,80,Delivery,5,5,5,5,491,494,13:51,13:54,3,0,0.0,2,8.534,132.43,140.964,0,B1276,delivery_service,Delivery,Delivery
16,81,Stay,5,5,5,5,494,520,13:54,14:20,26,0,0.0,26,19.036,140.964,160.0,0,B1455,parking_charging,Position,Movement
16,82,Movement,5,7,5,7,520,530,14:20,14:30,10,10,32.24,0,0.0,160.0,127.76,0,B1455,empty_repositioning,Position,Pickup
16,83,Pickup,7,7,7,7,530,533,14:30,14:33,3,0,0.0,2,8.534,127.76,136.294,1,B1455,pickup_service,Pickup,Pickup
16,84,Movement,7,4,7,4,533,540,14:33,14:40,7,7,21.43,0,0.0,136.294,114.864,1,B1455,passenger_flight,Position,Delivery
16,85,Delivery,4,4,4,4,540,543,14:40,14:43,3,0,0.0,2,8.534,114.864,123.398,0,B1455,delivery_service,Delivery,Delivery
16,86,Pickup,4,4,4,4,543,546,14:43,14:46,3,0,0.0,2,8.534,123.398,131.932,1,B1520,pickup_service,Pickup,Pickup
16,87,Movement,4,7,4,7,546,553,14:46,14:53,7,7,21.43,0,0.0,131.932,110.502,1,B1520,passenger_flight,Position,Delivery
16,88,Delivery,7,7,7,7,553,556,14:53,14:56,3,0,0.0,2,8.534,110.502,119.036,0,B1520,delivery_service,Delivery,Delivery
16,89,Stay,7,7,7,7,556,572,14:56,15:12,16,0,0.0,16,40.964,119.036,160.0,0,B1644,parking_charging,Position,Pickup
16,90,Pickup,7,7,7,7,572,575,15:12,15:15,3,0,0.0,2,0.0,160.0,160.0,1,B1644,pickup_service,Pickup,Pickup
16,91,Pickup,7,7,7,7,575,578,15:15,15:18,3,0,0.0,2,0.0,160.0,160.0,2,B1633,pickup_service,Pickup,Pickup
16,92,Movement,7,4,7,4,578,585,15:18,15:25,7,7,21.43,0,0.0,160.0,138.57,2,B1633,passenger_flight,Position,Delivery
16,93,Delivery,4,4,4,4,585,588,15:25,15:28,3,0,0.0,2,8.534,138.57,147.104,1,B1633,delivery_service,Delivery,Delivery
16,94,Delivery,4,4,4,4,588,591,15:28,15:31,3,0,0.0,2,8.534,147.104,155.638,0,B1644,delivery_service,Delivery,Delivery
16,95,Pickup,4,4,4,4,591,594,15:31,15:34,3,0,0.0,2,4.362,155.638,160.0,1,B1705,pickup_service,Pickup,Pickup
16,96,Stay,4,4,4,4,594,597,15:34,15:37,3,0,0.0,3,0.0,160.0,160.0,1,B1742,parking_charging,Position,Pickup
16,97,Pickup,4,4,4,4,597,600,15:37,15:40,3,0,0.0,2,0.0,160.0,160.0,2,B1742,pickup_service,Pickup,Pickup
16,98,Movement,4,3,4,3,600,607,15:40,15:47,7,7,12.6,0,0.0,160.0,147.4,2,B1705,passenger_flight,Position,Delivery
16,99,Delivery,3,3,3,3,607,610,15:47,15:50,3,0,0.0,2,8.534,147.4,155.934,1,B1705,delivery_service,Delivery,Delivery
16,100,Delivery,3,3,3,3,610,613,15:50,15:53,3,0,0.0,2,4.066,155.934,160.0,0,B1742,delivery_service,Delivery,Delivery
16,101,Pickup,3,3,3,3,613,616,15:53,15:56,3,0,0.0,2,0.0,160.0,160.0,1,B1786,pickup_service,Pickup,Pickup
16,102,Movement,3,4,3,4,616,623,15:56,16:03,7,7,12.6,0,0.0,160.0,147.4,1,B1786,passenger_flight,Position,Delivery
16,103,Delivery,4,4,4,4,623,626,16:03,16:06,3,0,0.0,2,8.534,147.4,155.934,0,B1786,delivery_service,Delivery,Delivery
16,104,Stay,4,4,4,4,626,633,16:06,16:13,7,0,0.0,7,4.066,155.934,160.0,0,B1930,parking_charging,Position,Pickup
16,105,Pickup,4,4,4,4,633,636,16:13,16:16,3,0,0.0,2,0.0,160.0,160.0,1,B1930,pickup_service,Pickup,Pickup
16,106,Pickup,4,4,4,4,636,639,16:16,16:19,3,0,0.0,2,0.0,160.0,160.0,3,B1919,pickup_service,Pickup,Pickup
16,107,Movement,4,9,4,9,639,654,16:19,16:34,15,15,55.47,0,0.0,160.0,104.53,3,B1930,passenger_flight,Position,Delivery
16,108,Delivery,9,9,9,9,654,657,16:34,16:37,3,0,0.0,2,8.534,104.53,113.064,2,B1930,delivery_service,Delivery,Delivery
16,109,Delivery,9,9,9,9,657,660,16:37,16:40,3,0,0.0,2,8.534,113.064,121.598,0,B1919,delivery_service,Delivery,Delivery
16,110,Stay,9,9,9,9,660,674,16:40,16:54,14,0,0.0,14,38.402,121.598,160.0,0,B2223,parking_charging,Position,Pickup
16,111,Pickup,9,9,9,9,674,677,16:54,16:57,3,0,0.0,2,0.0,160.0,160.0,1,B2223,pickup_service,Pickup,Pickup
16,112,Stay,9,9,9,9,677,679,16:57,16:59,2,0,0.0,2,0.0,160.0,160.0,1,B2259,parking_charging,Position,Pickup
16,113,Pickup,9,9,9,9,679,682,16:59,17:02,3,0,0.0,2,0.0,160.0,160.0,2,B2259,pickup_service,Pickup,Pickup
16,114,Stay,9,9,9,9,682,687,17:02,17:07,5,0,0.0,5,0.0,160.0,160.0,2,B2223,parking_charging,Position,Movement
16,115,Movement,9,4,9,4,687,702,17:07,17:22,15,15,55.47,0,0.0,160.0,104.53,2,B2223,passenger_flight,Position,Delivery
16,116,Delivery,4,4,4,4,702,705,17:22,17:25,3,0,0.0,2,8.534,104.53,113.064,1,B2223,delivery_service,Delivery,Delivery
16,117,Delivery,4,4,4,4,705,708,17:25,17:28,3,0,0.0,2,8.534,113.064,121.598,0,B2259,delivery_service,Delivery,Delivery
16,118,Stay,4,4,4,4,708,723,17:28,17:43,15,0,0.0,15,38.402,121.598,160.0,0,B2739,parking_charging,Position,Pickup
16,119,Pickup,4,4,4,4,723,726,17:43,17:46,3,0,0.0,2,0.0,160.0,160.0,1,B2739,pickup_service,Pickup,Pickup
16,120,Pickup,4,4,4,4,726,729,17:46,17:49,3,0,0.0,2,0.0,160.0,160.0,4,B2759,pickup_service,Pickup,Pickup
16,121,Movement,4,7,4,7,729,736,17:49,17:56,7,7,21.43,0,0.0,160.0,138.57,4,B2739,passenger_flight,Position,Delivery
16,122,Delivery,7,7,7,7,736,739,17:56,17:59,3,0,0.0,2,8.534,138.57,147.104,3,B2739,delivery_service,Delivery,Delivery
16,123,Delivery,7,7,7,7,739,742,17:59,18:02,3,0,0.0,2,8.534,147.104,155.638,0,B2759,delivery_service,Delivery,Delivery
16,124,Stay,7,7,7,7,742,757,18:02,18:17,15,0,0.0,15,4.362,155.638,160.0,0,B3031,parking_charging,Position,Pickup
16,125,Pickup,7,7,7,7,757,760,18:17,18:20,3,0,0.0,2,0.0,160.0,160.0,2,B3031,pickup_service,Pickup,Pickup
16,126,Stay,7,7,7,7,760,767,18:20,18:27,7,0,0.0,7,0.0,160.0,160.0,2,B3031,parking_charging,Position,Movement
16,127,Movement,7,4,7,4,767,774,18:27,18:34,7,7,21.43,0,0.0,160.0,138.57,2,B3031,passenger_flight,Position,Delivery
16,128,Delivery,4,4,4,4,774,777,18:34,18:37,3,0,0.0,2,8.534,138.57,147.104,0,B3031,delivery_service,Delivery,Delivery
16,129,Pickup,4,4,4,4,777,780,18:37,18:40,3,0,0.0,2,8.534,147.104,155.638,2,B3142,pickup_service,Pickup,Pickup
16,130,Stay,4,4,4,4,780,783,18:40,18:43,3,0,0.0,3,4.362,155.638,160.0,2,B3142,parking_charging,Position,Movement
16,131,Movement,4,2,4,2,783,789,18:43,18:49,6,6,16.13,0,0.0,160.0,143.87,2,B3142,passenger_flight,Position,Delivery
16,132,Delivery,2,2,2,2,789,792,18:49,18:52,3,0,0.0,2,8.534,143.87,152.404,0,B3142,delivery_service,Delivery,Delivery
16,133,Pickup,2,2,2,2,792,795,18:52,18:55,3,0,0.0,2,7.596,152.404,160.0,1,B3235,pickup_service,Pickup,Pickup
16,134,Stay,2,2,2,2,795,799,18:55,18:59,4,0,0.0,4,0.0,160.0,160.0,1,B3283,parking_charging,Position,Pickup
16,135,Pickup,2,2,2,2,799,802,18:59,19:02,3,0,0.0,2,0.0,160.0,160.0,4,B3283,pickup_service,Pickup,Pickup
16,136,Movement,2,5,2,5,802,810,19:02,19:10,8,8,27.57,0,0.0,160.0,132.43,4,B3235,passenger_flight,Position,Delivery
16,137,Delivery,5,5,5,5,810,813,19:10,19:13,3,0,0.0,2,8.534,132.43,140.964,3,B3235,delivery_service,Delivery,Delivery
16,138,Delivery,5,5,5,5,813,816,19:13,19:16,3,0,0.0,2,8.534,140.964,149.498,0,B3283,delivery_service,Delivery,Delivery
16,139,Movement,5,7,5,7,816,826,19:16,19:26,10,10,32.24,0,0.0,149.498,117.258,0,,return_to_depot,Position,Depot
17,0,Stay,8,8,8,8,0,82,05:40,07:02,82,0,0.0,82,0.0,160.0,160.0,0,B51,parking_charging,Position,Pickup
17,1,Pickup,8,8,8,8,82,85,07:02,07:05,3,0,0.0,2,0.0,160.0,160.0,1,B51,pickup_service,Pickup,Pickup
17,2,Movement,8,2,8,2,85,95,07:05,07:15,10,10,32.38,0,0.0,160.0,127.62,1,B51,passenger_flight,Position,Delivery
17,3,Delivery,2,2,2,2,95,98,07:15,07:18,3,0,0.0,2,8.534,127.62,136.154,0,B51,delivery_service,Delivery,Delivery
17,4,Stay,2,2,2,2,98,101,07:18,07:21,3,0,0.0,3,12.801,136.154,148.955,0,B74,parking_charging,Position,Pickup
17,5,Pickup,2,2,2,2,101,104,07:21,07:24,3,0,0.0,2,8.534,148.955,157.489,1,B74,pickup_service,Pickup,Pickup
17,6,Movement,2,4,2,4,104,110,07:24,07:30,6,6,16.13,0,0.0,157.489,141.359,1,B74,passenger_flight,Position,Delivery
17,7,Delivery,4,4,4,4,110,113,07:30,07:33,3,0,0.0,2,8.534,141.359,149.893,0,B74,delivery_service,Delivery,Delivery
17,8,Stay,4,4,4,4,113,120,07:33,07:40,7,0,0.0,7,10.107,149.893,160.0,0,B101,parking_charging,Position,Movement
17,9,Movement,4,6,4,6,120,127,07:40,07:47,7,7,22.06,0,0.0,160.0,137.94,0,B101,empty_repositioning,Position,Pickup
17,10,Pickup,6,6,6,6,127,130,07:47,07:50,3,0,0.0,2,8.534,137.94,146.474,2,B101,pickup_service,Pickup,Pickup
17,11,Movement,6,1,6,1,130,137,07:50,07:57,7,7,23.39,0,0.0,146.474,123.084,2,B101,passenger_flight,Position,Delivery
17,12,Delivery,1,1,1,1,137,140,07:57,08:00,3,0,0.0,2,8.534,123.084,131.618,0,B101,delivery_service,Delivery,Delivery
17,13,Movement,1,6,1,6,140,147,08:00,08:07,7,7,23.39,0,0.0,131.618,108.228,0,B145,empty_repositioning,Position,Pickup
17,14,Pickup,6,6,6,6,147,150,08:07,08:10,3,0,0.0,2,8.534,108.228,116.762,1,B145,pickup_service,Pickup,Pickup
17,15,Stay,6,6,6,6,150,151,08:10,08:11,1,0,0.0,1,4.267,116.762,121.029,1,B171,parking_charging,Position,Pickup
17,16,Pickup,6,6,6,6,151,154,08:11,08:14,3,0,0.0,2,8.534,121.029,129.563,2,B171,pickup_service,Pickup,Pickup
17,17,Movement,6,1,6,1,154,161,08:14,08:21,7,7,23.39,0,0.0,129.563,106.173,2,B145,passenger_flight,Position,Delivery
17,18,Delivery,1,1,1,1,161,164,08:21,08:24,3,0,0.0,2,8.534,106.173,114.707,1,B145,delivery_service,Delivery,Delivery
17,19,Delivery,1,1,1,1,164,167,08:24,08:27,3,0,0.0,2,8.534,114.707,123.241,0,B171,delivery_service,Delivery,Delivery
17,20,Stay,1,1,1,1,167,193,08:27,08:53,26,0,0.0,26,36.759,123.241,160.0,0,B325,parking_charging,Position,Pickup
17,21,Pickup,1,1,1,1,193,196,08:53,08:56,3,0,0.0,2,0.0,160.0,160.0,1,B325,pickup_service,Pickup,Pickup
17,22,Stay,1,1,1,1,196,207,08:56,09:07,11,0,0.0,11,0.0,160.0,160.0,1,B325,parking_charging,Position,Movement
17,23,Movement,1,9,1,9,207,223,09:07,09:23,16,16,57.72,0,0.0,160.0,102.28,1,B325,passenger_flight,Position,Delivery
17,24,Delivery,9,9,9,9,223,226,09:23,09:26,3,0,0.0,2,8.534,102.28,110.814,0,B325,delivery_service,Delivery,Delivery
17,25,Stay,9,9,9,9,226,228,09:26,09:28,2,0,0.0,2,8.534,110.814,119.348,0,B428,parking_charging,Position,Pickup
17,26,Pickup,9,9,9,9,228,231,09:28,09:31,3,0,0.0,2,8.534,119.348,127.882,1,B428,pickup_service,Pickup,Pickup
17,27,Pickup,9,9,9,9,231,234,09:31,09:34,3,0,0.0,2,8.534,127.882,136.416,2,B415,pickup_service,Pickup,Pickup
17,28,Movement,9,7,9,7,234,246,09:34,09:46,12,12,40.12,0,0.0,136.416,96.296,2,B415,passenger_flight,Position,Delivery
17,29,Delivery,7,7,7,7,246,249,09:46,09:49,3,0,0.0,2,8.534,96.296,104.83,1,B415,delivery_service,Delivery,Delivery
17,30,Delivery,7,7,7,7,249,252,09:49,09:52,3,0,0.0,2,8.534,104.83,113.364,0,B428,delivery_service,Delivery,Delivery
17,31,Stay,7,7,7,7,252,268,09:52,10:08,16,0,0.0,16,46.636,113.364,160.0,0,B539,parking_charging,Position,Pickup
17,32,Pickup,7,7,7,7,268,271,10:08,10:11,3,0,0.0,2,0.0,160.0,160.0,1,B539,pickup_service,Pickup,Pickup
17,33,Pickup,7,7,7,7,271,274,10:11,10:14,3,0,0.0,2,0.0,160.0,160.0,2,B523,pickup_service,Pickup,Pickup
17,34,Movement,7,4,7,4,274,281,10:14,10:21,7,7,21.43,0,0.0,160.0,138.57,2,B523,passenger_flight,Position,Delivery
17,35,Delivery,4,4,4,4,281,284,10:21,10:24,3,0,0.0,2,8.534,138.57,147.104,1,B523,delivery_service,Delivery,Delivery
17,36,Delivery,4,4,4,4,284,287,10:24,10:27,3,0,0.0,2,8.534,147.104,155.638,0,B539,delivery_service,Delivery,Delivery
17,37,Stay,4,4,4,4,287,294,10:27,10:34,7,0,0.0,7,4.362,155.638,160.0,0,B690,parking_charging,Position,Pickup
17,38,Pickup,4,4,4,4,294,297,10:34,10:37,3,0,0.0,2,0.0,160.0,160.0,1,B690,pickup_service,Pickup,Pickup
17,39,Stay,4,4,4,4,297,304,10:37,10:44,7,0,0.0,7,0.0,160.0,160.0,1,B690,parking_charging,Position,Movement
17,40,Movement,4,2,4,2,304,310,10:44,10:50,6,6,16.13,0,0.0,160.0,143.87,1,B690,passenger_flight,Position,Delivery
17,41,Delivery,2,2,2,2,310,313,10:50,10:53,3,0,0.0,2,8.534,143.87,152.404,0,B690,delivery_service,Delivery,Delivery
17,42,Pickup,2,2,2,2,313,316,10:53,10:56,3,0,0.0,2,7.596,152.404,160.0,1,B770,pickup_service,Pickup,Pickup
17,43,Movement,2,4,2,4,316,322,10:56,11:02,6,6,16.13,0,0.0,160.0,143.87,1,B770,passenger_flight,Position,Delivery
17,44,Delivery,4,4,4,4,322,325,11:02,11:05,3,0,0.0,2,8.534,143.87,152.404,0,B770,delivery_service,Delivery,Delivery
17,45,Stay,4,4,4,4,325,340,11:05,11:20,15,0,0.0,15,7.596,152.404,160.0,0,B892,parking_charging,Position,Pickup
17,46,Pickup,4,4,4,4,340,343,11:20,11:23,3,0,0.0,2,0.0,160.0,160.0,1,B892,pickup_service,Pickup,Pickup
17,47,Movement,4,7,4,7,343,350,11:23,11:30,7,7,21.43,0,0.0,160.0,138.57,1,B892,passenger_flight,Position,Delivery
17,48,Delivery,7,7,7,7,350,353,11:30,11:33,3,0,0.0,2,8.534,138.57,147.104,0,B892,delivery_service,Delivery,Delivery
17,49,Pickup,7,7,7,7,353,356,11:33,11:36,3,0,0.0,2,8.534,147.104,155.638,1,B980,pickup_service,Pickup,Pickup
17,50,Movement,7,1,7,1,356,363,11:36,11:43,7,7,21.03,0,0.0,155.638,134.608,1,B980,passenger_flight,Position,Delivery
17,51,Delivery,1,1,1,1,363,366,11:43,11:46,3,0,0.0,2,8.534,134.608,143.142,0,B980,delivery_service,Delivery,Delivery
17,52,Stay,1,1,1,1,366,371,11:46,11:51,5,0,0.0,5,16.858,143.142,160.0,0,B1061,parking_charging,Position,Movement
17,53,Movement,1,3,1,3,371,377,11:51,11:57,6,6,9.61,0,0.0,160.0,150.39,0,B1061,empty_repositioning,Position,Pickup
17,54,Pickup,3,3,3,3,377,380,11:57,12:00,3,0,0.0,2,8.534,150.39,158.924,1,B1061,pickup_service,Pickup,Pickup
17,55,Movement,3,1,3,1,380,386,12:00,12:06,6,6,9.61,0,0.0,158.924,149.314,1,B1061,passenger_flight,Position,Delivery
17,56,Delivery,1,1,1,1,386,389,12:06,12:09,3,0,0.0,2,8.534,149.314,157.848,0,B1061,delivery_service,Delivery,Delivery
17,57,Pickup,1,1,1,1,389,392,12:09,12:12,3,0,0.0,2,2.152,157.848,160.0,1,B1077,pickup_service,Pickup,Pickup
17,58,Pickup,1,1,1,1,392,395,12:12,12:15,3,0,0.0,2,0.0,160.0,160.0,2,B1086,pickup_service,Pickup,Pickup
17,59,Movement,1,10,1,10,395,408,12:15,12:28,13,13,47.44,0,0.0,160.0,112.56,2,B1077,passenger_flight,Position,Delivery
17,60,Delivery,10,10,10,10,408,411,12:28,12:31,3,0,0.0,2,8.534,112.56,121.094,1,B1077,delivery_service,Delivery,Delivery
17,61,Delivery,10,10,10,10,411,414,12:31,12:34,3,0,0.0,2,8.534,121.094,129.628,0,B1086,delivery_service,Delivery,Delivery
17,62,Stay,10,10,10,10,414,460,12:34,13:20,46,0,0.0,46,30.372,129.628,160.0,0,B1241,parking_charging,Position,Pickup
17,63,Pickup,10,10,10,10,460,463,13:20,13:23,3,0,0.0,2,0.0,160.0,160.0,1,B1241,pickup_service,Pickup,Pickup
17,64,Movement,10,4,10,4,463,475,13:23,13:35,12,12,42.86,0,0.0,160.0,117.14,1,B1241,passenger_flight,Position,Delivery
17,65,Delivery,4,4,4,4,475,478,13:35,13:38,3,0,0.0,2,8.534,117.14,125.674,0,B1241,delivery_service,Delivery,Delivery
17,66,Stay,4,4,4,4,478,486,13:38,13:46,8,0,0.0,8,34.136,125.674,159.81,0,B1300,parking_charging,Position,Pickup
17,67,Pickup,4,4,4,4,486,489,13:46,13:49,3,0,0.0,2,0.19,159.81,160.0,1,B1300,pickup_service,Pickup,Pickup
17,68,Stay,4,4,4,4,489,491,13:49,13:51,2,0,0.0,2,0.0,160.0,160.0,1,B1317,parking_charging,Position,Pickup
17,69,Pickup,4,4,4,4,491,494,13:51,13:54,3,0,0.0,2,0.0,160.0,160.0,2,B1317,pickup_service,Pickup,Pickup
17,70,Movement,4,2,4,2,494,500,13:54,14:00,6,6,16.13,0,0.0,160.0,143.87,2,B1300,passenger_flight,Position,Delivery
17,71,Delivery,2,2,2,2,500,503,14:00,14:03,3,0,0.0,2,8.534,143.87,152.404,1,B1300,delivery_service,Delivery,Delivery
17,72,Stay,2,2,2,2,503,506,14:03,14:06,3,0,0.0,3,7.596,152.404,160.0,1,B1317,parking_charging,Position,Delivery
17,73,Delivery,2,2,2,2,506,509,14:06,14:09,3,0,0.0,2,0.0,160.0,160.0,0,B1317,delivery_service,Delivery,Delivery
17,74,Pickup,2,2,2,2,509,512,14:09,14:12,3,0,0.0,2,0.0,160.0,160.0,1,B1345,pickup_service,Pickup,Pickup
17,75,Movement,2,5,2,5,512,520,14:12,14:20,8,8,27.57,0,0.0,160.0,132.43,1,B1345,passenger_flight,Position,Delivery
17,76,Delivery,5,5,5,5,520,523,14:20,14:23,3,0,0.0,2,8.534,132.43,140.964,0,B1345,delivery_service,Delivery,Delivery
17,77,Stay,5,5,5,5,523,540,14:23,14:40,17,0,0.0,17,19.036,140.964,160.0,0,B1527,parking_charging,Position,Movement
17,78,Movement,5,4,5,4,540,546,14:40,14:46,6,6,11.45,0,0.0,160.0,148.55,0,B1527,empty_repositioning,Position,Pickup
17,79,Pickup,4,4,4,4,546,549,14:46,14:49,3,0,0.0,2,8.534,148.55,157.084,1,B1527,pickup_service,Pickup,Pickup
17,80,Movement,4,10,4,10,549,561,14:49,15:01,12,12,42.86,0,0.0,157.084,114.224,1,B1527,passenger_flight,Position,Delivery
17,81,Delivery,10,10,10,10,561,564,15:01,15:04,3,0,0.0,2,8.534,114.224,122.758,0,B1527,delivery_service,Delivery,Delivery
17,82,Stay,10,10,10,10,564,585,15:04,15:25,21,0,0.0,21,37.242,122.758,160.0,0,B1684,parking_charging,Position,Pickup
17,83,Pickup,10,10,10,10,585,588,15:25,15:28,3,0,0.0,2,0.0,160.0,160.0,1,B1684,pickup_service,Pickup,Pickup
17,84,Movement,10,6,10,6,588,599,15:28,15:39,11,11,35.74,0,0.0,160.0,124.26,1,B1684,passenger_flight,Position,Delivery
17,85,Delivery,6,6,6,6,599,602,15:39,15:42,3,0,0.0,2,8.534,124.26,132.794,0,B1684,delivery_service,Delivery,Delivery
17,86,Stay,6,6,6,6,602,618,15:42,15:58,16,0,0.0,16,27.206,132.794,160.0,0,B1834,parking_charging,Position,Pickup
17,87,Pickup,6,6,6,6,618,621,15:58,16:01,3,0,0.0,2,0.0,160.0,160.0,2,B1834,pickup_service,Pickup,Pickup
17,88,Stay,6,6,6,6,621,627,16:01,16:07,6,0,0.0,6,0.0,160.0,160.0,2,B1834,parking_charging,Position,Movement
17,89,Movement,6,7,6,7,627,639,16:07,16:19,12,12,43.48,0,0.0,160.0,116.52,2,B1834,passenger_flight,Position,Delivery
17,90,Delivery,7,7,7,7,639,642,16:19,16:22,3,0,0.0,2,8.534,116.52,125.054,0,B1834,delivery_service,Delivery,Delivery
17,91,Pickup,7,7,7,7,642,645,16:22,16:25,3,0,0.0,2,8.534,125.054,133.588,1,B1991,pickup_service,Pickup,Pickup
17,92,Pickup,7,7,7,7,645,648,16:25,16:28,3,0,0.0,2,8.534,133.588,142.122,3,B1984,pickup_service,Pickup,Pickup
17,93,Movement,7,4,7,4,648,655,16:28,16:35,7,7,21.43,0,0.0,142.122,120.692,3,B1984,passenger_flight,Position,Delivery
17,94,Delivery,4,4,4,4,655,658,16:35,16:38,3,0,0.0,2,8.534,120.692,129.226,1,B1984,delivery_service,Delivery,Delivery
17,95,Delivery,4,4,4,4,658,661,16:38,16:41,3,0,0.0,2,8.534,129.226,137.76,0,B1991,delivery_service,Delivery,Delivery
17,96,Stay,4,4,4,4,661,662,16:41,16:42,1,0,0.0,1,4.267,137.76,142.027,0,B2121,parking_charging,Position,Pickup
17,97,Pickup,4,4,4,4,662,665,16:42,16:45,3,0,0.0,2,8.534,142.027,150.561,1,B2121,pickup_service,Pickup,Pickup
17,98,Pickup,4,4,4,4,665,668,16:45,16:48,3,0,0.0,2,8.534,150.561,159.095,3,B2100,pickup_service,Pickup,Pickup
17,99,Movement,4,7,4,7,668,675,16:48,16:55,7,7,21.43,0,0.0,159.095,137.665,3,B2100,passenger_flight,Position,Delivery
17,100,Delivery,7,7,7,7,675,678,16:55,16:58,3,0,0.0,2,8.534,137.665,146.199,1,B2100,delivery_service,Delivery,Delivery
17,101,Delivery,7,7,7,7,678,681,16:58,17:01,3,0,0.0,2,8.534,146.199,154.733,0,B2121,delivery_service,Delivery,Delivery
17,102,Pickup,7,7,7,7,681,684,17:01,17:04,3,0,0.0,2,5.267,154.733,160.0,1,B2243,pickup_service,Pickup,Pickup
17,103,Pickup,7,7,7,7,684,687,17:04,17:07,3,0,0.0,2,0.0,160.0,160.0,4,B2278,pickup_service,Pickup,Pickup
17,104,Movement,7,4,7,4,687,694,17:07,17:14,7,7,21.43,0,0.0,160.0,138.57,4,B2243,passenger_flight,Position,Delivery
17,105,Delivery,4,4,4,4,694,697,17:14,17:17,3,0,0.0,2,8.534,138.57,147.104,3,B2243,delivery_service,Delivery,Delivery
17,106,Delivery,4,4,4,4,697,700,17:17,17:20,3,0,0.0,2,8.534,147.104,155.638,0,B2278,delivery_service,Delivery,Delivery
17,107,Movement,4,2,4,2,700,706,17:20,17:26,6,6,16.13,0,0.0,155.638,139.508,0,B2544,empty_repositioning,Position,Pickup
17,108,Pickup,2,2,2,2,706,709,17:26,17:29,3,0,0.0,2,8.534,139.508,148.042,3,B2544,pickup_service,Pickup,Pickup
17,109,Movement,2,4,2,4,709,715,17:29,17:35,6,6,16.13,0,0.0,148.042,131.912,3,B2544,passenger_flight,Position,Delivery
17,110,Delivery,4,4,4,4,715,718,17:35,17:38,3,0,0.0,2,8.534,131.912,140.446,0,B2544,delivery_service,Delivery,Delivery
17,111,Stay,4,4,4,4,718,719,17:38,17:39,1,0,0.0,1,4.267,140.446,144.713,0,B2695,parking_charging,Position,Pickup
17,112,Pickup,4,4,4,4,719,722,17:39,17:42,3,0,0.0,2,8.534,144.713,153.247,1,B2695,pickup_service,Pickup,Pickup
17,113,Movement,4,7,4,7,722,729,17:42,17:49,7,7,21.43,0,0.0,153.247,131.817,1,B2695,passenger_flight,Position,Delivery
17,114,Delivery,7,7,7,7,729,732,17:49,17:52,3,0,0.0,2,8.534,131.817,140.351,0,B2695,delivery_service,Delivery,Delivery
17,115,Stay,7,7,7,7,732,736,17:52,17:56,4,0,0.0,4,17.068,140.351,157.419,0,B2889,parking_charging,Position,Pickup
17,116,Pickup,7,7,7,7,736,739,17:56,17:59,3,0,0.0,2,2.581,157.419,160.0,2,B2889,pickup_service,Pickup,Pickup
17,117,Pickup,7,7,7,7,739,742,17:59,18:02,3,0,0.0,2,0.0,160.0,160.0,4,B2870,pickup_service,Pickup,Pickup
17,118,Movement,7,4,7,4,742,749,18:02,18:09,7,7,21.43,0,0.0,160.0,138.57,4,B2870,passenger_flight,Position,Delivery
17,119,Delivery,4,4,4,4,749,752,18:09,18:12,3,0,0.0,2,8.534,138.57,147.104,2,B2870,delivery_service,Delivery,Delivery
17,120,Delivery,4,4,4,4,752,755,18:12,18:15,3,0,0.0,2,8.534,147.104,155.638,0,B2889,delivery_service,Delivery,Delivery
17,121,Stay,4,4,4,4,755,757,18:15,18:17,2,0,0.0,2,4.362,155.638,160.0,0,B3030,parking_charging,Position,Pickup
17,122,Pickup,4,4,4,4,757,760,18:17,18:20,3,0,0.0,2,0.0,160.0,160.0,2,B3030,pickup_service,Pickup,Pickup
17,123,Stay,4,4,4,4,760,766,18:20,18:26,6,0,0.0,6,0.0,160.0,160.0,2,B3030,parking_charging,Position,Movement
17,124,Movement,4,3,4,3,766,773,18:26,18:33,7,7,12.6,0,0.0,160.0,147.4,2,B3030,passenger_flight,Position,Delivery
17,125,Delivery,3,3,3,3,773,776,18:33,18:36,3,0,0.0,2,8.534,147.4,155.934,0,B3030,delivery_service,Delivery,Delivery
17,126,Movement,3,2,3,2,776,779,18:36,18:39,3,3,4.08,0,0.0,155.934,151.854,0,B3167,empty_repositioning,Position,Pickup
17,127,Pickup,2,2,2,2,779,782,18:39,18:42,3,0,0.0,2,8.146,151.854,160.0,1,B3167,pickup_service,Pickup,Pickup
17,128,Stay,2,2,2,2,782,787,18:42,18:47,5,0,0.0,5,0.0,160.0,160.0,1,B3167,parking_charging,Position,Movement
17,129,Movement,2,1,2,1,787,794,18:47,18:54,7,7,13.61,0,0.0,160.0,146.39,1,B3167,passenger_flight,Position,Delivery
17,130,Delivery,1,1,1,1,794,797,18:54,18:57,3,0,0.0,2,8.534,146.39,154.924,0,B3167,delivery_service,Delivery,Delivery
17,131,Pickup,1,1,1,1,797,800,18:57,19:00,3,0,0.0,2,5.076,154.924,160.0,2,B3234,pickup_service,Pickup,Pickup
17,132,Movement,1,7,1,7,800,807,19:00,19:07,7,7,21.03,0,0.0,160.0,138.97,2,B3234,passenger_flight,Position,Delivery
17,133,Delivery,7,7,7,7,807,810,19:07,19:10,3,0,0.0,2,8.534,138.97,147.504,0,B3234,delivery_service,Delivery,Delivery
17,134,Movement,7,8,7,8,810,817,19:10,19:17,7,7,22.2,0,0.0,147.504,125.304,0,,return_to_depot,Position,Depot
18,0,Stay,9,9,9,9,0,160,05:40,08:20,160,0,0.0,160,0.0,160.0,160.0,0,B223,parking_charging,Position,Movement
18,1,Movement,9,8,9,8,160,166,08:20,08:26,6,6,18.04,0,0.0,160.0,141.96,0,B223,empty_repositioning,Position,Pickup
18,2,Pickup,8,8,8,8,166,169,08:26,08:29,3,0,0.0,2,8.534,141.96,150.494,1,B223,pickup_service,Pickup,Pickup
18,3,Movement,8,4,8,4,169,180,08:29,08:40,11,11,39.54,0,0.0,150.494,110.954,1,B223,passenger_flight,Position,Delivery
18,4,Delivery,4,4,4,4,180,183,08:40,08:43,3,0,0.0,2,8.534,110.954,119.488,0,B223,delivery_service,Delivery,Delivery
18,5,Movement,4,5,4,5,183,189,08:43,08:49,6,6,11.45,0,0.0,119.488,108.038,0,B303,empty_repositioning,Position,Pickup
18,6,Pickup,5,5,5,5,189,192,08:49,08:52,3,0,0.0,2,8.534,108.038,116.572,1,B303,pickup_service,Pickup,Pickup
18,7,Movement,5,7,5,7,192,202,08:52,09:02,10,10,32.24,0,0.0,116.572,84.332,1,B303,passenger_flight,Position,Delivery
18,8,Delivery,7,7,7,7,202,205,09:02,09:05,3,0,0.0,2,8.534,84.332,92.866,0,B303,delivery_service,Delivery,Delivery
18,9,Pickup,7,7,7,7,205,208,09:05,09:08,3,0,0.0,2,8.534,92.866,101.4,1,B360,pickup_service,Pickup,Pickup
18,10,Pickup,7,7,7,7,208,211,09:08,09:11,3,0,0.0,2,8.534,101.4,109.934,2,B371,pickup_service,Pickup,Pickup
18,11,Movement,7,4,7,4,211,218,09:11,09:18,7,7,21.43,0,0.0,109.934,88.504,2,B360,passenger_flight,Position,Delivery
18,12,Delivery,4,4,4,4,218,221,09:18,09:21,3,0,0.0,2,8.534,88.504,97.038,1,B360,delivery_service,Delivery,Delivery
18,13,Delivery,4,4,4,4,221,224,09:21,09:24,3,0,0.0,2,8.534,97.038,105.572,0,B371,delivery_service,Delivery,Delivery
18,14,Pickup,4,4,4,4,224,227,09:24,09:27,3,0,0.0,2,8.534,105.572,114.106,1,B406,pickup_service,Pickup,Pickup
18,15,Movement,4,9,4,9,227,242,09:27,09:42,15,15,55.47,0,0.0,114.106,58.636,1,B406,passenger_flight,Position,Delivery
18,16,Delivery,9,9,9,9,242,245,09:42,09:45,3,0,0.0,2,8.534,58.636,67.17,0,B406,delivery_service,Delivery,Delivery
18,17,Pickup,9,9,9,9,245,248,09:45,09:48,3,0,0.0,2,8.534,67.17,75.704,1,B448,pickup_service,Pickup,Pickup
18,18,Movement,9,8,9,8,248,254,09:48,09:54,6,6,18.04,0,0.0,75.704,57.664,1,B481,passenger_flight,Position,Pickup
18,19,Pickup,8,8,8,8,254,257,09:54,09:57,3,0,0.0,2,8.534,57.664,66.198,2,B481,pickup_service,Pickup,Pickup
18,20,Movement,8,7,8,7,257,264,09:57,10:04,7,7,22.2,0,0.0,66.198,43.998,2,B448,passenger_flight,Position,Delivery
18,21,Delivery,7,7,7,7,264,267,10:04,10:07,3,0,0.0,2,8.534,43.998,52.532,1,B448,delivery_service,Delivery,Delivery
18,22,Movement,7,2,7,2,267,273,10:07,10:13,6,6,10.2,0,0.0,52.532,42.332,1,B481,passenger_flight,Position,Delivery
18,23,Delivery,2,2,2,2,273,276,10:13,10:16,3,0,0.0,2,8.534,42.332,50.866,0,B481,delivery_service,Delivery,Delivery
18,24,Pickup,2,2,2,2,276,279,10:16,10:19,3,0,0.0,2,8.534,50.866,59.4,1,B543,pickup_service,Pickup,Pickup
18,25,Movement,2,5,2,5,279,287,10:19,10:27,8,8,27.57,0,0.0,59.4,31.83,1,B543,passenger_flight,Position,Delivery
18,26,Delivery,5,5,5,5,287,290,10:27,10:30,3,0,0.0,2,8.534,31.83,40.364,0,B543,delivery_service,Delivery,Delivery
18,27,Stay,5,5,5,5,290,297,10:30,10:37,7,0,0.0,7,29.869,40.364,70.233,0,B710,parking_charging,Position,Pickup
18,28,Pickup,5,5,5,5,297,300,10:37,10:40,3,0,0.0,2,8.534,70.233,78.767,2,B710,pickup_service,Pickup,Pickup
18,29,Movement,5,7,5,7,300,310,10:40,10:50,10,10,32.24,0,0.0,78.767,46.527,2,B710,passenger_flight,Position,Delivery
18,30,Delivery,7,7,7,7,310,313,10:50,10:53,3,0,0.0,2,8.534,46.527,55.061,0,B710,delivery_service,Delivery,Delivery
18,31,Pickup,7,7,7,7,313,316,10:53,10:56,3,0,0.0,2,8.534,55.061,63.595,1,B769,pickup_service,Pickup,Pickup
18,32,Movement,7,4,7,4,316,323,10:56,11:03,7,7,21.43,0,0.0,63.595,42.165,1,B769,passenger_flight,Position,Delivery
18,33,Delivery,4,4,4,4,323,326,11:03,11:06,3,0,0.0,2,8.534,42.165,50.699,0,B769,delivery_service,Delivery,Delivery
18,34,Stay,4,4,4,4,326,329,11:06,11:09,3,0,0.0,3,12.801,50.699,63.5,0,B877,parking_charging,Position,Pickup
18,35,Pickup,4,4,4,4,329,332,11:09,11:12,3,0,0.0,2,8.534,63.5,72.034,1,B877,pickup_service,Pickup,Pickup
18,36,Pickup,4,4,4,4,332,335,11:12,11:15,3,0,0.0,2,8.534,72.034,80.568,2,B869,pickup_service,Pickup,Pickup
18,37,Movement,4,2,4,2,335,341,11:15,11:21,6,6,16.13,0,0.0,80.568,64.438,2,B869,passenger_flight,Position,Delivery
18,38,Delivery,2,2,2,2,341,344,11:21,11:24,3,0,0.0,2,8.534,64.438,72.972,1,B869,delivery_service,Delivery,Delivery
18,39,Delivery,2,2,2,2,344,347,11:24,11:27,3,0,0.0,2,8.534,72.972,81.506,0,B877,delivery_service,Delivery,Delivery
18,40,Pickup,2,2,2,2,347,350,11:27,11:30,3,0,0.0,2,8.534,81.506,90.04,1,B939,pickup_service,Pickup,Pickup
18,41,Pickup,2,2,2,2,350,353,11:30,11:33,3,0,0.0,2,8.534,90.04,98.574,2,B964,pickup_service,Pickup,Pickup
18,42,Movement,2,4,2,4,353,359,11:33,11:39,6,6,16.13,0,0.0,98.574,82.444,2,B939,passenger_flight,Position,Delivery
18,43,Delivery,4,4,4,4,359,362,11:39,11:42,3,0,0.0,2,8.534,82.444,90.978,1,B939,delivery_service,Delivery,Delivery
18,44,Movement,4,5,4,5,362,368,11:42,11:48,6,6,11.45,0,0.0,90.978,79.528,1,B964,passenger_flight,Position,Delivery
18,45,Delivery,5,5,5,5,368,371,11:48,11:51,3,0,0.0,2,8.534,79.528,88.062,0,B964,delivery_service,Delivery,Delivery
18,46,Pickup,5,5,5,5,371,374,11:51,11:54,3,0,0.0,2,8.534,88.062,96.596,1,B1025,pickup_service,Pickup,Pickup
18,47,Movement,5,8,5,8,374,388,11:54,12:08,14,14,47.79,0,0.0,96.596,48.806,1,B1025,passenger_flight,Position,Delivery
18,48,Delivery,8,8,8,8,388,391,12:08,12:11,3,0,0.0,2,8.534,48.806,57.34,0,B1025,delivery_service,Delivery,Delivery
18,49,Stay,8,8,8,8,391,405,12:11,12:25,14,0,0.0,14,59.738,57.34,117.078,0,B1129,parking_charging,Position,Pickup
18,50,Pickup,8,8,8,8,405,408,12:25,12:28,3,0,0.0,2,8.534,117.078,125.612,1,B1129,pickup_service,Pickup,Pickup
18,51,Movement,8,3,8,3,408,418,12:28,12:38,10,10,35.17,0,0.0,125.612,90.442,1,B1129,passenger_flight,Position,Delivery
18,52,Delivery,3,3,3,3,418,421,12:38,12:41,3,0,0.0,2,8.534,90.442,98.976,0,B1129,delivery_service,Delivery,Delivery
18,53,Stay,3,3,3,3,421,440,12:41,13:00,19,0,0.0,19,61.024,98.976,160.0,0,B1209,parking_charging,Position,Pickup
18,54,Pickup,3,3,3,3,440,443,13:00,13:03,3,0,0.0,2,0.0,160.0,160.0,1,B1209,pickup_service,Pickup,Pickup
18,55,Movement,3,6,3,6,443,453,13:03,13:13,10,10,32.98,0,0.0,160.0,127.02,1,B1209,passenger_flight,Position,Delivery
18,56,Delivery,6,6,6,6,453,456,13:13,13:16,3,0,0.0,2,8.534,127.02,135.554,0,B1209,delivery_service,Delivery,Delivery
18,57,Stay,6,6,6,6,456,492,13:16,13:52,36,0,0.0,36,24.446,135.554,160.0,0,B1320,parking_charging,Position,Pickup
18,58,Pickup,6,6,6,6,492,495,13:52,13:55,3,0,0.0,2,0.0,160.0,160.0,1,B1320,pickup_service,Pickup,Pickup
18,59,Stay,6,6,6,6,495,497,13:55,13:57,2,0,0.0,2,0.0,160.0,160.0,1,B1331,parking_charging,Position,Pickup
18,60,Pickup,6,6,6,6,497,500,13:57,14:00,3,0,0.0,2,0.0,160.0,160.0,2,B1331,pickup_service,Pickup,Pickup
18,61,Movement,6,3,6,3,500,510,14:00,14:10,10,10,32.98,0,0.0,160.0,127.02,2,B1320,passenger_flight,Position,Delivery
18,62,Delivery,3,3,3,3,510,513,14:10,14:13,3,0,0.0,2,8.534,127.02,135.554,1,B1320,delivery_service,Delivery,Delivery
18,63,Movement,3,8,3,8,513,523,14:13,14:23,10,10,35.17,0,0.0,135.554,100.384,1,B1331,passenger_flight,Position,Delivery
18,64,Delivery,8,8,8,8,523,526,14:23,14:26,3,0,0.0,2,8.534,100.384,108.918,0,B1331,delivery_service,Delivery,Delivery
18,65,Stay,8,8,8,8,526,534,14:26,14:34,8,0,0.0,8,34.136,108.918,143.054,0,B1489,parking_charging,Position,Pickup
18,66,Pickup,8,8,8,8,534,537,14:34,14:37,3,0,0.0,2,8.534,143.054,151.588,1,B1489,pickup_service,Pickup,Pickup
18,67,Stay,8,8,8,8,537,540,14:37,14:40,3,0,0.0,3,8.412,151.588,160.0,1,B1489,parking_charging,Position,Movement
18,68,Movement,8,1,8,1,540,552,14:40,14:52,12,12,41.05,0,0.0,160.0,118.95,1,B1489,passenger_flight,Position,Delivery
18,69,Delivery,1,1,1,1,552,555,14:52,14:55,3,0,0.0,2,8.534,118.95,127.484,0,B1489,delivery_service,Delivery,Delivery
18,70,Stay,1,1,1,1,555,562,14:55,15:02,7,0,0.0,7,29.869,127.484,157.353,0,B1599,parking_charging,Position,Pickup
18,71,Pickup,1,1,1,1,562,565,15:02,15:05,3,0,0.0,2,2.647,157.353,160.0,1,B1599,pickup_service,Pickup,Pickup
18,72,Stay,1,1,1,1,565,568,15:05,15:08,3,0,0.0,3,0.0,160.0,160.0,1,B1622,parking_charging,Position,Pickup
18,73,Pickup,1,1,1,1,568,571,15:08,15:11,3,0,0.0,2,0.0,160.0,160.0,2,B1622,pickup_service,Pickup,Pickup
18,74,Movement,1,6,1,6,571,578,15:11,15:18,7,7,23.39,0,0.0,160.0,136.61,2,B1599,passenger_flight,Position,Delivery
18,75,Delivery,6,6,6,6,578,581,15:18,15:21,3,0,0.0,2,8.534,136.61,145.144,1,B1599,delivery_service,Delivery,Delivery
18,76,Movement,6,10,6,10,581,592,15:21,15:32,11,11,35.74,0,0.0,145.144,109.404,1,B1622,passenger_flight,Position,Delivery
18,77,Delivery,10,10,10,10,592,595,15:32,15:35,3,0,0.0,2,8.534,109.404,117.938,0,B1622,delivery_service,Delivery,Delivery
18,78,Pickup,10,10,10,10,595,598,15:35,15:38,3,0,0.0,2,8.534,117.938,126.472,1,B1708,pickup_service,Pickup,Pickup
18,79,Movement,10,4,10,4,598,610,15:38,15:50,12,12,42.86,0,0.0,126.472,83.612,1,B1708,passenger_flight,Position,Delivery
18,80,Delivery,4,4,4,4,610,613,15:50,15:53,3,0,0.0,2,8.534,83.612,92.146,0,B1708,delivery_service,Delivery,Delivery
18,81,Stay,4,4,4,4,613,620,15:53,16:00,7,0,0.0,7,29.869,92.146,122.015,0,B1809,parking_charging,Position,Pickup
18,82,Pickup,4,4,4,4,620,623,16:00,16:03,3,0,0.0,2,8.534,122.015,130.549,1,B1809,pickup_service,Pickup,Pickup
18,83,Movement,4,3,4,3,623,630,16:03,16:10,7,7,12.6,0,0.0,130.549,117.949,1,B1809,passenger_flight,Position,Delivery
18,84,Delivery,3,3,3,3,630,633,16:10,16:13,3,0,0.0,2,8.534,117.949,126.483,0,B1809,delivery_service,Delivery,Delivery
18,85,Pickup,3,3,3,3,633,636,16:13,16:16,3,0,0.0,2,8.534,126.483,135.017,1,B1915,pickup_service,Pickup,Pickup
18,86,Movement,3,2,3,2,636,639,16:16,16:19,3,3,4.08,0,0.0,135.017,130.937,1,B1961,passenger_flight,Position,Pickup
18,87,Pickup,2,2,2,2,639,642,16:19,16:22,3,0,0.0,2,8.534,130.937,139.471,2,B1961,pickup_service,Pickup,Pickup
18,88,Movement,2,5,2,5,642,650,16:22,16:30,8,8,27.57,0,0.0,139.471,111.901,2,B1915,passenger_flight,Position,Delivery
18,89,Delivery,5,5,5,5,650,653,16:30,16:33,3,0,0.0,2,8.534,111.901,120.435,1,B1915,delivery_service,Delivery,Delivery
18,90,Delivery,5,5,5,5,653,656,16:33,16:36,3,0,0.0,2,8.534,120.435,128.969,0,B1961,delivery_service,Delivery,Delivery
18,91,Pickup,5,5,5,5,656,659,16:36,16:39,3,0,0.0,2,8.534,128.969,137.503,1,B2049,pickup_service,Pickup,Pickup
18,92,Movement,5,9,5,9,659,676,16:39,16:56,17,17,62.04,0,0.0,137.503,75.463,1,B2049,passenger_flight,Position,Delivery
18,93,Delivery,9,9,9,9,676,679,16:56,16:59,3,0,0.0,2,8.534,75.463,83.997,0,B2049,delivery_service,Delivery,Delivery
18,94,Stay,9,9,9,9,679,688,16:59,17:08,9,0,0.0,9,38.403,83.997,122.4,0,B2352,parking_charging,Position,Pickup
18,95,Pickup,9,9,9,9,688,691,17:08,17:11,3,0,0.0,2,8.534,122.4,130.934,1,B2352,pickup_service,Pickup,Pickup
18,96,Pickup,9,9,9,9,691,694,17:11,17:14,3,0,0.0,2,8.534,130.934,139.468,3,B2312,pickup_service,Pickup,Pickup
18,97,Movement,9,4,9,4,694,709,17:14,17:29,15,15,55.47,0,0.0,139.468,83.998,3,B2352,passenger_flight,Position,Delivery
18,98,Delivery,4,4,4,4,709,712,17:29,17:32,3,0,0.0,2,8.534,83.998,92.532,2,B2352,delivery_service,Delivery,Delivery
18,99,Delivery,4,4,4,4,712,715,17:32,17:35,3,0,0.0,2,8.534,92.532,101.066,0,B2312,delivery_service,Delivery,Delivery
18,100,Pickup,4,4,4,4,715,718,17:35,17:38,3,0,0.0,2,8.534,101.066,109.6,2,B2569,pickup_service,Pickup,Pickup
18,101,Movement,4,3,4,3,718,725,17:38,17:45,7,7,12.6,0,0.0,109.6,97.0,2,B2569,passenger_flight,Position,Delivery
18,102,Delivery,3,3,3,3,725,728,17:45,17:48,3,0,0.0,2,8.534,97.0,105.534,0,B2569,delivery_service,Delivery,Delivery
18,103,Pickup,3,3,3,3,728,731,17:48,17:51,3,0,0.0,2,8.534,105.534,114.068,1,B2768,pickup_service,Pickup,Pickup
18,104,Pickup,3,3,3,3,731,734,17:51,17:54,3,0,0.0,2,8.534,114.068,122.602,4,B2825,pickup_service,Pickup,Pickup
18,105,Movement,3,4,3,4,734,741,17:54,18:01,7,7,12.6,0,0.0,122.602,110.002,4,B2768,passenger_flight,Position,Delivery
18,106,Delivery,4,4,4,4,741,744,18:01,18:04,3,0,0.0,2,8.534,110.002,118.536,3,B2768,delivery_service,Delivery,Delivery
18,107,Delivery,4,4,4,4,744,747,18:04,18:07,3,0,0.0,2,8.534,118.536,127.07,0,B2825,delivery_service,Delivery,Delivery
18,108,Pickup,4,4,4,4,747,750,18:07,18:10,3,0,0.0,2,8.534,127.07,135.604,2,B2959,pickup_service,Pickup,Pickup
18,109,Stay,4,4,4,4,750,751,18:10,18:11,1,0,0.0,1,4.267,135.604,139.871,2,B2995,parking_charging,Position,Pickup
18,110,Pickup,4,4,4,4,751,754,18:11,18:14,3,0,0.0,2,8.534,139.871,148.405,3,B2995,pickup_service,Pickup,Pickup
18,111,Movement,4,7,4,7,754,761,18:14,18:21,7,7,21.43,0,0.0,148.405,126.975,3,B2959,passenger_flight,Position,Delivery
18,112,Delivery,7,7,7,7,761,764,18:21,18:24,3,0,0.0,2,8.534,126.975,135.509,1,B2959,delivery_service,Delivery,Delivery
18,113,Delivery,7,7,7,7,764,767,18:24,18:27,3,0,0.0,2,8.534,135.509,144.043,0,B2995,delivery_service,Delivery,Delivery
18,114,Stay,7,7,7,7,767,769,18:27,18:29,2,0,0.0,2,8.534,144.043,152.577,0,B3108,parking_charging,Position,Pickup
18,115,Pickup,7,7,7,7,769,772,18:29,18:32,3,0,0.0,2,7.423,152.577,160.0,1,B3108,pickup_service,Pickup,Pickup
18,116,Pickup,7,7,7,7,772,775,18:32,18:35,3,0,0.0,2,0.0,160.0,160.0,2,B3124,pickup_service,Pickup,Pickup
18,117,Movement,7,4,7,4,775,782,18:35,18:42,7,7,21.43,0,0.0,160.0,138.57,2,B3108,passenger_flight,Position,Delivery
18,118,Delivery,4,4,4,4,782,785,18:42,18:45,3,0,0.0,2,8.534,138.57,147.104,1,B3108,delivery_service,Delivery,Delivery
18,119,Movement,4,5,4,5,785,791,18:45,18:51,6,6,11.45,0,0.0,147.104,135.654,1,B3124,passenger_flight,Position,Delivery
18,120,Delivery,5,5,5,5,791,794,18:51,18:54,3,0,0.0,2,8.534,135.654,144.188,0,B3124,delivery_service,Delivery,Delivery
18,121,Movement,5,9,5,9,794,811,18:54,19:11,17,17,62.04,0,0.0,144.188,82.148,0,,return_to_depot,Position,Depot
19,0,Stay,10,10,10,10,0,25,05:40,06:05,25,0,0.0,25,0.0,160.0,160.0,0,B6,parking_charging,Position,Pickup
19,1,Pickup,10,10,10,10,25,28,06:05,06:08,3,0,0.0,2,0.0,160.0,160.0,1,B6,pickup_service,Pickup,Pickup
19,2,Stay,10,10,10,10,28,29,06:08,06:09,1,0,0.0,1,0.0,160.0,160.0,1,B8,parking_charging,Position,Pickup
19,3,Pickup,10,10,10,10,29,32,06:09,06:12,3,0,0.0,2,0.0,160.0,160.0,2,B8,pickup_service,Pickup,Pickup
19,4,Movement,10,3,10,3,32,47,06:12,06:27,15,15,54.92,0,0.0,160.0,105.08,2,B8,passenger_flight,Position,Delivery
19,5,Delivery,3,3,3,3,47,50,06:27,06:30,3,0,0.0,2,8.534,105.08,113.614,1,B8,delivery_service,Delivery,Delivery
19,6,Delivery,3,3,3,3,50,53,06:30,06:33,3,0,0.0,2,8.534,113.614,122.148,0,B6,delivery_service,Delivery,Delivery
19,7,Stay,3,3,3,3,53,152,06:33,08:12,99,0,0.0,99,37.852,122.148,160.0,0,B175,parking_charging,Position,Pickup
19,8,Pickup,3,3,3,3,152,155,08:12,08:15,3,0,0.0,2,0.0,160.0,160.0,1,B175,pickup_service,Pickup,Pickup
19,9,Pickup,3,3,3,3,155,158,08:15,08:18,3,0,0.0,2,0.0,160.0,160.0,2,B165,pickup_service,Pickup,Pickup
19,10,Movement,3,4,3,4,158,165,08:18,08:25,7,7,12.6,0,0.0,160.0,147.4,2,B165,passenger_flight,Position,Delivery
19,11,Delivery,4,4,4,4,165,168,08:25,08:28,3,0,0.0,2,8.534,147.4,155.934,1,B165,delivery_service,Delivery,Delivery
19,12,Delivery,4,4,4,4,168,171,08:28,08:31,3,0,0.0,2,4.066,155.934,160.0,0,B175,delivery_service,Delivery,Delivery
19,13,Movement,4,6,4,6,171,178,08:31,08:38,7,7,22.06,0,0.0,160.0,137.94,0,B257,empty_repositioning,Position,Pickup
19,14,Pickup,6,6,6,6,178,181,08:38,08:41,3,0,0.0,2,8.534,137.94,146.474,1,B257,pickup_service,Pickup,Pickup
19,15,Movement,6,2,6,2,181,192,08:41,08:52,11,11,37.0,0,0.0,146.474,109.474,1,B257,passenger_flight,Position,Delivery
19,16,Delivery,2,2,2,2,192,195,08:52,08:55,3,0,0.0,2,8.534,109.474,118.008,0,B257,delivery_service,Delivery,Delivery
19,17,Pickup,2,2,2,2,195,198,08:55,08:58,3,0,0.0,2,8.534,118.008,126.542,1,B311,pickup_service,Pickup,Pickup
19,18,Movement,2,4,2,4,198,204,08:58,09:04,6,6,16.13,0,0.0,126.542,110.412,1,B311,passenger_flight,Position,Delivery
19,19,Delivery,4,4,4,4,204,207,09:04,09:07,3,0,0.0,2,8.534,110.412,118.946,0,B311,delivery_service,Delivery,Delivery
19,20,Stay,4,4,4,4,207,213,09:07,09:13,6,0,0.0,6,25.602,118.946,144.548,0,B400,parking_charging,Position,Movement
19,21,Movement,4,5,4,5,213,219,09:13,09:19,6,6,11.45,0,0.0,144.548,133.098,0,B400,empty_repositioning,Position,Pickup
19,22,Pickup,5,5,5,5,219,222,09:19,09:22,3,0,0.0,2,8.534,133.098,141.632,1,B400,pickup_service,Pickup,Pickup
19,23,Stay,5,5,5,5,222,228,09:22,09:28,6,0,0.0,6,18.368,141.632,160.0,1,B400,parking_charging,Position,Movement
19,24,Movement,5,7,5,7,228,238,09:28,09:38,10,10,32.24,0,0.0,160.0,127.76,1,B400,passenger_flight,Position,Delivery
19,25,Delivery,7,7,7,7,238,241,09:38,09:41,3,0,0.0,2,8.534,127.76,136.294,0,B400,delivery_service,Delivery,Delivery
19,26,Stay,7,7,7,7,241,251,09:41,09:51,10,0,0.0,10,23.706,136.294,160.0,0,B492,parking_charging,Position,Movement
19,27,Movement,7,8,7,8,251,258,09:51,09:58,7,7,22.2,0,0.0,160.0,137.8,0,B492,empty_repositioning,Position,Pickup
19,28,Pickup,8,8,8,8,258,261,09:58,10:01,3,0,0.0,2,8.534,137.8,146.334,1,B492,pickup_service,Pickup,Pickup
19,29,Stay,8,8,8,8,261,268,10:01,10:08,7,0,0.0,7,13.666,146.334,160.0,1,B492,parking_charging,Position,Movement
19,30,Movement,8,4,8,4,268,279,10:08,10:19,11,11,39.54,0,0.0,160.0,120.46,1,B492,passenger_flight,Position,Delivery
19,31,Delivery,4,4,4,4,279,282,10:19,10:22,3,0,0.0,2,8.534,120.46,128.994,0,B492,delivery_service,Delivery,Delivery
19,32,Stay,4,4,4,4,282,292,10:22,10:32,10,0,0.0,10,31.006,128.994,160.0,0,B677,parking_charging,Position,Pickup
19,33,Pickup,4,4,4,4,292,295,10:32,10:35,3,0,0.0,2,0.0,160.0,160.0,1,B677,pickup_service,Pickup,Pickup
19,34,Pickup,4,4,4,4,295,298,10:35,10:38,3,0,0.0,2,0.0,160.0,160.0,2,B694,pickup_service,Pickup,Pickup
19,35,Stay,4,4,4,4,298,299,10:38,10:39,1,0,0.0,1,0.0,160.0,160.0,2,B718,parking_charging,Position,Pickup
19,36,Pickup,4,4,4,4,299,302,10:39,10:42,3,0,0.0,2,0.0,160.0,160.0,4,B718,pickup_service,Pickup,Pickup
19,37,Movement,4,3,4,3,302,309,10:42,10:49,7,7,12.6,0,0.0,160.0,147.4,4,B677,passenger_flight,Position,Delivery
19,38,Delivery,3,3,3,3,309,312,10:49,10:52,3,0,0.0,2,8.534,147.4,155.934,3,B677,delivery_service,Delivery,Delivery
19,39,Delivery,3,3,3,3,312,315,10:52,10:55,3,0,0.0,2,4.066,155.934,160.0,2,B694,delivery_service,Delivery,Delivery
19,40,Delivery,3,3,3,3,315,318,10:55,10:58,3,0,0.0,2,0.0,160.0,160.0,0,B718,delivery_service,Delivery,Delivery
19,41,Pickup,3,3,3,3,318,321,10:58,11:01,3,0,0.0,2,0.0,160.0,160.0,2,B785,pickup_service,Pickup,Pickup
19,42,Movement,3,1,3,1,321,327,11:01,11:07,6,6,9.61,0,0.0,160.0,150.39,2,B785,passenger_flight,Position,Delivery
19,43,Delivery,1,1,1,1,327,330,11:07,11:10,3,0,0.0,2,8.534,150.39,158.924,0,B785,delivery_service,Delivery,Delivery
19,44,Stay,1,1,1,1,330,386,11:10,12:06,56,0,0.0,56,1.076,158.924,160.0,0,B1080,parking_charging,Position,Pickup
19,45,Pickup,1,1,1,1,386,389,12:06,12:09,3,0,0.0,2,0.0,160.0,160.0,1,B1080,pickup_service,Pickup,Pickup
19,46,Movement,1,4,1,4,389,393,12:09,12:13,4,4,4.98,0,0.0,160.0,155.02,1,B1089,passenger_flight,Position,Pickup
19,47,Pickup,4,4,4,4,393,396,12:13,12:16,3,0,0.0,2,4.98,155.02,160.0,2,B1089,pickup_service,Pickup,Pickup
19,48,Movement,4,10,4,10,396,408,12:16,12:28,12,12,42.86,0,0.0,160.0,117.14,2,B1080,passenger_flight,Position,Delivery
19,49,Delivery,10,10,10,10,408,411,12:28,12:31,3,0,0.0,2,8.534,117.14,125.674,1,B1080,delivery_service,Delivery,Delivery
19,50,Delivery,10,10,10,10,411,414,12:31,12:34,3,0,0.0,2,8.534,125.674,134.208,0,B1089,delivery_service,Delivery,Delivery
19,51,Stay,10,10,10,10,414,419,12:34,12:39,5,0,0.0,5,21.335,134.208,155.543,0,B1165,parking_charging,Position,Pickup
19,52,Pickup,10,10,10,10,419,422,12:39,12:42,3,0,0.0,2,4.457,155.543,160.0,1,B1165,pickup_service,Pickup,Pickup
19,53,Movement,10,3,10,3,422,437,12:42,12:57,15,15,54.92,0,0.0,160.0,105.08,1,B1165,passenger_flight,Position,Delivery
19,54,Delivery,3,3,3,3,437,440,12:57,13:00,3,0,0.0,2,8.534,105.08,113.614,0,B1165,delivery_service,Delivery,Delivery
19,55,Stay,3,3,3,3,440,508,13:00,14:08,68,0,0.0,68,46.386,113.614,160.0,0,B1365,parking_charging,Position,Pickup
19,56,Pickup,3,3,3,3,508,511,14:08,14:11,3,0,0.0,2,0.0,160.0,160.0,1,B1365,pickup_service,Pickup,Pickup
19,57,Movement,3,4,3,4,511,518,14:11,14:18,7,7,12.6,0,0.0,160.0,147.4,1,B1365,passenger_flight,Position,Delivery
19,58,Delivery,4,4,4,4,518,521,14:18,14:21,3,0,0.0,2,8.534,147.4,155.934,0,B1365,delivery_service,Delivery,Delivery
19,59,Pickup,4,4,4,4,521,524,14:21,14:24,3,0,0.0,2,4.066,155.934,160.0,1,B1407,pickup_service,Pickup,Pickup
19,60,Movement,4,7,4,7,524,531,14:24,14:31,7,7,21.43,0,0.0,160.0,138.57,1,B1407,passenger_flight,Position,Delivery
19,61,Delivery,7,7,7,7,531,534,14:31,14:34,3,0,0.0,2,8.534,138.57,147.104,0,B1407,delivery_service,Delivery,Delivery
19,62,Stay,7,7,7,7,534,555,14:34,14:55,21,0,0.0,21,12.896,147.104,160.0,0,B1569,parking_charging,Position,Pickup
19,63,Pickup,7,7,7,7,555,558,14:55,14:58,3,0,0.0,2,0.0,160.0,160.0,1,B1569,pickup_service,Pickup,Pickup
19,64,Stay,7,7,7,7,558,563,14:58,15:03,5,0,0.0,5,0.0,160.0,160.0,1,B1569,parking_charging,Position,Movement
19,65,Movement,7,4,7,4,563,570,15:03,15:10,7,7,21.43,0,0.0,160.0,138.57,1,B1569,passenger_flight,Position,Delivery
19,66,Delivery,4,4,4,4,570,573,15:10,15:13,3,0,0.0,2,8.534,138.57,147.104,0,B1569,delivery_service,Delivery,Delivery
19,67,Pickup,4,4,4,4,573,576,15:13,15:16,3,0,0.0,2,8.534,147.104,155.638,1,B1625,pickup_service,Pickup,Pickup
19,68,Movement,4,7,4,7,576,583,15:16,15:23,7,7,21.43,0,0.0,155.638,134.208,1,B1625,passenger_flight,Position,Delivery
19,69,Delivery,7,7,7,7,583,586,15:23,15:26,3,0,0.0,2,8.534,134.208,142.742,0,B1625,delivery_service,Delivery,Delivery
19,70,Stay,7,7,7,7,586,590,15:26,15:30,4,0,0.0,4,17.068,142.742,159.81,0,B1706,parking_charging,Position,Pickup
19,71,Pickup,7,7,7,7,590,593,15:30,15:33,3,0,0.0,2,0.19,159.81,160.0,1,B1706,pickup_service,Pickup,Pickup
19,72,Stay,7,7,7,7,593,596,15:33,15:36,3,0,0.0,3,0.0,160.0,160.0,1,B1739,parking_charging,Position,Pickup
19,73,Pickup,7,7,7,7,596,599,15:36,15:39,3,0,0.0,2,0.0,160.0,160.0,3,B1739,pickup_service,Pickup,Pickup
19,74,Movement,7,4,7,4,599,606,15:39,15:46,7,7,21.43,0,0.0,160.0,138.57,3,B1706,passenger_flight,Position,Delivery
19,75,Delivery,4,4,4,4,606,609,15:46,15:49,3,0,0.0,2,8.534,138.57,147.104,2,B1706,delivery_service,Delivery,Delivery
19,76,Delivery,4,4,4,4,609,612,15:49,15:52,3,0,0.0,2,8.534,147.104,155.638,0,B1739,delivery_service,Delivery,Delivery
19,77,Stay,4,4,4,4,612,620,15:52,16:00,8,0,0.0,8,4.362,155.638,160.0,0,B1833,parking_charging,Position,Pickup
19,78,Pickup,4,4,4,4,620,623,16:00,16:03,3,0,0.0,2,0.0,160.0,160.0,1,B1833,pickup_service,Pickup,Pickup
19,79,Movement,4,7,4,7,623,630,16:03,16:10,7,7,21.43,0,0.0,160.0,138.57,1,B1833,passenger_flight,Position,Delivery
19,80,Delivery,7,7,7,7,630,633,16:10,16:13,3,0,0.0,2,8.534,138.57,147.104,0,B1833,delivery_service,Delivery,Delivery
19,81,Stay,7,7,7,7,633,662,16:13,16:42,29,0,0.0,29,12.896,147.104,160.0,0,B2123,parking_charging,Position,Pickup
19,82,Pickup,7,7,7,7,662,665,16:42,16:45,3,0,0.0,2,0.0,160.0,160.0,1,B2123,pickup_service,Pickup,Pickup
19,83,Pickup,7,7,7,7,665,668,16:45,16:48,3,0,0.0,2,0.0,160.0,160.0,4,B2112,pickup_service,Pickup,Pickup
19,84,Movement,7,4,7,4,668,675,16:48,16:55,7,7,21.43,0,0.0,160.0,138.57,4,B2123,passenger_flight,Position,Delivery
19,85,Delivery,4,4,4,4,675,678,16:55,16:58,3,0,0.0,2,8.534,138.57,147.104,3,B2123,delivery_service,Delivery,Delivery
19,86,Delivery,4,4,4,4,678,681,16:58,17:01,3,0,0.0,2,8.534,147.104,155.638,0,B2112,delivery_service,Delivery,Delivery
19,87,Stay,4,4,4,4,681,683,17:01,17:03,2,0,0.0,2,4.362,155.638,160.0,0,B2299,parking_charging,Position,Pickup
19,88,Pickup,4,4,4,4,683,686,17:03,17:06,3,0,0.0,2,0.0,160.0,160.0,2,B2299,pickup_service,Pickup,Pickup
19,89,Pickup,4,4,4,4,686,689,17:06,17:09,3,0,0.0,2,0.0,160.0,160.0,4,B2266,pickup_service,Pickup,Pickup
19,90,Movement,4,2,4,2,689,695,17:09,17:15,6,6,16.13,0,0.0,160.0,143.87,4,B2266,passenger_flight,Position,Delivery
19,91,Delivery,2,2,2,2,695,698,17:15,17:18,3,0,0.0,2,8.534,143.87,152.404,2,B2266,delivery_service,Delivery,Delivery
19,92,Delivery,2,2,2,2,698,701,17:18,17:21,3,0,0.0,2,7.596,152.404,160.0,0,B2299,delivery_service,Delivery,Delivery
19,93,Pickup,2,2,2,2,701,704,17:21,17:24,3,0,0.0,2,0.0,160.0,160.0,3,B2481,pickup_service,Pickup,Pickup
19,94,Stay,2,2,2,2,704,706,17:24,17:26,2,0,0.0,2,0.0,160.0,160.0,3,B2543,parking_charging,Position,Pickup
19,95,Pickup,2,2,2,2,706,709,17:26,17:29,3,0,0.0,2,0.0,160.0,160.0,4,B2543,pickup_service,Pickup,Pickup
19,96,Movement,2,1,2,1,709,716,17:29,17:36,7,7,13.61,0,0.0,160.0,146.39,4,B2481,passenger_flight,Position,Delivery
19,97,Delivery,1,1,1,1,716,719,17:36,17:39,3,0,0.0,2,8.534,146.39,154.924,1,B2481,delivery_service,Delivery,Delivery
19,98,Pickup,1,1,1,1,719,722,17:39,17:42,3,0,0.0,2,5.076,154.924,160.0,2,B2666,pickup_service,Pickup,Pickup
19,99,Delivery,1,1,1,1,722,725,17:42,17:45,3,0,0.0,2,0.0,160.0,160.0,1,B2543,delivery_service,Delivery,Delivery
19,100,Movement,1,3,1,3,725,731,17:45,17:51,6,6,9.61,0,0.0,160.0,150.39,1,B2666,passenger_flight,Position,Delivery
19,101,Delivery,3,3,3,3,731,734,17:51,17:54,3,0,0.0,2,8.534,150.39,158.924,0,B2666,delivery_service,Delivery,Delivery
19,102,Pickup,3,3,3,3,734,737,17:54,17:57,3,0,0.0,2,1.076,158.924,160.0,1,B2815,pickup_service,Pickup,Pickup
19,103,Stay,3,3,3,3,737,738,17:57,17:58,1,0,0.0,1,0.0,160.0,160.0,1,B2902,parking_charging,Position,Pickup
19,104,Pickup,3,3,3,3,738,741,17:58,18:01,3,0,0.0,2,0.0,160.0,160.0,4,B2902,pickup_service,Pickup,Pickup
19,105,Movement,3,4,3,4,741,748,18:01,18:08,7,7,12.6,0,0.0,160.0,147.4,4,B2815,passenger_flight,Position,Delivery
19,106,Delivery,4,4,4,4,748,751,18:08,18:11,3,0,0.0,2,8.534,147.4,155.934,3,B2815,delivery_service,Delivery,Delivery
19,107,Delivery,4,4,4,4,751,754,18:11,18:14,3,0,0.0,2,4.066,155.934,160.0,0,B2902,delivery_service,Delivery,Delivery
19,108,Stay,4,4,4,4,754,760,18:14,18:20,6,0,0.0,6,0.0,160.0,160.0,0,B3009,parking_charging,Position,Pickup
19,109,Pickup,4,4,4,4,760,763,18:20,18:23,3,0,0.0,2,0.0,160.0,160.0,2,B3009,pickup_service,Pickup,Pickup
19,110,Movement,4,3,4,3,763,770,18:23,18:30,7,7,12.6,0,0.0,160.0,147.4,2,B3009,passenger_flight,Position,Delivery
19,111,Delivery,3,3,3,3,770,773,18:30,18:33,3,0,0.0,2,8.534,147.4,155.934,0,B3009,delivery_service,Delivery,Delivery
19,112,Stay,3,3,3,3,773,780,18:33,18:40,7,0,0.0,7,4.066,155.934,160.0,0,B3147,parking_charging,Position,Pickup
19,113,Pickup,3,3,3,3,780,783,18:40,18:43,3,0,0.0,2,0.0,160.0,160.0,1,B3147,pickup_service,Pickup,Pickup
19,114,Pickup,3,3,3,3,783,786,18:43,18:46,3,0,0.0,2,0.0,160.0,160.0,2,B3183,pickup_service,Pickup,Pickup
19,115,Movement,3,5,3,5,786,794,18:46,18:54,8,8,23.93,0,0.0,160.0,136.07,2,B3147,passenger_flight,Position,Delivery
19,116,Delivery,5,5,5,5,794,797,18:54,18:57,3,0,0.0,2,8.534,136.07,144.604,1,B3147,delivery_service,Delivery,Delivery
19,117,Delivery,5,5,5,5,797,800,18:57,19:00,3,0,0.0,2,8.534,144.604,153.138,0,B3183,delivery_service,Delivery,Delivery
19,118,Movement,5,10,5,10,800,810,19:00,19:10,10,10,33.52,0,0.0,153.138,119.618,0,,return_to_depot,Position,Depot
20,0,Stay,1,1,1,1,0,65,05:40,06:45,65,0,0.0,65,0.0,160.0,160.0,0,B39,parking_charging,Position,Pickup
20,1,Pickup,1,1,1,1,65,68,06:45,06:48,3,0,0.0,2,0.0,160.0,160.0,1,B39,pickup_service,Pickup,Pickup
20,2,Pickup,1,1,1,1,68,71,06:48,06:51,3,0,0.0,2,0.0,160.0,160.0,2,B33,pickup_service,Pickup,Pickup
20,3,Movement,1,10,1,10,71,84,06:51,07:04,13,13,47.44,0,0.0,160.0,112.56,2,B33,passenger_flight,Position,Delivery
20,4,Delivery,10,10,10,10,84,87,07:04,07:07,3,0,0.0,2,8.534,112.56,121.094,1,B33,delivery_service,Delivery,Delivery
20,5,Delivery,10,10,10,10,87,90,07:07,07:10,3,0,0.0,2,8.534,121.094,129.628,0,B39,delivery_service,Delivery,Delivery
20,6,Pickup,10,10,10,10,90,93,07:10,07:13,3,0,0.0,2,8.534,129.628,138.162,1,B54,pickup_service,Pickup,Pickup
20,7,Movement,10,9,10,9,93,112,07:13,07:32,19,19,69.89,0,0.0,138.162,68.272,1,B54,passenger_flight,Position,Delivery
20,8,Delivery,9,9,9,9,112,115,07:32,07:35,3,0,0.0,2,8.534,68.272,76.806,0,B54,delivery_service,Delivery,Delivery
20,9,Stay,9,9,9,9,115,160,07:35,08:20,45,0,0.0,45,83.194,76.806,160.0,0,B222,parking_charging,Position,Movement
20,10,Movement,9,8,9,8,160,166,08:20,08:26,6,6,18.04,0,0.0,160.0,141.96,0,B222,empty_repositioning,Position,Pickup
20,11,Pickup,8,8,8,8,166,169,08:26,08:29,3,0,0.0,2,8.534,141.96,150.494,1,B222,pickup_service,Pickup,Pickup
20,12,Movement,8,1,8,1,169,181,08:29,08:41,12,12,41.05,0,0.0,150.494,109.444,1,B222,passenger_flight,Position,Delivery
20,13,Delivery,1,1,1,1,181,184,08:41,08:44,3,0,0.0,2,8.534,109.444,117.978,0,B222,delivery_service,Delivery,Delivery
20,14,Stay,1,1,1,1,184,200,08:44,09:00,16,0,0.0,16,42.022,117.978,160.0,0,B357,parking_charging,Position,Movement
20,15,Movement,1,6,1,6,200,207,09:00,09:07,7,7,23.39,0,0.0,160.0,136.61,0,B357,empty_repositioning,Position,Pickup
20,16,Pickup,6,6,6,6,207,210,09:07,09:10,3,0,0.0,2,8.534,136.61,145.144,1,B357,pickup_service,Pickup,Pickup
20,17,Movement,6,3,6,3,210,220,09:10,09:20,10,10,32.98,0,0.0,145.144,112.164,1,B357,passenger_flight,Position,Delivery
20,18,Delivery,3,3,3,3,220,223,09:20,09:23,3,0,0.0,2,8.534,112.164,120.698,0,B357,delivery_service,Delivery,Delivery
20,19,Stay,3,3,3,3,223,227,09:23,09:27,4,0,0.0,4,17.068,120.698,137.766,0,B421,parking_charging,Position,Pickup
20,20,Pickup,3,3,3,3,227,230,09:27,09:30,3,0,0.0,2,8.534,137.766,146.3,1,B421,pickup_service,Pickup,Pickup
20,21,Pickup,3,3,3,3,230,233,09:30,09:33,3,0,0.0,2,8.534,146.3,154.834,2,B430,pickup_service,Pickup,Pickup
20,22,Stay,3,3,3,3,233,234,09:33,09:34,1,0,0.0,1,4.267,154.834,159.101,2,B438,parking_charging,Position,Pickup
20,23,Pickup,3,3,3,3,234,237,09:34,09:37,3,0,0.0,2,0.899,159.101,160.0,4,B438,pickup_service,Pickup,Pickup
20,24,Movement,3,4,3,4,237,244,09:37,09:44,7,7,12.6,0,0.0,160.0,147.4,4,B421,passenger_flight,Position,Delivery
20,25,Delivery,4,4,4,4,244,247,09:44,09:47,3,0,0.0,2,8.534,147.4,155.934,3,B421,delivery_service,Delivery,Delivery
20,26,Delivery,4,4,4,4,247,250,09:47,09:50,3,0,0.0,2,4.066,155.934,160.0,2,B430,delivery_service,Delivery,Delivery
20,27,Delivery,4,4,4,4,250,253,09:50,09:53,3,0,0.0,2,0.0,160.0,160.0,0,B438,delivery_service,Delivery,Delivery
20,28,Stay,4,4,4,4,253,260,09:53,10:00,7,0,0.0,7,0.0,160.0,160.0,0,B496,parking_charging,Position,Pickup
20,29,Pickup,4,4,4,4,260,263,10:00,10:03,3,0,0.0,2,0.0,160.0,160.0,1,B496,pickup_service,Pickup,Pickup
20,30,Stay,4,4,4,4,263,265,10:03,10:05,2,0,0.0,2,0.0,160.0,160.0,1,B520,parking_charging,Position,Pickup
20,31,Pickup,4,4,4,4,265,268,10:05,10:08,3,0,0.0,2,0.0,160.0,160.0,2,B520,pickup_service,Pickup,Pickup
20,32,Movement,4,3,4,3,268,275,10:08,10:15,7,7,12.6,0,0.0,160.0,147.4,2,B496,passenger_flight,Position,Delivery
20,33,Delivery,3,3,3,3,275,278,10:15,10:18,3,0,0.0,2,8.534,147.4,155.934,1,B496,delivery_service,Delivery,Delivery
20,34,Pickup,3,3,3,3,278,281,10:18,10:21,3,0,0.0,2,4.066,155.934,160.0,2,B583,pickup_service,Pickup,Pickup
20,35,Delivery,3,3,3,3,281,284,10:21,10:24,3,0,0.0,2,0.0,160.0,160.0,1,B520,delivery_service,Delivery,Delivery
20,36,Movement,3,1,3,1,284,290,10:24,10:30,6,6,9.61,0,0.0,160.0,150.39,1,B583,passenger_flight,Position,Delivery
20,37,Delivery,1,1,1,1,290,293,10:30,10:33,3,0,0.0,2,8.534,150.39,158.924,0,B583,delivery_service,Delivery,Delivery
20,38,Movement,1,3,1,3,293,299,10:33,10:39,6,6,9.61,0,0.0,158.924,149.314,0,B703,empty_repositioning,Position,Pickup
20,39,Pickup,3,3,3,3,299,302,10:39,10:42,3,0,0.0,2,8.534,149.314,157.848,1,B703,pickup_service,Pickup,Pickup
20,40,Movement,3,9,3,9,302,317,10:42,10:57,15,15,52.78,0,0.0,157.848,105.068,1,B703,passenger_flight,Position,Delivery
20,41,Delivery,9,9,9,9,317,320,10:57,11:00,3,0,0.0,2,8.534,105.068,113.602,0,B703,delivery_service,Delivery,Delivery
20,42,Pickup,9,9,9,9,320,323,11:00,11:03,3,0,0.0,2,8.534,113.602,122.136,1,B794,pickup_service,Pickup,Pickup
20,43,Movement,9,4,9,4,323,338,11:03,11:18,15,15,55.47,0,0.0,122.136,66.666,1,B794,passenger_flight,Position,Delivery
20,44,Delivery,4,4,4,4,338,341,11:18,11:21,3,0,0.0,2,8.534,66.666,75.2,0,B794,delivery_service,Delivery,Delivery
20,45,Stay,4,4,4,4,341,342,11:21,11:22,1,0,0.0,1,4.267,75.2,79.467,0,B932,parking_charging,Position,Pickup
20,46,Pickup,4,4,4,4,342,345,11:22,11:25,3,0,0.0,2,8.534,79.467,88.001,1,B932,pickup_service,Pickup,Pickup
20,47,Pickup,4,4,4,4,345,348,11:25,11:28,3,0,0.0,2,8.534,88.001,96.535,2,B920,pickup_service,Pickup,Pickup
20,48,Movement,4,2,4,2,348,354,11:28,11:34,6,6,16.13,0,0.0,96.535,80.405,2,B920,passenger_flight,Position,Delivery
20,49,Delivery,2,2,2,2,354,357,11:34,11:37,3,0,0.0,2,8.534,80.405,88.939,1,B920,delivery_service,Delivery,Delivery
20,50,Delivery,2,2,2,2,357,360,11:37,11:40,3,0,0.0,2,8.534,88.939,97.473,0,B932,delivery_service,Delivery,Delivery
20,51,Stay,2,2,2,2,360,389,11:40,12:09,29,0,0.0,29,62.527,97.473,160.0,0,B1084,parking_charging,Position,Pickup
20,52,Pickup,2,2,2,2,389,392,12:09,12:12,3,0,0.0,2,0.0,160.0,160.0,1,B1084,pickup_service,Pickup,Pickup
20,53,Stay,2,2,2,2,392,395,12:12,12:15,3,0,0.0,3,0.0,160.0,160.0,1,B1096,parking_charging,Position,Pickup
20,54,Pickup,2,2,2,2,395,398,12:15,12:18,3,0,0.0,2,0.0,160.0,160.0,2,B1096,pickup_service,Pickup,Pickup
20,55,Movement,2,5,2,5,398,406,12:18,12:26,8,8,27.57,0,0.0,160.0,132.43,2,B1084,passenger_flight,Position,Delivery
20,56,Delivery,5,5,5,5,406,409,12:26,12:29,3,0,0.0,2,8.534,132.43,140.964,1,B1084,delivery_service,Delivery,Delivery
20,57,Movement,5,6,5,6,409,416,12:29,12:36,7,7,12.76,0,0.0,140.964,128.204,1,B1096,passenger_flight,Position,Delivery
20,58,Delivery,6,6,6,6,416,419,12:36,12:39,3,0,0.0,2,8.534,128.204,136.738,0,B1096,delivery_service,Delivery,Delivery
20,59,Stay,6,6,6,6,419,429,12:39,12:49,10,0,0.0,10,23.262,136.738,160.0,0,B1189,parking_charging,Position,Pickup
20,60,Pickup,6,6,6,6,429,432,12:49,12:52,3,0,0.0,2,0.0,160.0,160.0,1,B1189,pickup_service,Pickup,Pickup
20,61,Movement,6,10,6,10,432,443,12:52,13:03,11,11,35.74,0,0.0,160.0,124.26,1,B1189,passenger_flight,Position,Delivery
20,62,Delivery,10,10,10,10,443,446,13:03,13:06,3,0,0.0,2,8.534,124.26,132.794,0,B1189,delivery_service,Delivery,Delivery
20,63,Stay,10,10,10,10,446,456,13:06,13:16,10,0,0.0,10,27.206,132.794,160.0,0,B1242,parking_charging,Position,Pickup
20,64,Pickup,10,10,10,10,456,459,13:16,13:19,3,0,0.0,2,0.0,160.0,160.0,1,B1242,pickup_service,Pickup,Pickup
20,65,Stay,10,10,10,10,459,467,13:19,13:27,8,0,0.0,8,0.0,160.0,160.0,1,B1242,parking_charging,Position,Movement
20,66,Movement,10,3,10,3,467,482,13:27,13:42,15,15,54.92,0,0.0,160.0,105.08,1,B1242,passenger_flight,Position,Delivery
20,67,Delivery,3,3,3,3,482,485,13:42,13:45,3,0,0.0,2,8.534,105.08,113.614,0,B1242,delivery_service,Delivery,Delivery
20,68,Movement,3,2,3,2,485,488,13:45,13:48,3,3,4.08,0,0.0,113.614,109.534,0,B1289,empty_repositioning,Position,Pickup
20,69,Pickup,2,2,2,2,488,491,13:48,13:51,3,0,0.0,2,8.534,109.534,118.068,1,B1289,pickup_service,Pickup,Pickup
20,70,Movement,2,6,2,6,491,502,13:51,14:02,11,11,37.0,0,0.0,118.068,81.068,1,B1289,passenger_flight,Position,Delivery
20,71,Delivery,6,6,6,6,502,505,14:02,14:05,3,0,0.0,2,8.534,81.068,89.602,0,B1289,delivery_service,Delivery,Delivery
20,72,Stay,6,6,6,6,505,518,14:05,14:18,13,0,0.0,13,55.471,89.602,145.073,0,B1413,parking_charging,Position,Pickup
20,73,Pickup,6,6,6,6,518,521,14:18,14:21,3,0,0.0,2,8.534,145.073,153.607,1,B1413,pickup_service,Pickup,Pickup
20,74,Stay,6,6,6,6,521,527,14:21,14:27,6,0,0.0,6,6.393,153.607,160.0,1,B1413,parking_charging,Position,Movement
20,75,Movement,6,7,6,7,527,539,14:27,14:39,12,12,43.48,0,0.0,160.0,116.52,1,B1413,passenger_flight,Position,Delivery
20,76,Delivery,7,7,7,7,539,542,14:39,14:42,3,0,0.0,2,8.534,116.52,125.054,0,B1413,delivery_service,Delivery,Delivery
20,77,Movement,7,4,7,4,542,549,14:42,14:49,7,7,21.43,0,0.0,125.054,103.624,0,B1545,empty_repositioning,Position,Pickup
20,78,Pickup,4,4,4,4,549,552,14:49,14:52,3,0,0.0,2,8.534,103.624,112.158,1,B1545,pickup_service,Pickup,Pickup
20,79,Movement,4,7,4,7,552,559,14:52,14:59,7,7,21.43,0,0.0,112.158,90.728,1,B1545,passenger_flight,Position,Delivery
20,80,Delivery,7,7,7,7,559,562,14:59,15:02,3,0,0.0,2,8.534,90.728,99.262,0,B1545,delivery_service,Delivery,Delivery
20,81,Movement,7,8,7,8,562,569,15:02,15:09,7,7,22.2,0,0.0,99.262,77.062,0,B1627,empty_repositioning,Position,Pickup
20,82,Pickup,8,8,8,8,569,572,15:09,15:12,3,0,0.0,2,8.534,77.062,85.596,1,B1627,pickup_service,Pickup,Pickup
20,83,Movement,8,7,8,7,572,579,15:12,15:19,7,7,22.2,0,0.0,85.596,63.396,1,B1667,passenger_flight,Position,Pickup
20,84,Pickup,7,7,7,7,579,582,15:19,15:22,3,0,0.0,2,8.534,63.396,71.93,2,B1667,pickup_service,Pickup,Pickup
20,85,Movement,7,4,7,4,582,589,15:22,15:29,7,7,21.43,0,0.0,71.93,50.5,2,B1627,passenger_flight,Position,Delivery
20,86,Delivery,4,4,4,4,589,592,15:29,15:32,3,0,0.0,2,8.534,50.5,59.034,1,B1627,delivery_service,Delivery,Delivery
20,87,Movement,4,1,4,1,592,596,15:32,15:36,4,4,4.98,0,0.0,59.034,54.054,1,B1667,passenger_flight,Position,Delivery
20,88,Delivery,1,1,1,1,596,599,15:36,15:39,3,0,0.0,2,8.534,54.054,62.588,0,B1667,delivery_service,Delivery,Delivery
20,89,Pickup,1,1,1,1,599,602,15:39,15:42,3,0,0.0,2,8.534,62.588,71.122,1,B1720,pickup_service,Pickup,Pickup
20,90,Movement,1,2,1,2,602,609,15:42,15:49,7,7,13.61,0,0.0,71.122,57.512,1,B1720,passenger_flight,Position,Delivery
20,91,Delivery,2,2,2,2,609,612,15:49,15:52,3,0,0.0,2,8.534,57.512,66.046,0,B1720,delivery_service,Delivery,Delivery
20,92,Stay,2,2,2,2,612,616,15:52,15:56,4,0,0.0,4,17.068,66.046,83.114,0,B1820,parking_charging,Position,Pickup
20,93,Pickup,2,2,2,2,616,619,15:56,15:59,3,0,0.0,2,8.534,83.114,91.648,1,B1820,pickup_service,Pickup,Pickup
20,94,Pickup,2,2,2,2,619,622,15:59,16:02,3,0,0.0,2,8.534,91.648,100.182,2,B1831,pickup_service,Pickup,Pickup
20,95,Stay,2,2,2,2,622,625,16:02,16:05,3,0,0.0,3,12.801,100.182,112.983,2,B1820,parking_charging,Position,Movement
20,96,Movement,2,5,2,5,625,633,16:05,16:13,8,8,27.57,0,0.0,112.983,85.413,2,B1820,passenger_flight,Position,Delivery
20,97,Delivery,5,5,5,5,633,636,16:13,16:16,3,0,0.0,2,8.534,85.413,93.947,1,B1820,delivery_service,Delivery,Delivery
20,98,Delivery,5,5,5,5,636,639,16:16,16:19,3,0,0.0,2,8.534,93.947,102.481,0,B1831,delivery_service,Delivery,Delivery
20,99,Stay,5,5,5,5,639,640,16:19,16:20,1,0,0.0,1,4.267,102.481,106.748,0,B1986,parking_charging,Position,Movement
20,100,Movement,5,1,5,1,640,648,16:20,16:28,8,8,14.88,0,0.0,106.748,91.868,0,B1986,empty_repositioning,Position,Pickup
20,101,Pickup,1,1,1,1,648,651,16:28,16:31,3,0,0.0,2,8.534,91.868,100.402,1,B1986,pickup_service,Pickup,Pickup
20,102,Movement,1,2,1,2,651,658,16:31,16:38,7,7,13.61,0,0.0,100.402,86.792,1,B1986,passenger_flight,Position,Delivery
20,103,Delivery,2,2,2,2,658,661,16:38,16:41,3,0,0.0,2,8.534,86.792,95.326,0,B1986,delivery_service,Delivery,Delivery
20,104,Stay,2,2,2,2,661,662,16:41,16:42,1,0,0.0,1,4.267,95.326,99.593,0,B2118,parking_charging,Position,Pickup
20,105,Pickup,2,2,2,2,662,665,16:42,16:45,3,0,0.0,2,8.534,99.593,108.127,2,B2118,pickup_service,Pickup,Pickup
20,106,Pickup,2,2,2,2,665,668,16:45,16:48,3,0,0.0,2,8.534,108.127,116.661,4,B2144,pickup_service,Pickup,Pickup
20,107,Movement,2,4,2,4,668,674,16:48,16:54,6,6,16.13,0,0.0,116.661,100.531,4,B2118,passenger_flight,Position,Delivery
20,108,Delivery,4,4,4,4,674,677,16:54,16:57,3,0,0.0,2,8.534,100.531,109.065,2,B2118,delivery_service,Delivery,Delivery
20,109,Movement,4,5,4,5,677,683,16:57,17:03,6,6,11.45,0,0.0,109.065,97.615,2,B2144,passenger_flight,Position,Delivery
20,110,Delivery,5,5,5,5,683,686,17:03,17:06,3,0,0.0,2,8.534,97.615,106.149,0,B2144,delivery_service,Delivery,Delivery
20,111,Pickup,5,5,5,5,686,689,17:06,17:09,3,0,0.0,2,8.534,106.149,114.683,1,B2288,pickup_service,Pickup,Pickup
20,112,Movement,5,10,5,10,689,699,17:09,17:19,10,10,33.52,0,0.0,114.683,81.163,1,B2288,passenger_flight,Position,Delivery
20,113,Delivery,10,10,10,10,699,702,17:19,17:22,3,0,0.0,2,8.534,81.163,89.697,0,B2288,delivery_service,Delivery,Delivery
20,114,Stay,10,10,10,10,702,728,17:22,17:48,26,0,0.0,26,70.303,89.697,160.0,0,B2802,parking_charging,Position,Pickup
20,115,Pickup,10,10,10,10,728,731,17:48,17:51,3,0,0.0,2,0.0,160.0,160.0,2,B2802,pickup_service,Pickup,Pickup
20,116,Pickup,10,10,10,10,731,734,17:51,17:54,3,0,0.0,2,0.0,160.0,160.0,4,B2787,pickup_service,Pickup,Pickup
20,117,Movement,10,3,10,3,734,749,17:54,18:09,15,15,54.92,0,0.0,160.0,105.08,4,B2802,passenger_flight,Position,Delivery
20,118,Delivery,3,3,3,3,749,752,18:09,18:12,3,0,0.0,2,8.534,105.08,113.614,2,B2802,delivery_service,Delivery,Delivery
20,119,Delivery,3,3,3,3,752,755,18:12,18:15,3,0,0.0,2,8.534,113.614,122.148,0,B2787,delivery_service,Delivery,Delivery
20,120,Pickup,3,3,3,3,755,758,18:15,18:18,3,0,0.0,2,8.534,122.148,130.682,1,B3000,pickup_service,Pickup,Pickup
20,121,Movement,3,4,3,4,758,765,18:18,18:25,7,7,12.6,0,0.0,130.682,118.082,1,B3000,passenger_flight,Position,Delivery
20,122,Delivery,4,4,4,4,765,768,18:25,18:28,3,0,0.0,2,8.534,118.082,126.616,0,B3000,delivery_service,Delivery,Delivery
20,123,Pickup,4,4,4,4,768,771,18:28,18:31,3,0,0.0,2,8.534,126.616,135.15,2,B3058,pickup_service,Pickup,Pickup
20,124,Movement,4,3,4,3,771,778,18:31,18:38,7,7,12.6,0,0.0,135.15,122.55,2,B3058,passenger_flight,Position,Delivery
20,125,Delivery,3,3,3,3,778,781,18:38,18:41,3,0,0.0,2,8.534,122.55,131.084,0,B3058,delivery_service,Delivery,Delivery
20,126,Movement,3,2,3,2,781,784,18:41,18:44,3,3,4.08,0,0.0,131.084,127.004,0,B3188,empty_repositioning,Position,Pickup
20,127,Pickup,2,2,2,2,784,787,18:44,18:47,3,0,0.0,2,8.534,127.004,135.538,1,B3188,pickup_service,Pickup,Pickup
20,128,Stay,2,2,2,2,787,791,18:47,18:51,4,0,0.0,4,17.068,135.538,152.606,1,B3242,parking_charging,Position,Pickup
20,129,Pickup,2,2,2,2,791,794,18:51,18:54,3,0,0.0,2,7.394,152.606,160.0,2,B3242,pickup_service,Pickup,Pickup
20,130,Movement,2,4,2,4,794,800,18:54,19:00,6,6,16.13,0,0.0,160.0,143.87,2,B3188,passenger_flight,Position,Delivery
20,131,Delivery,4,4,4,4,800,803,19:00,19:03,3,0,0.0,2,8.534,143.87,152.404,1,B3188,delivery_service,Delivery,Delivery
20,132,Movement,4,1,4,1,803,807,19:03,19:07,4,4,4.98,0,0.0,152.404,147.424,1,B3242,passenger_flight,Position,Delivery
20,133,Delivery,1,1,1,1,807,810,19:07,19:10,3,0,0.0,2,8.534,147.424,155.958,0,B3242,delivery_service,Delivery,Delivery
21,0,Stay,2,2,2,2,0,91,05:40,07:11,91,0,0.0,91,0.0,160.0,160.0,0,B62,parking_charging,Position,Pickup
21,1,Pickup,2,2,2,2,91,94,07:11,07:14,3,0,0.0,2,0.0,160.0,160.0,1,B62,pickup_service,Pickup,Pickup
21,2,Pickup,2,2,2,2,94,97,07:14,07:17,3,0,0.0,2,0.0,160.0,160.0,2,B58,pickup_service,Pickup,Pickup
21,3,Movement,2,4,2,4,97,103,07:17,07:23,6,6,16.13,0,0.0,160.0,143.87,2,B58,passenger_flight,Position,Delivery
21,4,Delivery,4,4,4,4,103,106,07:23,07:26,3,0,0.0,2,8.534,143.87,152.404,1,B58,delivery_service,Delivery,Delivery
21,5,Delivery,4,4,4,4,106,109,07:26,07:29,3,0,0.0,2,7.596,152.404,160.0,0,B62,delivery_service,Delivery,Delivery
21,6,Movement,4,6,4,6,109,116,07:29,07:36,7,7,22.06,0,0.0,160.0,137.94,0,B83,empty_repositioning,Position,Pickup
21,7,Pickup,6,6,6,6,116,119,07:36,07:39,3,0,0.0,2,8.534,137.94,146.474,1,B83,pickup_service,Pickup,Pickup
21,8,Movement,6,7,6,7,119,131,07:39,07:51,12,12,43.48,0,0.0,146.474,102.994,1,B83,passenger_flight,Position,Delivery
21,9,Delivery,7,7,7,7,131,134,07:51,07:54,3,0,0.0,2,8.534,102.994,111.528,0,B83,delivery_service,Delivery,Delivery
21,10,Stay,7,7,7,7,134,158,07:54,08:18,24,0,0.0,24,48.472,111.528,160.0,0,B204,parking_charging,Position,Pickup
21,11,Pickup,7,7,7,7,158,161,08:18,08:21,3,0,0.0,2,0.0,160.0,160.0,2,B204,pickup_service,Pickup,Pickup
21,12,Stay,7,7,7,7,161,167,08:21,08:27,6,0,0.0,6,0.0,160.0,160.0,2,B204,parking_charging,Position,Movement
21,13,Movement,7,4,7,4,167,174,08:27,08:34,7,7,21.43,0,0.0,160.0,138.57,2,B204,passenger_flight,Position,Delivery
21,14,Delivery,4,4,4,4,174,177,08:34,08:37,3,0,0.0,2,8.534,138.57,147.104,0,B204,delivery_service,Delivery,Delivery
21,15,Stay,4,4,4,4,177,181,08:37,08:41,4,0,0.0,4,12.896,147.104,160.0,0,B309,parking_charging,Position,Movement
21,16,Movement,4,6,4,6,181,188,08:41,08:48,7,7,22.06,0,0.0,160.0,137.94,0,B309,empty_repositioning,Position,Pickup
21,17,Pickup,6,6,6,6,188,191,08:48,08:51,3,0,0.0,2,8.534,137.94,146.474,1,B309,pickup_service,Pickup,Pickup
21,18,Pickup,6,6,6,6,191,194,08:51,08:54,3,0,0.0,2,8.534,146.474,155.008,2,B304,pickup_service,Pickup,Pickup
21,19,Movement,6,3,6,3,194,204,08:54,09:04,10,10,32.98,0,0.0,155.008,122.028,2,B304,passenger_flight,Position,Delivery
21,20,Delivery,3,3,3,3,204,207,09:04,09:07,3,0,0.0,2,8.534,122.028,130.562,1,B304,delivery_service,Delivery,Delivery
21,21,Delivery,3,3,3,3,207,210,09:07,09:10,3,0,0.0,2,8.534,130.562,139.096,0,B309,delivery_service,Delivery,Delivery
21,22,Stay,3,3,3,3,210,220,09:10,09:20,10,0,0.0,10,20.904,139.096,160.0,0,B390,parking_charging,Position,Pickup
21,23,Pickup,3,3,3,3,220,223,09:20,09:23,3,0,0.0,2,0.0,160.0,160.0,1,B390,pickup_service,Pickup,Pickup
21,24,Movement,3,4,3,4,223,230,09:23,09:30,7,7,12.6,0,0.0,160.0,147.4,1,B390,passenger_flight,Position,Delivery
21,25,Delivery,4,4,4,4,230,233,09:30,09:33,3,0,0.0,2,8.534,147.4,155.934,0,B390,delivery_service,Delivery,Delivery
21,26,Stay,4,4,4,4,233,252,09:33,09:52,19,0,0.0,19,4.066,155.934,160.0,0,B476,parking_charging,Position,Pickup
21,27,Pickup,4,4,4,4,252,255,09:52,09:55,3,0,0.0,2,0.0,160.0,160.0,1,B476,pickup_service,Pickup,Pickup
21,28,Stay,4,4,4,4,255,259,09:55,09:59,4,0,0.0,4,0.0,160.0,160.0,1,B476,parking_charging,Position,Movement
21,29,Movement,4,10,4,10,259,271,09:59,10:11,12,12,42.86,0,0.0,160.0,117.14,1,B476,passenger_flight,Position,Delivery
21,30,Delivery,10,10,10,10,271,274,10:11,10:14,3,0,0.0,2,8.534,117.14,125.674,0,B476,delivery_service,Delivery,Delivery
21,31,Stay,10,10,10,10,274,279,10:14,10:19,5,0,0.0,5,21.335,125.674,147.009,0,B612,parking_charging,Position,Pickup
21,32,Pickup,10,10,10,10,279,282,10:19,10:22,3,0,0.0,2,8.534,147.009,155.543,1,B612,pickup_service,Pickup,Pickup
21,33,Stay,10,10,10,10,282,293,10:22,10:33,11,0,0.0,11,4.457,155.543,160.0,1,B612,parking_charging,Position,Movement
21,34,Movement,10,3,10,3,293,308,10:33,10:48,15,15,54.92,0,0.0,160.0,105.08,1,B612,passenger_flight,Position,Delivery
21,35,Delivery,3,3,3,3,308,311,10:48,10:51,3,0,0.0,2,8.534,105.08,113.614,0,B612,delivery_service,Delivery,Delivery
21,36,Pickup,3,3,3,3,311,314,10:51,10:54,3,0,0.0,2,8.534,113.614,122.148,1,B743,pickup_service,Pickup,Pickup
21,37,Movement,3,4,3,4,314,321,10:54,11:01,7,7,12.6,0,0.0,122.148,109.548,1,B743,passenger_flight,Position,Delivery
21,38,Delivery,4,4,4,4,321,324,11:01,11:04,3,0,0.0,2,8.534,109.548,118.082,0,B743,delivery_service,Delivery,Delivery
21,39,Stay,4,4,4,4,324,330,11:04,11:10,6,0,0.0,6,25.602,118.082,143.684,0,B880,parking_charging,Position,Pickup
21,40,Pickup,4,4,4,4,330,333,11:10,11:13,3,0,0.0,2,8.534,143.684,152.218,1,B880,pickup_service,Pickup,Pickup
21,41,Stay,4,4,4,4,333,336,11:13,11:16,3,0,0.0,3,7.782,152.218,160.0,1,B905,parking_charging,Position,Pickup
21,42,Pickup,4,4,4,4,336,339,11:16,11:19,3,0,0.0,2,0.0,160.0,160.0,2,B905,pickup_service,Pickup,Pickup
21,43,Movement,4,2,4,2,339,345,11:19,11:25,6,6,16.13,0,0.0,160.0,143.87,2,B880,passenger_flight,Position,Delivery
21,44,Delivery,2,2,2,2,345,348,11:25,11:28,3,0,0.0,2,8.534,143.87,152.404,1,B880,delivery_service,Delivery,Delivery
21,45,Delivery,2,2,2,2,348,351,11:28,11:31,3,0,0.0,2,7.596,152.404,160.0,0,B905,delivery_service,Delivery,Delivery
21,46,Stay,2,2,2,2,351,360,11:31,11:40,9,0,0.0,9,0.0,160.0,160.0,0,B1005,parking_charging,Position,Movement
21,47,Movement,2,4,2,4,360,366,11:40,11:46,6,6,16.13,0,0.0,160.0,143.87,0,B1005,empty_repositioning,Position,Pickup
21,48,Pickup,4,4,4,4,366,369,11:46,11:49,3,0,0.0,2,8.534,143.87,152.404,1,B1005,pickup_service,Pickup,Pickup
21,49,Movement,4,2,4,2,369,375,11:49,11:55,6,6,16.13,0,0.0,152.404,136.274,1,B1005,passenger_flight,Position,Delivery
21,50,Delivery,2,2,2,2,375,378,11:55,11:58,3,0,0.0,2,8.534,136.274,144.808,0,B1005,delivery_service,Delivery,Delivery
21,51,Pickup,2,2,2,2,378,381,11:58,12:01,3,0,0.0,2,8.534,144.808,153.342,1,B1052,pickup_service,Pickup,Pickup
21,52,Stay,2,2,2,2,381,384,12:01,12:04,3,0,0.0,3,6.658,153.342,160.0,1,B1052,parking_charging,Position,Movement
21,53,Movement,2,5,2,5,384,392,12:04,12:12,8,8,27.57,0,0.0,160.0,132.43,1,B1052,passenger_flight,Position,Delivery
21,54,Delivery,5,5,5,5,392,395,12:12,12:15,3,0,0.0,2,8.534,132.43,140.964,0,B1052,delivery_service,Delivery,Delivery
21,55,Stay,5,5,5,5,395,397,12:15,12:17,2,0,0.0,2,8.534,140.964,149.498,0,B1106,parking_charging,Position,Pickup
21,56,Pickup,5,5,5,5,397,400,12:17,12:20,3,0,0.0,2,8.534,149.498,158.032,1,B1106,pickup_service,Pickup,Pickup
21,57,Movement,5,2,5,2,400,408,12:20,12:28,8,8,27.57,0,0.0,158.032,130.462,1,B1106,passenger_flight,Position,Delivery
21,58,Delivery,2,2,2,2,408,411,12:28,12:31,3,0,0.0,2,8.534,130.462,138.996,0,B1106,delivery_service,Delivery,Delivery
21,59,Pickup,2,2,2,2,411,414,12:31,12:34,3,0,0.0,2,8.534,138.996,147.53,1,B1131,pickup_service,Pickup,Pickup
21,60,Pickup,2,2,2,2,414,417,12:34,12:37,3,0,0.0,2,8.534,147.53,156.064,2,B1150,pickup_service,Pickup,Pickup
21,61,Movement,2,5,2,5,417,425,12:37,12:45,8,8,27.57,0,0.0,156.064,128.494,2,B1131,passenger_flight,Position,Delivery
21,62,Delivery,5,5,5,5,425,428,12:45,12:48,3,0,0.0,2,8.534,128.494,137.028,1,B1131,delivery_service,Delivery,Delivery
21,63,Delivery,5,5,5,5,428,431,12:48,12:51,3,0,0.0,2,8.534,137.028,145.562,0,B1150,delivery_service,Delivery,Delivery
21,64,Stay,5,5,5,5,431,480,12:51,13:40,49,0,0.0,49,14.438,145.562,160.0,0,B1303,parking_charging,Position,Movement
21,65,Movement,5,6,5,6,480,487,13:40,13:47,7,7,12.76,0,0.0,160.0,147.24,0,B1303,empty_repositioning,Position,Pickup
21,66,Pickup,6,6,6,6,487,490,13:47,13:50,3,0,0.0,2,8.534,147.24,155.774,1,B1303,pickup_service,Pickup,Pickup
21,67,Pickup,6,6,6,6,490,493,13:50,13:53,3,0,0.0,2,4.226,155.774,160.0,2,B1315,pickup_service,Pickup,Pickup
21,68,Movement,6,7,6,7,493,505,13:53,14:05,12,12,43.48,0,0.0,160.0,116.52,2,B1315,passenger_flight,Position,Delivery
21,69,Delivery,7,7,7,7,505,508,14:05,14:08,3,0,0.0,2,8.534,116.52,125.054,1,B1315,delivery_service,Delivery,Delivery
21,70,Delivery,7,7,7,7,508,511,14:08,14:11,3,0,0.0,2,8.534,125.054,133.588,0,B1303,delivery_service,Delivery,Delivery
21,71,Stay,7,7,7,7,511,516,14:11,14:16,5,0,0.0,5,21.335,133.588,154.923,0,B1403,parking_charging,Position,Pickup
21,72,Pickup,7,7,7,7,516,519,14:16,14:19,3,0,0.0,2,5.077,154.923,160.0,1,B1403,pickup_service,Pickup,Pickup
21,73,Pickup,7,7,7,7,519,522,14:19,14:22,3,0,0.0,2,0.0,160.0,160.0,2,B1394,pickup_service,Pickup,Pickup
21,74,Movement,7,1,7,1,522,529,14:22,14:29,7,7,21.03,0,0.0,160.0,138.97,2,B1394,passenger_flight,Position,Delivery
21,75,Delivery,1,1,1,1,529,532,14:29,14:32,3,0,0.0,2,8.534,138.97,147.504,1,B1394,delivery_service,Delivery,Delivery
21,76,Delivery,1,1,1,1,532,535,14:32,14:35,3,0,0.0,2,8.534,147.504,156.038,0,B1403,delivery_service,Delivery,Delivery
21,77,Pickup,1,1,1,1,535,538,14:35,14:38,3,0,0.0,2,3.962,156.038,160.0,1,B1491,pickup_service,Pickup,Pickup
21,78,Pickup,1,1,1,1,538,541,14:38,14:41,3,0,0.0,2,0.0,160.0,160.0,3,B1467,pickup_service,Pickup,Pickup
21,79,Movement,1,10,1,10,541,554,14:41,14:54,13,13,47.44,0,0.0,160.0,112.56,3,B1467,passenger_flight,Position,Delivery
21,80,Delivery,10,10,10,10,554,557,14:54,14:57,3,0,0.0,2,8.534,112.56,121.094,1,B1467,delivery_service,Delivery,Delivery
21,81,Delivery,10,10,10,10,557,560,14:57,15:00,3,0,0.0,2,8.534,121.094,129.628,0,B1491,delivery_service,Delivery,Delivery
21,82,Pickup,10,10,10,10,560,563,15:00,15:03,3,0,0.0,2,8.534,129.628,138.162,1,B1572,pickup_service,Pickup,Pickup
21,83,Movement,10,4,10,4,563,575,15:03,15:15,12,12,42.86,0,0.0,138.162,95.302,1,B1572,passenger_flight,Position,Delivery
21,84,Delivery,4,4,4,4,575,578,15:15,15:18,3,0,0.0,2,8.534,95.302,103.836,0,B1572,delivery_service,Delivery,Delivery
21,85,Pickup,4,4,4,4,578,581,15:18,15:21,3,0,0.0,2,8.534,103.836,112.37,1,B1637,pickup_service,Pickup,Pickup
21,86,Movement,4,10,4,10,581,593,15:21,15:33,12,12,42.86,0,0.0,112.37,69.51,1,B1637,passenger_flight,Position,Delivery
21,87,Delivery,10,10,10,10,593,596,15:33,15:36,3,0,0.0,2,8.534,69.51,78.044,0,B1637,delivery_service,Delivery,Delivery
21,88,Pickup,10,10,10,10,596,599,15:36,15:39,3,0,0.0,2,8.534,78.044,86.578,1,B1725,pickup_service,Pickup,Pickup
21,89,Pickup,10,10,10,10,599,602,15:39,15:42,3,0,0.0,2,8.534,86.578,95.112,2,B1750,pickup_service,Pickup,Pickup
21,90,Movement,10,4,10,4,602,614,15:42,15:54,12,12,42.86,0,0.0,95.112,52.252,2,B1725,passenger_flight,Position,Delivery
21,91,Delivery,4,4,4,4,614,617,15:54,15:57,3,0,0.0,2,8.534,52.252,60.786,1,B1725,delivery_service,Delivery,Delivery
21,92,Delivery,4,4,4,4,617,620,15:57,16:00,3,0,0.0,2,8.534,60.786,69.32,0,B1750,delivery_service,Delivery,Delivery
21,93,Stay,4,4,4,4,620,622,16:00,16:02,2,0,0.0,2,8.534,69.32,77.854,0,B1855,parking_charging,Position,Pickup
21,94,Pickup,4,4,4,4,622,625,16:02,16:05,3,0,0.0,2,8.534,77.854,86.388,1,B1855,pickup_service,Pickup,Pickup
21,95,Pickup,4,4,4,4,625,628,16:05,16:08,3,0,0.0,2,8.534,86.388,94.922,2,B1847,pickup_service,Pickup,Pickup
21,96,Movement,4,2,4,2,628,634,16:08,16:14,6,6,16.13,0,0.0,94.922,78.792,2,B1855,passenger_flight,Position,Delivery
21,97,Delivery,2,2,2,2,634,637,16:14,16:17,3,0,0.0,2,8.534,78.792,87.326,1,B1855,delivery_service,Delivery,Delivery
21,98,Delivery,2,2,2,2,637,640,16:17,16:20,3,0,0.0,2,8.534,87.326,95.86,0,B1847,delivery_service,Delivery,Delivery
21,99,Stay,2,2,2,2,640,654,16:20,16:34,14,0,0.0,14,59.738,95.86,155.598,0,B2062,parking_charging,Position,Pickup
21,100,Pickup,2,2,2,2,654,657,16:34,16:37,3,0,0.0,2,4.402,155.598,160.0,1,B2062,pickup_service,Pickup,Pickup
21,101,Pickup,2,2,2,2,657,660,16:37,16:40,3,0,0.0,2,0.0,160.0,160.0,2,B2037,pickup_service,Pickup,Pickup
21,102,Movement,2,4,2,4,660,666,16:40,16:46,6,6,16.13,0,0.0,160.0,143.87,2,B2037,passenger_flight,Position,Delivery
21,103,Delivery,4,4,4,4,666,669,16:46,16:49,3,0,0.0,2,8.534,143.87,152.404,1,B2037,delivery_service,Delivery,Delivery
21,104,Delivery,4,4,4,4,669,672,16:49,16:52,3,0,0.0,2,7.596,152.404,160.0,0,B2062,delivery_service,Delivery,Delivery
21,105,Pickup,4,4,4,4,672,675,16:52,16:55,3,0,0.0,2,0.0,160.0,160.0,2,B2199,pickup_service,Pickup,Pickup
21,106,Pickup,4,4,4,4,675,678,16:55,16:58,3,0,0.0,2,0.0,160.0,160.0,4,B2174,pickup_service,Pickup,Pickup
21,107,Movement,4,2,4,2,678,684,16:58,17:04,6,6,16.13,0,0.0,160.0,143.87,4,B2174,passenger_flight,Position,Delivery
21,108,Delivery,2,2,2,2,684,687,17:04,17:07,3,0,0.0,2,8.534,143.87,152.404,2,B2174,delivery_service,Delivery,Delivery
21,109,Delivery,2,2,2,2,687,690,17:07,17:10,3,0,0.0,2,7.596,152.404,160.0,0,B2199,delivery_service,Delivery,Delivery
21,110,Stay,2,2,2,2,690,719,17:10,17:39,29,0,0.0,29,0.0,160.0,160.0,0,B2688,parking_charging,Position,Pickup
21,111,Pickup,2,2,2,2,719,722,17:39,17:42,3,0,0.0,2,0.0,160.0,160.0,1,B2688,pickup_service,Pickup,Pickup
21,112,Stay,2,2,2,2,722,730,17:42,17:50,8,0,0.0,8,0.0,160.0,160.0,1,B2688,parking_charging,Position,Movement
21,113,Movement,2,4,2,4,730,736,17:50,17:56,6,6,16.13,0,0.0,160.0,143.87,1,B2688,passenger_flight,Position,Delivery
21,114,Delivery,4,4,4,4,736,739,17:56,17:59,3,0,0.0,2,8.534,143.87,152.404,0,B2688,delivery_service,Delivery,Delivery
21,115,Pickup,4,4,4,4,739,742,17:59,18:02,3,0,0.0,2,7.596,152.404,160.0,2,B2841,pickup_service,Pickup,Pickup
21,116,Movement,4,2,4,2,742,748,18:02,18:08,6,6,16.13,0,0.0,160.0,143.87,2,B2841,passenger_flight,Position,Delivery
21,117,Delivery,2,2,2,2,748,751,18:08,18:11,3,0,0.0,2,8.534,143.87,152.404,0,B2841,delivery_service,Delivery,Delivery
21,118,Pickup,2,2,2,2,751,754,18:11,18:14,3,0,0.0,2,7.596,152.404,160.0,1,B2956,pickup_service,Pickup,Pickup
21,119,Pickup,2,2,2,2,754,757,18:14,18:17,3,0,0.0,2,0.0,160.0,160.0,4,B3008,pickup_service,Pickup,Pickup
21,120,Movement,2,5,2,5,757,765,18:17,18:25,8,8,27.57,0,0.0,160.0,132.43,4,B2956,passenger_flight,Position,Delivery
21,121,Delivery,5,5,5,5,765,768,18:25,18:28,3,0,0.0,2,8.534,132.43,140.964,3,B2956,delivery_service,Delivery,Delivery
21,122,Delivery,5,5,5,5,768,771,18:28,18:31,3,0,0.0,2,8.534,140.964,149.498,0,B3008,delivery_service,Delivery,Delivery
21,123,Movement,5,4,5,4,771,777,18:31,18:37,6,6,11.45,0,0.0,149.498,138.048,0,B3129,empty_repositioning,Position,Pickup
21,124,Pickup,4,4,4,4,777,780,18:37,18:40,3,0,0.0,2,8.534,138.048,146.582,1,B3129,pickup_service,Pickup,Pickup
21,125,Movement,4,7,4,7,780,787,18:40,18:47,7,7,21.43,0,0.0,146.582,125.152,1,B3129,passenger_flight,Position,Delivery
21,126,Delivery,7,7,7,7,787,790,18:47,18:50,3,0,0.0,2,8.534,125.152,133.686,0,B3129,delivery_service,Delivery,Delivery
21,127,Pickup,7,7,7,7,790,793,18:50,18:53,3,0,0.0,2,8.534,133.686,142.22,1,B3191,pickup_service,Pickup,Pickup
21,128,Movement,7,3,7,3,793,800,18:53,19:00,7,7,13.33,0,0.0,142.22,128.89,1,B3191,passenger_flight,Position,Delivery
21,129,Delivery,3,3,3,3,800,803,19:00,19:03,3,0,0.0,2,8.534,128.89,137.424,0,B3191,delivery_service,Delivery,Delivery
21,130,Stay,3,3,3,3,803,804,19:03,19:04,1,0,0.0,1,4.267,137.424,141.691,0,B3308,parking_charging,Position,Pickup
21,131,Pickup,3,3,3,3,804,807,19:04,19:07,3,0,0.0,2,8.534,141.691,150.225,1,B3308,pickup_service,Pickup,Pickup
21,132,Movement,3,4,3,4,807,814,19:07,19:14,7,7,12.6,0,0.0,150.225,137.625,1,B3308,passenger_flight,Position,Delivery
21,133,Delivery,4,4,4,4,814,817,19:14,19:17,3,0,0.0,2,8.534,137.625,146.159,0,B3308,delivery_service,Delivery,Delivery
21,134,Movement,4,2,4,2,817,823,19:17,19:23,6,6,16.13,0,0.0,146.159,130.029,0,,return_to_depot,Position,Depot
22,0,Stay,3,3,3,3,0,177,05:40,08:37,177,0,0.0,177,0.0,160.0,160.0,0,B277,parking_charging,Position,Pickup
22,1,Pickup,3,3,3,3,177,180,08:37,08:40,3,0,0.0,2,0.0,160.0,160.0,2,B277,pickup_service,Pickup,Pickup
22,2,Stay,3,3,3,3,180,186,08:40,08:46,6,0,0.0,6,0.0,160.0,160.0,2,B277,parking_charging,Position,Movement
22,3,Movement,3,4,3,4,186,193,08:46,08:53,7,7,12.6,0,0.0,160.0,147.4,2,B277,passenger_flight,Position,Delivery
22,4,Delivery,4,4,4,4,193,196,08:53,08:56,3,0,0.0,2,8.534,147.4,155.934,0,B277,delivery_service,Delivery,Delivery
22,5,Stay,4,4,4,4,196,220,08:56,09:20,24,0,0.0,24,4.066,155.934,160.0,0,B418,parking_charging,Position,Movement
22,6,Movement,4,7,4,7,220,227,09:20,09:27,7,7,21.43,0,0.0,160.0,138.57,0,B418,empty_repositioning,Position,Pickup
22,7,Pickup,7,7,7,7,227,230,09:27,09:30,3,0,0.0,2,8.534,138.57,147.104,1,B418,pickup_service,Pickup,Pickup
22,8,Movement,7,4,7,4,230,237,09:30,09:37,7,7,21.43,0,0.0,147.104,125.674,1,B418,passenger_flight,Position,Delivery
22,9,Delivery,4,4,4,4,237,240,09:37,09:40,3,0,0.0,2,8.534,125.674,134.208,0,B418,delivery_service,Delivery,Delivery
22,10,Stay,4,4,4,4,240,285,09:40,10:25,45,0,0.0,45,25.792,134.208,160.0,0,B648,parking_charging,Position,Pickup
22,11,Pickup,4,4,4,4,285,288,10:25,10:28,3,0,0.0,2,0.0,160.0,160.0,2,B648,pickup_service,Pickup,Pickup
22,12,Stay,4,4,4,4,288,293,10:28,10:33,5,0,0.0,5,0.0,160.0,160.0,2,B683,parking_charging,Position,Pickup
22,13,Pickup,4,4,4,4,293,296,10:33,10:36,3,0,0.0,2,0.0,160.0,160.0,4,B683,pickup_service,Pickup,Pickup
22,14,Movement,4,9,4,9,296,311,10:36,10:51,15,15,55.47,0,0.0,160.0,104.53,4,B648,passenger_flight,Position,Delivery
22,15,Delivery,9,9,9,9,311,314,10:51,10:54,3,0,0.0,2,8.534,104.53,113.064,2,B648,delivery_service,Delivery,Delivery
22,16,Delivery,9,9,9,9,314,317,10:54,10:57,3,0,0.0,2,8.534,113.064,121.598,0,B683,delivery_service,Delivery,Delivery
22,17,Stay,9,9,9,9,317,336,10:57,11:16,19,0,0.0,19,38.402,121.598,160.0,0,B909,parking_charging,Position,Pickup
22,18,Pickup,9,9,9,9,336,339,11:16,11:19,3,0,0.0,2,0.0,160.0,160.0,1,B909,pickup_service,Pickup,Pickup
22,19,Pickup,9,9,9,9,339,342,11:19,11:22,3,0,0.0,2,0.0,160.0,160.0,2,B900,pickup_service,Pickup,Pickup
22,20,Movement,9,4,9,4,342,357,11:22,11:37,15,15,55.47,0,0.0,160.0,104.53,2,B909,passenger_flight,Position,Delivery
22,21,Delivery,4,4,4,4,357,360,11:37,11:40,3,0,0.0,2,8.534,104.53,113.064,1,B909,delivery_service,Delivery,Delivery
22,22,Delivery,4,4,4,4,360,363,11:40,11:43,3,0,0.0,2,8.534,113.064,121.598,0,B900,delivery_service,Delivery,Delivery
22,23,Pickup,4,4,4,4,363,366,11:43,11:46,3,0,0.0,2,8.534,121.598,130.132,1,B1012,pickup_service,Pickup,Pickup
22,24,Stay,4,4,4,4,366,368,11:46,11:48,2,0,0.0,2,8.534,130.132,138.666,1,B1030,parking_charging,Position,Pickup
22,25,Pickup,4,4,4,4,368,371,11:48,11:51,3,0,0.0,2,8.534,138.666,147.2,2,B1030,pickup_service,Pickup,Pickup
22,26,Movement,4,2,4,2,371,377,11:51,11:57,6,6,16.13,0,0.0,147.2,131.07,2,B1012,passenger_flight,Position,Delivery
22,27,Delivery,2,2,2,2,377,380,11:57,12:00,3,0,0.0,2,8.534,131.07,139.604,1,B1012,delivery_service,Delivery,Delivery
22,28,Delivery,2,2,2,2,380,383,12:00,12:03,3,0,0.0,2,8.534,139.604,148.138,0,B1030,delivery_service,Delivery,Delivery
22,29,Pickup,2,2,2,2,383,386,12:03,12:06,3,0,0.0,2,8.534,148.138,156.672,1,B1067,pickup_service,Pickup,Pickup
22,30,Movement,2,5,2,5,386,394,12:06,12:14,8,8,27.57,0,0.0,156.672,129.102,1,B1067,passenger_flight,Position,Delivery
22,31,Delivery,5,5,5,5,394,397,12:14,12:17,3,0,0.0,2,8.534,129.102,137.636,0,B1067,delivery_service,Delivery,Delivery
22,32,Stay,5,5,5,5,397,400,12:17,12:20,3,0,0.0,3,12.801,137.636,150.437,0,B1135,parking_charging,Position,Movement
22,33,Movement,5,6,5,6,400,407,12:20,12:27,7,7,12.76,0,0.0,150.437,137.677,0,B1135,empty_repositioning,Position,Pickup
22,34,Pickup,6,6,6,6,407,410,12:27,12:30,3,0,0.0,2,8.534,137.677,146.211,1,B1135,pickup_service,Pickup,Pickup
22,35,Movement,6,10,6,10,410,421,12:30,12:41,11,11,35.74,0,0.0,146.211,110.471,1,B1135,passenger_flight,Position,Delivery
22,36,Delivery,10,10,10,10,421,424,12:41,12:44,3,0,0.0,2,8.534,110.471,119.005,0,B1135,delivery_service,Delivery,Delivery
22,37,Stay,10,10,10,10,424,431,12:44,12:51,7,0,0.0,7,29.869,119.005,148.874,0,B1195,parking_charging,Position,Pickup
22,38,Pickup,10,10,10,10,431,434,12:51,12:54,3,0,0.0,2,8.534,148.874,157.408,1,B1195,pickup_service,Pickup,Pickup
22,39,Movement,10,4,10,4,434,446,12:54,13:06,12,12,42.86,0,0.0,157.408,114.548,1,B1195,passenger_flight,Position,Delivery
22,40,Delivery,4,4,4,4,446,449,13:06,13:09,3,0,0.0,2,8.534,114.548,123.082,0,B1195,delivery_service,Delivery,Delivery
22,41,Stay,4,4,4,4,449,457,13:09,13:17,8,0,0.0,8,34.136,123.082,157.218,0,B1243,parking_charging,Position,Pickup
22,42,Pickup,4,4,4,4,457,460,13:17,13:20,3,0,0.0,2,2.782,157.218,160.0,1,B1243,pickup_service,Pickup,Pickup
22,43,Stay,4,4,4,4,460,463,13:20,13:23,3,0,0.0,3,0.0,160.0,160.0,1,B1243,parking_charging,Position,Movement
22,44,Movement,4,7,4,7,463,470,13:23,13:30,7,7,21.43,0,0.0,160.0,138.57,1,B1243,passenger_flight,Position,Delivery
22,45,Delivery,7,7,7,7,470,473,13:30,13:33,3,0,0.0,2,8.534,138.57,147.104,0,B1243,delivery_service,Delivery,Delivery
22,46,Pickup,7,7,7,7,473,476,13:33,13:36,3,0,0.0,2,8.534,147.104,155.638,1,B1274,pickup_service,Pickup,Pickup
22,47,Movement,7,4,7,4,476,483,13:36,13:43,7,7,21.43,0,0.0,155.638,134.208,1,B1274,passenger_flight,Position,Delivery
22,48,Delivery,4,4,4,4,483,486,13:43,13:46,3,0,0.0,2,8.534,134.208,142.742,0,B1274,delivery_service,Delivery,Delivery
22,49,Stay,4,4,4,4,486,502,13:46,14:02,16,0,0.0,16,17.258,142.742,160.0,0,B1342,parking_charging,Position,Pickup
22,50,Pickup,4,4,4,4,502,505,14:02,14:05,3,0,0.0,2,0.0,160.0,160.0,1,B1342,pickup_service,Pickup,Pickup
22,51,Pickup,4,4,4,4,505,508,14:05,14:08,3,0,0.0,2,0.0,160.0,160.0,3,B1347,pickup_service,Pickup,Pickup
22,52,Movement,4,7,4,7,508,515,14:08,14:15,7,7,21.43,0,0.0,160.0,138.57,3,B1342,passenger_flight,Position,Delivery
22,53,Delivery,7,7,7,7,515,518,14:15,14:18,3,0,0.0,2,8.534,138.57,147.104,2,B1342,delivery_service,Delivery,Delivery
22,54,Delivery,7,7,7,7,518,521,14:18,14:21,3,0,0.0,2,8.534,147.104,155.638,0,B1347,delivery_service,Delivery,Delivery
22,55,Pickup,7,7,7,7,521,524,14:21,14:24,3,0,0.0,2,4.362,155.638,160.0,1,B1408,pickup_service,Pickup,Pickup
22,56,Pickup,7,7,7,7,524,527,14:24,14:27,3,0,0.0,2,0.0,160.0,160.0,2,B1438,pickup_service,Pickup,Pickup
22,57,Movement,7,4,7,4,527,534,14:27,14:34,7,7,21.43,0,0.0,160.0,138.57,2,B1408,passenger_flight,Position,Delivery
22,58,Delivery,4,4,4,4,534,537,14:34,14:37,3,0,0.0,2,8.534,138.57,147.104,1,B1408,delivery_service,Delivery,Delivery
22,59,Movement,4,1,4,1,537,541,14:37,14:41,4,4,4.98,0,0.0,147.104,142.124,1,B1438,passenger_flight,Position,Delivery
22,60,Delivery,1,1,1,1,541,544,14:41,14:44,3,0,0.0,2,8.534,142.124,150.658,0,B1438,delivery_service,Delivery,Delivery
22,61,Pickup,1,1,1,1,544,547,14:44,14:47,3,0,0.0,2,8.534,150.658,159.192,1,B1517,pickup_service,Pickup,Pickup
22,62,Pickup,1,1,1,1,547,550,14:47,14:50,3,0,0.0,2,0.808,159.192,160.0,2,B1535,pickup_service,Pickup,Pickup
22,63,Movement,1,3,1,3,550,556,14:50,14:56,6,6,9.61,0,0.0,160.0,150.39,2,B1517,passenger_flight,Position,Delivery
22,64,Delivery,3,3,3,3,556,559,14:56,14:59,3,0,0.0,2,8.534,150.39,158.924,1,B1517,delivery_service,Delivery,Delivery
22,65,Pickup,3,3,3,3,559,562,14:59,15:02,3,0,0.0,2,1.076,158.924,160.0,2,B1565,pickup_service,Pickup,Pickup
22,66,Delivery,3,3,3,3,562,565,15:02,15:05,3,0,0.0,2,0.0,160.0,160.0,1,B1535,delivery_service,Delivery,Delivery
22,67,Movement,3,5,3,5,565,573,15:05,15:13,8,8,23.93,0,0.0,160.0,136.07,1,B1565,passenger_flight,Position,Delivery
22,68,Delivery,5,5,5,5,573,576,15:13,15:16,3,0,0.0,2,8.534,136.07,144.604,0,B1565,delivery_service,Delivery,Delivery
22,69,Stay,5,5,5,5,576,580,15:16,15:20,4,0,0.0,4,15.396,144.604,160.0,0,B1666,parking_charging,Position,Movement
22,70,Movement,5,6,5,6,580,587,15:20,15:27,7,7,12.76,0,0.0,160.0,147.24,0,B1666,empty_repositioning,Position,Pickup
22,71,Pickup,6,6,6,6,587,590,15:27,15:30,3,0,0.0,2,8.534,147.24,155.774,1,B1666,pickup_service,Pickup,Pickup
22,72,Movement,6,7,6,7,590,602,15:30,15:42,12,12,43.48,0,0.0,155.774,112.294,1,B1666,passenger_flight,Position,Delivery
22,73,Delivery,7,7,7,7,602,605,15:42,15:45,3,0,0.0,2,8.534,112.294,120.828,0,B1666,delivery_service,Delivery,Delivery
22,74,Stay,7,7,7,7,605,627,15:45,16:07,22,0,0.0,22,39.172,120.828,160.0,0,B1893,parking_charging,Position,Pickup
22,75,Pickup,7,7,7,7,627,630,16:07,16:10,3,0,0.0,2,0.0,160.0,160.0,1,B1893,pickup_service,Pickup,Pickup
22,76,Pickup,7,7,7,7,630,633,16:10,16:13,3,0,0.0,2,0.0,160.0,160.0,2,B1872,pickup_service,Pickup,Pickup
22,77,Movement,7,4,7,4,633,640,16:13,16:20,7,7,21.43,0,0.0,160.0,138.57,2,B1872,passenger_flight,Position,Delivery
22,78,Delivery,4,4,4,4,640,643,16:20,16:23,3,0,0.0,2,8.534,138.57,147.104,1,B1872,delivery_service,Delivery,Delivery
22,79,Delivery,4,4,4,4,643,646,16:23,16:26,3,0,0.0,2,8.534,147.104,155.638,0,B1893,delivery_service,Delivery,Delivery
22,80,Stay,4,4,4,4,646,675,16:26,16:55,29,0,0.0,29,4.362,155.638,160.0,0,B2227,parking_charging,Position,Pickup
22,81,Pickup,4,4,4,4,675,678,16:55,16:58,3,0,0.0,2,0.0,160.0,160.0,2,B2227,pickup_service,Pickup,Pickup
22,82,Pickup,4,4,4,4,678,681,16:58,17:01,3,0,0.0,2,0.0,160.0,160.0,4,B2210,pickup_service,Pickup,Pickup
22,83,Movement,4,2,4,2,681,687,17:01,17:07,6,6,16.13,0,0.0,160.0,143.87,4,B2210,passenger_flight,Position,Delivery
22,84,Delivery,2,2,2,2,687,690,17:07,17:10,3,0,0.0,2,8.534,143.87,152.404,2,B2210,delivery_service,Delivery,Delivery
22,85,Delivery,2,2,2,2,690,693,17:10,17:13,3,0,0.0,2,7.596,152.404,160.0,0,B2227,delivery_service,Delivery,Delivery
22,86,Stay,2,2,2,2,693,700,17:13,17:20,7,0,0.0,7,0.0,160.0,160.0,0,B2482,parking_charging,Position,Pickup
22,87,Pickup,2,2,2,2,700,703,17:20,17:23,3,0,0.0,2,0.0,160.0,160.0,2,B2482,pickup_service,Pickup,Pickup
22,88,Pickup,2,2,2,2,703,706,17:23,17:26,3,0,0.0,2,0.0,160.0,160.0,4,B2474,pickup_service,Pickup,Pickup
22,89,Movement,2,4,2,4,706,712,17:26,17:32,6,6,16.13,0,0.0,160.0,143.87,4,B2482,passenger_flight,Position,Delivery
22,90,Delivery,4,4,4,4,712,715,17:32,17:35,3,0,0.0,2,8.534,143.87,152.404,2,B2482,delivery_service,Delivery,Delivery
22,91,Stay,4,4,4,4,715,716,17:35,17:36,1,0,0.0,1,4.267,152.404,156.671,2,B2474,parking_charging,Position,Delivery
22,92,Delivery,4,4,4,4,716,719,17:36,17:39,3,0,0.0,2,3.329,156.671,160.0,0,B2474,delivery_service,Delivery,Delivery
22,93,Stay,4,4,4,4,719,725,17:39,17:45,6,0,0.0,6,0.0,160.0,160.0,0,B2758,parking_charging,Position,Pickup
22,94,Pickup,4,4,4,4,725,728,17:45,17:48,3,0,0.0,2,0.0,160.0,160.0,2,B2758,pickup_service,Pickup,Pickup
22,95,Stay,4,4,4,4,728,731,17:48,17:51,3,0,0.0,3,0.0,160.0,160.0,2,B2827,parking_charging,Position,Pickup
22,96,Pickup,4,4,4,4,731,734,17:51,17:54,3,0,0.0,2,0.0,160.0,160.0,4,B2827,pickup_service,Pickup,Pickup
22,97,Movement,4,2,4,2,734,740,17:54,18:00,6,6,16.13,0,0.0,160.0,143.87,4,B2758,passenger_flight,Position,Delivery
22,98,Delivery,2,2,2,2,740,743,18:00,18:03,3,0,0.0,2,8.534,143.87,152.404,2,B2758,delivery_service,Delivery,Delivery
22,99,Stay,2,2,2,2,743,746,18:03,18:06,3,0,0.0,3,7.596,152.404,160.0,2,B2827,parking_charging,Position,Delivery
22,100,Delivery,2,2,2,2,746,749,18:06,18:09,3,0,0.0,2,0.0,160.0,160.0,0,B2827,delivery_service,Delivery,Delivery
22,101,Stay,2,2,2,2,749,754,18:09,18:14,5,0,0.0,5,0.0,160.0,160.0,0,B3012,parking_charging,Position,Pickup
22,102,Pickup,2,2,2,2,754,757,18:14,18:17,3,0,0.0,2,0.0,160.0,160.0,2,B3012,pickup_service,Pickup,Pickup
22,103,Pickup,2,2,2,2,757,760,18:17,18:20,3,0,0.0,2,0.0,160.0,160.0,4,B2975,pickup_service,Pickup,Pickup
22,104,Movement,2,5,2,5,760,768,18:20,18:28,8,8,27.57,0,0.0,160.0,132.43,4,B2975,passenger_flight,Position,Delivery
22,105,Delivery,5,5,5,5,768,771,18:28,18:31,3,0,0.0,2,8.534,132.43,140.964,2,B2975,delivery_service,Delivery,Delivery
22,106,Delivery,5,5,5,5,771,774,18:31,18:34,3,0,0.0,2,8.534,140.964,149.498,0,B3012,delivery_service,Delivery,Delivery
22,107,Stay,5,5,5,5,774,790,18:34,18:50,16,0,0.0,16,10.502,149.498,160.0,0,B3269,parking_charging,Position,Movement
22,108,Movement,5,4,5,4,790,796,18:50,18:56,6,6,11.45,0,0.0,160.0,148.55,0,B3269,empty_repositioning,Position,Pickup
22,109,Pickup,4,4,4,4,796,799,18:56,18:59,3,0,0.0,2,8.534,148.55,157.084,1,B3269,pickup_service,Pickup,Pickup
22,110,Pickup,4,4,4,4,799,802,18:59,19:02,3,0,0.0,2,2.916,157.084,160.0,2,B3264,pickup_service,Pickup,Pickup
22,111,Movement,4,3,4,3,802,809,19:02,19:09,7,7,12.6,0,0.0,160.0,147.4,2,B3269,passenger_flight,Position,Delivery
22,112,Delivery,3,3,3,3,809,812,19:09,19:12,3,0,0.0,2,8.534,147.4,155.934,1,B3269,delivery_service,Delivery,Delivery
22,113,Delivery,3,3,3,3,812,815,19:12,19:15,3,0,0.0,2,4.066,155.934,160.0,0,B3264,delivery_service,Delivery,Delivery
23,0,Stay,4,4,4,4,0,80,05:40,07:00,80,0,0.0,80,0.0,160.0,160.0,0,B53,parking_charging,Position,Movement
23,1,Movement,4,6,4,6,80,87,07:00,07:07,7,7,22.06,0,0.0,160.0,137.94,0,B53,empty_repositioning,Position,Pickup
23,2,Pickup,6,6,6,6,87,90,07:07,07:10,3,0,0.0,2,8.534,137.94,146.474,1,B53,pickup_service,Pickup,Pickup
23,3,Stay,6,6,6,6,90,91,07:10,07:11,1,0,0.0,1,4.267,146.474,150.741,1,B64,parking_charging,Position,Pickup
23,4,Pickup,6,6,6,6,91,94,07:11,07:14,3,0,0.0,2,8.534,150.741,159.275,2,B64,pickup_service,Pickup,Pickup
23,5,Movement,6,7,6,7,94,106,07:14,07:26,12,12,43.48,0,0.0,159.275,115.795,2,B53,passenger_flight,Position,Delivery
23,6,Delivery,7,7,7,7,106,109,07:26,07:29,3,0,0.0,2,8.534,115.795,124.329,1,B53,delivery_service,Delivery,Delivery
23,7,Delivery,7,7,7,7,109,112,07:29,07:32,3,0,0.0,2,8.534,124.329,132.863,0,B64,delivery_service,Delivery,Delivery
23,8,Stay,7,7,7,7,112,119,07:32,07:39,7,0,0.0,7,27.137,132.863,160.0,0,B95,parking_charging,Position,Pickup
23,9,Pickup,7,7,7,7,119,122,07:39,07:42,3,0,0.0,2,0.0,160.0,160.0,1,B95,pickup_service,Pickup,Pickup
23,10,Stay,7,7,7,7,122,127,07:42,07:47,5,0,0.0,5,0.0,160.0,160.0,1,B95,parking_charging,Position,Movement
23,11,Movement,7,4,7,4,127,134,07:47,07:54,7,7,21.43,0,0.0,160.0,138.57,1,B95,passenger_flight,Position,Delivery
23,12,Delivery,4,4,4,4,134,137,07:54,07:57,3,0,0.0,2,8.534,138.57,147.104,0,B95,delivery_service,Delivery,Delivery
23,13,Stay,4,4,4,4,137,160,07:57,08:20,23,0,0.0,23,12.896,147.104,160.0,0,B217,parking_charging,Position,Movement
23,14,Movement,4,6,4,6,160,167,08:20,08:27,7,7,22.06,0,0.0,160.0,137.94,0,B217,empty_repositioning,Position,Pickup
23,15,Pickup,6,6,6,6,167,170,08:27,08:30,3,0,0.0,2,8.534,137.94,146.474,1,B217,pickup_service,Pickup,Pickup
23,16,Movement,6,1,6,1,170,177,08:30,08:37,7,7,23.39,0,0.0,146.474,123.084,1,B217,passenger_flight,Position,Delivery
23,17,Delivery,1,1,1,1,177,180,08:37,08:40,3,0,0.0,2,8.534,123.084,131.618,0,B217,delivery_service,Delivery,Delivery
23,18,Stay,1,1,1,1,180,186,08:40,08:46,6,0,0.0,6,25.602,131.618,157.22,0,B327,parking_charging,Position,Movement
23,19,Movement,1,6,1,6,186,193,08:46,08:53,7,7,23.39,0,0.0,157.22,133.83,0,B327,empty_repositioning,Position,Pickup
23,20,Pickup,6,6,6,6,193,196,08:53,08:56,3,0,0.0,2,8.534,133.83,142.364,1,B327,pickup_service,Pickup,Pickup
23,21,Pickup,6,6,6,6,196,199,08:56,08:59,3,0,0.0,2,8.534,142.364,150.898,2,B313,pickup_service,Pickup,Pickup
23,22,Movement,6,3,6,3,199,209,08:59,09:09,10,10,32.98,0,0.0,150.898,117.918,2,B313,passenger_flight,Position,Delivery
23,23,Delivery,3,3,3,3,209,212,09:09,09:12,3,0,0.0,2,8.534,117.918,126.452,1,B313,delivery_service,Delivery,Delivery
23,24,Delivery,3,3,3,3,212,215,09:12,09:15,3,0,0.0,2,8.534,126.452,134.986,0,B327,delivery_service,Delivery,Delivery
23,25,Stay,3,3,3,3,215,225,09:15,09:25,10,0,0.0,10,25.014,134.986,160.0,0,B412,parking_charging,Position,Pickup
23,26,Pickup,3,3,3,3,225,228,09:25,09:28,3,0,0.0,2,0.0,160.0,160.0,1,B412,pickup_service,Pickup,Pickup
23,27,Pickup,3,3,3,3,228,231,09:28,09:31,3,0,0.0,2,0.0,160.0,160.0,2,B425,pickup_service,Pickup,Pickup
23,28,Movement,3,4,3,4,231,238,09:31,09:38,7,7,12.6,0,0.0,160.0,147.4,2,B425,passenger_flight,Position,Delivery
23,29,Delivery,4,4,4,4,238,241,09:38,09:41,3,0,0.0,2,8.534,147.4,155.934,1,B425,delivery_service,Delivery,Delivery
23,30,Delivery,4,4,4,4,241,244,09:41,09:44,3,0,0.0,2,4.066,155.934,160.0,0,B412,delivery_service,Delivery,Delivery
23,31,Movement,4,5,4,5,244,250,09:44,09:50,6,6,11.45,0,0.0,160.0,148.55,0,B452,empty_repositioning,Position,Pickup
23,32,Pickup,5,5,5,5,250,253,09:50,09:53,3,0,0.0,2,8.534,148.55,157.084,1,B452,pickup_service,Pickup,Pickup
23,33,Movement,5,3,5,3,253,261,09:53,10:01,8,8,23.93,0,0.0,157.084,133.154,1,B452,passenger_flight,Position,Delivery
23,34,Delivery,3,3,3,3,261,264,10:01,10:04,3,0,0.0,2,8.534,133.154,141.688,0,B452,delivery_service,Delivery,Delivery
23,35,Stay,3,3,3,3,264,280,10:04,10:20,16,0,0.0,16,18.312,141.688,160.0,0,B616,parking_charging,Position,Pickup
23,36,Pickup,3,3,3,3,280,283,10:20,10:23,3,0,0.0,2,0.0,160.0,160.0,1,B616,pickup_service,Pickup,Pickup
23,37,Pickup,3,3,3,3,283,286,10:23,10:26,3,0,0.0,2,0.0,160.0,160.0,2,B599,pickup_service,Pickup,Pickup
23,38,Movement,3,4,3,4,286,293,10:26,10:33,7,7,12.6,0,0.0,160.0,147.4,2,B599,passenger_flight,Position,Delivery
23,39,Delivery,4,4,4,4,293,296,10:33,10:36,3,0,0.0,2,8.534,147.4,155.934,1,B599,delivery_service,Delivery,Delivery
23,40,Delivery,4,4,4,4,296,299,10:36,10:39,3,0,0.0,2,4.066,155.934,160.0,0,B616,delivery_service,Delivery,Delivery
23,41,Stay,4,4,4,4,299,317,10:39,10:57,18,0,0.0,18,0.0,160.0,160.0,0,B815,parking_charging,Position,Pickup
23,42,Pickup,4,4,4,4,317,320,10:57,11:00,3,0,0.0,2,0.0,160.0,160.0,2,B815,pickup_service,Pickup,Pickup
23,43,Stay,4,4,4,4,320,326,11:00,11:06,6,0,0.0,6,0.0,160.0,160.0,2,B815,parking_charging,Position,Movement
23,44,Movement,4,2,4,2,326,332,11:06,11:12,6,6,16.13,0,0.0,160.0,143.87,2,B815,passenger_flight,Position,Delivery
23,45,Delivery,2,2,2,2,332,335,11:12,11:15,3,0,0.0,2,8.534,143.87,152.404,0,B815,delivery_service,Delivery,Delivery
23,46,Stay,2,2,2,2,335,337,11:15,11:17,2,0,0.0,2,7.596,152.404,160.0,0,B910,parking_charging,Position,Pickup
23,47,Pickup,2,2,2,2,337,340,11:17,11:20,3,0,0.0,2,0.0,160.0,160.0,1,B910,pickup_service,Pickup,Pickup
23,48,Stay,2,2,2,2,340,346,11:20,11:26,6,0,0.0,6,0.0,160.0,160.0,1,B910,parking_charging,Position,Movement
23,49,Movement,2,4,2,4,346,352,11:26,11:32,6,6,16.13,0,0.0,160.0,143.87,1,B910,passenger_flight,Position,Delivery
23,50,Delivery,4,4,4,4,352,355,11:32,11:35,3,0,0.0,2,8.534,143.87,152.404,0,B910,delivery_service,Delivery,Delivery
23,51,Pickup,4,4,4,4,355,358,11:35,11:38,3,0,0.0,2,7.596,152.404,160.0,1,B959,pickup_service,Pickup,Pickup
23,52,Movement,4,2,4,2,358,364,11:38,11:44,6,6,16.13,0,0.0,160.0,143.87,1,B959,passenger_flight,Position,Delivery
23,53,Delivery,2,2,2,2,364,367,11:44,11:47,3,0,0.0,2,8.534,143.87,152.404,0,B959,delivery_service,Delivery,Delivery
23,54,Pickup,2,2,2,2,367,370,11:47,11:50,3,0,0.0,2,7.596,152.404,160.0,1,B1018,pickup_service,Pickup,Pickup
23,55,Stay,2,2,2,2,370,372,11:50,11:52,2,0,0.0,2,0.0,160.0,160.0,1,B1041,parking_charging,Position,Pickup
23,56,Pickup,2,2,2,2,372,375,11:52,11:55,3,0,0.0,2,0.0,160.0,160.0,2,B1041,pickup_service,Pickup,Pickup
23,57,Movement,2,5,2,5,375,383,11:55,12:03,8,8,27.57,0,0.0,160.0,132.43,2,B1018,passenger_flight,Position,Delivery
23,58,Delivery,5,5,5,5,383,386,12:03,12:06,3,0,0.0,2,8.534,132.43,140.964,1,B1018,delivery_service,Delivery,Delivery
23,59,Delivery,5,5,5,5,386,389,12:06,12:09,3,0,0.0,2,8.534,140.964,149.498,0,B1041,delivery_service,Delivery,Delivery
23,60,Stay,5,5,5,5,389,416,12:09,12:36,27,0,0.0,27,10.502,149.498,160.0,0,B1157,parking_charging,Position,Pickup
23,61,Pickup,5,5,5,5,416,419,12:36,12:39,3,0,0.0,2,0.0,160.0,160.0,1,B1157,pickup_service,Pickup,Pickup
23,62,Pickup,5,5,5,5,419,422,12:39,12:42,3,0,0.0,2,0.0,160.0,160.0,2,B1151,pickup_service,Pickup,Pickup
23,63,Movement,5,9,5,9,422,439,12:42,12:59,17,17,62.04,0,0.0,160.0,97.96,2,B1151,passenger_flight,Position,Delivery
23,64,Delivery,9,9,9,9,439,442,12:59,13:02,3,0,0.0,2,8.534,97.96,106.494,1,B1151,delivery_service,Delivery,Delivery
23,65,Delivery,9,9,9,9,442,445,13:02,13:05,3,0,0.0,2,8.534,106.494,115.028,0,B1157,delivery_service,Delivery,Delivery
23,66,Stay,9,9,9,9,445,484,13:05,13:44,39,0,0.0,39,44.972,115.028,160.0,0,B1296,parking_charging,Position,Pickup
23,67,Pickup,9,9,9,9,484,487,13:44,13:47,3,0,0.0,2,0.0,160.0,160.0,1,B1296,pickup_service,Pickup,Pickup
23,68,Stay,9,9,9,9,487,488,13:47,13:48,1,0,0.0,1,0.0,160.0,160.0,1,B1307,parking_charging,Position,Pickup
23,69,Pickup,9,9,9,9,488,491,13:48,13:51,3,0,0.0,2,0.0,160.0,160.0,2,B1307,pickup_service,Pickup,Pickup
23,70,Movement,9,4,9,4,491,506,13:51,14:06,15,15,55.47,0,0.0,160.0,104.53,2,B1307,passenger_flight,Position,Delivery
23,71,Delivery,4,4,4,4,506,509,14:06,14:09,3,0,0.0,2,8.534,104.53,113.064,1,B1307,delivery_service,Delivery,Delivery
23,72,Delivery,4,4,4,4,509,512,14:09,14:12,3,0,0.0,2,8.534,113.064,121.598,0,B1296,delivery_service,Delivery,Delivery
23,73,Stay,4,4,4,4,512,522,14:12,14:22,10,0,0.0,10,38.402,121.598,160.0,0,B1428,parking_charging,Position,Pickup
23,74,Pickup,4,4,4,4,522,525,14:22,14:25,3,0,0.0,2,0.0,160.0,160.0,1,B1428,pickup_service,Pickup,Pickup
23,75,Pickup,4,4,4,4,525,528,14:25,14:28,3,0,0.0,2,0.0,160.0,160.0,2,B1421,pickup_service,Pickup,Pickup
23,76,Movement,4,7,4,7,528,535,14:28,14:35,7,7,21.43,0,0.0,160.0,138.57,2,B1421,passenger_flight,Position,Delivery
23,77,Delivery,7,7,7,7,535,538,14:35,14:38,3,0,0.0,2,8.534,138.57,147.104,1,B1421,delivery_service,Delivery,Delivery
23,78,Delivery,7,7,7,7,538,541,14:38,14:41,3,0,0.0,2,8.534,147.104,155.638,0,B1428,delivery_service,Delivery,Delivery
23,79,Movement,7,3,7,3,541,548,14:41,14:48,7,7,13.33,0,0.0,155.638,142.308,0,B1514,empty_repositioning,Position,Pickup
23,80,Pickup,3,3,3,3,548,551,14:48,14:51,3,0,0.0,2,8.534,142.308,150.842,1,B1514,pickup_service,Pickup,Pickup
23,81,Movement,3,5,3,5,551,559,14:51,14:59,8,8,23.93,0,0.0,150.842,126.912,1,B1514,passenger_flight,Position,Delivery
23,82,Delivery,5,5,5,5,559,562,14:59,15:02,3,0,0.0,2,8.534,126.912,135.446,0,B1514,delivery_service,Delivery,Delivery
23,83,Movement,5,4,5,4,562,568,15:02,15:08,6,6,11.45,0,0.0,135.446,123.996,0,B1591,empty_repositioning,Position,Pickup
23,84,Pickup,4,4,4,4,568,571,15:08,15:11,3,0,0.0,2,8.534,123.996,132.53,1,B1591,pickup_service,Pickup,Pickup
23,85,Movement,4,8,4,8,571,582,15:11,15:22,11,11,39.54,0,0.0,132.53,92.99,1,B1591,passenger_flight,Position,Delivery
23,86,Delivery,8,8,8,8,582,585,15:22,15:25,3,0,0.0,2,8.534,92.99,101.524,0,B1591,delivery_service,Delivery,Delivery
23,87,Stay,8,8,8,8,585,610,15:25,15:50,25,0,0.0,25,58.476,101.524,160.0,0,B1802,parking_charging,Position,Pickup
23,88,Pickup,8,8,8,8,610,613,15:50,15:53,3,0,0.0,2,0.0,160.0,160.0,1,B1802,pickup_service,Pickup,Pickup
23,89,Stay,8,8,8,8,613,621,15:53,16:01,8,0,0.0,8,0.0,160.0,160.0,1,B1802,parking_charging,Position,Movement
23,90,Movement,8,4,8,4,621,632,16:01,16:12,11,11,39.54,0,0.0,160.0,120.46,1,B1802,passenger_flight,Position,Delivery
23,91,Delivery,4,4,4,4,632,635,16:12,16:15,3,0,0.0,2,8.534,120.46,128.994,0,B1802,delivery_service,Delivery,Delivery
23,92,Stay,4,4,4,4,635,636,16:15,16:16,1,0,0.0,1,4.267,128.994,133.261,0,B1953,parking_charging,Position,Pickup
23,93,Pickup,4,4,4,4,636,639,16:16,16:19,3,0,0.0,2,8.534,133.261,141.795,1,B1953,pickup_service,Pickup,Pickup
23,94,Pickup,4,4,4,4,639,642,16:19,16:22,3,0,0.0,2,8.534,141.795,150.329,2,B1923,pickup_service,Pickup,Pickup
23,95,Movement,4,2,4,2,642,648,16:22,16:28,6,6,16.13,0,0.0,150.329,134.199,2,B1923,passenger_flight,Position,Delivery
23,96,Delivery,2,2,2,2,648,651,16:28,16:31,3,0,0.0,2,8.534,134.199,142.733,1,B1923,delivery_service,Delivery,Delivery
23,97,Delivery,2,2,2,2,651,654,16:31,16:34,3,0,0.0,2,8.534,142.733,151.267,0,B1953,delivery_service,Delivery,Delivery
23,98,Stay,2,2,2,2,654,659,16:34,16:39,5,0,0.0,5,8.733,151.267,160.0,0,B2095,parking_charging,Position,Pickup
23,99,Pickup,2,2,2,2,659,662,16:39,16:42,3,0,0.0,2,0.0,160.0,160.0,1,B2095,pickup_service,Pickup,Pickup
23,100,Stay,2,2,2,2,662,668,16:42,16:48,6,0,0.0,6,0.0,160.0,160.0,1,B2095,parking_charging,Position,Movement
23,101,Movement,2,4,2,4,668,674,16:48,16:54,6,6,16.13,0,0.0,160.0,143.87,1,B2095,passenger_flight,Position,Delivery
23,102,Delivery,4,4,4,4,674,677,16:54,16:57,3,0,0.0,2,8.534,143.87,152.404,0,B2095,delivery_service,Delivery,Delivery
23,103,Stay,4,4,4,4,677,685,16:57,17:05,8,0,0.0,8,7.596,152.404,160.0,0,B2318,parking_charging,Position,Pickup
23,104,Pickup,4,4,4,4,685,688,17:05,17:08,3,0,0.0,2,0.0,160.0,160.0,2,B2318,pickup_service,Pickup,Pickup
23,105,Stay,4,4,4,4,688,691,17:08,17:11,3,0,0.0,3,0.0,160.0,160.0,2,B2390,parking_charging,Position,Pickup
23,106,Pickup,4,4,4,4,691,694,17:11,17:14,3,0,0.0,2,0.0,160.0,160.0,4,B2390,pickup_service,Pickup,Pickup
23,107,Movement,4,2,4,2,694,700,17:14,17:20,6,6,16.13,0,0.0,160.0,143.87,4,B2318,passenger_flight,Position,Delivery
23,108,Delivery,2,2,2,2,700,703,17:20,17:23,3,0,0.0,2,8.534,143.87,152.404,2,B2318,delivery_service,Delivery,Delivery
23,109,Movement,2,3,2,3,703,706,17:23,17:26,3,3,4.08,0,0.0,152.404,148.324,2,B2390,passenger_flight,Position,Delivery
23,110,Delivery,3,3,3,3,706,709,17:26,17:29,3,0,0.0,2,8.534,148.324,156.858,0,B2390,delivery_service,Delivery,Delivery
23,111,Pickup,3,3,3,3,709,712,17:29,17:32,3,0,0.0,2,3.142,156.858,160.0,1,B2555,pickup_service,Pickup,Pickup
23,112,Movement,3,4,3,4,712,719,17:32,17:39,7,7,12.6,0,0.0,160.0,147.4,1,B2555,passenger_flight,Position,Delivery
23,113,Delivery,4,4,4,4,719,722,17:39,17:42,3,0,0.0,2,8.534,147.4,155.934,0,B2555,delivery_service,Delivery,Delivery
23,114,Pickup,4,4,4,4,722,725,17:42,17:45,3,0,0.0,2,4.066,155.934,160.0,2,B2716,pickup_service,Pickup,Pickup
23,115,Stay,4,4,4,4,725,728,17:45,17:48,3,0,0.0,3,0.0,160.0,160.0,2,B2796,parking_charging,Position,Pickup
23,116,Pickup,4,4,4,4,728,731,17:48,17:51,3,0,0.0,2,0.0,160.0,160.0,4,B2796,pickup_service,Pickup,Pickup
23,117,Movement,4,3,4,3,731,738,17:51,17:58,7,7,12.6,0,0.0,160.0,147.4,4,B2716,passenger_flight,Position,Delivery
23,118,Delivery,3,3,3,3,738,741,17:58,18:01,3,0,0.0,2,8.534,147.4,155.934,2,B2716,delivery_service,Delivery,Delivery
23,119,Stay,3,3,3,3,741,744,18:01,18:04,3,0,0.0,3,4.066,155.934,160.0,2,B2796,parking_charging,Position,Delivery
23,120,Delivery,3,3,3,3,744,747,18:04,18:07,3,0,0.0,2,0.0,160.0,160.0,0,B2796,delivery_service,Delivery,Delivery
23,121,Pickup,3,3,3,3,747,750,18:07,18:10,3,0,0.0,2,0.0,160.0,160.0,1,B2912,pickup_service,Pickup,Pickup
23,122,Movement,3,4,3,4,750,757,18:10,18:17,7,7,12.6,0,0.0,160.0,147.4,1,B2912,passenger_flight,Position,Delivery
23,123,Delivery,4,4,4,4,757,760,18:17,18:20,3,0,0.0,2,8.534,147.4,155.934,0,B2912,delivery_service,Delivery,Delivery
23,124,Stay,4,4,4,4,760,769,18:20,18:29,9,0,0.0,9,4.066,155.934,160.0,0,B3107,parking_charging,Position,Pickup
23,125,Pickup,4,4,4,4,769,772,18:29,18:32,3,0,0.0,2,0.0,160.0,160.0,2,B3107,pickup_service,Pickup,Pickup
23,126,Pickup,4,4,4,4,772,775,18:32,18:35,3,0,0.0,2,0.0,160.0,160.0,4,B3100,pickup_service,Pickup,Pickup
23,127,Movement,4,3,4,3,775,782,18:35,18:42,7,7,12.6,0,0.0,160.0,147.4,4,B3107,passenger_flight,Position,Delivery
23,128,Delivery,3,3,3,3,782,785,18:42,18:45,3,0,0.0,2,8.534,147.4,155.934,2,B3107,delivery_service,Delivery,Delivery
23,129,Delivery,3,3,3,3,785,788,18:45,18:48,3,0,0.0,2,4.066,155.934,160.0,0,B3100,delivery_service,Delivery,Delivery
23,130,Stay,3,3,3,3,788,802,18:48,19:02,14,0,0.0,14,0.0,160.0,160.0,0,B3299,parking_charging,Position,Pickup
23,131,Pickup,3,3,3,3,802,805,19:02,19:05,3,0,0.0,2,0.0,160.0,160.0,1,B3299,pickup_service,Pickup,Pickup
23,132,Movement,3,4,3,4,805,812,19:05,19:12,7,7,12.6,0,0.0,160.0,147.4,1,B3299,passenger_flight,Position,Delivery
23,133,Delivery,4,4,4,4,812,815,19:12,19:15,3,0,0.0,2,8.534,147.4,155.934,0,B3299,delivery_service,Delivery,Delivery
24,0,Stay,5,5,5,5,0,81,05:40,07:01,81,0,0.0,81,0.0,160.0,160.0,0,B49,parking_charging,Position,Pickup
24,1,Pickup,5,5,5,5,81,84,07:01,07:04,3,0,0.0,2,0.0,160.0,160.0,1,B49,pickup_service,Pickup,Pickup
24,2,Movement,5,7,5,7,84,94,07:04,07:14,10,10,32.24,0,0.0,160.0,127.76,1,B59,passenger_flight,Position,Pickup
24,3,Pickup,7,7,7,7,94,97,07:14,07:17,3,0,0.0,2,8.534,127.76,136.294,2,B59,pickup_service,Pickup,Pickup
24,4,Delivery,7,7,7,7,97,100,07:17,07:20,3,0,0.0,2,8.534,136.294,144.828,1,B49,delivery_service,Delivery,Delivery
24,5,Movement,7,1,7,1,100,107,07:20,07:27,7,7,21.03,0,0.0,144.828,123.798,1,B59,passenger_flight,Position,Delivery
24,6,Delivery,1,1,1,1,107,110,07:27,07:30,3,0,0.0,2,8.534,123.798,132.332,0,B59,delivery_service,Delivery,Delivery
24,7,Stay,1,1,1,1,110,127,07:30,07:47,17,0,0.0,17,27.668,132.332,160.0,0,B116,parking_charging,Position,Movement
24,8,Movement,1,6,1,6,127,134,07:47,07:54,7,7,23.39,0,0.0,160.0,136.61,0,B116,empty_repositioning,Position,Pickup
24,9,Pickup,6,6,6,6,134,137,07:54,07:57,3,0,0.0,2,8.534,136.61,145.144,1,B116,pickup_service,Pickup,Pickup
24,10,Stay,6,6,6,6,137,143,07:57,08:03,6,0,0.0,6,14.856,145.144,160.0,1,B116,parking_charging,Position,Movement
24,11,Movement,6,9,6,9,143,163,08:03,08:23,20,20,74.79,0,0.0,160.0,85.21,1,B116,passenger_flight,Position,Delivery
24,12,Delivery,9,9,9,9,163,166,08:23,08:26,3,0,0.0,2,8.534,85.21,93.744,0,B116,delivery_service,Delivery,Delivery
24,13,Stay,9,9,9,9,166,173,08:26,08:33,7,0,0.0,7,29.869,93.744,123.613,0,B286,parking_charging,Position,Movement
24,14,Movement,9,8,9,8,173,179,08:33,08:39,6,6,18.04,0,0.0,123.613,105.573,0,B286,empty_repositioning,Position,Pickup
24,15,Pickup,8,8,8,8,179,182,08:39,08:42,3,0,0.0,2,8.534,105.573,114.107,1,B286,pickup_service,Pickup,Pickup
24,16,Stay,8,8,8,8,182,188,08:42,08:48,6,0,0.0,6,25.602,114.107,139.709,1,B286,parking_charging,Position,Movement
24,17,Movement,8,4,8,4,188,199,08:48,08:59,11,11,39.54,0,0.0,139.709,100.169,1,B286,passenger_flight,Position,Delivery
24,18,Delivery,4,4,4,4,199,202,08:59,09:02,3,0,0.0,2,8.534,100.169,108.703,0,B286,delivery_service,Delivery,Delivery
24,19,Stay,4,4,4,4,202,207,09:02,09:07,5,0,0.0,5,21.335,108.703,130.038,0,B391,parking_charging,Position,Movement
24,20,Movement,4,6,4,6,207,214,09:07,09:14,7,7,22.06,0,0.0,130.038,107.978,0,B391,empty_repositioning,Position,Pickup
24,21,Pickup,6,6,6,6,214,217,09:14,09:17,3,0,0.0,2,8.534,107.978,116.512,1,B391,pickup_service,Pickup,Pickup
24,22,Pickup,6,6,6,6,217,220,09:17,09:20,3,0,0.0,2,8.534,116.512,125.046,2,B382,pickup_service,Pickup,Pickup
24,23,Movement,6,3,6,3,220,230,09:20,09:30,10,10,32.98,0,0.0,125.046,92.066,2,B382,passenger_flight,Position,Delivery
24,24,Delivery,3,3,3,3,230,233,09:30,09:33,3,0,0.0,2,8.534,92.066,100.6,1,B382,delivery_service,Delivery,Delivery
24,25,Delivery,3,3,3,3,233,236,09:33,09:36,3,0,0.0,2,8.534,100.6,109.134,0,B391,delivery_service,Delivery,Delivery
24,26,Stay,3,3,3,3,236,259,09:36,09:59,23,0,0.0,23,50.866,109.134,160.0,0,B494,parking_charging,Position,Pickup
24,27,Pickup,3,3,3,3,259,262,09:59,10:02,3,0,0.0,2,0.0,160.0,160.0,4,B494,pickup_service,Pickup,Pickup
24,28,Movement,3,4,3,4,262,269,10:02,10:09,7,7,12.6,0,0.0,160.0,147.4,4,B494,passenger_flight,Position,Delivery
24,29,Delivery,4,4,4,4,269,272,10:09,10:12,3,0,0.0,2,8.534,147.4,155.934,0,B494,delivery_service,Delivery,Delivery
24,30,Stay,4,4,4,4,272,280,10:12,10:20,8,0,0.0,8,4.066,155.934,160.0,0,B592,parking_charging,Position,Pickup
24,31,Pickup,4,4,4,4,280,283,10:20,10:23,3,0,0.0,2,0.0,160.0,160.0,1,B592,pickup_service,Pickup,Pickup
24,32,Movement,4,3,4,3,283,290,10:23,10:30,7,7,12.6,0,0.0,160.0,147.4,1,B592,passenger_flight,Position,Delivery
24,33,Delivery,3,3,3,3,290,293,10:30,10:33,3,0,0.0,2,8.534,147.4,155.934,0,B592,delivery_service,Delivery,Delivery
24,34,Stay,3,3,3,3,293,305,10:33,10:45,12,0,0.0,12,4.066,155.934,160.0,0,B753,parking_charging,Position,Pickup
24,35,Pickup,3,3,3,3,305,308,10:45,10:48,3,0,0.0,2,0.0,160.0,160.0,1,B753,pickup_service,Pickup,Pickup
24,36,Pickup,3,3,3,3,308,311,10:48,10:51,3,0,0.0,2,0.0,160.0,160.0,3,B724,pickup_service,Pickup,Pickup
24,37,Movement,3,5,3,5,311,319,10:51,10:59,8,8,23.93,0,0.0,160.0,136.07,3,B724,passenger_flight,Position,Delivery
24,38,Delivery,5,5,5,5,319,322,10:59,11:02,3,0,0.0,2,8.534,136.07,144.604,1,B724,delivery_service,Delivery,Delivery
24,39,Delivery,5,5,5,5,322,325,11:02,11:05,3,0,0.0,2,8.534,144.604,153.138,0,B753,delivery_service,Delivery,Delivery
24,40,Pickup,5,5,5,5,325,328,11:05,11:08,3,0,0.0,2,6.862,153.138,160.0,1,B847,pickup_service,Pickup,Pickup
24,41,Pickup,5,5,5,5,328,331,11:08,11:11,3,0,0.0,2,0.0,160.0,160.0,2,B835,pickup_service,Pickup,Pickup
24,42,Movement,5,3,5,3,331,339,11:11,11:19,8,8,23.93,0,0.0,160.0,136.07,2,B835,passenger_flight,Position,Delivery
24,43,Delivery,3,3,3,3,339,342,11:19,11:22,3,0,0.0,2,8.534,136.07,144.604,1,B835,delivery_service,Delivery,Delivery
24,44,Delivery,3,3,3,3,342,345,11:22,11:25,3,0,0.0,2,8.534,144.604,153.138,0,B847,delivery_service,Delivery,Delivery
24,45,Pickup,3,3,3,3,345,348,11:25,11:28,3,0,0.0,2,6.862,153.138,160.0,1,B931,pickup_service,Pickup,Pickup
24,46,Pickup,3,3,3,3,348,351,11:28,11:31,3,0,0.0,2,0.0,160.0,160.0,2,B954,pickup_service,Pickup,Pickup
24,47,Movement,3,1,3,1,351,357,11:31,11:37,6,6,9.61,0,0.0,160.0,150.39,2,B931,passenger_flight,Position,Delivery
24,48,Delivery,1,1,1,1,357,360,11:37,11:40,3,0,0.0,2,8.534,150.39,158.924,1,B931,delivery_service,Delivery,Delivery
24,49,Movement,1,10,1,10,360,373,11:40,11:53,13,13,47.44,0,0.0,158.924,111.484,1,B954,passenger_flight,Position,Delivery
24,50,Delivery,10,10,10,10,373,376,11:53,11:56,3,0,0.0,2,8.534,111.484,120.018,0,B954,delivery_service,Delivery,Delivery
24,51,Pickup,10,10,10,10,376,379,11:56,11:59,3,0,0.0,2,8.534,120.018,128.552,1,B1050,pickup_service,Pickup,Pickup
24,52,Pickup,10,10,10,10,379,382,11:59,12:02,3,0,0.0,2,8.534,128.552,137.086,2,B1047,pickup_service,Pickup,Pickup
24,53,Movement,10,3,10,3,382,397,12:02,12:17,15,15,54.92,0,0.0,137.086,82.166,2,B1050,passenger_flight,Position,Delivery
24,54,Delivery,3,3,3,3,397,400,12:17,12:20,3,0,0.0,2,8.534,82.166,90.7,1,B1050,delivery_service,Delivery,Delivery
24,55,Delivery,3,3,3,3,400,403,12:20,12:23,3,0,0.0,2,8.534,90.7,99.234,0,B1047,delivery_service,Delivery,Delivery
24,56,Pickup,3,3,3,3,403,406,12:23,12:26,3,0,0.0,2,8.534,99.234,107.768,1,B1113,pickup_service,Pickup,Pickup
24,57,Stay,3,3,3,3,406,407,12:26,12:27,1,0,0.0,1,4.267,107.768,112.035,1,B1134,parking_charging,Position,Pickup
24,58,Pickup,3,3,3,3,407,410,12:27,12:30,3,0,0.0,2,8.534,112.035,120.569,2,B1134,pickup_service,Pickup,Pickup
24,59,Movement,3,8,3,8,410,420,12:30,12:40,10,10,35.17,0,0.0,120.569,85.399,2,B1113,passenger_flight,Position,Delivery
24,60,Delivery,8,8,8,8,420,423,12:40,12:43,3,0,0.0,2,8.534,85.399,93.933,1,B1113,delivery_service,Delivery,Delivery
24,61,Movement,8,9,8,9,423,429,12:43,12:49,6,6,18.04,0,0.0,93.933,75.893,1,B1134,passenger_flight,Position,Delivery
24,62,Delivery,9,9,9,9,429,432,12:49,12:52,3,0,0.0,2,8.534,75.893,84.427,0,B1134,delivery_service,Delivery,Delivery
24,63,Stay,9,9,9,9,432,434,12:52,12:54,2,0,0.0,2,8.534,84.427,92.961,0,B1201,parking_charging,Position,Pickup
24,64,Pickup,9,9,9,9,434,437,12:54,12:57,3,0,0.0,2,8.534,92.961,101.495,1,B1201,pickup_service,Pickup,Pickup
24,65,Stay,9,9,9,9,437,438,12:57,12:58,1,0,0.0,1,4.267,101.495,105.762,1,B1210,parking_charging,Position,Pickup
24,66,Pickup,9,9,9,9,438,441,12:58,13:01,3,0,0.0,2,8.534,105.762,114.296,2,B1210,pickup_service,Pickup,Pickup
24,67,Movement,9,1,9,1,441,457,13:01,13:17,16,16,57.72,0,0.0,114.296,56.576,2,B1201,passenger_flight,Position,Delivery
24,68,Delivery,1,1,1,1,457,460,13:17,13:20,3,0,0.0,2,8.534,56.576,65.11,1,B1201,delivery_service,Delivery,Delivery
24,69,Movement,1,4,1,4,460,464,13:20,13:24,4,4,4.98,0,0.0,65.11,60.13,1,B1210,passenger_flight,Position,Delivery
24,70,Delivery,4,4,4,4,464,467,13:24,13:27,3,0,0.0,2,8.534,60.13,68.664,0,B1210,delivery_service,Delivery,Delivery
24,71,Stay,4,4,4,4,467,484,13:27,13:44,17,0,0.0,17,72.539,68.664,141.203,0,B1293,parking_charging,Position,Pickup
24,72,Pickup,4,4,4,4,484,487,13:44,13:47,3,0,0.0,2,8.534,141.203,149.737,1,B1293,pickup_service,Pickup,Pickup
24,73,Stay,4,4,4,4,487,489,13:47,13:49,2,0,0.0,2,8.534,149.737,158.271,1,B1309,parking_charging,Position,Pickup
24,74,Pickup,4,4,4,4,489,492,13:49,13:52,3,0,0.0,2,1.729,158.271,160.0,2,B1309,pickup_service,Pickup,Pickup
24,75,Movement,4,7,4,7,492,499,13:52,13:59,7,7,21.43,0,0.0,160.0,138.57,2,B1293,passenger_flight,Position,Delivery
24,76,Delivery,7,7,7,7,499,502,13:59,14:02,3,0,0.0,2,8.534,138.57,147.104,1,B1293,delivery_service,Delivery,Delivery
24,77,Delivery,7,7,7,7,502,505,14:02,14:05,3,0,0.0,2,8.534,147.104,155.638,0,B1309,delivery_service,Delivery,Delivery
24,78,Movement,7,1,7,1,505,512,14:05,14:12,7,7,21.03,0,0.0,155.638,134.608,0,B1383,empty_repositioning,Position,Pickup
24,79,Pickup,1,1,1,1,512,515,14:12,14:15,3,0,0.0,2,8.534,134.608,143.142,3,B1383,pickup_service,Pickup,Pickup
24,80,Movement,1,7,1,7,515,522,14:15,14:22,7,7,21.03,0,0.0,143.142,122.112,3,B1383,passenger_flight,Position,Delivery
24,81,Delivery,7,7,7,7,522,525,14:22,14:25,3,0,0.0,2,8.534,122.112,130.646,0,B1383,delivery_service,Delivery,Delivery
24,82,Pickup,7,7,7,7,525,528,14:25,14:28,3,0,0.0,2,8.534,130.646,139.18,1,B1442,pickup_service,Pickup,Pickup
24,83,Stay,7,7,7,7,528,529,14:28,14:29,1,0,0.0,1,4.267,139.18,143.447,1,B1463,parking_charging,Position,Pickup
24,84,Pickup,7,7,7,7,529,532,14:29,14:32,3,0,0.0,2,8.534,143.447,151.981,2,B1463,pickup_service,Pickup,Pickup
24,85,Movement,7,1,7,1,532,539,14:32,14:39,7,7,21.03,0,0.0,151.981,130.951,2,B1442,passenger_flight,Position,Delivery
24,86,Delivery,1,1,1,1,539,542,14:39,14:42,3,0,0.0,2,8.534,130.951,139.485,1,B1442,delivery_service,Delivery,Delivery
24,87,Movement,1,4,1,4,542,546,14:42,14:46,4,4,4.98,0,0.0,139.485,134.505,1,B1463,passenger_flight,Position,Delivery
24,88,Delivery,4,4,4,4,546,549,14:46,14:49,3,0,0.0,2,8.534,134.505,143.039,0,B1463,delivery_service,Delivery,Delivery
24,89,Stay,4,4,4,4,549,550,14:49,14:50,1,0,0.0,1,4.267,143.039,147.306,0,B1549,parking_charging,Position,Pickup
24,90,Pickup,4,4,4,4,550,553,14:50,14:53,3,0,0.0,2,8.534,147.306,155.84,1,B1549,pickup_service,Pickup,Pickup
24,91,Movement,4,2,4,2,553,559,14:53,14:59,6,6,16.13,0,0.0,155.84,139.71,1,B1549,passenger_flight,Position,Delivery
24,92,Delivery,2,2,2,2,559,562,14:59,15:02,3,0,0.0,2,8.534,139.71,148.244,0,B1549,delivery_service,Delivery,Delivery
24,93,Stay,2,2,2,2,562,571,15:02,15:11,9,0,0.0,9,11.756,148.244,160.0,0,B1636,parking_charging,Position,Pickup
24,94,Pickup,2,2,2,2,571,574,15:11,15:14,3,0,0.0,2,0.0,160.0,160.0,2,B1636,pickup_service,Pickup,Pickup
24,95,Pickup,2,2,2,2,574,577,15:14,15:17,3,0,0.0,2,0.0,160.0,160.0,4,B1647,pickup_service,Pickup,Pickup
24,96,Movement,2,5,2,5,577,585,15:17,15:25,8,8,27.57,0,0.0,160.0,132.43,4,B1636,passenger_flight,Position,Delivery
24,97,Delivery,5,5,5,5,585,588,15:25,15:28,3,0,0.0,2,8.534,132.43,140.964,2,B1636,delivery_service,Delivery,Delivery
24,98,Stay,5,5,5,5,588,591,15:28,15:31,3,0,0.0,3,12.801,140.964,153.765,2,B1647,parking_charging,Position,Delivery
24,99,Delivery,5,5,5,5,591,594,15:31,15:34,3,0,0.0,2,6.235,153.765,160.0,0,B1647,delivery_service,Delivery,Delivery
24,100,Stay,5,5,5,5,594,612,15:34,15:52,18,0,0.0,18,0.0,160.0,160.0,0,B1806,parking_charging,Position,Pickup
24,101,Pickup,5,5,5,5,612,615,15:52,15:55,3,0,0.0,2,0.0,160.0,160.0,1,B1806,pickup_service,Pickup,Pickup
24,102,Movement,5,7,5,7,615,625,15:55,16:05,10,10,32.24,0,0.0,160.0,127.76,1,B1806,passenger_flight,Position,Delivery
24,103,Delivery,7,7,7,7,625,628,16:05,16:08,3,0,0.0,2,8.534,127.76,136.294,0,B1806,delivery_service,Delivery,Delivery
24,104,Stay,7,7,7,7,628,631,16:08,16:11,3,0,0.0,3,12.801,136.294,149.095,0,B1920,parking_charging,Position,Pickup
24,105,Pickup,7,7,7,7,631,634,16:11,16:14,3,0,0.0,2,8.534,149.095,157.629,1,B1920,pickup_service,Pickup,Pickup
24,106,Pickup,7,7,7,7,634,637,16:14,16:17,3,0,0.0,2,2.371,157.629,160.0,2,B1911,pickup_service,Pickup,Pickup
24,107,Movement,7,4,7,4,637,644,16:17,16:24,7,7,21.43,0,0.0,160.0,138.57,2,B1920,passenger_flight,Position,Delivery
24,108,Delivery,4,4,4,4,644,647,16:24,16:27,3,0,0.0,2,8.534,138.57,147.104,1,B1920,delivery_service,Delivery,Delivery
24,109,Delivery,4,4,4,4,647,650,16:27,16:30,3,0,0.0,2,8.534,147.104,155.638,0,B1911,delivery_service,Delivery,Delivery
24,110,Pickup,4,4,4,4,650,653,16:30,16:33,3,0,0.0,2,4.362,155.638,160.0,1,B2019,pickup_service,Pickup,Pickup
24,111,Stay,4,4,4,4,653,654,16:33,16:34,1,0,0.0,1,0.0,160.0,160.0,1,B2063,parking_charging,Position,Pickup
24,112,Pickup,4,4,4,4,654,657,16:34,16:37,3,0,0.0,2,0.0,160.0,160.0,2,B2063,pickup_service,Pickup,Pickup
24,113,Movement,4,2,4,2,657,663,16:37,16:43,6,6,16.13,0,0.0,160.0,143.87,2,B2019,passenger_flight,Position,Delivery
24,114,Delivery,2,2,2,2,663,666,16:43,16:46,3,0,0.0,2,8.534,143.87,152.404,1,B2019,delivery_service,Delivery,Delivery
24,115,Stay,2,2,2,2,666,670,16:46,16:50,4,0,0.0,4,7.596,152.404,160.0,1,B2063,parking_charging,Position,Delivery
24,116,Delivery,2,2,2,2,670,673,16:50,16:53,3,0,0.0,2,0.0,160.0,160.0,0,B2063,delivery_service,Delivery,Delivery
24,117,Stay,2,2,2,2,673,684,16:53,17:04,11,0,0.0,11,0.0,160.0,160.0,0,B2305,parking_charging,Position,Pickup
24,118,Pickup,2,2,2,2,684,687,17:04,17:07,3,0,0.0,2,0.0,160.0,160.0,2,B2305,pickup_service,Pickup,Pickup
24,119,Stay,2,2,2,2,687,692,17:07,17:12,5,0,0.0,5,0.0,160.0,160.0,2,B2396,parking_charging,Position,Pickup
24,120,Pickup,2,2,2,2,692,695,17:12,17:15,3,0,0.0,2,0.0,160.0,160.0,4,B2396,pickup_service,Pickup,Pickup
24,121,Movement,2,4,2,4,695,701,17:15,17:21,6,6,16.13,0,0.0,160.0,143.87,4,B2305,passenger_flight,Position,Delivery
24,122,Delivery,4,4,4,4,701,704,17:21,17:24,3,0,0.0,2,8.534,143.87,152.404,2,B2305,delivery_service,Delivery,Delivery
24,123,Stay,4,4,4,4,704,707,17:24,17:27,3,0,0.0,3,7.596,152.404,160.0,2,B2396,parking_charging,Position,Delivery
24,124,Delivery,4,4,4,4,707,710,17:27,17:30,3,0,0.0,2,0.0,160.0,160.0,0,B2396,delivery_service,Delivery,Delivery
24,125,Pickup,4,4,4,4,710,713,17:30,17:33,3,0,0.0,2,0.0,160.0,160.0,2,B2559,pickup_service,Pickup,Pickup
24,126,Stay,4,4,4,4,713,716,17:33,17:36,3,0,0.0,3,0.0,160.0,160.0,2,B2559,parking_charging,Position,Movement
24,127,Movement,4,3,4,3,716,723,17:36,17:43,7,7,12.6,0,0.0,160.0,147.4,2,B2559,passenger_flight,Position,Delivery
24,128,Delivery,3,3,3,3,723,726,17:43,17:46,3,0,0.0,2,8.534,147.4,155.934,0,B2559,delivery_service,Delivery,Delivery
24,129,Pickup,3,3,3,3,726,729,17:46,17:49,3,0,0.0,2,4.066,155.934,160.0,2,B2735,pickup_service,Pickup,Pickup
24,130,Pickup,3,3,3,3,729,732,17:49,17:52,3,0,0.0,2,0.0,160.0,160.0,4,B2792,pickup_service,Pickup,Pickup
24,131,Movement,3,1,3,1,732,738,17:52,17:58,6,6,9.61,0,0.0,160.0,150.39,4,B2735,passenger_flight,Position,Delivery
24,132,Delivery,1,1,1,1,738,741,17:58,18:01,3,0,0.0,2,8.534,150.39,158.924,2,B2735,delivery_service,Delivery,Delivery
24,133,Movement,1,4,1,4,741,745,18:01,18:05,4,4,4.98,0,0.0,158.924,153.944,2,B2792,passenger_flight,Position,Delivery
24,134,Delivery,4,4,4,4,745,748,18:05,18:08,3,0,0.0,2,6.056,153.944,160.0,0,B2792,delivery_service,Delivery,Delivery
24,135,Stay,4,4,4,4,748,763,18:08,18:23,15,0,0.0,15,0.0,160.0,160.0,0,B3067,parking_charging,Position,Pickup
24,136,Pickup,4,4,4,4,763,766,18:23,18:26,3,0,0.0,2,0.0,160.0,160.0,1,B3067,pickup_service,Pickup,Pickup
24,137,Movement,4,6,4,6,766,773,18:26,18:33,7,7,22.06,0,0.0,160.0,137.94,1,B3067,passenger_flight,Position,Delivery
24,138,Delivery,6,6,6,6,773,776,18:33,18:36,3,0,0.0,2,8.534,137.94,146.474,0,B3067,delivery_service,Delivery,Delivery
24,139,Stay,6,6,6,6,776,790,18:36,18:50,14,0,0.0,14,13.526,146.474,160.0,0,B3272,parking_charging,Position,Movement
24,140,Movement,6,1,6,1,790,797,18:50,18:57,7,7,23.39,0,0.0,160.0,136.61,0,B3272,empty_repositioning,Position,Pickup
24,141,Pickup,1,1,1,1,797,800,18:57,19:00,3,0,0.0,2,8.534,136.61,145.144,1,B3272,pickup_service,Pickup,Pickup
24,142,Stay,1,1,1,1,800,803,19:00,19:03,3,0,0.0,3,12.801,145.144,157.945,1,B3272,parking_charging,Position,Movement
24,143,Movement,1,5,1,5,803,811,19:03,19:11,8,8,14.88,0,0.0,157.945,143.065,1,B3272,passenger_flight,Position,Delivery
24,144,Delivery,5,5,5,5,811,814,19:11,19:14,3,0,0.0,2,8.534,143.065,151.599,0,B3272,delivery_service,Delivery,Delivery
25,0,Stay,6,6,6,6,0,32,05:40,06:12,32,0,0.0,32,0.0,160.0,160.0,0,B12,parking_charging,Position,Pickup
25,1,Pickup,6,6,6,6,32,35,06:12,06:15,3,0,0.0,2,0.0,160.0,160.0,1,B12,pickup_service,Pickup,Pickup
25,2,Movement,6,10,6,10,35,46,06:15,06:26,11,11,35.74,0,0.0,160.0,124.26,1,B12,passenger_flight,Position,Delivery
25,3,Delivery,10,10,10,10,46,49,06:26,06:29,3,0,0.0,2,8.534,124.26,132.794,0,B12,delivery_service,Delivery,Delivery
25,4,Stay,10,10,10,10,49,60,06:29,06:40,11,0,0.0,11,27.206,132.794,160.0,0,B26,parking_charging,Position,Pickup
25,5,Pickup,10,10,10,10,60,63,06:40,06:43,3,0,0.0,2,0.0,160.0,160.0,1,B26,pickup_service,Pickup,Pickup
25,6,Movement,10,4,10,4,63,75,06:43,06:55,12,12,42.86,0,0.0,160.0,117.14,1,B26,passenger_flight,Position,Delivery
25,7,Delivery,4,4,4,4,75,78,06:55,06:58,3,0,0.0,2,8.534,117.14,125.674,0,B26,delivery_service,Delivery,Delivery
25,8,Pickup,4,4,4,4,78,81,06:58,07:01,3,0,0.0,2,8.534,125.674,134.208,1,B41,pickup_service,Pickup,Pickup
25,9,Movement,4,9,4,9,81,96,07:01,07:16,15,15,55.47,0,0.0,134.208,78.738,1,B41,passenger_flight,Position,Delivery
25,10,Delivery,9,9,9,9,96,99,07:16,07:19,3,0,0.0,2,8.534,78.738,87.272,0,B41,delivery_service,Delivery,Delivery
25,11,Stay,9,9,9,9,99,160,07:19,08:20,61,0,0.0,61,72.728,87.272,160.0,0,B214,parking_charging,Position,Pickup
25,12,Pickup,9,9,9,9,160,163,08:20,08:23,3,0,0.0,2,0.0,160.0,160.0,1,B214,pickup_service,Pickup,Pickup
25,13,Pickup,9,9,9,9,163,166,08:23,08:26,3,0,0.0,2,0.0,160.0,160.0,2,B224,pickup_service,Pickup,Pickup
25,14,Movement,9,7,9,7,166,178,08:26,08:38,12,12,40.12,0,0.0,160.0,119.88,2,B224,passenger_flight,Position,Delivery
25,15,Delivery,7,7,7,7,178,181,08:38,08:41,3,0,0.0,2,8.534,119.88,128.414,1,B224,delivery_service,Delivery,Delivery
25,16,Delivery,7,7,7,7,181,184,08:41,08:44,3,0,0.0,2,8.534,128.414,136.948,0,B214,delivery_service,Delivery,Delivery
25,17,Stay,7,7,7,7,184,192,08:44,08:52,8,0,0.0,8,23.052,136.948,160.0,0,B323,parking_charging,Position,Pickup
25,18,Pickup,7,7,7,7,192,195,08:52,08:55,3,0,0.0,2,0.0,160.0,160.0,1,B323,pickup_service,Pickup,Pickup
25,19,Stay,7,7,7,7,195,197,08:55,08:57,2,0,0.0,2,0.0,160.0,160.0,1,B344,parking_charging,Position,Pickup
25,20,Pickup,7,7,7,7,197,200,08:57,09:00,3,0,0.0,2,0.0,160.0,160.0,3,B344,pickup_service,Pickup,Pickup
25,21,Movement,7,4,7,4,200,207,09:00,09:07,7,7,21.43,0,0.0,160.0,138.57,3,B323,passenger_flight,Position,Delivery
25,22,Delivery,4,4,4,4,207,210,09:07,09:10,3,0,0.0,2,8.534,138.57,147.104,2,B323,delivery_service,Delivery,Delivery
25,23,Delivery,4,4,4,4,210,213,09:10,09:13,3,0,0.0,2,8.534,147.104,155.638,0,B344,delivery_service,Delivery,Delivery
25,24,Stay,4,4,4,4,213,240,09:13,09:40,27,0,0.0,27,4.362,155.638,160.0,0,B461,parking_charging,Position,Movement
25,25,Movement,4,5,4,5,240,246,09:40,09:46,6,6,11.45,0,0.0,160.0,148.55,0,B461,empty_repositioning,Position,Pickup
25,26,Pickup,5,5,5,5,246,249,09:46,09:49,3,0,0.0,2,8.534,148.55,157.084,1,B461,pickup_service,Pickup,Pickup
25,27,Pickup,5,5,5,5,249,252,09:49,09:52,3,0,0.0,2,2.916,157.084,160.0,2,B458,pickup_service,Pickup,Pickup
25,28,Movement,5,3,5,3,252,260,09:52,10:00,8,8,23.93,0,0.0,160.0,136.07,2,B461,passenger_flight,Position,Delivery
25,29,Delivery,3,3,3,3,260,263,10:00,10:03,3,0,0.0,2,8.534,136.07,144.604,1,B461,delivery_service,Delivery,Delivery
25,30,Stay,3,3,3,3,263,264,10:03,10:04,1,0,0.0,1,4.267,144.604,148.871,1,B458,parking_charging,Position,Delivery
25,31,Delivery,3,3,3,3,264,267,10:04,10:07,3,0,0.0,2,8.534,148.871,157.405,0,B458,delivery_service,Delivery,Delivery
25,32,Pickup,3,3,3,3,267,270,10:07,10:10,3,0,0.0,2,2.595,157.405,160.0,1,B501,pickup_service,Pickup,Pickup
25,33,Movement,3,1,3,1,270,276,10:10,10:16,6,6,9.61,0,0.0,160.0,150.39,1,B501,passenger_flight,Position,Delivery
25,34,Delivery,1,1,1,1,276,279,10:16,10:19,3,0,0.0,2,8.534,150.39,158.924,0,B501,delivery_service,Delivery,Delivery
25,35,Stay,1,1,1,1,279,280,10:19,10:20,1,0,0.0,1,1.076,158.924,160.0,0,B640,parking_charging,Position,Movement
25,36,Movement,1,6,1,6,280,287,10:20,10:27,7,7,23.39,0,0.0,160.0,136.61,0,B640,empty_repositioning,Position,Pickup
25,37,Pickup,6,6,6,6,287,290,10:27,10:30,3,0,0.0,2,8.534,136.61,145.144,1,B640,pickup_service,Pickup,Pickup
25,38,Pickup,6,6,6,6,290,293,10:30,10:33,3,0,0.0,2,8.534,145.144,153.678,2,B658,pickup_service,Pickup,Pickup
25,39,Movement,6,7,6,7,293,305,10:33,10:45,12,12,43.48,0,0.0,153.678,110.198,2,B640,passenger_flight,Position,Delivery
25,40,Delivery,7,7,7,7,305,308,10:45,10:48,3,0,0.0,2,8.534,110.198,118.732,1,B640,delivery_service,Delivery,Delivery
25,41,Delivery,7,7,7,7,308,311,10:48,10:51,3,0,0.0,2,8.534,118.732,127.266,0,B658,delivery_service,Delivery,Delivery
25,42,Pickup,7,7,7,7,311,314,10:51,10:54,3,0,0.0,2,8.534,127.266,135.8,1,B749,pickup_service,Pickup,Pickup
25,43,Movement,7,1,7,1,314,321,10:54,11:01,7,7,21.03,0,0.0,135.8,114.77,1,B749,passenger_flight,Position,Delivery
25,44,Delivery,1,1,1,1,321,324,11:01,11:04,3,0,0.0,2,8.534,114.77,123.304,0,B749,delivery_service,Delivery,Delivery
25,45,Pickup,1,1,1,1,324,327,11:04,11:07,3,0,0.0,2,8.534,123.304,131.838,1,B813,pickup_service,Pickup,Pickup
25,46,Movement,1,10,1,10,327,340,11:07,11:20,13,13,47.44,0,0.0,131.838,84.398,1,B813,passenger_flight,Position,Delivery
25,47,Delivery,10,10,10,10,340,343,11:20,11:23,3,0,0.0,2,8.534,84.398,92.932,0,B813,delivery_service,Delivery,Delivery
25,48,Pickup,10,10,10,10,343,346,11:23,11:26,3,0,0.0,2,8.534,92.932,101.466,1,B915,pickup_service,Pickup,Pickup
25,49,Movement,10,9,10,9,346,365,11:26,11:45,19,19,69.89,0,0.0,101.466,31.576,1,B915,passenger_flight,Position,Delivery
25,50,Delivery,9,9,9,9,365,368,11:45,11:48,3,0,0.0,2,8.534,31.576,40.11,0,B915,delivery_service,Delivery,Delivery
25,51,Stay,9,9,9,9,368,380,11:48,12:00,12,0,0.0,12,51.204,40.11,91.314,0,B1059,parking_charging,Position,Pickup
25,52,Pickup,9,9,9,9,380,383,12:00,12:03,3,0,0.0,2,8.534,91.314,99.848,1,B1059,pickup_service,Pickup,Pickup
25,53,Movement,9,1,9,1,383,399,12:03,12:19,16,16,57.72,0,0.0,99.848,42.128,1,B1059,passenger_flight,Position,Delivery
25,54,Delivery,1,1,1,1,399,402,12:19,12:22,3,0,0.0,2,8.534,42.128,50.662,0,B1059,delivery_service,Delivery,Delivery
25,55,Pickup,1,1,1,1,402,405,12:22,12:25,3,0,0.0,2,8.534,50.662,59.196,1,B1115,pickup_service,Pickup,Pickup
25,56,Pickup,1,1,1,1,405,408,12:25,12:28,3,0,0.0,2,8.534,59.196,67.73,2,B1110,pickup_service,Pickup,Pickup
25,57,Movement,1,10,1,10,408,421,12:28,12:41,13,13,47.44,0,0.0,67.73,20.29,2,B1110,passenger_flight,Position,Delivery
25,58,Delivery,10,10,10,10,421,424,12:41,12:44,3,0,0.0,2,8.534,20.29,28.824,1,B1110,delivery_service,Delivery,Delivery
25,59,Delivery,10,10,10,10,424,427,12:44,12:47,3,0,0.0,2,8.534,28.824,37.358,0,B1115,delivery_service,Delivery,Delivery
25,60,Stay,10,10,10,10,427,464,12:47,13:24,37,0,0.0,37,122.642,37.358,160.0,0,B1257,parking_charging,Position,Pickup
25,61,Pickup,10,10,10,10,464,467,13:24,13:27,3,0,0.0,2,0.0,160.0,160.0,1,B1257,pickup_service,Pickup,Pickup
25,62,Movement,10,3,10,3,467,482,13:27,13:42,15,15,54.92,0,0.0,160.0,105.08,1,B1257,passenger_flight,Position,Delivery
25,63,Delivery,3,3,3,3,482,485,13:42,13:45,3,0,0.0,2,8.534,105.08,113.614,0,B1257,delivery_service,Delivery,Delivery
25,64,Movement,3,2,3,2,485,488,13:45,13:48,3,3,4.08,0,0.0,113.614,109.534,0,B1304,empty_repositioning,Position,Pickup
25,65,Pickup,2,2,2,2,488,491,13:48,13:51,3,0,0.0,2,8.534,109.534,118.068,1,B1304,pickup_service,Pickup,Pickup
25,66,Movement,2,6,2,6,491,502,13:51,14:02,11,11,37.0,0,0.0,118.068,81.068,1,B1304,passenger_flight,Position,Delivery
25,67,Delivery,6,6,6,6,502,505,14:02,14:05,3,0,0.0,2,8.534,81.068,89.602,0,B1304,delivery_service,Delivery,Delivery
25,68,Pickup,6,6,6,6,505,508,14:05,14:08,3,0,0.0,2,8.534,89.602,98.136,1,B1357,pickup_service,Pickup,Pickup
25,69,Movement,6,1,6,1,508,515,14:08,14:15,7,7,23.39,0,0.0,98.136,74.746,1,B1377,passenger_flight,Position,Pickup
25,70,Pickup,1,1,1,1,515,518,14:15,14:18,3,0,0.0,2,8.534,74.746,83.28,2,B1377,pickup_service,Pickup,Pickup
25,71,Movement,1,3,1,3,518,524,14:18,14:24,6,6,9.61,0,0.0,83.28,73.67,2,B1357,passenger_flight,Position,Delivery
25,72,Delivery,3,3,3,3,524,527,14:24,14:27,3,0,0.0,2,8.534,73.67,82.204,1,B1357,delivery_service,Delivery,Delivery
25,73,Delivery,3,3,3,3,527,530,14:27,14:30,3,0,0.0,2,8.534,82.204,90.738,0,B1377,delivery_service,Delivery,Delivery
25,74,Pickup,3,3,3,3,530,533,14:30,14:33,3,0,0.0,2,8.534,90.738,99.272,1,B1459,pickup_service,Pickup,Pickup
25,75,Pickup,3,3,3,3,533,536,14:33,14:36,3,0,0.0,2,8.534,99.272,107.806,2,B1446,pickup_service,Pickup,Pickup
25,76,Movement,3,5,3,5,536,544,14:36,14:44,8,8,23.93,0,0.0,107.806,83.876,2,B1446,passenger_flight,Position,Delivery
25,77,Delivery,5,5,5,5,544,547,14:44,14:47,3,0,0.0,2,8.534,83.876,92.41,1,B1446,delivery_service,Delivery,Delivery
25,78,Delivery,5,5,5,5,547,550,14:47,14:50,3,0,0.0,2,8.534,92.41,100.944,0,B1459,delivery_service,Delivery,Delivery
25,79,Stay,5,5,5,5,550,552,14:50,14:52,2,0,0.0,2,8.534,100.944,109.478,0,B1554,parking_charging,Position,Pickup
25,80,Pickup,5,5,5,5,552,555,14:52,14:55,3,0,0.0,2,8.534,109.478,118.012,1,B1554,pickup_service,Pickup,Pickup
25,81,Movement,5,9,5,9,555,572,14:55,15:12,17,17,62.04,0,0.0,118.012,55.972,1,B1554,passenger_flight,Position,Delivery
25,82,Delivery,9,9,9,9,572,575,15:12,15:15,3,0,0.0,2,8.534,55.972,64.506,0,B1554,delivery_service,Delivery,Delivery
25,83,Pickup,9,9,9,9,575,578,15:15,15:18,3,0,0.0,2,8.534,64.506,73.04,1,B1638,pickup_service,Pickup,Pickup
25,84,Movement,9,4,9,4,578,593,15:18,15:33,15,15,55.47,0,0.0,73.04,17.57,1,B1638,passenger_flight,Position,Delivery
25,85,Delivery,4,4,4,4,593,596,15:33,15:36,3,0,0.0,2,8.534,17.57,26.104,0,B1638,delivery_service,Delivery,Delivery
25,86,Stay,4,4,4,4,596,600,15:36,15:40,4,0,0.0,4,17.068,26.104,43.172,0,B1754,parking_charging,Position,Pickup
25,87,Pickup,4,4,4,4,600,603,15:40,15:43,3,0,0.0,2,8.534,43.172,51.706,1,B1754,pickup_service,Pickup,Pickup
25,88,Stay,4,4,4,4,603,605,15:43,15:45,2,0,0.0,2,8.534,51.706,60.24,1,B1778,parking_charging,Position,Pickup
25,89,Pickup,4,4,4,4,605,608,15:45,15:48,3,0,0.0,2,8.534,60.24,68.774,2,B1778,pickup_service,Pickup,Pickup
25,90,Movement,4,2,4,2,608,614,15:48,15:54,6,6,16.13,0,0.0,68.774,52.644,2,B1754,passenger_flight,Position,Delivery
25,91,Delivery,2,2,2,2,614,617,15:54,15:57,3,0,0.0,2,8.534,52.644,61.178,1,B1754,delivery_service,Delivery,Delivery
25,92,Delivery,2,2,2,2,617,620,15:57,16:00,3,0,0.0,2,8.534,61.178,69.712,0,B1778,delivery_service,Delivery,Delivery
25,93,Stay,2,2,2,2,620,622,16:00,16:02,2,0,0.0,2,8.534,69.712,78.246,0,B1853,parking_charging,Position,Pickup
25,94,Pickup,2,2,2,2,622,625,16:02,16:05,3,0,0.0,2,8.534,78.246,86.78,1,B1853,pickup_service,Pickup,Pickup
25,95,Pickup,2,2,2,2,625,628,16:05,16:08,3,0,0.0,2,8.534,86.78,95.314,3,B1845,pickup_service,Pickup,Pickup
25,96,Movement,2,5,2,5,628,636,16:08,16:16,8,8,27.57,0,0.0,95.314,67.744,3,B1853,passenger_flight,Position,Delivery
25,97,Delivery,5,5,5,5,636,639,16:16,16:19,3,0,0.0,2,8.534,67.744,76.278,2,B1853,delivery_service,Delivery,Delivery
25,98,Delivery,5,5,5,5,639,642,16:19,16:22,3,0,0.0,2,8.534,76.278,84.812,0,B1845,delivery_service,Delivery,Delivery
25,99,Stay,5,5,5,5,642,643,16:22,16:23,1,0,0.0,1,4.267,84.812,89.079,0,B2001,parking_charging,Position,Pickup
25,100,Pickup,5,5,5,5,643,646,16:23,16:26,3,0,0.0,2,8.534,89.079,97.613,1,B2001,pickup_service,Pickup,Pickup
25,101,Movement,5,4,5,4,646,652,16:26,16:32,6,6,11.45,0,0.0,97.613,86.163,1,B2025,passenger_flight,Position,Pickup
25,102,Pickup,4,4,4,4,652,655,16:32,16:35,3,0,0.0,2,8.534,86.163,94.697,2,B2025,pickup_service,Pickup,Pickup
25,103,Movement,4,9,4,9,655,670,16:35,16:50,15,15,55.47,0,0.0,94.697,39.227,2,B2001,passenger_flight,Position,Delivery
25,104,Delivery,9,9,9,9,670,673,16:50,16:53,3,0,0.0,2,8.534,39.227,47.761,1,B2001,delivery_service,Delivery,Delivery
25,105,Delivery,9,9,9,9,673,676,16:53,16:56,3,0,0.0,2,8.534,47.761,56.295,0,B2025,delivery_service,Delivery,Delivery
25,106,Pickup,9,9,9,9,676,679,16:56,16:59,3,0,0.0,2,8.534,56.295,64.829,1,B2176,pickup_service,Pickup,Pickup
25,107,Stay,9,9,9,9,679,688,16:59,17:08,9,0,0.0,9,38.403,64.829,103.232,1,B2176,parking_charging,Position,Movement
25,108,Movement,9,4,9,4,688,703,17:08,17:23,15,15,55.47,0,0.0,103.232,47.762,1,B2176,passenger_flight,Position,Delivery
25,109,Delivery,4,4,4,4,703,706,17:23,17:26,3,0,0.0,2,8.534,47.762,56.296,0,B2176,delivery_service,Delivery,Delivery
25,110,Pickup,4,4,4,4,706,709,17:26,17:29,3,0,0.0,2,8.534,56.296,64.83,2,B2476,pickup_service,Pickup,Pickup
25,111,Movement,4,7,4,7,709,716,17:29,17:36,7,7,21.43,0,0.0,64.83,43.4,2,B2476,passenger_flight,Position,Delivery
25,112,Delivery,7,7,7,7,716,719,17:36,17:39,3,0,0.0,2,8.534,43.4,51.934,0,B2476,delivery_service,Delivery,Delivery
25,113,Stay,7,7,7,7,719,720,17:39,17:40,1,0,0.0,1,4.267,51.934,56.201,0,B2636,parking_charging,Position,Pickup
25,114,Pickup,7,7,7,7,720,723,17:40,17:43,3,0,0.0,2,8.534,56.201,64.735,3,B2636,pickup_service,Pickup,Pickup
25,115,Movement,7,4,7,4,723,730,17:43,17:50,7,7,21.43,0,0.0,64.735,43.305,3,B2636,passenger_flight,Position,Delivery
25,116,Delivery,4,4,4,4,730,733,17:50,17:53,3,0,0.0,2,8.534,43.305,51.839,0,B2636,delivery_service,Delivery,Delivery
25,117,Movement,4,1,4,1,733,737,17:53,17:57,4,4,4.98,0,0.0,51.839,46.859,0,B2821,empty_repositioning,Position,Pickup
25,118,Pickup,1,1,1,1,737,740,17:57,18:00,3,0,0.0,2,8.534,46.859,55.393,1,B2821,pickup_service,Pickup,Pickup
25,119,Movement,1,2,1,2,740,747,18:00,18:07,7,7,13.61,0,0.0,55.393,41.783,1,B2821,passenger_flight,Position,Delivery
25,120,Delivery,2,2,2,2,747,750,18:07,18:10,3,0,0.0,2,8.534,41.783,50.317,0,B2821,delivery_service,Delivery,Delivery
25,121,Stay,2,2,2,2,750,759,18:10,18:19,9,0,0.0,9,38.403,50.317,88.72,0,B3038,parking_charging,Position,Pickup
25,122,Pickup,2,2,2,2,759,762,18:19,18:22,3,0,0.0,2,8.534,88.72,97.254,2,B3038,pickup_service,Pickup,Pickup
25,123,Stay,2,2,2,2,762,765,18:22,18:25,3,0,0.0,3,12.801,97.254,110.055,2,B3038,parking_charging,Position,Movement
25,124,Movement,2,4,2,4,765,771,18:25,18:31,6,6,16.13,0,0.0,110.055,93.925,2,B3038,passenger_flight,Position,Delivery
25,125,Delivery,4,4,4,4,771,774,18:31,18:34,3,0,0.0,2,8.534,93.925,102.459,0,B3038,delivery_service,Delivery,Delivery
25,126,Stay,4,4,4,4,774,780,18:34,18:40,6,0,0.0,6,25.602,102.459,128.061,0,B3164,parking_charging,Position,Pickup
25,127,Pickup,4,4,4,4,780,783,18:40,18:43,3,0,0.0,2,8.534,128.061,136.595,2,B3164,pickup_service,Pickup,Pickup
25,128,Stay,4,4,4,4,783,784,18:43,18:44,1,0,0.0,1,4.267,136.595,140.862,2,B3197,parking_charging,Position,Pickup
25,129,Pickup,4,4,4,4,784,787,18:44,18:47,3,0,0.0,2,8.534,140.862,149.396,4,B3197,pickup_service,Pickup,Pickup
25,130,Movement,4,3,4,3,787,794,18:47,18:54,7,7,12.6,0,0.0,149.396,136.796,4,B3164,passenger_flight,Position,Delivery
25,131,Delivery,3,3,3,3,794,797,18:54,18:57,3,0,0.0,2,8.534,136.796,145.33,2,B3164,delivery_service,Delivery,Delivery
25,132,Movement,3,2,3,2,797,800,18:57,19:00,3,3,4.08,0,0.0,145.33,141.25,2,B3197,passenger_flight,Position,Delivery
25,133,Delivery,2,2,2,2,800,803,19:00,19:03,3,0,0.0,2,8.534,141.25,149.784,0,B3197,delivery_service,Delivery,Delivery
25,134,Pickup,2,2,2,2,803,806,19:03,19:06,3,0,0.0,2,8.534,149.784,158.318,1,B3285,pickup_service,Pickup,Pickup
25,135,Movement,2,5,2,5,806,814,19:06,19:14,8,8,27.57,0,0.0,158.318,130.748,1,B3285,passenger_flight,Position,Delivery
25,136,Delivery,5,5,5,5,814,817,19:14,19:17,3,0,0.0,2,8.534,130.748,139.282,0,B3285,delivery_service,Delivery,Delivery
25,137,Movement,5,6,5,6,817,824,19:17,19:24,7,7,12.76,0,0.0,139.282,126.522,0,,return_to_depot,Position,Depot
26,0,Stay,7,7,7,7,0,124,05:40,07:44,124,0,0.0,124,0.0,160.0,160.0,0,B104,parking_charging,Position,Pickup
26,1,Pickup,7,7,7,7,124,127,07:44,07:47,3,0,0.0,2,0.0,160.0,160.0,1,B104,pickup_service,Pickup,Pickup
26,2,Movement,7,4,7,4,127,134,07:47,07:54,7,7,21.43,0,0.0,160.0,138.57,1,B104,passenger_flight,Position,Delivery
26,3,Delivery,4,4,4,4,134,137,07:54,07:57,3,0,0.0,2,8.534,138.57,147.104,0,B104,delivery_service,Delivery,Delivery
26,4,Stay,4,4,4,4,137,152,07:57,08:12,15,0,0.0,15,12.896,147.104,160.0,0,B207,parking_charging,Position,Movement
26,5,Movement,4,6,4,6,152,159,08:12,08:19,7,7,22.06,0,0.0,160.0,137.94,0,B207,empty_repositioning,Position,Pickup
26,6,Pickup,6,6,6,6,159,162,08:19,08:22,3,0,0.0,2,8.534,137.94,146.474,1,B207,pickup_service,Pickup,Pickup
26,7,Stay,6,6,6,6,162,168,08:22,08:28,6,0,0.0,6,13.526,146.474,160.0,1,B207,parking_charging,Position,Movement
26,8,Movement,6,1,6,1,168,175,08:28,08:35,7,7,23.39,0,0.0,160.0,136.61,1,B207,passenger_flight,Position,Delivery
26,9,Delivery,1,1,1,1,175,178,08:35,08:38,3,0,0.0,2,8.534,136.61,145.144,0,B207,delivery_service,Delivery,Delivery
26,10,Stay,1,1,1,1,178,183,08:38,08:43,5,0,0.0,5,14.856,145.144,160.0,0,B316,parking_charging,Position,Movement
26,11,Movement,1,6,1,6,183,190,08:43,08:50,7,7,23.39,0,0.0,160.0,136.61,0,B316,empty_repositioning,Position,Pickup
26,12,Pickup,6,6,6,6,190,193,08:50,08:53,3,0,0.0,2,8.534,136.61,145.144,1,B316,pickup_service,Pickup,Pickup
26,13,Stay,6,6,6,6,193,194,08:53,08:54,1,0,0.0,1,4.267,145.144,149.411,1,B334,parking_charging,Position,Pickup
26,14,Pickup,6,6,6,6,194,197,08:54,08:57,3,0,0.0,2,8.534,149.411,157.945,2,B334,pickup_service,Pickup,Pickup
26,15,Movement,6,1,6,1,197,204,08:57,09:04,7,7,23.39,0,0.0,157.945,134.555,2,B316,passenger_flight,Position,Delivery
26,16,Delivery,1,1,1,1,204,207,09:04,09:07,3,0,0.0,2,8.534,134.555,143.089,1,B316,delivery_service,Delivery,Delivery
26,17,Movement,1,3,1,3,207,213,09:07,09:13,6,6,9.61,0,0.0,143.089,133.479,1,B334,passenger_flight,Position,Delivery
26,18,Delivery,3,3,3,3,213,216,09:13,09:16,3,0,0.0,2,8.534,133.479,142.013,0,B334,delivery_service,Delivery,Delivery
26,19,Stay,3,3,3,3,216,218,09:16,09:18,2,0,0.0,2,8.534,142.013,150.547,0,B398,parking_charging,Position,Pickup
26,20,Pickup,3,3,3,3,218,221,09:18,09:21,3,0,0.0,2,8.534,150.547,159.081,1,B398,pickup_service,Pickup,Pickup
26,21,Stay,3,3,3,3,221,227,09:21,09:27,6,0,0.0,6,0.919,159.081,160.0,1,B398,parking_charging,Position,Movement
26,22,Movement,3,4,3,4,227,234,09:27,09:34,7,7,12.6,0,0.0,160.0,147.4,1,B398,passenger_flight,Position,Delivery
26,23,Delivery,4,4,4,4,234,237,09:34,09:37,3,0,0.0,2,8.534,147.4,155.934,0,B398,delivery_service,Delivery,Delivery
26,24,Stay,4,4,4,4,237,277,09:37,10:17,40,0,0.0,40,4.066,155.934,160.0,0,B601,parking_charging,Position,Pickup
26,25,Pickup,4,4,4,4,277,280,10:17,10:20,3,0,0.0,2,0.0,160.0,160.0,1,B601,pickup_service,Pickup,Pickup
26,26,Stay,4,4,4,4,280,283,10:20,10:23,3,0,0.0,3,0.0,160.0,160.0,1,B601,parking_charging,Position,Movement
26,27,Movement,4,3,4,3,283,290,10:23,10:30,7,7,12.6,0,0.0,160.0,147.4,1,B601,passenger_flight,Position,Delivery
26,28,Delivery,3,3,3,3,290,293,10:30,10:33,3,0,0.0,2,8.534,147.4,155.934,0,B601,delivery_service,Delivery,Delivery
26,29,Stay,3,3,3,3,293,294,10:33,10:34,1,0,0.0,1,4.066,155.934,160.0,0,B688,parking_charging,Position,Pickup
26,30,Pickup,3,3,3,3,294,297,10:34,10:37,3,0,0.0,2,0.0,160.0,160.0,1,B688,pickup_service,Pickup,Pickup
26,31,Pickup,3,3,3,3,297,300,10:37,10:40,3,0,0.0,2,0.0,160.0,160.0,2,B673,pickup_service,Pickup,Pickup
26,32,Movement,3,1,3,1,300,306,10:40,10:46,6,6,9.61,0,0.0,160.0,150.39,2,B673,passenger_flight,Position,Delivery
26,33,Delivery,1,1,1,1,306,309,10:46,10:49,3,0,0.0,2,8.534,150.39,158.924,1,B673,delivery_service,Delivery,Delivery
26,34,Delivery,1,1,1,1,309,312,10:49,10:52,3,0,0.0,2,1.076,158.924,160.0,0,B688,delivery_service,Delivery,Delivery
26,35,Movement,1,4,1,4,312,316,10:52,10:56,4,4,4.98,0,0.0,160.0,155.02,0,B783,empty_repositioning,Position,Pickup
26,36,Pickup,4,4,4,4,316,319,10:56,10:59,3,0,0.0,2,4.98,155.02,160.0,1,B783,pickup_service,Pickup,Pickup
26,37,Movement,4,10,4,10,319,331,10:59,11:11,12,12,42.86,0,0.0,160.0,117.14,1,B783,passenger_flight,Position,Delivery
26,38,Delivery,10,10,10,10,331,334,11:11,11:14,3,0,0.0,2,8.534,117.14,125.674,0,B783,delivery_service,Delivery,Delivery
26,39,Pickup,10,10,10,10,334,337,11:14,11:17,3,0,0.0,2,8.534,125.674,134.208,1,B873,pickup_service,Pickup,Pickup
26,40,Movement,10,4,10,4,337,349,11:17,11:29,12,12,42.86,0,0.0,134.208,91.348,1,B873,passenger_flight,Position,Delivery
26,41,Delivery,4,4,4,4,349,352,11:29,11:32,3,0,0.0,2,8.534,91.348,99.882,0,B873,delivery_service,Delivery,Delivery
26,42,Pickup,4,4,4,4,352,355,11:32,11:35,3,0,0.0,2,8.534,99.882,108.416,1,B956,pickup_service,Pickup,Pickup
26,43,Movement,4,7,4,7,355,362,11:35,11:42,7,7,21.43,0,0.0,108.416,86.986,1,B956,passenger_flight,Position,Delivery
26,44,Delivery,7,7,7,7,362,365,11:42,11:45,3,0,0.0,2,8.534,86.986,95.52,0,B956,delivery_service,Delivery,Delivery
26,45,Pickup,7,7,7,7,365,368,11:45,11:48,3,0,0.0,2,8.534,95.52,104.054,1,B1015,pickup_service,Pickup,Pickup
26,46,Movement,7,4,7,4,368,375,11:48,11:55,7,7,21.43,0,0.0,104.054,82.624,1,B1015,passenger_flight,Position,Delivery
26,47,Delivery,4,4,4,4,375,378,11:55,11:58,3,0,0.0,2,8.534,82.624,91.158,0,B1015,delivery_service,Delivery,Delivery
26,48,Pickup,4,4,4,4,378,381,11:58,12:01,3,0,0.0,2,8.534,91.158,99.692,1,B1064,pickup_service,Pickup,Pickup
26,49,Stay,4,4,4,4,381,388,12:01,12:08,7,0,0.0,7,29.869,99.692,129.561,1,B1064,parking_charging,Position,Movement
26,50,Movement,4,9,4,9,388,403,12:08,12:23,15,15,55.47,0,0.0,129.561,74.091,1,B1064,passenger_flight,Position,Delivery
26,51,Delivery,9,9,9,9,403,406,12:23,12:26,3,0,0.0,2,8.534,74.091,82.625,0,B1064,delivery_service,Delivery,Delivery
26,52,Pickup,9,9,9,9,406,409,12:26,12:29,3,0,0.0,2,8.534,82.625,91.159,1,B1119,pickup_service,Pickup,Pickup
26,53,Movement,9,3,9,3,409,424,12:29,12:44,15,15,52.78,0,0.0,91.159,38.379,1,B1119,passenger_flight,Position,Delivery
26,54,Delivery,3,3,3,3,424,427,12:44,12:47,3,0,0.0,2,8.534,38.379,46.913,0,B1119,delivery_service,Delivery,Delivery
26,55,Pickup,3,3,3,3,427,430,12:47,12:50,3,0,0.0,2,8.534,46.913,55.447,1,B1185,pickup_service,Pickup,Pickup
26,56,Pickup,3,3,3,3,430,433,12:50,12:53,3,0,0.0,2,8.534,55.447,63.981,2,B1175,pickup_service,Pickup,Pickup
26,57,Stay,3,3,3,3,433,442,12:53,13:02,9,0,0.0,9,38.403,63.981,102.384,2,B1175,parking_charging,Position,Movement
26,58,Movement,3,9,3,9,442,457,13:02,13:17,15,15,52.78,0,0.0,102.384,49.604,2,B1175,passenger_flight,Position,Delivery
26,59,Delivery,9,9,9,9,457,460,13:17,13:20,3,0,0.0,2,8.534,49.604,58.138,1,B1175,delivery_service,Delivery,Delivery
26,60,Delivery,9,9,9,9,460,463,13:20,13:23,3,0,0.0,2,8.534,58.138,66.672,0,B1185,delivery_service,Delivery,Delivery
26,61,Stay,9,9,9,9,463,465,13:23,13:25,2,0,0.0,2,8.534,66.672,75.206,0,B1258,parking_charging,Position,Pickup
26,62,Pickup,9,9,9,9,465,468,13:25,13:28,3,0,0.0,2,8.534,75.206,83.74,1,B1258,pickup_service,Pickup,Pickup
26,63,Pickup,9,9,9,9,468,471,13:28,13:31,3,0,0.0,2,8.534,83.74,92.274,2,B1265,pickup_service,Pickup,Pickup
26,64,Movement,9,4,9,4,471,486,13:31,13:46,15,15,55.47,0,0.0,92.274,36.804,2,B1265,passenger_flight,Position,Delivery
26,65,Delivery,4,4,4,4,486,489,13:46,13:49,3,0,0.0,2,8.534,36.804,45.338,1,B1265,delivery_service,Delivery,Delivery
26,66,Movement,4,1,4,1,489,493,13:49,13:53,4,4,4.98,0,0.0,45.338,40.358,1,B1258,passenger_flight,Position,Delivery
26,67,Delivery,1,1,1,1,493,496,13:53,13:56,3,0,0.0,2,8.534,40.358,48.892,0,B1258,delivery_service,Delivery,Delivery
26,68,Stay,1,1,1,1,496,499,13:56,13:59,3,0,0.0,3,12.801,48.892,61.693,0,B1337,parking_charging,Position,Pickup
26,69,Pickup,1,1,1,1,499,502,13:59,14:02,3,0,0.0,2,8.534,61.693,70.227,1,B1337,pickup_service,Pickup,Pickup
26,70,Stay,1,1,1,1,502,508,14:02,14:08,6,0,0.0,6,25.602,70.227,95.829,1,B1337,parking_charging,Position,Movement
26,71,Movement,1,10,1,10,508,521,14:08,14:21,13,13,47.44,0,0.0,95.829,48.389,1,B1337,passenger_flight,Position,Delivery
26,72,Delivery,10,10,10,10,521,524,14:21,14:24,3,0,0.0,2,8.534,48.389,56.923,0,B1337,delivery_service,Delivery,Delivery
26,73,Stay,10,10,10,10,524,529,14:24,14:29,5,0,0.0,5,21.335,56.923,78.258,0,B1466,parking_charging,Position,Pickup
26,74,Pickup,10,10,10,10,529,532,14:29,14:32,3,0,0.0,2,8.534,78.258,86.792,1,B1466,pickup_service,Pickup,Pickup
26,75,Stay,10,10,10,10,532,533,14:32,14:33,1,0,0.0,1,4.267,86.792,91.059,1,B1484,parking_charging,Position,Pickup
26,76,Pickup,10,10,10,10,533,536,14:33,14:36,3,0,0.0,2,8.534,91.059,99.593,2,B1484,pickup_service,Pickup,Pickup
26,77,Movement,10,5,10,5,536,546,14:36,14:46,10,10,33.52,0,0.0,99.593,66.073,2,B1466,passenger_flight,Position,Delivery
26,78,Delivery,5,5,5,5,546,549,14:46,14:49,3,0,0.0,2,8.534,66.073,74.607,1,B1466,delivery_service,Delivery,Delivery
26,79,Movement,5,4,5,4,549,555,14:49,14:55,6,6,11.45,0,0.0,74.607,63.157,1,B1484,passenger_flight,Position,Delivery
26,80,Delivery,4,4,4,4,555,558,14:55,14:58,3,0,0.0,2,8.534,63.157,71.691,0,B1484,delivery_service,Delivery,Delivery
26,81,Stay,4,4,4,4,558,559,14:58,14:59,1,0,0.0,1,4.267,71.691,75.958,0,B1584,parking_charging,Position,Pickup
26,82,Pickup,4,4,4,4,559,562,14:59,15:02,3,0,0.0,2,8.534,75.958,84.492,1,B1584,pickup_service,Pickup,Pickup
26,83,Stay,4,4,4,4,562,568,15:02,15:08,6,0,0.0,6,25.602,84.492,110.094,1,B1584,parking_charging,Position,Movement
26,84,Movement,4,2,4,2,568,574,15:08,15:14,6,6,16.13,0,0.0,110.094,93.964,1,B1584,passenger_flight,Position,Delivery
26,85,Delivery,2,2,2,2,574,577,15:14,15:17,3,0,0.0,2,8.534,93.964,102.498,0,B1584,delivery_service,Delivery,Delivery
26,86,Pickup,2,2,2,2,577,580,15:17,15:20,3,0,0.0,2,8.534,102.498,111.032,1,B1657,pickup_service,Pickup,Pickup
26,87,Stay,2,2,2,2,580,583,15:20,15:23,3,0,0.0,3,12.801,111.032,123.833,1,B1657,parking_charging,Position,Movement
26,88,Movement,2,4,2,4,583,589,15:23,15:29,6,6,16.13,0,0.0,123.833,107.703,1,B1657,passenger_flight,Position,Delivery
26,89,Delivery,4,4,4,4,589,592,15:29,15:32,3,0,0.0,2,8.534,107.703,116.237,0,B1657,delivery_service,Delivery,Delivery
26,90,Pickup,4,4,4,4,592,595,15:32,15:35,3,0,0.0,2,8.534,116.237,124.771,1,B1695,pickup_service,Pickup,Pickup
26,91,Movement,4,7,4,7,595,602,15:35,15:42,7,7,21.43,0,0.0,124.771,103.341,1,B1695,passenger_flight,Position,Delivery
26,92,Delivery,7,7,7,7,602,605,15:42,15:45,3,0,0.0,2,8.534,103.341,111.875,0,B1695,delivery_service,Delivery,Delivery
26,93,Pickup,7,7,7,7,605,608,15:45,15:48,3,0,0.0,2,8.534,111.875,120.409,1,B1773,pickup_service,Pickup,Pickup
26,94,Pickup,7,7,7,7,608,611,15:48,15:51,3,0,0.0,2,8.534,120.409,128.943,2,B1793,pickup_service,Pickup,Pickup
26,95,Movement,7,4,7,4,611,618,15:51,15:58,7,7,21.43,0,0.0,128.943,107.513,2,B1773,passenger_flight,Position,Delivery
26,96,Delivery,4,4,4,4,618,621,15:58,16:01,3,0,0.0,2,8.534,107.513,116.047,1,B1773,delivery_service,Delivery,Delivery
26,97,Movement,4,1,4,1,621,625,16:01,16:05,4,4,4.98,0,0.0,116.047,111.067,1,B1793,passenger_flight,Position,Delivery
26,98,Delivery,1,1,1,1,625,628,16:05,16:08,3,0,0.0,2,8.534,111.067,119.601,0,B1793,delivery_service,Delivery,Delivery
26,99,Pickup,1,1,1,1,628,631,16:08,16:11,3,0,0.0,2,8.534,119.601,128.135,1,B1851,pickup_service,Pickup,Pickup
26,100,Movement,1,3,1,3,631,637,16:11,16:17,6,6,9.61,0,0.0,128.135,118.525,1,B1851,passenger_flight,Position,Delivery
26,101,Delivery,3,3,3,3,637,640,16:17,16:20,3,0,0.0,2,8.534,118.525,127.059,0,B1851,delivery_service,Delivery,Delivery
26,102,Pickup,3,3,3,3,640,643,16:20,16:23,3,0,0.0,2,8.534,127.059,135.593,2,B1976,pickup_service,Pickup,Pickup
26,103,Movement,3,1,3,1,643,649,16:23,16:29,6,6,9.61,0,0.0,135.593,125.983,2,B2023,passenger_flight,Position,Pickup
26,104,Pickup,1,1,1,1,649,652,16:29,16:32,3,0,0.0,2,8.534,125.983,134.517,3,B2023,pickup_service,Pickup,Pickup
26,105,Movement,1,4,1,4,652,656,16:32,16:36,4,4,4.98,0,0.0,134.517,129.537,3,B1976,passenger_flight,Position,Delivery
26,106,Delivery,4,4,4,4,656,659,16:36,16:39,3,0,0.0,2,8.534,129.537,138.071,1,B1976,delivery_service,Delivery,Delivery
26,107,Movement,4,5,4,5,659,665,16:39,16:45,6,6,11.45,0,0.0,138.071,126.621,1,B2023,passenger_flight,Position,Delivery
26,108,Delivery,5,5,5,5,665,668,16:45,16:48,3,0,0.0,2,8.534,126.621,135.155,0,B2023,delivery_service,Delivery,Delivery
26,109,Stay,5,5,5,5,668,680,16:48,17:00,12,0,0.0,12,24.845,135.155,160.0,0,B2272,parking_charging,Position,Movement
26,110,Movement,5,1,5,1,680,688,17:00,17:08,8,8,14.88,0,0.0,160.0,145.12,0,B2272,empty_repositioning,Position,Pickup
26,111,Pickup,1,1,1,1,688,691,17:08,17:11,3,0,0.0,2,8.534,145.12,153.654,1,B2272,pickup_service,Pickup,Pickup
26,112,Movement,1,5,1,5,691,699,17:11,17:19,8,8,14.88,0,0.0,153.654,138.774,1,B2272,passenger_flight,Position,Delivery
26,113,Delivery,5,5,5,5,699,702,17:19,17:22,3,0,0.0,2,8.534,138.774,147.308,0,B2272,delivery_service,Delivery,Delivery
26,114,Pickup,5,5,5,5,702,705,17:22,17:25,3,0,0.0,2,8.534,147.308,155.842,1,B2499,pickup_service,Pickup,Pickup
26,115,Movement,5,2,5,2,705,713,17:25,17:33,8,8,27.57,0,0.0,155.842,128.272,1,B2592,passenger_flight,Position,Pickup
26,116,Pickup,2,2,2,2,713,716,17:33,17:36,3,0,0.0,2,8.534,128.272,136.806,2,B2592,pickup_service,Pickup,Pickup
26,117,Delivery,2,2,2,2,716,719,17:36,17:39,3,0,0.0,2,8.534,136.806,145.34,1,B2499,delivery_service,Delivery,Delivery
26,118,Movement,2,4,2,4,719,725,17:39,17:45,6,6,16.13,0,0.0,145.34,129.21,1,B2592,passenger_flight,Position,Delivery
26,119,Delivery,4,4,4,4,725,728,17:45,17:48,3,0,0.0,2,8.534,129.21,137.744,0,B2592,delivery_service,Delivery,Delivery
26,120,Stay,4,4,4,4,728,731,17:48,17:51,3,0,0.0,3,12.801,137.744,150.545,0,B2829,parking_charging,Position,Pickup
26,121,Pickup,4,4,4,4,731,734,17:51,17:54,3,0,0.0,2,8.534,150.545,159.079,2,B2829,pickup_service,Pickup,Pickup
26,122,Pickup,4,4,4,4,734,737,17:54,17:57,3,0,0.0,2,0.921,159.079,160.0,4,B2797,pickup_service,Pickup,Pickup
26,123,Movement,4,7,4,7,737,744,17:57,18:04,7,7,21.43,0,0.0,160.0,138.57,4,B2797,passenger_flight,Position,Delivery
26,124,Delivery,7,7,7,7,744,747,18:04,18:07,3,0,0.0,2,8.534,138.57,147.104,2,B2797,delivery_service,Delivery,Delivery
26,125,Delivery,7,7,7,7,747,750,18:07,18:10,3,0,0.0,2,8.534,147.104,155.638,0,B2829,delivery_service,Delivery,Delivery
26,126,Pickup,7,7,7,7,750,753,18:10,18:13,3,0,0.0,2,4.362,155.638,160.0,1,B2983,pickup_service,Pickup,Pickup
26,127,Pickup,7,7,7,7,753,756,18:13,18:16,3,0,0.0,2,0.0,160.0,160.0,3,B2976,pickup_service,Pickup,Pickup
26,128,Movement,7,6,7,6,756,768,18:16,18:28,12,12,43.48,0,0.0,160.0,116.52,3,B2983,passenger_flight,Position,Delivery
26,129,Delivery,6,6,6,6,768,771,18:28,18:31,3,0,0.0,2,8.534,116.52,125.054,2,B2983,delivery_service,Delivery,Delivery
26,130,Delivery,6,6,6,6,771,774,18:31,18:34,3,0,0.0,2,8.534,125.054,133.588,0,B2976,delivery_service,Delivery,Delivery
26,131,Pickup,6,6,6,6,774,777,18:34,18:37,3,0,0.0,2,8.534,133.588,142.122,1,B3123,pickup_service,Pickup,Pickup
26,132,Stay,6,6,6,6,777,780,18:37,18:40,3,0,0.0,3,12.801,142.122,154.923,1,B3123,parking_charging,Position,Movement
26,133,Movement,6,1,6,1,780,787,18:40,18:47,7,7,23.39,0,0.0,154.923,131.533,1,B3123,passenger_flight,Position,Delivery
26,134,Delivery,1,1,1,1,787,790,18:47,18:50,3,0,0.0,2,8.534,131.533,140.067,0,B3123,delivery_service,Delivery,Delivery
26,135,Pickup,1,1,1,1,790,793,18:50,18:53,3,0,0.0,2,8.534,140.067,148.601,2,B3182,pickup_service,Pickup,Pickup
26,136,Movement,1,3,1,3,793,799,18:53,18:59,6,6,9.61,0,0.0,148.601,138.991,2,B3182,passenger_flight,Position,Delivery
26,137,Delivery,3,3,3,3,799,802,18:59,19:02,3,0,0.0,2,8.534,138.991,147.525,0,B3182,delivery_service,Delivery,Delivery
26,138,Movement,3,7,3,7,802,809,19:02,19:09,7,7,13.33,0,0.0,147.525,134.195,0,,return_to_depot,Position,Depot
27,0,Stay,8,8,8,8,0,90,05:40,07:10,90,0,0.0,90,0.0,160.0,160.0,0,B60,parking_charging,Position,Pickup
27,1,Pickup,8,8,8,8,90,93,07:10,07:13,3,0,0.0,2,0.0,160.0,160.0,1,B60,pickup_service,Pickup,Pickup
27,2,Movement,8,2,8,2,93,103,07:13,07:23,10,10,32.38,0,0.0,160.0,127.62,1,B60,passenger_flight,Position,Delivery
27,3,Delivery,2,2,2,2,103,106,07:23,07:26,3,0,0.0,2,8.534,127.62,136.154,0,B60,delivery_service,Delivery,Delivery
27,4,Stay,2,2,2,2,106,141,07:26,08:01,35,0,0.0,35,23.846,136.154,160.0,0,B126,parking_charging,Position,Pickup
27,5,Pickup,2,2,2,2,141,144,08:01,08:04,3,0,0.0,2,0.0,160.0,160.0,1,B126,pickup_service,Pickup,Pickup
27,6,Pickup,2,2,2,2,144,147,08:04,08:07,3,0,0.0,2,0.0,160.0,160.0,2,B121,pickup_service,Pickup,Pickup
27,7,Movement,2,4,2,4,147,153,08:07,08:13,6,6,16.13,0,0.0,160.0,143.87,2,B126,passenger_flight,Position,Delivery
27,8,Delivery,4,4,4,4,153,156,08:13,08:16,3,0,0.0,2,8.534,143.87,152.404,1,B126,delivery_service,Delivery,Delivery
27,9,Delivery,4,4,4,4,156,159,08:16,08:19,3,0,0.0,2,7.596,152.404,160.0,0,B121,delivery_service,Delivery,Delivery
27,10,Stay,4,4,4,4,159,160,08:19,08:20,1,0,0.0,1,0.0,160.0,160.0,0,B244,parking_charging,Position,Movement
27,11,Movement,4,6,4,6,160,167,08:20,08:27,7,7,22.06,0,0.0,160.0,137.94,0,B244,empty_repositioning,Position,Pickup
27,12,Pickup,6,6,6,6,167,170,08:27,08:30,3,0,0.0,2,8.534,137.94,146.474,1,B244,pickup_service,Pickup,Pickup
27,13,Pickup,6,6,6,6,170,173,08:30,08:33,3,0,0.0,2,8.534,146.474,155.008,2,B231,pickup_service,Pickup,Pickup
27,14,Movement,6,4,6,4,173,180,08:33,08:40,7,7,22.06,0,0.0,155.008,132.948,2,B231,passenger_flight,Position,Delivery
27,15,Delivery,4,4,4,4,180,183,08:40,08:43,3,0,0.0,2,8.534,132.948,141.482,1,B231,delivery_service,Delivery,Delivery
27,16,Movement,4,9,4,9,183,198,08:43,08:58,15,15,55.47,0,0.0,141.482,86.012,1,B244,passenger_flight,Position,Delivery
27,17,Delivery,9,9,9,9,198,201,08:58,09:01,3,0,0.0,2,8.534,86.012,94.546,0,B244,delivery_service,Delivery,Delivery
27,18,Stay,9,9,9,9,201,202,09:01,09:02,1,0,0.0,1,4.267,94.546,98.813,0,B373,parking_charging,Position,Movement
27,19,Movement,9,8,9,8,202,208,09:02,09:08,6,6,18.04,0,0.0,98.813,80.773,0,B373,empty_repositioning,Position,Pickup
27,20,Pickup,8,8,8,8,208,211,09:08,09:11,3,0,0.0,2,8.534,80.773,89.307,1,B373,pickup_service,Pickup,Pickup
27,21,Pickup,8,8,8,8,211,214,09:11,09:14,3,0,0.0,2,8.534,89.307,97.841,2,B362,pickup_service,Pickup,Pickup
27,22,Movement,8,2,8,2,214,224,09:14,09:24,10,10,32.38,0,0.0,97.841,65.461,2,B362,passenger_flight,Position,Delivery
27,23,Delivery,2,2,2,2,224,227,09:24,09:27,3,0,0.0,2,8.534,65.461,73.995,1,B362,delivery_service,Delivery,Delivery
27,24,Delivery,2,2,2,2,227,230,09:27,09:30,3,0,0.0,2,8.534,73.995,82.529,0,B373,delivery_service,Delivery,Delivery
27,25,Stay,2,2,2,2,230,239,09:30,09:39,9,0,0.0,9,38.403,82.529,120.932,0,B444,parking_charging,Position,Pickup
27,26,Pickup,2,2,2,2,239,242,09:39,09:42,3,0,0.0,2,8.534,120.932,129.466,1,B444,pickup_service,Pickup,Pickup
27,27,Stay,2,2,2,2,242,249,09:42,09:49,7,0,0.0,7,29.869,129.466,159.335,1,B444,parking_charging,Position,Movement
27,28,Movement,2,4,2,4,249,255,09:49,09:55,6,6,16.13,0,0.0,159.335,143.205,1,B444,passenger_flight,Position,Delivery
27,29,Delivery,4,4,4,4,255,258,09:55,09:58,3,0,0.0,2,8.534,143.205,151.739,0,B444,delivery_service,Delivery,Delivery
27,30,Stay,4,4,4,4,258,278,09:58,10:18,20,0,0.0,20,8.261,151.739,160.0,0,B604,parking_charging,Position,Pickup
27,31,Pickup,4,4,4,4,278,281,10:18,10:21,3,0,0.0,2,0.0,160.0,160.0,1,B604,pickup_service,Pickup,Pickup
27,32,Stay,4,4,4,4,281,284,10:21,10:24,3,0,0.0,3,0.0,160.0,160.0,1,B604,parking_charging,Position,Movement
27,33,Movement,4,3,4,3,284,291,10:24,10:31,7,7,12.6,0,0.0,160.0,147.4,1,B604,passenger_flight,Position,Delivery
27,34,Delivery,3,3,3,3,291,294,10:31,10:34,3,0,0.0,2,8.534,147.4,155.934,0,B604,delivery_service,Delivery,Delivery
27,35,Pickup,3,3,3,3,294,297,10:34,10:37,3,0,0.0,2,4.066,155.934,160.0,1,B661,pickup_service,Pickup,Pickup
27,36,Movement,3,5,3,5,297,305,10:37,10:45,8,8,23.93,0,0.0,160.0,136.07,1,B661,passenger_flight,Position,Delivery
27,37,Delivery,5,5,5,5,305,308,10:45,10:48,3,0,0.0,2,8.534,136.07,144.604,0,B661,delivery_service,Delivery,Delivery
27,38,Pickup,5,5,5,5,308,311,10:48,10:51,3,0,0.0,2,8.534,144.604,153.138,1,B721,pickup_service,Pickup,Pickup
27,39,Movement,5,1,5,1,311,319,10:51,10:59,8,8,14.88,0,0.0,153.138,138.258,1,B721,passenger_flight,Position,Delivery
27,40,Delivery,1,1,1,1,319,322,10:59,11:02,3,0,0.0,2,8.534,138.258,146.792,0,B721,delivery_service,Delivery,Delivery
27,41,Stay,1,1,1,1,322,327,11:02,11:07,5,0,0.0,5,13.208,146.792,160.0,0,B868,parking_charging,Position,Pickup
27,42,Pickup,1,1,1,1,327,330,11:07,11:10,3,0,0.0,2,0.0,160.0,160.0,1,B868,pickup_service,Pickup,Pickup
27,43,Pickup,1,1,1,1,330,333,11:10,11:13,3,0,0.0,2,0.0,160.0,160.0,2,B843,pickup_service,Pickup,Pickup
27,44,Movement,1,9,1,9,333,349,11:13,11:29,16,16,57.72,0,0.0,160.0,102.28,2,B843,passenger_flight,Position,Delivery
27,45,Delivery,9,9,9,9,349,352,11:29,11:32,3,0,0.0,2,8.534,102.28,110.814,1,B843,delivery_service,Delivery,Delivery
27,46,Delivery,9,9,9,9,352,355,11:32,11:35,3,0,0.0,2,8.534,110.814,119.348,0,B868,delivery_service,Delivery,Delivery
27,47,Pickup,9,9,9,9,355,358,11:35,11:38,3,0,0.0,2,8.534,119.348,127.882,1,B967,pickup_service,Pickup,Pickup
27,48,Pickup,9,9,9,9,358,361,11:38,11:41,3,0,0.0,2,8.534,127.882,136.416,3,B974,pickup_service,Pickup,Pickup
27,49,Movement,9,4,9,4,361,376,11:41,11:56,15,15,55.47,0,0.0,136.416,80.946,3,B967,passenger_flight,Position,Delivery
27,50,Delivery,4,4,4,4,376,379,11:56,11:59,3,0,0.0,2,8.534,80.946,89.48,2,B967,delivery_service,Delivery,Delivery
27,51,Delivery,4,4,4,4,379,382,11:59,12:02,3,0,0.0,2,8.534,89.48,98.014,0,B974,delivery_service,Delivery,Delivery
27,52,Pickup,4,4,4,4,382,385,12:02,12:05,3,0,0.0,2,8.534,98.014,106.548,1,B1066,pickup_service,Pickup,Pickup
27,53,Pickup,4,4,4,4,385,388,12:05,12:08,3,0,0.0,2,8.534,106.548,115.082,2,B1079,pickup_service,Pickup,Pickup
27,54,Movement,4,7,4,7,388,395,12:08,12:15,7,7,21.43,0,0.0,115.082,93.652,2,B1066,passenger_flight,Position,Delivery
27,55,Delivery,7,7,7,7,395,398,12:15,12:18,3,0,0.0,2,8.534,93.652,102.186,1,B1066,delivery_service,Delivery,Delivery
27,56,Movement,7,9,7,9,398,410,12:18,12:30,12,12,40.12,0,0.0,102.186,62.066,1,B1079,passenger_flight,Position,Delivery
27,57,Delivery,9,9,9,9,410,413,12:30,12:33,3,0,0.0,2,8.534,62.066,70.6,0,B1079,delivery_service,Delivery,Delivery
27,58,Movement,9,8,9,8,413,419,12:33,12:39,6,6,18.04,0,0.0,70.6,52.56,0,B1148,empty_repositioning,Position,Pickup
27,59,Pickup,8,8,8,8,419,422,12:39,12:42,3,0,0.0,2,8.534,52.56,61.094,1,B1148,pickup_service,Pickup,Pickup
27,60,Movement,8,4,8,4,422,433,12:42,12:53,11,11,39.54,0,0.0,61.094,21.554,1,B1148,passenger_flight,Position,Delivery
27,61,Delivery,4,4,4,4,433,436,12:53,12:56,3,0,0.0,2,8.534,21.554,30.088,0,B1148,delivery_service,Delivery,Delivery
27,62,Pickup,4,4,4,4,436,439,12:56,12:59,3,0,0.0,2,8.534,30.088,38.622,1,B1203,pickup_service,Pickup,Pickup
27,63,Stay,4,4,4,4,439,454,12:59,13:14,15,0,0.0,15,64.005,38.622,102.627,1,B1203,parking_charging,Position,Movement
27,64,Movement,4,10,4,10,454,466,13:14,13:26,12,12,42.86,0,0.0,102.627,59.767,1,B1203,passenger_flight,Position,Delivery
27,65,Delivery,10,10,10,10,466,469,13:26,13:29,3,0,0.0,2,8.534,59.767,68.301,0,B1203,delivery_service,Delivery,Delivery
27,66,Stay,10,10,10,10,469,483,13:29,13:43,14,0,0.0,14,59.738,68.301,128.039,0,B1292,parking_charging,Position,Pickup
27,67,Pickup,10,10,10,10,483,486,13:43,13:46,3,0,0.0,2,8.534,128.039,136.573,1,B1292,pickup_service,Pickup,Pickup
27,68,Movement,10,3,10,3,486,501,13:46,14:01,15,15,54.92,0,0.0,136.573,81.653,1,B1292,passenger_flight,Position,Delivery
27,69,Delivery,3,3,3,3,501,504,14:01,14:04,3,0,0.0,2,8.534,81.653,90.187,0,B1292,delivery_service,Delivery,Delivery
27,70,Stay,3,3,3,3,504,510,14:04,14:10,6,0,0.0,6,25.602,90.187,115.789,0,B1375,parking_charging,Position,Pickup
27,71,Pickup,3,3,3,3,510,513,14:10,14:13,3,0,0.0,2,8.534,115.789,124.323,1,B1375,pickup_service,Pickup,Pickup
27,72,Pickup,3,3,3,3,513,516,14:13,14:16,3,0,0.0,2,8.534,124.323,132.857,2,B1358,pickup_service,Pickup,Pickup
27,73,Movement,3,5,3,5,516,524,14:16,14:24,8,8,23.93,0,0.0,132.857,108.927,2,B1358,passenger_flight,Position,Delivery
27,74,Delivery,5,5,5,5,524,527,14:24,14:27,3,0,0.0,2,8.534,108.927,117.461,1,B1358,delivery_service,Delivery,Delivery
27,75,Delivery,5,5,5,5,527,530,14:27,14:30,3,0,0.0,2,8.534,117.461,125.995,0,B1375,delivery_service,Delivery,Delivery
27,76,Stay,5,5,5,5,530,540,14:30,14:40,10,0,0.0,10,34.005,125.995,160.0,0,B1526,parking_charging,Position,Movement
27,77,Movement,5,4,5,4,540,546,14:40,14:46,6,6,11.45,0,0.0,160.0,148.55,0,B1526,empty_repositioning,Position,Pickup
27,78,Pickup,4,4,4,4,546,549,14:46,14:49,3,0,0.0,2,8.534,148.55,157.084,1,B1526,pickup_service,Pickup,Pickup
27,79,Movement,4,9,4,9,549,564,14:49,15:04,15,15,55.47,0,0.0,157.084,101.614,1,B1526,passenger_flight,Position,Delivery
27,80,Delivery,9,9,9,9,564,567,15:04,15:07,3,0,0.0,2,8.534,101.614,110.148,0,B1526,delivery_service,Delivery,Delivery
27,81,Stay,9,9,9,9,567,604,15:07,15:44,37,0,0.0,37,49.852,110.148,160.0,0,B1777,parking_charging,Position,Pickup
27,82,Pickup,9,9,9,9,604,607,15:44,15:47,3,0,0.0,2,0.0,160.0,160.0,1,B1777,pickup_service,Pickup,Pickup
27,83,Stay,9,9,9,9,607,611,15:47,15:51,4,0,0.0,4,0.0,160.0,160.0,1,B1803,parking_charging,Position,Pickup
27,84,Pickup,9,9,9,9,611,614,15:51,15:54,3,0,0.0,2,0.0,160.0,160.0,2,B1803,pickup_service,Pickup,Pickup
27,85,Movement,9,7,9,7,614,626,15:54,16:06,12,12,40.12,0,0.0,160.0,119.88,2,B1777,passenger_flight,Position,Delivery
27,86,Delivery,7,7,7,7,626,629,16:06,16:09,3,0,0.0,2,8.534,119.88,128.414,1,B1777,delivery_service,Delivery,Delivery
27,87,Movement,7,2,7,2,629,635,16:09,16:15,6,6,10.2,0,0.0,128.414,118.214,1,B1803,passenger_flight,Position,Delivery
27,88,Delivery,2,2,2,2,635,638,16:15,16:18,3,0,0.0,2,8.534,118.214,126.748,0,B1803,delivery_service,Delivery,Delivery
27,89,Pickup,2,2,2,2,638,641,16:18,16:21,3,0,0.0,2,8.534,126.748,135.282,2,B1970,pickup_service,Pickup,Pickup
27,90,Stay,2,2,2,2,641,644,16:21,16:24,3,0,0.0,3,12.801,135.282,148.083,2,B1970,parking_charging,Position,Movement
27,91,Movement,2,4,2,4,644,650,16:24,16:30,6,6,16.13,0,0.0,148.083,131.953,2,B1970,passenger_flight,Position,Delivery
27,92,Delivery,4,4,4,4,650,653,16:30,16:33,3,0,0.0,2,8.534,131.953,140.487,0,B1970,delivery_service,Delivery,Delivery
27,93,Stay,4,4,4,4,653,655,16:33,16:35,2,0,0.0,2,8.534,140.487,149.021,0,B2068,parking_charging,Position,Pickup
27,94,Pickup,4,4,4,4,655,658,16:35,16:38,3,0,0.0,2,8.534,149.021,157.555,1,B2068,pickup_service,Pickup,Pickup
27,95,Stay,4,4,4,4,658,663,16:38,16:43,5,0,0.0,5,2.445,157.555,160.0,1,B2068,parking_charging,Position,Movement
27,96,Movement,4,2,4,2,663,669,16:43,16:49,6,6,16.13,0,0.0,160.0,143.87,1,B2068,passenger_flight,Position,Delivery
27,97,Delivery,2,2,2,2,669,672,16:49,16:52,3,0,0.0,2,8.534,143.87,152.404,0,B2068,delivery_service,Delivery,Delivery
27,98,Stay,2,2,2,2,672,687,16:52,17:07,15,0,0.0,15,7.596,152.404,160.0,0,B2333,parking_charging,Position,Pickup
27,99,Pickup,2,2,2,2,687,690,17:07,17:10,3,0,0.0,2,0.0,160.0,160.0,2,B2333,pickup_service,Pickup,Pickup
27,100,Pickup,2,2,2,2,690,693,17:10,17:13,3,0,0.0,2,0.0,160.0,160.0,4,B2296,pickup_service,Pickup,Pickup
27,101,Movement,2,1,2,1,693,700,17:13,17:20,7,7,13.61,0,0.0,160.0,146.39,4,B2296,passenger_flight,Position,Delivery
27,102,Delivery,1,1,1,1,700,703,17:20,17:23,3,0,0.0,2,8.534,146.39,154.924,2,B2296,delivery_service,Delivery,Delivery
27,103,Delivery,1,1,1,1,703,706,17:23,17:26,3,0,0.0,2,5.076,154.924,160.0,0,B2333,delivery_service,Delivery,Delivery
27,104,Stay,1,1,1,1,706,717,17:26,17:37,11,0,0.0,11,0.0,160.0,160.0,0,B2667,parking_charging,Position,Pickup
27,105,Pickup,1,1,1,1,717,720,17:37,17:40,3,0,0.0,2,0.0,160.0,160.0,1,B2667,pickup_service,Pickup,Pickup
27,106,Stay,1,1,1,1,720,723,17:40,17:43,3,0,0.0,3,0.0,160.0,160.0,1,B2667,parking_charging,Position,Movement
27,107,Movement,1,7,1,7,723,730,17:43,17:50,7,7,21.03,0,0.0,160.0,138.97,1,B2667,passenger_flight,Position,Delivery
27,108,Delivery,7,7,7,7,730,733,17:50,17:53,3,0,0.0,2,8.534,138.97,147.504,0,B2667,delivery_service,Delivery,Delivery
27,109,Stay,7,7,7,7,733,740,17:53,18:00,7,0,0.0,7,12.496,147.504,160.0,0,B2970,parking_charging,Position,Movement
27,110,Movement,7,3,7,3,740,747,18:00,18:07,7,7,13.33,0,0.0,160.0,146.67,0,B2970,empty_repositioning,Position,Pickup
27,111,Pickup,3,3,3,3,747,750,18:07,18:10,3,0,0.0,2,8.534,146.67,155.204,1,B2970,pickup_service,Pickup,Pickup
27,112,Movement,3,8,3,8,750,760,18:10,18:20,10,10,35.17,0,0.0,155.204,120.034,1,B2970,passenger_flight,Position,Delivery
27,113,Delivery,8,8,8,8,760,763,18:20,18:23,3,0,0.0,2,8.534,120.034,128.568,0,B2970,delivery_service,Delivery,Delivery
27,114,Stay,8,8,8,8,763,769,18:23,18:29,6,0,0.0,6,25.602,128.568,154.17,0,B3109,parking_charging,Position,Pickup
27,115,Pickup,8,8,8,8,769,772,18:29,18:32,3,0,0.0,2,5.83,154.17,160.0,1,B3109,pickup_service,Pickup,Pickup
27,116,Pickup,8,8,8,8,772,775,18:32,18:35,3,0,0.0,2,0.0,160.0,160.0,3,B3095,pickup_service,Pickup,Pickup
27,117,Movement,8,6,8,6,775,792,18:35,18:52,17,17,60.41,0,0.0,160.0,99.59,3,B3095,passenger_flight,Position,Delivery
27,118,Delivery,6,6,6,6,792,795,18:52,18:55,3,0,0.0,2,8.534,99.59,108.124,1,B3095,delivery_service,Delivery,Delivery
27,119,Delivery,6,6,6,6,795,798,18:55,18:58,3,0,0.0,2,8.534,108.124,116.658,0,B3109,delivery_service,Delivery,Delivery
27,120,Movement,6,8,6,8,798,815,18:58,19:15,17,17,60.41,0,0.0,116.658,56.248,0,,return_to_depot,Position,Depot
28,0,Stay,9,9,9,9,0,186,05:40,08:46,186,0,0.0,186,0.0,160.0,160.0,0,B324,parking_charging,Position,Movement
28,1,Movement,9,8,9,8,186,192,08:46,08:52,6,6,18.04,0,0.0,160.0,141.96,0,B324,empty_repositioning,Position,Pickup
28,2,Pickup,8,8,8,8,192,195,08:52,08:55,3,0,0.0,2,8.534,141.96,150.494,1,B324,pickup_service,Pickup,Pickup
28,3,Pickup,8,8,8,8,195,198,08:55,08:58,3,0,0.0,2,8.534,150.494,159.028,2,B314,pickup_service,Pickup,Pickup
28,4,Movement,8,1,8,1,198,210,08:58,09:10,12,12,41.05,0,0.0,159.028,117.978,2,B314,passenger_flight,Position,Delivery
28,5,Delivery,1,1,1,1,210,213,09:10,09:13,3,0,0.0,2,8.534,117.978,126.512,1,B314,delivery_service,Delivery,Delivery
28,6,Delivery,1,1,1,1,213,216,09:13,09:16,3,0,0.0,2,8.534,126.512,135.046,0,B324,delivery_service,Delivery,Delivery
28,7,Stay,1,1,1,1,216,224,09:16,09:24,8,0,0.0,8,24.954,135.046,160.0,0,B433,parking_charging,Position,Movement
28,8,Movement,1,6,1,6,224,231,09:24,09:31,7,7,23.39,0,0.0,160.0,136.61,0,B433,empty_repositioning,Position,Pickup
28,9,Pickup,6,6,6,6,231,234,09:31,09:34,3,0,0.0,2,8.534,136.61,145.144,1,B433,pickup_service,Pickup,Pickup
28,10,Movement,6,7,6,7,234,246,09:34,09:46,12,12,43.48,0,0.0,145.144,101.664,1,B433,passenger_flight,Position,Delivery
28,11,Delivery,7,7,7,7,246,249,09:46,09:49,3,0,0.0,2,8.534,101.664,110.198,0,B433,delivery_service,Delivery,Delivery
28,12,Stay,7,7,7,7,249,271,09:49,10:11,22,0,0.0,22,49.802,110.198,160.0,0,B567,parking_charging,Position,Pickup
28,13,Pickup,7,7,7,7,271,274,10:11,10:14,3,0,0.0,2,0.0,160.0,160.0,1,B567,pickup_service,Pickup,Pickup
28,14,Pickup,7,7,7,7,274,277,10:14,10:17,3,0,0.0,2,0.0,160.0,160.0,2,B547,pickup_service,Pickup,Pickup
28,15,Movement,7,4,7,4,277,284,10:17,10:24,7,7,21.43,0,0.0,160.0,138.57,2,B547,passenger_flight,Position,Delivery
28,16,Delivery,4,4,4,4,284,287,10:24,10:27,3,0,0.0,2,8.534,138.57,147.104,1,B547,delivery_service,Delivery,Delivery
28,17,Delivery,4,4,4,4,287,290,10:27,10:30,3,0,0.0,2,8.534,147.104,155.638,0,B567,delivery_service,Delivery,Delivery
28,18,Pickup,4,4,4,4,290,293,10:30,10:33,3,0,0.0,2,4.362,155.638,160.0,1,B637,pickup_service,Pickup,Pickup
28,19,Movement,4,2,4,2,293,299,10:33,10:39,6,6,16.13,0,0.0,160.0,143.87,1,B637,passenger_flight,Position,Delivery
28,20,Delivery,2,2,2,2,299,302,10:39,10:42,3,0,0.0,2,8.534,143.87,152.404,0,B637,delivery_service,Delivery,Delivery
28,21,Stay,2,2,2,2,302,304,10:42,10:44,2,0,0.0,2,7.596,152.404,160.0,0,B742,parking_charging,Position,Pickup
28,22,Pickup,2,2,2,2,304,307,10:44,10:47,3,0,0.0,2,0.0,160.0,160.0,1,B742,pickup_service,Pickup,Pickup
28,23,Pickup,2,2,2,2,307,310,10:47,10:50,3,0,0.0,2,0.0,160.0,160.0,2,B762,pickup_service,Pickup,Pickup
28,24,Movement,2,4,2,4,310,316,10:50,10:56,6,6,16.13,0,0.0,160.0,143.87,2,B742,passenger_flight,Position,Delivery
28,25,Delivery,4,4,4,4,316,319,10:56,10:59,3,0,0.0,2,8.534,143.87,152.404,1,B742,delivery_service,Delivery,Delivery
28,26,Movement,4,1,4,1,319,323,10:59,11:03,4,4,4.98,0,0.0,152.404,147.424,1,B762,passenger_flight,Position,Delivery
28,27,Delivery,1,1,1,1,323,326,11:03,11:06,3,0,0.0,2,8.534,147.424,155.958,0,B762,delivery_service,Delivery,Delivery
28,28,Movement,1,4,1,4,326,330,11:06,11:10,4,4,4.98,0,0.0,155.958,150.978,0,B878,empty_repositioning,Position,Pickup
28,29,Pickup,4,4,4,4,330,333,11:10,11:13,3,0,0.0,2,8.534,150.978,159.512,2,B878,pickup_service,Pickup,Pickup
28,30,Pickup,4,4,4,4,333,336,11:13,11:16,3,0,0.0,2,0.488,159.512,160.0,3,B851,pickup_service,Pickup,Pickup
28,31,Movement,4,9,4,9,336,351,11:16,11:31,15,15,55.47,0,0.0,160.0,104.53,3,B851,passenger_flight,Position,Delivery
28,32,Delivery,9,9,9,9,351,354,11:31,11:34,3,0,0.0,2,8.534,104.53,113.064,2,B851,delivery_service,Delivery,Delivery
28,33,Delivery,9,9,9,9,354,357,11:34,11:37,3,0,0.0,2,8.534,113.064,121.598,0,B878,delivery_service,Delivery,Delivery
28,34,Stay,9,9,9,9,357,360,11:37,11:40,3,0,0.0,3,12.801,121.598,134.399,0,B993,parking_charging,Position,Pickup
28,35,Pickup,9,9,9,9,360,363,11:40,11:43,3,0,0.0,2,8.534,134.399,142.933,1,B993,pickup_service,Pickup,Pickup
28,36,Pickup,9,9,9,9,363,366,11:43,11:46,3,0,0.0,2,8.534,142.933,151.467,2,B1007,pickup_service,Pickup,Pickup
28,37,Movement,9,4,9,4,366,381,11:46,12:01,15,15,55.47,0,0.0,151.467,95.997,2,B993,passenger_flight,Position,Delivery
28,38,Delivery,4,4,4,4,381,384,12:01,12:04,3,0,0.0,2,8.534,95.997,104.531,1,B993,delivery_service,Delivery,Delivery
28,39,Movement,4,1,4,1,384,388,12:04,12:08,4,4,4.98,0,0.0,104.531,99.551,1,B1007,passenger_flight,Position,Delivery
28,40,Delivery,1,1,1,1,388,391,12:08,12:11,3,0,0.0,2,8.534,99.551,108.085,0,B1007,delivery_service,Delivery,Delivery
28,41,Stay,1,1,1,1,391,415,12:11,12:35,24,0,0.0,24,51.915,108.085,160.0,0,B1154,parking_charging,Position,Pickup
28,42,Pickup,1,1,1,1,415,418,12:35,12:38,3,0,0.0,2,0.0,160.0,160.0,1,B1154,pickup_service,Pickup,Pickup
28,43,Pickup,1,1,1,1,418,421,12:38,12:41,3,0,0.0,2,0.0,160.0,160.0,2,B1145,pickup_service,Pickup,Pickup
28,44,Movement,1,10,1,10,421,434,12:41,12:54,13,13,47.44,0,0.0,160.0,112.56,2,B1145,passenger_flight,Position,Delivery
28,45,Delivery,10,10,10,10,434,437,12:54,12:57,3,0,0.0,2,8.534,112.56,121.094,1,B1145,delivery_service,Delivery,Delivery
28,46,Delivery,10,10,10,10,437,440,12:57,13:00,3,0,0.0,2,8.534,121.094,129.628,0,B1154,delivery_service,Delivery,Delivery
28,47,Stay,10,10,10,10,440,484,13:00,13:44,44,0,0.0,44,30.372,129.628,160.0,0,B1297,parking_charging,Position,Pickup
28,48,Pickup,10,10,10,10,484,487,13:44,13:47,3,0,0.0,2,0.0,160.0,160.0,1,B1297,pickup_service,Pickup,Pickup
28,49,Movement,10,4,10,4,487,499,13:47,13:59,12,12,42.86,0,0.0,160.0,117.14,1,B1297,passenger_flight,Position,Delivery
28,50,Delivery,4,4,4,4,499,502,13:59,14:02,3,0,0.0,2,8.534,117.14,125.674,0,B1297,delivery_service,Delivery,Delivery
28,51,Stay,4,4,4,4,502,515,14:02,14:15,13,0,0.0,13,34.326,125.674,160.0,0,B1398,parking_charging,Position,Pickup
28,52,Pickup,4,4,4,4,515,518,14:15,14:18,3,0,0.0,2,0.0,160.0,160.0,1,B1398,pickup_service,Pickup,Pickup
28,53,Pickup,4,4,4,4,518,521,14:18,14:21,3,0,0.0,2,0.0,160.0,160.0,3,B1402,pickup_service,Pickup,Pickup
28,54,Movement,4,9,4,9,521,536,14:21,14:36,15,15,55.47,0,0.0,160.0,104.53,3,B1398,passenger_flight,Position,Delivery
28,55,Delivery,9,9,9,9,536,539,14:36,14:39,3,0,0.0,2,8.534,104.53,113.064,2,B1398,delivery_service,Delivery,Delivery
28,56,Delivery,9,9,9,9,539,542,14:39,14:42,3,0,0.0,2,8.534,113.064,121.598,0,B1402,delivery_service,Delivery,Delivery
28,57,Pickup,9,9,9,9,542,545,14:42,14:45,3,0,0.0,2,8.534,121.598,130.132,1,B1483,pickup_service,Pickup,Pickup
28,58,Movement,9,1,9,1,545,561,14:45,15:01,16,16,57.72,0,0.0,130.132,72.412,1,B1483,passenger_flight,Position,Delivery
28,59,Delivery,1,1,1,1,561,564,15:01,15:04,3,0,0.0,2,8.534,72.412,80.946,0,B1483,delivery_service,Delivery,Delivery
28,60,Pickup,1,1,1,1,564,567,15:04,15:07,3,0,0.0,2,8.534,80.946,89.48,1,B1580,pickup_service,Pickup,Pickup
28,61,Movement,1,2,1,2,567,574,15:07,15:14,7,7,13.61,0,0.0,89.48,75.87,1,B1580,passenger_flight,Position,Delivery
28,62,Delivery,2,2,2,2,574,577,15:14,15:17,3,0,0.0,2,8.534,75.87,84.404,0,B1580,delivery_service,Delivery,Delivery
28,63,Stay,2,2,2,2,577,580,15:17,15:20,3,0,0.0,3,12.801,84.404,97.205,0,B1669,parking_charging,Position,Pickup
28,64,Pickup,2,2,2,2,580,583,15:20,15:23,3,0,0.0,2,8.534,97.205,105.739,1,B1669,pickup_service,Pickup,Pickup
28,65,Pickup,2,2,2,2,583,586,15:23,15:26,3,0,0.0,2,8.534,105.739,114.273,2,B1672,pickup_service,Pickup,Pickup
28,66,Movement,2,5,2,5,586,594,15:26,15:34,8,8,27.57,0,0.0,114.273,86.703,2,B1669,passenger_flight,Position,Delivery
28,67,Delivery,5,5,5,5,594,597,15:34,15:37,3,0,0.0,2,8.534,86.703,95.237,1,B1669,delivery_service,Delivery,Delivery
28,68,Delivery,5,5,5,5,597,600,15:37,15:40,3,0,0.0,2,8.534,95.237,103.771,0,B1672,delivery_service,Delivery,Delivery
28,69,Stay,5,5,5,5,600,604,15:40,15:44,4,0,0.0,4,17.068,103.771,120.839,0,B1800,parking_charging,Position,Movement
28,70,Movement,5,4,5,4,604,610,15:44,15:50,6,6,11.45,0,0.0,120.839,109.389,0,B1800,empty_repositioning,Position,Pickup
28,71,Pickup,4,4,4,4,610,613,15:50,15:53,3,0,0.0,2,8.534,109.389,117.923,1,B1800,pickup_service,Pickup,Pickup
28,72,Stay,4,4,4,4,613,616,15:53,15:56,3,0,0.0,3,12.801,117.923,130.724,1,B1800,parking_charging,Position,Movement
28,73,Movement,4,10,4,10,616,628,15:56,16:08,12,12,42.86,0,0.0,130.724,87.864,1,B1800,passenger_flight,Position,Delivery
28,74,Delivery,10,10,10,10,628,631,16:08,16:11,3,0,0.0,2,8.534,87.864,96.398,0,B1800,delivery_service,Delivery,Delivery
28,75,Pickup,10,10,10,10,631,634,16:11,16:14,3,0,0.0,2,8.534,96.398,104.932,1,B1882,pickup_service,Pickup,Pickup
28,76,Movement,10,4,10,4,634,646,16:14,16:26,12,12,42.86,0,0.0,104.932,62.072,1,B1882,passenger_flight,Position,Delivery
28,77,Delivery,4,4,4,4,646,649,16:26,16:29,3,0,0.0,2,8.534,62.072,70.606,0,B1882,delivery_service,Delivery,Delivery
28,78,Stay,4,4,4,4,649,660,16:29,16:40,11,0,0.0,11,46.937,70.606,117.543,0,B2141,parking_charging,Position,Movement
28,79,Movement,4,7,4,7,660,667,16:40,16:47,7,7,21.43,0,0.0,117.543,96.113,0,B2141,empty_repositioning,Position,Pickup
28,80,Pickup,7,7,7,7,667,670,16:47,16:50,3,0,0.0,2,8.534,96.113,104.647,1,B2141,pickup_service,Pickup,Pickup
28,81,Movement,7,4,7,4,670,677,16:50,16:57,7,7,21.43,0,0.0,104.647,83.217,1,B2141,passenger_flight,Position,Delivery
28,82,Delivery,4,4,4,4,677,680,16:57,17:00,3,0,0.0,2,8.534,83.217,91.751,0,B2141,delivery_service,Delivery,Delivery
28,83,Stay,4,4,4,4,680,694,17:00,17:14,14,0,0.0,14,59.738,91.751,151.489,0,B2429,parking_charging,Position,Pickup
28,84,Pickup,4,4,4,4,694,697,17:14,17:17,3,0,0.0,2,8.511,151.489,160.0,2,B2429,pickup_service,Pickup,Pickup
28,85,Pickup,4,4,4,4,697,700,17:17,17:20,3,0,0.0,2,0.0,160.0,160.0,4,B2415,pickup_service,Pickup,Pickup
28,86,Movement,4,2,4,2,700,706,17:20,17:26,6,6,16.13,0,0.0,160.0,143.87,4,B2429,passenger_flight,Position,Delivery
28,87,Delivery,2,2,2,2,706,709,17:26,17:29,3,0,0.0,2,8.534,143.87,152.404,2,B2429,delivery_service,Delivery,Delivery
28,88,Delivery,2,2,2,2,709,712,17:29,17:32,3,0,0.0,2,7.596,152.404,160.0,0,B2415,delivery_service,Delivery,Delivery
28,89,Pickup,2,2,2,2,712,715,17:32,17:35,3,0,0.0,2,0.0,160.0,160.0,2,B2533,pickup_service,Pickup,Pickup
28,90,Movement,2,4,2,4,715,721,17:35,17:41,6,6,16.13,0,0.0,160.0,143.87,2,B2533,passenger_flight,Position,Delivery
28,91,Delivery,4,4,4,4,721,724,17:41,17:44,3,0,0.0,2,8.534,143.87,152.404,0,B2533,delivery_service,Delivery,Delivery
28,92,Movement,4,2,4,2,724,730,17:44,17:50,6,6,16.13,0,0.0,152.404,136.274,0,B2733,empty_repositioning,Position,Pickup
28,93,Pickup,2,2,2,2,730,733,17:50,17:53,3,0,0.0,2,8.534,136.274,144.808,1,B2733,pickup_service,Pickup,Pickup
28,94,Movement,2,4,2,4,733,739,17:53,17:59,6,6,16.13,0,0.0,144.808,128.678,1,B2733,passenger_flight,Position,Delivery
28,95,Delivery,4,4,4,4,739,742,17:59,18:02,3,0,0.0,2,8.534,128.678,137.212,0,B2733,delivery_service,Delivery,Delivery
28,96,Pickup,4,4,4,4,742,745,18:02,18:05,3,0,0.0,2,8.534,137.212,145.746,1,B2895,pickup_service,Pickup,Pickup
28,97,Movement,4,2,4,2,745,751,18:05,18:11,6,6,16.13,0,0.0,145.746,129.616,1,B2895,passenger_flight,Position,Delivery
28,98,Delivery,2,2,2,2,751,754,18:11,18:14,3,0,0.0,2,8.534,129.616,138.15,0,B2895,delivery_service,Delivery,Delivery
28,99,Stay,2,2,2,2,754,760,18:14,18:20,6,0,0.0,6,21.85,138.15,160.0,0,B3048,parking_charging,Position,Pickup
28,100,Pickup,2,2,2,2,760,763,18:20,18:23,3,0,0.0,2,0.0,160.0,160.0,1,B3048,pickup_service,Pickup,Pickup
28,101,Pickup,2,2,2,2,763,766,18:23,18:26,3,0,0.0,2,0.0,160.0,160.0,2,B3052,pickup_service,Pickup,Pickup
28,102,Pickup,2,2,2,2,766,769,18:26,18:29,3,0,0.0,2,0.0,160.0,160.0,4,B3070,pickup_service,Pickup,Pickup
28,103,Movement,2,1,2,1,769,776,18:29,18:36,7,7,13.61,0,0.0,160.0,146.39,4,B3048,passenger_flight,Position,Delivery
28,104,Delivery,1,1,1,1,776,779,18:36,18:39,3,0,0.0,2,8.534,146.39,154.924,3,B3048,delivery_service,Delivery,Delivery
28,105,Delivery,1,1,1,1,779,782,18:39,18:42,3,0,0.0,2,5.076,154.924,160.0,2,B3052,delivery_service,Delivery,Delivery
28,106,Delivery,1,1,1,1,782,785,18:42,18:45,3,0,0.0,2,0.0,160.0,160.0,0,B3070,delivery_service,Delivery,Delivery
28,107,Stay,1,1,1,1,785,794,18:45,18:54,9,0,0.0,9,0.0,160.0,160.0,0,B3257,parking_charging,Position,Pickup
28,108,Pickup,1,1,1,1,794,797,18:54,18:57,3,0,0.0,2,0.0,160.0,160.0,2,B3257,pickup_service,Pickup,Pickup
28,109,Pickup,1,1,1,1,797,800,18:57,19:00,3,0,0.0,2,0.0,160.0,160.0,4,B3253,pickup_service,Pickup,Pickup
28,110,Movement,1,3,1,3,800,806,19:00,19:06,6,6,9.61,0,0.0,160.0,150.39,4,B3257,passenger_flight,Position,Delivery
28,111,Delivery,3,3,3,3,806,809,19:06,19:09,3,0,0.0,2,8.534,150.39,158.924,2,B3257,delivery_service,Delivery,Delivery
28,112,Delivery,3,3,3,3,809,812,19:09,19:12,3,0,0.0,2,1.076,158.924,160.0,0,B3253,delivery_service,Delivery,Delivery
28,113,Movement,3,9,3,9,812,827,19:12,19:27,15,15,52.78,0,0.0,160.0,107.22,0,,return_to_depot,Position,Depot
29,0,Stay,10,10,10,10,0,64,05:40,06:44,64,0,0.0,64,0.0,160.0,160.0,0,B38,parking_charging,Position,Pickup
29,1,Pickup,10,10,10,10,64,67,06:44,06:47,3,0,0.0,2,0.0,160.0,160.0,1,B38,pickup_service,Pickup,Pickup
29,2,Pickup,10,10,10,10,67,70,06:47,06:50,3,0,0.0,2,0.0,160.0,160.0,2,B35,pickup_service,Pickup,Pickup
29,3,Movement,10,3,10,3,70,85,06:50,07:05,15,15,54.92,0,0.0,160.0,105.08,2,B38,passenger_flight,Position,Delivery
29,4,Delivery,3,3,3,3,85,88,07:05,07:08,3,0,0.0,2,8.534,105.08,113.614,1,B38,delivery_service,Delivery,Delivery
29,5,Delivery,3,3,3,3,88,91,07:08,07:11,3,0,0.0,2,8.534,113.614,122.148,0,B35,delivery_service,Delivery,Delivery
29,6,Stay,3,3,3,3,91,140,07:11,08:00,49,0,0.0,49,37.852,122.148,160.0,0,B127,parking_charging,Position,Movement
29,7,Movement,3,5,3,5,140,148,08:00,08:08,8,8,23.93,0,0.0,160.0,136.07,0,B127,empty_repositioning,Position,Pickup
29,8,Pickup,5,5,5,5,148,151,08:08,08:11,3,0,0.0,2,8.534,136.07,144.604,1,B127,pickup_service,Pickup,Pickup
29,9,Movement,5,3,5,3,151,159,08:11,08:19,8,8,23.93,0,0.0,144.604,120.674,1,B127,passenger_flight,Position,Delivery
29,10,Delivery,3,3,3,3,159,162,08:19,08:22,3,0,0.0,2,8.534,120.674,129.208,0,B127,delivery_service,Delivery,Delivery
29,11,Pickup,3,3,3,3,162,165,08:22,08:25,3,0,0.0,2,8.534,129.208,137.742,1,B215,pickup_service,Pickup,Pickup
29,12,Pickup,3,3,3,3,165,168,08:25,08:28,3,0,0.0,2,8.534,137.742,146.276,2,B201,pickup_service,Pickup,Pickup
29,13,Movement,3,1,3,1,168,174,08:28,08:34,6,6,9.61,0,0.0,146.276,136.666,2,B201,passenger_flight,Position,Delivery
29,14,Delivery,1,1,1,1,174,177,08:34,08:37,3,0,0.0,2,8.534,136.666,145.2,1,B201,delivery_service,Delivery,Delivery
29,15,Delivery,1,1,1,1,177,180,08:37,08:40,3,0,0.0,2,8.534,145.2,153.734,0,B215,delivery_service,Delivery,Delivery
29,16,Movement,1,6,1,6,180,187,08:40,08:47,7,7,23.39,0,0.0,153.734,130.344,0,B301,empty_repositioning,Position,Pickup
29,17,Pickup,6,6,6,6,187,190,08:47,08:50,3,0,0.0,2,8.534,130.344,138.878,1,B301,pickup_service,Pickup,Pickup
29,18,Stay,6,6,6,6,190,195,08:50,08:55,5,0,0.0,5,21.122,138.878,160.0,1,B301,parking_charging,Position,Movement
29,19,Movement,6,2,6,2,195,206,08:55,09:06,11,11,37.0,0,0.0,160.0,123.0,1,B301,passenger_flight,Position,Delivery
29,20,Delivery,2,2,2,2,206,209,09:06,09:09,3,0,0.0,2,8.534,123.0,131.534,0,B301,delivery_service,Delivery,Delivery
29,21,Pickup,2,2,2,2,209,212,09:09,09:12,3,0,0.0,2,8.534,131.534,140.068,1,B376,pickup_service,Pickup,Pickup
29,22,Pickup,2,2,2,2,212,215,09:12,09:15,3,0,0.0,2,8.534,140.068,148.602,3,B380,pickup_service,Pickup,Pickup
29,23,Movement,2,4,2,4,215,221,09:15,09:21,6,6,16.13,0,0.0,148.602,132.472,3,B376,passenger_flight,Position,Delivery
29,24,Delivery,4,4,4,4,221,224,09:21,09:24,3,0,0.0,2,8.534,132.472,141.006,2,B376,delivery_service,Delivery,Delivery
29,25,Delivery,4,4,4,4,224,227,09:24,09:27,3,0,0.0,2,8.534,141.006,149.54,0,B380,delivery_service,Delivery,Delivery
29,26,Stay,4,4,4,4,227,243,09:27,09:43,16,0,0.0,16,10.46,149.54,160.0,0,B473,parking_charging,Position,Movement
29,27,Movement,4,6,4,6,243,250,09:43,09:50,7,7,22.06,0,0.0,160.0,137.94,0,B473,empty_repositioning,Position,Pickup
29,28,Pickup,6,6,6,6,250,253,09:50,09:53,3,0,0.0,2,8.534,137.94,146.474,1,B473,pickup_service,Pickup,Pickup
29,29,Movement,6,2,6,2,253,264,09:53,10:04,11,11,37.0,0,0.0,146.474,109.474,1,B473,passenger_flight,Position,Delivery
29,30,Delivery,2,2,2,2,264,267,10:04,10:07,3,0,0.0,2,8.534,109.474,118.008,0,B473,delivery_service,Delivery,Delivery
29,31,Pickup,2,2,2,2,267,270,10:07,10:10,3,0,0.0,2,8.534,118.008,126.542,1,B499,pickup_service,Pickup,Pickup
29,32,Movement,2,1,2,1,270,277,10:10,10:17,7,7,13.61,0,0.0,126.542,112.932,1,B499,passenger_flight,Position,Delivery
29,33,Delivery,1,1,1,1,277,280,10:17,10:20,3,0,0.0,2,8.534,112.932,121.466,0,B499,delivery_service,Delivery,Delivery
29,34,Movement,1,3,1,3,280,286,10:20,10:26,6,6,9.61,0,0.0,121.466,111.856,0,B619,empty_repositioning,Position,Pickup
29,35,Pickup,3,3,3,3,286,289,10:26,10:29,3,0,0.0,2,8.534,111.856,120.39,1,B619,pickup_service,Pickup,Pickup
29,36,Movement,3,9,3,9,289,304,10:29,10:44,15,15,52.78,0,0.0,120.39,67.61,1,B619,passenger_flight,Position,Delivery
29,37,Delivery,9,9,9,9,304,307,10:44,10:47,3,0,0.0,2,8.534,67.61,76.144,0,B619,delivery_service,Delivery,Delivery
29,38,Pickup,9,9,9,9,307,310,10:47,10:50,3,0,0.0,2,8.534,76.144,84.678,1,B751,pickup_service,Pickup,Pickup
29,39,Movement,9,3,9,3,310,325,10:50,11:05,15,15,52.78,0,0.0,84.678,31.898,1,B751,passenger_flight,Position,Delivery
29,40,Delivery,3,3,3,3,325,328,11:05,11:08,3,0,0.0,2,8.534,31.898,40.432,0,B751,delivery_service,Delivery,Delivery
29,41,Stay,3,3,3,3,328,398,11:08,12:18,70,0,0.0,70,119.568,40.432,160.0,0,B1111,parking_charging,Position,Pickup
29,42,Pickup,3,3,3,3,398,401,12:18,12:21,3,0,0.0,2,0.0,160.0,160.0,1,B1111,pickup_service,Pickup,Pickup
29,43,Movement,3,9,3,9,401,416,12:21,12:36,15,15,52.78,0,0.0,160.0,107.22,1,B1111,passenger_flight,Position,Delivery
29,44,Delivery,9,9,9,9,416,419,12:36,12:39,3,0,0.0,2,8.534,107.22,115.754,0,B1111,delivery_service,Delivery,Delivery
29,45,Stay,9,9,9,9,419,443,12:39,13:03,24,0,0.0,24,44.246,115.754,160.0,0,B1221,parking_charging,Position,Pickup
29,46,Pickup,9,9,9,9,443,446,13:03,13:06,3,0,0.0,2,0.0,160.0,160.0,1,B1221,pickup_service,Pickup,Pickup
29,47,Movement,9,3,9,3,446,461,13:06,13:21,15,15,52.78,0,0.0,160.0,107.22,1,B1221,passenger_flight,Position,Delivery
29,48,Delivery,3,3,3,3,461,464,13:21,13:24,3,0,0.0,2,8.534,107.22,115.754,0,B1221,delivery_service,Delivery,Delivery
29,49,Stay,3,3,3,3,464,520,13:24,14:20,56,0,0.0,56,44.246,115.754,160.0,0,B1420,parking_charging,Position,Pickup
29,50,Pickup,3,3,3,3,520,523,14:20,14:23,3,0,0.0,2,0.0,160.0,160.0,1,B1420,pickup_service,Pickup,Pickup
29,51,Pickup,3,3,3,3,523,526,14:23,14:26,3,0,0.0,2,0.0,160.0,160.0,2,B1401,pickup_service,Pickup,Pickup
29,52,Movement,3,4,3,4,526,533,14:26,14:33,7,7,12.6,0,0.0,160.0,147.4,2,B1401,passenger_flight,Position,Delivery
29,53,Delivery,4,4,4,4,533,536,14:33,14:36,3,0,0.0,2,8.534,147.4,155.934,1,B1401,delivery_service,Delivery,Delivery
29,54,Delivery,4,4,4,4,536,539,14:36,14:39,3,0,0.0,2,4.066,155.934,160.0,0,B1420,delivery_service,Delivery,Delivery
29,55,Stay,4,4,4,4,539,542,14:39,14:42,3,0,0.0,3,0.0,160.0,160.0,0,B1519,parking_charging,Position,Pickup
29,56,Pickup,4,4,4,4,542,545,14:42,14:45,3,0,0.0,2,0.0,160.0,160.0,1,B1519,pickup_service,Pickup,Pickup
29,57,Pickup,4,4,4,4,545,548,14:45,14:48,3,0,0.0,2,0.0,160.0,160.0,2,B1515,pickup_service,Pickup,Pickup
29,58,Movement,4,2,4,2,548,554,14:48,14:54,6,6,16.13,0,0.0,160.0,143.87,2,B1515,passenger_flight,Position,Delivery
29,59,Delivery,2,2,2,2,554,557,14:54,14:57,3,0,0.0,2,8.534,143.87,152.404,1,B1515,delivery_service,Delivery,Delivery
29,60,Delivery,2,2,2,2,557,560,14:57,15:00,3,0,0.0,2,7.596,152.404,160.0,0,B1519,delivery_service,Delivery,Delivery
29,61,Pickup,2,2,2,2,560,563,15:00,15:03,3,0,0.0,2,0.0,160.0,160.0,1,B1583,pickup_service,Pickup,Pickup
29,62,Movement,2,4,2,4,563,569,15:03,15:09,6,6,16.13,0,0.0,160.0,143.87,1,B1583,passenger_flight,Position,Delivery
29,63,Delivery,4,4,4,4,569,572,15:09,15:12,3,0,0.0,2,8.534,143.87,152.404,0,B1583,delivery_service,Delivery,Delivery
29,64,Stay,4,4,4,4,572,580,15:12,15:20,8,0,0.0,8,7.596,152.404,160.0,0,B1671,parking_charging,Position,Pickup
29,65,Pickup,4,4,4,4,580,583,15:20,15:23,3,0,0.0,2,0.0,160.0,160.0,1,B1671,pickup_service,Pickup,Pickup
29,66,Stay,4,4,4,4,583,585,15:23,15:25,2,0,0.0,2,0.0,160.0,160.0,1,B1682,parking_charging,Position,Pickup
29,67,Pickup,4,4,4,4,585,588,15:25,15:28,3,0,0.0,2,0.0,160.0,160.0,2,B1682,pickup_service,Pickup,Pickup
29,68,Movement,4,7,4,7,588,595,15:28,15:35,7,7,21.43,0,0.0,160.0,138.57,2,B1671,passenger_flight,Position,Delivery
29,69,Delivery,7,7,7,7,595,598,15:35,15:38,3,0,0.0,2,8.534,138.57,147.104,1,B1671,delivery_service,Delivery,Delivery
29,70,Delivery,7,7,7,7,598,601,15:38,15:41,3,0,0.0,2,8.534,147.104,155.638,0,B1682,delivery_service,Delivery,Delivery
29,71,Stay,7,7,7,7,601,608,15:41,15:48,7,0,0.0,7,4.362,155.638,160.0,0,B1794,parking_charging,Position,Pickup
29,72,Pickup,7,7,7,7,608,611,15:48,15:51,3,0,0.0,2,0.0,160.0,160.0,1,B1794,pickup_service,Pickup,Pickup
29,73,Pickup,7,7,7,7,611,614,15:51,15:54,3,0,0.0,2,0.0,160.0,160.0,2,B1782,pickup_service,Pickup,Pickup
29,74,Movement,7,4,7,4,614,621,15:54,16:01,7,7,21.43,0,0.0,160.0,138.57,2,B1782,passenger_flight,Position,Delivery
29,75,Delivery,4,4,4,4,621,624,16:01,16:04,3,0,0.0,2,8.534,138.57,147.104,1,B1782,delivery_service,Delivery,Delivery
29,76,Delivery,4,4,4,4,624,627,16:04,16:07,3,0,0.0,2,8.534,147.104,155.638,0,B1794,delivery_service,Delivery,Delivery
29,77,Pickup,4,4,4,4,627,630,16:07,16:10,3,0,0.0,2,4.362,155.638,160.0,1,B1886,pickup_service,Pickup,Pickup
29,78,Pickup,4,4,4,4,630,633,16:10,16:13,3,0,0.0,2,0.0,160.0,160.0,2,B1867,pickup_service,Pickup,Pickup
29,79,Movement,4,2,4,2,633,639,16:13,16:19,6,6,16.13,0,0.0,160.0,143.87,2,B1867,passenger_flight,Position,Delivery
29,80,Delivery,2,2,2,2,639,642,16:19,16:22,3,0,0.0,2,8.534,143.87,152.404,1,B1867,delivery_service,Delivery,Delivery
29,81,Delivery,2,2,2,2,642,645,16:22,16:25,3,0,0.0,2,7.596,152.404,160.0,0,B1886,delivery_service,Delivery,Delivery
29,82,Pickup,2,2,2,2,645,648,16:25,16:28,3,0,0.0,2,0.0,160.0,160.0,1,B1988,pickup_service,Pickup,Pickup
29,83,Movement,2,1,2,1,648,655,16:28,16:35,7,7,13.61,0,0.0,160.0,146.39,1,B1988,passenger_flight,Position,Delivery
29,84,Delivery,1,1,1,1,655,658,16:35,16:38,3,0,0.0,2,8.534,146.39,154.924,0,B1988,delivery_service,Delivery,Delivery
29,85,Stay,1,1,1,1,658,659,16:38,16:39,1,0,0.0,1,4.267,154.924,159.191,0,B2092,parking_charging,Position,Pickup
29,86,Pickup,1,1,1,1,659,662,16:39,16:42,3,0,0.0,2,0.809,159.191,160.0,1,B2092,pickup_service,Pickup,Pickup
29,87,Stay,1,1,1,1,662,668,16:42,16:48,6,0,0.0,6,0.0,160.0,160.0,1,B2092,parking_charging,Position,Movement
29,88,Movement,1,3,1,3,668,674,16:48,16:54,6,6,9.61,0,0.0,160.0,150.39,1,B2092,passenger_flight,Position,Delivery
29,89,Delivery,3,3,3,3,674,677,16:54,16:57,3,0,0.0,2,8.534,150.39,158.924,0,B2092,delivery_service,Delivery,Delivery
29,90,Stay,3,3,3,3,677,681,16:57,17:01,4,0,0.0,4,1.076,158.924,160.0,0,B2274,parking_charging,Position,Pickup
29,91,Pickup,3,3,3,3,681,684,17:01,17:04,3,0,0.0,2,0.0,160.0,160.0,1,B2274,pickup_service,Pickup,Pickup
29,92,Stay,3,3,3,3,684,685,17:04,17:05,1,0,0.0,1,0.0,160.0,160.0,1,B2314,parking_charging,Position,Pickup
29,93,Pickup,3,3,3,3,685,688,17:05,17:08,3,0,0.0,2,0.0,160.0,160.0,2,B2314,pickup_service,Pickup,Pickup
29,94,Movement,3,1,3,1,688,694,17:08,17:14,6,6,9.61,0,0.0,160.0,150.39,2,B2274,passenger_flight,Position,Delivery
29,95,Delivery,1,1,1,1,694,697,17:14,17:17,3,0,0.0,2,8.534,150.39,158.924,1,B2274,delivery_service,Delivery,Delivery
29,96,Delivery,1,1,1,1,697,700,17:17,17:20,3,0,0.0,2,1.076,158.924,160.0,0,B2314,delivery_service,Delivery,Delivery
29,97,Pickup,1,1,1,1,700,703,17:20,17:23,3,0,0.0,2,0.0,160.0,160.0,2,B2453,pickup_service,Pickup,Pickup
29,98,Stay,1,1,1,1,703,704,17:23,17:24,1,0,0.0,1,0.0,160.0,160.0,2,B2604,parking_charging,Position,Movement
29,99,Movement,1,2,1,2,704,711,17:24,17:31,7,7,13.61,0,0.0,160.0,146.39,2,B2604,passenger_flight,Position,Pickup
29,100,Pickup,2,2,2,2,711,714,17:31,17:34,3,0,0.0,2,8.534,146.39,154.924,4,B2604,pickup_service,Pickup,Pickup
29,101,Delivery,2,2,2,2,714,717,17:34,17:37,3,0,0.0,2,5.076,154.924,160.0,2,B2453,delivery_service,Delivery,Delivery
29,102,Pickup,2,2,2,2,717,720,17:37,17:40,3,0,0.0,2,0.0,160.0,160.0,4,B2669,pickup_service,Pickup,Pickup
29,103,Movement,2,5,2,5,720,728,17:40,17:48,8,8,27.57,0,0.0,160.0,132.43,4,B2604,passenger_flight,Position,Delivery
29,104,Delivery,5,5,5,5,728,731,17:48,17:51,3,0,0.0,2,8.534,132.43,140.964,2,B2604,delivery_service,Delivery,Delivery
29,105,Delivery,5,5,5,5,731,734,17:51,17:54,3,0,0.0,2,8.534,140.964,149.498,0,B2669,delivery_service,Delivery,Delivery
29,106,Pickup,5,5,5,5,734,737,17:54,17:57,3,0,0.0,2,8.534,149.498,158.032,1,B2830,pickup_service,Pickup,Pickup
29,107,Stay,5,5,5,5,737,740,17:57,18:00,3,0,0.0,3,1.968,158.032,160.0,1,B2830,parking_charging,Position,Movement
29,108,Movement,5,1,5,1,740,748,18:00,18:08,8,8,14.88,0,0.0,160.0,145.12,1,B2830,passenger_flight,Position,Delivery
29,109,Delivery,1,1,1,1,748,751,18:08,18:11,3,0,0.0,2,8.534,145.12,153.654,0,B2830,delivery_service,Delivery,Delivery
29,110,Pickup,1,1,1,1,751,754,18:11,18:14,3,0,0.0,2,6.346,153.654,160.0,2,B2963,pickup_service,Pickup,Pickup
29,111,Movement,1,6,1,6,754,761,18:14,18:21,7,7,23.39,0,0.0,160.0,136.61,2,B2963,passenger_flight,Position,Delivery
29,112,Delivery,6,6,6,6,761,764,18:21,18:24,3,0,0.0,2,8.534,136.61,145.144,0,B2963,delivery_service,Delivery,Delivery
29,113,Movement,6,1,6,1,764,771,18:24,18:31,7,7,23.39,0,0.0,145.144,121.754,0,B3068,empty_repositioning,Position,Pickup
29,114,Pickup,1,1,1,1,771,774,18:31,18:34,3,0,0.0,2,8.534,121.754,130.288,1,B3068,pickup_service,Pickup,Pickup
29,115,Movement,1,2,1,2,774,781,18:34,18:41,7,7,13.61,0,0.0,130.288,116.678,1,B3068,passenger_flight,Position,Delivery
29,116,Delivery,2,2,2,2,781,784,18:41,18:44,3,0,0.0,2,8.534,116.678,125.212,0,B3068,delivery_service,Delivery,Delivery
29,117,Pickup,2,2,2,2,784,787,18:44,18:47,3,0,0.0,2,8.534,125.212,133.746,2,B3168,pickup_service,Pickup,Pickup
29,118,Pickup,2,2,2,2,787,790,18:47,18:50,3,0,0.0,2,8.534,133.746,142.28,4,B3200,pickup_service,Pickup,Pickup
29,119,Movement,2,4,2,4,790,796,18:50,18:56,6,6,16.13,0,0.0,142.28,126.15,4,B3168,passenger_flight,Position,Delivery
29,120,Delivery,4,4,4,4,796,799,18:56,18:59,3,0,0.0,2,8.534,126.15,134.684,2,B3168,delivery_service,Delivery,Delivery
29,121,Movement,4,1,4,1,799,803,18:59,19:03,4,4,4.98,0,0.0,134.684,129.704,2,B3200,passenger_flight,Position,Delivery
29,122,Delivery,1,1,1,1,803,806,19:03,19:06,3,0,0.0,2,8.534,129.704,138.238,0,B3200,delivery_service,Delivery,Delivery
29,123,Pickup,1,1,1,1,806,809,19:06,19:09,3,0,0.0,2,8.534,138.238,146.772,1,B3312,pickup_service,Pickup,Pickup
29,124,Movement,1,7,1,7,809,816,19:09,19:16,7,7,21.03,0,0.0,146.772,125.742,1,B3312,passenger_flight,Position,Delivery
29,125,Delivery,7,7,7,7,816,819,19:16,19:19,3,0,0.0,2,8.534,125.742,134.276,0,B3312,delivery_service,Delivery,Delivery
29,126,Movement,7,10,7,10,819,835,19:19,19:35,16,16,57.99,0,0.0,134.276,76.286,0,,return_to_depot,Position,Depot
30,0,Stay,1,1,1,1,0,160,05:40,08:20,160,0,0.0,160,0.0,160.0,160.0,0,B211,parking_charging,Position,Movement
30,1,Movement,1,6,1,6,160,167,08:20,08:27,7,7,23.39,0,0.0,160.0,136.61,0,B211,empty_repositioning,Position,Pickup
30,2,Pickup,6,6,6,6,167,170,08:27,08:30,3,0,0.0,2,8.534,136.61,145.144,1,B211,pickup_service,Pickup,Pickup
30,3,Movement,6,3,6,3,170,180,08:30,08:40,10,10,32.98,0,0.0,145.144,112.164,1,B211,passenger_flight,Position,Delivery
30,4,Delivery,3,3,3,3,180,183,08:40,08:43,3,0,0.0,2,8.534,112.164,120.698,0,B211,delivery_service,Delivery,Delivery
30,5,Stay,3,3,3,3,183,187,08:43,08:47,4,0,0.0,4,17.068,120.698,137.766,0,B305,parking_charging,Position,Pickup
30,6,Pickup,3,3,3,3,187,190,08:47,08:50,3,0,0.0,2,8.534,137.766,146.3,1,B305,pickup_service,Pickup,Pickup
30,7,Stay,3,3,3,3,190,194,08:50,08:54,4,0,0.0,4,13.7,146.3,160.0,1,B332,parking_charging,Position,Pickup
30,8,Pickup,3,3,3,3,194,197,08:54,08:57,3,0,0.0,2,0.0,160.0,160.0,3,B332,pickup_service,Pickup,Pickup
30,9,Movement,3,4,3,4,197,204,08:57,09:04,7,7,12.6,0,0.0,160.0,147.4,3,B305,passenger_flight,Position,Delivery
30,10,Delivery,4,4,4,4,204,207,09:04,09:07,3,0,0.0,2,8.534,147.4,155.934,2,B305,delivery_service,Delivery,Delivery
30,11,Delivery,4,4,4,4,207,210,09:07,09:10,3,0,0.0,2,4.066,155.934,160.0,0,B332,delivery_service,Delivery,Delivery
30,12,Stay,4,4,4,4,210,223,09:10,09:23,13,0,0.0,13,0.0,160.0,160.0,0,B441,parking_charging,Position,Movement
30,13,Movement,4,10,4,10,223,235,09:23,09:35,12,12,42.86,0,0.0,160.0,117.14,0,B441,empty_repositioning,Position,Pickup
30,14,Pickup,10,10,10,10,235,238,09:35,09:38,3,0,0.0,2,8.534,117.14,125.674,1,B441,pickup_service,Pickup,Pickup
30,15,Stay,10,10,10,10,238,246,09:38,09:46,8,0,0.0,8,34.136,125.674,159.81,1,B441,parking_charging,Position,Movement
30,16,Movement,10,9,10,9,246,265,09:46,10:05,19,19,69.89,0,0.0,159.81,89.92,1,B441,passenger_flight,Position,Delivery
30,17,Delivery,9,9,9,9,265,268,10:05,10:08,3,0,0.0,2,8.534,89.92,98.454,0,B441,delivery_service,Delivery,Delivery
30,18,Pickup,9,9,9,9,268,271,10:08,10:11,3,0,0.0,2,8.534,98.454,106.988,1,B524,pickup_service,Pickup,Pickup
30,19,Pickup,9,9,9,9,271,274,10:11,10:14,3,0,0.0,2,8.534,106.988,115.522,2,B527,pickup_service,Pickup,Pickup
30,20,Movement,9,4,9,4,274,289,10:14,10:29,15,15,55.47,0,0.0,115.522,60.052,2,B524,passenger_flight,Position,Delivery
30,21,Delivery,4,4,4,4,289,292,10:29,10:32,3,0,0.0,2,8.534,60.052,68.586,1,B524,delivery_service,Delivery,Delivery
30,22,Delivery,4,4,4,4,292,295,10:32,10:35,3,0,0.0,2,8.534,68.586,77.12,0,B527,delivery_service,Delivery,Delivery
30,23,Pickup,4,4,4,4,295,298,10:35,10:38,3,0,0.0,2,8.534,77.12,85.654,1,B662,pickup_service,Pickup,Pickup
30,24,Movement,4,2,4,2,298,304,10:38,10:44,6,6,16.13,0,0.0,85.654,69.524,1,B662,passenger_flight,Position,Delivery
30,25,Delivery,2,2,2,2,304,307,10:44,10:47,3,0,0.0,2,8.534,69.524,78.058,0,B662,delivery_service,Delivery,Delivery
30,26,Stay,2,2,2,2,307,309,10:47,10:49,2,0,0.0,2,8.534,78.058,86.592,0,B776,parking_charging,Position,Pickup
30,27,Pickup,2,2,2,2,309,312,10:49,10:52,3,0,0.0,2,8.534,86.592,95.126,1,B776,pickup_service,Pickup,Pickup
30,28,Movement,2,3,2,3,312,315,10:52,10:55,3,3,4.08,0,0.0,95.126,91.046,1,B791,passenger_flight,Position,Pickup
30,29,Pickup,3,3,3,3,315,318,10:55,10:58,3,0,0.0,2,8.534,91.046,99.58,2,B791,pickup_service,Pickup,Pickup
30,30,Movement,3,1,3,1,318,324,10:58,11:04,6,6,9.61,0,0.0,99.58,89.97,2,B776,passenger_flight,Position,Delivery
30,31,Delivery,1,1,1,1,324,327,11:04,11:07,3,0,0.0,2,8.534,89.97,98.504,1,B776,delivery_service,Delivery,Delivery
30,32,Delivery,1,1,1,1,327,330,11:07,11:10,3,0,0.0,2,8.534,98.504,107.038,0,B791,delivery_service,Delivery,Delivery
30,33,Movement,1,3,1,3,330,336,11:10,11:16,6,6,9.61,0,0.0,107.038,97.428,0,B889,empty_repositioning,Position,Pickup
30,34,Pickup,3,3,3,3,336,339,11:16,11:19,3,0,0.0,2,8.534,97.428,105.962,1,B889,pickup_service,Pickup,Pickup
30,35,Stay,3,3,3,3,339,342,11:19,11:22,3,0,0.0,3,12.801,105.962,118.763,1,B889,parking_charging,Position,Movement
30,36,Movement,3,6,3,6,342,352,11:22,11:32,10,10,32.98,0,0.0,118.763,85.783,1,B889,passenger_flight,Position,Delivery
30,37,Delivery,6,6,6,6,352,355,11:32,11:35,3,0,0.0,2,8.534,85.783,94.317,0,B889,delivery_service,Delivery,Delivery
30,38,Pickup,6,6,6,6,355,358,11:35,11:38,3,0,0.0,2,8.534,94.317,102.851,1,B986,pickup_service,Pickup,Pickup
30,39,Stay,6,6,6,6,358,359,11:38,11:39,1,0,0.0,1,4.267,102.851,107.118,1,B1002,parking_charging,Position,Pickup
30,40,Pickup,6,6,6,6,359,362,11:39,11:42,3,0,0.0,2,8.534,107.118,115.652,2,B1002,pickup_service,Pickup,Pickup
30,41,Movement,6,1,6,1,362,369,11:42,11:49,7,7,23.39,0,0.0,115.652,92.262,2,B986,passenger_flight,Position,Delivery
30,42,Delivery,1,1,1,1,369,372,11:49,11:52,3,0,0.0,2,8.534,92.262,100.796,1,B986,delivery_service,Delivery,Delivery
30,43,Delivery,1,1,1,1,372,375,11:52,11:55,3,0,0.0,2,8.534,100.796,109.33,0,B1002,delivery_service,Delivery,Delivery
30,44,Pickup,1,1,1,1,375,378,11:55,11:58,3,0,0.0,2,8.534,109.33,117.864,1,B1051,pickup_service,Pickup,Pickup
30,45,Movement,1,10,1,10,378,391,11:58,12:11,13,13,47.44,0,0.0,117.864,70.424,1,B1051,passenger_flight,Position,Delivery
30,46,Delivery,10,10,10,10,391,394,12:11,12:14,3,0,0.0,2,8.534,70.424,78.958,0,B1051,delivery_service,Delivery,Delivery
30,47,Stay,10,10,10,10,394,397,12:14,12:17,3,0,0.0,3,12.801,78.958,91.759,0,B1109,parking_charging,Position,Pickup
30,48,Pickup,10,10,10,10,397,400,12:17,12:20,3,0,0.0,2,8.534,91.759,100.293,1,B1109,pickup_service,Pickup,Pickup
30,49,Stay,10,10,10,10,400,407,12:20,12:27,7,0,0.0,7,29.869,100.293,130.162,1,B1109,parking_charging,Position,Movement
30,50,Movement,10,4,10,4,407,419,12:27,12:39,12,12,42.86,0,0.0,130.162,87.302,1,B1109,passenger_flight,Position,Delivery
30,51,Delivery,4,4,4,4,419,422,12:39,12:42,3,0,0.0,2,8.534,87.302,95.836,0,B1109,delivery_service,Delivery,Delivery
30,52,Stay,4,4,4,4,422,424,12:42,12:44,2,0,0.0,2,8.534,95.836,104.37,0,B1177,parking_charging,Position,Pickup
30,53,Pickup,4,4,4,4,424,427,12:44,12:47,3,0,0.0,2,8.534,104.37,112.904,1,B1177,pickup_service,Pickup,Pickup
30,54,Stay,4,4,4,4,427,432,12:47,12:52,5,0,0.0,5,21.335,112.904,134.239,1,B1197,parking_charging,Position,Pickup
30,55,Pickup,4,4,4,4,432,435,12:52,12:55,3,0,0.0,2,8.534,134.239,142.773,2,B1197,pickup_service,Pickup,Pickup
30,56,Movement,4,9,4,9,435,450,12:55,13:10,15,15,55.47,0,0.0,142.773,87.303,2,B1177,passenger_flight,Position,Delivery
30,57,Delivery,9,9,9,9,450,453,13:10,13:13,3,0,0.0,2,8.534,87.303,95.837,1,B1177,delivery_service,Delivery,Delivery
30,58,Delivery,9,9,9,9,453,456,13:13,13:16,3,0,0.0,2,8.534,95.837,104.371,0,B1197,delivery_service,Delivery,Delivery
30,59,Pickup,9,9,9,9,456,459,13:16,13:19,3,0,0.0,2,8.534,104.371,112.905,1,B1235,pickup_service,Pickup,Pickup
30,60,Movement,9,3,9,3,459,474,13:19,13:34,15,15,52.78,0,0.0,112.905,60.125,1,B1235,passenger_flight,Position,Delivery
30,61,Delivery,3,3,3,3,474,477,13:34,13:37,3,0,0.0,2,8.534,60.125,68.659,0,B1235,delivery_service,Delivery,Delivery
30,62,Stay,3,3,3,3,477,518,13:37,14:18,41,0,0.0,41,91.341,68.659,160.0,0,B1411,parking_charging,Position,Pickup
30,63,Pickup,3,3,3,3,518,521,14:18,14:21,3,0,0.0,2,0.0,160.0,160.0,1,B1411,pickup_service,Pickup,Pickup
30,64,Stay,3,3,3,3,521,524,14:21,14:24,3,0,0.0,3,0.0,160.0,160.0,1,B1411,parking_charging,Position,Movement
30,65,Movement,3,5,3,5,524,532,14:24,14:32,8,8,23.93,0,0.0,160.0,136.07,1,B1411,passenger_flight,Position,Delivery
30,66,Delivery,5,5,5,5,532,535,14:32,14:35,3,0,0.0,2,8.534,136.07,144.604,0,B1411,delivery_service,Delivery,Delivery
30,67,Stay,5,5,5,5,535,545,14:35,14:45,10,0,0.0,10,15.396,144.604,160.0,0,B1558,parking_charging,Position,Movement
30,68,Movement,5,3,5,3,545,553,14:45,14:53,8,8,23.93,0,0.0,160.0,136.07,0,B1558,empty_repositioning,Position,Pickup
30,69,Pickup,3,3,3,3,553,556,14:53,14:56,3,0,0.0,2,8.534,136.07,144.604,1,B1558,pickup_service,Pickup,Pickup
30,70,Movement,3,4,3,4,556,563,14:56,15:03,7,7,12.6,0,0.0,144.604,132.004,1,B1558,passenger_flight,Position,Delivery
30,71,Delivery,4,4,4,4,563,566,15:03,15:06,3,0,0.0,2,8.534,132.004,140.538,0,B1558,delivery_service,Delivery,Delivery
30,72,Pickup,4,4,4,4,566,569,15:06,15:09,3,0,0.0,2,8.534,140.538,149.072,1,B1602,pickup_service,Pickup,Pickup
30,73,Pickup,4,4,4,4,569,572,15:09,15:12,3,0,0.0,2,8.534,149.072,157.606,2,B1624,pickup_service,Pickup,Pickup
30,74,Movement,4,2,4,2,572,578,15:12,15:18,6,6,16.13,0,0.0,157.606,141.476,2,B1602,passenger_flight,Position,Delivery
30,75,Delivery,2,2,2,2,578,581,15:18,15:21,3,0,0.0,2,8.534,141.476,150.01,1,B1602,delivery_service,Delivery,Delivery
30,76,Movement,2,3,2,3,581,584,15:21,15:24,3,3,4.08,0,0.0,150.01,145.93,1,B1624,passenger_flight,Position,Delivery
30,77,Delivery,3,3,3,3,584,587,15:24,15:27,3,0,0.0,2,8.534,145.93,154.464,0,B1624,delivery_service,Delivery,Delivery
30,78,Stay,3,3,3,3,587,615,15:27,15:55,28,0,0.0,28,5.536,154.464,160.0,0,B1816,parking_charging,Position,Pickup
30,79,Pickup,3,3,3,3,615,618,15:55,15:58,3,0,0.0,2,0.0,160.0,160.0,1,B1816,pickup_service,Pickup,Pickup
30,80,Pickup,3,3,3,3,618,621,15:58,16:01,3,0,0.0,2,0.0,160.0,160.0,2,B1805,pickup_service,Pickup,Pickup
30,81,Movement,3,1,3,1,621,627,16:01,16:07,6,6,9.61,0,0.0,160.0,150.39,2,B1805,passenger_flight,Position,Delivery
30,82,Delivery,1,1,1,1,627,630,16:07,16:10,3,0,0.0,2,8.534,150.39,158.924,1,B1805,delivery_service,Delivery,Delivery
30,83,Delivery,1,1,1,1,630,633,16:10,16:13,3,0,0.0,2,1.076,158.924,160.0,0,B1816,delivery_service,Delivery,Delivery
30,84,Stay,1,1,1,1,633,641,16:13,16:21,8,0,0.0,8,0.0,160.0,160.0,0,B1987,parking_charging,Position,Pickup
30,85,Pickup,1,1,1,1,641,644,16:21,16:24,3,0,0.0,2,0.0,160.0,160.0,1,B1987,pickup_service,Pickup,Pickup
30,86,Pickup,1,1,1,1,644,647,16:24,16:27,3,0,0.0,2,0.0,160.0,160.0,3,B1999,pickup_service,Pickup,Pickup
30,87,Pickup,1,1,1,1,647,650,16:27,16:30,3,0,0.0,2,0.0,160.0,160.0,4,B2012,pickup_service,Pickup,Pickup
30,88,Movement,1,6,1,6,650,657,16:30,16:37,7,7,23.39,0,0.0,160.0,136.61,4,B1987,passenger_flight,Position,Delivery
30,89,Delivery,6,6,6,6,657,660,16:37,16:40,3,0,0.0,2,8.534,136.61,145.144,3,B1987,delivery_service,Delivery,Delivery
30,90,Delivery,6,6,6,6,660,663,16:40,16:43,3,0,0.0,2,8.534,145.144,153.678,1,B1999,delivery_service,Delivery,Delivery
30,91,Delivery,6,6,6,6,663,666,16:43,16:46,3,0,0.0,2,6.322,153.678,160.0,0,B2012,delivery_service,Delivery,Delivery
30,92,Stay,6,6,6,6,666,682,16:46,17:02,16,0,0.0,16,0.0,160.0,160.0,0,B2289,parking_charging,Position,Pickup
30,93,Pickup,6,6,6,6,682,685,17:02,17:05,3,0,0.0,2,0.0,160.0,160.0,1,B2289,pickup_service,Pickup,Pickup
30,94,Movement,6,1,6,1,685,692,17:05,17:12,7,7,23.39,0,0.0,160.0,136.61,1,B2362,passenger_flight,Position,Pickup
30,95,Pickup,1,1,1,1,692,695,17:12,17:15,3,0,0.0,2,8.534,136.61,145.144,2,B2362,pickup_service,Pickup,Pickup
30,96,Delivery,1,1,1,1,695,698,17:15,17:18,3,0,0.0,2,8.534,145.144,153.678,1,B2289,delivery_service,Delivery,Delivery
30,97,Movement,1,3,1,3,698,704,17:18,17:24,6,6,9.61,0,0.0,153.678,144.068,1,B2362,passenger_flight,Position,Delivery
30,98,Delivery,3,3,3,3,704,707,17:24,17:27,3,0,0.0,2,8.534,144.068,152.602,0,B2362,delivery_service,Delivery,Delivery
30,99,Pickup,3,3,3,3,707,710,17:27,17:30,3,0,0.0,2,7.398,152.602,160.0,1,B2557,pickup_service,Pickup,Pickup
30,100,Stay,3,3,3,3,710,717,17:30,17:37,7,0,0.0,7,0.0,160.0,160.0,1,B2673,parking_charging,Position,Pickup
30,101,Pickup,3,3,3,3,717,720,17:37,17:40,3,0,0.0,2,0.0,160.0,160.0,4,B2673,pickup_service,Pickup,Pickup
30,102,Movement,3,10,3,10,720,735,17:40,17:55,15,15,54.92,0,0.0,160.0,105.08,4,B2557,passenger_flight,Position,Delivery
30,103,Delivery,10,10,10,10,735,738,17:55,17:58,3,0,0.0,2,8.534,105.08,113.614,3,B2557,delivery_service,Delivery,Delivery
30,104,Delivery,10,10,10,10,738,741,17:58,18:01,3,0,0.0,2,8.534,113.614,122.148,0,B2673,delivery_service,Delivery,Delivery
30,105,Stay,10,10,10,10,741,761,18:01,18:21,20,0,0.0,20,37.852,122.148,160.0,0,B3055,parking_charging,Position,Pickup
30,106,Pickup,10,10,10,10,761,764,18:21,18:24,3,0,0.0,2,0.0,160.0,160.0,1,B3055,pickup_service,Pickup,Pickup
30,107,Stay,10,10,10,10,764,768,18:24,18:28,4,0,0.0,4,0.0,160.0,160.0,1,B3102,parking_charging,Position,Pickup
30,108,Pickup,10,10,10,10,768,771,18:28,18:31,3,0,0.0,2,0.0,160.0,160.0,2,B3102,pickup_service,Pickup,Pickup
30,109,Movement,10,4,10,4,771,783,18:31,18:43,12,12,42.86,0,0.0,160.0,117.14,2,B3055,passenger_flight,Position,Delivery
30,110,Delivery,4,4,4,4,783,786,18:43,18:46,3,0,0.0,2,8.534,117.14,125.674,1,B3055,delivery_service,Delivery,Delivery
30,111,Stay,4,4,4,4,786,789,18:46,18:49,3,0,0.0,3,12.801,125.674,138.475,1,B3102,parking_charging,Position,Movement
30,112,Movement,4,1,4,1,789,793,18:49,18:53,4,4,4.98,0,0.0,138.475,133.495,1,B3102,passenger_flight,Position,Delivery
30,113,Delivery,1,1,1,1,793,796,18:53,18:56,3,0,0.0,2,8.534,133.495,142.029,0,B3102,delivery_service,Delivery,Delivery
30,114,Stay,1,1,1,1,796,797,18:56,18:57,1,0,0.0,1,4.267,142.029,146.296,0,B3271,parking_charging,Position,Pickup
30,115,Pickup,1,1,1,1,797,800,18:57,19:00,3,0,0.0,2,8.534,146.296,154.83,1,B3271,pickup_service,Pickup,Pickup
30,116,Stay,1,1,1,1,800,805,19:00,19:05,5,0,0.0,5,5.17,154.83,160.0,1,B3271,parking_charging,Position,Movement
30,117,Movement,1,3,1,3,805,811,19:05,19:11,6,6,9.61,0,0.0,160.0,150.39,1,B3271,passenger_flight,Position,Delivery
30,118,Delivery,3,3,3,3,811,814,19:11,19:14,3,0,0.0,2,8.534,150.39,158.924,0,B3271,delivery_service,Delivery,Delivery
30,119,Movement,3,1,3,1,814,820,19:14,19:20,6,6,9.61,0,0.0,158.924,149.314,0,,return_to_depot,Position,Depot
31,0,Stay,2,2,2,2,0,146,05:40,08:06,146,0,0.0,146,0.0,160.0,160.0,0,B149,parking_charging,Position,Pickup
31,1,Pickup,2,2,2,2,146,149,08:06,08:09,3,0,0.0,2,0.0,160.0,160.0,1,B149,pickup_service,Pickup,Pickup
31,2,Pickup,2,2,2,2,149,152,08:09,08:12,3,0,0.0,2,0.0,160.0,160.0,2,B143,pickup_service,Pickup,Pickup
31,3,Movement,2,4,2,4,152,158,08:12,08:18,6,6,16.13,0,0.0,160.0,143.87,2,B149,passenger_flight,Position,Delivery
31,4,Delivery,4,4,4,4,158,161,08:18,08:21,3,0,0.0,2,8.534,143.87,152.404,1,B149,delivery_service,Delivery,Delivery
31,5,Delivery,4,4,4,4,161,164,08:21,08:24,3,0,0.0,2,7.596,152.404,160.0,0,B143,delivery_service,Delivery,Delivery
31,6,Movement,4,6,4,6,164,171,08:24,08:31,7,7,22.06,0,0.0,160.0,137.94,0,B232,empty_repositioning,Position,Pickup
31,7,Pickup,6,6,6,6,171,174,08:31,08:34,3,0,0.0,2,8.534,137.94,146.474,1,B232,pickup_service,Pickup,Pickup
31,8,Movement,6,7,6,7,174,186,08:34,08:46,12,12,43.48,0,0.0,146.474,102.994,1,B232,passenger_flight,Position,Delivery
31,9,Delivery,7,7,7,7,186,189,08:46,08:49,3,0,0.0,2,8.534,102.994,111.528,0,B232,delivery_service,Delivery,Delivery
31,10,Stay,7,7,7,7,189,219,08:49,09:19,30,0,0.0,30,48.472,111.528,160.0,0,B402,parking_charging,Position,Pickup
31,11,Pickup,7,7,7,7,219,222,09:19,09:22,3,0,0.0,2,0.0,160.0,160.0,1,B402,pickup_service,Pickup,Pickup
31,12,Stay,7,7,7,7,222,229,09:22,09:29,7,0,0.0,7,0.0,160.0,160.0,1,B402,parking_charging,Position,Movement
31,13,Movement,7,4,7,4,229,236,09:29,09:36,7,7,21.43,0,0.0,160.0,138.57,1,B402,passenger_flight,Position,Delivery
31,14,Delivery,4,4,4,4,236,239,09:36,09:39,3,0,0.0,2,8.534,138.57,147.104,0,B402,delivery_service,Delivery,Delivery
31,15,Stay,4,4,4,4,239,260,09:39,10:00,21,0,0.0,21,12.896,147.104,160.0,0,B534,parking_charging,Position,Movement
31,16,Movement,4,10,4,10,260,272,10:00,10:12,12,12,42.86,0,0.0,160.0,117.14,0,B534,empty_repositioning,Position,Pickup
31,17,Pickup,10,10,10,10,272,275,10:12,10:15,3,0,0.0,2,8.534,117.14,125.674,1,B534,pickup_service,Pickup,Pickup
31,18,Movement,10,4,10,4,275,287,10:15,10:27,12,12,42.86,0,0.0,125.674,82.814,1,B534,passenger_flight,Position,Delivery
31,19,Delivery,4,4,4,4,287,290,10:27,10:30,3,0,0.0,2,8.534,82.814,91.348,0,B534,delivery_service,Delivery,Delivery
31,20,Pickup,4,4,4,4,290,293,10:30,10:33,3,0,0.0,2,8.534,91.348,99.882,1,B647,pickup_service,Pickup,Pickup
31,21,Movement,4,2,4,2,293,299,10:33,10:39,6,6,16.13,0,0.0,99.882,83.752,1,B647,passenger_flight,Position,Delivery
31,22,Delivery,2,2,2,2,299,302,10:39,10:42,3,0,0.0,2,8.534,83.752,92.286,0,B647,delivery_service,Delivery,Delivery
31,23,Stay,2,2,2,2,302,303,10:42,10:43,1,0,0.0,1,4.267,92.286,96.553,0,B735,parking_charging,Position,Pickup
31,24,Pickup,2,2,2,2,303,306,10:43,10:46,3,0,0.0,2,8.534,96.553,105.087,1,B735,pickup_service,Pickup,Pickup
31,25,Stay,2,2,2,2,306,310,10:46,10:50,4,0,0.0,4,17.068,105.087,122.155,1,B781,parking_charging,Position,Pickup
31,26,Pickup,2,2,2,2,310,313,10:50,10:53,3,0,0.0,2,8.534,122.155,130.689,2,B781,pickup_service,Pickup,Pickup
31,27,Movement,2,5,2,5,313,321,10:53,11:01,8,8,27.57,0,0.0,130.689,103.119,2,B735,passenger_flight,Position,Delivery
31,28,Delivery,5,5,5,5,321,324,11:01,11:04,3,0,0.0,2,8.534,103.119,111.653,1,B735,delivery_service,Delivery,Delivery
31,29,Stay,5,5,5,5,324,327,11:04,11:07,3,0,0.0,3,12.801,111.653,124.454,1,B781,parking_charging,Position,Delivery
31,30,Delivery,5,5,5,5,327,330,11:07,11:10,3,0,0.0,2,8.534,124.454,132.988,0,B781,delivery_service,Delivery,Delivery
31,31,Stay,5,5,5,5,330,331,11:10,11:11,1,0,0.0,1,4.267,132.988,137.255,0,B885,parking_charging,Position,Pickup
31,32,Pickup,5,5,5,5,331,334,11:11,11:14,3,0,0.0,2,8.534,137.255,145.789,1,B885,pickup_service,Pickup,Pickup
31,33,Movement,5,3,5,3,334,342,11:14,11:22,8,8,23.93,0,0.0,145.789,121.859,1,B885,passenger_flight,Position,Delivery
31,34,Delivery,3,3,3,3,342,345,11:22,11:25,3,0,0.0,2,8.534,121.859,130.393,0,B885,delivery_service,Delivery,Delivery
31,35,Movement,3,4,3,4,345,352,11:25,11:32,7,7,12.6,0,0.0,130.393,117.793,0,B955,empty_repositioning,Position,Pickup
31,36,Pickup,4,4,4,4,352,355,11:32,11:35,3,0,0.0,2,8.534,117.793,126.327,1,B955,pickup_service,Pickup,Pickup
31,37,Movement,4,2,4,2,355,361,11:35,11:41,6,6,16.13,0,0.0,126.327,110.197,1,B955,passenger_flight,Position,Delivery
31,38,Delivery,2,2,2,2,361,364,11:41,11:44,3,0,0.0,2,8.534,110.197,118.731,0,B955,delivery_service,Delivery,Delivery
31,39,Stay,2,2,2,2,364,425,11:44,12:45,61,0,0.0,61,41.269,118.731,160.0,0,B1182,parking_charging,Position,Pickup
31,40,Pickup,2,2,2,2,425,428,12:45,12:48,3,0,0.0,2,0.0,160.0,160.0,1,B1182,pickup_service,Pickup,Pickup
31,41,Stay,2,2,2,2,428,429,12:48,12:49,1,0,0.0,1,0.0,160.0,160.0,1,B1188,parking_charging,Position,Pickup
31,42,Pickup,2,2,2,2,429,432,12:49,12:52,3,0,0.0,2,0.0,160.0,160.0,2,B1188,pickup_service,Pickup,Pickup
31,43,Pickup,2,2,2,2,432,435,12:52,12:55,3,0,0.0,2,0.0,160.0,160.0,4,B1196,pickup_service,Pickup,Pickup
31,44,Movement,2,5,2,5,435,443,12:55,13:03,8,8,27.57,0,0.0,160.0,132.43,4,B1182,passenger_flight,Position,Delivery
31,45,Delivery,5,5,5,5,443,446,13:03,13:06,3,0,0.0,2,8.534,132.43,140.964,3,B1182,delivery_service,Delivery,Delivery
31,46,Delivery,5,5,5,5,446,449,13:06,13:09,3,0,0.0,2,8.534,140.964,149.498,2,B1188,delivery_service,Delivery,Delivery
31,47,Delivery,5,5,5,5,449,452,13:09,13:12,3,0,0.0,2,8.534,149.498,158.032,0,B1196,delivery_service,Delivery,Delivery
31,48,Pickup,5,5,5,5,452,455,13:12,13:15,3,0,0.0,2,1.968,158.032,160.0,1,B1233,pickup_service,Pickup,Pickup
31,49,Movement,5,9,5,9,455,472,13:15,13:32,17,17,62.04,0,0.0,160.0,97.96,1,B1233,passenger_flight,Position,Delivery
31,50,Delivery,9,9,9,9,472,475,13:32,13:35,3,0,0.0,2,8.534,97.96,106.494,0,B1233,delivery_service,Delivery,Delivery
31,51,Stay,9,9,9,9,475,480,13:35,13:40,5,0,0.0,5,21.335,106.494,127.829,0,B1294,parking_charging,Position,Movement
31,52,Movement,9,8,9,8,480,486,13:40,13:46,6,6,18.04,0,0.0,127.829,109.789,0,B1294,empty_repositioning,Position,Pickup
31,53,Pickup,8,8,8,8,486,489,13:46,13:49,3,0,0.0,2,8.534,109.789,118.323,1,B1294,pickup_service,Pickup,Pickup
31,54,Pickup,8,8,8,8,489,492,13:49,13:52,3,0,0.0,2,8.534,118.323,126.857,2,B1306,pickup_service,Pickup,Pickup
31,55,Movement,8,3,8,3,492,502,13:52,14:02,10,10,35.17,0,0.0,126.857,91.687,2,B1294,passenger_flight,Position,Delivery
31,56,Delivery,3,3,3,3,502,505,14:02,14:05,3,0,0.0,2,8.534,91.687,100.221,1,B1294,delivery_service,Delivery,Delivery
31,57,Movement,3,6,3,6,505,515,14:05,14:15,10,10,32.98,0,0.0,100.221,67.241,1,B1306,passenger_flight,Position,Delivery
31,58,Delivery,6,6,6,6,515,518,14:15,14:18,3,0,0.0,2,8.534,67.241,75.775,0,B1306,delivery_service,Delivery,Delivery
31,59,Stay,6,6,6,6,518,535,14:18,14:35,17,0,0.0,17,72.539,75.775,148.314,0,B1492,parking_charging,Position,Pickup
31,60,Pickup,6,6,6,6,535,538,14:35,14:38,3,0,0.0,2,8.534,148.314,156.848,1,B1492,pickup_service,Pickup,Pickup
31,61,Pickup,6,6,6,6,538,541,14:38,14:41,3,0,0.0,2,3.152,156.848,160.0,3,B1487,pickup_service,Pickup,Pickup
31,62,Movement,6,7,6,7,541,553,14:41,14:53,12,12,43.48,0,0.0,160.0,116.52,3,B1492,passenger_flight,Position,Delivery
31,63,Delivery,7,7,7,7,553,556,14:53,14:56,3,0,0.0,2,8.534,116.52,125.054,2,B1492,delivery_service,Delivery,Delivery
31,64,Delivery,7,7,7,7,556,559,14:56,14:59,3,0,0.0,2,8.534,125.054,133.588,0,B1487,delivery_service,Delivery,Delivery
31,65,Stay,7,7,7,7,559,561,14:59,15:01,2,0,0.0,2,8.534,133.588,142.122,0,B1597,parking_charging,Position,Pickup
31,66,Pickup,7,7,7,7,561,564,15:01,15:04,3,0,0.0,2,8.534,142.122,150.656,1,B1597,pickup_service,Pickup,Pickup
31,67,Movement,7,1,7,1,564,571,15:04,15:11,7,7,21.03,0,0.0,150.656,129.626,1,B1597,passenger_flight,Position,Delivery
31,68,Delivery,1,1,1,1,571,574,15:11,15:14,3,0,0.0,2,8.534,129.626,138.16,0,B1597,delivery_service,Delivery,Delivery
31,69,Pickup,1,1,1,1,574,577,15:14,15:17,3,0,0.0,2,8.534,138.16,146.694,1,B1642,pickup_service,Pickup,Pickup
31,70,Movement,1,7,1,7,577,584,15:17,15:24,7,7,21.03,0,0.0,146.694,125.664,1,B1642,passenger_flight,Position,Delivery
31,71,Delivery,7,7,7,7,584,587,15:24,15:27,3,0,0.0,2,8.534,125.664,134.198,0,B1642,delivery_service,Delivery,Delivery
31,72,Stay,7,7,7,7,587,589,15:27,15:29,2,0,0.0,2,8.534,134.198,142.732,0,B1704,parking_charging,Position,Pickup
31,73,Pickup,7,7,7,7,589,592,15:29,15:32,3,0,0.0,2,8.534,142.732,151.266,1,B1704,pickup_service,Pickup,Pickup
31,74,Stay,7,7,7,7,592,594,15:32,15:34,2,0,0.0,2,8.534,151.266,159.8,1,B1731,parking_charging,Position,Pickup
31,75,Pickup,7,7,7,7,594,597,15:34,15:37,3,0,0.0,2,0.2,159.8,160.0,2,B1731,pickup_service,Pickup,Pickup
31,76,Movement,7,4,7,4,597,604,15:37,15:44,7,7,21.43,0,0.0,160.0,138.57,2,B1704,passenger_flight,Position,Delivery
31,77,Delivery,4,4,4,4,604,607,15:44,15:47,3,0,0.0,2,8.534,138.57,147.104,1,B1704,delivery_service,Delivery,Delivery
31,78,Movement,4,5,4,5,607,613,15:47,15:53,6,6,11.45,0,0.0,147.104,135.654,1,B1731,passenger_flight,Position,Delivery
31,79,Delivery,5,5,5,5,613,616,15:53,15:56,3,0,0.0,2,8.534,135.654,144.188,0,B1731,delivery_service,Delivery,Delivery
31,80,Stay,5,5,5,5,616,620,15:56,16:00,4,0,0.0,4,15.812,144.188,160.0,0,B1871,parking_charging,Position,Movement
31,81,Movement,5,6,5,6,620,627,16:00,16:07,7,7,12.76,0,0.0,160.0,147.24,0,B1871,empty_repositioning,Position,Pickup
31,82,Pickup,6,6,6,6,627,630,16:07,16:10,3,0,0.0,2,8.534,147.24,155.774,1,B1871,pickup_service,Pickup,Pickup
31,83,Movement,6,10,6,10,630,641,16:10,16:21,11,11,35.74,0,0.0,155.774,120.034,1,B1871,passenger_flight,Position,Delivery
31,84,Delivery,10,10,10,10,641,644,16:21,16:24,3,0,0.0,2,8.534,120.034,128.568,0,B1871,delivery_service,Delivery,Delivery
31,85,Pickup,10,10,10,10,644,647,16:24,16:27,3,0,0.0,2,8.534,128.568,137.102,1,B1993,pickup_service,Pickup,Pickup
31,86,Pickup,10,10,10,10,647,650,16:27,16:30,3,0,0.0,2,8.534,137.102,145.636,2,B1985,pickup_service,Pickup,Pickup
31,87,Movement,10,3,10,3,650,665,16:30,16:45,15,15,54.92,0,0.0,145.636,90.716,2,B1985,passenger_flight,Position,Delivery
31,88,Delivery,3,3,3,3,665,668,16:45,16:48,3,0,0.0,2,8.534,90.716,99.25,1,B1985,delivery_service,Delivery,Delivery
31,89,Delivery,3,3,3,3,668,671,16:48,16:51,3,0,0.0,2,8.534,99.25,107.784,0,B1993,delivery_service,Delivery,Delivery
31,90,Pickup,3,3,3,3,671,674,16:51,16:54,3,0,0.0,2,8.534,107.784,116.318,1,B2180,pickup_service,Pickup,Pickup
31,91,Pickup,3,3,3,3,674,677,16:54,16:57,3,0,0.0,2,8.534,116.318,124.852,4,B2173,pickup_service,Pickup,Pickup
31,92,Movement,3,5,3,5,677,685,16:57,17:05,8,8,23.93,0,0.0,124.852,100.922,4,B2173,passenger_flight,Position,Delivery
31,93,Delivery,5,5,5,5,685,688,17:05,17:08,3,0,0.0,2,8.534,100.922,109.456,1,B2173,delivery_service,Delivery,Delivery
31,94,Delivery,5,5,5,5,688,691,17:08,17:11,3,0,0.0,2,8.534,109.456,117.99,0,B2180,delivery_service,Delivery,Delivery
31,95,Stay,5,5,5,5,691,722,17:11,17:42,31,0,0.0,31,42.01,117.99,160.0,0,B2730,parking_charging,Position,Pickup
31,96,Pickup,5,5,5,5,722,725,17:42,17:45,3,0,0.0,2,0.0,160.0,160.0,1,B2730,pickup_service,Pickup,Pickup
31,97,Pickup,5,5,5,5,725,728,17:45,17:48,3,0,0.0,2,0.0,160.0,160.0,2,B2717,pickup_service,Pickup,Pickup
31,98,Movement,5,10,5,10,728,738,17:48,17:58,10,10,33.52,0,0.0,160.0,126.48,2,B2717,passenger_flight,Position,Delivery
31,99,Delivery,10,10,10,10,738,741,17:58,18:01,3,0,0.0,2,8.534,126.48,135.014,1,B2717,delivery_service,Delivery,Delivery
31,100,Delivery,10,10,10,10,741,744,18:01,18:04,3,0,0.0,2,8.534,135.014,143.548,0,B2730,delivery_service,Delivery,Delivery
31,101,Pickup,10,10,10,10,744,747,18:04,18:07,3,0,0.0,2,8.534,143.548,152.082,1,B2930,pickup_service,Pickup,Pickup
31,102,Movement,10,7,10,7,747,763,18:07,18:23,16,16,57.99,0,0.0,152.082,94.092,1,B2930,passenger_flight,Position,Delivery
31,103,Delivery,7,7,7,7,763,766,18:23,18:26,3,0,0.0,2,8.534,94.092,102.626,0,B2930,delivery_service,Delivery,Delivery
31,104,Stay,7,7,7,7,766,779,18:26,18:39,13,0,0.0,13,55.471,102.626,158.097,0,B3171,parking_charging,Position,Pickup
31,105,Pickup,7,7,7,7,779,782,18:39,18:42,3,0,0.0,2,1.903,158.097,160.0,1,B3171,pickup_service,Pickup,Pickup
31,106,Stay,7,7,7,7,782,788,18:42,18:48,6,0,0.0,6,0.0,160.0,160.0,1,B3171,parking_charging,Position,Movement
31,107,Movement,7,3,7,3,788,795,18:48,18:55,7,7,13.33,0,0.0,160.0,146.67,1,B3171,passenger_flight,Position,Delivery
31,108,Delivery,3,3,3,3,795,798,18:55,18:58,3,0,0.0,2,8.534,146.67,155.204,0,B3171,delivery_service,Delivery,Delivery
31,109,Stay,3,3,3,3,798,800,18:58,19:00,2,0,0.0,2,4.796,155.204,160.0,0,B3319,parking_charging,Position,Movement
31,110,Movement,3,1,3,1,800,806,19:00,19:06,6,6,9.61,0,0.0,160.0,150.39,0,B3319,empty_repositioning,Position,Pickup
31,111,Pickup,1,1,1,1,806,809,19:06,19:09,3,0,0.0,2,8.534,150.39,158.924,1,B3319,pickup_service,Pickup,Pickup
31,112,Movement,1,2,1,2,809,816,19:09,19:16,7,7,13.61,0,0.0,158.924,145.314,1,B3319,passenger_flight,Position,Delivery
31,113,Delivery,2,2,2,2,816,819,19:16,19:19,3,0,0.0,2,8.534,145.314,153.848,0,B3319,delivery_service,Delivery,Delivery
32,0,Stay,3,3,3,3,0,122,05:40,07:42,122,0,0.0,122,0.0,160.0,160.0,0,B99,parking_charging,Position,Pickup
32,1,Pickup,3,3,3,3,122,125,07:42,07:45,3,0,0.0,2,0.0,160.0,160.0,1,B99,pickup_service,Pickup,Pickup
32,2,Movement,3,8,3,8,125,135,07:45,07:55,10,10,35.17,0,0.0,160.0,124.83,1,B114,passenger_flight,Position,Pickup
32,3,Pickup,8,8,8,8,135,138,07:55,07:58,3,0,0.0,2,8.534,124.83,133.364,2,B114,pickup_service,Pickup,Pickup
32,4,Delivery,8,8,8,8,138,141,07:58,08:01,3,0,0.0,2,8.534,133.364,141.898,1,B99,delivery_service,Delivery,Delivery
32,5,Movement,8,4,8,4,141,152,08:01,08:12,11,11,39.54,0,0.0,141.898,102.358,1,B114,passenger_flight,Position,Delivery
32,6,Delivery,4,4,4,4,152,155,08:12,08:15,3,0,0.0,2,8.534,102.358,110.892,0,B114,delivery_service,Delivery,Delivery
32,7,Stay,4,4,4,4,155,160,08:15,08:20,5,0,0.0,5,21.335,110.892,132.227,0,B227,parking_charging,Position,Movement
32,8,Movement,4,6,4,6,160,167,08:20,08:27,7,7,22.06,0,0.0,132.227,110.167,0,B227,empty_repositioning,Position,Pickup
32,9,Pickup,6,6,6,6,167,170,08:27,08:30,3,0,0.0,2,8.534,110.167,118.701,1,B227,pickup_service,Pickup,Pickup
32,10,Movement,6,3,6,3,170,180,08:30,08:40,10,10,32.98,0,0.0,118.701,85.721,1,B227,passenger_flight,Position,Delivery
32,11,Delivery,3,3,3,3,180,183,08:40,08:43,3,0,0.0,2,8.534,85.721,94.255,0,B227,delivery_service,Delivery,Delivery
32,12,Stay,3,3,3,3,183,205,08:43,09:05,22,0,0.0,22,65.745,94.255,160.0,0,B366,parking_charging,Position,Pickup
32,13,Pickup,3,3,3,3,205,208,09:05,09:08,3,0,0.0,2,0.0,160.0,160.0,1,B366,pickup_service,Pickup,Pickup
32,14,Stay,3,3,3,3,208,212,09:08,09:12,4,0,0.0,4,0.0,160.0,160.0,1,B385,parking_charging,Position,Pickup
32,15,Pickup,3,3,3,3,212,215,09:12,09:15,3,0,0.0,2,0.0,160.0,160.0,2,B385,pickup_service,Pickup,Pickup
32,16,Movement,3,1,3,1,215,221,09:15,09:21,6,6,9.61,0,0.0,160.0,150.39,2,B366,passenger_flight,Position,Delivery
32,17,Delivery,1,1,1,1,221,224,09:21,09:24,3,0,0.0,2,8.534,150.39,158.924,1,B366,delivery_service,Delivery,Delivery
32,18,Movement,1,4,1,4,224,228,09:24,09:28,4,4,4.98,0,0.0,158.924,153.944,1,B385,passenger_flight,Position,Delivery
32,19,Delivery,4,4,4,4,228,231,09:28,09:31,3,0,0.0,2,6.056,153.944,160.0,0,B385,delivery_service,Delivery,Delivery
32,20,Stay,4,4,4,4,231,240,09:31,09:40,9,0,0.0,9,0.0,160.0,160.0,0,B465,parking_charging,Position,Movement
32,21,Movement,4,3,4,3,240,247,09:40,09:47,7,7,12.6,0,0.0,160.0,147.4,0,B465,empty_repositioning,Position,Pickup
32,22,Pickup,3,3,3,3,247,250,09:47,09:50,3,0,0.0,2,8.534,147.4,155.934,1,B465,pickup_service,Pickup,Pickup
32,23,Movement,3,6,3,6,250,260,09:50,10:00,10,10,32.98,0,0.0,155.934,122.954,1,B465,passenger_flight,Position,Delivery
32,24,Delivery,6,6,6,6,260,263,10:00,10:03,3,0,0.0,2,8.534,122.954,131.488,0,B465,delivery_service,Delivery,Delivery
32,25,Stay,6,6,6,6,263,290,10:03,10:30,27,0,0.0,27,28.512,131.488,160.0,0,B670,parking_charging,Position,Pickup
32,26,Pickup,6,6,6,6,290,293,10:30,10:33,3,0,0.0,2,0.0,160.0,160.0,2,B670,pickup_service,Pickup,Pickup
32,27,Stay,6,6,6,6,293,297,10:33,10:37,4,0,0.0,4,0.0,160.0,160.0,2,B711,parking_charging,Position,Pickup
32,28,Pickup,6,6,6,6,297,300,10:37,10:40,3,0,0.0,2,0.0,160.0,160.0,4,B711,pickup_service,Pickup,Pickup
32,29,Movement,6,7,6,7,300,312,10:40,10:52,12,12,43.48,0,0.0,160.0,116.52,4,B670,passenger_flight,Position,Delivery
32,30,Delivery,7,7,7,7,312,315,10:52,10:55,3,0,0.0,2,8.534,116.52,125.054,2,B670,delivery_service,Delivery,Delivery
32,31,Delivery,7,7,7,7,315,318,10:55,10:58,3,0,0.0,2,8.534,125.054,133.588,0,B711,delivery_service,Delivery,Delivery
32,32,Stay,7,7,7,7,318,320,10:58,11:00,2,0,0.0,2,8.534,133.588,142.122,0,B833,parking_charging,Position,Pickup
32,33,Pickup,7,7,7,7,320,323,11:00,11:03,3,0,0.0,2,8.534,142.122,150.656,1,B833,pickup_service,Pickup,Pickup
32,34,Stay,7,7,7,7,323,325,11:03,11:05,2,0,0.0,2,8.534,150.656,159.19,1,B861,parking_charging,Position,Pickup
32,35,Pickup,7,7,7,7,325,328,11:05,11:08,3,0,0.0,2,0.81,159.19,160.0,2,B861,pickup_service,Pickup,Pickup
32,36,Movement,7,4,7,4,328,335,11:08,11:15,7,7,21.43,0,0.0,160.0,138.57,2,B833,passenger_flight,Position,Delivery
32,37,Delivery,4,4,4,4,335,338,11:15,11:18,3,0,0.0,2,8.534,138.57,147.104,1,B833,delivery_service,Delivery,Delivery
32,38,Movement,4,1,4,1,338,342,11:18,11:22,4,4,4.98,0,0.0,147.104,142.124,1,B861,passenger_flight,Position,Delivery
32,39,Delivery,1,1,1,1,342,345,11:22,11:25,3,0,0.0,2,8.534,142.124,150.658,0,B861,delivery_service,Delivery,Delivery
32,40,Stay,1,1,1,1,345,359,11:25,11:39,14,0,0.0,14,9.342,150.658,160.0,0,B1001,parking_charging,Position,Pickup
32,41,Pickup,1,1,1,1,359,362,11:39,11:42,3,0,0.0,2,0.0,160.0,160.0,1,B1001,pickup_service,Pickup,Pickup
32,42,Stay,1,1,1,1,362,371,11:42,11:51,9,0,0.0,9,0.0,160.0,160.0,1,B1001,parking_charging,Position,Movement
32,43,Movement,1,9,1,9,371,387,11:51,12:07,16,16,57.72,0,0.0,160.0,102.28,1,B1001,passenger_flight,Position,Delivery
32,44,Delivery,9,9,9,9,387,390,12:07,12:10,3,0,0.0,2,8.534,102.28,110.814,0,B1001,delivery_service,Delivery,Delivery
32,45,Stay,9,9,9,9,390,396,12:10,12:16,6,0,0.0,6,25.602,110.814,136.416,0,B1103,parking_charging,Position,Pickup
32,46,Pickup,9,9,9,9,396,399,12:16,12:19,3,0,0.0,2,8.534,136.416,144.95,1,B1103,pickup_service,Pickup,Pickup
32,47,Movement,9,6,9,6,399,419,12:19,12:39,20,20,74.79,0,0.0,144.95,70.16,1,B1103,passenger_flight,Position,Delivery
32,48,Delivery,6,6,6,6,419,422,12:39,12:42,3,0,0.0,2,8.534,70.16,78.694,0,B1103,delivery_service,Delivery,Delivery
32,49,Stay,6,6,6,6,422,442,12:42,13:02,20,0,0.0,20,81.306,78.694,160.0,0,B1217,parking_charging,Position,Pickup
32,50,Pickup,6,6,6,6,442,445,13:02,13:05,3,0,0.0,2,0.0,160.0,160.0,1,B1217,pickup_service,Pickup,Pickup
32,51,Movement,6,1,6,1,445,452,13:05,13:12,7,7,23.39,0,0.0,160.0,136.61,1,B1217,passenger_flight,Position,Delivery
32,52,Delivery,1,1,1,1,452,455,13:12,13:15,3,0,0.0,2,8.534,136.61,145.144,0,B1217,delivery_service,Delivery,Delivery
32,53,Stay,1,1,1,1,455,461,13:15,13:21,6,0,0.0,6,14.856,145.144,160.0,0,B1251,parking_charging,Position,Pickup
32,54,Pickup,1,1,1,1,461,464,13:21,13:24,3,0,0.0,2,0.0,160.0,160.0,1,B1251,pickup_service,Pickup,Pickup
32,55,Movement,1,10,1,10,464,477,13:24,13:37,13,13,47.44,0,0.0,160.0,112.56,1,B1251,passenger_flight,Position,Delivery
32,56,Delivery,10,10,10,10,477,480,13:37,13:40,3,0,0.0,2,8.534,112.56,121.094,0,B1251,delivery_service,Delivery,Delivery
32,57,Stay,10,10,10,10,480,491,13:40,13:51,11,0,0.0,11,38.906,121.094,160.0,0,B1319,parking_charging,Position,Pickup
32,58,Pickup,10,10,10,10,491,494,13:51,13:54,3,0,0.0,2,0.0,160.0,160.0,2,B1319,pickup_service,Pickup,Pickup
32,59,Stay,10,10,10,10,494,495,13:54,13:55,1,0,0.0,1,0.0,160.0,160.0,2,B1326,parking_charging,Position,Pickup
32,60,Pickup,10,10,10,10,495,498,13:55,13:58,3,0,0.0,2,0.0,160.0,160.0,3,B1326,pickup_service,Pickup,Pickup
32,61,Movement,10,3,10,3,498,513,13:58,14:13,15,15,54.92,0,0.0,160.0,105.08,3,B1319,passenger_flight,Position,Delivery
32,62,Delivery,3,3,3,3,513,516,14:13,14:16,3,0,0.0,2,8.534,105.08,113.614,1,B1319,delivery_service,Delivery,Delivery
32,63,Delivery,3,3,3,3,516,519,14:16,14:19,3,0,0.0,2,8.534,113.614,122.148,0,B1326,delivery_service,Delivery,Delivery
32,64,Stay,3,3,3,3,519,520,14:19,14:20,1,0,0.0,1,4.267,122.148,126.415,0,B1406,parking_charging,Position,Pickup
32,65,Pickup,3,3,3,3,520,523,14:20,14:23,3,0,0.0,2,8.534,126.415,134.949,1,B1406,pickup_service,Pickup,Pickup
32,66,Pickup,3,3,3,3,523,526,14:23,14:26,3,0,0.0,2,8.534,134.949,143.483,2,B1424,pickup_service,Pickup,Pickup
32,67,Movement,3,5,3,5,526,534,14:26,14:34,8,8,23.93,0,0.0,143.483,119.553,2,B1406,passenger_flight,Position,Delivery
32,68,Delivery,5,5,5,5,534,537,14:34,14:37,3,0,0.0,2,8.534,119.553,128.087,1,B1406,delivery_service,Delivery,Delivery
32,69,Movement,5,10,5,10,537,547,14:37,14:47,10,10,33.52,0,0.0,128.087,94.567,1,B1424,passenger_flight,Position,Delivery
32,70,Delivery,10,10,10,10,547,550,14:47,14:50,3,0,0.0,2,8.534,94.567,103.101,0,B1424,delivery_service,Delivery,Delivery
32,71,Stay,10,10,10,10,550,555,14:50,14:55,5,0,0.0,5,21.335,103.101,124.436,0,B1571,parking_charging,Position,Pickup
32,72,Pickup,10,10,10,10,555,558,14:55,14:58,3,0,0.0,2,8.534,124.436,132.97,1,B1571,pickup_service,Pickup,Pickup
32,73,Pickup,10,10,10,10,558,561,14:58,15:01,3,0,0.0,2,8.534,132.97,141.504,2,B1575,pickup_service,Pickup,Pickup
32,74,Movement,10,3,10,3,561,576,15:01,15:16,15,15,54.92,0,0.0,141.504,86.584,2,B1575,passenger_flight,Position,Delivery
32,75,Delivery,3,3,3,3,576,579,15:16,15:19,3,0,0.0,2,8.534,86.584,95.118,1,B1575,delivery_service,Delivery,Delivery
32,76,Delivery,3,3,3,3,579,582,15:19,15:22,3,0,0.0,2,8.534,95.118,103.652,0,B1571,delivery_service,Delivery,Delivery
32,77,Pickup,3,3,3,3,582,585,15:22,15:25,3,0,0.0,2,8.534,103.652,112.186,2,B1648,pickup_service,Pickup,Pickup
32,78,Movement,3,5,3,5,585,593,15:25,15:33,8,8,23.93,0,0.0,112.186,88.256,2,B1648,passenger_flight,Position,Delivery
32,79,Delivery,5,5,5,5,593,596,15:33,15:36,3,0,0.0,2,8.534,88.256,96.79,0,B1648,delivery_service,Delivery,Delivery
32,80,Stay,5,5,5,5,596,600,15:36,15:40,4,0,0.0,4,17.068,96.79,113.858,0,B1772,parking_charging,Position,Movement
32,81,Movement,5,6,5,6,600,607,15:40,15:47,7,7,12.76,0,0.0,113.858,101.098,0,B1772,empty_repositioning,Position,Pickup
32,82,Pickup,6,6,6,6,607,610,15:47,15:50,3,0,0.0,2,8.534,101.098,109.632,1,B1772,pickup_service,Pickup,Pickup
32,83,Movement,6,7,6,7,610,622,15:50,16:02,12,12,43.48,0,0.0,109.632,66.152,1,B1772,passenger_flight,Position,Delivery
32,84,Delivery,7,7,7,7,622,625,16:02,16:05,3,0,0.0,2,8.534,66.152,74.686,0,B1772,delivery_service,Delivery,Delivery
32,85,Stay,7,7,7,7,625,633,16:05,16:13,8,0,0.0,8,34.136,74.686,108.822,0,B1932,parking_charging,Position,Pickup
32,86,Pickup,7,7,7,7,633,636,16:13,16:16,3,0,0.0,2,8.534,108.822,117.356,1,B1932,pickup_service,Pickup,Pickup
32,87,Stay,7,7,7,7,636,639,16:16,16:19,3,0,0.0,3,12.801,117.356,130.157,1,B1979,parking_charging,Position,Pickup
32,88,Pickup,7,7,7,7,639,642,16:19,16:22,3,0,0.0,2,8.534,130.157,138.691,2,B1979,pickup_service,Pickup,Pickup
32,89,Movement,7,1,7,1,642,649,16:22,16:29,7,7,21.03,0,0.0,138.691,117.661,2,B1932,passenger_flight,Position,Delivery
32,90,Delivery,1,1,1,1,649,652,16:29,16:32,3,0,0.0,2,8.534,117.661,126.195,1,B1932,delivery_service,Delivery,Delivery
32,91,Movement,1,4,1,4,652,656,16:32,16:36,4,4,4.98,0,0.0,126.195,121.215,1,B1979,passenger_flight,Position,Delivery
32,92,Delivery,4,4,4,4,656,659,16:36,16:39,3,0,0.0,2,8.534,121.215,129.749,0,B1979,delivery_service,Delivery,Delivery
32,93,Stay,4,4,4,4,659,667,16:39,16:47,8,0,0.0,8,30.251,129.749,160.0,0,B2196,parking_charging,Position,Movement
32,94,Movement,4,1,4,1,667,671,16:47,16:51,4,4,4.98,0,0.0,160.0,155.02,0,B2196,empty_repositioning,Position,Pickup
32,95,Pickup,1,1,1,1,671,674,16:51,16:54,3,0,0.0,2,4.98,155.02,160.0,1,B2196,pickup_service,Pickup,Pickup
32,96,Stay,1,1,1,1,674,678,16:54,16:58,4,0,0.0,4,0.0,160.0,160.0,1,B2248,parking_charging,Position,Pickup
32,97,Pickup,1,1,1,1,678,681,16:58,17:01,3,0,0.0,2,0.0,160.0,160.0,3,B2248,pickup_service,Pickup,Pickup
32,98,Movement,1,6,1,6,681,688,17:01,17:08,7,7,23.39,0,0.0,160.0,136.61,3,B2196,passenger_flight,Position,Delivery
32,99,Delivery,6,6,6,6,688,691,17:08,17:11,3,0,0.0,2,8.534,136.61,145.144,2,B2196,delivery_service,Delivery,Delivery
32,100,Delivery,6,6,6,6,691,694,17:11,17:14,3,0,0.0,2,8.534,145.144,153.678,0,B2248,delivery_service,Delivery,Delivery
32,101,Pickup,6,6,6,6,694,697,17:14,17:17,3,0,0.0,2,6.322,153.678,160.0,1,B2430,pickup_service,Pickup,Pickup
32,102,Movement,6,1,6,1,697,704,17:17,17:24,7,7,23.39,0,0.0,160.0,136.61,1,B2430,passenger_flight,Position,Delivery
32,103,Delivery,1,1,1,1,704,707,17:24,17:27,3,0,0.0,2,8.534,136.61,145.144,0,B2430,delivery_service,Delivery,Delivery
32,104,Pickup,1,1,1,1,707,710,17:27,17:30,3,0,0.0,2,8.534,145.144,153.678,2,B2464,pickup_service,Pickup,Pickup
32,105,Movement,1,10,1,10,710,723,17:30,17:43,13,13,47.44,0,0.0,153.678,106.238,2,B2464,passenger_flight,Position,Delivery
32,106,Delivery,10,10,10,10,723,726,17:43,17:46,3,0,0.0,2,8.534,106.238,114.772,0,B2464,delivery_service,Delivery,Delivery
32,107,Stay,10,10,10,10,726,730,17:46,17:50,4,0,0.0,4,17.068,114.772,131.84,0,B2820,parking_charging,Position,Pickup
32,108,Pickup,10,10,10,10,730,733,17:50,17:53,3,0,0.0,2,8.534,131.84,140.374,1,B2820,pickup_service,Pickup,Pickup
32,109,Pickup,10,10,10,10,733,736,17:53,17:56,3,0,0.0,2,8.534,140.374,148.908,2,B2849,pickup_service,Pickup,Pickup
32,110,Movement,10,4,10,4,736,748,17:56,18:08,12,12,42.86,0,0.0,148.908,106.048,2,B2849,passenger_flight,Position,Delivery
32,111,Delivery,4,4,4,4,748,751,18:08,18:11,3,0,0.0,2,8.534,106.048,114.582,1,B2849,delivery_service,Delivery,Delivery
32,112,Movement,4,3,4,3,751,758,18:11,18:18,7,7,12.6,0,0.0,114.582,101.982,1,B2820,passenger_flight,Position,Delivery
32,113,Delivery,3,3,3,3,758,761,18:18,18:21,3,0,0.0,2,8.534,101.982,110.516,0,B2820,delivery_service,Delivery,Delivery
32,114,Stay,3,3,3,3,761,763,18:21,18:23,2,0,0.0,2,8.534,110.516,119.05,0,B3084,parking_charging,Position,Movement
32,115,Movement,3,2,3,2,763,766,18:23,18:26,3,3,4.08,0,0.0,119.05,114.97,0,B3084,empty_repositioning,Position,Pickup
32,116,Pickup,2,2,2,2,766,769,18:26,18:29,3,0,0.0,2,8.534,114.97,123.504,1,B3084,pickup_service,Pickup,Pickup
32,117,Pickup,2,2,2,2,769,772,18:29,18:32,3,0,0.0,2,8.534,123.504,132.038,2,B3078,pickup_service,Pickup,Pickup
32,118,Movement,2,4,2,4,772,778,18:32,18:38,6,6,16.13,0,0.0,132.038,115.908,2,B3084,passenger_flight,Position,Delivery
32,119,Delivery,4,4,4,4,778,781,18:38,18:41,3,0,0.0,2,8.534,115.908,124.442,1,B3084,delivery_service,Delivery,Delivery
32,120,Stay,4,4,4,4,781,782,18:41,18:42,1,0,0.0,1,4.267,124.442,128.709,1,B3078,parking_charging,Position,Delivery
32,121,Delivery,4,4,4,4,782,785,18:42,18:45,3,0,0.0,2,8.534,128.709,137.243,0,B3078,delivery_service,Delivery,Delivery
32,122,Stay,4,4,4,4,785,787,18:45,18:47,2,0,0.0,2,8.534,137.243,145.777,0,B3222,parking_charging,Position,Pickup
32,123,Pickup,4,4,4,4,787,790,18:47,18:50,3,0,0.0,2,8.534,145.777,154.311,1,B3222,pickup_service,Pickup,Pickup
32,124,Stay,4,4,4,4,790,793,18:50,18:53,3,0,0.0,3,5.689,154.311,160.0,1,B3255,parking_charging,Position,Pickup
32,125,Pickup,4,4,4,4,793,796,18:53,18:56,3,0,0.0,2,0.0,160.0,160.0,3,B3255,pickup_service,Pickup,Pickup
32,126,Movement,4,3,4,3,796,803,18:56,19:03,7,7,12.6,0,0.0,160.0,147.4,3,B3222,passenger_flight,Position,Delivery
32,127,Delivery,3,3,3,3,803,806,19:03,19:06,3,0,0.0,2,8.534,147.4,155.934,2,B3222,delivery_service,Delivery,Delivery
32,128,Delivery,3,3,3,3,806,809,19:06,19:09,3,0,0.0,2,4.066,155.934,160.0,0,B3255,delivery_service,Delivery,Delivery
33,0,Stay,4,4,4,4,0,122,05:40,07:42,122,0,0.0,122,0.0,160.0,160.0,0,B111,parking_charging,Position,Movement
33,1,Movement,4,6,4,6,122,129,07:42,07:49,7,7,22.06,0,0.0,160.0,137.94,0,B111,empty_repositioning,Position,Pickup
33,2,Pickup,6,6,6,6,129,132,07:49,07:52,3,0,0.0,2,8.534,137.94,146.474,1,B111,pickup_service,Pickup,Pickup
33,3,Pickup,6,6,6,6,132,135,07:52,07:55,3,0,0.0,2,8.534,146.474,155.008,2,B108,pickup_service,Pickup,Pickup
33,4,Movement,6,7,6,7,135,147,07:55,08:07,12,12,43.48,0,0.0,155.008,111.528,2,B111,passenger_flight,Position,Delivery
33,5,Delivery,7,7,7,7,147,150,08:07,08:10,3,0,0.0,2,8.534,111.528,120.062,1,B111,delivery_service,Delivery,Delivery
33,6,Delivery,7,7,7,7,150,153,08:10,08:13,3,0,0.0,2,8.534,120.062,128.596,0,B108,delivery_service,Delivery,Delivery
33,7,Stay,7,7,7,7,153,160,08:13,08:20,7,0,0.0,7,29.869,128.596,158.465,0,B184,parking_charging,Position,Pickup
33,8,Pickup,7,7,7,7,160,163,08:20,08:23,3,0,0.0,2,1.535,158.465,160.0,2,B184,pickup_service,Pickup,Pickup
33,9,Movement,7,4,7,4,163,170,08:23,08:30,7,7,21.43,0,0.0,160.0,138.57,2,B184,passenger_flight,Position,Delivery
33,10,Delivery,4,4,4,4,170,173,08:30,08:33,3,0,0.0,2,8.534,138.57,147.104,0,B184,delivery_service,Delivery,Delivery
33,11,Stay,4,4,4,4,173,180,08:33,08:40,7,0,0.0,7,12.896,147.104,160.0,0,B296,parking_charging,Position,Movement
33,12,Movement,4,6,4,6,180,187,08:40,08:47,7,7,22.06,0,0.0,160.0,137.94,0,B296,empty_repositioning,Position,Pickup
33,13,Pickup,6,6,6,6,187,190,08:47,08:50,3,0,0.0,2,8.534,137.94,146.474,1,B296,pickup_service,Pickup,Pickup
33,14,Movement,6,7,6,7,190,202,08:50,09:02,12,12,43.48,0,0.0,146.474,102.994,1,B296,passenger_flight,Position,Delivery
33,15,Delivery,7,7,7,7,202,205,09:02,09:05,3,0,0.0,2,8.534,102.994,111.528,0,B296,delivery_service,Delivery,Delivery
33,16,Stay,7,7,7,7,205,273,09:05,10:13,68,0,0.0,68,48.472,111.528,160.0,0,B582,parking_charging,Position,Pickup
33,17,Pickup,7,7,7,7,273,276,10:13,10:16,3,0,0.0,2,0.0,160.0,160.0,1,B582,pickup_service,Pickup,Pickup
33,18,Pickup,7,7,7,7,276,279,10:16,10:19,3,0,0.0,2,0.0,160.0,160.0,2,B595,pickup_service,Pickup,Pickup
33,19,Movement,7,1,7,1,279,286,10:19,10:26,7,7,21.03,0,0.0,160.0,138.97,2,B582,passenger_flight,Position,Delivery
33,20,Delivery,1,1,1,1,286,289,10:26,10:29,3,0,0.0,2,8.534,138.97,147.504,1,B582,delivery_service,Delivery,Delivery
33,21,Movement,1,5,1,5,289,297,10:29,10:37,8,8,14.88,0,0.0,147.504,132.624,1,B595,passenger_flight,Position,Delivery
33,22,Delivery,5,5,5,5,297,300,10:37,10:40,3,0,0.0,2,8.534,132.624,141.158,0,B595,delivery_service,Delivery,Delivery
33,23,Pickup,5,5,5,5,300,303,10:40,10:43,3,0,0.0,2,8.534,141.158,149.692,1,B695,pickup_service,Pickup,Pickup
33,24,Movement,5,1,5,1,303,311,10:43,10:51,8,8,14.88,0,0.0,149.692,134.812,1,B695,passenger_flight,Position,Delivery
33,25,Delivery,1,1,1,1,311,314,10:51,10:54,3,0,0.0,2,8.534,134.812,143.346,0,B695,delivery_service,Delivery,Delivery
33,26,Stay,1,1,1,1,314,320,10:54,11:00,6,0,0.0,6,16.654,143.346,160.0,0,B810,parking_charging,Position,Movement
33,27,Movement,1,4,1,4,320,324,11:00,11:04,4,4,4.98,0,0.0,160.0,155.02,0,B810,empty_repositioning,Position,Pickup
33,28,Pickup,4,4,4,4,324,327,11:04,11:07,3,0,0.0,2,4.98,155.02,160.0,1,B810,pickup_service,Pickup,Pickup
33,29,Movement,4,9,4,9,327,342,11:07,11:22,15,15,55.47,0,0.0,160.0,104.53,1,B810,passenger_flight,Position,Delivery
33,30,Delivery,9,9,9,9,342,345,11:22,11:25,3,0,0.0,2,8.534,104.53,113.064,0,B810,delivery_service,Delivery,Delivery
33,31,Pickup,9,9,9,9,345,348,11:25,11:28,3,0,0.0,2,8.534,113.064,121.598,1,B946,pickup_service,Pickup,Pickup
33,32,Pickup,9,9,9,9,348,351,11:28,11:31,3,0,0.0,2,8.534,121.598,130.132,2,B938,pickup_service,Pickup,Pickup
33,33,Movement,9,4,9,4,351,366,11:31,11:46,15,15,55.47,0,0.0,130.132,74.662,2,B946,passenger_flight,Position,Delivery
33,34,Delivery,4,4,4,4,366,369,11:46,11:49,3,0,0.0,2,8.534,74.662,83.196,1,B946,delivery_service,Delivery,Delivery
33,35,Delivery,4,4,4,4,369,372,11:49,11:52,3,0,0.0,2,8.534,83.196,91.73,0,B938,delivery_service,Delivery,Delivery
33,36,Pickup,4,4,4,4,372,375,11:52,11:55,3,0,0.0,2,8.534,91.73,100.264,1,B1031,pickup_service,Pickup,Pickup
33,37,Movement,4,3,4,3,375,382,11:55,12:02,7,7,12.6,0,0.0,100.264,87.664,1,B1031,passenger_flight,Position,Delivery
33,38,Delivery,3,3,3,3,382,385,12:02,12:05,3,0,0.0,2,8.534,87.664,96.198,0,B1031,delivery_service,Delivery,Delivery
33,39,Stay,3,3,3,3,385,400,12:05,12:20,15,0,0.0,15,63.802,96.198,160.0,0,B1100,parking_charging,Position,Pickup
33,40,Pickup,3,3,3,3,400,403,12:20,12:23,3,0,0.0,2,0.0,160.0,160.0,1,B1100,pickup_service,Pickup,Pickup
33,41,Movement,3,9,3,9,403,418,12:23,12:38,15,15,52.78,0,0.0,160.0,107.22,1,B1100,passenger_flight,Position,Delivery
33,42,Delivery,9,9,9,9,418,421,12:38,12:41,3,0,0.0,2,8.534,107.22,115.754,0,B1100,delivery_service,Delivery,Delivery
33,43,Stay,9,9,9,9,421,441,12:41,13:01,20,0,0.0,20,44.246,115.754,160.0,0,B1215,parking_charging,Position,Pickup
33,44,Pickup,9,9,9,9,441,444,13:01,13:04,3,0,0.0,2,0.0,160.0,160.0,1,B1215,pickup_service,Pickup,Pickup
33,45,Pickup,9,9,9,9,444,447,13:04,13:07,3,0,0.0,2,0.0,160.0,160.0,2,B1223,pickup_service,Pickup,Pickup
33,46,Movement,9,1,9,1,447,463,13:07,13:23,16,16,57.72,0,0.0,160.0,102.28,2,B1223,passenger_flight,Position,Delivery
33,47,Delivery,1,1,1,1,463,466,13:23,13:26,3,0,0.0,2,8.534,102.28,110.814,1,B1223,delivery_service,Delivery,Delivery
33,48,Delivery,1,1,1,1,466,469,13:26,13:29,3,0,0.0,2,8.534,110.814,119.348,0,B1215,delivery_service,Delivery,Delivery
33,49,Stay,1,1,1,1,469,475,13:29,13:35,6,0,0.0,6,25.602,119.348,144.95,0,B1281,parking_charging,Position,Pickup
33,50,Pickup,1,1,1,1,475,478,13:35,13:38,3,0,0.0,2,8.534,144.95,153.484,1,B1281,pickup_service,Pickup,Pickup
33,51,Pickup,1,1,1,1,478,481,13:38,13:41,3,0,0.0,2,6.516,153.484,160.0,2,B1275,pickup_service,Pickup,Pickup
33,52,Movement,1,10,1,10,481,494,13:41,13:54,13,13,47.44,0,0.0,160.0,112.56,2,B1275,passenger_flight,Position,Delivery
33,53,Delivery,10,10,10,10,494,497,13:54,13:57,3,0,0.0,2,8.534,112.56,121.094,1,B1275,delivery_service,Delivery,Delivery
33,54,Delivery,10,10,10,10,497,500,13:57,14:00,3,0,0.0,2,8.534,121.094,129.628,0,B1281,delivery_service,Delivery,Delivery
33,55,Stay,10,10,10,10,500,503,14:00,14:03,3,0,0.0,3,12.801,129.628,142.429,0,B1349,parking_charging,Position,Pickup
33,56,Pickup,10,10,10,10,503,506,14:03,14:06,3,0,0.0,2,8.534,142.429,150.963,2,B1349,pickup_service,Pickup,Pickup
33,57,Stay,10,10,10,10,506,508,14:06,14:08,2,0,0.0,2,8.534,150.963,159.497,2,B1367,parking_charging,Position,Pickup
33,58,Pickup,10,10,10,10,508,511,14:08,14:11,3,0,0.0,2,0.503,159.497,160.0,3,B1367,pickup_service,Pickup,Pickup
33,59,Movement,10,4,10,4,511,523,14:11,14:23,12,12,42.86,0,0.0,160.0,117.14,3,B1349,passenger_flight,Position,Delivery
33,60,Delivery,4,4,4,4,523,526,14:23,14:26,3,0,0.0,2,8.534,117.14,125.674,1,B1349,delivery_service,Delivery,Delivery
33,61,Movement,4,3,4,3,526,533,14:26,14:33,7,7,12.6,0,0.0,125.674,113.074,1,B1367,passenger_flight,Position,Delivery
33,62,Delivery,3,3,3,3,533,536,14:33,14:36,3,0,0.0,2,8.534,113.074,121.608,0,B1367,delivery_service,Delivery,Delivery
33,63,Stay,3,3,3,3,536,538,14:36,14:38,2,0,0.0,2,8.534,121.608,130.142,0,B1499,parking_charging,Position,Pickup
33,64,Pickup,3,3,3,3,538,541,14:38,14:41,3,0,0.0,2,8.534,130.142,138.676,1,B1499,pickup_service,Pickup,Pickup
33,65,Stay,3,3,3,3,541,544,14:41,14:44,3,0,0.0,3,12.801,138.676,151.477,1,B1499,parking_charging,Position,Movement
33,66,Movement,3,4,3,4,544,551,14:44,14:51,7,7,12.6,0,0.0,151.477,138.877,1,B1499,passenger_flight,Position,Delivery
33,67,Delivery,4,4,4,4,551,554,14:51,14:54,3,0,0.0,2,8.534,138.877,147.411,0,B1499,delivery_service,Delivery,Delivery
33,68,Stay,4,4,4,4,554,560,14:54,15:00,6,0,0.0,6,12.589,147.411,160.0,0,B1578,parking_charging,Position,Pickup
33,69,Pickup,4,4,4,4,560,563,15:00,15:03,3,0,0.0,2,0.0,160.0,160.0,1,B1578,pickup_service,Pickup,Pickup
33,70,Pickup,4,4,4,4,563,566,15:03,15:06,3,0,0.0,2,0.0,160.0,160.0,2,B1595,pickup_service,Pickup,Pickup
33,71,Movement,4,2,4,2,566,572,15:06,15:12,6,6,16.13,0,0.0,160.0,143.87,2,B1578,passenger_flight,Position,Delivery
33,72,Delivery,2,2,2,2,572,575,15:12,15:15,3,0,0.0,2,8.534,143.87,152.404,1,B1578,delivery_service,Delivery,Delivery
33,73,Delivery,2,2,2,2,575,578,15:15,15:18,3,0,0.0,2,7.596,152.404,160.0,0,B1595,delivery_service,Delivery,Delivery
33,74,Stay,2,2,2,2,578,580,15:18,15:20,2,0,0.0,2,0.0,160.0,160.0,0,B1675,parking_charging,Position,Movement
33,75,Movement,2,3,2,3,580,583,15:20,15:23,3,3,4.08,0,0.0,160.0,155.92,0,B1675,empty_repositioning,Position,Pickup
33,76,Pickup,3,3,3,3,583,586,15:23,15:26,3,0,0.0,2,4.08,155.92,160.0,1,B1675,pickup_service,Pickup,Pickup
33,77,Pickup,3,3,3,3,586,589,15:26,15:29,3,0,0.0,2,0.0,160.0,160.0,2,B1670,pickup_service,Pickup,Pickup
33,78,Movement,3,5,3,5,589,597,15:29,15:37,8,8,23.93,0,0.0,160.0,136.07,2,B1670,passenger_flight,Position,Delivery
33,79,Delivery,5,5,5,5,597,600,15:37,15:40,3,0,0.0,2,8.534,136.07,144.604,1,B1670,delivery_service,Delivery,Delivery
33,80,Delivery,5,5,5,5,600,603,15:40,15:43,3,0,0.0,2,8.534,144.604,153.138,0,B1675,delivery_service,Delivery,Delivery
33,81,Stay,5,5,5,5,603,606,15:43,15:46,3,0,0.0,3,6.862,153.138,160.0,0,B1811,parking_charging,Position,Movement
33,82,Movement,5,6,5,6,606,613,15:46,15:53,7,7,12.76,0,0.0,160.0,147.24,0,B1811,empty_repositioning,Position,Pickup
33,83,Pickup,6,6,6,6,613,616,15:53,15:56,3,0,0.0,2,8.534,147.24,155.774,1,B1811,pickup_service,Pickup,Pickup
33,84,Stay,6,6,6,6,616,617,15:56,15:57,1,0,0.0,1,4.226,155.774,160.0,1,B1829,parking_charging,Position,Pickup
33,85,Pickup,6,6,6,6,617,620,15:57,16:00,3,0,0.0,2,0.0,160.0,160.0,2,B1829,pickup_service,Pickup,Pickup
33,86,Stay,6,6,6,6,620,623,16:00,16:03,3,0,0.0,3,0.0,160.0,160.0,2,B1811,parking_charging,Position,Movement
33,87,Movement,6,7,6,7,623,635,16:03,16:15,12,12,43.48,0,0.0,160.0,116.52,2,B1811,passenger_flight,Position,Delivery
33,88,Delivery,7,7,7,7,635,638,16:15,16:18,3,0,0.0,2,8.534,116.52,125.054,1,B1811,delivery_service,Delivery,Delivery
33,89,Delivery,7,7,7,7,638,641,16:18,16:21,3,0,0.0,2,8.534,125.054,133.588,0,B1829,delivery_service,Delivery,Delivery
33,90,Pickup,7,7,7,7,641,644,16:21,16:24,3,0,0.0,2,8.534,133.588,142.122,1,B1965,pickup_service,Pickup,Pickup
33,91,Pickup,7,7,7,7,644,647,16:24,16:27,3,0,0.0,2,8.534,142.122,150.656,2,B1995,pickup_service,Pickup,Pickup
33,92,Movement,7,1,7,1,647,654,16:27,16:34,7,7,21.03,0,0.0,150.656,129.626,2,B1965,passenger_flight,Position,Delivery
33,93,Delivery,1,1,1,1,654,657,16:34,16:37,3,0,0.0,2,8.534,129.626,138.16,1,B1965,delivery_service,Delivery,Delivery
33,94,Delivery,1,1,1,1,657,660,16:37,16:40,3,0,0.0,2,8.534,138.16,146.694,0,B1995,delivery_service,Delivery,Delivery
33,95,Stay,1,1,1,1,660,662,16:40,16:42,2,0,0.0,2,8.534,146.694,155.228,0,B2116,parking_charging,Position,Pickup
33,96,Pickup,1,1,1,1,662,665,16:42,16:45,3,0,0.0,2,4.772,155.228,160.0,1,B2116,pickup_service,Pickup,Pickup
33,97,Movement,1,6,1,6,665,672,16:45,16:52,7,7,23.39,0,0.0,160.0,136.61,1,B2116,passenger_flight,Position,Delivery
33,98,Delivery,6,6,6,6,672,675,16:52,16:55,3,0,0.0,2,8.534,136.61,145.144,0,B2116,delivery_service,Delivery,Delivery
33,99,Stay,6,6,6,6,675,719,16:55,17:39,44,0,0.0,44,14.856,145.144,160.0,0,B2696,parking_charging,Position,Pickup
33,100,Pickup,6,6,6,6,719,722,17:39,17:42,3,0,0.0,2,0.0,160.0,160.0,1,B2696,pickup_service,Pickup,Pickup
33,101,Stay,6,6,6,6,722,727,17:42,17:47,5,0,0.0,5,0.0,160.0,160.0,1,B2696,parking_charging,Position,Movement
33,102,Movement,6,7,6,7,727,739,17:47,17:59,12,12,43.48,0,0.0,160.0,116.52,1,B2696,passenger_flight,Position,Delivery
33,103,Delivery,7,7,7,7,739,742,17:59,18:02,3,0,0.0,2,8.534,116.52,125.054,0,B2696,delivery_service,Delivery,Delivery
33,104,Pickup,7,7,7,7,742,745,18:02,18:05,3,0,0.0,2,8.534,125.054,133.588,1,B2897,pickup_service,Pickup,Pickup
33,105,Movement,7,4,7,4,745,752,18:05,18:12,7,7,21.43,0,0.0,133.588,112.158,1,B2897,passenger_flight,Position,Delivery
33,106,Delivery,4,4,4,4,752,755,18:12,18:15,3,0,0.0,2,8.534,112.158,120.692,0,B2897,delivery_service,Delivery,Delivery
33,107,Stay,4,4,4,4,755,763,18:15,18:23,8,0,0.0,8,34.136,120.692,154.828,0,B3065,parking_charging,Position,Pickup
33,108,Pickup,4,4,4,4,763,766,18:23,18:26,3,0,0.0,2,5.172,154.828,160.0,1,B3065,pickup_service,Pickup,Pickup
33,109,Stay,4,4,4,4,766,769,18:26,18:29,3,0,0.0,3,0.0,160.0,160.0,1,B3106,parking_charging,Position,Pickup
33,110,Pickup,4,4,4,4,769,772,18:29,18:32,3,0,0.0,2,0.0,160.0,160.0,2,B3106,pickup_service,Pickup,Pickup
33,111,Movement,4,2,4,2,772,778,18:32,18:38,6,6,16.13,0,0.0,160.0,143.87,2,B3065,passenger_flight,Position,Delivery
33,112,Delivery,2,2,2,2,778,781,18:38,18:41,3,0,0.0,2,8.534,143.87,152.404,1,B3065,delivery_service,Delivery,Delivery
33,113,Stay,2,2,2,2,781,784,18:41,18:44,3,0,0.0,3,7.596,152.404,160.0,1,B3106,parking_charging,Position,Delivery
33,114,Delivery,2,2,2,2,784,787,18:44,18:47,3,0,0.0,2,0.0,160.0,160.0,0,B3106,delivery_service,Delivery,Delivery
33,115,Stay,2,2,2,2,787,789,18:47,18:49,2,0,0.0,2,0.0,160.0,160.0,0,B3230,parking_charging,Position,Pickup
33,116,Pickup,2,2,2,2,789,792,18:49,18:52,3,0,0.0,2,0.0,160.0,160.0,2,B3230,pickup_service,Pickup,Pickup
33,117,Pickup,2,2,2,2,792,795,18:52,18:55,3,0,0.0,2,0.0,160.0,160.0,4,B3219,pickup_service,Pickup,Pickup
33,118,Movement,2,1,2,1,795,802,18:55,19:02,7,7,13.61,0,0.0,160.0,146.39,4,B3230,passenger_flight,Position,Delivery
33,119,Delivery,1,1,1,1,802,805,19:02,19:05,3,0,0.0,2,8.534,146.39,154.924,2,B3230,delivery_service,Delivery,Delivery
33,120,Delivery,1,1,1,1,805,808,19:05,19:08,3,0,0.0,2,5.076,154.924,160.0,0,B3219,delivery_service,Delivery,Delivery
33,121,Movement,1,4,1,4,808,812,19:08,19:12,4,4,4.98,0,0.0,160.0,155.02,0,,return_to_depot,Position,Depot
34,0,Stay,5,5,5,5,0,111,05:40,07:31,111,0,0.0,111,0.0,160.0,160.0,0,B86,parking_charging,Position,Pickup
34,1,Pickup,5,5,5,5,111,114,07:31,07:34,3,0,0.0,2,0.0,160.0,160.0,1,B86,pickup_service,Pickup,Pickup
34,2,Stay,5,5,5,5,114,118,07:34,07:38,4,0,0.0,4,0.0,160.0,160.0,1,B86,parking_charging,Position,Movement
34,3,Movement,5,7,5,7,118,128,07:38,07:48,10,10,32.24,0,0.0,160.0,127.76,1,B86,passenger_flight,Position,Delivery
34,4,Delivery,7,7,7,7,128,131,07:48,07:51,3,0,0.0,2,8.534,127.76,136.294,0,B86,delivery_service,Delivery,Delivery
34,5,Stay,7,7,7,7,131,166,07:51,08:26,35,0,0.0,35,23.706,136.294,160.0,0,B240,parking_charging,Position,Pickup
34,6,Pickup,7,7,7,7,166,169,08:26,08:29,3,0,0.0,2,0.0,160.0,160.0,1,B240,pickup_service,Pickup,Pickup
34,7,Stay,7,7,7,7,169,170,08:29,08:30,1,0,0.0,1,0.0,160.0,160.0,1,B251,parking_charging,Position,Pickup
34,8,Pickup,7,7,7,7,170,173,08:30,08:33,3,0,0.0,2,0.0,160.0,160.0,3,B251,pickup_service,Pickup,Pickup
34,9,Movement,7,4,7,4,173,180,08:33,08:40,7,7,21.43,0,0.0,160.0,138.57,3,B240,passenger_flight,Position,Delivery
34,10,Delivery,4,4,4,4,180,183,08:40,08:43,3,0,0.0,2,8.534,138.57,147.104,2,B240,delivery_service,Delivery,Delivery
34,11,Delivery,4,4,4,4,183,186,08:43,08:46,3,0,0.0,2,8.534,147.104,155.638,0,B251,delivery_service,Delivery,Delivery
34,12,Stay,4,4,4,4,186,200,08:46,09:00,14,0,0.0,14,4.362,155.638,160.0,0,B361,parking_charging,Position,Movement
34,13,Movement,4,6,4,6,200,207,09:00,09:07,7,7,22.06,0,0.0,160.0,137.94,0,B361,empty_repositioning,Position,Pickup
34,14,Pickup,6,6,6,6,207,210,09:07,09:10,3,0,0.0,2,8.534,137.94,146.474,1,B361,pickup_service,Pickup,Pickup
34,15,Movement,6,9,6,9,210,230,09:10,09:30,20,20,74.79,0,0.0,146.474,71.684,1,B361,passenger_flight,Position,Delivery
34,16,Delivery,9,9,9,9,230,233,09:30,09:33,3,0,0.0,2,8.534,71.684,80.218,0,B361,delivery_service,Delivery,Delivery
34,17,Stay,9,9,9,9,233,240,09:33,09:40,7,0,0.0,7,29.869,80.218,110.087,0,B457,parking_charging,Position,Movement
34,18,Movement,9,8,9,8,240,246,09:40,09:46,6,6,18.04,0,0.0,110.087,92.047,0,B457,empty_repositioning,Position,Pickup
34,19,Pickup,8,8,8,8,246,249,09:46,09:49,3,0,0.0,2,8.534,92.047,100.581,1,B457,pickup_service,Pickup,Pickup
34,20,Stay,8,8,8,8,249,255,09:49,09:55,6,0,0.0,6,25.602,100.581,126.183,1,B457,parking_charging,Position,Movement
34,21,Movement,8,2,8,2,255,265,09:55,10:05,10,10,32.38,0,0.0,126.183,93.803,1,B457,passenger_flight,Position,Delivery
34,22,Delivery,2,2,2,2,265,268,10:05,10:08,3,0,0.0,2,8.534,93.803,102.337,0,B457,delivery_service,Delivery,Delivery
34,23,Pickup,2,2,2,2,268,271,10:08,10:11,3,0,0.0,2,8.534,102.337,110.871,1,B500,pickup_service,Pickup,Pickup
34,24,Movement,2,5,2,5,271,279,10:11,10:19,8,8,27.57,0,0.0,110.871,83.301,1,B500,passenger_flight,Position,Delivery
34,25,Delivery,5,5,5,5,279,282,10:19,10:22,3,0,0.0,2,8.534,83.301,91.835,0,B500,delivery_service,Delivery,Delivery
34,26,Pickup,5,5,5,5,282,285,10:22,10:25,3,0,0.0,2,8.534,91.835,100.369,1,B609,pickup_service,Pickup,Pickup
34,27,Pickup,5,5,5,5,285,288,10:25,10:28,3,0,0.0,2,8.534,100.369,108.903,3,B622,pickup_service,Pickup,Pickup
34,28,Movement,5,3,5,3,288,296,10:28,10:36,8,8,23.93,0,0.0,108.903,84.973,3,B609,passenger_flight,Position,Delivery
34,29,Delivery,3,3,3,3,296,299,10:36,10:39,3,0,0.0,2,8.534,84.973,93.507,2,B609,delivery_service,Delivery,Delivery
34,30,Delivery,3,3,3,3,299,302,10:39,10:42,3,0,0.0,2,8.534,93.507,102.041,0,B622,delivery_service,Delivery,Delivery
34,31,Stay,3,3,3,3,302,313,10:42,10:53,11,0,0.0,11,46.937,102.041,148.978,0,B795,parking_charging,Position,Pickup
34,32,Pickup,3,3,3,3,313,316,10:53,10:56,3,0,0.0,2,8.534,148.978,157.512,1,B795,pickup_service,Pickup,Pickup
34,33,Stay,3,3,3,3,316,319,10:56,10:59,3,0,0.0,3,2.488,157.512,160.0,1,B825,parking_charging,Position,Pickup
34,34,Pickup,3,3,3,3,319,322,10:59,11:02,3,0,0.0,2,0.0,160.0,160.0,2,B825,pickup_service,Pickup,Pickup
34,35,Movement,3,1,3,1,322,328,11:02,11:08,6,6,9.61,0,0.0,160.0,150.39,2,B795,passenger_flight,Position,Delivery
34,36,Delivery,1,1,1,1,328,331,11:08,11:11,3,0,0.0,2,8.534,150.39,158.924,1,B795,delivery_service,Delivery,Delivery
34,37,Delivery,1,1,1,1,331,334,11:11,11:14,3,0,0.0,2,1.076,158.924,160.0,0,B825,delivery_service,Delivery,Delivery
34,38,Stay,1,1,1,1,334,340,11:14,11:20,6,0,0.0,6,0.0,160.0,160.0,0,B928,parking_charging,Position,Movement
34,39,Movement,1,6,1,6,340,347,11:20,11:27,7,7,23.39,0,0.0,160.0,136.61,0,B928,empty_repositioning,Position,Pickup
34,40,Pickup,6,6,6,6,347,350,11:27,11:30,3,0,0.0,2,8.534,136.61,145.144,1,B928,pickup_service,Pickup,Pickup
34,41,Movement,6,8,6,8,350,367,11:30,11:47,17,17,60.41,0,0.0,145.144,84.734,1,B928,passenger_flight,Position,Delivery
34,42,Delivery,8,8,8,8,367,370,11:47,11:50,3,0,0.0,2,8.534,84.734,93.268,0,B928,delivery_service,Delivery,Delivery
34,43,Stay,8,8,8,8,370,372,11:50,11:52,2,0,0.0,2,8.534,93.268,101.802,0,B1042,parking_charging,Position,Pickup
34,44,Pickup,8,8,8,8,372,375,11:52,11:55,3,0,0.0,2,8.534,101.802,110.336,1,B1042,pickup_service,Pickup,Pickup
34,45,Stay,8,8,8,8,375,381,11:55,12:01,6,0,0.0,6,25.602,110.336,135.938,1,B1042,parking_charging,Position,Movement
34,46,Movement,8,4,8,4,381,392,12:01,12:12,11,11,39.54,0,0.0,135.938,96.398,1,B1042,passenger_flight,Position,Delivery
34,47,Delivery,4,4,4,4,392,395,12:12,12:15,3,0,0.0,2,8.534,96.398,104.932,0,B1042,delivery_service,Delivery,Delivery
34,48,Stay,4,4,4,4,395,404,12:15,12:24,9,0,0.0,9,38.403,104.932,143.335,0,B1146,parking_charging,Position,Movement
34,49,Movement,4,6,4,6,404,411,12:24,12:31,7,7,22.06,0,0.0,143.335,121.275,0,B1146,empty_repositioning,Position,Pickup
34,50,Pickup,6,6,6,6,411,414,12:31,12:34,3,0,0.0,2,8.534,121.275,129.809,1,B1146,pickup_service,Pickup,Pickup
34,51,Movement,6,8,6,8,414,431,12:34,12:51,17,17,60.41,0,0.0,129.809,69.399,1,B1146,passenger_flight,Position,Delivery
34,52,Delivery,8,8,8,8,431,434,12:51,12:54,3,0,0.0,2,8.534,69.399,77.933,0,B1146,delivery_service,Delivery,Delivery
34,53,Pickup,8,8,8,8,434,437,12:54,12:57,3,0,0.0,2,8.534,77.933,86.467,1,B1187,pickup_service,Pickup,Pickup
34,54,Movement,8,3,8,3,437,447,12:57,13:07,10,10,35.17,0,0.0,86.467,51.297,1,B1187,passenger_flight,Position,Delivery
34,55,Delivery,3,3,3,3,447,450,13:07,13:10,3,0,0.0,2,8.534,51.297,59.831,0,B1187,delivery_service,Delivery,Delivery
34,56,Stay,3,3,3,3,450,521,13:10,14:21,71,0,0.0,71,100.169,59.831,160.0,0,B1473,parking_charging,Position,Movement
34,57,Movement,3,8,3,8,521,531,14:21,14:31,10,10,35.17,0,0.0,160.0,124.83,0,B1473,empty_repositioning,Position,Pickup
34,58,Pickup,8,8,8,8,531,534,14:31,14:34,3,0,0.0,2,8.534,124.83,133.364,1,B1473,pickup_service,Pickup,Pickup
34,59,Movement,8,3,8,3,534,544,14:34,14:44,10,10,35.17,0,0.0,133.364,98.194,1,B1473,passenger_flight,Position,Delivery
34,60,Delivery,3,3,3,3,544,547,14:44,14:47,3,0,0.0,2,8.534,98.194,106.728,0,B1473,delivery_service,Delivery,Delivery
34,61,Stay,3,3,3,3,547,561,14:47,15:01,14,0,0.0,14,53.272,106.728,160.0,0,B1594,parking_charging,Position,Pickup
34,62,Pickup,3,3,3,3,561,564,15:01,15:04,3,0,0.0,2,0.0,160.0,160.0,1,B1594,pickup_service,Pickup,Pickup
34,63,Pickup,3,3,3,3,564,567,15:04,15:07,3,0,0.0,2,0.0,160.0,160.0,4,B1605,pickup_service,Pickup,Pickup
34,64,Movement,3,5,3,5,567,575,15:07,15:15,8,8,23.93,0,0.0,160.0,136.07,4,B1594,passenger_flight,Position,Delivery
34,65,Delivery,5,5,5,5,575,578,15:15,15:18,3,0,0.0,2,8.534,136.07,144.604,3,B1594,delivery_service,Delivery,Delivery
34,66,Delivery,5,5,5,5,578,581,15:18,15:21,3,0,0.0,2,8.534,144.604,153.138,0,B1605,delivery_service,Delivery,Delivery
34,67,Stay,5,5,5,5,581,582,15:21,15:22,1,0,0.0,1,4.267,153.138,157.405,0,B1703,parking_charging,Position,Movement
34,68,Movement,5,6,5,6,582,589,15:22,15:29,7,7,12.76,0,0.0,157.405,144.645,0,B1703,empty_repositioning,Position,Pickup
34,69,Pickup,6,6,6,6,589,592,15:29,15:32,3,0,0.0,2,8.534,144.645,153.179,1,B1703,pickup_service,Pickup,Pickup
34,70,Pickup,6,6,6,6,592,595,15:32,15:35,3,0,0.0,2,6.821,153.179,160.0,2,B1691,pickup_service,Pickup,Pickup
34,71,Movement,6,7,6,7,595,607,15:35,15:47,12,12,43.48,0,0.0,160.0,116.52,2,B1703,passenger_flight,Position,Delivery
34,72,Delivery,7,7,7,7,607,610,15:47,15:50,3,0,0.0,2,8.534,116.52,125.054,1,B1703,delivery_service,Delivery,Delivery
34,73,Delivery,7,7,7,7,610,613,15:50,15:53,3,0,0.0,2,8.534,125.054,133.588,0,B1691,delivery_service,Delivery,Delivery
34,74,Pickup,7,7,7,7,613,616,15:53,15:56,3,0,0.0,2,8.534,133.588,142.122,1,B1801,pickup_service,Pickup,Pickup
34,75,Pickup,7,7,7,7,616,619,15:56,15:59,3,0,0.0,2,8.534,142.122,150.656,2,B1824,pickup_service,Pickup,Pickup
34,76,Movement,7,4,7,4,619,626,15:59,16:06,7,7,21.43,0,0.0,150.656,129.226,2,B1801,passenger_flight,Position,Delivery
34,77,Delivery,4,4,4,4,626,629,16:06,16:09,3,0,0.0,2,8.534,129.226,137.76,1,B1801,delivery_service,Delivery,Delivery
34,78,Delivery,4,4,4,4,629,632,16:09,16:12,3,0,0.0,2,8.534,137.76,146.294,0,B1824,delivery_service,Delivery,Delivery
34,79,Pickup,4,4,4,4,632,635,16:12,16:15,3,0,0.0,2,8.534,146.294,154.828,1,B1880,pickup_service,Pickup,Pickup
34,80,Movement,4,2,4,2,635,641,16:15,16:21,6,6,16.13,0,0.0,154.828,138.698,1,B1880,passenger_flight,Position,Delivery
34,81,Delivery,2,2,2,2,641,644,16:21,16:24,3,0,0.0,2,8.534,138.698,147.232,0,B1880,delivery_service,Delivery,Delivery
34,82,Movement,2,1,2,1,644,651,16:24,16:31,7,7,13.61,0,0.0,147.232,133.622,0,B2016,empty_repositioning,Position,Pickup
34,83,Pickup,1,1,1,1,651,654,16:31,16:34,3,0,0.0,2,8.534,133.622,142.156,1,B2016,pickup_service,Pickup,Pickup
34,84,Movement,1,2,1,2,654,661,16:34,16:41,7,7,13.61,0,0.0,142.156,128.546,1,B2016,passenger_flight,Position,Delivery
34,85,Delivery,2,2,2,2,661,664,16:41,16:44,3,0,0.0,2,8.534,128.546,137.08,0,B2016,delivery_service,Delivery,Delivery
34,86,Pickup,2,2,2,2,664,667,16:44,16:47,3,0,0.0,2,8.534,137.08,145.614,1,B2138,pickup_service,Pickup,Pickup
34,87,Pickup,2,2,2,2,667,670,16:47,16:50,3,0,0.0,2,8.534,145.614,154.148,3,B2105,pickup_service,Pickup,Pickup
34,88,Movement,2,5,2,5,670,678,16:50,16:58,8,8,27.57,0,0.0,154.148,126.578,3,B2105,passenger_flight,Position,Delivery
34,89,Delivery,5,5,5,5,678,681,16:58,17:01,3,0,0.0,2,8.534,126.578,135.112,1,B2105,delivery_service,Delivery,Delivery
34,90,Delivery,5,5,5,5,681,684,17:01,17:04,3,0,0.0,2,8.534,135.112,143.646,0,B2138,delivery_service,Delivery,Delivery
34,91,Movement,5,4,5,4,684,690,17:04,17:10,6,6,11.45,0,0.0,143.646,132.196,0,B2329,empty_repositioning,Position,Pickup
34,92,Pickup,4,4,4,4,690,693,17:10,17:13,3,0,0.0,2,8.534,132.196,140.73,1,B2329,pickup_service,Pickup,Pickup
34,93,Pickup,4,4,4,4,693,696,17:13,17:16,3,0,0.0,2,8.534,140.73,149.264,2,B2391,pickup_service,Pickup,Pickup
34,94,Movement,4,7,4,7,696,703,17:16,17:23,7,7,21.43,0,0.0,149.264,127.834,2,B2329,passenger_flight,Position,Delivery
34,95,Delivery,7,7,7,7,703,706,17:23,17:26,3,0,0.0,2,8.534,127.834,136.368,1,B2329,delivery_service,Delivery,Delivery
34,96,Delivery,7,7,7,7,706,709,17:26,17:29,3,0,0.0,2,8.534,136.368,144.902,0,B2391,delivery_service,Delivery,Delivery
34,97,Pickup,7,7,7,7,709,712,17:29,17:32,3,0,0.0,2,8.534,144.902,153.436,2,B2510,pickup_service,Pickup,Pickup
34,98,Movement,7,4,7,4,712,719,17:32,17:39,7,7,21.43,0,0.0,153.436,132.006,2,B2510,passenger_flight,Position,Delivery
34,99,Delivery,4,4,4,4,719,722,17:39,17:42,3,0,0.0,2,8.534,132.006,140.54,0,B2510,delivery_service,Delivery,Delivery
34,100,Movement,4,3,4,3,722,729,17:42,17:49,7,7,12.6,0,0.0,140.54,127.94,0,B2714,empty_repositioning,Position,Pickup
34,101,Pickup,3,3,3,3,729,732,17:49,17:52,3,0,0.0,2,8.534,127.94,136.474,1,B2714,pickup_service,Pickup,Pickup
34,102,Movement,3,4,3,4,732,739,17:52,17:59,7,7,12.6,0,0.0,136.474,123.874,1,B2714,passenger_flight,Position,Delivery
34,103,Delivery,4,4,4,4,739,742,17:59,18:02,3,0,0.0,2,8.534,123.874,132.408,0,B2714,delivery_service,Delivery,Delivery
34,104,Stay,4,4,4,4,742,743,18:02,18:03,1,0,0.0,1,4.267,132.408,136.675,0,B2944,parking_charging,Position,Pickup
34,105,Pickup,4,4,4,4,743,746,18:03,18:06,3,0,0.0,2,8.534,136.675,145.209,1,B2944,pickup_service,Pickup,Pickup
34,106,Pickup,4,4,4,4,746,749,18:06,18:09,3,0,0.0,2,8.534,145.209,153.743,2,B2937,pickup_service,Pickup,Pickup
34,107,Movement,4,2,4,2,749,755,18:09,18:15,6,6,16.13,0,0.0,153.743,137.613,2,B2944,passenger_flight,Position,Delivery
34,108,Delivery,2,2,2,2,755,758,18:15,18:18,3,0,0.0,2,8.534,137.613,146.147,1,B2944,delivery_service,Delivery,Delivery
34,109,Stay,2,2,2,2,758,759,18:18,18:19,1,0,0.0,1,4.267,146.147,150.414,1,B2937,parking_charging,Position,Delivery
34,110,Delivery,2,2,2,2,759,762,18:19,18:22,3,0,0.0,2,8.534,150.414,158.948,0,B2937,delivery_service,Delivery,Delivery
34,111,Pickup,2,2,2,2,762,765,18:22,18:25,3,0,0.0,2,1.052,158.948,160.0,2,B3050,pickup_service,Pickup,Pickup
34,112,Pickup,2,2,2,2,765,768,18:25,18:28,3,0,0.0,2,0.0,160.0,160.0,4,B3028,pickup_service,Pickup,Pickup
34,113,Movement,2,5,2,5,768,776,18:28,18:36,8,8,27.57,0,0.0,160.0,132.43,4,B3028,passenger_flight,Position,Delivery
34,114,Delivery,5,5,5,5,776,779,18:36,18:39,3,0,0.0,2,8.534,132.43,140.964,2,B3028,delivery_service,Delivery,Delivery
34,115,Delivery,5,5,5,5,779,782,18:39,18:42,3,0,0.0,2,8.534,140.964,149.498,0,B3050,delivery_service,Delivery,Delivery
34,116,Stay,5,5,5,5,782,792,18:42,18:52,10,0,0.0,10,10.502,149.498,160.0,0,B3279,parking_charging,Position,Movement
34,117,Movement,5,4,5,4,792,798,18:52,18:58,6,6,11.45,0,0.0,160.0,148.55,0,B3279,empty_repositioning,Position,Pickup
34,118,Pickup,4,4,4,4,798,801,18:58,19:01,3,0,0.0,2,8.534,148.55,157.084,1,B3279,pickup_service,Pickup,Pickup
34,119,Movement,4,3,4,3,801,808,19:01,19:08,7,7,12.6,0,0.0,157.084,144.484,1,B3279,passenger_flight,Position,Delivery
34,120,Delivery,3,3,3,3,808,811,19:08,19:11,3,0,0.0,2,8.534,144.484,153.018,0,B3279,delivery_service,Delivery,Delivery
34,121,Movement,3,5,3,5,811,819,19:11,19:19,8,8,23.93,0,0.0,153.018,129.088,0,,return_to_depot,Position,Depot
35,0,Stay,6,6,6,6,0,24,05:40,06:04,24,0,0.0,24,0.0,160.0,160.0,0,B4,parking_charging,Position,Pickup
35,1,Pickup,6,6,6,6,24,27,06:04,06:07,3,0,0.0,2,0.0,160.0,160.0,1,B4,pickup_service,Pickup,Pickup
35,2,Stay,6,6,6,6,27,29,06:07,06:09,2,0,0.0,2,0.0,160.0,160.0,1,B13,parking_charging,Position,Movement
35,3,Movement,6,1,6,1,29,36,06:09,06:16,7,7,23.39,0,0.0,160.0,136.61,1,B13,passenger_flight,Position,Pickup
35,4,Pickup,1,1,1,1,36,39,06:16,06:19,3,0,0.0,2,8.534,136.61,145.144,2,B13,pickup_service,Pickup,Pickup
35,5,Movement,1,7,1,7,39,46,06:19,06:26,7,7,21.03,0,0.0,145.144,124.114,2,B4,passenger_flight,Position,Delivery
35,6,Delivery,7,7,7,7,46,49,06:26,06:29,3,0,0.0,2,8.534,124.114,132.648,1,B4,delivery_service,Delivery,Delivery
35,7,Movement,7,9,7,9,49,61,06:29,06:41,12,12,40.12,0,0.0,132.648,92.528,1,B13,passenger_flight,Position,Delivery
35,8,Delivery,9,9,9,9,61,64,06:41,06:44,3,0,0.0,2,8.534,92.528,101.062,0,B13,delivery_service,Delivery,Delivery
35,9,Stay,9,9,9,9,64,160,06:44,08:20,96,0,0.0,96,58.938,101.062,160.0,0,B235,parking_charging,Position,Movement
35,10,Movement,9,8,9,8,160,166,08:20,08:26,6,6,18.04,0,0.0,160.0,141.96,0,B235,empty_repositioning,Position,Pickup
35,11,Pickup,8,8,8,8,166,169,08:26,08:29,3,0,0.0,2,8.534,141.96,150.494,1,B235,pickup_service,Pickup,Pickup
35,12,Movement,8,5,8,5,169,183,08:29,08:43,14,14,47.79,0,0.0,150.494,102.704,1,B235,passenger_flight,Position,Delivery
35,13,Delivery,5,5,5,5,183,186,08:43,08:46,3,0,0.0,2,8.534,102.704,111.238,0,B235,delivery_service,Delivery,Delivery
35,14,Stay,5,5,5,5,186,195,08:46,08:55,9,0,0.0,9,38.403,111.238,149.641,0,B338,parking_charging,Position,Pickup
35,15,Pickup,5,5,5,5,195,198,08:55,08:58,3,0,0.0,2,8.534,149.641,158.175,2,B338,pickup_service,Pickup,Pickup
35,16,Pickup,5,5,5,5,198,201,08:58,09:01,3,0,0.0,2,1.825,158.175,160.0,4,B317,pickup_service,Pickup,Pickup
35,17,Movement,5,3,5,3,201,209,09:01,09:09,8,8,23.93,0,0.0,160.0,136.07,4,B317,passenger_flight,Position,Delivery
35,18,Delivery,3,3,3,3,209,212,09:09,09:12,3,0,0.0,2,8.534,136.07,144.604,2,B317,delivery_service,Delivery,Delivery
35,19,Delivery,3,3,3,3,212,215,09:12,09:15,3,0,0.0,2,8.534,144.604,153.138,0,B338,delivery_service,Delivery,Delivery
35,20,Stay,3,3,3,3,215,239,09:15,09:39,24,0,0.0,24,6.862,153.138,160.0,0,B445,parking_charging,Position,Pickup
35,21,Pickup,3,3,3,3,239,242,09:39,09:42,3,0,0.0,2,0.0,160.0,160.0,1,B445,pickup_service,Pickup,Pickup
35,22,Stay,3,3,3,3,242,248,09:42,09:48,6,0,0.0,6,0.0,160.0,160.0,1,B445,parking_charging,Position,Movement
35,23,Movement,3,4,3,4,248,255,09:48,09:55,7,7,12.6,0,0.0,160.0,147.4,1,B445,passenger_flight,Position,Delivery
35,24,Delivery,4,4,4,4,255,258,09:55,09:58,3,0,0.0,2,8.534,147.4,155.934,0,B445,delivery_service,Delivery,Delivery
35,25,Stay,4,4,4,4,258,274,09:58,10:14,16,0,0.0,16,4.066,155.934,160.0,0,B584,parking_charging,Position,Pickup
35,26,Pickup,4,4,4,4,274,277,10:14,10:17,3,0,0.0,2,0.0,160.0,160.0,1,B584,pickup_service,Pickup,Pickup
35,27,Pickup,4,4,4,4,277,280,10:17,10:20,3,0,0.0,2,0.0,160.0,160.0,2,B564,pickup_service,Pickup,Pickup
35,28,Movement,4,7,4,7,280,287,10:20,10:27,7,7,21.43,0,0.0,160.0,138.57,2,B564,passenger_flight,Position,Delivery
35,29,Delivery,7,7,7,7,287,290,10:27,10:30,3,0,0.0,2,8.534,138.57,147.104,1,B564,delivery_service,Delivery,Delivery
35,30,Delivery,7,7,7,7,290,293,10:30,10:33,3,0,0.0,2,8.534,147.104,155.638,0,B584,delivery_service,Delivery,Delivery
35,31,Stay,7,7,7,7,293,300,10:33,10:40,7,0,0.0,7,4.362,155.638,160.0,0,B691,parking_charging,Position,Pickup
35,32,Pickup,7,7,7,7,300,303,10:40,10:43,3,0,0.0,2,0.0,160.0,160.0,1,B691,pickup_service,Pickup,Pickup
35,33,Movement,7,1,7,1,303,310,10:43,10:50,7,7,21.03,0,0.0,160.0,138.97,1,B691,passenger_flight,Position,Delivery
35,34,Delivery,1,1,1,1,310,313,10:50,10:53,3,0,0.0,2,8.534,138.97,147.504,0,B691,delivery_service,Delivery,Delivery
35,35,Stay,1,1,1,1,313,321,10:53,11:01,8,0,0.0,8,12.496,147.504,160.0,0,B858,parking_charging,Position,Movement
35,36,Movement,1,4,1,4,321,325,11:01,11:05,4,4,4.98,0,0.0,160.0,155.02,0,B858,empty_repositioning,Position,Pickup
35,37,Pickup,4,4,4,4,325,328,11:05,11:08,3,0,0.0,2,4.98,155.02,160.0,1,B858,pickup_service,Pickup,Pickup
35,38,Pickup,4,4,4,4,328,331,11:08,11:11,3,0,0.0,2,0.0,160.0,160.0,2,B830,pickup_service,Pickup,Pickup
35,39,Movement,4,9,4,9,331,346,11:11,11:26,15,15,55.47,0,0.0,160.0,104.53,2,B830,passenger_flight,Position,Delivery
35,40,Delivery,9,9,9,9,346,349,11:26,11:29,3,0,0.0,2,8.534,104.53,113.064,1,B830,delivery_service,Delivery,Delivery
35,41,Delivery,9,9,9,9,349,352,11:29,11:32,3,0,0.0,2,8.534,113.064,121.598,0,B858,delivery_service,Delivery,Delivery
35,42,Stay,9,9,9,9,352,380,11:32,12:00,28,0,0.0,28,38.402,121.598,160.0,0,B1071,parking_charging,Position,Pickup
35,43,Pickup,9,9,9,9,380,383,12:00,12:03,3,0,0.0,2,0.0,160.0,160.0,1,B1071,pickup_service,Pickup,Pickup
35,44,Movement,9,10,9,10,383,402,12:03,12:22,19,19,69.89,0,0.0,160.0,90.11,1,B1071,passenger_flight,Position,Delivery
35,45,Delivery,10,10,10,10,402,405,12:22,12:25,3,0,0.0,2,8.534,90.11,98.644,0,B1071,delivery_service,Delivery,Delivery
35,46,Pickup,10,10,10,10,405,408,12:25,12:28,3,0,0.0,2,8.534,98.644,107.178,1,B1121,pickup_service,Pickup,Pickup
35,47,Pickup,10,10,10,10,408,411,12:28,12:31,3,0,0.0,2,8.534,107.178,115.712,3,B1120,pickup_service,Pickup,Pickup
35,48,Movement,10,3,10,3,411,426,12:31,12:46,15,15,54.92,0,0.0,115.712,60.792,3,B1121,passenger_flight,Position,Delivery
35,49,Delivery,3,3,3,3,426,429,12:46,12:49,3,0,0.0,2,8.534,60.792,69.326,2,B1121,delivery_service,Delivery,Delivery
35,50,Delivery,3,3,3,3,429,432,12:49,12:52,3,0,0.0,2,8.534,69.326,77.86,0,B1120,delivery_service,Delivery,Delivery
35,51,Stay,3,3,3,3,432,512,12:52,14:12,80,0,0.0,80,82.14,77.86,160.0,0,B1385,parking_charging,Position,Pickup
35,52,Pickup,3,3,3,3,512,515,14:12,14:15,3,0,0.0,2,0.0,160.0,160.0,2,B1385,pickup_service,Pickup,Pickup
35,53,Stay,3,3,3,3,515,523,14:15,14:23,8,0,0.0,8,0.0,160.0,160.0,2,B1385,parking_charging,Position,Movement
35,54,Movement,3,5,3,5,523,531,14:23,14:31,8,8,23.93,0,0.0,160.0,136.07,2,B1385,passenger_flight,Position,Delivery
35,55,Delivery,5,5,5,5,531,534,14:31,14:34,3,0,0.0,2,8.534,136.07,144.604,0,B1385,delivery_service,Delivery,Delivery
35,56,Stay,5,5,5,5,534,600,14:34,15:40,66,0,0.0,66,15.396,144.604,160.0,0,B1762,parking_charging,Position,Movement
35,57,Movement,5,2,5,2,600,608,15:40,15:48,8,8,27.57,0,0.0,160.0,132.43,0,B1762,empty_repositioning,Position,Pickup
35,58,Pickup,2,2,2,2,608,611,15:48,15:51,3,0,0.0,2,8.534,132.43,140.964,1,B1762,pickup_service,Pickup,Pickup
35,59,Movement,2,6,2,6,611,622,15:51,16:02,11,11,37.0,0,0.0,140.964,103.964,1,B1762,passenger_flight,Position,Delivery
35,60,Delivery,6,6,6,6,622,625,16:02,16:05,3,0,0.0,2,8.534,103.964,112.498,0,B1762,delivery_service,Delivery,Delivery
35,61,Pickup,6,6,6,6,625,628,16:05,16:08,3,0,0.0,2,8.534,112.498,121.032,1,B1856,pickup_service,Pickup,Pickup
35,62,Pickup,6,6,6,6,628,631,16:08,16:11,3,0,0.0,2,8.534,121.032,129.566,3,B1870,pickup_service,Pickup,Pickup
35,63,Movement,6,7,6,7,631,643,16:11,16:23,12,12,43.48,0,0.0,129.566,86.086,3,B1856,passenger_flight,Position,Delivery
35,64,Delivery,7,7,7,7,643,646,16:23,16:26,3,0,0.0,2,8.534,86.086,94.62,2,B1856,delivery_service,Delivery,Delivery
35,65,Delivery,7,7,7,7,646,649,16:26,16:29,3,0,0.0,2,8.534,94.62,103.154,0,B1870,delivery_service,Delivery,Delivery
35,66,Stay,7,7,7,7,649,652,16:29,16:32,3,0,0.0,3,12.801,103.154,115.955,0,B2050,parking_charging,Position,Pickup
35,67,Pickup,7,7,7,7,652,655,16:32,16:35,3,0,0.0,2,8.534,115.955,124.489,1,B2050,pickup_service,Pickup,Pickup
35,68,Pickup,7,7,7,7,655,658,16:35,16:38,3,0,0.0,2,8.534,124.489,133.023,2,B2039,pickup_service,Pickup,Pickup
35,69,Movement,7,1,7,1,658,665,16:38,16:45,7,7,21.03,0,0.0,133.023,111.993,2,B2039,passenger_flight,Position,Delivery
35,70,Delivery,1,1,1,1,665,668,16:45,16:48,3,0,0.0,2,8.534,111.993,120.527,1,B2039,delivery_service,Delivery,Delivery
35,71,Delivery,1,1,1,1,668,671,16:48,16:51,3,0,0.0,2,8.534,120.527,129.061,0,B2050,delivery_service,Delivery,Delivery
35,72,Pickup,1,1,1,1,671,674,16:51,16:54,3,0,0.0,2,8.534,129.061,137.595,2,B2143,pickup_service,Pickup,Pickup
35,73,Movement,1,6,1,6,674,681,16:54,17:01,7,7,23.39,0,0.0,137.595,114.205,2,B2143,passenger_flight,Position,Delivery
35,74,Delivery,6,6,6,6,681,684,17:01,17:04,3,0,0.0,2,8.534,114.205,122.739,0,B2143,delivery_service,Delivery,Delivery
35,75,Stay,6,6,6,6,684,690,17:04,17:10,6,0,0.0,6,25.602,122.739,148.341,0,B2372,parking_charging,Position,Pickup
35,76,Pickup,6,6,6,6,690,693,17:10,17:13,3,0,0.0,2,8.534,148.341,156.875,1,B2372,pickup_service,Pickup,Pickup
35,77,Pickup,6,6,6,6,693,696,17:13,17:16,3,0,0.0,2,3.125,156.875,160.0,2,B2331,pickup_service,Pickup,Pickup
35,78,Movement,6,3,6,3,696,706,17:16,17:26,10,10,32.98,0,0.0,160.0,127.02,2,B2331,passenger_flight,Position,Delivery
35,79,Delivery,3,3,3,3,706,709,17:26,17:29,3,0,0.0,2,8.534,127.02,135.554,1,B2331,delivery_service,Delivery,Delivery
35,80,Movement,3,2,3,2,709,712,17:29,17:32,3,3,4.08,0,0.0,135.554,131.474,1,B2372,passenger_flight,Position,Delivery
35,81,Delivery,2,2,2,2,712,715,17:32,17:35,3,0,0.0,2,8.534,131.474,140.008,0,B2372,delivery_service,Delivery,Delivery
35,82,Pickup,2,2,2,2,715,718,17:35,17:38,3,0,0.0,2,8.534,140.008,148.542,2,B2553,pickup_service,Pickup,Pickup
35,83,Movement,2,4,2,4,718,724,17:38,17:44,6,6,16.13,0,0.0,148.542,132.412,2,B2553,passenger_flight,Position,Delivery
35,84,Delivery,4,4,4,4,724,727,17:44,17:47,3,0,0.0,2,8.534,132.412,140.946,0,B2553,delivery_service,Delivery,Delivery
35,85,Stay,4,4,4,4,727,732,17:47,17:52,5,0,0.0,5,19.054,140.946,160.0,0,B2843,parking_charging,Position,Pickup
35,86,Pickup,4,4,4,4,732,735,17:52,17:55,3,0,0.0,2,0.0,160.0,160.0,2,B2843,pickup_service,Pickup,Pickup
35,87,Stay,4,4,4,4,735,738,17:55,17:58,3,0,0.0,3,0.0,160.0,160.0,2,B2905,parking_charging,Position,Pickup
35,88,Pickup,4,4,4,4,738,741,17:58,18:01,3,0,0.0,2,0.0,160.0,160.0,4,B2905,pickup_service,Pickup,Pickup
35,89,Movement,4,7,4,7,741,748,18:01,18:08,7,7,21.43,0,0.0,160.0,138.57,4,B2843,passenger_flight,Position,Delivery
35,90,Delivery,7,7,7,7,748,751,18:08,18:11,3,0,0.0,2,8.534,138.57,147.104,2,B2843,delivery_service,Delivery,Delivery
35,91,Delivery,7,7,7,7,751,754,18:11,18:14,3,0,0.0,2,8.534,147.104,155.638,0,B2905,delivery_service,Delivery,Delivery
35,92,Pickup,7,7,7,7,754,757,18:14,18:17,3,0,0.0,2,4.362,155.638,160.0,1,B3010,pickup_service,Pickup,Pickup
35,93,Stay,7,7,7,7,757,758,18:17,18:18,1,0,0.0,1,0.0,160.0,160.0,1,B3035,parking_charging,Position,Pickup
35,94,Pickup,7,7,7,7,758,761,18:18,18:21,3,0,0.0,2,0.0,160.0,160.0,2,B3035,pickup_service,Pickup,Pickup
35,95,Movement,7,3,7,3,761,768,18:21,18:28,7,7,13.33,0,0.0,160.0,146.67,2,B3010,passenger_flight,Position,Delivery
35,96,Delivery,3,3,3,3,768,771,18:28,18:31,3,0,0.0,2,8.534,146.67,155.204,1,B3010,delivery_service,Delivery,Delivery
35,97,Movement,3,6,3,6,771,781,18:31,18:41,10,10,32.98,0,0.0,155.204,122.224,1,B3035,passenger_flight,Position,Delivery
35,98,Delivery,6,6,6,6,781,784,18:41,18:44,3,0,0.0,2,8.534,122.224,130.758,0,B3035,delivery_service,Delivery,Delivery
35,99,Stay,6,6,6,6,784,789,18:44,18:49,5,0,0.0,5,21.335,130.758,152.093,0,B3268,parking_charging,Position,Movement
35,100,Movement,6,1,6,1,789,796,18:49,18:56,7,7,23.39,0,0.0,152.093,128.703,0,B3268,empty_repositioning,Position,Pickup
35,101,Pickup,1,1,1,1,796,799,18:56,18:59,3,0,0.0,2,8.534,128.703,137.237,1,B3268,pickup_service,Pickup,Pickup
35,102,Movement,1,8,1,8,799,811,18:59,19:11,12,12,41.05,0,0.0,137.237,96.187,1,B3268,passenger_flight,Position,Delivery
35,103,Delivery,8,8,8,8,811,814,19:11,19:14,3,0,0.0,2,8.534,96.187,104.721,0,B3268,delivery_service,Delivery,Delivery
35,104,Movement,8,6,8,6,814,831,19:14,19:31,17,17,60.41,0,0.0,104.721,44.311,0,,return_to_depot,Position,Depot
36,0,Stay,7,7,7,7,0,100,05:40,07:20,100,0,0.0,100,0.0,160.0,160.0,0,B72,parking_charging,Position,Pickup
36,1,Pickup,7,7,7,7,100,103,07:20,07:23,3,0,0.0,2,0.0,160.0,160.0,1,B72,pickup_service,Pickup,Pickup
36,2,Movement,7,6,7,6,103,115,07:23,07:35,12,12,43.48,0,0.0,160.0,116.52,1,B90,passenger_flight,Position,Pickup
36,3,Pickup,6,6,6,6,115,118,07:35,07:38,3,0,0.0,2,8.534,116.52,125.054,2,B90,pickup_service,Pickup,Pickup
36,4,Delivery,6,6,6,6,118,121,07:38,07:41,3,0,0.0,2,8.534,125.054,133.588,1,B72,delivery_service,Delivery,Delivery
36,5,Movement,6,1,6,1,121,128,07:41,07:48,7,7,23.39,0,0.0,133.588,110.198,1,B90,passenger_flight,Position,Delivery
36,6,Delivery,1,1,1,1,128,131,07:48,07:51,3,0,0.0,2,8.534,110.198,118.732,0,B90,delivery_service,Delivery,Delivery
36,7,Stay,1,1,1,1,131,160,07:51,08:20,29,0,0.0,29,41.268,118.732,160.0,0,B212,parking_charging,Position,Movement
36,8,Movement,1,6,1,6,160,167,08:20,08:27,7,7,23.39,0,0.0,160.0,136.61,0,B212,empty_repositioning,Position,Pickup
36,9,Pickup,6,6,6,6,167,170,08:27,08:30,3,0,0.0,2,8.534,136.61,145.144,1,B212,pickup_service,Pickup,Pickup
36,10,Movement,6,7,6,7,170,182,08:30,08:42,12,12,43.48,0,0.0,145.144,101.664,1,B212,passenger_flight,Position,Delivery
36,11,Delivery,7,7,7,7,182,185,08:42,08:45,3,0,0.0,2,8.534,101.664,110.198,0,B212,delivery_service,Delivery,Delivery
36,12,Stay,7,7,7,7,185,240,08:45,09:40,55,0,0.0,55,49.802,110.198,160.0,0,B454,parking_charging,Position,Movement
36,13,Movement,7,2,7,2,240,246,09:40,09:46,6,6,10.2,0,0.0,160.0,149.8,0,B454,empty_repositioning,Position,Pickup
36,14,Pickup,2,2,2,2,246,249,09:46,09:49,3,0,0.0,2,8.534,149.8,158.334,1,B454,pickup_service,Pickup,Pickup
36,15,Movement,2,1,2,1,249,256,09:49,09:56,7,7,13.61,0,0.0,158.334,144.724,1,B454,passenger_flight,Position,Delivery
36,16,Delivery,1,1,1,1,256,259,09:56,09:59,3,0,0.0,2,8.534,144.724,153.258,0,B454,delivery_service,Delivery,Delivery
36,17,Stay,1,1,1,1,259,267,09:59,10:07,8,0,0.0,8,6.742,153.258,160.0,0,B529,parking_charging,Position,Pickup
36,18,Pickup,1,1,1,1,267,270,10:07,10:10,3,0,0.0,2,0.0,160.0,160.0,1,B529,pickup_service,Pickup,Pickup
36,19,Pickup,1,1,1,1,270,273,10:10,10:13,3,0,0.0,2,0.0,160.0,160.0,2,B549,pickup_service,Pickup,Pickup
36,20,Stay,1,1,1,1,273,274,10:13,10:14,1,0,0.0,1,0.0,160.0,160.0,2,B529,parking_charging,Position,Movement
36,21,Movement,1,10,1,10,274,287,10:14,10:27,13,13,47.44,0,0.0,160.0,112.56,2,B529,passenger_flight,Position,Delivery
36,22,Delivery,10,10,10,10,287,290,10:27,10:30,3,0,0.0,2,8.534,112.56,121.094,1,B529,delivery_service,Delivery,Delivery
36,23,Stay,10,10,10,10,290,293,10:30,10:33,3,0,0.0,3,12.801,121.094,133.895,1,B549,parking_charging,Position,Delivery
36,24,Delivery,10,10,10,10,293,296,10:33,10:36,3,0,0.0,2,8.534,133.895,142.429,0,B549,delivery_service,Delivery,Delivery
36,25,Pickup,10,10,10,10,296,299,10:36,10:39,3,0,0.0,2,8.534,142.429,150.963,1,B700,pickup_service,Pickup,Pickup
36,26,Pickup,10,10,10,10,299,302,10:39,10:42,3,0,0.0,2,8.534,150.963,159.497,3,B666,pickup_service,Pickup,Pickup
36,27,Movement,10,3,10,3,302,317,10:42,10:57,15,15,54.92,0,0.0,159.497,104.577,3,B666,passenger_flight,Position,Delivery
36,28,Delivery,3,3,3,3,317,320,10:57,11:00,3,0,0.0,2,8.534,104.577,113.111,1,B666,delivery_service,Delivery,Delivery
36,29,Delivery,3,3,3,3,320,323,11:00,11:03,3,0,0.0,2,8.534,113.111,121.645,0,B700,delivery_service,Delivery,Delivery
36,30,Pickup,3,3,3,3,323,326,11:03,11:06,3,0,0.0,2,8.534,121.645,130.179,1,B844,pickup_service,Pickup,Pickup
36,31,Movement,3,4,3,4,326,333,11:06,11:13,7,7,12.6,0,0.0,130.179,117.579,1,B844,passenger_flight,Position,Delivery
36,32,Delivery,4,4,4,4,333,336,11:13,11:16,3,0,0.0,2,8.534,117.579,126.113,0,B844,delivery_service,Delivery,Delivery
36,33,Stay,4,4,4,4,336,373,11:16,11:53,37,0,0.0,37,33.887,126.113,160.0,0,B1043,parking_charging,Position,Pickup
36,34,Pickup,4,4,4,4,373,376,11:53,11:56,3,0,0.0,2,0.0,160.0,160.0,1,B1043,pickup_service,Pickup,Pickup
36,35,Stay,4,4,4,4,376,377,11:56,11:57,1,0,0.0,1,0.0,160.0,160.0,1,B1062,parking_charging,Position,Pickup
36,36,Pickup,4,4,4,4,377,380,11:57,12:00,3,0,0.0,2,0.0,160.0,160.0,2,B1062,pickup_service,Pickup,Pickup
36,37,Movement,4,2,4,2,380,386,12:00,12:06,6,6,16.13,0,0.0,160.0,143.87,2,B1043,passenger_flight,Position,Delivery
36,38,Delivery,2,2,2,2,386,389,12:06,12:09,3,0,0.0,2,8.534,143.87,152.404,1,B1043,delivery_service,Delivery,Delivery
36,39,Movement,2,3,2,3,389,392,12:09,12:12,3,3,4.08,0,0.0,152.404,148.324,1,B1062,passenger_flight,Position,Delivery
36,40,Delivery,3,3,3,3,392,395,12:12,12:15,3,0,0.0,2,8.534,148.324,156.858,0,B1062,delivery_service,Delivery,Delivery
36,41,Stay,3,3,3,3,395,410,12:15,12:30,15,0,0.0,15,3.142,156.858,160.0,0,B1141,parking_charging,Position,Pickup
36,42,Pickup,3,3,3,3,410,413,12:30,12:33,3,0,0.0,2,0.0,160.0,160.0,1,B1141,pickup_service,Pickup,Pickup
36,43,Movement,3,9,3,9,413,428,12:33,12:48,15,15,52.78,0,0.0,160.0,107.22,1,B1141,passenger_flight,Position,Delivery
36,44,Delivery,9,9,9,9,428,431,12:48,12:51,3,0,0.0,2,8.534,107.22,115.754,0,B1141,delivery_service,Delivery,Delivery
36,45,Stay,9,9,9,9,431,436,12:51,12:56,5,0,0.0,5,21.335,115.754,137.089,0,B1204,parking_charging,Position,Pickup
36,46,Pickup,9,9,9,9,436,439,12:56,12:59,3,0,0.0,2,8.534,137.089,145.623,1,B1204,pickup_service,Pickup,Pickup
36,47,Movement,9,10,9,10,439,458,12:59,13:18,19,19,69.89,0,0.0,145.623,75.733,1,B1204,passenger_flight,Position,Delivery
36,48,Delivery,10,10,10,10,458,461,13:18,13:21,3,0,0.0,2,8.534,75.733,84.267,0,B1204,delivery_service,Delivery,Delivery
36,49,Stay,10,10,10,10,461,529,13:21,14:29,68,0,0.0,68,75.733,84.267,160.0,0,B1465,parking_charging,Position,Pickup
36,50,Pickup,10,10,10,10,529,532,14:29,14:32,3,0,0.0,2,0.0,160.0,160.0,1,B1465,pickup_service,Pickup,Pickup
36,51,Pickup,10,10,10,10,532,535,14:32,14:35,3,0,0.0,2,0.0,160.0,160.0,2,B1476,pickup_service,Pickup,Pickup
36,52,Movement,10,4,10,4,535,547,14:35,14:47,12,12,42.86,0,0.0,160.0,117.14,2,B1476,passenger_flight,Position,Delivery
36,53,Delivery,4,4,4,4,547,550,14:47,14:50,3,0,0.0,2,8.534,117.14,125.674,1,B1476,delivery_service,Delivery,Delivery
36,54,Delivery,4,4,4,4,550,553,14:50,14:53,3,0,0.0,2,8.534,125.674,134.208,0,B1465,delivery_service,Delivery,Delivery
36,55,Pickup,4,4,4,4,553,556,14:53,14:56,3,0,0.0,2,8.534,134.208,142.742,1,B1537,pickup_service,Pickup,Pickup
36,56,Movement,4,7,4,7,556,563,14:56,15:03,7,7,21.43,0,0.0,142.742,121.312,1,B1537,passenger_flight,Position,Delivery
36,57,Delivery,7,7,7,7,563,566,15:03,15:06,3,0,0.0,2,8.534,121.312,129.846,0,B1537,delivery_service,Delivery,Delivery
36,58,Stay,7,7,7,7,566,620,15:06,16:00,54,0,0.0,54,30.154,129.846,160.0,0,B1852,parking_charging,Position,Movement
36,59,Movement,7,1,7,1,620,627,16:00,16:07,7,7,21.03,0,0.0,160.0,138.97,0,B1852,empty_repositioning,Position,Pickup
36,60,Pickup,1,1,1,1,627,630,16:07,16:10,3,0,0.0,2,8.534,138.97,147.504,1,B1852,pickup_service,Pickup,Pickup
36,61,Movement,1,7,1,7,630,637,16:10,16:17,7,7,21.03,0,0.0,147.504,126.474,1,B1852,passenger_flight,Position,Delivery
36,62,Delivery,7,7,7,7,637,640,16:17,16:20,3,0,0.0,2,8.534,126.474,135.008,0,B1852,delivery_service,Delivery,Delivery
36,63,Stay,7,7,7,7,640,643,16:20,16:23,3,0,0.0,3,12.801,135.008,147.809,0,B2002,parking_charging,Position,Pickup
36,64,Pickup,7,7,7,7,643,646,16:23,16:26,3,0,0.0,2,8.534,147.809,156.343,1,B2002,pickup_service,Pickup,Pickup
36,65,Pickup,7,7,7,7,646,649,16:26,16:29,3,0,0.0,2,3.657,156.343,160.0,2,B1996,pickup_service,Pickup,Pickup
36,66,Movement,7,4,7,4,649,656,16:29,16:36,7,7,21.43,0,0.0,160.0,138.57,2,B2002,passenger_flight,Position,Delivery
36,67,Delivery,4,4,4,4,656,659,16:36,16:39,3,0,0.0,2,8.534,138.57,147.104,1,B2002,delivery_service,Delivery,Delivery
36,68,Delivery,4,4,4,4,659,662,16:39,16:42,3,0,0.0,2,8.534,147.104,155.638,0,B1996,delivery_service,Delivery,Delivery
36,69,Stay,4,4,4,4,662,674,16:42,16:54,12,0,0.0,12,4.362,155.638,160.0,0,B2247,parking_charging,Position,Movement
36,70,Movement,4,1,4,1,674,678,16:54,16:58,4,4,4.98,0,0.0,160.0,155.02,0,B2247,empty_repositioning,Position,Pickup
36,71,Pickup,1,1,1,1,678,681,16:58,17:01,3,0,0.0,2,4.98,155.02,160.0,2,B2247,pickup_service,Pickup,Pickup
36,72,Stay,1,1,1,1,681,687,17:01,17:07,6,0,0.0,6,0.0,160.0,160.0,2,B2247,parking_charging,Position,Movement
36,73,Movement,1,5,1,5,687,695,17:07,17:15,8,8,14.88,0,0.0,160.0,145.12,2,B2247,passenger_flight,Position,Delivery
36,74,Delivery,5,5,5,5,695,698,17:15,17:18,3,0,0.0,2,8.534,145.12,153.654,0,B2247,delivery_service,Delivery,Delivery
36,75,Stay,5,5,5,5,698,720,17:18,17:40,22,0,0.0,22,6.346,153.654,160.0,0,B2725,parking_charging,Position,Movement
36,76,Movement,5,3,5,3,720,728,17:40,17:48,8,8,23.93,0,0.0,160.0,136.07,0,B2725,empty_repositioning,Position,Pickup
36,77,Pickup,3,3,3,3,728,731,17:48,17:51,3,0,0.0,2,8.534,136.07,144.604,1,B2725,pickup_service,Pickup,Pickup
36,78,Movement,3,1,3,1,731,737,17:51,17:57,6,6,9.61,0,0.0,144.604,134.994,1,B2725,passenger_flight,Position,Delivery
36,79,Delivery,1,1,1,1,737,740,17:57,18:00,3,0,0.0,2,8.534,134.994,143.528,0,B2725,delivery_service,Delivery,Delivery
36,80,Stay,1,1,1,1,740,745,18:00,18:05,5,0,0.0,5,16.472,143.528,160.0,0,B2954,parking_charging,Position,Pickup
36,81,Pickup,1,1,1,1,745,748,18:05,18:08,3,0,0.0,2,0.0,160.0,160.0,2,B2954,pickup_service,Pickup,Pickup
36,82,Pickup,1,1,1,1,748,751,18:08,18:11,3,0,0.0,2,0.0,160.0,160.0,4,B2934,pickup_service,Pickup,Pickup
36,83,Movement,1,7,1,7,751,758,18:11,18:18,7,7,21.03,0,0.0,160.0,138.97,4,B2934,passenger_flight,Position,Delivery
36,84,Delivery,7,7,7,7,758,761,18:18,18:21,3,0,0.0,2,8.534,138.97,147.504,2,B2934,delivery_service,Delivery,Delivery
36,85,Delivery,7,7,7,7,761,764,18:21,18:24,3,0,0.0,2,8.534,147.504,156.038,0,B2954,delivery_service,Delivery,Delivery
36,86,Movement,7,1,7,1,764,771,18:24,18:31,7,7,21.03,0,0.0,156.038,135.008,0,B3111,empty_repositioning,Position,Pickup
36,87,Pickup,1,1,1,1,771,774,18:31,18:34,3,0,0.0,2,8.534,135.008,143.542,1,B3111,pickup_service,Pickup,Pickup
36,88,Movement,1,7,1,7,774,781,18:34,18:41,7,7,21.03,0,0.0,143.542,122.512,1,B3111,passenger_flight,Position,Delivery
36,89,Delivery,7,7,7,7,781,784,18:41,18:44,3,0,0.0,2,8.534,122.512,131.046,0,B3111,delivery_service,Delivery,Delivery
36,90,Stay,7,7,7,7,784,786,18:44,18:46,2,0,0.0,2,8.534,131.046,139.58,0,B3217,parking_charging,Position,Pickup
36,91,Pickup,7,7,7,7,786,789,18:46,18:49,3,0,0.0,2,8.534,139.58,148.114,1,B3217,pickup_service,Pickup,Pickup
36,92,Movement,7,4,7,4,789,796,18:49,18:56,7,7,21.43,0,0.0,148.114,126.684,1,B3254,passenger_flight,Position,Pickup
36,93,Pickup,4,4,4,4,796,799,18:56,18:59,3,0,0.0,2,8.534,126.684,135.218,2,B3254,pickup_service,Pickup,Pickup
36,94,Delivery,4,4,4,4,799,802,18:59,19:02,3,0,0.0,2,8.534,135.218,143.752,1,B3217,delivery_service,Delivery,Delivery
36,95,Movement,4,2,4,2,802,808,19:02,19:08,6,6,16.13,0,0.0,143.752,127.622,1,B3254,passenger_flight,Position,Delivery
36,96,Delivery,2,2,2,2,808,811,19:08,19:11,3,0,0.0,2,8.534,127.622,136.156,0,B3254,delivery_service,Delivery,Delivery
36,97,Movement,2,7,2,7,811,817,19:11,19:17,6,6,10.2,0,0.0,136.156,125.956,0,,return_to_depot,Position,Depot
37,0,Stay,8,8,8,8,0,100,05:40,07:20,100,0,0.0,100,0.0,160.0,160.0,0,B73,parking_charging,Position,Pickup
37,1,Pickup,8,8,8,8,100,103,07:20,07:23,3,0,0.0,2,0.0,160.0,160.0,1,B73,pickup_service,Pickup,Pickup
37,2,Pickup,8,8,8,8,103,106,07:23,07:26,3,0,0.0,2,0.0,160.0,160.0,4,B77,pickup_service,Pickup,Pickup
37,3,Movement,8,2,8,2,106,116,07:26,07:36,10,10,32.38,0,0.0,160.0,127.62,4,B73,passenger_flight,Position,Delivery
37,4,Delivery,2,2,2,2,116,119,07:36,07:39,3,0,0.0,2,8.534,127.62,136.154,3,B73,delivery_service,Delivery,Delivery
37,5,Delivery,2,2,2,2,119,122,07:39,07:42,3,0,0.0,2,8.534,136.154,144.688,0,B77,delivery_service,Delivery,Delivery
37,6,Stay,2,2,2,2,122,127,07:42,07:47,5,0,0.0,5,15.312,144.688,160.0,0,B117,parking_charging,Position,Movement
37,7,Movement,2,5,2,5,127,135,07:47,07:55,8,8,27.57,0,0.0,160.0,132.43,0,B117,empty_repositioning,Position,Pickup
37,8,Pickup,5,5,5,5,135,138,07:55,07:58,3,0,0.0,2,8.534,132.43,140.964,1,B117,pickup_service,Pickup,Pickup
37,9,Stay,5,5,5,5,138,144,07:58,08:04,6,0,0.0,6,19.036,140.964,160.0,1,B117,parking_charging,Position,Movement
37,10,Movement,5,2,5,2,144,152,08:04,08:12,8,8,27.57,0,0.0,160.0,132.43,1,B117,passenger_flight,Position,Delivery
37,11,Delivery,2,2,2,2,152,155,08:12,08:15,3,0,0.0,2,8.534,132.43,140.964,0,B117,delivery_service,Delivery,Delivery
37,12,Pickup,2,2,2,2,155,158,08:15,08:18,3,0,0.0,2,8.534,140.964,149.498,1,B156,pickup_service,Pickup,Pickup
37,13,Movement,2,4,2,4,158,164,08:18,08:24,6,6,16.13,0,0.0,149.498,133.368,1,B156,passenger_flight,Position,Delivery
37,14,Delivery,4,4,4,4,164,167,08:24,08:27,3,0,0.0,2,8.534,133.368,141.902,0,B156,delivery_service,Delivery,Delivery
37,15,Movement,4,6,4,6,167,174,08:27,08:34,7,7,22.06,0,0.0,141.902,119.842,0,B261,empty_repositioning,Position,Pickup
37,16,Pickup,6,6,6,6,174,177,08:34,08:37,3,0,0.0,2,8.534,119.842,128.376,1,B261,pickup_service,Pickup,Pickup
37,17,Movement,6,9,6,9,177,197,08:37,08:57,20,20,74.79,0,0.0,128.376,53.586,1,B261,passenger_flight,Position,Delivery
37,18,Delivery,9,9,9,9,197,200,08:57,09:00,3,0,0.0,2,8.534,53.586,62.12,0,B261,delivery_service,Delivery,Delivery
37,19,Stay,9,9,9,9,200,212,09:00,09:12,12,0,0.0,12,51.204,62.12,113.324,0,B399,parking_charging,Position,Movement
37,20,Movement,9,8,9,8,212,218,09:12,09:18,6,6,18.04,0,0.0,113.324,95.284,0,B399,empty_repositioning,Position,Pickup
37,21,Pickup,8,8,8,8,218,221,09:18,09:21,3,0,0.0,2,8.534,95.284,103.818,1,B399,pickup_service,Pickup,Pickup
37,22,Stay,8,8,8,8,221,229,09:21,09:29,8,0,0.0,8,34.136,103.818,137.954,1,B399,parking_charging,Position,Movement
37,23,Movement,8,2,8,2,229,239,09:29,09:39,10,10,32.38,0,0.0,137.954,105.574,1,B399,passenger_flight,Position,Delivery
37,24,Delivery,2,2,2,2,239,242,09:39,09:42,3,0,0.0,2,8.534,105.574,114.108,0,B399,delivery_service,Delivery,Delivery
37,25,Stay,2,2,2,2,242,258,09:42,09:58,16,0,0.0,16,45.892,114.108,160.0,0,B491,parking_charging,Position,Pickup
37,26,Pickup,2,2,2,2,258,261,09:58,10:01,3,0,0.0,2,0.0,160.0,160.0,1,B491,pickup_service,Pickup,Pickup
37,27,Stay,2,2,2,2,261,264,10:01,10:04,3,0,0.0,3,0.0,160.0,160.0,1,B491,parking_charging,Position,Movement
37,28,Movement,2,4,2,4,264,270,10:04,10:10,6,6,16.13,0,0.0,160.0,143.87,1,B491,passenger_flight,Position,Delivery
37,29,Delivery,4,4,4,4,270,273,10:10,10:13,3,0,0.0,2,8.534,143.87,152.404,0,B491,delivery_service,Delivery,Delivery
37,30,Stay,4,4,4,4,273,276,10:13,10:16,3,0,0.0,3,7.596,152.404,160.0,0,B593,parking_charging,Position,Pickup
37,31,Pickup,4,4,4,4,276,279,10:16,10:19,3,0,0.0,2,0.0,160.0,160.0,1,B593,pickup_service,Pickup,Pickup
37,32,Movement,4,7,4,7,279,286,10:19,10:26,7,7,21.43,0,0.0,160.0,138.57,1,B593,passenger_flight,Position,Delivery
37,33,Delivery,7,7,7,7,286,289,10:26,10:29,3,0,0.0,2,8.534,138.57,147.104,0,B593,delivery_service,Delivery,Delivery
37,34,Pickup,7,7,7,7,289,292,10:29,10:32,3,0,0.0,2,8.534,147.104,155.638,1,B641,pickup_service,Pickup,Pickup
37,35,Movement,7,1,7,1,292,299,10:32,10:39,7,7,21.03,0,0.0,155.638,134.608,1,B641,passenger_flight,Position,Delivery
37,36,Delivery,1,1,1,1,299,302,10:39,10:42,3,0,0.0,2,8.534,134.608,143.142,0,B641,delivery_service,Delivery,Delivery
37,37,Pickup,1,1,1,1,302,305,10:42,10:45,3,0,0.0,2,8.534,143.142,151.676,1,B730,pickup_service,Pickup,Pickup
37,38,Movement,1,4,1,4,305,309,10:45,10:49,4,4,4.98,0,0.0,151.676,146.696,1,B754,passenger_flight,Position,Pickup
37,39,Pickup,4,4,4,4,309,312,10:49,10:52,3,0,0.0,2,8.534,146.696,155.23,2,B754,pickup_service,Pickup,Pickup
37,40,Movement,4,9,4,9,312,327,10:52,11:07,15,15,55.47,0,0.0,155.23,99.76,2,B730,passenger_flight,Position,Delivery
37,41,Delivery,9,9,9,9,327,330,11:07,11:10,3,0,0.0,2,8.534,99.76,108.294,1,B730,delivery_service,Delivery,Delivery
37,42,Delivery,9,9,9,9,330,333,11:10,11:13,3,0,0.0,2,8.534,108.294,116.828,0,B754,delivery_service,Delivery,Delivery
37,43,Stay,9,9,9,9,333,363,11:13,11:43,30,0,0.0,30,43.172,116.828,160.0,0,B1017,parking_charging,Position,Pickup
37,44,Pickup,9,9,9,9,363,366,11:43,11:46,3,0,0.0,2,0.0,160.0,160.0,1,B1017,pickup_service,Pickup,Pickup
37,45,Pickup,9,9,9,9,366,369,11:46,11:49,3,0,0.0,2,0.0,160.0,160.0,2,B1028,pickup_service,Pickup,Pickup
37,46,Movement,9,4,9,4,369,384,11:49,12:04,15,15,55.47,0,0.0,160.0,104.53,2,B1017,passenger_flight,Position,Delivery
37,47,Delivery,4,4,4,4,384,387,12:04,12:07,3,0,0.0,2,8.534,104.53,113.064,1,B1017,delivery_service,Delivery,Delivery
37,48,Movement,4,5,4,5,387,393,12:07,12:13,6,6,11.45,0,0.0,113.064,101.614,1,B1028,passenger_flight,Position,Delivery
37,49,Delivery,5,5,5,5,393,396,12:13,12:16,3,0,0.0,2,8.534,101.614,110.148,0,B1028,delivery_service,Delivery,Delivery
37,50,Pickup,5,5,5,5,396,399,12:16,12:19,3,0,0.0,2,8.534,110.148,118.682,1,B1097,pickup_service,Pickup,Pickup
37,51,Movement,5,3,5,3,399,407,12:19,12:27,8,8,23.93,0,0.0,118.682,94.752,1,B1097,passenger_flight,Position,Delivery
37,52,Delivery,3,3,3,3,407,410,12:27,12:30,3,0,0.0,2,8.534,94.752,103.286,0,B1097,delivery_service,Delivery,Delivery
37,53,Stay,3,3,3,3,410,531,12:30,14:31,121,0,0.0,121,56.714,103.286,160.0,0,B1471,parking_charging,Position,Pickup
37,54,Pickup,3,3,3,3,531,534,14:31,14:34,3,0,0.0,2,0.0,160.0,160.0,1,B1471,pickup_service,Pickup,Pickup
37,55,Stay,3,3,3,3,534,536,14:34,14:36,2,0,0.0,2,0.0,160.0,160.0,1,B1493,parking_charging,Position,Pickup
37,56,Pickup,3,3,3,3,536,539,14:36,14:39,3,0,0.0,2,0.0,160.0,160.0,2,B1493,pickup_service,Pickup,Pickup
37,57,Movement,3,5,3,5,539,547,14:39,14:47,8,8,23.93,0,0.0,160.0,136.07,2,B1493,passenger_flight,Position,Delivery
37,58,Delivery,5,5,5,5,547,550,14:47,14:50,3,0,0.0,2,8.534,136.07,144.604,1,B1493,delivery_service,Delivery,Delivery
37,59,Delivery,5,5,5,5,550,553,14:50,14:53,3,0,0.0,2,8.534,144.604,153.138,0,B1471,delivery_service,Delivery,Delivery
37,60,Stay,5,5,5,5,553,568,14:53,15:08,15,0,0.0,15,6.862,153.138,160.0,0,B1655,parking_charging,Position,Movement
37,61,Movement,5,3,5,3,568,576,15:08,15:16,8,8,23.93,0,0.0,160.0,136.07,0,B1655,empty_repositioning,Position,Pickup
37,62,Pickup,3,3,3,3,576,579,15:16,15:19,3,0,0.0,2,8.534,136.07,144.604,1,B1655,pickup_service,Pickup,Pickup
37,63,Stay,3,3,3,3,579,582,15:19,15:22,3,0,0.0,3,12.801,144.604,157.405,1,B1655,parking_charging,Position,Movement
37,64,Movement,3,6,3,6,582,592,15:22,15:32,10,10,32.98,0,0.0,157.405,124.425,1,B1655,passenger_flight,Position,Delivery
37,65,Delivery,6,6,6,6,592,595,15:32,15:35,3,0,0.0,2,8.534,124.425,132.959,0,B1655,delivery_service,Delivery,Delivery
37,66,Stay,6,6,6,6,595,607,15:35,15:47,12,0,0.0,12,27.041,132.959,160.0,0,B1790,parking_charging,Position,Pickup
37,67,Pickup,6,6,6,6,607,610,15:47,15:50,3,0,0.0,2,0.0,160.0,160.0,1,B1790,pickup_service,Pickup,Pickup
37,68,Movement,6,1,6,1,610,617,15:50,15:57,7,7,23.39,0,0.0,160.0,136.61,1,B1819,passenger_flight,Position,Pickup
37,69,Pickup,1,1,1,1,617,620,15:57,16:00,3,0,0.0,2,8.534,136.61,145.144,2,B1819,pickup_service,Pickup,Pickup
37,70,Delivery,1,1,1,1,620,623,16:00,16:03,3,0,0.0,2,8.534,145.144,153.678,1,B1790,delivery_service,Delivery,Delivery
37,71,Stay,1,1,1,1,623,626,16:03,16:06,3,0,0.0,3,6.322,153.678,160.0,1,B1819,parking_charging,Position,Movement
37,72,Movement,1,2,1,2,626,633,16:06,16:13,7,7,13.61,0,0.0,160.0,146.39,1,B1819,passenger_flight,Position,Delivery
37,73,Delivery,2,2,2,2,633,636,16:13,16:16,3,0,0.0,2,8.534,146.39,154.924,0,B1819,delivery_service,Delivery,Delivery
37,74,Pickup,2,2,2,2,636,639,16:16,16:19,3,0,0.0,2,5.076,154.924,160.0,1,B1905,pickup_service,Pickup,Pickup
37,75,Movement,2,4,2,4,639,645,16:19,16:25,6,6,16.13,0,0.0,160.0,143.87,1,B1905,passenger_flight,Position,Delivery
37,76,Delivery,4,4,4,4,645,648,16:25,16:28,3,0,0.0,2,8.534,143.87,152.404,0,B1905,delivery_service,Delivery,Delivery
37,77,Stay,4,4,4,4,648,651,16:28,16:31,3,0,0.0,3,7.596,152.404,160.0,0,B2044,parking_charging,Position,Pickup
37,78,Pickup,4,4,4,4,651,654,16:31,16:34,3,0,0.0,2,0.0,160.0,160.0,1,B2044,pickup_service,Pickup,Pickup
37,79,Movement,4,7,4,7,654,661,16:34,16:41,7,7,21.43,0,0.0,160.0,138.57,1,B2044,passenger_flight,Position,Delivery
37,80,Delivery,7,7,7,7,661,664,16:41,16:44,3,0,0.0,2,8.534,138.57,147.104,0,B2044,delivery_service,Delivery,Delivery
37,81,Pickup,7,7,7,7,664,667,16:44,16:47,3,0,0.0,2,8.534,147.104,155.638,1,B2131,pickup_service,Pickup,Pickup
37,82,Pickup,7,7,7,7,667,670,16:47,16:50,3,0,0.0,2,4.362,155.638,160.0,2,B2156,pickup_service,Pickup,Pickup
37,83,Pickup,7,7,7,7,670,673,16:50,16:53,3,0,0.0,2,0.0,160.0,160.0,4,B2194,pickup_service,Pickup,Pickup
37,84,Movement,7,4,7,4,673,680,16:53,17:00,7,7,21.43,0,0.0,160.0,138.57,4,B2131,passenger_flight,Position,Delivery
37,85,Delivery,4,4,4,4,680,683,17:00,17:03,3,0,0.0,2,8.534,138.57,147.104,3,B2131,delivery_service,Delivery,Delivery
37,86,Delivery,4,4,4,4,683,686,17:03,17:06,3,0,0.0,2,8.534,147.104,155.638,2,B2156,delivery_service,Delivery,Delivery
37,87,Delivery,4,4,4,4,686,689,17:06,17:09,3,0,0.0,2,4.362,155.638,160.0,0,B2194,delivery_service,Delivery,Delivery
37,88,Movement,4,1,4,1,689,693,17:09,17:13,4,4,4.98,0,0.0,160.0,155.02,0,B2394,empty_repositioning,Position,Pickup
37,89,Pickup,1,1,1,1,693,696,17:13,17:16,3,0,0.0,2,4.98,155.02,160.0,2,B2394,pickup_service,Pickup,Pickup
37,90,Stay,1,1,1,1,696,702,17:16,17:22,6,0,0.0,6,0.0,160.0,160.0,2,B2394,parking_charging,Position,Movement
37,91,Movement,1,2,1,2,702,709,17:22,17:29,7,7,13.61,0,0.0,160.0,146.39,2,B2394,passenger_flight,Position,Delivery
37,92,Delivery,2,2,2,2,709,712,17:29,17:32,3,0,0.0,2,8.534,146.39,154.924,0,B2394,delivery_service,Delivery,Delivery
37,93,Pickup,2,2,2,2,712,715,17:32,17:35,3,0,0.0,2,5.076,154.924,160.0,2,B2566,pickup_service,Pickup,Pickup
37,94,Pickup,2,2,2,2,715,718,17:35,17:38,3,0,0.0,2,0.0,160.0,160.0,4,B2640,pickup_service,Pickup,Pickup
37,95,Movement,2,4,2,4,718,724,17:38,17:44,6,6,16.13,0,0.0,160.0,143.87,4,B2566,passenger_flight,Position,Delivery
37,96,Delivery,4,4,4,4,724,727,17:44,17:47,3,0,0.0,2,8.534,143.87,152.404,2,B2566,delivery_service,Delivery,Delivery
37,97,Delivery,4,4,4,4,727,730,17:47,17:50,3,0,0.0,2,7.596,152.404,160.0,0,B2640,delivery_service,Delivery,Delivery
37,98,Stay,4,4,4,4,730,750,17:50,18:10,20,0,0.0,20,0.0,160.0,160.0,0,B2986,parking_charging,Position,Pickup
37,99,Pickup,4,4,4,4,750,753,18:10,18:13,3,0,0.0,2,0.0,160.0,160.0,1,B2986,pickup_service,Pickup,Pickup
37,100,Pickup,4,4,4,4,753,756,18:13,18:16,3,0,0.0,2,0.0,160.0,160.0,2,B2979,pickup_service,Pickup,Pickup
37,101,Movement,4,2,4,2,756,762,18:16,18:22,6,6,16.13,0,0.0,160.0,143.87,2,B2986,passenger_flight,Position,Delivery
37,102,Delivery,2,2,2,2,762,765,18:22,18:25,3,0,0.0,2,8.534,143.87,152.404,1,B2986,delivery_service,Delivery,Delivery
37,103,Stay,2,2,2,2,765,766,18:25,18:26,1,0,0.0,1,4.267,152.404,156.671,1,B2979,parking_charging,Position,Delivery
37,104,Delivery,2,2,2,2,766,769,18:26,18:29,3,0,0.0,2,3.329,156.671,160.0,0,B2979,delivery_service,Delivery,Delivery
37,105,Stay,2,2,2,2,769,773,18:29,18:33,4,0,0.0,4,0.0,160.0,160.0,0,B3134,parking_charging,Position,Pickup
37,106,Pickup,2,2,2,2,773,776,18:33,18:36,3,0,0.0,2,0.0,160.0,160.0,2,B3134,pickup_service,Pickup,Pickup
37,107,Pickup,2,2,2,2,776,779,18:36,18:39,3,0,0.0,2,0.0,160.0,160.0,4,B3114,pickup_service,Pickup,Pickup
37,108,Movement,2,5,2,5,779,787,18:39,18:47,8,8,27.57,0,0.0,160.0,132.43,4,B3134,passenger_flight,Position,Delivery
37,109,Delivery,5,5,5,5,787,790,18:47,18:50,3,0,0.0,2,8.534,132.43,140.964,2,B3134,delivery_service,Delivery,Delivery
37,110,Delivery,5,5,5,5,790,793,18:50,18:53,3,0,0.0,2,8.534,140.964,149.498,0,B3114,delivery_service,Delivery,Delivery
37,111,Movement,5,8,5,8,793,807,18:53,19:07,14,14,47.79,0,0.0,149.498,101.708,0,,return_to_depot,Position,Depot
38,0,Stay,9,9,9,9,0,171,05:40,08:31,171,0,0.0,171,0.0,160.0,160.0,0,B254,parking_charging,Position,Pickup
38,1,Pickup,9,9,9,9,171,174,08:31,08:34,3,0,0.0,2,0.0,160.0,160.0,1,B254,pickup_service,Pickup,Pickup
38,2,Stay,9,9,9,9,174,178,08:34,08:38,4,0,0.0,4,0.0,160.0,160.0,1,B281,parking_charging,Position,Pickup
38,3,Pickup,9,9,9,9,178,181,08:38,08:41,3,0,0.0,2,0.0,160.0,160.0,2,B281,pickup_service,Pickup,Pickup
38,4,Movement,9,6,9,6,181,201,08:41,09:01,20,20,74.79,0,0.0,160.0,85.21,2,B254,passenger_flight,Position,Delivery
38,5,Delivery,6,6,6,6,201,204,09:01,09:04,3,0,0.0,2,8.534,85.21,93.744,1,B254,delivery_service,Delivery,Delivery
38,6,Delivery,6,6,6,6,204,207,09:04,09:07,3,0,0.0,2,8.534,93.744,102.278,0,B281,delivery_service,Delivery,Delivery
38,7,Stay,6,6,6,6,207,208,09:07,09:08,1,0,0.0,1,4.267,102.278,106.545,0,B372,parking_charging,Position,Pickup
38,8,Pickup,6,6,6,6,208,211,09:08,09:11,3,0,0.0,2,8.534,106.545,115.079,1,B372,pickup_service,Pickup,Pickup
38,9,Stay,6,6,6,6,211,212,09:11,09:12,1,0,0.0,1,4.267,115.079,119.346,1,B387,parking_charging,Position,Pickup
38,10,Pickup,6,6,6,6,212,215,09:12,09:15,3,0,0.0,2,8.534,119.346,127.88,2,B387,pickup_service,Pickup,Pickup
38,11,Movement,6,1,6,1,215,222,09:15,09:22,7,7,23.39,0,0.0,127.88,104.49,2,B387,passenger_flight,Position,Delivery
38,12,Delivery,1,1,1,1,222,225,09:22,09:25,3,0,0.0,2,8.534,104.49,113.024,1,B387,delivery_service,Delivery,Delivery
38,13,Delivery,1,1,1,1,225,228,09:25,09:28,3,0,0.0,2,8.534,113.024,121.558,0,B372,delivery_service,Delivery,Delivery
38,14,Stay,1,1,1,1,228,248,09:28,09:48,20,0,0.0,20,38.442,121.558,160.0,0,B482,parking_charging,Position,Movement
38,15,Movement,1,3,1,3,248,254,09:48,09:54,6,6,9.61,0,0.0,160.0,150.39,0,B482,empty_repositioning,Position,Pickup
38,16,Pickup,3,3,3,3,254,257,09:54,09:57,3,0,0.0,2,8.534,150.39,158.924,1,B482,pickup_service,Pickup,Pickup
38,17,Pickup,3,3,3,3,257,260,09:57,10:00,3,0,0.0,2,1.076,158.924,160.0,2,B479,pickup_service,Pickup,Pickup
38,18,Movement,3,4,3,4,260,267,10:00,10:07,7,7,12.6,0,0.0,160.0,147.4,2,B482,passenger_flight,Position,Delivery
38,19,Delivery,4,4,4,4,267,270,10:07,10:10,3,0,0.0,2,8.534,147.4,155.934,1,B482,delivery_service,Delivery,Delivery
38,20,Delivery,4,4,4,4,270,273,10:10,10:13,3,0,0.0,2,4.066,155.934,160.0,0,B479,delivery_service,Delivery,Delivery
38,21,Stay,4,4,4,4,273,281,10:13,10:21,8,0,0.0,8,0.0,160.0,160.0,0,B620,parking_charging,Position,Pickup
38,22,Pickup,4,4,4,4,281,284,10:21,10:24,3,0,0.0,2,0.0,160.0,160.0,1,B620,pickup_service,Pickup,Pickup
38,23,Pickup,4,4,4,4,284,287,10:24,10:27,3,0,0.0,2,0.0,160.0,160.0,2,B617,pickup_service,Pickup,Pickup
38,24,Movement,4,2,4,2,287,293,10:27,10:33,6,6,16.13,0,0.0,160.0,143.87,2,B620,passenger_flight,Position,Delivery
38,25,Delivery,2,2,2,2,293,296,10:33,10:36,3,0,0.0,2,8.534,143.87,152.404,1,B620,delivery_service,Delivery,Delivery
38,26,Delivery,2,2,2,2,296,299,10:36,10:39,3,0,0.0,2,7.596,152.404,160.0,0,B617,delivery_service,Delivery,Delivery
38,27,Pickup,2,2,2,2,299,302,10:39,10:42,3,0,0.0,2,0.0,160.0,160.0,1,B701,pickup_service,Pickup,Pickup
38,28,Stay,2,2,2,2,302,306,10:42,10:46,4,0,0.0,4,0.0,160.0,160.0,1,B701,parking_charging,Position,Movement
38,29,Movement,2,1,2,1,306,313,10:46,10:53,7,7,13.61,0,0.0,160.0,146.39,1,B701,passenger_flight,Position,Delivery
38,30,Delivery,1,1,1,1,313,316,10:53,10:56,3,0,0.0,2,8.534,146.39,154.924,0,B701,delivery_service,Delivery,Delivery
38,31,Stay,1,1,1,1,316,320,10:56,11:00,4,0,0.0,4,5.076,154.924,160.0,0,B853,parking_charging,Position,Movement
38,32,Movement,1,6,1,6,320,327,11:00,11:07,7,7,23.39,0,0.0,160.0,136.61,0,B853,empty_repositioning,Position,Pickup
38,33,Pickup,6,6,6,6,327,330,11:07,11:10,3,0,0.0,2,8.534,136.61,145.144,1,B853,pickup_service,Pickup,Pickup
38,34,Stay,6,6,6,6,330,333,11:10,11:13,3,0,0.0,3,12.801,145.144,157.945,1,B853,parking_charging,Position,Movement
38,35,Movement,6,8,6,8,333,350,11:13,11:30,17,17,60.41,0,0.0,157.945,97.535,1,B853,passenger_flight,Position,Delivery
38,36,Delivery,8,8,8,8,350,353,11:30,11:33,3,0,0.0,2,8.534,97.535,106.069,0,B853,delivery_service,Delivery,Delivery
38,37,Stay,8,8,8,8,353,354,11:33,11:34,1,0,0.0,1,4.267,106.069,110.336,0,B988,parking_charging,Position,Pickup
38,38,Pickup,8,8,8,8,354,357,11:34,11:37,3,0,0.0,2,8.534,110.336,118.87,1,B988,pickup_service,Pickup,Pickup
38,39,Pickup,8,8,8,8,357,360,11:37,11:40,3,0,0.0,2,8.534,118.87,127.404,2,B970,pickup_service,Pickup,Pickup
38,40,Movement,8,4,8,4,360,371,11:40,11:51,11,11,39.54,0,0.0,127.404,87.864,2,B970,passenger_flight,Position,Delivery
38,41,Delivery,4,4,4,4,371,374,11:51,11:54,3,0,0.0,2,8.534,87.864,96.398,1,B970,delivery_service,Delivery,Delivery
38,42,Movement,4,6,4,6,374,381,11:54,12:01,7,7,22.06,0,0.0,96.398,74.338,1,B988,passenger_flight,Position,Delivery
38,43,Delivery,6,6,6,6,381,384,12:01,12:04,3,0,0.0,2,8.534,74.338,82.872,0,B988,delivery_service,Delivery,Delivery
38,44,Pickup,6,6,6,6,384,387,12:04,12:07,3,0,0.0,2,8.534,82.872,91.406,2,B1058,pickup_service,Pickup,Pickup
38,45,Movement,6,7,6,7,387,399,12:07,12:19,12,12,43.48,0,0.0,91.406,47.926,2,B1058,passenger_flight,Position,Delivery
38,46,Delivery,7,7,7,7,399,402,12:19,12:22,3,0,0.0,2,8.534,47.926,56.46,0,B1058,delivery_service,Delivery,Delivery
38,47,Pickup,7,7,7,7,402,405,12:22,12:25,3,0,0.0,2,8.534,56.46,64.994,1,B1116,pickup_service,Pickup,Pickup
38,48,Pickup,7,7,7,7,405,408,12:25,12:28,3,0,0.0,2,8.534,64.994,73.528,2,B1128,pickup_service,Pickup,Pickup
38,49,Movement,7,4,7,4,408,415,12:28,12:35,7,7,21.43,0,0.0,73.528,52.098,2,B1116,passenger_flight,Position,Delivery
38,50,Delivery,4,4,4,4,415,418,12:35,12:38,3,0,0.0,2,8.534,52.098,60.632,1,B1116,delivery_service,Delivery,Delivery
38,51,Movement,4,5,4,5,418,424,12:38,12:44,6,6,11.45,0,0.0,60.632,49.182,1,B1128,passenger_flight,Position,Delivery
38,52,Delivery,5,5,5,5,424,427,12:44,12:47,3,0,0.0,2,8.534,49.182,57.716,0,B1128,delivery_service,Delivery,Delivery
38,53,Pickup,5,5,5,5,427,430,12:47,12:50,3,0,0.0,2,8.534,57.716,66.25,1,B1167,pickup_service,Pickup,Pickup
38,54,Stay,5,5,5,5,430,438,12:50,12:58,8,0,0.0,8,34.136,66.25,100.386,1,B1167,parking_charging,Position,Movement
38,55,Movement,5,9,5,9,438,455,12:58,13:15,17,17,62.04,0,0.0,100.386,38.346,1,B1167,passenger_flight,Position,Delivery
38,56,Delivery,9,9,9,9,455,458,13:15,13:18,3,0,0.0,2,8.534,38.346,46.88,0,B1167,delivery_service,Delivery,Delivery
38,57,Pickup,9,9,9,9,458,461,13:18,13:21,3,0,0.0,2,8.534,46.88,55.414,1,B1245,pickup_service,Pickup,Pickup
38,58,Stay,9,9,9,9,461,468,13:21,13:28,7,0,0.0,7,29.869,55.414,85.283,1,B1245,parking_charging,Position,Movement
38,59,Movement,9,2,9,2,468,482,13:28,13:42,14,14,50.24,0,0.0,85.283,35.043,1,B1245,passenger_flight,Position,Delivery
38,60,Delivery,2,2,2,2,482,485,13:42,13:45,3,0,0.0,2,8.534,35.043,43.577,0,B1245,delivery_service,Delivery,Delivery
38,61,Pickup,2,2,2,2,485,488,13:45,13:48,3,0,0.0,2,8.534,43.577,52.111,1,B1288,pickup_service,Pickup,Pickup
38,62,Movement,2,6,2,6,488,499,13:48,13:59,11,11,37.0,0,0.0,52.111,15.111,1,B1288,passenger_flight,Position,Delivery
38,63,Delivery,6,6,6,6,499,502,13:59,14:02,3,0,0.0,2,8.534,15.111,23.645,0,B1288,delivery_service,Delivery,Delivery
38,64,Stay,6,6,6,6,502,503,14:02,14:03,1,0,0.0,1,4.267,23.645,27.912,0,B1348,parking_charging,Position,Pickup
38,65,Pickup,6,6,6,6,503,506,14:03,14:06,3,0,0.0,2,8.534,27.912,36.446,1,B1348,pickup_service,Pickup,Pickup
38,66,Stay,6,6,6,6,506,509,14:06,14:09,3,0,0.0,3,12.801,36.446,49.247,1,B1370,parking_charging,Position,Pickup
38,67,Pickup,6,6,6,6,509,512,14:09,14:12,3,0,0.0,2,8.534,49.247,57.781,2,B1370,pickup_service,Pickup,Pickup
38,68,Stay,6,6,6,6,512,522,14:12,14:22,10,0,0.0,10,42.67,57.781,100.451,2,B1348,parking_charging,Position,Movement
38,69,Movement,6,7,6,7,522,534,14:22,14:34,12,12,43.48,0,0.0,100.451,56.971,2,B1348,passenger_flight,Position,Delivery
38,70,Delivery,7,7,7,7,534,537,14:34,14:37,3,0,0.0,2,8.534,56.971,65.505,1,B1348,delivery_service,Delivery,Delivery
38,71,Delivery,7,7,7,7,537,540,14:37,14:40,3,0,0.0,2,8.534,65.505,74.039,0,B1370,delivery_service,Delivery,Delivery
38,72,Stay,7,7,7,7,540,560,14:40,15:00,20,0,0.0,20,85.34,74.039,159.379,0,B1617,parking_charging,Position,Movement
38,73,Movement,7,6,7,6,560,572,15:00,15:12,12,12,43.48,0,0.0,159.379,115.899,0,B1617,empty_repositioning,Position,Pickup
38,74,Pickup,6,6,6,6,572,575,15:12,15:15,3,0,0.0,2,8.534,115.899,124.433,1,B1617,pickup_service,Pickup,Pickup
38,75,Movement,6,7,6,7,575,587,15:15,15:27,12,12,43.48,0,0.0,124.433,80.953,1,B1617,passenger_flight,Position,Delivery
38,76,Delivery,7,7,7,7,587,590,15:27,15:30,3,0,0.0,2,8.534,80.953,89.487,0,B1617,delivery_service,Delivery,Delivery
38,77,Stay,7,7,7,7,590,607,15:30,15:47,17,0,0.0,17,70.513,89.487,160.0,0,B1791,parking_charging,Position,Pickup
38,78,Pickup,7,7,7,7,607,610,15:47,15:50,3,0,0.0,2,0.0,160.0,160.0,1,B1791,pickup_service,Pickup,Pickup
38,79,Movement,7,5,7,5,610,620,15:50,16:00,10,10,32.24,0,0.0,160.0,127.76,1,B1791,passenger_flight,Position,Delivery
38,80,Delivery,5,5,5,5,620,623,16:00,16:03,3,0,0.0,2,8.534,127.76,136.294,0,B1791,delivery_service,Delivery,Delivery
38,81,Movement,5,3,5,3,623,631,16:03,16:11,8,8,23.93,0,0.0,136.294,112.364,0,B1879,empty_repositioning,Position,Pickup
38,82,Pickup,3,3,3,3,631,634,16:11,16:14,3,0,0.0,2,8.534,112.364,120.898,1,B1879,pickup_service,Pickup,Pickup
38,83,Movement,3,6,3,6,634,644,16:14,16:24,10,10,32.98,0,0.0,120.898,87.918,1,B1879,passenger_flight,Position,Delivery
38,84,Delivery,6,6,6,6,644,647,16:24,16:27,3,0,0.0,2,8.534,87.918,96.452,0,B1879,delivery_service,Delivery,Delivery
38,85,Pickup,6,6,6,6,647,650,16:27,16:30,3,0,0.0,2,8.534,96.452,104.986,1,B2015,pickup_service,Pickup,Pickup
38,86,Pickup,6,6,6,6,650,653,16:30,16:33,3,0,0.0,2,8.534,104.986,113.52,2,B2007,pickup_service,Pickup,Pickup
38,87,Movement,6,7,6,7,653,665,16:33,16:45,12,12,43.48,0,0.0,113.52,70.04,2,B2007,passenger_flight,Position,Delivery
38,88,Delivery,7,7,7,7,665,668,16:45,16:48,3,0,0.0,2,8.534,70.04,78.574,1,B2007,delivery_service,Delivery,Delivery
38,89,Delivery,7,7,7,7,668,671,16:48,16:51,3,0,0.0,2,8.534,78.574,87.108,0,B2015,delivery_service,Delivery,Delivery
38,90,Stay,7,7,7,7,671,678,16:51,16:58,7,0,0.0,7,29.869,87.108,116.977,0,B2250,parking_charging,Position,Pickup
38,91,Pickup,7,7,7,7,678,681,16:58,17:01,3,0,0.0,2,8.534,116.977,125.511,2,B2250,pickup_service,Pickup,Pickup
38,92,Stay,7,7,7,7,681,686,17:01,17:06,5,0,0.0,5,21.335,125.511,146.846,2,B2250,parking_charging,Position,Movement
38,93,Movement,7,4,7,4,686,693,17:06,17:13,7,7,21.43,0,0.0,146.846,125.416,2,B2250,passenger_flight,Position,Delivery
38,94,Delivery,4,4,4,4,693,696,17:13,17:16,3,0,0.0,2,8.534,125.416,133.95,0,B2250,delivery_service,Delivery,Delivery
38,95,Pickup,4,4,4,4,696,699,17:16,17:19,3,0,0.0,2,8.534,133.95,142.484,2,B2448,pickup_service,Pickup,Pickup
38,96,Pickup,4,4,4,4,699,702,17:19,17:22,3,0,0.0,2,8.534,142.484,151.018,4,B2402,pickup_service,Pickup,Pickup
38,97,Movement,4,7,4,7,702,709,17:22,17:29,7,7,21.43,0,0.0,151.018,129.588,4,B2402,passenger_flight,Position,Delivery
38,98,Delivery,7,7,7,7,709,712,17:29,17:32,3,0,0.0,2,8.534,129.588,138.122,2,B2402,delivery_service,Delivery,Delivery
38,99,Delivery,7,7,7,7,712,715,17:32,17:35,3,0,0.0,2,8.534,138.122,146.656,0,B2448,delivery_service,Delivery,Delivery
38,100,Stay,7,7,7,7,715,721,17:35,17:41,6,0,0.0,6,13.344,146.656,160.0,0,B2720,parking_charging,Position,Pickup
38,101,Pickup,7,7,7,7,721,724,17:41,17:44,3,0,0.0,2,0.0,160.0,160.0,2,B2720,pickup_service,Pickup,Pickup
38,102,Movement,7,1,7,1,724,731,17:44,17:51,7,7,21.03,0,0.0,160.0,138.97,2,B2789,passenger_flight,Position,Pickup
38,103,Pickup,1,1,1,1,731,734,17:51,17:54,3,0,0.0,2,8.534,138.97,147.504,3,B2789,pickup_service,Pickup,Pickup
38,104,Movement,1,6,1,6,734,741,17:54,18:01,7,7,23.39,0,0.0,147.504,124.114,3,B2720,passenger_flight,Position,Delivery
38,105,Delivery,6,6,6,6,741,744,18:01,18:04,3,0,0.0,2,8.534,124.114,132.648,1,B2720,delivery_service,Delivery,Delivery
38,106,Delivery,6,6,6,6,744,747,18:04,18:07,3,0,0.0,2,8.534,132.648,141.182,0,B2789,delivery_service,Delivery,Delivery
38,107,Pickup,6,6,6,6,747,750,18:07,18:10,3,0,0.0,2,8.534,141.182,149.716,2,B2967,pickup_service,Pickup,Pickup
38,108,Movement,6,1,6,1,750,757,18:10,18:17,7,7,23.39,0,0.0,149.716,126.326,2,B2967,passenger_flight,Position,Delivery
38,109,Delivery,1,1,1,1,757,760,18:17,18:20,3,0,0.0,2,8.534,126.326,134.86,0,B2967,delivery_service,Delivery,Delivery
38,110,Pickup,1,1,1,1,760,763,18:20,18:23,3,0,0.0,2,8.534,134.86,143.394,1,B3024,pickup_service,Pickup,Pickup
38,111,Movement,1,3,1,3,763,769,18:23,18:29,6,6,9.61,0,0.0,143.394,133.784,1,B3024,passenger_flight,Position,Delivery
38,112,Delivery,3,3,3,3,769,772,18:29,18:32,3,0,0.0,2,8.534,133.784,142.318,0,B3024,delivery_service,Delivery,Delivery
38,113,Movement,3,1,3,1,772,778,18:32,18:38,6,6,9.61,0,0.0,142.318,132.708,0,B3137,empty_repositioning,Position,Pickup
38,114,Pickup,1,1,1,1,778,781,18:38,18:41,3,0,0.0,2,8.534,132.708,141.242,1,B3137,pickup_service,Pickup,Pickup
38,115,Stay,1,1,1,1,781,784,18:41,18:44,3,0,0.0,3,12.801,141.242,154.043,1,B3137,parking_charging,Position,Movement
38,116,Movement,1,3,1,3,784,790,18:44,18:50,6,6,9.61,0,0.0,154.043,144.433,1,B3137,passenger_flight,Position,Delivery
38,117,Delivery,3,3,3,3,790,793,18:50,18:53,3,0,0.0,2,8.534,144.433,152.967,0,B3137,delivery_service,Delivery,Delivery
38,118,Movement,3,9,3,9,793,808,18:53,19:08,15,15,52.78,0,0.0,152.967,100.187,0,,return_to_depot,Position,Depot
39,0,Stay,10,10,10,10,0,40,05:40,06:20,40,0,0.0,40,0.0,160.0,160.0,0,B24,parking_charging,Position,Movement
39,1,Movement,10,1,10,1,40,53,06:20,06:33,13,13,47.44,0,0.0,160.0,112.56,0,B24,empty_repositioning,Position,Pickup
39,2,Pickup,1,1,1,1,53,56,06:33,06:36,3,0,0.0,2,8.534,112.56,121.094,1,B24,pickup_service,Pickup,Pickup
39,3,Stay,1,1,1,1,56,60,06:36,06:40,4,0,0.0,4,17.068,121.094,138.162,1,B24,parking_charging,Position,Movement
39,4,Movement,1,10,1,10,60,73,06:40,06:53,13,13,47.44,0,0.0,138.162,90.722,1,B24,passenger_flight,Position,Delivery
39,5,Delivery,10,10,10,10,73,76,06:53,06:56,3,0,0.0,2,8.534,90.722,99.256,0,B24,delivery_service,Delivery,Delivery
39,6,Pickup,10,10,10,10,76,79,06:56,06:59,3,0,0.0,2,8.534,99.256,107.79,1,B42,pickup_service,Pickup,Pickup
39,7,Movement,10,3,10,3,79,94,06:59,07:14,15,15,54.92,0,0.0,107.79,52.87,1,B42,passenger_flight,Position,Delivery
39,8,Delivery,3,3,3,3,94,97,07:14,07:17,3,0,0.0,2,8.534,52.87,61.404,0,B42,delivery_service,Delivery,Delivery
39,9,Stay,3,3,3,3,97,142,07:17,08:02,45,0,0.0,45,98.596,61.404,160.0,0,B133,parking_charging,Position,Pickup
39,10,Pickup,3,3,3,3,142,145,08:02,08:05,3,0,0.0,2,0.0,160.0,160.0,1,B133,pickup_service,Pickup,Pickup
39,11,Stay,3,3,3,3,145,146,08:05,08:06,1,0,0.0,1,0.0,160.0,160.0,1,B161,parking_charging,Position,Movement
39,12,Movement,3,2,3,2,146,149,08:06,08:09,3,3,4.08,0,0.0,160.0,155.92,1,B161,passenger_flight,Position,Pickup
39,13,Pickup,2,2,2,2,149,152,08:09,08:12,3,0,0.0,2,4.08,155.92,160.0,2,B161,pickup_service,Pickup,Pickup
39,14,Movement,2,5,2,5,152,160,08:12,08:20,8,8,27.57,0,0.0,160.0,132.43,2,B133,passenger_flight,Position,Delivery
39,15,Delivery,5,5,5,5,160,163,08:20,08:23,3,0,0.0,2,8.534,132.43,140.964,1,B133,delivery_service,Delivery,Delivery
39,16,Delivery,5,5,5,5,163,166,08:23,08:26,3,0,0.0,2,8.534,140.964,149.498,0,B161,delivery_service,Delivery,Delivery
39,17,Stay,5,5,5,5,166,179,08:26,08:39,13,0,0.0,13,10.502,149.498,160.0,0,B283,parking_charging,Position,Pickup
39,18,Pickup,5,5,5,5,179,182,08:39,08:42,3,0,0.0,2,0.0,160.0,160.0,1,B283,pickup_service,Pickup,Pickup
39,19,Stay,5,5,5,5,182,188,08:42,08:48,6,0,0.0,6,0.0,160.0,160.0,1,B283,parking_charging,Position,Movement
39,20,Movement,5,3,5,3,188,196,08:48,08:56,8,8,23.93,0,0.0,160.0,136.07,1,B283,passenger_flight,Position,Delivery
39,21,Delivery,3,3,3,3,196,199,08:56,08:59,3,0,0.0,2,8.534,136.07,144.604,0,B283,delivery_service,Delivery,Delivery
39,22,Stay,3,3,3,3,199,200,08:59,09:00,1,0,0.0,1,4.267,144.604,148.871,0,B356,parking_charging,Position,Pickup
39,23,Pickup,3,3,3,3,200,203,09:00,09:03,3,0,0.0,2,8.534,148.871,157.405,1,B356,pickup_service,Pickup,Pickup
39,24,Pickup,3,3,3,3,203,206,09:03,09:06,3,0,0.0,2,2.595,157.405,160.0,2,B349,pickup_service,Pickup,Pickup
39,25,Movement,3,4,3,4,206,213,09:06,09:13,7,7,12.6,0,0.0,160.0,147.4,2,B356,passenger_flight,Position,Delivery
39,26,Delivery,4,4,4,4,213,216,09:13,09:16,3,0,0.0,2,8.534,147.4,155.934,1,B356,delivery_service,Delivery,Delivery
39,27,Delivery,4,4,4,4,216,219,09:16,09:19,3,0,0.0,2,4.066,155.934,160.0,0,B349,delivery_service,Delivery,Delivery
39,28,Stay,4,4,4,4,219,240,09:19,09:40,21,0,0.0,21,0.0,160.0,160.0,0,B459,parking_charging,Position,Movement
39,29,Movement,4,5,4,5,240,246,09:40,09:46,6,6,11.45,0,0.0,160.0,148.55,0,B459,empty_repositioning,Position,Pickup
39,30,Pickup,5,5,5,5,246,249,09:46,09:49,3,0,0.0,2,8.534,148.55,157.084,1,B459,pickup_service,Pickup,Pickup
39,31,Movement,5,7,5,7,249,259,09:49,09:59,10,10,32.24,0,0.0,157.084,124.844,1,B459,passenger_flight,Position,Delivery
39,32,Delivery,7,7,7,7,259,262,09:59,10:02,3,0,0.0,2,8.534,124.844,133.378,0,B459,delivery_service,Delivery,Delivery
39,33,Stay,7,7,7,7,262,267,10:02,10:07,5,0,0.0,5,21.335,133.378,154.713,0,B587,parking_charging,Position,Movement
39,34,Movement,7,8,7,8,267,274,10:07,10:14,7,7,22.2,0,0.0,154.713,132.513,0,B587,empty_repositioning,Position,Pickup
39,35,Pickup,8,8,8,8,274,277,10:14,10:17,3,0,0.0,2,8.534,132.513,141.047,1,B587,pickup_service,Pickup,Pickup
39,36,Stay,8,8,8,8,277,282,10:17,10:22,5,0,0.0,5,18.953,141.047,160.0,1,B587,parking_charging,Position,Movement
39,37,Movement,8,1,8,1,282,294,10:22,10:34,12,12,41.05,0,0.0,160.0,118.95,1,B587,passenger_flight,Position,Delivery
39,38,Delivery,1,1,1,1,294,297,10:34,10:37,3,0,0.0,2,8.534,118.95,127.484,0,B587,delivery_service,Delivery,Delivery
39,39,Stay,1,1,1,1,297,300,10:37,10:40,3,0,0.0,3,12.801,127.484,140.285,0,B745,parking_charging,Position,Movement
39,40,Movement,1,6,1,6,300,307,10:40,10:47,7,7,23.39,0,0.0,140.285,116.895,0,B745,empty_repositioning,Position,Pickup
39,41,Pickup,6,6,6,6,307,310,10:47,10:50,3,0,0.0,2,8.534,116.895,125.429,1,B745,pickup_service,Pickup,Pickup
39,42,Movement,6,1,6,1,310,317,10:50,10:57,7,7,23.39,0,0.0,125.429,102.039,1,B745,passenger_flight,Position,Delivery
39,43,Delivery,1,1,1,1,317,320,10:57,11:00,3,0,0.0,2,8.534,102.039,110.573,0,B745,delivery_service,Delivery,Delivery
39,44,Movement,1,5,1,5,320,328,11:00,11:08,8,8,14.88,0,0.0,110.573,95.693,0,B865,empty_repositioning,Position,Pickup
39,45,Pickup,5,5,5,5,328,331,11:08,11:11,3,0,0.0,2,8.534,95.693,104.227,1,B865,pickup_service,Pickup,Pickup
39,46,Movement,5,9,5,9,331,348,11:11,11:28,17,17,62.04,0,0.0,104.227,42.187,1,B865,passenger_flight,Position,Delivery
39,47,Delivery,9,9,9,9,348,351,11:28,11:31,3,0,0.0,2,8.534,42.187,50.721,0,B865,delivery_service,Delivery,Delivery
39,48,Stay,9,9,9,9,351,356,11:31,11:36,5,0,0.0,5,21.335,50.721,72.056,0,B996,parking_charging,Position,Pickup
39,49,Pickup,9,9,9,9,356,359,11:36,11:39,3,0,0.0,2,8.534,72.056,80.59,1,B996,pickup_service,Pickup,Pickup
39,50,Movement,9,5,9,5,359,376,11:39,11:56,17,17,62.04,0,0.0,80.59,18.55,1,B996,passenger_flight,Position,Delivery
39,51,Delivery,5,5,5,5,376,379,11:56,11:59,3,0,0.0,2,8.534,18.55,27.084,0,B996,delivery_service,Delivery,Delivery
39,52,Stay,5,5,5,5,379,422,11:59,12:42,43,0,0.0,43,132.916,27.084,160.0,0,B1172,parking_charging,Position,Pickup
39,53,Pickup,5,5,5,5,422,425,12:42,12:45,3,0,0.0,2,0.0,160.0,160.0,1,B1172,pickup_service,Pickup,Pickup
39,54,Pickup,5,5,5,5,425,428,12:45,12:48,3,0,0.0,2,0.0,160.0,160.0,2,B1178,pickup_service,Pickup,Pickup
39,55,Movement,5,9,5,9,428,445,12:48,13:05,17,17,62.04,0,0.0,160.0,97.96,2,B1178,passenger_flight,Position,Delivery
39,56,Delivery,9,9,9,9,445,448,13:05,13:08,3,0,0.0,2,8.534,97.96,106.494,1,B1178,delivery_service,Delivery,Delivery
39,57,Delivery,9,9,9,9,448,451,13:08,13:11,3,0,0.0,2,8.534,106.494,115.028,0,B1172,delivery_service,Delivery,Delivery
39,58,Stay,9,9,9,9,451,460,13:11,13:20,9,0,0.0,9,38.403,115.028,153.431,0,B1260,parking_charging,Position,Movement
39,59,Movement,9,8,9,8,460,466,13:20,13:26,6,6,18.04,0,0.0,153.431,135.391,0,B1260,empty_repositioning,Position,Pickup
39,60,Pickup,8,8,8,8,466,469,13:26,13:29,3,0,0.0,2,8.534,135.391,143.925,1,B1260,pickup_service,Pickup,Pickup
39,61,Movement,8,3,8,3,469,479,13:29,13:39,10,10,35.17,0,0.0,143.925,108.755,1,B1260,passenger_flight,Position,Delivery
39,62,Delivery,3,3,3,3,479,482,13:39,13:42,3,0,0.0,2,8.534,108.755,117.289,0,B1260,delivery_service,Delivery,Delivery
39,63,Stay,3,3,3,3,482,514,13:42,14:14,32,0,0.0,32,42.711,117.289,160.0,0,B1392,parking_charging,Position,Pickup
39,64,Pickup,3,3,3,3,514,517,14:14,14:17,3,0,0.0,2,0.0,160.0,160.0,1,B1392,pickup_service,Pickup,Pickup
39,65,Stay,3,3,3,3,517,518,14:17,14:18,1,0,0.0,1,0.0,160.0,160.0,1,B1412,parking_charging,Position,Pickup
39,66,Pickup,3,3,3,3,518,521,14:18,14:21,3,0,0.0,2,0.0,160.0,160.0,2,B1412,pickup_service,Pickup,Pickup
39,67,Movement,3,9,3,9,521,536,14:21,14:36,15,15,52.78,0,0.0,160.0,107.22,2,B1412,passenger_flight,Position,Delivery
39,68,Delivery,9,9,9,9,536,539,14:36,14:39,3,0,0.0,2,8.534,107.22,115.754,1,B1412,delivery_service,Delivery,Delivery
39,69,Delivery,9,9,9,9,539,542,14:39,14:42,3,0,0.0,2,8.534,115.754,124.288,0,B1392,delivery_service,Delivery,Delivery
39,70,Stay,9,9,9,9,542,555,14:42,14:55,13,0,0.0,13,35.712,124.288,160.0,0,B1570,parking_charging,Position,Pickup
39,71,Pickup,9,9,9,9,555,558,14:55,14:58,3,0,0.0,2,0.0,160.0,160.0,1,B1570,pickup_service,Pickup,Pickup
39,72,Pickup,9,9,9,9,558,561,14:58,15:01,3,0,0.0,2,0.0,160.0,160.0,2,B1557,pickup_service,Pickup,Pickup
39,73,Movement,9,1,9,1,561,577,15:01,15:17,16,16,57.72,0,0.0,160.0,102.28,2,B1570,passenger_flight,Position,Delivery
39,74,Delivery,1,1,1,1,577,580,15:17,15:20,3,0,0.0,2,8.534,102.28,110.814,1,B1570,delivery_service,Delivery,Delivery
39,75,Delivery,1,1,1,1,580,583,15:20,15:23,3,0,0.0,2,8.534,110.814,119.348,0,B1557,delivery_service,Delivery,Delivery
39,76,Stay,1,1,1,1,583,591,15:23,15:31,8,0,0.0,8,34.136,119.348,153.484,0,B1709,parking_charging,Position,Pickup
39,77,Pickup,1,1,1,1,591,594,15:31,15:34,3,0,0.0,2,6.516,153.484,160.0,1,B1709,pickup_service,Pickup,Pickup
39,78,Movement,1,4,1,4,594,598,15:34,15:38,4,4,4.98,0,0.0,160.0,155.02,1,B1746,passenger_flight,Position,Pickup
39,79,Pickup,4,4,4,4,598,601,15:38,15:41,3,0,0.0,2,4.98,155.02,160.0,2,B1746,pickup_service,Pickup,Pickup
39,80,Movement,4,2,4,2,601,607,15:41,15:47,6,6,16.13,0,0.0,160.0,143.87,2,B1709,passenger_flight,Position,Delivery
39,81,Delivery,2,2,2,2,607,610,15:47,15:50,3,0,0.0,2,8.534,143.87,152.404,1,B1709,delivery_service,Delivery,Delivery
39,82,Movement,2,3,2,3,610,613,15:50,15:53,3,3,4.08,0,0.0,152.404,148.324,1,B1746,passenger_flight,Position,Delivery
39,83,Delivery,3,3,3,3,613,616,15:53,15:56,3,0,0.0,2,8.534,148.324,156.858,0,B1746,delivery_service,Delivery,Delivery
39,84,Pickup,3,3,3,3,616,619,15:56,15:59,3,0,0.0,2,3.142,156.858,160.0,1,B1821,pickup_service,Pickup,Pickup
39,85,Stay,3,3,3,3,619,626,15:59,16:06,7,0,0.0,7,0.0,160.0,160.0,1,B1821,parking_charging,Position,Movement
39,86,Movement,3,4,3,4,626,633,16:06,16:13,7,7,12.6,0,0.0,160.0,147.4,1,B1821,passenger_flight,Position,Delivery
39,87,Delivery,4,4,4,4,633,636,16:13,16:16,3,0,0.0,2,8.534,147.4,155.934,0,B1821,delivery_service,Delivery,Delivery
39,88,Stay,4,4,4,4,636,639,16:16,16:19,3,0,0.0,3,4.066,155.934,160.0,0,B1977,parking_charging,Position,Pickup
39,89,Pickup,4,4,4,4,639,642,16:19,16:22,3,0,0.0,2,0.0,160.0,160.0,1,B1977,pickup_service,Pickup,Pickup
39,90,Movement,4,2,4,2,642,648,16:22,16:28,6,6,16.13,0,0.0,160.0,143.87,1,B1977,passenger_flight,Position,Delivery
39,91,Delivery,2,2,2,2,648,651,16:28,16:31,3,0,0.0,2,8.534,143.87,152.404,0,B1977,delivery_service,Delivery,Delivery
39,92,Pickup,2,2,2,2,651,654,16:31,16:34,3,0,0.0,2,7.596,152.404,160.0,1,B2006,pickup_service,Pickup,Pickup
39,93,Movement,2,6,2,6,654,665,16:34,16:45,11,11,37.0,0,0.0,160.0,123.0,1,B2006,passenger_flight,Position,Delivery
39,94,Delivery,6,6,6,6,665,668,16:45,16:48,3,0,0.0,2,8.534,123.0,131.534,0,B2006,delivery_service,Delivery,Delivery
39,95,Stay,6,6,6,6,668,674,16:48,16:54,6,0,0.0,6,25.602,131.534,157.136,0,B2221,parking_charging,Position,Pickup
39,96,Pickup,6,6,6,6,674,677,16:54,16:57,3,0,0.0,2,2.864,157.136,160.0,1,B2221,pickup_service,Pickup,Pickup
39,97,Stay,6,6,6,6,677,679,16:57,16:59,2,0,0.0,2,0.0,160.0,160.0,1,B2257,parking_charging,Position,Pickup
39,98,Pickup,6,6,6,6,679,682,16:59,17:02,3,0,0.0,2,0.0,160.0,160.0,2,B2257,pickup_service,Pickup,Pickup
39,99,Movement,6,3,6,3,682,692,17:02,17:12,10,10,32.98,0,0.0,160.0,127.02,2,B2221,passenger_flight,Position,Delivery
39,100,Delivery,3,3,3,3,692,695,17:12,17:15,3,0,0.0,2,8.534,127.02,135.554,1,B2221,delivery_service,Delivery,Delivery
39,101,Delivery,3,3,3,3,695,698,17:15,17:18,3,0,0.0,2,8.534,135.554,144.088,0,B2257,delivery_service,Delivery,Delivery
39,102,Pickup,3,3,3,3,698,701,17:18,17:21,3,0,0.0,2,8.534,144.088,152.622,1,B2428,pickup_service,Pickup,Pickup
39,103,Stay,3,3,3,3,701,707,17:21,17:27,6,0,0.0,6,7.378,152.622,160.0,1,B2428,parking_charging,Position,Movement
39,104,Movement,3,10,3,10,707,722,17:27,17:42,15,15,54.92,0,0.0,160.0,105.08,1,B2428,passenger_flight,Position,Delivery
39,105,Delivery,10,10,10,10,722,725,17:42,17:45,3,0,0.0,2,8.534,105.08,113.614,0,B2428,delivery_service,Delivery,Delivery
39,106,Stay,10,10,10,10,725,740,17:45,18:00,15,0,0.0,15,46.386,113.614,160.0,0,B2848,parking_charging,Position,Pickup
39,107,Pickup,10,10,10,10,740,743,18:00,18:03,3,0,0.0,2,0.0,160.0,160.0,1,B2848,pickup_service,Pickup,Pickup
39,108,Movement,10,3,10,3,743,758,18:03,18:18,15,15,54.92,0,0.0,160.0,105.08,1,B2848,passenger_flight,Position,Delivery
39,109,Delivery,3,3,3,3,758,761,18:18,18:21,3,0,0.0,2,8.534,105.08,113.614,0,B2848,delivery_service,Delivery,Delivery
39,110,Stay,3,3,3,3,761,767,18:21,18:27,6,0,0.0,6,25.602,113.614,139.216,0,B3113,parking_charging,Position,Movement
39,111,Movement,3,2,3,2,767,770,18:27,18:30,3,3,4.08,0,0.0,139.216,135.136,0,B3113,empty_repositioning,Position,Pickup
39,112,Pickup,2,2,2,2,770,773,18:30,18:33,3,0,0.0,2,8.534,135.136,143.67,1,B3113,pickup_service,Pickup,Pickup
39,113,Pickup,2,2,2,2,773,776,18:33,18:36,3,0,0.0,2,8.534,143.67,152.204,2,B3097,pickup_service,Pickup,Pickup
39,114,Movement,2,4,2,4,776,782,18:36,18:42,6,6,16.13,0,0.0,152.204,136.074,2,B3113,passenger_flight,Position,Delivery
39,115,Delivery,4,4,4,4,782,785,18:42,18:45,3,0,0.0,2,8.534,136.074,144.608,1,B3113,delivery_service,Delivery,Delivery
39,116,Delivery,4,4,4,4,785,788,18:45,18:48,3,0,0.0,2,8.534,144.608,153.142,0,B3097,delivery_service,Delivery,Delivery
39,117,Stay,4,4,4,4,788,800,18:48,19:00,12,0,0.0,12,6.858,153.142,160.0,0,B3287,parking_charging,Position,Pickup
39,118,Pickup,4,4,4,4,800,803,19:00,19:03,3,0,0.0,2,0.0,160.0,160.0,1,B3287,pickup_service,Pickup,Pickup
39,119,Pickup,4,4,4,4,803,806,19:03,19:06,3,0,0.0,2,0.0,160.0,160.0,2,B3304,pickup_service,Pickup,Pickup
39,120,Movement,4,6,4,6,806,813,19:06,19:13,7,7,22.06,0,0.0,160.0,137.94,2,B3287,passenger_flight,Position,Delivery
39,121,Delivery,6,6,6,6,813,816,19:13,19:16,3,0,0.0,2,8.534,137.94,146.474,1,B3287,delivery_service,Delivery,Delivery
39,122,Delivery,6,6,6,6,816,819,19:16,19:19,3,0,0.0,2,8.534,146.474,155.008,0,B3304,delivery_service,Delivery,Delivery
39,123,Movement,6,10,6,10,819,830,19:19,19:30,11,11,35.74,0,0.0,155.008,119.268,0,,return_to_depot,Position,Depot
40,0,Stay,1,1,1,1,0,142,05:40,08:02,142,0,0.0,142,0.0,160.0,160.0,0,B132,parking_charging,Position,Pickup
40,1,Pickup,1,1,1,1,142,145,08:02,08:05,3,0,0.0,2,0.0,160.0,160.0,1,B132,pickup_service,Pickup,Pickup
40,2,Movement,1,9,1,9,145,161,08:05,08:21,16,16,57.72,0,0.0,160.0,102.28,1,B132,passenger_flight,Position,Delivery
40,3,Delivery,9,9,9,9,161,164,08:21,08:24,3,0,0.0,2,8.534,102.28,110.814,0,B132,delivery_service,Delivery,Delivery
40,4,Stay,9,9,9,9,164,170,08:24,08:30,6,0,0.0,6,25.602,110.814,136.416,0,B276,parking_charging,Position,Movement
40,5,Movement,9,8,9,8,170,176,08:30,08:36,6,6,18.04,0,0.0,136.416,118.376,0,B276,empty_repositioning,Position,Pickup
40,6,Pickup,8,8,8,8,176,179,08:36,08:39,3,0,0.0,2,8.534,118.376,126.91,1,B276,pickup_service,Pickup,Pickup
40,7,Pickup,8,8,8,8,179,182,08:39,08:42,3,0,0.0,2,8.534,126.91,135.444,2,B270,pickup_service,Pickup,Pickup
40,8,Movement,8,5,8,5,182,196,08:42,08:56,14,14,47.79,0,0.0,135.444,87.654,2,B276,passenger_flight,Position,Delivery
40,9,Delivery,5,5,5,5,196,199,08:56,08:59,3,0,0.0,2,8.534,87.654,96.188,1,B276,delivery_service,Delivery,Delivery
40,10,Delivery,5,5,5,5,199,202,08:59,09:02,3,0,0.0,2,8.534,96.188,104.722,0,B270,delivery_service,Delivery,Delivery
40,11,Pickup,5,5,5,5,202,205,09:02,09:05,3,0,0.0,2,8.534,104.722,113.256,1,B342,pickup_service,Pickup,Pickup
40,12,Movement,5,3,5,3,205,213,09:05,09:13,8,8,23.93,0,0.0,113.256,89.326,1,B342,passenger_flight,Position,Delivery
40,13,Delivery,3,3,3,3,213,216,09:13,09:16,3,0,0.0,2,8.534,89.326,97.86,0,B342,delivery_service,Delivery,Delivery
40,14,Pickup,3,3,3,3,216,219,09:16,09:19,3,0,0.0,2,8.534,97.86,106.394,2,B393,pickup_service,Pickup,Pickup
40,15,Movement,3,4,3,4,219,226,09:19,09:26,7,7,12.6,0,0.0,106.394,93.794,2,B393,passenger_flight,Position,Delivery
40,16,Delivery,4,4,4,4,226,229,09:26,09:29,3,0,0.0,2,8.534,93.794,102.328,0,B393,delivery_service,Delivery,Delivery
40,17,Stay,4,4,4,4,229,249,09:29,09:49,20,0,0.0,20,57.672,102.328,160.0,0,B485,parking_charging,Position,Movement
40,18,Movement,4,5,4,5,249,255,09:49,09:55,6,6,11.45,0,0.0,160.0,148.55,0,B485,empty_repositioning,Position,Pickup
40,19,Pickup,5,5,5,5,255,258,09:55,09:58,3,0,0.0,2,8.534,148.55,157.084,1,B485,pickup_service,Pickup,Pickup
40,20,Stay,5,5,5,5,258,265,09:58,10:05,7,0,0.0,7,2.916,157.084,160.0,1,B485,parking_charging,Position,Movement
40,21,Movement,5,7,5,7,265,275,10:05,10:15,10,10,32.24,0,0.0,160.0,127.76,1,B485,passenger_flight,Position,Delivery
40,22,Delivery,7,7,7,7,275,278,10:15,10:18,3,0,0.0,2,8.534,127.76,136.294,0,B485,delivery_service,Delivery,Delivery
40,23,Pickup,7,7,7,7,278,281,10:18,10:21,3,0,0.0,2,8.534,136.294,144.828,1,B586,pickup_service,Pickup,Pickup
40,24,Movement,7,4,7,4,281,288,10:21,10:28,7,7,21.43,0,0.0,144.828,123.398,1,B586,passenger_flight,Position,Delivery
40,25,Delivery,4,4,4,4,288,291,10:28,10:31,3,0,0.0,2,8.534,123.398,131.932,0,B586,delivery_service,Delivery,Delivery
40,26,Pickup,4,4,4,4,291,294,10:31,10:34,3,0,0.0,2,8.534,131.932,140.466,1,B656,pickup_service,Pickup,Pickup
40,27,Movement,4,3,4,3,294,301,10:34,10:41,7,7,12.6,0,0.0,140.466,127.866,1,B656,passenger_flight,Position,Delivery
40,28,Delivery,3,3,3,3,301,304,10:41,10:44,3,0,0.0,2,8.534,127.866,136.4,0,B656,delivery_service,Delivery,Delivery
40,29,Stay,3,3,3,3,304,307,10:44,10:47,3,0,0.0,3,12.801,136.4,149.201,0,B763,parking_charging,Position,Pickup
40,30,Pickup,3,3,3,3,307,310,10:47,10:50,3,0,0.0,2,8.534,149.201,157.735,1,B763,pickup_service,Pickup,Pickup
40,31,Pickup,3,3,3,3,310,313,10:50,10:53,3,0,0.0,2,2.265,157.735,160.0,2,B771,pickup_service,Pickup,Pickup
40,32,Movement,3,5,3,5,313,321,10:53,11:01,8,8,23.93,0,0.0,160.0,136.07,2,B771,passenger_flight,Position,Delivery
40,33,Delivery,5,5,5,5,321,324,11:01,11:04,3,0,0.0,2,8.534,136.07,144.604,1,B771,delivery_service,Delivery,Delivery
40,34,Delivery,5,5,5,5,324,327,11:04,11:07,3,0,0.0,2,8.534,144.604,153.138,0,B763,delivery_service,Delivery,Delivery
40,35,Stay,5,5,5,5,327,341,11:07,11:21,14,0,0.0,14,6.862,153.138,160.0,0,B924,parking_charging,Position,Pickup
40,36,Pickup,5,5,5,5,341,344,11:21,11:24,3,0,0.0,2,0.0,160.0,160.0,1,B924,pickup_service,Pickup,Pickup
40,37,Pickup,5,5,5,5,344,347,11:24,11:27,3,0,0.0,2,0.0,160.0,160.0,2,B912,pickup_service,Pickup,Pickup
40,38,Movement,5,3,5,3,347,355,11:27,11:35,8,8,23.93,0,0.0,160.0,136.07,2,B912,passenger_flight,Position,Delivery
40,39,Delivery,3,3,3,3,355,358,11:35,11:38,3,0,0.0,2,8.534,136.07,144.604,1,B912,delivery_service,Delivery,Delivery
40,40,Delivery,3,3,3,3,358,361,11:38,11:41,3,0,0.0,2,8.534,144.604,153.138,0,B924,delivery_service,Delivery,Delivery
40,41,Pickup,3,3,3,3,361,364,11:41,11:44,3,0,0.0,2,6.862,153.138,160.0,1,B998,pickup_service,Pickup,Pickup
40,42,Movement,3,6,3,6,364,374,11:44,11:54,10,10,32.98,0,0.0,160.0,127.02,1,B998,passenger_flight,Position,Delivery
40,43,Delivery,6,6,6,6,374,377,11:54,11:57,3,0,0.0,2,8.534,127.02,135.554,0,B998,delivery_service,Delivery,Delivery
40,44,Pickup,6,6,6,6,377,380,11:57,12:00,3,0,0.0,2,8.534,135.554,144.088,1,B1053,pickup_service,Pickup,Pickup
40,45,Stay,6,6,6,6,380,385,12:00,12:05,5,0,0.0,5,15.912,144.088,160.0,1,B1053,parking_charging,Position,Movement
40,46,Movement,6,7,6,7,385,397,12:05,12:17,12,12,43.48,0,0.0,160.0,116.52,1,B1053,passenger_flight,Position,Delivery
40,47,Delivery,7,7,7,7,397,400,12:17,12:20,3,0,0.0,2,8.534,116.52,125.054,0,B1053,delivery_service,Delivery,Delivery
40,48,Stay,7,7,7,7,400,410,12:20,12:30,10,0,0.0,10,34.946,125.054,160.0,0,B1143,parking_charging,Position,Pickup
40,49,Pickup,7,7,7,7,410,413,12:30,12:33,3,0,0.0,2,0.0,160.0,160.0,1,B1143,pickup_service,Pickup,Pickup
40,50,Pickup,7,7,7,7,413,416,12:33,12:36,3,0,0.0,2,0.0,160.0,160.0,2,B1140,pickup_service,Pickup,Pickup
40,51,Movement,7,4,7,4,416,423,12:36,12:43,7,7,21.43,0,0.0,160.0,138.57,2,B1140,passenger_flight,Position,Delivery
40,52,Delivery,4,4,4,4,423,426,12:43,12:46,3,0,0.0,2,8.534,138.57,147.104,1,B1140,delivery_service,Delivery,Delivery
40,53,Delivery,4,4,4,4,426,429,12:46,12:49,3,0,0.0,2,8.534,147.104,155.638,0,B1143,delivery_service,Delivery,Delivery
40,54,Stay,4,4,4,4,429,441,12:49,13:01,12,0,0.0,12,4.362,155.638,160.0,0,B1214,parking_charging,Position,Pickup
40,55,Pickup,4,4,4,4,441,444,13:01,13:04,3,0,0.0,2,0.0,160.0,160.0,1,B1214,pickup_service,Pickup,Pickup
40,56,Movement,4,9,4,9,444,459,13:04,13:19,15,15,55.47,0,0.0,160.0,104.53,1,B1214,passenger_flight,Position,Delivery
40,57,Delivery,9,9,9,9,459,462,13:19,13:22,3,0,0.0,2,8.534,104.53,113.064,0,B1214,delivery_service,Delivery,Delivery
40,58,Stay,9,9,9,9,462,510,13:22,14:10,48,0,0.0,48,46.936,113.064,160.0,0,B1376,parking_charging,Position,Pickup
40,59,Pickup,9,9,9,9,510,513,14:10,14:13,3,0,0.0,2,0.0,160.0,160.0,1,B1376,pickup_service,Pickup,Pickup
40,60,Stay,9,9,9,9,513,517,14:13,14:17,4,0,0.0,4,0.0,160.0,160.0,1,B1376,parking_charging,Position,Movement
40,61,Movement,9,4,9,4,517,532,14:17,14:32,15,15,55.47,0,0.0,160.0,104.53,1,B1376,passenger_flight,Position,Delivery
40,62,Delivery,4,4,4,4,532,535,14:32,14:35,3,0,0.0,2,8.534,104.53,113.064,0,B1376,delivery_service,Delivery,Delivery
40,63,Pickup,4,4,4,4,535,538,14:35,14:38,3,0,0.0,2,8.534,113.064,121.598,1,B1461,pickup_service,Pickup,Pickup
40,64,Movement,4,7,4,7,538,545,14:38,14:45,7,7,21.43,0,0.0,121.598,100.168,1,B1461,passenger_flight,Position,Delivery
40,65,Delivery,7,7,7,7,545,548,14:45,14:48,3,0,0.0,2,8.534,100.168,108.702,0,B1461,delivery_service,Delivery,Delivery
40,66,Movement,7,1,7,1,548,555,14:48,14:55,7,7,21.03,0,0.0,108.702,87.672,0,B1564,empty_repositioning,Position,Pickup
40,67,Pickup,1,1,1,1,555,558,14:55,14:58,3,0,0.0,2,8.534,87.672,96.206,1,B1564,pickup_service,Pickup,Pickup
40,68,Stay,1,1,1,1,558,566,14:58,15:06,8,0,0.0,8,34.136,96.206,130.342,1,B1564,parking_charging,Position,Movement
40,69,Movement,1,10,1,10,566,579,15:06,15:19,13,13,47.44,0,0.0,130.342,82.902,1,B1564,passenger_flight,Position,Delivery
40,70,Delivery,10,10,10,10,579,582,15:19,15:22,3,0,0.0,2,8.534,82.902,91.436,0,B1564,delivery_service,Delivery,Delivery
40,71,Stay,10,10,10,10,582,611,15:22,15:51,29,0,0.0,29,68.564,91.436,160.0,0,B1804,parking_charging,Position,Pickup
40,72,Pickup,10,10,10,10,611,614,15:51,15:54,3,0,0.0,2,0.0,160.0,160.0,1,B1804,pickup_service,Pickup,Pickup
40,73,Pickup,10,10,10,10,614,617,15:54,15:57,3,0,0.0,2,0.0,160.0,160.0,2,B1792,pickup_service,Pickup,Pickup
40,74,Movement,10,4,10,4,617,629,15:57,16:09,12,12,42.86,0,0.0,160.0,117.14,2,B1792,passenger_flight,Position,Delivery
40,75,Delivery,4,4,4,4,629,632,16:09,16:12,3,0,0.0,2,8.534,117.14,125.674,1,B1792,delivery_service,Delivery,Delivery
40,76,Movement,4,3,4,3,632,639,16:12,16:19,7,7,12.6,0,0.0,125.674,113.074,1,B1804,passenger_flight,Position,Delivery
40,77,Delivery,3,3,3,3,639,642,16:19,16:22,3,0,0.0,2,8.534,113.074,121.608,0,B1804,delivery_service,Delivery,Delivery
40,78,Pickup,3,3,3,3,642,645,16:22,16:25,3,0,0.0,2,8.534,121.608,130.142,2,B1982,pickup_service,Pickup,Pickup
40,79,Movement,3,5,3,5,645,653,16:25,16:33,8,8,23.93,0,0.0,130.142,106.212,2,B1982,passenger_flight,Position,Delivery
40,80,Delivery,5,5,5,5,653,656,16:33,16:36,3,0,0.0,2,8.534,106.212,114.746,0,B1982,delivery_service,Delivery,Delivery
40,81,Stay,5,5,5,5,656,660,16:36,16:40,4,0,0.0,4,17.068,114.746,131.814,0,B2154,parking_charging,Position,Movement
40,82,Movement,5,4,5,4,660,666,16:40,16:46,6,6,11.45,0,0.0,131.814,120.364,0,B2154,empty_repositioning,Position,Pickup
40,83,Pickup,4,4,4,4,666,669,16:46,16:49,3,0,0.0,2,8.534,120.364,128.898,1,B2154,pickup_service,Pickup,Pickup
40,84,Movement,4,2,4,2,669,675,16:49,16:55,6,6,16.13,0,0.0,128.898,112.768,1,B2217,passenger_flight,Position,Pickup
40,85,Pickup,2,2,2,2,675,678,16:55,16:58,3,0,0.0,2,8.534,112.768,121.302,2,B2217,pickup_service,Pickup,Pickup
40,86,Delivery,2,2,2,2,678,681,16:58,17:01,3,0,0.0,2,8.534,121.302,129.836,1,B2154,delivery_service,Delivery,Delivery
40,87,Stay,2,2,2,2,681,684,17:01,17:04,3,0,0.0,3,12.801,129.836,142.637,1,B2217,parking_charging,Position,Movement
40,88,Movement,2,5,2,5,684,692,17:04,17:12,8,8,27.57,0,0.0,142.637,115.067,1,B2217,passenger_flight,Position,Delivery
40,89,Delivery,5,5,5,5,692,695,17:12,17:15,3,0,0.0,2,8.534,115.067,123.601,0,B2217,delivery_service,Delivery,Delivery
40,90,Stay,5,5,5,5,695,720,17:15,17:40,25,0,0.0,25,36.399,123.601,160.0,0,B2767,parking_charging,Position,Movement
40,91,Movement,5,3,5,3,720,728,17:40,17:48,8,8,23.93,0,0.0,160.0,136.07,0,B2767,empty_repositioning,Position,Pickup
40,92,Pickup,3,3,3,3,728,731,17:48,17:51,3,0,0.0,2,8.534,136.07,144.604,1,B2767,pickup_service,Pickup,Pickup
40,93,Pickup,3,3,3,3,731,734,17:51,17:54,3,0,0.0,2,8.534,144.604,153.138,2,B2742,pickup_service,Pickup,Pickup
40,94,Movement,3,1,3,1,734,740,17:54,18:00,6,6,9.61,0,0.0,153.138,143.528,2,B2742,passenger_flight,Position,Delivery
40,95,Delivery,1,1,1,1,740,743,18:00,18:03,3,0,0.0,2,8.534,143.528,152.062,1,B2742,delivery_service,Delivery,Delivery
40,96,Delivery,1,1,1,1,743,746,18:03,18:06,3,0,0.0,2,7.938,152.062,160.0,0,B2767,delivery_service,Delivery,Delivery
40,97,Stay,1,1,1,1,746,766,18:06,18:26,20,0,0.0,20,0.0,160.0,160.0,0,B3083,parking_charging,Position,Pickup
40,98,Pickup,1,1,1,1,766,769,18:26,18:29,3,0,0.0,2,0.0,160.0,160.0,1,B3083,pickup_service,Pickup,Pickup
40,99,Pickup,1,1,1,1,769,772,18:29,18:32,3,0,0.0,2,0.0,160.0,160.0,2,B3096,pickup_service,Pickup,Pickup
40,100,Pickup,1,1,1,1,772,775,18:32,18:35,3,0,0.0,2,0.0,160.0,160.0,4,B3110,pickup_service,Pickup,Pickup
40,101,Movement,1,3,1,3,775,781,18:35,18:41,6,6,9.61,0,0.0,160.0,150.39,4,B3083,passenger_flight,Position,Delivery
40,102,Delivery,3,3,3,3,781,784,18:41,18:44,3,0,0.0,2,8.534,150.39,158.924,3,B3083,delivery_service,Delivery,Delivery
40,103,Delivery,3,3,3,3,784,787,18:44,18:47,3,0,0.0,2,1.076,158.924,160.0,2,B3096,delivery_service,Delivery,Delivery
40,104,Delivery,3,3,3,3,787,790,18:47,18:50,3,0,0.0,2,0.0,160.0,160.0,0,B3110,delivery_service,Delivery,Delivery
40,105,Movement,3,1,3,1,790,796,18:50,18:56,6,6,9.61,0,0.0,160.0,150.39,0,B3229,empty_repositioning,Position,Pickup
40,106,Pickup,1,1,1,1,796,799,18:56,18:59,3,0,0.0,2,8.534,150.39,158.924,1,B3229,pickup_service,Pickup,Pickup
40,107,Movement,1,3,1,3,799,805,18:59,19:05,6,6,9.61,0,0.0,158.924,149.314,1,B3229,passenger_flight,Position,Delivery
40,108,Delivery,3,3,3,3,805,808,19:05,19:08,3,0,0.0,2,8.534,149.314,157.848,0,B3229,delivery_service,Delivery,Delivery
40,109,Movement,3,1,3,1,808,814,19:08,19:14,6,6,9.61,0,0.0,157.848,148.238,0,,return_to_depot,Position,Depot
41,0,Stay,2,2,2,2,0,93,05:40,07:13,93,0,0.0,93,0.0,160.0,160.0,0,B65,parking_charging,Position,Pickup
41,1,Pickup,2,2,2,2,93,96,07:13,07:16,3,0,0.0,2,0.0,160.0,160.0,1,B65,pickup_service,Pickup,Pickup
41,2,Stay,2,2,2,2,96,101,07:16,07:21,5,0,0.0,5,0.0,160.0,160.0,1,B65,parking_charging,Position,Movement
41,3,Movement,2,6,2,6,101,112,07:21,07:32,11,11,37.0,0,0.0,160.0,123.0,1,B65,passenger_flight,Position,Delivery
41,4,Delivery,6,6,6,6,112,115,07:32,07:35,3,0,0.0,2,8.534,123.0,131.534,0,B65,delivery_service,Delivery,Delivery
41,5,Stay,6,6,6,6,115,123,07:35,07:43,8,0,0.0,8,28.466,131.534,160.0,0,B102,parking_charging,Position,Pickup
41,6,Pickup,6,6,6,6,123,126,07:43,07:46,3,0,0.0,2,0.0,160.0,160.0,1,B102,pickup_service,Pickup,Pickup
41,7,Pickup,6,6,6,6,126,129,07:46,07:49,3,0,0.0,2,0.0,160.0,160.0,3,B97,pickup_service,Pickup,Pickup
41,8,Movement,6,1,6,1,129,136,07:49,07:56,7,7,23.39,0,0.0,160.0,136.61,3,B97,passenger_flight,Position,Delivery
41,9,Delivery,1,1,1,1,136,139,07:56,07:59,3,0,0.0,2,8.534,136.61,145.144,1,B97,delivery_service,Delivery,Delivery
41,10,Movement,1,9,1,9,139,155,07:59,08:15,16,16,57.72,0,0.0,145.144,87.424,1,B102,passenger_flight,Position,Delivery
41,11,Delivery,9,9,9,9,155,158,08:15,08:18,3,0,0.0,2,8.534,87.424,95.958,0,B102,delivery_service,Delivery,Delivery
41,12,Pickup,9,9,9,9,158,161,08:18,08:21,3,0,0.0,2,8.534,95.958,104.492,1,B169,pickup_service,Pickup,Pickup
41,13,Movement,9,6,9,6,161,181,08:21,08:41,20,20,74.79,0,0.0,104.492,29.702,1,B169,passenger_flight,Position,Delivery
41,14,Delivery,6,6,6,6,181,184,08:41,08:44,3,0,0.0,2,8.534,29.702,38.236,0,B169,delivery_service,Delivery,Delivery
41,15,Pickup,6,6,6,6,184,187,08:44,08:47,3,0,0.0,2,8.534,38.236,46.77,1,B285,pickup_service,Pickup,Pickup
41,16,Movement,6,4,6,4,187,194,08:47,08:54,7,7,22.06,0,0.0,46.77,24.71,1,B285,passenger_flight,Position,Delivery
41,17,Delivery,4,4,4,4,194,197,08:54,08:57,3,0,0.0,2,8.534,24.71,33.244,0,B285,delivery_service,Delivery,Delivery
41,18,Stay,4,4,4,4,197,262,08:57,10:02,65,0,0.0,65,126.756,33.244,160.0,0,B506,parking_charging,Position,Pickup
41,19,Pickup,4,4,4,4,262,265,10:02,10:05,3,0,0.0,2,0.0,160.0,160.0,1,B506,pickup_service,Pickup,Pickup
41,20,Movement,4,10,4,10,265,277,10:05,10:17,12,12,42.86,0,0.0,160.0,117.14,1,B575,passenger_flight,Position,Pickup
41,21,Pickup,10,10,10,10,277,280,10:17,10:20,3,0,0.0,2,8.534,117.14,125.674,2,B575,pickup_service,Pickup,Pickup
41,22,Delivery,10,10,10,10,280,283,10:20,10:23,3,0,0.0,2,8.534,125.674,134.208,1,B506,delivery_service,Delivery,Delivery
41,23,Movement,10,1,10,1,283,296,10:23,10:36,13,13,47.44,0,0.0,134.208,86.768,1,B575,passenger_flight,Position,Delivery
41,24,Delivery,1,1,1,1,296,299,10:36,10:39,3,0,0.0,2,8.534,86.768,95.302,0,B575,delivery_service,Delivery,Delivery
41,25,Stay,1,1,1,1,299,300,10:39,10:40,1,0,0.0,1,4.267,95.302,99.569,0,B747,parking_charging,Position,Movement
41,26,Movement,1,6,1,6,300,307,10:40,10:47,7,7,23.39,0,0.0,99.569,76.179,0,B747,empty_repositioning,Position,Pickup
41,27,Pickup,6,6,6,6,307,310,10:47,10:50,3,0,0.0,2,8.534,76.179,84.713,1,B747,pickup_service,Pickup,Pickup
41,28,Pickup,6,6,6,6,310,313,10:50,10:53,3,0,0.0,2,8.534,84.713,93.247,2,B784,pickup_service,Pickup,Pickup
41,29,Movement,6,7,6,7,313,325,10:53,11:05,12,12,43.48,0,0.0,93.247,49.767,2,B747,passenger_flight,Position,Delivery
41,30,Delivery,7,7,7,7,325,328,11:05,11:08,3,0,0.0,2,8.534,49.767,58.301,1,B747,delivery_service,Delivery,Delivery
41,31,Delivery,7,7,7,7,328,331,11:08,11:11,3,0,0.0,2,8.534,58.301,66.835,0,B784,delivery_service,Delivery,Delivery
41,32,Pickup,7,7,7,7,331,334,11:11,11:14,3,0,0.0,2,8.534,66.835,75.369,1,B867,pickup_service,Pickup,Pickup
41,33,Movement,7,4,7,4,334,341,11:14,11:21,7,7,21.43,0,0.0,75.369,53.939,1,B867,passenger_flight,Position,Delivery
41,34,Delivery,4,4,4,4,341,344,11:21,11:24,3,0,0.0,2,8.534,53.939,62.473,0,B867,delivery_service,Delivery,Delivery
41,35,Pickup,4,4,4,4,344,347,11:24,11:27,3,0,0.0,2,8.534,62.473,71.007,1,B921,pickup_service,Pickup,Pickup
41,36,Movement,4,7,4,7,347,354,11:27,11:34,7,7,21.43,0,0.0,71.007,49.577,1,B921,passenger_flight,Position,Delivery
41,37,Delivery,7,7,7,7,354,357,11:34,11:37,3,0,0.0,2,8.534,49.577,58.111,0,B921,delivery_service,Delivery,Delivery
41,38,Stay,7,7,7,7,357,360,11:37,11:40,3,0,0.0,3,12.801,58.111,70.912,0,B1036,parking_charging,Position,Movement
41,39,Movement,7,6,7,6,360,372,11:40,11:52,12,12,43.48,0,0.0,70.912,27.432,0,B1036,empty_repositioning,Position,Pickup
41,40,Pickup,6,6,6,6,372,375,11:52,11:55,3,0,0.0,2,8.534,27.432,35.966,2,B1036,pickup_service,Pickup,Pickup
41,41,Stay,6,6,6,6,375,391,11:55,12:11,16,0,0.0,16,68.272,35.966,104.238,2,B1036,parking_charging,Position,Movement
41,42,Movement,6,7,6,7,391,403,12:11,12:23,12,12,43.48,0,0.0,104.238,60.758,2,B1036,passenger_flight,Position,Delivery
41,43,Delivery,7,7,7,7,403,406,12:23,12:26,3,0,0.0,2,8.534,60.758,69.292,0,B1036,delivery_service,Delivery,Delivery
41,44,Stay,7,7,7,7,406,413,12:26,12:33,7,0,0.0,7,29.869,69.292,99.161,0,B1149,parking_charging,Position,Pickup
41,45,Pickup,7,7,7,7,413,416,12:33,12:36,3,0,0.0,2,8.534,99.161,107.695,1,B1149,pickup_service,Pickup,Pickup
41,46,Stay,7,7,7,7,416,417,12:36,12:37,1,0,0.0,1,4.267,107.695,111.962,1,B1159,parking_charging,Position,Pickup
41,47,Pickup,7,7,7,7,417,420,12:37,12:40,3,0,0.0,2,8.534,111.962,120.496,2,B1159,pickup_service,Pickup,Pickup
41,48,Movement,7,4,7,4,420,427,12:40,12:47,7,7,21.43,0,0.0,120.496,99.066,2,B1149,passenger_flight,Position,Delivery
41,49,Delivery,4,4,4,4,427,430,12:47,12:50,3,0,0.0,2,8.534,99.066,107.6,1,B1149,delivery_service,Delivery,Delivery
41,50,Movement,4,1,4,1,430,434,12:50,12:54,4,4,4.98,0,0.0,107.6,102.62,1,B1159,passenger_flight,Position,Delivery
41,51,Delivery,1,1,1,1,434,437,12:54,12:57,3,0,0.0,2,8.534,102.62,111.154,0,B1159,delivery_service,Delivery,Delivery
41,52,Stay,1,1,1,1,437,439,12:57,12:59,2,0,0.0,2,8.534,111.154,119.688,0,B1211,parking_charging,Position,Pickup
41,53,Pickup,1,1,1,1,439,442,12:59,13:02,3,0,0.0,2,8.534,119.688,128.222,1,B1211,pickup_service,Pickup,Pickup
41,54,Movement,1,2,1,2,442,449,13:02,13:09,7,7,13.61,0,0.0,128.222,114.612,1,B1211,passenger_flight,Position,Delivery
41,55,Delivery,2,2,2,2,449,452,13:09,13:12,3,0,0.0,2,8.534,114.612,123.146,0,B1211,delivery_service,Delivery,Delivery
41,56,Pickup,2,2,2,2,452,455,13:12,13:15,3,0,0.0,2,8.534,123.146,131.68,1,B1236,pickup_service,Pickup,Pickup
41,57,Movement,2,6,2,6,455,466,13:15,13:26,11,11,37.0,0,0.0,131.68,94.68,1,B1236,passenger_flight,Position,Delivery
41,58,Delivery,6,6,6,6,466,469,13:26,13:29,3,0,0.0,2,8.534,94.68,103.214,0,B1236,delivery_service,Delivery,Delivery
41,59,Stay,6,6,6,6,469,471,13:29,13:31,2,0,0.0,2,8.534,103.214,111.748,0,B1273,parking_charging,Position,Pickup
41,60,Pickup,6,6,6,6,471,474,13:31,13:34,3,0,0.0,2,8.534,111.748,120.282,1,B1273,pickup_service,Pickup,Pickup
41,61,Pickup,6,6,6,6,474,477,13:34,13:37,3,0,0.0,2,8.534,120.282,128.816,2,B1268,pickup_service,Pickup,Pickup
41,62,Movement,6,7,6,7,477,489,13:37,13:49,12,12,43.48,0,0.0,128.816,85.336,2,B1268,passenger_flight,Position,Delivery
41,63,Delivery,7,7,7,7,489,492,13:49,13:52,3,0,0.0,2,8.534,85.336,93.87,1,B1268,delivery_service,Delivery,Delivery
41,64,Delivery,7,7,7,7,492,495,13:52,13:55,3,0,0.0,2,8.534,93.87,102.404,0,B1273,delivery_service,Delivery,Delivery
41,65,Pickup,7,7,7,7,495,498,13:55,13:58,3,0,0.0,2,8.534,102.404,110.938,1,B1322,pickup_service,Pickup,Pickup
41,66,Pickup,7,7,7,7,498,501,13:58,14:01,3,0,0.0,2,8.534,110.938,119.472,2,B1336,pickup_service,Pickup,Pickup
41,67,Movement,7,4,7,4,501,508,14:01,14:08,7,7,21.43,0,0.0,119.472,98.042,2,B1322,passenger_flight,Position,Delivery
41,68,Delivery,4,4,4,4,508,511,14:08,14:11,3,0,0.0,2,8.534,98.042,106.576,1,B1322,delivery_service,Delivery,Delivery
41,69,Movement,4,6,4,6,511,518,14:11,14:18,7,7,22.06,0,0.0,106.576,84.516,1,B1336,passenger_flight,Position,Delivery
41,70,Delivery,6,6,6,6,518,521,14:18,14:21,3,0,0.0,2,8.534,84.516,93.05,0,B1336,delivery_service,Delivery,Delivery
41,71,Stay,6,6,6,6,521,553,14:21,14:53,32,0,0.0,32,66.95,93.05,160.0,0,B1561,parking_charging,Position,Pickup
41,72,Pickup,6,6,6,6,553,556,14:53,14:56,3,0,0.0,2,0.0,160.0,160.0,1,B1561,pickup_service,Pickup,Pickup
41,73,Stay,6,6,6,6,556,564,14:56,15:04,8,0,0.0,8,0.0,160.0,160.0,1,B1561,parking_charging,Position,Movement
41,74,Movement,6,7,6,7,564,576,15:04,15:16,12,12,43.48,0,0.0,160.0,116.52,1,B1561,passenger_flight,Position,Delivery
41,75,Delivery,7,7,7,7,576,579,15:16,15:19,3,0,0.0,2,8.534,116.52,125.054,0,B1561,delivery_service,Delivery,Delivery
41,76,Pickup,7,7,7,7,579,582,15:19,15:22,3,0,0.0,2,8.534,125.054,133.588,1,B1662,pickup_service,Pickup,Pickup
41,77,Stay,7,7,7,7,582,585,15:22,15:25,3,0,0.0,3,12.801,133.588,146.389,1,B1662,parking_charging,Position,Movement
41,78,Movement,7,4,7,4,585,592,15:25,15:32,7,7,21.43,0,0.0,146.389,124.959,1,B1662,passenger_flight,Position,Delivery
41,79,Delivery,4,4,4,4,592,595,15:32,15:35,3,0,0.0,2,8.534,124.959,133.493,0,B1662,delivery_service,Delivery,Delivery
41,80,Pickup,4,4,4,4,595,598,15:35,15:38,3,0,0.0,2,8.534,133.493,142.027,1,B1702,pickup_service,Pickup,Pickup
41,81,Movement,4,7,4,7,598,605,15:38,15:45,7,7,21.43,0,0.0,142.027,120.597,1,B1702,passenger_flight,Position,Delivery
41,82,Delivery,7,7,7,7,605,608,15:45,15:48,3,0,0.0,2,8.534,120.597,129.131,0,B1702,delivery_service,Delivery,Delivery
41,83,Pickup,7,7,7,7,608,611,15:48,15:51,3,0,0.0,2,8.534,129.131,137.665,1,B1795,pickup_service,Pickup,Pickup
41,84,Stay,7,7,7,7,611,615,15:51,15:55,4,0,0.0,4,17.068,137.665,154.733,1,B1795,parking_charging,Position,Movement
41,85,Movement,7,6,7,6,615,627,15:55,16:07,12,12,43.48,0,0.0,154.733,111.253,1,B1795,passenger_flight,Position,Delivery
41,86,Delivery,6,6,6,6,627,630,16:07,16:10,3,0,0.0,2,8.534,111.253,119.787,0,B1795,delivery_service,Delivery,Delivery
41,87,Stay,6,6,6,6,630,636,16:10,16:16,6,0,0.0,6,25.602,119.787,145.389,0,B1955,parking_charging,Position,Pickup
41,88,Pickup,6,6,6,6,636,639,16:16,16:19,3,0,0.0,2,8.534,145.389,153.923,1,B1955,pickup_service,Pickup,Pickup
41,89,Stay,6,6,6,6,639,642,16:19,16:22,3,0,0.0,3,6.077,153.923,160.0,1,B1955,parking_charging,Position,Movement
41,90,Movement,6,1,6,1,642,649,16:22,16:29,7,7,23.39,0,0.0,160.0,136.61,1,B1955,passenger_flight,Position,Delivery
41,91,Delivery,1,1,1,1,649,652,16:29,16:32,3,0,0.0,2,8.534,136.61,145.144,0,B1955,delivery_service,Delivery,Delivery
41,92,Pickup,1,1,1,1,652,655,16:32,16:35,3,0,0.0,2,8.534,145.144,153.678,1,B2042,pickup_service,Pickup,Pickup
41,93,Pickup,1,1,1,1,655,658,16:35,16:38,3,0,0.0,2,6.322,153.678,160.0,3,B2035,pickup_service,Pickup,Pickup
41,94,Movement,1,3,1,3,658,664,16:38,16:44,6,6,9.61,0,0.0,160.0,150.39,3,B2035,passenger_flight,Position,Delivery
41,95,Delivery,3,3,3,3,664,667,16:44,16:47,3,0,0.0,2,8.534,150.39,158.924,1,B2035,delivery_service,Delivery,Delivery
41,96,Delivery,3,3,3,3,667,670,16:47,16:50,3,0,0.0,2,1.076,158.924,160.0,0,B2042,delivery_service,Delivery,Delivery
41,97,Pickup,3,3,3,3,670,673,16:50,16:53,3,0,0.0,2,0.0,160.0,160.0,2,B2145,pickup_service,Pickup,Pickup
41,98,Pickup,3,3,3,3,673,676,16:53,16:56,3,0,0.0,2,0.0,160.0,160.0,3,B2209,pickup_service,Pickup,Pickup
41,99,Movement,3,5,3,5,676,684,16:56,17:04,8,8,23.93,0,0.0,160.0,136.07,3,B2145,passenger_flight,Position,Delivery
41,100,Delivery,5,5,5,5,684,687,17:04,17:07,3,0,0.0,2,8.534,136.07,144.604,1,B2145,delivery_service,Delivery,Delivery
41,101,Delivery,5,5,5,5,687,690,17:07,17:10,3,0,0.0,2,8.534,144.604,153.138,0,B2209,delivery_service,Delivery,Delivery
41,102,Movement,5,3,5,3,690,698,17:10,17:18,8,8,23.93,0,0.0,153.138,129.208,0,B2366,empty_repositioning,Position,Pickup
41,103,Pickup,3,3,3,3,698,701,17:18,17:21,3,0,0.0,2,8.534,129.208,137.742,1,B2366,pickup_service,Pickup,Pickup
41,104,Movement,3,4,3,4,701,708,17:21,17:28,7,7,12.6,0,0.0,137.742,125.142,1,B2366,passenger_flight,Position,Delivery
41,105,Delivery,4,4,4,4,708,711,17:28,17:31,3,0,0.0,2,8.534,125.142,133.676,0,B2366,delivery_service,Delivery,Delivery
41,106,Pickup,4,4,4,4,711,714,17:31,17:34,3,0,0.0,2,8.534,133.676,142.21,2,B2598,pickup_service,Pickup,Pickup
41,107,Pickup,4,4,4,4,714,717,17:34,17:37,3,0,0.0,2,8.534,142.21,150.744,4,B2584,pickup_service,Pickup,Pickup
41,108,Movement,4,7,4,7,717,724,17:37,17:44,7,7,21.43,0,0.0,150.744,129.314,4,B2584,passenger_flight,Position,Delivery
41,109,Delivery,7,7,7,7,724,727,17:44,17:47,3,0,0.0,2,8.534,129.314,137.848,2,B2584,delivery_service,Delivery,Delivery
41,110,Delivery,7,7,7,7,727,730,17:47,17:50,3,0,0.0,2,8.534,137.848,146.382,0,B2598,delivery_service,Delivery,Delivery
41,111,Pickup,7,7,7,7,730,733,17:50,17:53,3,0,0.0,2,8.534,146.382,154.916,1,B2761,pickup_service,Pickup,Pickup
41,112,Movement,7,1,7,1,733,740,17:53,18:00,7,7,21.03,0,0.0,154.916,133.886,1,B2761,passenger_flight,Position,Delivery
41,113,Delivery,1,1,1,1,740,743,18:00,18:03,3,0,0.0,2,8.534,133.886,142.42,0,B2761,delivery_service,Delivery,Delivery
41,114,Pickup,1,1,1,1,743,746,18:03,18:06,3,0,0.0,2,8.534,142.42,150.954,1,B2942,pickup_service,Pickup,Pickup
41,115,Stay,1,1,1,1,746,751,18:06,18:11,5,0,0.0,5,9.046,150.954,160.0,1,B2991,parking_charging,Position,Pickup
41,116,Pickup,1,1,1,1,751,754,18:11,18:14,3,0,0.0,2,0.0,160.0,160.0,3,B2991,pickup_service,Pickup,Pickup
41,117,Movement,1,7,1,7,754,761,18:14,18:21,7,7,21.03,0,0.0,160.0,138.97,3,B2942,passenger_flight,Position,Delivery
41,118,Delivery,7,7,7,7,761,764,18:21,18:24,3,0,0.0,2,8.534,138.97,147.504,2,B2942,delivery_service,Delivery,Delivery
41,119,Delivery,7,7,7,7,764,767,18:24,18:27,3,0,0.0,2,8.534,147.504,156.038,0,B2991,delivery_service,Delivery,Delivery
41,120,Stay,7,7,7,7,767,793,18:27,18:53,26,0,0.0,26,3.962,156.038,160.0,0,B3256,parking_charging,Position,Pickup
41,121,Pickup,7,7,7,7,793,796,18:53,18:56,3,0,0.0,2,0.0,160.0,160.0,1,B3256,pickup_service,Pickup,Pickup
41,122,Pickup,7,7,7,7,796,799,18:56,18:59,3,0,0.0,2,0.0,160.0,160.0,2,B3265,pickup_service,Pickup,Pickup
41,123,Movement,7,4,7,4,799,806,18:59,19:06,7,7,21.43,0,0.0,160.0,138.57,2,B3265,passenger_flight,Position,Delivery
41,124,Delivery,4,4,4,4,806,809,19:06,19:09,3,0,0.0,2,8.534,138.57,147.104,1,B3265,delivery_service,Delivery,Delivery
41,125,Movement,4,6,4,6,809,816,19:09,19:16,7,7,22.06,0,0.0,147.104,125.044,1,B3256,passenger_flight,Position,Delivery
41,126,Delivery,6,6,6,6,816,819,19:16,19:19,3,0,0.0,2,8.534,125.044,133.578,0,B3256,delivery_service,Delivery,Delivery
41,127,Movement,6,2,6,2,819,830,19:19,19:30,11,11,37.0,0,0.0,133.578,96.578,0,,return_to_depot,Position,Depot
42,0,Stay,3,3,3,3,0,154,05:40,08:14,154,0,0.0,154,0.0,160.0,160.0,0,B182,parking_charging,Position,Pickup
42,1,Pickup,3,3,3,3,154,157,08:14,08:17,3,0,0.0,2,0.0,160.0,160.0,1,B182,pickup_service,Pickup,Pickup
42,2,Pickup,3,3,3,3,157,160,08:17,08:20,3,0,0.0,2,0.0,160.0,160.0,2,B177,pickup_service,Pickup,Pickup
42,3,Movement,3,4,3,4,160,167,08:20,08:27,7,7,12.6,0,0.0,160.0,147.4,2,B182,passenger_flight,Position,Delivery
42,4,Delivery,4,4,4,4,167,170,08:27,08:30,3,0,0.0,2,8.534,147.4,155.934,1,B182,delivery_service,Delivery,Delivery
42,5,Delivery,4,4,4,4,170,173,08:30,08:33,3,0,0.0,2,4.066,155.934,160.0,0,B177,delivery_service,Delivery,Delivery
42,6,Stay,4,4,4,4,173,260,08:33,10:00,87,0,0.0,87,0.0,160.0,160.0,0,B503,parking_charging,Position,Movement
42,7,Movement,4,5,4,5,260,266,10:00,10:06,6,6,11.45,0,0.0,160.0,148.55,0,B503,empty_repositioning,Position,Pickup
42,8,Pickup,5,5,5,5,266,269,10:06,10:09,3,0,0.0,2,8.534,148.55,157.084,1,B503,pickup_service,Pickup,Pickup
42,9,Movement,5,1,5,1,269,277,10:09,10:17,8,8,14.88,0,0.0,157.084,142.204,1,B503,passenger_flight,Position,Delivery
42,10,Delivery,1,1,1,1,277,280,10:17,10:20,3,0,0.0,2,8.534,142.204,150.738,0,B503,delivery_service,Delivery,Delivery
42,11,Movement,1,3,1,3,280,286,10:20,10:26,6,6,9.61,0,0.0,150.738,141.128,0,B632,empty_repositioning,Position,Pickup
42,12,Pickup,3,3,3,3,286,289,10:26,10:29,3,0,0.0,2,8.534,141.128,149.662,1,B632,pickup_service,Pickup,Pickup
42,13,Movement,3,9,3,9,289,304,10:29,10:44,15,15,52.78,0,0.0,149.662,96.882,1,B632,passenger_flight,Position,Delivery
42,14,Delivery,9,9,9,9,304,307,10:44,10:47,3,0,0.0,2,8.534,96.882,105.416,0,B632,delivery_service,Delivery,Delivery
42,15,Pickup,9,9,9,9,307,310,10:47,10:50,3,0,0.0,2,8.534,105.416,113.95,1,B761,pickup_service,Pickup,Pickup
42,16,Pickup,9,9,9,9,310,313,10:50,10:53,3,0,0.0,2,8.534,113.95,122.484,2,B739,pickup_service,Pickup,Pickup
42,17,Movement,9,1,9,1,313,329,10:53,11:09,16,16,57.72,0,0.0,122.484,64.764,2,B739,passenger_flight,Position,Delivery
42,18,Delivery,1,1,1,1,329,332,11:09,11:12,3,0,0.0,2,8.534,64.764,73.298,1,B739,delivery_service,Delivery,Delivery
42,19,Delivery,1,1,1,1,332,335,11:12,11:15,3,0,0.0,2,8.534,73.298,81.832,0,B761,delivery_service,Delivery,Delivery
42,20,Stay,1,1,1,1,335,406,11:15,12:26,71,0,0.0,71,78.168,81.832,160.0,0,B1147,parking_charging,Position,Movement
42,21,Movement,1,3,1,3,406,412,12:26,12:32,6,6,9.61,0,0.0,160.0,150.39,0,B1147,empty_repositioning,Position,Pickup
42,22,Pickup,3,3,3,3,412,415,12:32,12:35,3,0,0.0,2,8.534,150.39,158.924,1,B1147,pickup_service,Pickup,Pickup
42,23,Stay,3,3,3,3,415,422,12:35,12:42,7,0,0.0,7,1.076,158.924,160.0,1,B1147,parking_charging,Position,Movement
42,24,Movement,3,10,3,10,422,437,12:42,12:57,15,15,54.92,0,0.0,160.0,105.08,1,B1147,passenger_flight,Position,Delivery
42,25,Delivery,10,10,10,10,437,440,12:57,13:00,3,0,0.0,2,8.534,105.08,113.614,0,B1147,delivery_service,Delivery,Delivery
42,26,Stay,10,10,10,10,440,512,13:00,14:12,72,0,0.0,72,46.386,113.614,160.0,0,B1388,parking_charging,Position,Pickup
42,27,Pickup,10,10,10,10,512,515,14:12,14:15,3,0,0.0,2,0.0,160.0,160.0,1,B1388,pickup_service,Pickup,Pickup
42,28,Pickup,10,10,10,10,515,518,14:15,14:18,3,0,0.0,2,0.0,160.0,160.0,2,B1372,pickup_service,Pickup,Pickup
42,29,Movement,10,3,10,3,518,533,14:18,14:33,15,15,54.92,0,0.0,160.0,105.08,2,B1388,passenger_flight,Position,Delivery
42,30,Delivery,3,3,3,3,533,536,14:33,14:36,3,0,0.0,2,8.534,105.08,113.614,1,B1388,delivery_service,Delivery,Delivery
42,31,Delivery,3,3,3,3,536,539,14:36,14:39,3,0,0.0,2,8.534,113.614,122.148,0,B1372,delivery_service,Delivery,Delivery
42,32,Pickup,3,3,3,3,539,542,14:39,14:42,3,0,0.0,2,8.534,122.148,130.682,1,B1500,pickup_service,Pickup,Pickup
42,33,Stay,3,3,3,3,542,545,14:42,14:45,3,0,0.0,3,12.801,130.682,143.483,1,B1500,parking_charging,Position,Movement
42,34,Movement,3,5,3,5,545,553,14:45,14:53,8,8,23.93,0,0.0,143.483,119.553,1,B1500,passenger_flight,Position,Delivery
42,35,Delivery,5,5,5,5,553,556,14:53,14:56,3,0,0.0,2,8.534,119.553,128.087,0,B1500,delivery_service,Delivery,Delivery
42,36,Stay,5,5,5,5,556,560,14:56,15:00,4,0,0.0,4,17.068,128.087,145.155,0,B1608,parking_charging,Position,Movement
42,37,Movement,5,4,5,4,560,566,15:00,15:06,6,6,11.45,0,0.0,145.155,133.705,0,B1608,empty_repositioning,Position,Pickup
42,38,Pickup,4,4,4,4,566,569,15:06,15:09,3,0,0.0,2,8.534,133.705,142.239,1,B1608,pickup_service,Pickup,Pickup
42,39,Movement,4,9,4,9,569,584,15:09,15:24,15,15,55.47,0,0.0,142.239,86.769,1,B1608,passenger_flight,Position,Delivery
42,40,Delivery,9,9,9,9,584,587,15:24,15:27,3,0,0.0,2,8.534,86.769,95.303,0,B1608,delivery_service,Delivery,Delivery
42,41,Pickup,9,9,9,9,587,590,15:27,15:30,3,0,0.0,2,8.534,95.303,103.837,1,B1688,pickup_service,Pickup,Pickup
42,42,Stay,9,9,9,9,590,593,15:30,15:33,3,0,0.0,3,12.801,103.837,116.638,1,B1688,parking_charging,Position,Movement
42,43,Movement,9,2,9,2,593,607,15:33,15:47,14,14,50.24,0,0.0,116.638,66.398,1,B1688,passenger_flight,Position,Delivery
42,44,Delivery,2,2,2,2,607,610,15:47,15:50,3,0,0.0,2,8.534,66.398,74.932,0,B1688,delivery_service,Delivery,Delivery
42,45,Pickup,2,2,2,2,610,613,15:50,15:53,3,0,0.0,2,8.534,74.932,83.466,1,B1774,pickup_service,Pickup,Pickup
42,46,Movement,2,4,2,4,613,619,15:53,15:59,6,6,16.13,0,0.0,83.466,67.336,1,B1774,passenger_flight,Position,Delivery
42,47,Delivery,4,4,4,4,619,622,15:59,16:02,3,0,0.0,2,8.534,67.336,75.87,0,B1774,delivery_service,Delivery,Delivery
42,48,Stay,4,4,4,4,622,624,16:02,16:04,2,0,0.0,2,8.534,75.87,84.404,0,B1914,parking_charging,Position,Movement
42,49,Movement,4,3,4,3,624,631,16:04,16:11,7,7,12.6,0,0.0,84.404,71.804,0,B1914,empty_repositioning,Position,Pickup
42,50,Pickup,3,3,3,3,631,634,16:11,16:14,3,0,0.0,2,8.534,71.804,80.338,1,B1914,pickup_service,Pickup,Pickup
42,51,Movement,3,4,3,4,634,641,16:14,16:21,7,7,12.6,0,0.0,80.338,67.738,1,B1914,passenger_flight,Position,Delivery
42,52,Delivery,4,4,4,4,641,644,16:21,16:24,3,0,0.0,2,8.534,67.738,76.272,0,B1914,delivery_service,Delivery,Delivery
42,53,Pickup,4,4,4,4,644,647,16:24,16:27,3,0,0.0,2,8.534,76.272,84.806,1,B1983,pickup_service,Pickup,Pickup
42,54,Movement,4,2,4,2,647,653,16:27,16:33,6,6,16.13,0,0.0,84.806,68.676,1,B2047,passenger_flight,Position,Pickup
42,55,Pickup,2,2,2,2,653,656,16:33,16:36,3,0,0.0,2,8.534,68.676,77.21,2,B2047,pickup_service,Pickup,Pickup
42,56,Delivery,2,2,2,2,656,659,16:36,16:39,3,0,0.0,2,8.534,77.21,85.744,1,B1983,delivery_service,Delivery,Delivery
42,57,Pickup,2,2,2,2,659,662,16:39,16:42,3,0,0.0,2,8.534,85.744,94.278,2,B2085,pickup_service,Pickup,Pickup
42,58,Movement,2,5,2,5,662,670,16:42,16:50,8,8,27.57,0,0.0,94.278,66.708,2,B2047,passenger_flight,Position,Delivery
42,59,Delivery,5,5,5,5,670,673,16:50,16:53,3,0,0.0,2,8.534,66.708,75.242,1,B2047,delivery_service,Delivery,Delivery
42,60,Delivery,5,5,5,5,673,676,16:53,16:56,3,0,0.0,2,8.534,75.242,83.776,0,B2085,delivery_service,Delivery,Delivery
42,61,Stay,5,5,5,5,676,680,16:56,17:00,4,0,0.0,4,17.068,83.776,100.844,0,B2287,parking_charging,Position,Movement
42,62,Movement,5,4,5,4,680,686,17:00,17:06,6,6,11.45,0,0.0,100.844,89.394,0,B2287,empty_repositioning,Position,Pickup
42,63,Pickup,4,4,4,4,686,689,17:06,17:09,3,0,0.0,2,8.534,89.394,97.928,1,B2287,pickup_service,Pickup,Pickup
42,64,Pickup,4,4,4,4,689,692,17:09,17:12,3,0,0.0,2,8.534,97.928,106.462,2,B2348,pickup_service,Pickup,Pickup
42,65,Movement,4,2,4,2,692,698,17:12,17:18,6,6,16.13,0,0.0,106.462,90.332,2,B2287,passenger_flight,Position,Delivery
42,66,Delivery,2,2,2,2,698,701,17:18,17:21,3,0,0.0,2,8.534,90.332,98.866,1,B2287,delivery_service,Delivery,Delivery
42,67,Movement,2,3,2,3,701,704,17:21,17:24,3,3,4.08,0,0.0,98.866,94.786,1,B2348,passenger_flight,Position,Delivery
42,68,Delivery,3,3,3,3,704,707,17:24,17:27,3,0,0.0,2,8.534,94.786,103.32,0,B2348,delivery_service,Delivery,Delivery
42,69,Pickup,3,3,3,3,707,710,17:27,17:30,3,0,0.0,2,8.534,103.32,111.854,2,B2483,pickup_service,Pickup,Pickup
42,70,Movement,3,4,3,4,710,717,17:30,17:37,7,7,12.6,0,0.0,111.854,99.254,2,B2483,passenger_flight,Position,Delivery
42,71,Delivery,4,4,4,4,717,720,17:37,17:40,3,0,0.0,2,8.534,99.254,107.788,0,B2483,delivery_service,Delivery,Delivery
42,72,Pickup,4,4,4,4,720,723,17:40,17:43,3,0,0.0,2,8.534,107.788,116.322,1,B2634,pickup_service,Pickup,Pickup
42,73,Movement,4,2,4,2,723,729,17:43,17:49,6,6,16.13,0,0.0,116.322,100.192,1,B2634,passenger_flight,Position,Delivery
42,74,Delivery,2,2,2,2,729,732,17:49,17:52,3,0,0.0,2,8.534,100.192,108.726,0,B2634,delivery_service,Delivery,Delivery
42,75,Pickup,2,2,2,2,732,735,17:52,17:55,3,0,0.0,2,8.534,108.726,117.26,1,B2836,pickup_service,Pickup,Pickup
42,76,Pickup,2,2,2,2,735,738,17:55,17:58,3,0,0.0,2,8.534,117.26,125.794,2,B2804,pickup_service,Pickup,Pickup
42,77,Movement,2,4,2,4,738,744,17:58,18:04,6,6,16.13,0,0.0,125.794,109.664,2,B2804,passenger_flight,Position,Delivery
42,78,Delivery,4,4,4,4,744,747,18:04,18:07,3,0,0.0,2,8.534,109.664,118.198,1,B2804,delivery_service,Delivery,Delivery
42,79,Delivery,4,4,4,4,747,750,18:07,18:10,3,0,0.0,2,8.534,118.198,126.732,0,B2836,delivery_service,Delivery,Delivery
42,80,Pickup,4,4,4,4,750,753,18:10,18:13,3,0,0.0,2,8.534,126.732,135.266,1,B2958,pickup_service,Pickup,Pickup
42,81,Movement,4,6,4,6,753,760,18:13,18:20,7,7,22.06,0,0.0,135.266,113.206,1,B2958,passenger_flight,Position,Delivery
42,82,Delivery,6,6,6,6,760,763,18:20,18:23,3,0,0.0,2,8.534,113.206,121.74,0,B2958,delivery_service,Delivery,Delivery
42,83,Movement,6,1,6,1,763,770,18:23,18:30,7,7,23.39,0,0.0,121.74,98.35,0,B3103,empty_repositioning,Position,Pickup
42,84,Pickup,1,1,1,1,770,773,18:30,18:33,3,0,0.0,2,8.534,98.35,106.884,1,B3103,pickup_service,Pickup,Pickup
42,85,Pickup,1,1,1,1,773,776,18:33,18:36,3,0,0.0,2,8.534,106.884,115.418,2,B3077,pickup_service,Pickup,Pickup
42,86,Movement,1,2,1,2,776,783,18:36,18:43,7,7,13.61,0,0.0,115.418,101.808,2,B3077,passenger_flight,Position,Delivery
42,87,Delivery,2,2,2,2,783,786,18:43,18:46,3,0,0.0,2,8.534,101.808,110.342,1,B3077,delivery_service,Delivery,Delivery
42,88,Delivery,2,2,2,2,786,789,18:46,18:49,3,0,0.0,2,8.534,110.342,118.876,0,B3103,delivery_service,Delivery,Delivery
42,89,Pickup,2,2,2,2,789,792,18:49,18:52,3,0,0.0,2,8.534,118.876,127.41,2,B3196,pickup_service,Pickup,Pickup
42,90,Pickup,2,2,2,2,792,795,18:52,18:55,3,0,0.0,2,8.534,127.41,135.944,4,B3231,pickup_service,Pickup,Pickup
42,91,Movement,2,5,2,5,795,803,18:55,19:03,8,8,27.57,0,0.0,135.944,108.374,4,B3196,passenger_flight,Position,Delivery
42,92,Delivery,5,5,5,5,803,806,19:03,19:06,3,0,0.0,2,8.534,108.374,116.908,2,B3196,delivery_service,Delivery,Delivery
42,93,Delivery,5,5,5,5,806,809,19:06,19:09,3,0,0.0,2,8.534,116.908,125.442,0,B3231,delivery_service,Delivery,Delivery
42,94,Movement,5,3,5,3,809,817,19:09,19:17,8,8,23.93,0,0.0,125.442,101.512,0,,return_to_depot,Position,Depot
43,0,Stay,4,4,4,4,0,140,05:40,08:00,140,0,0.0,140,0.0,160.0,160.0,0,B128,parking_charging,Position,Movement
43,1,Movement,4,6,4,6,140,147,08:00,08:07,7,7,22.06,0,0.0,160.0,137.94,0,B128,empty_repositioning,Position,Pickup
43,2,Pickup,6,6,6,6,147,150,08:07,08:10,3,0,0.0,2,8.534,137.94,146.474,1,B128,pickup_service,Pickup,Pickup
43,3,Movement,6,3,6,3,150,160,08:10,08:20,10,10,32.98,0,0.0,146.474,113.494,1,B128,passenger_flight,Position,Delivery
43,4,Delivery,3,3,3,3,160,163,08:20,08:23,3,0,0.0,2,8.534,113.494,122.028,0,B128,delivery_service,Delivery,Delivery
43,5,Stay,3,3,3,3,163,164,08:23,08:24,1,0,0.0,1,4.267,122.028,126.295,0,B229,parking_charging,Position,Pickup
43,6,Pickup,3,3,3,3,164,167,08:24,08:27,3,0,0.0,2,8.534,126.295,134.829,1,B229,pickup_service,Pickup,Pickup
43,7,Stay,3,3,3,3,167,170,08:27,08:30,3,0,0.0,3,12.801,134.829,147.63,1,B249,parking_charging,Position,Pickup
43,8,Pickup,3,3,3,3,170,173,08:30,08:33,3,0,0.0,2,8.534,147.63,156.164,2,B249,pickup_service,Pickup,Pickup
43,9,Movement,3,1,3,1,173,179,08:33,08:39,6,6,9.61,0,0.0,156.164,146.554,2,B229,passenger_flight,Position,Delivery
43,10,Delivery,1,1,1,1,179,182,08:39,08:42,3,0,0.0,2,8.534,146.554,155.088,1,B229,delivery_service,Delivery,Delivery
43,11,Movement,1,4,1,4,182,186,08:42,08:46,4,4,4.98,0,0.0,155.088,150.108,1,B249,passenger_flight,Position,Delivery
43,12,Delivery,4,4,4,4,186,189,08:46,08:49,3,0,0.0,2,8.534,150.108,158.642,0,B249,delivery_service,Delivery,Delivery
43,13,Stay,4,4,4,4,189,260,08:49,10:00,71,0,0.0,71,1.358,158.642,160.0,0,B493,parking_charging,Position,Movement
43,14,Movement,4,2,4,2,260,266,10:00,10:06,6,6,16.13,0,0.0,160.0,143.87,0,B493,empty_repositioning,Position,Pickup
43,15,Pickup,2,2,2,2,266,269,10:06,10:09,3,0,0.0,2,8.534,143.87,152.404,1,B493,pickup_service,Pickup,Pickup
43,16,Movement,2,1,2,1,269,276,10:09,10:16,7,7,13.61,0,0.0,152.404,138.794,1,B493,passenger_flight,Position,Delivery
43,17,Delivery,1,1,1,1,276,279,10:16,10:19,3,0,0.0,2,8.534,138.794,147.328,0,B493,delivery_service,Delivery,Delivery
43,18,Stay,1,1,1,1,279,280,10:19,10:20,1,0,0.0,1,4.267,147.328,151.595,0,B636,parking_charging,Position,Movement
43,19,Movement,1,3,1,3,280,286,10:20,10:26,6,6,9.61,0,0.0,151.595,141.985,0,B636,empty_repositioning,Position,Pickup
43,20,Pickup,3,3,3,3,286,289,10:26,10:29,3,0,0.0,2,8.534,141.985,150.519,1,B636,pickup_service,Pickup,Pickup
43,21,Movement,3,9,3,9,289,304,10:29,10:44,15,15,52.78,0,0.0,150.519,97.739,1,B636,passenger_flight,Position,Delivery
43,22,Delivery,9,9,9,9,304,307,10:44,10:47,3,0,0.0,2,8.534,97.739,106.273,0,B636,delivery_service,Delivery,Delivery
43,23,Movement,9,8,9,8,307,313,10:47,10:53,6,6,18.04,0,0.0,106.273,88.233,0,B777,empty_repositioning,Position,Pickup
43,24,Pickup,8,8,8,8,313,316,10:53,10:56,3,0,0.0,2,8.534,88.233,96.767,1,B777,pickup_service,Pickup,Pickup
43,25,Stay,8,8,8,8,316,319,10:56,10:59,3,0,0.0,3,12.801,96.767,109.568,1,B777,parking_charging,Position,Movement
43,26,Movement,8,4,8,4,319,330,10:59,11:10,11,11,39.54,0,0.0,109.568,70.028,1,B777,passenger_flight,Position,Delivery
43,27,Delivery,4,4,4,4,330,333,11:10,11:13,3,0,0.0,2,8.534,70.028,78.562,0,B777,delivery_service,Delivery,Delivery
43,28,Pickup,4,4,4,4,333,336,11:13,11:16,3,0,0.0,2,8.534,78.562,87.096,1,B881,pickup_service,Pickup,Pickup
43,29,Movement,4,3,4,3,336,343,11:16,11:23,7,7,12.6,0,0.0,87.096,74.496,1,B881,passenger_flight,Position,Delivery
43,30,Delivery,3,3,3,3,343,346,11:23,11:26,3,0,0.0,2,8.534,74.496,83.03,0,B881,delivery_service,Delivery,Delivery
43,31,Pickup,3,3,3,3,346,349,11:26,11:29,3,0,0.0,2,8.534,83.03,91.564,1,B951,pickup_service,Pickup,Pickup
43,32,Movement,3,6,3,6,349,359,11:29,11:39,10,10,32.98,0,0.0,91.564,58.584,1,B979,passenger_flight,Position,Pickup
43,33,Pickup,6,6,6,6,359,362,11:39,11:42,3,0,0.0,2,8.534,58.584,67.118,2,B979,pickup_service,Pickup,Pickup
43,34,Delivery,6,6,6,6,362,365,11:42,11:45,3,0,0.0,2,8.534,67.118,75.652,1,B951,delivery_service,Delivery,Delivery
43,35,Movement,6,7,6,7,365,377,11:45,11:57,12,12,43.48,0,0.0,75.652,32.172,1,B979,passenger_flight,Position,Delivery
43,36,Delivery,7,7,7,7,377,380,11:57,12:00,3,0,0.0,2,8.534,32.172,40.706,0,B979,delivery_service,Delivery,Delivery
43,37,Stay,7,7,7,7,380,391,12:00,12:11,11,0,0.0,11,46.937,40.706,87.643,0,B1090,parking_charging,Position,Pickup
43,38,Pickup,7,7,7,7,391,394,12:11,12:14,3,0,0.0,2,8.534,87.643,96.177,1,B1090,pickup_service,Pickup,Pickup
43,39,Pickup,7,7,7,7,394,397,12:14,12:17,3,0,0.0,2,8.534,96.177,104.711,2,B1093,pickup_service,Pickup,Pickup
43,40,Movement,7,4,7,4,397,404,12:17,12:24,7,7,21.43,0,0.0,104.711,83.281,2,B1093,passenger_flight,Position,Delivery
43,41,Delivery,4,4,4,4,404,407,12:24,12:27,3,0,0.0,2,8.534,83.281,91.815,1,B1093,delivery_service,Delivery,Delivery
43,42,Delivery,4,4,4,4,407,410,12:27,12:30,3,0,0.0,2,8.534,91.815,100.349,0,B1090,delivery_service,Delivery,Delivery
43,43,Stay,4,4,4,4,410,440,12:30,13:00,30,0,0.0,30,59.651,100.349,160.0,0,B1225,parking_charging,Position,Movement
43,44,Movement,4,7,4,7,440,447,13:00,13:07,7,7,21.43,0,0.0,160.0,138.57,0,B1225,empty_repositioning,Position,Pickup
43,45,Pickup,7,7,7,7,447,450,13:07,13:10,3,0,0.0,2,8.534,138.57,147.104,1,B1225,pickup_service,Pickup,Pickup
43,46,Movement,7,4,7,4,450,457,13:10,13:17,7,7,21.43,0,0.0,147.104,125.674,1,B1225,passenger_flight,Position,Delivery
43,47,Delivery,4,4,4,4,457,460,13:17,13:20,3,0,0.0,2,8.534,125.674,134.208,0,B1225,delivery_service,Delivery,Delivery
43,48,Stay,4,4,4,4,460,478,13:20,13:38,18,0,0.0,18,25.792,134.208,160.0,0,B1287,parking_charging,Position,Pickup
43,49,Pickup,4,4,4,4,478,481,13:38,13:41,3,0,0.0,2,0.0,160.0,160.0,1,B1287,pickup_service,Pickup,Pickup
43,50,Stay,4,4,4,4,481,485,13:41,13:45,4,0,0.0,4,0.0,160.0,160.0,1,B1287,parking_charging,Position,Movement
43,51,Movement,4,7,4,7,485,492,13:45,13:52,7,7,21.43,0,0.0,160.0,138.57,1,B1287,passenger_flight,Position,Delivery
43,52,Delivery,7,7,7,7,492,495,13:52,13:55,3,0,0.0,2,8.534,138.57,147.104,0,B1287,delivery_service,Delivery,Delivery
43,53,Pickup,7,7,7,7,495,498,13:55,13:58,3,0,0.0,2,8.534,147.104,155.638,1,B1318,pickup_service,Pickup,Pickup
43,54,Movement,7,5,7,5,498,508,13:58,14:08,10,10,32.24,0,0.0,155.638,123.398,1,B1318,passenger_flight,Position,Delivery
43,55,Delivery,5,5,5,5,508,511,14:08,14:11,3,0,0.0,2,8.534,123.398,131.932,0,B1318,delivery_service,Delivery,Delivery
43,56,Stay,5,5,5,5,511,520,14:11,14:20,9,0,0.0,9,28.068,131.932,160.0,0,B1431,parking_charging,Position,Movement
43,57,Movement,5,6,5,6,520,527,14:20,14:27,7,7,12.76,0,0.0,160.0,147.24,0,B1431,empty_repositioning,Position,Pickup
43,58,Pickup,6,6,6,6,527,530,14:27,14:30,3,0,0.0,2,8.534,147.24,155.774,1,B1431,pickup_service,Pickup,Pickup
43,59,Movement,6,9,6,9,530,550,14:30,14:50,20,20,74.79,0,0.0,155.774,80.984,1,B1431,passenger_flight,Position,Delivery
43,60,Delivery,9,9,9,9,550,553,14:50,14:53,3,0,0.0,2,8.534,80.984,89.518,0,B1431,delivery_service,Delivery,Delivery
43,61,Stay,9,9,9,9,553,598,14:53,15:38,45,0,0.0,45,70.482,89.518,160.0,0,B1749,parking_charging,Position,Pickup
43,62,Pickup,9,9,9,9,598,601,15:38,15:41,3,0,0.0,2,0.0,160.0,160.0,1,B1749,pickup_service,Pickup,Pickup
43,63,Stay,9,9,9,9,601,607,15:41,15:47,6,0,0.0,6,0.0,160.0,160.0,1,B1749,parking_charging,Position,Movement
43,64,Movement,9,2,9,2,607,621,15:47,16:01,14,14,50.24,0,0.0,160.0,109.76,1,B1749,passenger_flight,Position,Delivery
43,65,Delivery,2,2,2,2,621,624,16:01,16:04,3,0,0.0,2,8.534,109.76,118.294,0,B1749,delivery_service,Delivery,Delivery
43,66,Pickup,2,2,2,2,624,627,16:04,16:07,3,0,0.0,2,8.534,118.294,126.828,1,B1859,pickup_service,Pickup,Pickup
43,67,Pickup,2,2,2,2,627,630,16:07,16:10,3,0,0.0,2,8.534,126.828,135.362,2,B1890,pickup_service,Pickup,Pickup
43,68,Movement,2,4,2,4,630,636,16:10,16:16,6,6,16.13,0,0.0,135.362,119.232,2,B1890,passenger_flight,Position,Delivery
43,69,Delivery,4,4,4,4,636,639,16:16,16:19,3,0,0.0,2,8.534,119.232,127.766,1,B1890,delivery_service,Delivery,Delivery
43,70,Delivery,4,4,4,4,639,642,16:19,16:22,3,0,0.0,2,8.534,127.766,136.3,0,B1859,delivery_service,Delivery,Delivery
43,71,Pickup,4,4,4,4,642,645,16:22,16:25,3,0,0.0,2,8.534,136.3,144.834,1,B1963,pickup_service,Pickup,Pickup
43,72,Movement,4,3,4,3,645,652,16:25,16:32,7,7,12.6,0,0.0,144.834,132.234,1,B1963,passenger_flight,Position,Delivery
43,73,Delivery,3,3,3,3,652,655,16:32,16:35,3,0,0.0,2,8.534,132.234,140.768,0,B1963,delivery_service,Delivery,Delivery
43,74,Movement,3,2,3,2,655,658,16:35,16:38,3,3,4.08,0,0.0,140.768,136.688,0,B2038,empty_repositioning,Position,Pickup
43,75,Pickup,2,2,2,2,658,661,16:38,16:41,3,0,0.0,2,8.534,136.688,145.222,1,B2038,pickup_service,Pickup,Pickup
43,76,Movement,2,6,2,6,661,672,16:41,16:52,11,11,37.0,0,0.0,145.222,108.222,1,B2038,passenger_flight,Position,Delivery
43,77,Delivery,6,6,6,6,672,675,16:52,16:55,3,0,0.0,2,8.534,108.222,116.756,0,B2038,delivery_service,Delivery,Delivery
43,78,Stay,6,6,6,6,675,697,16:55,17:17,22,0,0.0,22,43.244,116.756,160.0,0,B2461,parking_charging,Position,Pickup
43,79,Pickup,6,6,6,6,697,700,17:17,17:20,3,0,0.0,2,0.0,160.0,160.0,1,B2461,pickup_service,Pickup,Pickup
43,80,Stay,6,6,6,6,700,706,17:20,17:26,6,0,0.0,6,0.0,160.0,160.0,1,B2461,parking_charging,Position,Movement
43,81,Movement,6,3,6,3,706,716,17:26,17:36,10,10,32.98,0,0.0,160.0,127.02,1,B2461,passenger_flight,Position,Delivery
43,82,Delivery,3,3,3,3,716,719,17:36,17:39,3,0,0.0,2,8.534,127.02,135.554,0,B2461,delivery_service,Delivery,Delivery
43,83,Pickup,3,3,3,3,719,722,17:39,17:42,3,0,0.0,2,8.534,135.554,144.088,2,B2595,pickup_service,Pickup,Pickup
43,84,Movement,3,5,3,5,722,730,17:42,17:50,8,8,23.93,0,0.0,144.088,120.158,2,B2595,passenger_flight,Position,Delivery
43,85,Delivery,5,5,5,5,730,733,17:50,17:53,3,0,0.0,2,8.534,120.158,128.692,0,B2595,delivery_service,Delivery,Delivery
43,86,Stay,5,5,5,5,733,740,17:53,18:00,7,0,0.0,7,29.869,128.692,158.561,0,B2943,parking_charging,Position,Movement
43,87,Movement,5,2,5,2,740,748,18:00,18:08,8,8,27.57,0,0.0,158.561,130.991,0,B2943,empty_repositioning,Position,Pickup
43,88,Pickup,2,2,2,2,748,751,18:08,18:11,3,0,0.0,2,8.534,130.991,139.525,1,B2943,pickup_service,Pickup,Pickup
43,89,Movement,2,5,2,5,751,759,18:11,18:19,8,8,27.57,0,0.0,139.525,111.955,1,B2943,passenger_flight,Position,Delivery
43,90,Delivery,5,5,5,5,759,762,18:19,18:22,3,0,0.0,2,8.534,111.955,120.489,0,B2943,delivery_service,Delivery,Delivery
43,91,Movement,5,4,5,4,762,768,18:22,18:28,6,6,11.45,0,0.0,120.489,109.039,0,B3060,empty_repositioning,Position,Pickup
43,92,Pickup,4,4,4,4,768,771,18:28,18:31,3,0,0.0,2,8.534,109.039,117.573,1,B3060,pickup_service,Pickup,Pickup
43,93,Movement,4,8,4,8,771,782,18:31,18:42,11,11,39.54,0,0.0,117.573,78.033,1,B3060,passenger_flight,Position,Delivery
43,94,Delivery,8,8,8,8,782,785,18:42,18:45,3,0,0.0,2,8.534,78.033,86.567,0,B3060,delivery_service,Delivery,Delivery
43,95,Movement,8,4,8,4,785,796,18:45,18:56,11,11,39.54,0,0.0,86.567,47.027,0,,return_to_depot,Position,Depot
44,0,Stay,5,5,5,5,0,160,05:40,08:20,160,0,0.0,160,0.0,160.0,160.0,0,B179,parking_charging,Position,Pickup
44,1,Pickup,5,5,5,5,160,163,08:20,08:23,3,0,0.0,2,0.0,160.0,160.0,3,B179,pickup_service,Pickup,Pickup
44,2,Movement,5,3,5,3,163,171,08:23,08:31,8,8,23.93,0,0.0,160.0,136.07,3,B179,passenger_flight,Position,Delivery
44,3,Delivery,3,3,3,3,171,174,08:31,08:34,3,0,0.0,2,8.534,136.07,144.604,0,B179,delivery_service,Delivery,Delivery
44,4,Stay,3,3,3,3,174,180,08:34,08:40,6,0,0.0,6,15.396,144.604,160.0,0,B259,parking_charging,Position,Pickup
44,5,Pickup,3,3,3,3,180,183,08:40,08:43,3,0,0.0,2,0.0,160.0,160.0,2,B259,pickup_service,Pickup,Pickup
44,6,Movement,3,1,3,1,183,189,08:43,08:49,6,6,9.61,0,0.0,160.0,150.39,2,B259,passenger_flight,Position,Delivery
44,7,Delivery,1,1,1,1,189,192,08:49,08:52,3,0,0.0,2,8.534,150.39,158.924,0,B259,delivery_service,Delivery,Delivery
44,8,Stay,1,1,1,1,192,265,08:52,10:05,73,0,0.0,73,1.076,158.924,160.0,0,B562,parking_charging,Position,Movement
44,9,Movement,1,3,1,3,265,271,10:05,10:11,6,6,9.61,0,0.0,160.0,150.39,0,B562,empty_repositioning,Position,Pickup
44,10,Pickup,3,3,3,3,271,274,10:11,10:14,3,0,0.0,2,8.534,150.39,158.924,1,B562,pickup_service,Pickup,Pickup
44,11,Stay,3,3,3,3,274,277,10:14,10:17,3,0,0.0,3,1.076,158.924,160.0,1,B598,parking_charging,Position,Pickup
44,12,Pickup,3,3,3,3,277,280,10:17,10:20,3,0,0.0,2,0.0,160.0,160.0,2,B598,pickup_service,Pickup,Pickup
44,13,Movement,3,1,3,1,280,286,10:20,10:26,6,6,9.61,0,0.0,160.0,150.39,2,B562,passenger_flight,Position,Delivery
44,14,Delivery,1,1,1,1,286,289,10:26,10:29,3,0,0.0,2,8.534,150.39,158.924,1,B562,delivery_service,Delivery,Delivery
44,15,Delivery,1,1,1,1,289,292,10:29,10:32,3,0,0.0,2,1.076,158.924,160.0,0,B598,delivery_service,Delivery,Delivery
44,16,Movement,1,6,1,6,292,299,10:32,10:39,7,7,23.39,0,0.0,160.0,136.61,0,B671,empty_repositioning,Position,Pickup
44,17,Pickup,6,6,6,6,299,302,10:39,10:42,3,0,0.0,2,8.534,136.61,145.144,1,B671,pickup_service,Pickup,Pickup
44,18,Movement,6,9,6,9,302,322,10:42,11:02,20,20,74.79,0,0.0,145.144,70.354,1,B671,passenger_flight,Position,Delivery
44,19,Delivery,9,9,9,9,322,325,11:02,11:05,3,0,0.0,2,8.534,70.354,78.888,0,B671,delivery_service,Delivery,Delivery
44,20,Stay,9,9,9,9,325,340,11:05,11:20,15,0,0.0,15,64.005,78.888,142.893,0,B945,parking_charging,Position,Movement
44,21,Movement,9,8,9,8,340,346,11:20,11:26,6,6,18.04,0,0.0,142.893,124.853,0,B945,empty_repositioning,Position,Pickup
44,22,Pickup,8,8,8,8,346,349,11:26,11:29,3,0,0.0,2,8.534,124.853,133.387,1,B945,pickup_service,Pickup,Pickup
44,23,Movement,8,7,8,7,349,356,11:29,11:36,7,7,22.2,0,0.0,133.387,111.187,1,B987,passenger_flight,Position,Pickup
44,24,Pickup,7,7,7,7,356,359,11:36,11:39,3,0,0.0,2,8.534,111.187,119.721,2,B987,pickup_service,Pickup,Pickup
44,25,Movement,7,4,7,4,359,366,11:39,11:46,7,7,21.43,0,0.0,119.721,98.291,2,B945,passenger_flight,Position,Delivery
44,26,Delivery,4,4,4,4,366,369,11:46,11:49,3,0,0.0,2,8.534,98.291,106.825,1,B945,delivery_service,Delivery,Delivery
44,27,Movement,4,10,4,10,369,381,11:49,12:01,12,12,42.86,0,0.0,106.825,63.965,1,B987,passenger_flight,Position,Delivery
44,28,Delivery,10,10,10,10,381,384,12:01,12:04,3,0,0.0,2,8.534,63.965,72.499,0,B987,delivery_service,Delivery,Delivery
44,29,Stay,10,10,10,10,384,404,12:04,12:24,20,0,0.0,20,85.34,72.499,157.839,0,B1125,parking_charging,Position,Pickup
44,30,Pickup,10,10,10,10,404,407,12:24,12:27,3,0,0.0,2,2.161,157.839,160.0,1,B1125,pickup_service,Pickup,Pickup
44,31,Pickup,10,10,10,10,407,410,12:27,12:30,3,0,0.0,2,0.0,160.0,160.0,2,B1130,pickup_service,Pickup,Pickup
44,32,Movement,10,4,10,4,410,422,12:30,12:42,12,12,42.86,0,0.0,160.0,117.14,2,B1125,passenger_flight,Position,Delivery
44,33,Delivery,4,4,4,4,422,425,12:42,12:45,3,0,0.0,2,8.534,117.14,125.674,1,B1125,delivery_service,Delivery,Delivery
44,34,Movement,4,3,4,3,425,432,12:45,12:52,7,7,12.6,0,0.0,125.674,113.074,1,B1130,passenger_flight,Position,Delivery
44,35,Delivery,3,3,3,3,432,435,12:52,12:55,3,0,0.0,2,8.534,113.074,121.608,0,B1130,delivery_service,Delivery,Delivery
44,36,Stay,3,3,3,3,435,520,12:55,14:20,85,0,0.0,85,38.392,121.608,160.0,0,B1400,parking_charging,Position,Movement
44,37,Movement,3,2,3,2,520,523,14:20,14:23,3,3,4.08,0,0.0,160.0,155.92,0,B1400,empty_repositioning,Position,Pickup
44,38,Pickup,2,2,2,2,523,526,14:23,14:26,3,0,0.0,2,4.08,155.92,160.0,1,B1400,pickup_service,Pickup,Pickup
44,39,Movement,2,5,2,5,526,534,14:26,14:34,8,8,27.57,0,0.0,160.0,132.43,1,B1400,passenger_flight,Position,Delivery
44,40,Delivery,5,5,5,5,534,537,14:34,14:37,3,0,0.0,2,8.534,132.43,140.964,0,B1400,delivery_service,Delivery,Delivery
44,41,Stay,5,5,5,5,537,561,14:37,15:01,24,0,0.0,24,19.036,140.964,160.0,0,B1619,parking_charging,Position,Movement
44,42,Movement,5,4,5,4,561,567,15:01,15:07,6,6,11.45,0,0.0,160.0,148.55,0,B1619,empty_repositioning,Position,Pickup
44,43,Pickup,4,4,4,4,567,570,15:07,15:10,3,0,0.0,2,8.534,148.55,157.084,1,B1619,pickup_service,Pickup,Pickup
44,44,Pickup,4,4,4,4,570,573,15:10,15:13,3,0,0.0,2,2.916,157.084,160.0,2,B1613,pickup_service,Pickup,Pickup
44,45,Movement,4,9,4,9,573,588,15:13,15:28,15,15,55.47,0,0.0,160.0,104.53,2,B1613,passenger_flight,Position,Delivery
44,46,Delivery,9,9,9,9,588,591,15:28,15:31,3,0,0.0,2,8.534,104.53,113.064,1,B1613,delivery_service,Delivery,Delivery
44,47,Delivery,9,9,9,9,591,594,15:31,15:34,3,0,0.0,2,8.534,113.064,121.598,0,B1619,delivery_service,Delivery,Delivery
44,48,Stay,9,9,9,9,594,624,15:34,16:04,30,0,0.0,30,38.402,121.598,160.0,0,B1874,parking_charging,Position,Pickup
44,49,Pickup,9,9,9,9,624,627,16:04,16:07,3,0,0.0,2,0.0,160.0,160.0,1,B1874,pickup_service,Pickup,Pickup
44,50,Pickup,9,9,9,9,627,630,16:07,16:10,3,0,0.0,2,0.0,160.0,160.0,2,B1894,pickup_service,Pickup,Pickup
44,51,Movement,9,7,9,7,630,642,16:10,16:22,12,12,40.12,0,0.0,160.0,119.88,2,B1874,passenger_flight,Position,Delivery
44,52,Delivery,7,7,7,7,642,645,16:22,16:25,3,0,0.0,2,8.534,119.88,128.414,1,B1874,delivery_service,Delivery,Delivery
44,53,Movement,7,3,7,3,645,652,16:25,16:32,7,7,13.33,0,0.0,128.414,115.084,1,B1894,passenger_flight,Position,Delivery
44,54,Delivery,3,3,3,3,652,655,16:32,16:35,3,0,0.0,2,8.534,115.084,123.618,0,B1894,delivery_service,Delivery,Delivery
44,55,Stay,3,3,3,3,655,660,16:35,16:40,5,0,0.0,5,21.335,123.618,144.953,0,B2137,parking_charging,Position,Movement
44,56,Movement,3,1,3,1,660,666,16:40,16:46,6,6,9.61,0,0.0,144.953,135.343,0,B2137,empty_repositioning,Position,Pickup
44,57,Pickup,1,1,1,1,666,669,16:46,16:49,3,0,0.0,2,8.534,135.343,143.877,1,B2137,pickup_service,Pickup,Pickup
44,58,Movement,1,3,1,3,669,675,16:49,16:55,6,6,9.61,0,0.0,143.877,134.267,1,B2137,passenger_flight,Position,Delivery
44,59,Delivery,3,3,3,3,675,678,16:55,16:58,3,0,0.0,2,8.534,134.267,142.801,0,B2137,delivery_service,Delivery,Delivery
44,60,Stay,3,3,3,3,678,686,16:58,17:06,8,0,0.0,8,17.199,142.801,160.0,0,B2325,parking_charging,Position,Pickup
44,61,Pickup,3,3,3,3,686,689,17:06,17:09,3,0,0.0,2,0.0,160.0,160.0,2,B2325,pickup_service,Pickup,Pickup
44,62,Pickup,3,3,3,3,689,692,17:09,17:12,3,0,0.0,2,0.0,160.0,160.0,4,B2346,pickup_service,Pickup,Pickup
44,63,Movement,3,1,3,1,692,698,17:12,17:18,6,6,9.61,0,0.0,160.0,150.39,4,B2325,passenger_flight,Position,Delivery
44,64,Delivery,1,1,1,1,698,701,17:18,17:21,3,0,0.0,2,8.534,150.39,158.924,2,B2325,delivery_service,Delivery,Delivery
44,65,Movement,1,4,1,4,701,705,17:21,17:25,4,4,4.98,0,0.0,158.924,153.944,2,B2346,passenger_flight,Position,Delivery
44,66,Delivery,4,4,4,4,705,708,17:25,17:28,3,0,0.0,2,6.056,153.944,160.0,0,B2346,delivery_service,Delivery,Delivery
44,67,Stay,4,4,4,4,708,724,17:28,17:44,16,0,0.0,16,0.0,160.0,160.0,0,B2744,parking_charging,Position,Pickup
44,68,Pickup,4,4,4,4,724,727,17:44,17:47,3,0,0.0,2,0.0,160.0,160.0,1,B2744,pickup_service,Pickup,Pickup
44,69,Stay,4,4,4,4,727,729,17:47,17:49,2,0,0.0,2,0.0,160.0,160.0,1,B2807,parking_charging,Position,Pickup
44,70,Pickup,4,4,4,4,729,732,17:49,17:52,3,0,0.0,2,0.0,160.0,160.0,2,B2807,pickup_service,Pickup,Pickup
44,71,Movement,4,2,4,2,732,738,17:52,17:58,6,6,16.13,0,0.0,160.0,143.87,2,B2744,passenger_flight,Position,Delivery
44,72,Delivery,2,2,2,2,738,741,17:58,18:01,3,0,0.0,2,8.534,143.87,152.404,1,B2744,delivery_service,Delivery,Delivery
44,73,Stay,2,2,2,2,741,744,18:01,18:04,3,0,0.0,3,7.596,152.404,160.0,1,B2807,parking_charging,Position,Delivery
44,74,Delivery,2,2,2,2,744,747,18:04,18:07,3,0,0.0,2,0.0,160.0,160.0,0,B2807,delivery_service,Delivery,Delivery
44,75,Stay,2,2,2,2,747,764,18:07,18:24,17,0,0.0,17,0.0,160.0,160.0,0,B3117,parking_charging,Position,Movement
44,76,Movement,2,1,2,1,764,771,18:24,18:31,7,7,13.61,0,0.0,160.0,146.39,0,B3117,empty_repositioning,Position,Pickup
44,77,Pickup,1,1,1,1,771,774,18:31,18:34,3,0,0.0,2,8.534,146.39,154.924,1,B3117,pickup_service,Pickup,Pickup
44,78,Movement,1,2,1,2,774,781,18:34,18:41,7,7,13.61,0,0.0,154.924,141.314,1,B3117,passenger_flight,Position,Delivery
44,79,Delivery,2,2,2,2,781,784,18:41,18:44,3,0,0.0,2,8.534,141.314,149.848,0,B3117,delivery_service,Delivery,Delivery
44,80,Stay,2,2,2,2,784,788,18:44,18:48,4,0,0.0,4,10.152,149.848,160.0,0,B3227,parking_charging,Position,Pickup
44,81,Pickup,2,2,2,2,788,791,18:48,18:51,3,0,0.0,2,0.0,160.0,160.0,1,B3227,pickup_service,Pickup,Pickup
44,82,Pickup,2,2,2,2,791,794,18:51,18:54,3,0,0.0,2,0.0,160.0,160.0,2,B3213,pickup_service,Pickup,Pickup
44,83,Pickup,2,2,2,2,794,797,18:54,18:57,3,0,0.0,2,0.0,160.0,160.0,4,B3248,pickup_service,Pickup,Pickup
44,84,Movement,2,5,2,5,797,805,18:57,19:05,8,8,27.57,0,0.0,160.0,132.43,4,B3213,passenger_flight,Position,Delivery
44,85,Delivery,5,5,5,5,805,808,19:05,19:08,3,0,0.0,2,8.534,132.43,140.964,3,B3213,delivery_service,Delivery,Delivery
44,86,Delivery,5,5,5,5,808,811,19:08,19:11,3,0,0.0,2,8.534,140.964,149.498,2,B3227,delivery_service,Delivery,Delivery
44,87,Delivery,5,5,5,5,811,814,19:11,19:14,3,0,0.0,2,8.534,149.498,158.032,0,B3248,delivery_service,Delivery,Delivery
45,0,Stay,6,6,6,6,0,38,05:40,06:18,38,0,0.0,38,0.0,160.0,160.0,0,B16,parking_charging,Position,Pickup
45,1,Pickup,6,6,6,6,38,41,06:18,06:21,3,0,0.0,2,0.0,160.0,160.0,1,B16,pickup_service,Pickup,Pickup
45,2,Stay,6,6,6,6,41,47,06:21,06:27,6,0,0.0,6,0.0,160.0,160.0,1,B16,parking_charging,Position,Movement
45,3,Movement,6,7,6,7,47,59,06:27,06:39,12,12,43.48,0,0.0,160.0,116.52,1,B16,passenger_flight,Position,Delivery
45,4,Delivery,7,7,7,7,59,62,06:39,06:42,3,0,0.0,2,8.534,116.52,125.054,0,B16,delivery_service,Delivery,Delivery
45,5,Stay,7,7,7,7,62,125,06:42,07:45,63,0,0.0,63,34.946,125.054,160.0,0,B105,parking_charging,Position,Pickup
45,6,Pickup,7,7,7,7,125,128,07:45,07:48,3,0,0.0,2,0.0,160.0,160.0,1,B105,pickup_service,Pickup,Pickup
45,7,Movement,7,4,7,4,128,135,07:48,07:55,7,7,21.43,0,0.0,160.0,138.57,1,B105,passenger_flight,Position,Delivery
45,8,Delivery,4,4,4,4,135,138,07:55,07:58,3,0,0.0,2,8.534,138.57,147.104,0,B105,delivery_service,Delivery,Delivery
45,9,Stay,4,4,4,4,138,142,07:58,08:02,4,0,0.0,4,12.896,147.104,160.0,0,B162,parking_charging,Position,Movement
45,10,Movement,4,6,4,6,142,149,08:02,08:09,7,7,22.06,0,0.0,160.0,137.94,0,B162,empty_repositioning,Position,Pickup
45,11,Pickup,6,6,6,6,149,152,08:09,08:12,3,0,0.0,2,8.534,137.94,146.474,1,B162,pickup_service,Pickup,Pickup
45,12,Pickup,6,6,6,6,152,155,08:12,08:15,3,0,0.0,2,8.534,146.474,155.008,2,B146,pickup_service,Pickup,Pickup
45,13,Movement,6,3,6,3,155,165,08:15,08:25,10,10,32.98,0,0.0,155.008,122.028,2,B146,passenger_flight,Position,Delivery
45,14,Delivery,3,3,3,3,165,168,08:25,08:28,3,0,0.0,2,8.534,122.028,130.562,1,B146,delivery_service,Delivery,Delivery
45,15,Delivery,3,3,3,3,168,171,08:28,08:31,3,0,0.0,2,8.534,130.562,139.096,0,B162,delivery_service,Delivery,Delivery
45,16,Stay,3,3,3,3,171,180,08:31,08:40,9,0,0.0,9,20.904,139.096,160.0,0,B269,parking_charging,Position,Pickup
45,17,Pickup,3,3,3,3,180,183,08:40,08:43,3,0,0.0,2,0.0,160.0,160.0,2,B269,pickup_service,Pickup,Pickup
45,18,Movement,3,4,3,4,183,190,08:43,08:50,7,7,12.6,0,0.0,160.0,147.4,2,B269,passenger_flight,Position,Delivery
45,19,Delivery,4,4,4,4,190,193,08:50,08:53,3,0,0.0,2,8.534,147.4,155.934,0,B269,delivery_service,Delivery,Delivery
45,20,Stay,4,4,4,4,193,242,08:53,09:42,49,0,0.0,49,4.066,155.934,160.0,0,B469,parking_charging,Position,Movement
45,21,Movement,4,6,4,6,242,249,09:42,09:49,7,7,22.06,0,0.0,160.0,137.94,0,B469,empty_repositioning,Position,Pickup
45,22,Pickup,6,6,6,6,249,252,09:49,09:52,3,0,0.0,2,8.534,137.94,146.474,1,B469,pickup_service,Pickup,Pickup
45,23,Pickup,6,6,6,6,252,255,09:52,09:55,3,0,0.0,2,8.534,146.474,155.008,2,B460,pickup_service,Pickup,Pickup
45,24,Movement,6,7,6,7,255,267,09:55,10:07,12,12,43.48,0,0.0,155.008,111.528,2,B460,passenger_flight,Position,Delivery
45,25,Delivery,7,7,7,7,267,270,10:07,10:10,3,0,0.0,2,8.534,111.528,120.062,1,B460,delivery_service,Delivery,Delivery
45,26,Delivery,7,7,7,7,270,273,10:10,10:13,3,0,0.0,2,8.534,120.062,128.596,0,B469,delivery_service,Delivery,Delivery
45,27,Pickup,7,7,7,7,273,276,10:13,10:16,3,0,0.0,2,8.534,128.596,137.13,1,B540,pickup_service,Pickup,Pickup
45,28,Movement,7,9,7,9,276,288,10:16,10:28,12,12,40.12,0,0.0,137.13,97.01,1,B540,passenger_flight,Position,Delivery
45,29,Delivery,9,9,9,9,288,291,10:28,10:31,3,0,0.0,2,8.534,97.01,105.544,0,B540,delivery_service,Delivery,Delivery
45,30,Pickup,9,9,9,9,291,294,10:31,10:34,3,0,0.0,2,8.534,105.544,114.078,1,B676,pickup_service,Pickup,Pickup
45,31,Movement,9,4,9,4,294,309,10:34,10:49,15,15,55.47,0,0.0,114.078,58.608,1,B676,passenger_flight,Position,Delivery
45,32,Delivery,4,4,4,4,309,312,10:49,10:52,3,0,0.0,2,8.534,58.608,67.142,0,B676,delivery_service,Delivery,Delivery
45,33,Stay,4,4,4,4,312,320,10:52,11:00,8,0,0.0,8,34.136,67.142,101.278,0,B829,parking_charging,Position,Pickup
45,34,Pickup,4,4,4,4,320,323,11:00,11:03,3,0,0.0,2,8.534,101.278,109.812,1,B829,pickup_service,Pickup,Pickup
45,35,Pickup,4,4,4,4,323,326,11:03,11:06,3,0,0.0,2,8.534,109.812,118.346,2,B809,pickup_service,Pickup,Pickup
45,36,Movement,4,2,4,2,326,332,11:06,11:12,6,6,16.13,0,0.0,118.346,102.216,2,B809,passenger_flight,Position,Delivery
45,37,Delivery,2,2,2,2,332,335,11:12,11:15,3,0,0.0,2,8.534,102.216,110.75,1,B809,delivery_service,Delivery,Delivery
45,38,Delivery,2,2,2,2,335,338,11:15,11:18,3,0,0.0,2,8.534,110.75,119.284,0,B829,delivery_service,Delivery,Delivery
45,39,Stay,2,2,2,2,338,342,11:18,11:22,4,0,0.0,4,17.068,119.284,136.352,0,B930,parking_charging,Position,Pickup
45,40,Pickup,2,2,2,2,342,345,11:22,11:25,3,0,0.0,2,8.534,136.352,144.886,1,B930,pickup_service,Pickup,Pickup
45,41,Movement,2,1,2,1,345,352,11:25,11:32,7,7,13.61,0,0.0,144.886,131.276,1,B930,passenger_flight,Position,Delivery
45,42,Delivery,1,1,1,1,352,355,11:32,11:35,3,0,0.0,2,8.534,131.276,139.81,0,B930,delivery_service,Delivery,Delivery
45,43,Stay,1,1,1,1,355,360,11:35,11:40,5,0,0.0,5,20.19,139.81,160.0,0,B997,parking_charging,Position,Pickup
45,44,Pickup,1,1,1,1,360,363,11:40,11:43,3,0,0.0,2,0.0,160.0,160.0,1,B997,pickup_service,Pickup,Pickup
45,45,Stay,1,1,1,1,363,365,11:43,11:45,2,0,0.0,2,0.0,160.0,160.0,1,B1020,parking_charging,Position,Pickup
45,46,Pickup,1,1,1,1,365,368,11:45,11:48,3,0,0.0,2,0.0,160.0,160.0,2,B1020,pickup_service,Pickup,Pickup
45,47,Movement,1,9,1,9,368,384,11:48,12:04,16,16,57.72,0,0.0,160.0,102.28,2,B997,passenger_flight,Position,Delivery
45,48,Delivery,9,9,9,9,384,387,12:04,12:07,3,0,0.0,2,8.534,102.28,110.814,1,B997,delivery_service,Delivery,Delivery
45,49,Delivery,9,9,9,9,387,390,12:07,12:10,3,0,0.0,2,8.534,110.814,119.348,0,B1020,delivery_service,Delivery,Delivery
45,50,Movement,9,8,9,8,390,396,12:10,12:16,6,6,18.04,0,0.0,119.348,101.308,0,B1094,empty_repositioning,Position,Pickup
45,51,Pickup,8,8,8,8,396,399,12:16,12:19,3,0,0.0,2,8.534,101.308,109.842,1,B1094,pickup_service,Pickup,Pickup
45,52,Movement,8,6,8,6,399,416,12:19,12:36,17,17,60.41,0,0.0,109.842,49.432,1,B1094,passenger_flight,Position,Delivery
45,53,Delivery,6,6,6,6,416,419,12:36,12:39,3,0,0.0,2,8.534,49.432,57.966,0,B1094,delivery_service,Delivery,Delivery
45,54,Stay,6,6,6,6,419,442,12:39,13:02,23,0,0.0,23,98.141,57.966,156.107,0,B1218,parking_charging,Position,Pickup
45,55,Pickup,6,6,6,6,442,445,13:02,13:05,3,0,0.0,2,3.893,156.107,160.0,1,B1218,pickup_service,Pickup,Pickup
45,56,Movement,6,7,6,7,445,457,13:05,13:17,12,12,43.48,0,0.0,160.0,116.52,1,B1218,passenger_flight,Position,Delivery
45,57,Delivery,7,7,7,7,457,460,13:17,13:20,3,0,0.0,2,8.534,116.52,125.054,0,B1218,delivery_service,Delivery,Delivery
45,58,Stay,7,7,7,7,460,464,13:20,13:24,4,0,0.0,4,17.068,125.054,142.122,0,B1256,parking_charging,Position,Pickup
45,59,Pickup,7,7,7,7,464,467,13:24,13:27,3,0,0.0,2,8.534,142.122,150.656,1,B1256,pickup_service,Pickup,Pickup
45,60,Pickup,7,7,7,7,467,470,13:27,13:30,3,0,0.0,2,8.534,150.656,159.19,2,B1263,pickup_service,Pickup,Pickup
45,61,Movement,7,4,7,4,470,477,13:30,13:37,7,7,21.43,0,0.0,159.19,137.76,2,B1256,passenger_flight,Position,Delivery
45,62,Delivery,4,4,4,4,477,480,13:37,13:40,3,0,0.0,2,8.534,137.76,146.294,1,B1256,delivery_service,Delivery,Delivery
45,63,Movement,4,5,4,5,480,486,13:40,13:46,6,6,11.45,0,0.0,146.294,134.844,1,B1263,passenger_flight,Position,Delivery
45,64,Delivery,5,5,5,5,486,489,13:46,13:49,3,0,0.0,2,8.534,134.844,143.378,0,B1263,delivery_service,Delivery,Delivery
45,65,Stay,5,5,5,5,489,562,13:49,15:02,73,0,0.0,73,16.622,143.378,160.0,0,B1626,parking_charging,Position,Movement
45,66,Movement,5,4,5,4,562,568,15:02,15:08,6,6,11.45,0,0.0,160.0,148.55,0,B1626,empty_repositioning,Position,Pickup
45,67,Pickup,4,4,4,4,568,571,15:08,15:11,3,0,0.0,2,8.534,148.55,157.084,1,B1626,pickup_service,Pickup,Pickup
45,68,Stay,4,4,4,4,571,575,15:11,15:15,4,0,0.0,4,2.916,157.084,160.0,1,B1653,parking_charging,Position,Pickup
45,69,Pickup,4,4,4,4,575,578,15:15,15:18,3,0,0.0,2,0.0,160.0,160.0,2,B1653,pickup_service,Pickup,Pickup
45,70,Movement,4,9,4,9,578,593,15:18,15:33,15,15,55.47,0,0.0,160.0,104.53,2,B1626,passenger_flight,Position,Delivery
45,71,Delivery,9,9,9,9,593,596,15:33,15:36,3,0,0.0,2,8.534,104.53,113.064,1,B1626,delivery_service,Delivery,Delivery
45,72,Delivery,9,9,9,9,596,599,15:36,15:39,3,0,0.0,2,8.534,113.064,121.598,0,B1653,delivery_service,Delivery,Delivery
45,73,Stay,9,9,9,9,599,600,15:39,15:40,1,0,0.0,1,4.267,121.598,125.865,0,B1738,parking_charging,Position,Pickup
45,74,Pickup,9,9,9,9,600,603,15:40,15:43,3,0,0.0,2,8.534,125.865,134.399,1,B1738,pickup_service,Pickup,Pickup
45,75,Movement,9,2,9,2,603,617,15:43,15:57,14,14,50.24,0,0.0,134.399,84.159,1,B1738,passenger_flight,Position,Delivery
45,76,Delivery,2,2,2,2,617,620,15:57,16:00,3,0,0.0,2,8.534,84.159,92.693,0,B1738,delivery_service,Delivery,Delivery
45,77,Stay,2,2,2,2,620,624,16:00,16:04,4,0,0.0,4,17.068,92.693,109.761,0,B1866,parking_charging,Position,Pickup
45,78,Pickup,2,2,2,2,624,627,16:04,16:07,3,0,0.0,2,8.534,109.761,118.295,1,B1866,pickup_service,Pickup,Pickup
45,79,Movement,2,1,2,1,627,634,16:07,16:14,7,7,13.61,0,0.0,118.295,104.685,1,B1908,passenger_flight,Position,Pickup
45,80,Pickup,1,1,1,1,634,637,16:14,16:17,3,0,0.0,2,8.534,104.685,113.219,2,B1908,pickup_service,Pickup,Pickup
45,81,Delivery,1,1,1,1,637,640,16:17,16:20,3,0,0.0,2,8.534,113.219,121.753,1,B1866,delivery_service,Delivery,Delivery
45,82,Movement,1,6,1,6,640,647,16:20,16:27,7,7,23.39,0,0.0,121.753,98.363,1,B1908,passenger_flight,Position,Delivery
45,83,Delivery,6,6,6,6,647,650,16:27,16:30,3,0,0.0,2,8.534,98.363,106.897,0,B1908,delivery_service,Delivery,Delivery
45,84,Movement,6,1,6,1,650,657,16:30,16:37,7,7,23.39,0,0.0,106.897,83.507,0,B2046,empty_repositioning,Position,Pickup
45,85,Pickup,1,1,1,1,657,660,16:37,16:40,3,0,0.0,2,8.534,83.507,92.041,1,B2046,pickup_service,Pickup,Pickup
45,86,Movement,1,6,1,6,660,667,16:40,16:47,7,7,23.39,0,0.0,92.041,68.651,1,B2046,passenger_flight,Position,Delivery
45,87,Delivery,6,6,6,6,667,670,16:47,16:50,3,0,0.0,2,8.534,68.651,77.185,0,B2046,delivery_service,Delivery,Delivery
45,88,Pickup,6,6,6,6,670,673,16:50,16:53,3,0,0.0,2,8.534,77.185,85.719,1,B2129,pickup_service,Pickup,Pickup
45,89,Movement,6,7,6,7,673,685,16:53,17:05,12,12,43.48,0,0.0,85.719,42.239,1,B2129,passenger_flight,Position,Delivery
45,90,Delivery,7,7,7,7,685,688,17:05,17:08,3,0,0.0,2,8.534,42.239,50.773,0,B2129,delivery_service,Delivery,Delivery
45,91,Stay,7,7,7,7,688,703,17:08,17:23,15,0,0.0,15,64.005,50.773,114.778,0,B2522,parking_charging,Position,Pickup
45,92,Pickup,7,7,7,7,703,706,17:23,17:26,3,0,0.0,2,8.534,114.778,123.312,1,B2522,pickup_service,Pickup,Pickup
45,93,Pickup,7,7,7,7,706,709,17:26,17:29,3,0,0.0,2,8.534,123.312,131.846,4,B2501,pickup_service,Pickup,Pickup
45,94,Movement,7,4,7,4,709,716,17:29,17:36,7,7,21.43,0,0.0,131.846,110.416,4,B2501,passenger_flight,Position,Delivery
45,95,Delivery,4,4,4,4,716,719,17:36,17:39,3,0,0.0,2,8.534,110.416,118.95,1,B2501,delivery_service,Delivery,Delivery
45,96,Delivery,4,4,4,4,719,722,17:39,17:42,3,0,0.0,2,8.534,118.95,127.484,0,B2522,delivery_service,Delivery,Delivery
45,97,Pickup,4,4,4,4,722,725,17:42,17:45,3,0,0.0,2,8.534,127.484,136.018,1,B2729,pickup_service,Pickup,Pickup
45,98,Pickup,4,4,4,4,725,728,17:45,17:48,3,0,0.0,2,8.534,136.018,144.552,2,B2707,pickup_service,Pickup,Pickup
45,99,Movement,4,3,4,3,728,735,17:48,17:55,7,7,12.6,0,0.0,144.552,131.952,2,B2707,passenger_flight,Position,Delivery
45,100,Delivery,3,3,3,3,735,738,17:55,17:58,3,0,0.0,2,8.534,131.952,140.486,1,B2707,delivery_service,Delivery,Delivery
45,101,Delivery,3,3,3,3,738,741,17:58,18:01,3,0,0.0,2,8.534,140.486,149.02,0,B2729,delivery_service,Delivery,Delivery
45,102,Pickup,3,3,3,3,741,744,18:01,18:04,3,0,0.0,2,8.534,149.02,157.554,1,B2856,pickup_service,Pickup,Pickup
45,103,Movement,3,1,3,1,744,750,18:04,18:10,6,6,9.61,0,0.0,157.554,147.944,1,B2856,passenger_flight,Position,Delivery
45,104,Delivery,1,1,1,1,750,753,18:10,18:13,3,0,0.0,2,8.534,147.944,156.478,0,B2856,delivery_service,Delivery,Delivery
45,105,Stay,1,1,1,1,753,758,18:13,18:18,5,0,0.0,5,3.522,156.478,160.0,0,B3032,parking_charging,Position,Pickup
45,106,Pickup,1,1,1,1,758,761,18:18,18:21,3,0,0.0,2,0.0,160.0,160.0,1,B3032,pickup_service,Pickup,Pickup
45,107,Stay,1,1,1,1,761,764,18:21,18:24,3,0,0.0,3,0.0,160.0,160.0,1,B3032,parking_charging,Position,Movement
45,108,Movement,1,3,1,3,764,770,18:24,18:30,6,6,9.61,0,0.0,160.0,150.39,1,B3032,passenger_flight,Position,Delivery
45,109,Delivery,3,3,3,3,770,773,18:30,18:33,3,0,0.0,2,8.534,150.39,158.924,0,B3032,delivery_service,Delivery,Delivery
45,110,Stay,3,3,3,3,773,779,18:33,18:39,6,0,0.0,6,1.076,158.924,160.0,0,B3169,parking_charging,Position,Pickup
45,111,Pickup,3,3,3,3,779,782,18:39,18:42,3,0,0.0,2,0.0,160.0,160.0,1,B3169,pickup_service,Pickup,Pickup
45,112,Stay,3,3,3,3,782,788,18:42,18:48,6,0,0.0,6,0.0,160.0,160.0,1,B3169,parking_charging,Position,Movement
45,113,Movement,3,5,3,5,788,796,18:48,18:56,8,8,23.93,0,0.0,160.0,136.07,1,B3169,passenger_flight,Position,Delivery
45,114,Delivery,5,5,5,5,796,799,18:56,18:59,3,0,0.0,2,8.534,136.07,144.604,0,B3169,delivery_service,Delivery,Delivery
45,115,Movement,5,6,5,6,799,806,18:59,19:06,7,7,12.76,0,0.0,144.604,131.844,0,,return_to_depot,Position,Depot
46,0,Stay,7,7,7,7,0,144,05:40,08:04,144,0,0.0,144,0.0,160.0,160.0,0,B141,parking_charging,Position,Pickup
46,1,Pickup,7,7,7,7,144,147,08:04,08:07,3,0,0.0,2,0.0,160.0,160.0,1,B141,pickup_service,Pickup,Pickup
46,2,Pickup,7,7,7,7,147,150,08:07,08:10,3,0,0.0,2,0.0,160.0,160.0,2,B130,pickup_service,Pickup,Pickup
46,3,Movement,7,1,7,1,150,157,08:10,08:17,7,7,21.03,0,0.0,160.0,138.97,2,B130,passenger_flight,Position,Delivery
46,4,Delivery,1,1,1,1,157,160,08:17,08:20,3,0,0.0,2,8.534,138.97,147.504,1,B130,delivery_service,Delivery,Delivery
46,5,Delivery,1,1,1,1,160,163,08:20,08:23,3,0,0.0,2,8.534,147.504,156.038,0,B141,delivery_service,Delivery,Delivery
46,6,Stay,1,1,1,1,163,180,08:23,08:40,17,0,0.0,17,3.962,156.038,160.0,0,B294,parking_charging,Position,Movement
46,7,Movement,1,3,1,3,180,186,08:40,08:46,6,6,9.61,0,0.0,160.0,150.39,0,B294,empty_repositioning,Position,Pickup
46,8,Pickup,3,3,3,3,186,189,08:46,08:49,3,0,0.0,2,8.534,150.39,158.924,1,B294,pickup_service,Pickup,Pickup
46,9,Movement,3,9,3,9,189,204,08:49,09:04,15,15,52.78,0,0.0,158.924,106.144,1,B294,passenger_flight,Position,Delivery
46,10,Delivery,9,9,9,9,204,207,09:04,09:07,3,0,0.0,2,8.534,106.144,114.678,0,B294,delivery_service,Delivery,Delivery
46,11,Movement,9,8,9,8,207,213,09:07,09:13,6,6,18.04,0,0.0,114.678,96.638,0,B389,empty_repositioning,Position,Pickup
46,12,Pickup,8,8,8,8,213,216,09:13,09:16,3,0,0.0,2,8.534,96.638,105.172,1,B389,pickup_service,Pickup,Pickup
46,13,Stay,8,8,8,8,216,224,09:16,09:24,8,0,0.0,8,34.136,105.172,139.308,1,B389,parking_charging,Position,Movement
46,14,Movement,8,1,8,1,224,236,09:24,09:36,12,12,41.05,0,0.0,139.308,98.258,1,B389,passenger_flight,Position,Delivery
46,15,Delivery,1,1,1,1,236,239,09:36,09:39,3,0,0.0,2,8.534,98.258,106.792,0,B389,delivery_service,Delivery,Delivery
46,16,Stay,1,1,1,1,239,261,09:39,10:01,22,0,0.0,22,53.208,106.792,160.0,0,B530,parking_charging,Position,Movement
46,17,Movement,1,3,1,3,261,267,10:01,10:07,6,6,9.61,0,0.0,160.0,150.39,0,B530,empty_repositioning,Position,Pickup
46,18,Pickup,3,3,3,3,267,270,10:07,10:10,3,0,0.0,2,8.534,150.39,158.924,1,B530,pickup_service,Pickup,Pickup
46,19,Pickup,3,3,3,3,270,273,10:10,10:13,3,0,0.0,2,1.076,158.924,160.0,2,B505,pickup_service,Pickup,Pickup
46,20,Movement,3,5,3,5,273,281,10:13,10:21,8,8,23.93,0,0.0,160.0,136.07,2,B505,passenger_flight,Position,Delivery
46,21,Delivery,5,5,5,5,281,284,10:21,10:24,3,0,0.0,2,8.534,136.07,144.604,1,B505,delivery_service,Delivery,Delivery
46,22,Delivery,5,5,5,5,284,287,10:24,10:27,3,0,0.0,2,8.534,144.604,153.138,0,B530,delivery_service,Delivery,Delivery
46,23,Pickup,5,5,5,5,287,290,10:27,10:30,3,0,0.0,2,6.862,153.138,160.0,1,B639,pickup_service,Pickup,Pickup
46,24,Stay,5,5,5,5,290,291,10:30,10:31,1,0,0.0,1,0.0,160.0,160.0,1,B675,parking_charging,Position,Pickup
46,25,Pickup,5,5,5,5,291,294,10:31,10:34,3,0,0.0,2,0.0,160.0,160.0,2,B675,pickup_service,Pickup,Pickup
46,26,Movement,5,1,5,1,294,302,10:34,10:42,8,8,14.88,0,0.0,160.0,145.12,2,B639,passenger_flight,Position,Delivery
46,27,Delivery,1,1,1,1,302,305,10:42,10:45,3,0,0.0,2,8.534,145.12,153.654,1,B639,delivery_service,Delivery,Delivery
46,28,Delivery,1,1,1,1,305,308,10:45,10:48,3,0,0.0,2,6.346,153.654,160.0,0,B675,delivery_service,Delivery,Delivery
46,29,Stay,1,1,1,1,308,407,10:48,12:27,99,0,0.0,99,0.0,160.0,160.0,0,B1133,parking_charging,Position,Pickup
46,30,Pickup,1,1,1,1,407,410,12:27,12:30,3,0,0.0,2,0.0,160.0,160.0,1,B1133,pickup_service,Pickup,Pickup
46,31,Stay,1,1,1,1,410,415,12:30,12:35,5,0,0.0,5,0.0,160.0,160.0,1,B1153,parking_charging,Position,Pickup
46,32,Pickup,1,1,1,1,415,418,12:35,12:38,3,0,0.0,2,0.0,160.0,160.0,2,B1153,pickup_service,Pickup,Pickup
46,33,Movement,1,9,1,9,418,434,12:38,12:54,16,16,57.72,0,0.0,160.0,102.28,2,B1133,passenger_flight,Position,Delivery
46,34,Delivery,9,9,9,9,434,437,12:54,12:57,3,0,0.0,2,8.534,102.28,110.814,1,B1133,delivery_service,Delivery,Delivery
46,35,Delivery,9,9,9,9,437,440,12:57,13:00,3,0,0.0,2,8.534,110.814,119.348,0,B1153,delivery_service,Delivery,Delivery
46,36,Stay,9,9,9,9,440,461,13:00,13:21,21,0,0.0,21,40.652,119.348,160.0,0,B1264,parking_charging,Position,Movement
46,37,Movement,9,8,9,8,461,467,13:21,13:27,6,6,18.04,0,0.0,160.0,141.96,0,B1264,empty_repositioning,Position,Pickup
46,38,Pickup,8,8,8,8,467,470,13:27,13:30,3,0,0.0,2,8.534,141.96,150.494,1,B1264,pickup_service,Pickup,Pickup
46,39,Movement,8,6,8,6,470,487,13:30,13:47,17,17,60.41,0,0.0,150.494,90.084,1,B1264,passenger_flight,Position,Delivery
46,40,Delivery,6,6,6,6,487,490,13:47,13:50,3,0,0.0,2,8.534,90.084,98.618,0,B1264,delivery_service,Delivery,Delivery
46,41,Stay,6,6,6,6,490,499,13:50,13:59,9,0,0.0,9,38.403,98.618,137.021,0,B1338,parking_charging,Position,Pickup
46,42,Pickup,6,6,6,6,499,502,13:59,14:02,3,0,0.0,2,8.534,137.021,145.555,1,B1338,pickup_service,Pickup,Pickup
46,43,Stay,6,6,6,6,502,508,14:02,14:08,6,0,0.0,6,14.445,145.555,160.0,1,B1338,parking_charging,Position,Movement
46,44,Movement,6,3,6,3,508,518,14:08,14:18,10,10,32.98,0,0.0,160.0,127.02,1,B1338,passenger_flight,Position,Delivery
46,45,Delivery,3,3,3,3,518,521,14:18,14:21,3,0,0.0,2,8.534,127.02,135.554,0,B1338,delivery_service,Delivery,Delivery
46,46,Movement,3,2,3,2,521,524,14:21,14:24,3,3,4.08,0,0.0,135.554,131.474,0,B1427,empty_repositioning,Position,Pickup
46,47,Pickup,2,2,2,2,524,527,14:24,14:27,3,0,0.0,2,8.534,131.474,140.008,1,B1427,pickup_service,Pickup,Pickup
46,48,Pickup,2,2,2,2,527,530,14:27,14:30,3,0,0.0,2,8.534,140.008,148.542,2,B1451,pickup_service,Pickup,Pickup
46,49,Movement,2,5,2,5,530,538,14:30,14:38,8,8,27.57,0,0.0,148.542,120.972,2,B1427,passenger_flight,Position,Delivery
46,50,Delivery,5,5,5,5,538,541,14:38,14:41,3,0,0.0,2,8.534,120.972,129.506,1,B1427,delivery_service,Delivery,Delivery
46,51,Delivery,5,5,5,5,541,544,14:41,14:44,3,0,0.0,2,8.534,129.506,138.04,0,B1451,delivery_service,Delivery,Delivery
46,52,Stay,5,5,5,5,544,567,14:44,15:07,23,0,0.0,23,21.96,138.04,160.0,0,B1650,parking_charging,Position,Movement
46,53,Movement,5,6,5,6,567,574,15:07,15:14,7,7,12.76,0,0.0,160.0,147.24,0,B1650,empty_repositioning,Position,Pickup
46,54,Pickup,6,6,6,6,574,577,15:14,15:17,3,0,0.0,2,8.534,147.24,155.774,1,B1650,pickup_service,Pickup,Pickup
46,55,Stay,6,6,6,6,577,583,15:17,15:23,6,0,0.0,6,4.226,155.774,160.0,1,B1650,parking_charging,Position,Movement
46,56,Movement,6,8,6,8,583,600,15:23,15:40,17,17,60.41,0,0.0,160.0,99.59,1,B1650,passenger_flight,Position,Delivery
46,57,Delivery,8,8,8,8,600,603,15:40,15:43,3,0,0.0,2,8.534,99.59,108.124,0,B1650,delivery_service,Delivery,Delivery
46,58,Stay,8,8,8,8,603,647,15:43,16:27,44,0,0.0,44,51.876,108.124,160.0,0,B2020,parking_charging,Position,Pickup
46,59,Pickup,8,8,8,8,647,650,16:27,16:30,3,0,0.0,2,0.0,160.0,160.0,1,B2020,pickup_service,Pickup,Pickup
46,60,Pickup,8,8,8,8,650,653,16:30,16:33,3,0,0.0,2,0.0,160.0,160.0,3,B2011,pickup_service,Pickup,Pickup
46,61,Movement,8,6,8,6,653,670,16:33,16:50,17,17,60.41,0,0.0,160.0,99.59,3,B2020,passenger_flight,Position,Delivery
46,62,Delivery,6,6,6,6,670,673,16:50,16:53,3,0,0.0,2,8.534,99.59,108.124,2,B2020,delivery_service,Delivery,Delivery
46,63,Delivery,6,6,6,6,673,676,16:53,16:56,3,0,0.0,2,8.534,108.124,116.658,0,B2011,delivery_service,Delivery,Delivery
46,64,Pickup,6,6,6,6,676,679,16:56,16:59,3,0,0.0,2,8.534,116.658,125.192,1,B2182,pickup_service,Pickup,Pickup
46,65,Movement,6,7,6,7,679,691,16:59,17:11,12,12,43.48,0,0.0,125.192,81.712,1,B2182,passenger_flight,Position,Delivery
46,66,Delivery,7,7,7,7,691,694,17:11,17:14,3,0,0.0,2,8.534,81.712,90.246,0,B2182,delivery_service,Delivery,Delivery
46,67,Pickup,7,7,7,7,694,697,17:14,17:17,3,0,0.0,2,8.534,90.246,98.78,2,B2349,pickup_service,Pickup,Pickup
46,68,Movement,7,4,7,4,697,704,17:17,17:24,7,7,21.43,0,0.0,98.78,77.35,2,B2349,passenger_flight,Position,Delivery
46,69,Delivery,4,4,4,4,704,707,17:24,17:27,3,0,0.0,2,8.534,77.35,85.884,0,B2349,delivery_service,Delivery,Delivery
46,70,Pickup,4,4,4,4,707,710,17:27,17:30,3,0,0.0,2,8.534,85.884,94.418,2,B2487,pickup_service,Pickup,Pickup
46,71,Movement,4,7,4,7,710,717,17:30,17:37,7,7,21.43,0,0.0,94.418,72.988,2,B2487,passenger_flight,Position,Delivery
46,72,Delivery,7,7,7,7,717,720,17:37,17:40,3,0,0.0,2,8.534,72.988,81.522,0,B2487,delivery_service,Delivery,Delivery
46,73,Pickup,7,7,7,7,720,723,17:40,17:43,3,0,0.0,2,8.534,81.522,90.056,1,B2697,pickup_service,Pickup,Pickup
46,74,Pickup,7,7,7,7,723,726,17:43,17:46,3,0,0.0,2,8.534,90.056,98.59,2,B2685,pickup_service,Pickup,Pickup
46,75,Movement,7,1,7,1,726,733,17:46,17:53,7,7,21.03,0,0.0,98.59,77.56,2,B2685,passenger_flight,Position,Delivery
46,76,Delivery,1,1,1,1,733,736,17:53,17:56,3,0,0.0,2,8.534,77.56,86.094,1,B2685,delivery_service,Delivery,Delivery
46,77,Delivery,1,1,1,1,736,739,17:56,17:59,3,0,0.0,2,8.534,86.094,94.628,0,B2697,delivery_service,Delivery,Delivery
46,78,Pickup,1,1,1,1,739,742,17:59,18:02,3,0,0.0,2,8.534,94.628,103.162,1,B2850,pickup_service,Pickup,Pickup
46,79,Movement,1,3,1,3,742,748,18:02,18:08,6,6,9.61,0,0.0,103.162,93.552,1,B2850,passenger_flight,Position,Delivery
46,80,Delivery,3,3,3,3,748,751,18:08,18:11,3,0,0.0,2,8.534,93.552,102.086,0,B2850,delivery_service,Delivery,Delivery
46,81,Pickup,3,3,3,3,751,754,18:11,18:14,3,0,0.0,2,8.534,102.086,110.62,1,B2948,pickup_service,Pickup,Pickup
46,82,Movement,3,5,3,5,754,762,18:14,18:22,8,8,23.93,0,0.0,110.62,86.69,1,B2948,passenger_flight,Position,Delivery
46,83,Delivery,5,5,5,5,762,765,18:22,18:25,3,0,0.0,2,8.534,86.69,95.224,0,B2948,delivery_service,Delivery,Delivery
46,84,Movement,5,4,5,4,765,771,18:25,18:31,6,6,11.45,0,0.0,95.224,83.774,0,B3074,empty_repositioning,Position,Pickup
46,85,Pickup,4,4,4,4,771,774,18:31,18:34,3,0,0.0,2,8.534,83.774,92.308,1,B3074,pickup_service,Pickup,Pickup
46,86,Movement,4,8,4,8,774,785,18:34,18:45,11,11,39.54,0,0.0,92.308,52.768,1,B3074,passenger_flight,Position,Delivery
46,87,Delivery,8,8,8,8,785,788,18:45,18:48,3,0,0.0,2,8.534,52.768,61.302,0,B3074,delivery_service,Delivery,Delivery
46,88,Pickup,8,8,8,8,788,791,18:48,18:51,3,0,0.0,2,8.534,61.302,69.836,1,B3225,pickup_service,Pickup,Pickup
46,89,Pickup,8,8,8,8,791,794,18:51,18:54,3,0,0.0,2,8.534,69.836,78.37,3,B3239,pickup_service,Pickup,Pickup
46,90,Movement,8,1,8,1,794,806,18:54,19:06,12,12,41.05,0,0.0,78.37,37.32,3,B3225,passenger_flight,Position,Delivery
46,91,Delivery,1,1,1,1,806,809,19:06,19:09,3,0,0.0,2,8.534,37.32,45.854,2,B3225,delivery_service,Delivery,Delivery
46,92,Movement,1,6,1,6,809,816,19:09,19:16,7,7,23.39,0,0.0,45.854,22.464,2,B3239,passenger_flight,Position,Delivery
46,93,Delivery,6,6,6,6,816,819,19:16,19:19,3,0,0.0,2,8.534,22.464,30.998,0,B3239,delivery_service,Delivery,Delivery
46,94,Stay,6,6,6,6,819,836,19:19,19:36,17,0,0.0,17,72.539,30.998,103.537,0,,parking_charging,Position,Movement
46,95,Movement,6,7,6,7,836,848,19:36,19:48,12,12,43.48,0,0.0,103.537,60.057,0,,return_to_depot,Position,Depot
47,0,Stay,8,8,8,8,0,80,05:40,07:00,80,0,0.0,80,0.0,160.0,160.0,0,B48,parking_charging,Position,Pickup
47,1,Pickup,8,8,8,8,80,83,07:00,07:03,3,0,0.0,2,0.0,160.0,160.0,1,B48,pickup_service,Pickup,Pickup
47,2,Movement,8,4,8,4,83,94,07:03,07:14,11,11,39.54,0,0.0,160.0,120.46,1,B48,passenger_flight,Position,Delivery
47,3,Delivery,4,4,4,4,94,97,07:14,07:17,3,0,0.0,2,8.534,120.46,128.994,0,B48,delivery_service,Delivery,Delivery
47,4,Stay,4,4,4,4,97,144,07:17,08:04,47,0,0.0,47,31.006,128.994,160.0,0,B173,parking_charging,Position,Movement
47,5,Movement,4,6,4,6,144,151,08:04,08:11,7,7,22.06,0,0.0,160.0,137.94,0,B173,empty_repositioning,Position,Pickup
47,6,Pickup,6,6,6,6,151,154,08:11,08:14,3,0,0.0,2,8.534,137.94,146.474,1,B173,pickup_service,Pickup,Pickup
47,7,Stay,6,6,6,6,154,156,08:14,08:16,2,0,0.0,2,8.534,146.474,155.008,1,B193,parking_charging,Position,Pickup
47,8,Pickup,6,6,6,6,156,159,08:16,08:19,3,0,0.0,2,4.992,155.008,160.0,2,B193,pickup_service,Pickup,Pickup
47,9,Movement,6,3,6,3,159,169,08:19,08:29,10,10,32.98,0,0.0,160.0,127.02,2,B173,passenger_flight,Position,Delivery
47,10,Delivery,3,3,3,3,169,172,08:29,08:32,3,0,0.0,2,8.534,127.02,135.554,1,B173,delivery_service,Delivery,Delivery
47,11,Delivery,3,3,3,3,172,175,08:32,08:35,3,0,0.0,2,8.534,135.554,144.088,0,B193,delivery_service,Delivery,Delivery
47,12,Stay,3,3,3,3,175,176,08:35,08:36,1,0,0.0,1,4.267,144.088,148.355,0,B274,parking_charging,Position,Pickup
47,13,Pickup,3,3,3,3,176,179,08:36,08:39,3,0,0.0,2,8.534,148.355,156.889,1,B274,pickup_service,Pickup,Pickup
47,14,Pickup,3,3,3,3,179,182,08:39,08:42,3,0,0.0,2,3.111,156.889,160.0,2,B264,pickup_service,Pickup,Pickup
47,15,Movement,3,4,3,4,182,189,08:42,08:49,7,7,12.6,0,0.0,160.0,147.4,2,B264,passenger_flight,Position,Delivery
47,16,Delivery,4,4,4,4,189,192,08:49,08:52,3,0,0.0,2,8.534,147.4,155.934,1,B264,delivery_service,Delivery,Delivery
47,17,Delivery,4,4,4,4,192,195,08:52,08:55,3,0,0.0,2,4.066,155.934,160.0,0,B274,delivery_service,Delivery,Delivery
47,18,Stay,4,4,4,4,195,262,08:55,10:02,67,0,0.0,67,0.0,160.0,160.0,0,B536,parking_charging,Position,Movement
47,19,Movement,4,5,4,5,262,268,10:02,10:08,6,6,11.45,0,0.0,160.0,148.55,0,B536,empty_repositioning,Position,Pickup
47,20,Pickup,5,5,5,5,268,271,10:08,10:11,3,0,0.0,2,8.534,148.55,157.084,1,B536,pickup_service,Pickup,Pickup
47,21,Movement,5,2,5,2,271,279,10:11,10:19,8,8,27.57,0,0.0,157.084,129.514,1,B597,passenger_flight,Position,Pickup
47,22,Pickup,2,2,2,2,279,282,10:19,10:22,3,0,0.0,2,8.534,129.514,138.048,2,B597,pickup_service,Pickup,Pickup
47,23,Delivery,2,2,2,2,282,285,10:22,10:25,3,0,0.0,2,8.534,138.048,146.582,1,B536,delivery_service,Delivery,Delivery
47,24,Stay,2,2,2,2,285,288,10:25,10:28,3,0,0.0,3,12.801,146.582,159.383,1,B597,parking_charging,Position,Movement
47,25,Movement,2,5,2,5,288,296,10:28,10:36,8,8,27.57,0,0.0,159.383,131.813,1,B597,passenger_flight,Position,Delivery
47,26,Delivery,5,5,5,5,296,299,10:36,10:39,3,0,0.0,2,8.534,131.813,140.347,0,B597,delivery_service,Delivery,Delivery
47,27,Stay,5,5,5,5,299,307,10:39,10:47,8,0,0.0,8,19.653,140.347,160.0,0,B767,parking_charging,Position,Pickup
47,28,Pickup,5,5,5,5,307,310,10:47,10:50,3,0,0.0,2,0.0,160.0,160.0,1,B767,pickup_service,Pickup,Pickup
47,29,Pickup,5,5,5,5,310,313,10:50,10:53,3,0,0.0,2,0.0,160.0,160.0,2,B731,pickup_service,Pickup,Pickup
47,30,Movement,5,1,5,1,313,321,10:53,11:01,8,8,14.88,0,0.0,160.0,145.12,2,B731,passenger_flight,Position,Delivery
47,31,Delivery,1,1,1,1,321,324,11:01,11:04,3,0,0.0,2,8.534,145.12,153.654,1,B731,delivery_service,Delivery,Delivery
47,32,Delivery,1,1,1,1,324,327,11:04,11:07,3,0,0.0,2,6.346,153.654,160.0,0,B767,delivery_service,Delivery,Delivery
47,33,Stay,1,1,1,1,327,422,11:07,12:42,95,0,0.0,95,0.0,160.0,160.0,0,B1170,parking_charging,Position,Pickup
47,34,Pickup,1,1,1,1,422,425,12:42,12:45,3,0,0.0,2,0.0,160.0,160.0,1,B1170,pickup_service,Pickup,Pickup
47,35,Movement,1,8,1,8,425,437,12:45,12:57,12,12,41.05,0,0.0,160.0,118.95,1,B1170,passenger_flight,Position,Delivery
47,36,Delivery,8,8,8,8,437,440,12:57,13:00,3,0,0.0,2,8.534,118.95,127.484,0,B1170,delivery_service,Delivery,Delivery
47,37,Stay,8,8,8,8,440,476,13:00,13:36,36,0,0.0,36,32.516,127.484,160.0,0,B1284,parking_charging,Position,Pickup
47,38,Pickup,8,8,8,8,476,479,13:36,13:39,3,0,0.0,2,0.0,160.0,160.0,2,B1284,pickup_service,Pickup,Pickup
47,39,Movement,8,6,8,6,479,496,13:39,13:56,17,17,60.41,0,0.0,160.0,99.59,2,B1284,passenger_flight,Position,Delivery
47,40,Delivery,6,6,6,6,496,499,13:56,13:59,3,0,0.0,2,8.534,99.59,108.124,0,B1284,delivery_service,Delivery,Delivery
47,41,Pickup,6,6,6,6,499,502,13:59,14:02,3,0,0.0,2,8.534,108.124,116.658,1,B1333,pickup_service,Pickup,Pickup
47,42,Stay,6,6,6,6,502,508,14:02,14:08,6,0,0.0,6,25.602,116.658,142.26,1,B1333,parking_charging,Position,Movement
47,43,Movement,6,7,6,7,508,520,14:08,14:20,12,12,43.48,0,0.0,142.26,98.78,1,B1333,passenger_flight,Position,Delivery
47,44,Delivery,7,7,7,7,520,523,14:20,14:23,3,0,0.0,2,8.534,98.78,107.314,0,B1333,delivery_service,Delivery,Delivery
47,45,Stay,7,7,7,7,523,531,14:23,14:31,8,0,0.0,8,34.136,107.314,141.45,0,B1472,parking_charging,Position,Pickup
47,46,Pickup,7,7,7,7,531,534,14:31,14:34,3,0,0.0,2,8.534,141.45,149.984,1,B1472,pickup_service,Pickup,Pickup
47,47,Stay,7,7,7,7,534,537,14:34,14:37,3,0,0.0,3,10.016,149.984,160.0,1,B1472,parking_charging,Position,Movement
47,48,Movement,7,6,7,6,537,549,14:37,14:49,12,12,43.48,0,0.0,160.0,116.52,1,B1472,passenger_flight,Position,Delivery
47,49,Delivery,6,6,6,6,549,552,14:49,14:52,3,0,0.0,2,8.534,116.52,125.054,0,B1472,delivery_service,Delivery,Delivery
47,50,Stay,6,6,6,6,552,567,14:52,15:07,15,0,0.0,15,34.946,125.054,160.0,0,B1620,parking_charging,Position,Pickup
47,51,Pickup,6,6,6,6,567,570,15:07,15:10,3,0,0.0,2,0.0,160.0,160.0,1,B1620,pickup_service,Pickup,Pickup
47,52,Stay,6,6,6,6,570,576,15:10,15:16,6,0,0.0,6,0.0,160.0,160.0,1,B1620,parking_charging,Position,Movement
47,53,Movement,6,3,6,3,576,586,15:16,15:26,10,10,32.98,0,0.0,160.0,127.02,1,B1620,passenger_flight,Position,Delivery
47,54,Delivery,3,3,3,3,586,589,15:26,15:29,3,0,0.0,2,8.534,127.02,135.554,0,B1620,delivery_service,Delivery,Delivery
47,55,Pickup,3,3,3,3,589,592,15:29,15:32,3,0,0.0,2,8.534,135.554,144.088,1,B1699,pickup_service,Pickup,Pickup
47,56,Movement,3,2,3,2,592,595,15:32,15:35,3,3,4.08,0,0.0,144.088,140.008,1,B1721,passenger_flight,Position,Pickup
47,57,Pickup,2,2,2,2,595,598,15:35,15:38,3,0,0.0,2,8.534,140.008,148.542,2,B1721,pickup_service,Pickup,Pickup
47,58,Movement,2,1,2,1,598,605,15:38,15:45,7,7,13.61,0,0.0,148.542,134.932,2,B1699,passenger_flight,Position,Delivery
47,59,Delivery,1,1,1,1,605,608,15:45,15:48,3,0,0.0,2,8.534,134.932,143.466,1,B1699,delivery_service,Delivery,Delivery
47,60,Delivery,1,1,1,1,608,611,15:48,15:51,3,0,0.0,2,8.534,143.466,152.0,0,B1721,delivery_service,Delivery,Delivery
47,61,Pickup,1,1,1,1,611,614,15:51,15:54,3,0,0.0,2,8.0,152.0,160.0,1,B1784,pickup_service,Pickup,Pickup
47,62,Movement,1,2,1,2,614,621,15:54,16:01,7,7,13.61,0,0.0,160.0,146.39,1,B1784,passenger_flight,Position,Delivery
47,63,Delivery,2,2,2,2,621,624,16:01,16:04,3,0,0.0,2,8.534,146.39,154.924,0,B1784,delivery_service,Delivery,Delivery
47,64,Movement,2,1,2,1,624,631,16:04,16:11,7,7,13.61,0,0.0,154.924,141.314,0,B1912,empty_repositioning,Position,Pickup
47,65,Pickup,1,1,1,1,631,634,16:11,16:14,3,0,0.0,2,8.534,141.314,149.848,1,B1912,pickup_service,Pickup,Pickup
47,66,Movement,1,4,1,4,634,638,16:14,16:18,4,4,4.98,0,0.0,149.848,144.868,1,B1962,passenger_flight,Position,Pickup
47,67,Pickup,4,4,4,4,638,641,16:18,16:21,3,0,0.0,2,8.534,144.868,153.402,2,B1962,pickup_service,Pickup,Pickup
47,68,Movement,4,2,4,2,641,647,16:21,16:27,6,6,16.13,0,0.0,153.402,137.272,2,B1912,passenger_flight,Position,Delivery
47,69,Delivery,2,2,2,2,647,650,16:27,16:30,3,0,0.0,2,8.534,137.272,145.806,1,B1912,delivery_service,Delivery,Delivery
47,70,Stay,2,2,2,2,650,653,16:30,16:33,3,0,0.0,3,12.801,145.806,158.607,1,B1962,parking_charging,Position,Delivery
47,71,Delivery,2,2,2,2,653,656,16:33,16:36,3,0,0.0,2,1.393,158.607,160.0,0,B1962,delivery_service,Delivery,Delivery
47,72,Pickup,2,2,2,2,656,659,16:36,16:39,3,0,0.0,2,0.0,160.0,160.0,1,B2072,pickup_service,Pickup,Pickup
47,73,Stay,2,2,2,2,659,662,16:39,16:42,3,0,0.0,3,0.0,160.0,160.0,1,B2072,parking_charging,Position,Movement
47,74,Movement,2,1,2,1,662,669,16:42,16:49,7,7,13.61,0,0.0,160.0,146.39,1,B2072,passenger_flight,Position,Delivery
47,75,Delivery,1,1,1,1,669,672,16:49,16:52,3,0,0.0,2,8.534,146.39,154.924,0,B2072,delivery_service,Delivery,Delivery
47,76,Stay,1,1,1,1,672,686,16:52,17:06,14,0,0.0,14,5.076,154.924,160.0,0,B2323,parking_charging,Position,Pickup
47,77,Pickup,1,1,1,1,686,689,17:06,17:09,3,0,0.0,2,0.0,160.0,160.0,1,B2323,pickup_service,Pickup,Pickup
47,78,Stay,1,1,1,1,689,690,17:09,17:10,1,0,0.0,1,0.0,160.0,160.0,1,B2363,parking_charging,Position,Pickup
47,79,Pickup,1,1,1,1,690,693,17:10,17:13,3,0,0.0,2,0.0,160.0,160.0,4,B2363,pickup_service,Pickup,Pickup
47,80,Movement,1,7,1,7,693,700,17:13,17:20,7,7,21.03,0,0.0,160.0,138.97,4,B2323,passenger_flight,Position,Delivery
47,81,Delivery,7,7,7,7,700,703,17:20,17:23,3,0,0.0,2,8.534,138.97,147.504,3,B2323,delivery_service,Delivery,Delivery
47,82,Stay,7,7,7,7,703,706,17:23,17:26,3,0,0.0,3,12.496,147.504,160.0,3,B2363,parking_charging,Position,Delivery
47,83,Delivery,7,7,7,7,706,709,17:26,17:29,3,0,0.0,2,0.0,160.0,160.0,0,B2363,delivery_service,Delivery,Delivery
47,84,Stay,7,7,7,7,709,715,17:29,17:35,6,0,0.0,6,0.0,160.0,160.0,0,B2652,parking_charging,Position,Pickup
47,85,Pickup,7,7,7,7,715,718,17:35,17:38,3,0,0.0,2,0.0,160.0,160.0,1,B2652,pickup_service,Pickup,Pickup
47,86,Pickup,7,7,7,7,718,721,17:38,17:41,3,0,0.0,2,0.0,160.0,160.0,2,B2663,pickup_service,Pickup,Pickup
47,87,Stay,7,7,7,7,721,724,17:41,17:44,3,0,0.0,3,0.0,160.0,160.0,2,B2652,parking_charging,Position,Movement
47,88,Movement,7,6,7,6,724,736,17:44,17:56,12,12,43.48,0,0.0,160.0,116.52,2,B2652,passenger_flight,Position,Delivery
47,89,Delivery,6,6,6,6,736,739,17:56,17:59,3,0,0.0,2,8.534,116.52,125.054,1,B2652,delivery_service,Delivery,Delivery
47,90,Delivery,6,6,6,6,739,742,17:59,18:02,3,0,0.0,2,8.534,125.054,133.588,0,B2663,delivery_service,Delivery,Delivery
47,91,Stay,6,6,6,6,742,754,18:02,18:14,12,0,0.0,12,26.412,133.588,160.0,0,B3017,parking_charging,Position,Pickup
47,92,Pickup,6,6,6,6,754,757,18:14,18:17,3,0,0.0,2,0.0,160.0,160.0,1,B3017,pickup_service,Pickup,Pickup
47,93,Stay,6,6,6,6,757,764,18:17,18:24,7,0,0.0,7,0.0,160.0,160.0,1,B3017,parking_charging,Position,Movement
47,94,Movement,6,9,6,9,764,784,18:24,18:44,20,20,74.79,0,0.0,160.0,85.21,1,B3017,passenger_flight,Position,Delivery
47,95,Delivery,9,9,9,9,784,787,18:44,18:47,3,0,0.0,2,8.534,85.21,93.744,0,B3017,delivery_service,Delivery,Delivery
47,96,Stay,9,9,9,9,787,792,18:47,18:52,5,0,0.0,5,21.335,93.744,115.079,0,B3251,parking_charging,Position,Pickup
47,97,Pickup,9,9,9,9,792,795,18:52,18:55,3,0,0.0,2,8.534,115.079,123.613,1,B3251,pickup_service,Pickup,Pickup
47,98,Pickup,9,9,9,9,795,798,18:55,18:58,3,0,0.0,2,8.534,123.613,132.147,2,B3261,pickup_service,Pickup,Pickup
47,99,Movement,9,4,9,4,798,813,18:58,19:13,15,15,55.47,0,0.0,132.147,76.677,2,B3251,passenger_flight,Position,Delivery
47,100,Delivery,4,4,4,4,813,816,19:13,19:16,3,0,0.0,2,8.534,76.677,85.211,1,B3251,delivery_service,Delivery,Delivery
47,101,Delivery,4,4,4,4,816,819,19:16,19:19,3,0,0.0,2,8.534,85.211,93.745,0,B3261,delivery_service,Delivery,Delivery
47,102,Movement,4,8,4,8,819,830,19:19,19:30,11,11,39.54,0,0.0,93.745,54.205,0,,return_to_depot,Position,Depot
48,0,Stay,9,9,9,9,0,189,05:40,08:49,189,0,0.0,189,0.0,160.0,160.0,0,B339,parking_charging,Position,Movement
48,1,Movement,9,8,9,8,189,195,08:49,08:55,6,6,18.04,0,0.0,160.0,141.96,0,B339,empty_repositioning,Position,Pickup
48,2,Pickup,8,8,8,8,195,198,08:55,08:58,3,0,0.0,2,8.534,141.96,150.494,1,B339,pickup_service,Pickup,Pickup
48,3,Stay,8,8,8,8,198,203,08:58,09:03,5,0,0.0,5,9.506,150.494,160.0,1,B339,parking_charging,Position,Movement
48,4,Movement,8,4,8,4,203,214,09:03,09:14,11,11,39.54,0,0.0,160.0,120.46,1,B339,passenger_flight,Position,Delivery
48,5,Delivery,4,4,4,4,214,217,09:14,09:17,3,0,0.0,2,8.534,120.46,128.994,0,B339,delivery_service,Delivery,Delivery
48,6,Stay,4,4,4,4,217,264,09:17,10:04,47,0,0.0,47,31.006,128.994,160.0,0,B550,parking_charging,Position,Movement
48,7,Movement,4,2,4,2,264,270,10:04,10:10,6,6,16.13,0,0.0,160.0,143.87,0,B550,empty_repositioning,Position,Pickup
48,8,Pickup,2,2,2,2,270,273,10:10,10:13,3,0,0.0,2,8.534,143.87,152.404,1,B550,pickup_service,Pickup,Pickup
48,9,Pickup,2,2,2,2,273,276,10:13,10:16,3,0,0.0,2,7.596,152.404,160.0,2,B519,pickup_service,Pickup,Pickup
48,10,Movement,2,5,2,5,276,284,10:16,10:24,8,8,27.57,0,0.0,160.0,132.43,2,B519,passenger_flight,Position,Delivery
48,11,Delivery,5,5,5,5,284,287,10:24,10:27,3,0,0.0,2,8.534,132.43,140.964,1,B519,delivery_service,Delivery,Delivery
48,12,Delivery,5,5,5,5,287,290,10:27,10:30,3,0,0.0,2,8.534,140.964,149.498,0,B550,delivery_service,Delivery,Delivery
48,13,Pickup,5,5,5,5,290,293,10:30,10:33,3,0,0.0,2,8.534,149.498,158.032,1,B668,pickup_service,Pickup,Pickup
48,14,Pickup,5,5,5,5,293,296,10:33,10:36,3,0,0.0,2,1.968,158.032,160.0,2,B653,pickup_service,Pickup,Pickup
48,15,Movement,5,3,5,3,296,304,10:36,10:44,8,8,23.93,0,0.0,160.0,136.07,2,B653,passenger_flight,Position,Delivery
48,16,Delivery,3,3,3,3,304,307,10:44,10:47,3,0,0.0,2,8.534,136.07,144.604,1,B653,delivery_service,Delivery,Delivery
48,17,Delivery,3,3,3,3,307,310,10:47,10:50,3,0,0.0,2,8.534,144.604,153.138,0,B668,delivery_service,Delivery,Delivery
48,18,Stay,3,3,3,3,310,317,10:50,10:57,7,0,0.0,7,6.862,153.138,160.0,0,B814,parking_charging,Position,Pickup
48,19,Pickup,3,3,3,3,317,320,10:57,11:00,3,0,0.0,2,0.0,160.0,160.0,1,B814,pickup_service,Pickup,Pickup
48,20,Stay,3,3,3,3,320,326,11:00,11:06,6,0,0.0,6,0.0,160.0,160.0,1,B814,parking_charging,Position,Movement
48,21,Movement,3,4,3,4,326,333,11:06,11:13,7,7,12.6,0,0.0,160.0,147.4,1,B814,passenger_flight,Position,Delivery
48,22,Delivery,4,4,4,4,333,336,11:13,11:16,3,0,0.0,2,8.534,147.4,155.934,0,B814,delivery_service,Delivery,Delivery
48,23,Stay,4,4,4,4,336,354,11:16,11:34,18,0,0.0,18,4.066,155.934,160.0,0,B983,parking_charging,Position,Pickup
48,24,Pickup,4,4,4,4,354,357,11:34,11:37,3,0,0.0,2,0.0,160.0,160.0,1,B983,pickup_service,Pickup,Pickup
48,25,Pickup,4,4,4,4,357,360,11:37,11:40,3,0,0.0,2,0.0,160.0,160.0,2,B972,pickup_service,Pickup,Pickup
48,26,Movement,4,2,4,2,360,366,11:40,11:46,6,6,16.13,0,0.0,160.0,143.87,2,B972,passenger_flight,Position,Delivery
48,27,Delivery,2,2,2,2,366,369,11:46,11:49,3,0,0.0,2,8.534,143.87,152.404,1,B972,delivery_service,Delivery,Delivery
48,28,Delivery,2,2,2,2,369,372,11:49,11:52,3,0,0.0,2,7.596,152.404,160.0,0,B983,delivery_service,Delivery,Delivery
48,29,Stay,2,2,2,2,372,404,11:52,12:24,32,0,0.0,32,0.0,160.0,160.0,0,B1142,parking_charging,Position,Movement
48,30,Movement,2,4,2,4,404,410,12:24,12:30,6,6,16.13,0,0.0,160.0,143.87,0,B1142,empty_repositioning,Position,Pickup
48,31,Pickup,4,4,4,4,410,413,12:30,12:33,3,0,0.0,2,8.534,143.87,152.404,1,B1142,pickup_service,Pickup,Pickup
48,32,Movement,4,2,4,2,413,419,12:33,12:39,6,6,16.13,0,0.0,152.404,136.274,1,B1142,passenger_flight,Position,Delivery
48,33,Delivery,2,2,2,2,419,422,12:39,12:42,3,0,0.0,2,8.534,136.274,144.808,0,B1142,delivery_service,Delivery,Delivery
48,34,Stay,2,2,2,2,422,471,12:42,13:31,49,0,0.0,49,15.192,144.808,160.0,0,B1271,parking_charging,Position,Pickup
48,35,Pickup,2,2,2,2,471,474,13:31,13:34,3,0,0.0,2,0.0,160.0,160.0,1,B1271,pickup_service,Pickup,Pickup
48,36,Movement,2,10,2,10,474,490,13:34,13:50,16,16,57.66,0,0.0,160.0,102.34,1,B1271,passenger_flight,Position,Delivery
48,37,Delivery,10,10,10,10,490,493,13:50,13:53,3,0,0.0,2,8.534,102.34,110.874,0,B1271,delivery_service,Delivery,Delivery
48,38,Stay,10,10,10,10,493,539,13:53,14:39,46,0,0.0,46,49.126,110.874,160.0,0,B1507,parking_charging,Position,Pickup
48,39,Pickup,10,10,10,10,539,542,14:39,14:42,3,0,0.0,2,0.0,160.0,160.0,1,B1507,pickup_service,Pickup,Pickup
48,40,Stay,10,10,10,10,542,545,14:42,14:45,3,0,0.0,3,0.0,160.0,160.0,1,B1507,parking_charging,Position,Movement
48,41,Movement,10,4,10,4,545,557,14:45,14:57,12,12,42.86,0,0.0,160.0,117.14,1,B1507,passenger_flight,Position,Delivery
48,42,Delivery,4,4,4,4,557,560,14:57,15:00,3,0,0.0,2,8.534,117.14,125.674,0,B1507,delivery_service,Delivery,Delivery
48,43,Pickup,4,4,4,4,560,563,15:00,15:03,3,0,0.0,2,8.534,125.674,134.208,1,B1590,pickup_service,Pickup,Pickup
48,44,Pickup,4,4,4,4,563,566,15:03,15:06,3,0,0.0,2,8.534,134.208,142.742,2,B1585,pickup_service,Pickup,Pickup
48,45,Movement,4,7,4,7,566,573,15:06,15:13,7,7,21.43,0,0.0,142.742,121.312,2,B1585,passenger_flight,Position,Delivery
48,46,Delivery,7,7,7,7,573,576,15:13,15:16,3,0,0.0,2,8.534,121.312,129.846,1,B1585,delivery_service,Delivery,Delivery
48,47,Delivery,7,7,7,7,576,579,15:16,15:19,3,0,0.0,2,8.534,129.846,138.38,0,B1590,delivery_service,Delivery,Delivery
48,48,Stay,7,7,7,7,579,616,15:19,15:56,37,0,0.0,37,21.62,138.38,160.0,0,B1825,parking_charging,Position,Pickup
48,49,Pickup,7,7,7,7,616,619,15:56,15:59,3,0,0.0,2,0.0,160.0,160.0,1,B1825,pickup_service,Pickup,Pickup
48,50,Stay,7,7,7,7,619,626,15:59,16:06,7,0,0.0,7,0.0,160.0,160.0,1,B1825,parking_charging,Position,Movement
48,51,Movement,7,6,7,6,626,638,16:06,16:18,12,12,43.48,0,0.0,160.0,116.52,1,B1825,passenger_flight,Position,Delivery
48,52,Delivery,6,6,6,6,638,641,16:18,16:21,3,0,0.0,2,8.534,116.52,125.054,0,B1825,delivery_service,Delivery,Delivery
48,53,Pickup,6,6,6,6,641,644,16:21,16:24,3,0,0.0,2,8.534,125.054,133.588,1,B1964,pickup_service,Pickup,Pickup
48,54,Movement,6,3,6,3,644,654,16:24,16:34,10,10,32.98,0,0.0,133.588,100.608,1,B1964,passenger_flight,Position,Delivery
48,55,Delivery,3,3,3,3,654,657,16:34,16:37,3,0,0.0,2,8.534,100.608,109.142,0,B1964,delivery_service,Delivery,Delivery
48,56,Stay,3,3,3,3,657,666,16:37,16:46,9,0,0.0,9,38.403,109.142,147.545,0,B2202,parking_charging,Position,Movement
48,57,Movement,3,1,3,1,666,672,16:46,16:52,6,6,9.61,0,0.0,147.545,137.935,0,B2202,empty_repositioning,Position,Pickup
48,58,Pickup,1,1,1,1,672,675,16:52,16:55,3,0,0.0,2,8.534,137.935,146.469,1,B2202,pickup_service,Pickup,Pickup
48,59,Movement,1,3,1,3,675,681,16:55,17:01,6,6,9.61,0,0.0,146.469,136.859,1,B2202,passenger_flight,Position,Delivery
48,60,Delivery,3,3,3,3,681,684,17:01,17:04,3,0,0.0,2,8.534,136.859,145.393,0,B2202,delivery_service,Delivery,Delivery
48,61,Stay,3,3,3,3,684,685,17:04,17:05,1,0,0.0,1,4.267,145.393,149.66,0,B2316,parking_charging,Position,Pickup
48,62,Pickup,3,3,3,3,685,688,17:05,17:08,3,0,0.0,2,8.534,149.66,158.194,2,B2316,pickup_service,Pickup,Pickup
48,63,Pickup,3,3,3,3,688,691,17:08,17:11,3,0,0.0,2,1.806,158.194,160.0,4,B2276,pickup_service,Pickup,Pickup
48,64,Movement,3,5,3,5,691,699,17:11,17:19,8,8,23.93,0,0.0,160.0,136.07,4,B2276,passenger_flight,Position,Delivery
48,65,Delivery,5,5,5,5,699,702,17:19,17:22,3,0,0.0,2,8.534,136.07,144.604,2,B2276,delivery_service,Delivery,Delivery
48,66,Delivery,5,5,5,5,702,705,17:22,17:25,3,0,0.0,2,8.534,144.604,153.138,0,B2316,delivery_service,Delivery,Delivery
48,67,Stay,5,5,5,5,705,720,17:25,17:40,15,0,0.0,15,6.862,153.138,160.0,0,B2781,parking_charging,Position,Movement
48,68,Movement,5,3,5,3,720,728,17:40,17:48,8,8,23.93,0,0.0,160.0,136.07,0,B2781,empty_repositioning,Position,Pickup
48,69,Pickup,3,3,3,3,728,731,17:48,17:51,3,0,0.0,2,8.534,136.07,144.604,1,B2781,pickup_service,Pickup,Pickup
48,70,Stay,3,3,3,3,731,732,17:51,17:52,1,0,0.0,1,4.267,144.604,148.871,1,B2838,parking_charging,Position,Pickup
48,71,Pickup,3,3,3,3,732,735,17:52,17:55,3,0,0.0,2,8.534,148.871,157.405,2,B2838,pickup_service,Pickup,Pickup
48,72,Movement,3,1,3,1,735,741,17:55,18:01,6,6,9.61,0,0.0,157.405,147.795,2,B2781,passenger_flight,Position,Delivery
48,73,Delivery,1,1,1,1,741,744,18:01,18:04,3,0,0.0,2,8.534,147.795,156.329,1,B2781,delivery_service,Delivery,Delivery
48,74,Movement,1,4,1,4,744,748,18:04,18:08,4,4,4.98,0,0.0,156.329,151.349,1,B2838,passenger_flight,Position,Delivery
48,75,Delivery,4,4,4,4,748,751,18:08,18:11,3,0,0.0,2,8.534,151.349,159.883,0,B2838,delivery_service,Delivery,Delivery
48,76,Pickup,4,4,4,4,751,754,18:11,18:14,3,0,0.0,2,0.117,159.883,160.0,1,B2949,pickup_service,Pickup,Pickup
48,77,Movement,4,3,4,3,754,761,18:14,18:21,7,7,12.6,0,0.0,160.0,147.4,1,B2949,passenger_flight,Position,Delivery
48,78,Delivery,3,3,3,3,761,764,18:21,18:24,3,0,0.0,2,8.534,147.4,155.934,0,B2949,delivery_service,Delivery,Delivery
48,79,Stay,3,3,3,3,764,767,18:24,18:27,3,0,0.0,3,4.066,155.934,160.0,0,B3143,parking_charging,Position,Movement
48,80,Movement,3,4,3,4,767,774,18:27,18:34,7,7,12.6,0,0.0,160.0,147.4,0,B3143,empty_repositioning,Position,Pickup
48,81,Pickup,4,4,4,4,774,777,18:34,18:37,3,0,0.0,2,8.534,147.4,155.934,1,B3143,pickup_service,Pickup,Pickup
48,82,Movement,4,3,4,3,777,784,18:37,18:44,7,7,12.6,0,0.0,155.934,143.334,1,B3143,passenger_flight,Position,Delivery
48,83,Delivery,3,3,3,3,784,787,18:44,18:47,3,0,0.0,2,8.534,143.334,151.868,0,B3143,delivery_service,Delivery,Delivery
48,84,Pickup,3,3,3,3,787,790,18:47,18:50,3,0,0.0,2,8.132,151.868,160.0,1,B3174,pickup_service,Pickup,Pickup
48,85,Movement,3,6,3,6,790,800,18:50,19:00,10,10,32.98,0,0.0,160.0,127.02,1,B3174,passenger_flight,Position,Delivery
48,86,Delivery,6,6,6,6,800,803,19:00,19:03,3,0,0.0,2,8.534,127.02,135.554,0,B3174,delivery_service,Delivery,Delivery
48,87,Movement,6,9,6,9,803,823,19:03,19:23,20,20,74.79,0,0.0,135.554,60.764,0,,return_to_depot,Position,Depot
49,0,Stay,10,10,10,10,0,85,05:40,07:05,85,0,0.0,85,0.0,160.0,160.0,0,B55,parking_charging,Position,Pickup
49,1,Pickup,10,10,10,10,85,88,07:05,07:08,3,0,0.0,2,0.0,160.0,160.0,1,B55,pickup_service,Pickup,Pickup
49,2,Stay,10,10,10,10,88,90,07:08,07:10,2,0,0.0,2,0.0,160.0,160.0,1,B61,parking_charging,Position,Pickup
49,3,Pickup,10,10,10,10,90,93,07:10,07:13,3,0,0.0,2,0.0,160.0,160.0,2,B61,pickup_service,Pickup,Pickup
49,4,Movement,10,9,10,9,93,112,07:13,07:32,19,19,69.89,0,0.0,160.0,90.11,2,B61,passenger_flight,Position,Delivery
49,5,Delivery,9,9,9,9,112,115,07:32,07:35,3,0,0.0,2,8.534,90.11,98.644,1,B61,delivery_service,Delivery,Delivery
49,6,Delivery,9,9,9,9,115,118,07:35,07:38,3,0,0.0,2,8.534,98.644,107.178,0,B55,delivery_service,Delivery,Delivery
49,7,Pickup,9,9,9,9,118,121,07:38,07:41,3,0,0.0,2,8.534,107.178,115.712,1,B94,pickup_service,Pickup,Pickup
49,8,Stay,9,9,9,9,121,125,07:41,07:45,4,0,0.0,4,17.068,115.712,132.78,1,B94,parking_charging,Position,Movement
49,9,Movement,9,6,9,6,125,145,07:45,08:05,20,20,74.79,0,0.0,132.78,57.99,1,B94,passenger_flight,Position,Delivery
49,10,Delivery,6,6,6,6,145,148,08:05,08:08,3,0,0.0,2,8.534,57.99,66.524,0,B94,delivery_service,Delivery,Delivery
49,11,Stay,6,6,6,6,148,165,08:08,08:25,17,0,0.0,17,72.539,66.524,139.063,0,B233,parking_charging,Position,Pickup
49,12,Pickup,6,6,6,6,165,168,08:25,08:28,3,0,0.0,2,8.534,139.063,147.597,1,B233,pickup_service,Pickup,Pickup
49,13,Pickup,6,6,6,6,168,171,08:28,08:31,3,0,0.0,2,8.534,147.597,156.131,2,B243,pickup_service,Pickup,Pickup
49,14,Pickup,6,6,6,6,171,174,08:31,08:34,3,0,0.0,2,3.869,156.131,160.0,4,B250,pickup_service,Pickup,Pickup
49,15,Movement,6,1,6,1,174,181,08:34,08:41,7,7,23.39,0,0.0,160.0,136.61,4,B233,passenger_flight,Position,Delivery
49,16,Delivery,1,1,1,1,181,184,08:41,08:44,3,0,0.0,2,8.534,136.61,145.144,3,B233,delivery_service,Delivery,Delivery
49,17,Delivery,1,1,1,1,184,187,08:44,08:47,3,0,0.0,2,8.534,145.144,153.678,2,B243,delivery_service,Delivery,Delivery
49,18,Delivery,1,1,1,1,187,190,08:47,08:50,3,0,0.0,2,6.322,153.678,160.0,0,B250,delivery_service,Delivery,Delivery
49,19,Stay,1,1,1,1,190,265,08:50,10:05,75,0,0.0,75,0.0,160.0,160.0,0,B563,parking_charging,Position,Movement
49,20,Movement,1,3,1,3,265,271,10:05,10:11,6,6,9.61,0,0.0,160.0,150.39,0,B563,empty_repositioning,Position,Pickup
49,21,Pickup,3,3,3,3,271,274,10:11,10:14,3,0,0.0,2,8.534,150.39,158.924,1,B563,pickup_service,Pickup,Pickup
49,22,Pickup,3,3,3,3,274,277,10:14,10:17,3,0,0.0,2,1.076,158.924,160.0,2,B544,pickup_service,Pickup,Pickup
49,23,Movement,3,5,3,5,277,285,10:17,10:25,8,8,23.93,0,0.0,160.0,136.07,2,B563,passenger_flight,Position,Delivery
49,24,Delivery,5,5,5,5,285,288,10:25,10:28,3,0,0.0,2,8.534,136.07,144.604,1,B563,delivery_service,Delivery,Delivery
49,25,Delivery,5,5,5,5,288,291,10:28,10:31,3,0,0.0,2,8.534,144.604,153.138,0,B544,delivery_service,Delivery,Delivery
49,26,Pickup,5,5,5,5,291,294,10:31,10:34,3,0,0.0,2,6.862,153.138,160.0,1,B652,pickup_service,Pickup,Pickup
49,27,Movement,5,2,5,2,294,302,10:34,10:42,8,8,27.57,0,0.0,160.0,132.43,1,B652,passenger_flight,Position,Delivery
49,28,Delivery,2,2,2,2,302,305,10:42,10:45,3,0,0.0,2,8.534,132.43,140.964,0,B652,delivery_service,Delivery,Delivery
49,29,Stay,2,2,2,2,305,312,10:45,10:52,7,0,0.0,7,19.036,140.964,160.0,0,B790,parking_charging,Position,Pickup
49,30,Pickup,2,2,2,2,312,315,10:52,10:55,3,0,0.0,2,0.0,160.0,160.0,1,B790,pickup_service,Pickup,Pickup
49,31,Movement,2,5,2,5,315,323,10:55,11:03,8,8,27.57,0,0.0,160.0,132.43,1,B790,passenger_flight,Position,Delivery
49,32,Delivery,5,5,5,5,323,326,11:03,11:06,3,0,0.0,2,8.534,132.43,140.964,0,B790,delivery_service,Delivery,Delivery
49,33,Stay,5,5,5,5,326,343,11:06,11:23,17,0,0.0,17,19.036,140.964,160.0,0,B940,parking_charging,Position,Pickup
49,34,Pickup,5,5,5,5,343,346,11:23,11:26,3,0,0.0,2,0.0,160.0,160.0,1,B940,pickup_service,Pickup,Pickup
49,35,Pickup,5,5,5,5,346,349,11:26,11:29,3,0,0.0,2,0.0,160.0,160.0,2,B936,pickup_service,Pickup,Pickup
49,36,Movement,5,3,5,3,349,357,11:29,11:37,8,8,23.93,0,0.0,160.0,136.07,2,B940,passenger_flight,Position,Delivery
49,37,Delivery,3,3,3,3,357,360,11:37,11:40,3,0,0.0,2,8.534,136.07,144.604,1,B940,delivery_service,Delivery,Delivery
49,38,Delivery,3,3,3,3,360,363,11:40,11:43,3,0,0.0,2,8.534,144.604,153.138,0,B936,delivery_service,Delivery,Delivery
49,39,Stay,3,3,3,3,363,525,11:43,14:25,162,0,0.0,162,6.862,153.138,160.0,0,B1479,parking_charging,Position,Movement
49,40,Movement,3,4,3,4,525,532,14:25,14:32,7,7,12.6,0,0.0,160.0,147.4,0,B1479,empty_repositioning,Position,Pickup
49,41,Pickup,4,4,4,4,532,535,14:32,14:35,3,0,0.0,2,8.534,147.4,155.934,1,B1479,pickup_service,Pickup,Pickup
49,42,Movement,4,10,4,10,535,547,14:35,14:47,12,12,42.86,0,0.0,155.934,113.074,1,B1479,passenger_flight,Position,Delivery
49,43,Delivery,10,10,10,10,547,550,14:47,14:50,3,0,0.0,2,8.534,113.074,121.608,0,B1479,delivery_service,Delivery,Delivery
49,44,Stay,10,10,10,10,550,569,14:50,15:09,19,0,0.0,19,38.392,121.608,160.0,0,B1630,parking_charging,Position,Pickup
49,45,Pickup,10,10,10,10,569,572,15:09,15:12,3,0,0.0,2,0.0,160.0,160.0,1,B1630,pickup_service,Pickup,Pickup
49,46,Pickup,10,10,10,10,572,575,15:12,15:15,3,0,0.0,2,0.0,160.0,160.0,2,B1611,pickup_service,Pickup,Pickup
49,47,Movement,10,3,10,3,575,590,15:15,15:30,15,15,54.92,0,0.0,160.0,105.08,2,B1611,passenger_flight,Position,Delivery
49,48,Delivery,3,3,3,3,590,593,15:30,15:33,3,0,0.0,2,8.534,105.08,113.614,1,B1611,delivery_service,Delivery,Delivery
49,49,Delivery,3,3,3,3,593,596,15:33,15:36,3,0,0.0,2,8.534,113.614,122.148,0,B1630,delivery_service,Delivery,Delivery
49,50,Pickup,3,3,3,3,596,599,15:36,15:39,3,0,0.0,2,8.534,122.148,130.682,1,B1700,pickup_service,Pickup,Pickup
49,51,Movement,3,4,3,4,599,606,15:39,15:46,7,7,12.6,0,0.0,130.682,118.082,1,B1700,passenger_flight,Position,Delivery
49,52,Delivery,4,4,4,4,606,609,15:46,15:49,3,0,0.0,2,8.534,118.082,126.616,0,B1700,delivery_service,Delivery,Delivery
49,53,Stay,4,4,4,4,609,619,15:49,15:59,10,0,0.0,10,33.384,126.616,160.0,0,B1837,parking_charging,Position,Pickup
49,54,Pickup,4,4,4,4,619,622,15:59,16:02,3,0,0.0,2,0.0,160.0,160.0,1,B1837,pickup_service,Pickup,Pickup
49,55,Stay,4,4,4,4,622,629,16:02,16:09,7,0,0.0,7,0.0,160.0,160.0,1,B1837,parking_charging,Position,Movement
49,56,Movement,4,3,4,3,629,636,16:09,16:16,7,7,12.6,0,0.0,160.0,147.4,1,B1837,passenger_flight,Position,Delivery
49,57,Delivery,3,3,3,3,636,639,16:16,16:19,3,0,0.0,2,8.534,147.4,155.934,0,B1837,delivery_service,Delivery,Delivery
49,58,Pickup,3,3,3,3,639,642,16:19,16:22,3,0,0.0,2,4.066,155.934,160.0,1,B1945,pickup_service,Pickup,Pickup
49,59,Stay,3,3,3,3,642,645,16:22,16:25,3,0,0.0,3,0.0,160.0,160.0,1,B1945,parking_charging,Position,Movement
49,60,Movement,3,5,3,5,645,653,16:25,16:33,8,8,23.93,0,0.0,160.0,136.07,1,B1945,passenger_flight,Position,Delivery
49,61,Delivery,5,5,5,5,653,656,16:33,16:36,3,0,0.0,2,8.534,136.07,144.604,0,B1945,delivery_service,Delivery,Delivery
49,62,Stay,5,5,5,5,656,660,16:36,16:40,4,0,0.0,4,15.396,144.604,160.0,0,B2147,parking_charging,Position,Movement
49,63,Movement,5,4,5,4,660,666,16:40,16:46,6,6,11.45,0,0.0,160.0,148.55,0,B2147,empty_repositioning,Position,Pickup
49,64,Pickup,4,4,4,4,666,669,16:46,16:49,3,0,0.0,2,8.534,148.55,157.084,1,B2147,pickup_service,Pickup,Pickup
49,65,Movement,4,7,4,7,669,676,16:49,16:56,7,7,21.43,0,0.0,157.084,135.654,1,B2211,passenger_flight,Position,Pickup
49,66,Pickup,7,7,7,7,676,679,16:56,16:59,3,0,0.0,2,8.534,135.654,144.188,2,B2211,pickup_service,Pickup,Pickup
49,67,Delivery,7,7,7,7,679,682,16:59,17:02,3,0,0.0,2,8.534,144.188,152.722,1,B2147,delivery_service,Delivery,Delivery
49,68,Movement,7,4,7,4,682,689,17:02,17:09,7,7,21.43,0,0.0,152.722,131.292,1,B2211,passenger_flight,Position,Delivery
49,69,Delivery,4,4,4,4,689,692,17:09,17:12,3,0,0.0,2,8.534,131.292,139.826,0,B2211,delivery_service,Delivery,Delivery
49,70,Stay,4,4,4,4,692,701,17:12,17:21,9,0,0.0,9,20.174,139.826,160.0,0,B2495,parking_charging,Position,Pickup
49,71,Pickup,4,4,4,4,701,704,17:21,17:24,3,0,0.0,2,0.0,160.0,160.0,2,B2495,pickup_service,Pickup,Pickup
49,72,Pickup,4,4,4,4,704,707,17:24,17:27,3,0,0.0,2,0.0,160.0,160.0,4,B2468,pickup_service,Pickup,Pickup
49,73,Movement,4,2,4,2,707,713,17:27,17:33,6,6,16.13,0,0.0,160.0,143.87,4,B2468,passenger_flight,Position,Delivery
49,74,Delivery,2,2,2,2,713,716,17:33,17:36,3,0,0.0,2,8.534,143.87,152.404,2,B2468,delivery_service,Delivery,Delivery
49,75,Delivery,2,2,2,2,716,719,17:36,17:39,3,0,0.0,2,7.596,152.404,160.0,0,B2495,delivery_service,Delivery,Delivery
49,76,Pickup,2,2,2,2,719,722,17:39,17:42,3,0,0.0,2,0.0,160.0,160.0,2,B2689,pickup_service,Pickup,Pickup
49,77,Stay,2,2,2,2,722,730,17:42,17:50,8,0,0.0,8,0.0,160.0,160.0,2,B2689,parking_charging,Position,Movement
49,78,Movement,2,6,2,6,730,741,17:50,18:01,11,11,37.0,0,0.0,160.0,123.0,2,B2689,passenger_flight,Position,Delivery
49,79,Delivery,6,6,6,6,741,744,18:01,18:04,3,0,0.0,2,8.534,123.0,131.534,0,B2689,delivery_service,Delivery,Delivery
49,80,Stay,6,6,6,6,744,759,18:04,18:19,15,0,0.0,15,28.466,131.534,160.0,0,B3042,parking_charging,Position,Pickup
49,81,Pickup,6,6,6,6,759,762,18:19,18:22,3,0,0.0,2,0.0,160.0,160.0,1,B3042,pickup_service,Pickup,Pickup
49,82,Stay,6,6,6,6,762,766,18:22,18:26,4,0,0.0,4,0.0,160.0,160.0,1,B3042,parking_charging,Position,Movement
49,83,Movement,6,1,6,1,766,773,18:26,18:33,7,7,23.39,0,0.0,160.0,136.61,1,B3042,passenger_flight,Position,Delivery
49,84,Delivery,1,1,1,1,773,776,18:33,18:36,3,0,0.0,2,8.534,136.61,145.144,0,B3042,delivery_service,Delivery,Delivery
49,85,Stay,1,1,1,1,776,780,18:36,18:40,4,0,0.0,4,14.856,145.144,160.0,0,B3132,parking_charging,Position,Pickup
49,86,Pickup,1,1,1,1,780,783,18:40,18:43,3,0,0.0,2,0.0,160.0,160.0,1,B3132,pickup_service,Pickup,Pickup
49,87,Movement,1,7,1,7,783,790,18:43,18:50,7,7,21.03,0,0.0,160.0,138.97,1,B3132,passenger_flight,Position,Delivery
49,88,Delivery,7,7,7,7,790,793,18:50,18:53,3,0,0.0,2,8.534,138.97,147.504,0,B3132,delivery_service,Delivery,Delivery
49,89,Movement,7,10,7,10,793,809,18:53,19:09,16,16,57.99,0,0.0,147.504,89.514,0,,return_to_depot,Position,Depot
50,0,Stay,1,1,1,1,0,311,05:40,10:51,311,0,0.0,311,0.0,160.0,160.0,0,B821,parking_charging,Position,Movement
50,1,Movement,1,6,1,6,311,318,10:51,10:58,7,7,23.39,0,0.0,160.0,136.61,0,B821,empty_repositioning,Position,Pickup
50,2,Pickup,6,6,6,6,318,321,10:58,11:01,3,0,0.0,2,8.534,136.61,145.144,1,B821,pickup_service,Pickup,Pickup
50,3,Stay,6,6,6,6,321,324,11:01,11:04,3,0,0.0,3,12.801,145.144,157.945,1,B821,parking_charging,Position,Movement
50,4,Movement,6,7,6,7,324,336,11:04,11:16,12,12,43.48,0,0.0,157.945,114.465,1,B821,passenger_flight,Position,Delivery
50,5,Delivery,7,7,7,7,336,339,11:16,11:19,3,0,0.0,2,8.534,114.465,122.999,0,B821,delivery_service,Delivery,Delivery
50,6,Stay,7,7,7,7,339,340,11:19,11:20,1,0,0.0,1,4.267,122.999,127.266,0,B922,parking_charging,Position,Pickup
50,7,Pickup,7,7,7,7,340,343,11:20,11:23,3,0,0.0,2,8.534,127.266,135.8,1,B922,pickup_service,Pickup,Pickup
50,8,Pickup,7,7,7,7,343,346,11:23,11:26,3,0,0.0,2,8.534,135.8,144.334,2,B917,pickup_service,Pickup,Pickup
50,9,Movement,7,4,7,4,346,353,11:26,11:33,7,7,21.43,0,0.0,144.334,122.904,2,B917,passenger_flight,Position,Delivery
50,10,Delivery,4,4,4,4,353,356,11:33,11:36,3,0,0.0,2,8.534,122.904,131.438,1,B917,delivery_service,Delivery,Delivery
50,11,Delivery,4,4,4,4,356,359,11:36,11:39,3,0,0.0,2,8.534,131.438,139.972,0,B922,delivery_service,Delivery,Delivery
50,12,Stay,4,4,4,4,359,381,11:39,12:01,22,0,0.0,22,20.028,139.972,160.0,0,B1072,parking_charging,Position,Pickup
50,13,Pickup,4,4,4,4,381,384,12:01,12:04,3,0,0.0,2,0.0,160.0,160.0,1,B1072,pickup_service,Pickup,Pickup
50,14,Movement,4,9,4,9,384,399,12:04,12:19,15,15,55.47,0,0.0,160.0,104.53,1,B1072,passenger_flight,Position,Delivery
50,15,Delivery,9,9,9,9,399,402,12:19,12:22,3,0,0.0,2,8.534,104.53,113.064,0,B1072,delivery_service,Delivery,Delivery
50,16,Stay,9,9,9,9,402,506,12:22,14:06,104,0,0.0,104,46.936,113.064,160.0,0,B1360,parking_charging,Position,Pickup
50,17,Pickup,9,9,9,9,506,509,14:06,14:09,3,0,0.0,2,0.0,160.0,160.0,1,B1360,pickup_service,Pickup,Pickup
50,18,Movement,9,8,9,8,509,515,14:09,14:15,6,6,18.04,0,0.0,160.0,141.96,1,B1387,passenger_flight,Position,Pickup
50,19,Pickup,8,8,8,8,515,518,14:15,14:18,3,0,0.0,2,8.534,141.96,150.494,2,B1387,pickup_service,Pickup,Pickup
50,20,Movement,8,3,8,3,518,528,14:18,14:28,10,10,35.17,0,0.0,150.494,115.324,2,B1360,passenger_flight,Position,Delivery
50,21,Delivery,3,3,3,3,528,531,14:28,14:31,3,0,0.0,2,8.534,115.324,123.858,1,B1360,delivery_service,Delivery,Delivery
50,22,Delivery,3,3,3,3,531,534,14:31,14:34,3,0,0.0,2,8.534,123.858,132.392,0,B1387,delivery_service,Delivery,Delivery
50,23,Movement,3,2,3,2,534,537,14:34,14:37,3,3,4.08,0,0.0,132.392,128.312,0,B1480,empty_repositioning,Position,Pickup
50,24,Pickup,2,2,2,2,537,540,14:37,14:40,3,0,0.0,2,8.534,128.312,136.846,1,B1480,pickup_service,Pickup,Pickup
50,25,Movement,2,1,2,1,540,547,14:40,14:47,7,7,13.61,0,0.0,136.846,123.236,1,B1480,passenger_flight,Position,Delivery
50,26,Delivery,1,1,1,1,547,550,14:47,14:50,3,0,0.0,2,8.534,123.236,131.77,0,B1480,delivery_service,Delivery,Delivery
50,27,Pickup,1,1,1,1,550,553,14:50,14:53,3,0,0.0,2,8.534,131.77,140.304,1,B1546,pickup_service,Pickup,Pickup
50,28,Pickup,1,1,1,1,553,556,14:53,14:56,3,0,0.0,2,8.534,140.304,148.838,2,B1534,pickup_service,Pickup,Pickup
50,29,Movement,1,2,1,2,556,563,14:56,15:03,7,7,13.61,0,0.0,148.838,135.228,2,B1534,passenger_flight,Position,Delivery
50,30,Delivery,2,2,2,2,563,566,15:03,15:06,3,0,0.0,2,8.534,135.228,143.762,1,B1534,delivery_service,Delivery,Delivery
50,31,Delivery,2,2,2,2,566,569,15:06,15:09,3,0,0.0,2,8.534,143.762,152.296,0,B1546,delivery_service,Delivery,Delivery
50,32,Stay,2,2,2,2,569,588,15:09,15:28,19,0,0.0,19,7.704,152.296,160.0,0,B1710,parking_charging,Position,Movement
50,33,Movement,2,3,2,3,588,591,15:28,15:31,3,3,4.08,0,0.0,160.0,155.92,0,B1710,empty_repositioning,Position,Pickup
50,34,Pickup,3,3,3,3,591,594,15:31,15:34,3,0,0.0,2,4.08,155.92,160.0,1,B1710,pickup_service,Pickup,Pickup
50,35,Pickup,3,3,3,3,594,597,15:34,15:37,3,0,0.0,2,0.0,160.0,160.0,2,B1690,pickup_service,Pickup,Pickup
50,36,Movement,3,5,3,5,597,605,15:37,15:45,8,8,23.93,0,0.0,160.0,136.07,2,B1690,passenger_flight,Position,Delivery
50,37,Delivery,5,5,5,5,605,608,15:45,15:48,3,0,0.0,2,8.534,136.07,144.604,1,B1690,delivery_service,Delivery,Delivery
50,38,Delivery,5,5,5,5,608,611,15:48,15:51,3,0,0.0,2,8.534,144.604,153.138,0,B1710,delivery_service,Delivery,Delivery
50,39,Movement,5,4,5,4,611,617,15:51,15:57,6,6,11.45,0,0.0,153.138,141.688,0,B1810,empty_repositioning,Position,Pickup
50,40,Pickup,4,4,4,4,617,620,15:57,16:00,3,0,0.0,2,8.534,141.688,150.222,1,B1810,pickup_service,Pickup,Pickup
50,41,Movement,4,9,4,9,620,635,16:00,16:15,15,15,55.47,0,0.0,150.222,94.752,1,B1810,passenger_flight,Position,Delivery
50,42,Delivery,9,9,9,9,635,638,16:15,16:18,3,0,0.0,2,8.534,94.752,103.286,0,B1810,delivery_service,Delivery,Delivery
50,43,Stay,9,9,9,9,638,648,16:18,16:28,10,0,0.0,10,42.67,103.286,145.956,0,B2027,parking_charging,Position,Pickup
50,44,Pickup,9,9,9,9,648,651,16:28,16:31,3,0,0.0,2,8.534,145.956,154.49,1,B2027,pickup_service,Pickup,Pickup
50,45,Pickup,9,9,9,9,651,654,16:31,16:34,3,0,0.0,2,5.51,154.49,160.0,2,B2028,pickup_service,Pickup,Pickup
50,46,Movement,9,7,9,7,654,666,16:34,16:46,12,12,40.12,0,0.0,160.0,119.88,2,B2028,passenger_flight,Position,Delivery
50,47,Delivery,7,7,7,7,666,669,16:46,16:49,3,0,0.0,2,8.534,119.88,128.414,1,B2028,delivery_service,Delivery,Delivery
50,48,Movement,7,4,7,4,669,676,16:49,16:56,7,7,21.43,0,0.0,128.414,106.984,1,B2027,passenger_flight,Position,Delivery
50,49,Delivery,4,4,4,4,676,679,16:56,16:59,3,0,0.0,2,8.534,106.984,115.518,0,B2027,delivery_service,Delivery,Delivery
50,50,Stay,4,4,4,4,679,680,16:59,17:00,1,0,0.0,1,4.267,115.518,119.785,0,B2253,parking_charging,Position,Movement
50,51,Movement,4,2,4,2,680,686,17:00,17:06,6,6,16.13,0,0.0,119.785,103.655,0,B2253,empty_repositioning,Position,Pickup
50,52,Pickup,2,2,2,2,686,689,17:06,17:09,3,0,0.0,2,8.534,103.655,112.189,1,B2253,pickup_service,Pickup,Pickup
50,53,Movement,2,4,2,4,689,695,17:09,17:15,6,6,16.13,0,0.0,112.189,96.059,1,B2253,passenger_flight,Position,Delivery
50,54,Delivery,4,4,4,4,695,698,17:15,17:18,3,0,0.0,2,8.534,96.059,104.593,0,B2253,delivery_service,Delivery,Delivery
50,55,Stay,4,4,4,4,698,716,17:18,17:36,18,0,0.0,18,55.407,104.593,160.0,0,B2660,parking_charging,Position,Pickup
50,56,Pickup,4,4,4,4,716,719,17:36,17:39,3,0,0.0,2,0.0,160.0,160.0,1,B2660,pickup_service,Pickup,Pickup
50,57,Stay,4,4,4,4,719,724,17:39,17:44,5,0,0.0,5,0.0,160.0,160.0,1,B2660,parking_charging,Position,Movement
50,58,Movement,4,3,4,3,724,731,17:44,17:51,7,7,12.6,0,0.0,160.0,147.4,1,B2660,passenger_flight,Position,Delivery
50,59,Delivery,3,3,3,3,731,734,17:51,17:54,3,0,0.0,2,8.534,147.4,155.934,0,B2660,delivery_service,Delivery,Delivery
50,60,Pickup,3,3,3,3,734,737,17:54,17:57,3,0,0.0,2,4.066,155.934,160.0,2,B2769,pickup_service,Pickup,Pickup
50,61,Movement,3,5,3,5,737,745,17:57,18:05,8,8,23.93,0,0.0,160.0,136.07,2,B2769,passenger_flight,Position,Delivery
50,62,Delivery,5,5,5,5,745,748,18:05,18:08,3,0,0.0,2,8.534,136.07,144.604,0,B2769,delivery_service,Delivery,Delivery
50,63,Movement,5,4,5,4,748,754,18:08,18:14,6,6,11.45,0,0.0,144.604,133.154,0,B2996,empty_repositioning,Position,Pickup
50,64,Pickup,4,4,4,4,754,757,18:14,18:17,3,0,0.0,2,8.534,133.154,141.688,1,B2996,pickup_service,Pickup,Pickup
50,65,Movement,4,8,4,8,757,768,18:17,18:28,11,11,39.54,0,0.0,141.688,102.148,1,B2996,passenger_flight,Position,Delivery
50,66,Delivery,8,8,8,8,768,771,18:28,18:31,3,0,0.0,2,8.534,102.148,110.682,0,B2996,delivery_service,Delivery,Delivery
50,67,Stay,8,8,8,8,771,783,18:31,18:43,12,0,0.0,12,49.318,110.682,160.0,0,B3192,parking_charging,Position,Pickup
50,68,Pickup,8,8,8,8,783,786,18:43,18:46,3,0,0.0,2,0.0,160.0,160.0,1,B3192,pickup_service,Pickup,Pickup
50,69,Movement,8,3,8,3,786,796,18:46,18:56,10,10,35.17,0,0.0,160.0,124.83,1,B3192,passenger_flight,Position,Delivery
50,70,Delivery,3,3,3,3,796,799,18:56,18:59,3,0,0.0,2,8.534,124.83,133.364,0,B3192,delivery_service,Delivery,Delivery
50,71,Stay,3,3,3,3,799,800,18:59,19:00,1,0,0.0,1,4.267,133.364,137.631,0,B3277,parking_charging,Position,Movement
50,72,Movement,3,1,3,1,800,806,19:00,19:06,6,6,9.61,0,0.0,137.631,128.021,0,B3277,empty_repositioning,Position,Pickup
50,73,Pickup,1,1,1,1,806,809,19:06,19:09,3,0,0.0,2,8.534,128.021,136.555,1,B3277,pickup_service,Pickup,Pickup
50,74,Movement,1,3,1,3,809,815,19:09,19:15,6,6,9.61,0,0.0,136.555,126.945,1,B3277,passenger_flight,Position,Delivery
50,75,Delivery,3,3,3,3,815,818,19:15,19:18,3,0,0.0,2,8.534,126.945,135.479,0,B3277,delivery_service,Delivery,Delivery
50,76,Movement,3,1,3,1,818,824,19:18,19:24,6,6,9.61,0,0.0,135.479,125.869,0,,return_to_depot,Position,Depot
51,0,Stay,2,2,2,2,0,154,05:40,08:14,154,0,0.0,154,0.0,160.0,160.0,0,B181,parking_charging,Position,Pickup
51,1,Pickup,2,2,2,2,154,157,08:14,08:17,3,0,0.0,2,0.0,160.0,160.0,1,B181,pickup_service,Pickup,Pickup
51,2,Pickup,2,2,2,2,157,160,08:17,08:20,3,0,0.0,2,0.0,160.0,160.0,2,B164,pickup_service,Pickup,Pickup
51,3,Movement,2,1,2,1,160,167,08:20,08:27,7,7,13.61,0,0.0,160.0,146.39,2,B164,passenger_flight,Position,Delivery
51,4,Delivery,1,1,1,1,167,170,08:27,08:30,3,0,0.0,2,8.534,146.39,154.924,1,B164,delivery_service,Delivery,Delivery
51,5,Delivery,1,1,1,1,170,173,08:30,08:33,3,0,0.0,2,5.076,154.924,160.0,0,B181,delivery_service,Delivery,Delivery
51,6,Stay,1,1,1,1,173,242,08:33,09:42,69,0,0.0,69,0.0,160.0,160.0,0,B470,parking_charging,Position,Movement
51,7,Movement,1,6,1,6,242,249,09:42,09:49,7,7,23.39,0,0.0,160.0,136.61,0,B470,empty_repositioning,Position,Pickup
51,8,Pickup,6,6,6,6,249,252,09:49,09:52,3,0,0.0,2,8.534,136.61,145.144,1,B470,pickup_service,Pickup,Pickup
51,9,Movement,6,9,6,9,252,272,09:52,10:12,20,20,74.79,0,0.0,145.144,70.354,1,B470,passenger_flight,Position,Delivery
51,10,Delivery,9,9,9,9,272,275,10:12,10:15,3,0,0.0,2,8.534,70.354,78.888,0,B470,delivery_service,Delivery,Delivery
51,11,Stay,9,9,9,9,275,279,10:15,10:19,4,0,0.0,4,17.068,78.888,95.956,0,B611,parking_charging,Position,Pickup
51,12,Pickup,9,9,9,9,279,282,10:19,10:22,3,0,0.0,2,8.534,95.956,104.49,1,B611,pickup_service,Pickup,Pickup
51,13,Stay,9,9,9,9,282,286,10:22,10:26,4,0,0.0,4,17.068,104.49,121.558,1,B611,parking_charging,Position,Movement
51,14,Movement,9,3,9,3,286,301,10:26,10:41,15,15,52.78,0,0.0,121.558,68.778,1,B611,passenger_flight,Position,Delivery
51,15,Delivery,3,3,3,3,301,304,10:41,10:44,3,0,0.0,2,8.534,68.778,77.312,0,B611,delivery_service,Delivery,Delivery
51,16,Stay,3,3,3,3,304,311,10:44,10:51,7,0,0.0,7,29.869,77.312,107.181,0,B786,parking_charging,Position,Pickup
51,17,Pickup,3,3,3,3,311,314,10:51,10:54,3,0,0.0,2,8.534,107.181,115.715,1,B786,pickup_service,Pickup,Pickup
51,18,Pickup,3,3,3,3,314,317,10:54,10:57,3,0,0.0,2,8.534,115.715,124.249,2,B792,pickup_service,Pickup,Pickup
51,19,Movement,3,5,3,5,317,325,10:57,11:05,8,8,23.93,0,0.0,124.249,100.319,2,B792,passenger_flight,Position,Delivery
51,20,Delivery,5,5,5,5,325,328,11:05,11:08,3,0,0.0,2,8.534,100.319,108.853,1,B792,delivery_service,Delivery,Delivery
51,21,Delivery,5,5,5,5,328,331,11:08,11:11,3,0,0.0,2,8.534,108.853,117.387,0,B786,delivery_service,Delivery,Delivery
51,22,Stay,5,5,5,5,331,347,11:11,11:27,16,0,0.0,16,42.613,117.387,160.0,0,B957,parking_charging,Position,Pickup
51,23,Pickup,5,5,5,5,347,350,11:27,11:30,3,0,0.0,2,0.0,160.0,160.0,1,B957,pickup_service,Pickup,Pickup
51,24,Movement,5,4,5,4,350,356,11:30,11:36,6,6,11.45,0,0.0,160.0,148.55,1,B984,passenger_flight,Position,Pickup
51,25,Pickup,4,4,4,4,356,359,11:36,11:39,3,0,0.0,2,8.534,148.55,157.084,2,B984,pickup_service,Pickup,Pickup
51,26,Movement,4,3,4,3,359,366,11:39,11:46,7,7,12.6,0,0.0,157.084,144.484,2,B957,passenger_flight,Position,Delivery
51,27,Delivery,3,3,3,3,366,369,11:46,11:49,3,0,0.0,2,8.534,144.484,153.018,1,B957,delivery_service,Delivery,Delivery
51,28,Delivery,3,3,3,3,369,372,11:49,11:52,3,0,0.0,2,6.982,153.018,160.0,0,B984,delivery_service,Delivery,Delivery
51,29,Movement,3,1,3,1,372,378,11:52,11:58,6,6,9.61,0,0.0,160.0,150.39,0,B1048,empty_repositioning,Position,Pickup
51,30,Pickup,1,1,1,1,378,381,11:58,12:01,3,0,0.0,2,8.534,150.39,158.924,1,B1048,pickup_service,Pickup,Pickup
51,31,Movement,1,3,1,3,381,387,12:01,12:07,6,6,9.61,0,0.0,158.924,149.314,1,B1048,passenger_flight,Position,Delivery
51,32,Delivery,3,3,3,3,387,390,12:07,12:10,3,0,0.0,2,8.534,149.314,157.848,0,B1048,delivery_service,Delivery,Delivery
51,33,Stay,3,3,3,3,390,540,12:10,14:40,150,0,0.0,150,2.152,157.848,160.0,0,B1503,parking_charging,Position,Pickup
51,34,Pickup,3,3,3,3,540,543,14:40,14:43,3,0,0.0,2,0.0,160.0,160.0,1,B1503,pickup_service,Pickup,Pickup
51,35,Movement,3,5,3,5,543,551,14:43,14:51,8,8,23.93,0,0.0,160.0,136.07,1,B1503,passenger_flight,Position,Delivery
51,36,Delivery,5,5,5,5,551,554,14:51,14:54,3,0,0.0,2,8.534,136.07,144.604,0,B1503,delivery_service,Delivery,Delivery
51,37,Stay,5,5,5,5,554,563,14:54,15:03,9,0,0.0,9,15.396,144.604,160.0,0,B1632,parking_charging,Position,Movement
51,38,Movement,5,6,5,6,563,570,15:03,15:10,7,7,12.76,0,0.0,160.0,147.24,0,B1632,empty_repositioning,Position,Pickup
51,39,Pickup,6,6,6,6,570,573,15:10,15:13,3,0,0.0,2,8.534,147.24,155.774,1,B1632,pickup_service,Pickup,Pickup
51,40,Movement,6,9,6,9,573,593,15:13,15:33,20,20,74.79,0,0.0,155.774,80.984,1,B1632,passenger_flight,Position,Delivery
51,41,Delivery,9,9,9,9,593,596,15:33,15:36,3,0,0.0,2,8.534,80.984,89.518,0,B1632,delivery_service,Delivery,Delivery
51,42,Stay,9,9,9,9,596,602,15:36,15:42,6,0,0.0,6,25.602,89.518,115.12,0,B1766,parking_charging,Position,Pickup
51,43,Pickup,9,9,9,9,602,605,15:42,15:45,3,0,0.0,2,8.534,115.12,123.654,1,B1766,pickup_service,Pickup,Pickup
51,44,Pickup,9,9,9,9,605,608,15:45,15:48,3,0,0.0,2,8.534,123.654,132.188,2,B1760,pickup_service,Pickup,Pickup
51,45,Movement,9,2,9,2,608,622,15:48,16:02,14,14,50.24,0,0.0,132.188,81.948,2,B1766,passenger_flight,Position,Delivery
51,46,Delivery,2,2,2,2,622,625,16:02,16:05,3,0,0.0,2,8.534,81.948,90.482,1,B1766,delivery_service,Delivery,Delivery
51,47,Delivery,2,2,2,2,625,628,16:05,16:08,3,0,0.0,2,8.534,90.482,99.016,0,B1760,delivery_service,Delivery,Delivery
51,48,Pickup,2,2,2,2,628,631,16:08,16:11,3,0,0.0,2,8.534,99.016,107.55,1,B1885,pickup_service,Pickup,Pickup
51,49,Pickup,2,2,2,2,631,634,16:11,16:14,3,0,0.0,2,8.534,107.55,116.084,2,B1909,pickup_service,Pickup,Pickup
51,50,Movement,2,5,2,5,634,642,16:14,16:22,8,8,27.57,0,0.0,116.084,88.514,2,B1885,passenger_flight,Position,Delivery
51,51,Delivery,5,5,5,5,642,645,16:22,16:25,3,0,0.0,2,8.534,88.514,97.048,1,B1885,delivery_service,Delivery,Delivery
51,52,Delivery,5,5,5,5,645,648,16:25,16:28,3,0,0.0,2,8.534,97.048,105.582,0,B1909,delivery_service,Delivery,Delivery
51,53,Movement,5,4,5,4,648,654,16:28,16:34,6,6,11.45,0,0.0,105.582,94.132,0,B2031,empty_repositioning,Position,Pickup
51,54,Pickup,4,4,4,4,654,657,16:34,16:37,3,0,0.0,2,8.534,94.132,102.666,1,B2031,pickup_service,Pickup,Pickup
51,55,Movement,4,8,4,8,657,668,16:37,16:48,11,11,39.54,0,0.0,102.666,63.126,1,B2031,passenger_flight,Position,Delivery
51,56,Delivery,8,8,8,8,668,671,16:48,16:51,3,0,0.0,2,8.534,63.126,71.66,0,B2031,delivery_service,Delivery,Delivery
51,57,Stay,8,8,8,8,671,675,16:51,16:55,4,0,0.0,4,17.068,71.66,88.728,0,B2230,parking_charging,Position,Pickup
51,58,Pickup,8,8,8,8,675,678,16:55,16:58,3,0,0.0,2,8.534,88.728,97.262,1,B2230,pickup_service,Pickup,Pickup
51,59,Stay,8,8,8,8,678,684,16:58,17:04,6,0,0.0,6,25.602,97.262,122.864,1,B2230,parking_charging,Position,Movement
51,60,Movement,8,3,8,3,684,694,17:04,17:14,10,10,35.17,0,0.0,122.864,87.694,1,B2230,passenger_flight,Position,Delivery
51,61,Delivery,3,3,3,3,694,697,17:14,17:17,3,0,0.0,2,8.534,87.694,96.228,0,B2230,delivery_service,Delivery,Delivery
51,62,Pickup,3,3,3,3,697,700,17:17,17:20,3,0,0.0,2,8.534,96.228,104.762,2,B2357,pickup_service,Pickup,Pickup
51,63,Movement,3,5,3,5,700,708,17:20,17:28,8,8,23.93,0,0.0,104.762,80.832,2,B2357,passenger_flight,Position,Delivery
51,64,Delivery,5,5,5,5,708,711,17:28,17:31,3,0,0.0,2,8.534,80.832,89.366,0,B2357,delivery_service,Delivery,Delivery
51,65,Stay,5,5,5,5,711,720,17:31,17:40,9,0,0.0,9,38.403,89.366,127.769,0,B2710,parking_charging,Position,Movement
51,66,Movement,5,1,5,1,720,728,17:40,17:48,8,8,14.88,0,0.0,127.769,112.889,0,B2710,empty_repositioning,Position,Pickup
51,67,Pickup,1,1,1,1,728,731,17:48,17:51,3,0,0.0,2,8.534,112.889,121.423,1,B2710,pickup_service,Pickup,Pickup
51,68,Movement,1,5,1,5,731,739,17:51,17:59,8,8,14.88,0,0.0,121.423,106.543,1,B2710,passenger_flight,Position,Delivery
51,69,Delivery,5,5,5,5,739,742,17:59,18:02,3,0,0.0,2,8.534,106.543,115.077,0,B2710,delivery_service,Delivery,Delivery
51,70,Movement,5,2,5,2,742,750,18:02,18:10,8,8,27.57,0,0.0,115.077,87.507,0,B2936,empty_repositioning,Position,Pickup
51,71,Pickup,2,2,2,2,750,753,18:10,18:13,3,0,0.0,2,8.534,87.507,96.041,1,B2936,pickup_service,Pickup,Pickup
51,72,Movement,2,5,2,5,753,761,18:13,18:21,8,8,27.57,0,0.0,96.041,68.471,1,B2936,passenger_flight,Position,Delivery
51,73,Delivery,5,5,5,5,761,764,18:21,18:24,3,0,0.0,2,8.534,68.471,77.005,0,B2936,delivery_service,Delivery,Delivery
51,74,Movement,5,4,5,4,764,770,18:24,18:30,6,6,11.45,0,0.0,77.005,65.555,0,B3082,empty_repositioning,Position,Pickup
51,75,Pickup,4,4,4,4,770,773,18:30,18:33,3,0,0.0,2,8.534,65.555,74.089,1,B3082,pickup_service,Pickup,Pickup
51,76,Movement,4,8,4,8,773,784,18:33,18:44,11,11,39.54,0,0.0,74.089,34.549,1,B3082,passenger_flight,Position,Delivery
51,77,Delivery,8,8,8,8,784,787,18:44,18:47,3,0,0.0,2,8.534,34.549,43.083,0,B3082,delivery_service,Delivery,Delivery
51,78,Stay,8,8,8,8,787,798,18:47,18:58,11,0,0.0,11,46.937,43.083,90.02,0,B3280,parking_charging,Position,Pickup
51,79,Pickup,8,8,8,8,798,801,18:58,19:01,3,0,0.0,2,8.534,90.02,98.554,1,B3280,pickup_service,Pickup,Pickup
51,80,Movement,8,1,8,1,801,813,19:01,19:13,12,12,41.05,0,0.0,98.554,57.504,1,B3280,passenger_flight,Position,Delivery
51,81,Delivery,1,1,1,1,813,816,19:13,19:16,3,0,0.0,2,8.534,57.504,66.038,0,B3280,delivery_service,Delivery,Delivery
51,82,Movement,1,2,1,2,816,823,19:16,19:23,7,7,13.61,0,0.0,66.038,52.428,0,,return_to_depot,Position,Depot
52,0,Stay,3,3,3,3,0,160,05:40,08:20,160,0,0.0,160,0.0,160.0,160.0,0,B208,parking_charging,Position,Pickup
52,1,Pickup,3,3,3,3,160,163,08:20,08:23,3,0,0.0,2,0.0,160.0,160.0,1,B208,pickup_service,Pickup,Pickup
52,2,Pickup,3,3,3,3,163,166,08:23,08:26,3,0,0.0,2,0.0,160.0,160.0,2,B206,pickup_service,Pickup,Pickup
52,3,Movement,3,4,3,4,166,173,08:26,08:33,7,7,12.6,0,0.0,160.0,147.4,2,B208,passenger_flight,Position,Delivery
52,4,Delivery,4,4,4,4,173,176,08:33,08:36,3,0,0.0,2,8.534,147.4,155.934,1,B208,delivery_service,Delivery,Delivery
52,5,Delivery,4,4,4,4,176,179,08:36,08:39,3,0,0.0,2,4.066,155.934,160.0,0,B206,delivery_service,Delivery,Delivery
52,6,Stay,4,4,4,4,179,265,08:39,10:05,86,0,0.0,86,0.0,160.0,160.0,0,B560,parking_charging,Position,Movement
52,7,Movement,4,2,4,2,265,271,10:05,10:11,6,6,16.13,0,0.0,160.0,143.87,0,B560,empty_repositioning,Position,Pickup
52,8,Pickup,2,2,2,2,271,274,10:11,10:14,3,0,0.0,2,8.534,143.87,152.404,1,B560,pickup_service,Pickup,Pickup
52,9,Pickup,2,2,2,2,274,277,10:14,10:17,3,0,0.0,2,7.596,152.404,160.0,2,B576,pickup_service,Pickup,Pickup
52,10,Movement,2,1,2,1,277,284,10:17,10:24,7,7,13.61,0,0.0,160.0,146.39,2,B560,passenger_flight,Position,Delivery
52,11,Delivery,1,1,1,1,284,287,10:24,10:27,3,0,0.0,2,8.534,146.39,154.924,1,B560,delivery_service,Delivery,Delivery
52,12,Movement,1,6,1,6,287,294,10:27,10:34,7,7,23.39,0,0.0,154.924,131.534,1,B576,passenger_flight,Position,Delivery
52,13,Delivery,6,6,6,6,294,297,10:34,10:37,3,0,0.0,2,8.534,131.534,140.068,0,B576,delivery_service,Delivery,Delivery
52,14,Pickup,6,6,6,6,297,300,10:37,10:40,3,0,0.0,2,8.534,140.068,148.602,1,B669,pickup_service,Pickup,Pickup
52,15,Movement,6,3,6,3,300,310,10:40,10:50,10,10,32.98,0,0.0,148.602,115.622,1,B669,passenger_flight,Position,Delivery
52,16,Delivery,3,3,3,3,310,313,10:50,10:53,3,0,0.0,2,8.534,115.622,124.156,0,B669,delivery_service,Delivery,Delivery
52,17,Stay,3,3,3,3,313,319,10:53,10:59,6,0,0.0,6,25.602,124.156,149.758,0,B826,parking_charging,Position,Pickup
52,18,Pickup,3,3,3,3,319,322,10:59,11:02,3,0,0.0,2,8.534,149.758,158.292,1,B826,pickup_service,Pickup,Pickup
52,19,Stay,3,3,3,3,322,328,11:02,11:08,6,0,0.0,6,1.708,158.292,160.0,1,B826,parking_charging,Position,Movement
52,20,Movement,3,5,3,5,328,336,11:08,11:16,8,8,23.93,0,0.0,160.0,136.07,1,B826,passenger_flight,Position,Delivery
52,21,Delivery,5,5,5,5,336,339,11:16,11:19,3,0,0.0,2,8.534,136.07,144.604,0,B826,delivery_service,Delivery,Delivery
52,22,Stay,5,5,5,5,339,344,11:19,11:24,5,0,0.0,5,15.396,144.604,160.0,0,B971,parking_charging,Position,Movement
52,23,Movement,5,2,5,2,344,352,11:24,11:32,8,8,27.57,0,0.0,160.0,132.43,0,B971,empty_repositioning,Position,Pickup
52,24,Pickup,2,2,2,2,352,355,11:32,11:35,3,0,0.0,2,8.534,132.43,140.964,1,B971,pickup_service,Pickup,Pickup
52,25,Movement,2,5,2,5,355,363,11:35,11:43,8,8,27.57,0,0.0,140.964,113.394,1,B971,passenger_flight,Position,Delivery
52,26,Delivery,5,5,5,5,363,366,11:43,11:46,3,0,0.0,2,8.534,113.394,121.928,0,B971,delivery_service,Delivery,Delivery
52,27,Pickup,5,5,5,5,366,369,11:46,11:49,3,0,0.0,2,8.534,121.928,130.462,1,B1010,pickup_service,Pickup,Pickup
52,28,Pickup,5,5,5,5,369,372,11:49,11:52,3,0,0.0,2,8.534,130.462,138.996,2,B1029,pickup_service,Pickup,Pickup
52,29,Movement,5,9,5,9,372,389,11:52,12:09,17,17,62.04,0,0.0,138.996,76.956,2,B1010,passenger_flight,Position,Delivery
52,30,Delivery,9,9,9,9,389,392,12:09,12:12,3,0,0.0,2,8.534,76.956,85.49,1,B1010,delivery_service,Delivery,Delivery
52,31,Delivery,9,9,9,9,392,395,12:12,12:15,3,0,0.0,2,8.534,85.49,94.024,0,B1029,delivery_service,Delivery,Delivery
52,32,Stay,9,9,9,9,395,509,12:15,14:09,114,0,0.0,114,65.976,94.024,160.0,0,B1371,parking_charging,Position,Pickup
52,33,Pickup,9,9,9,9,509,512,14:09,14:12,3,0,0.0,2,0.0,160.0,160.0,1,B1371,pickup_service,Pickup,Pickup
52,34,Stay,9,9,9,9,512,514,14:12,14:14,2,0,0.0,2,0.0,160.0,160.0,1,B1395,parking_charging,Position,Pickup
52,35,Pickup,9,9,9,9,514,517,14:14,14:17,3,0,0.0,2,0.0,160.0,160.0,2,B1395,pickup_service,Pickup,Pickup
52,36,Movement,9,1,9,1,517,533,14:17,14:33,16,16,57.72,0,0.0,160.0,102.28,2,B1371,passenger_flight,Position,Delivery
52,37,Delivery,1,1,1,1,533,536,14:33,14:36,3,0,0.0,2,8.534,102.28,110.814,1,B1371,delivery_service,Delivery,Delivery
52,38,Delivery,1,1,1,1,536,539,14:36,14:39,3,0,0.0,2,8.534,110.814,119.348,0,B1395,delivery_service,Delivery,Delivery
52,39,Stay,1,1,1,1,539,542,14:39,14:42,3,0,0.0,3,12.801,119.348,132.149,0,B1518,parking_charging,Position,Pickup
52,40,Pickup,1,1,1,1,542,545,14:42,14:45,3,0,0.0,2,8.534,132.149,140.683,1,B1518,pickup_service,Pickup,Pickup
52,41,Stay,1,1,1,1,545,546,14:45,14:46,1,0,0.0,1,4.267,140.683,144.95,1,B1531,parking_charging,Position,Pickup
52,42,Pickup,1,1,1,1,546,549,14:46,14:49,3,0,0.0,2,8.534,144.95,153.484,2,B1531,pickup_service,Pickup,Pickup
52,43,Movement,1,7,1,7,549,556,14:49,14:56,7,7,21.03,0,0.0,153.484,132.454,2,B1531,passenger_flight,Position,Delivery
52,44,Delivery,7,7,7,7,556,559,14:56,14:59,3,0,0.0,2,8.534,132.454,140.988,1,B1531,delivery_service,Delivery,Delivery
52,45,Delivery,7,7,7,7,559,562,14:59,15:02,3,0,0.0,2,8.534,140.988,149.522,0,B1518,delivery_service,Delivery,Delivery
52,46,Stay,7,7,7,7,562,591,15:02,15:31,29,0,0.0,29,10.478,149.522,160.0,0,B1747,parking_charging,Position,Movement
52,47,Movement,7,4,7,4,591,598,15:31,15:38,7,7,21.43,0,0.0,160.0,138.57,0,B1747,empty_repositioning,Position,Pickup
52,48,Pickup,4,4,4,4,598,601,15:38,15:41,3,0,0.0,2,8.534,138.57,147.104,1,B1747,pickup_service,Pickup,Pickup
52,49,Stay,4,4,4,4,601,604,15:41,15:44,3,0,0.0,3,12.801,147.104,159.905,1,B1747,parking_charging,Position,Movement
52,50,Movement,4,7,4,7,604,611,15:44,15:51,7,7,21.43,0,0.0,159.905,138.475,1,B1747,passenger_flight,Position,Delivery
52,51,Delivery,7,7,7,7,611,614,15:51,15:54,3,0,0.0,2,8.534,138.475,147.009,0,B1747,delivery_service,Delivery,Delivery
52,52,Stay,7,7,7,7,614,634,15:54,16:14,20,0,0.0,20,12.991,147.009,160.0,0,B1941,parking_charging,Position,Pickup
52,53,Pickup,7,7,7,7,634,637,16:14,16:17,3,0,0.0,2,0.0,160.0,160.0,1,B1941,pickup_service,Pickup,Pickup
52,54,Movement,7,4,7,4,637,644,16:17,16:24,7,7,21.43,0,0.0,160.0,138.57,1,B1941,passenger_flight,Position,Delivery
52,55,Delivery,4,4,4,4,644,647,16:24,16:27,3,0,0.0,2,8.534,138.57,147.104,0,B1941,delivery_service,Delivery,Delivery
52,56,Stay,4,4,4,4,647,661,16:27,16:41,14,0,0.0,14,12.896,147.104,160.0,0,B2161,parking_charging,Position,Movement
52,57,Movement,4,2,4,2,661,667,16:41,16:47,6,6,16.13,0,0.0,160.0,143.87,0,B2161,empty_repositioning,Position,Pickup
52,58,Pickup,2,2,2,2,667,670,16:47,16:50,3,0,0.0,2,8.534,143.87,152.404,1,B2161,pickup_service,Pickup,Pickup
52,59,Pickup,2,2,2,2,670,673,16:50,16:53,3,0,0.0,2,7.596,152.404,160.0,2,B2151,pickup_service,Pickup,Pickup
52,60,Movement,2,1,2,1,673,680,16:53,17:00,7,7,13.61,0,0.0,160.0,146.39,2,B2161,passenger_flight,Position,Delivery
52,61,Delivery,1,1,1,1,680,683,17:00,17:03,3,0,0.0,2,8.534,146.39,154.924,1,B2161,delivery_service,Delivery,Delivery
52,62,Delivery,1,1,1,1,683,686,17:03,17:06,3,0,0.0,2,5.076,154.924,160.0,0,B2151,delivery_service,Delivery,Delivery
52,63,Movement,1,3,1,3,686,692,17:06,17:12,6,6,9.61,0,0.0,160.0,150.39,0,B2345,empty_repositioning,Position,Pickup
52,64,Pickup,3,3,3,3,692,695,17:12,17:15,3,0,0.0,2,8.534,150.39,158.924,1,B2345,pickup_service,Pickup,Pickup
52,65,Movement,3,1,3,1,695,701,17:15,17:21,6,6,9.61,0,0.0,158.924,149.314,1,B2345,passenger_flight,Position,Delivery
52,66,Delivery,1,1,1,1,701,704,17:21,17:24,3,0,0.0,2,8.534,149.314,157.848,0,B2345,delivery_service,Delivery,Delivery
52,67,Pickup,1,1,1,1,704,707,17:24,17:27,3,0,0.0,2,2.152,157.848,160.0,2,B2455,pickup_service,Pickup,Pickup
52,68,Movement,1,7,1,7,707,714,17:27,17:34,7,7,21.03,0,0.0,160.0,138.97,2,B2455,passenger_flight,Position,Delivery
52,69,Delivery,7,7,7,7,714,717,17:34,17:37,3,0,0.0,2,8.534,138.97,147.504,0,B2455,delivery_service,Delivery,Delivery
52,70,Stay,7,7,7,7,717,729,17:37,17:49,12,0,0.0,12,12.496,147.504,160.0,0,B2809,parking_charging,Position,Pickup
52,71,Pickup,7,7,7,7,729,732,17:49,17:52,3,0,0.0,2,0.0,160.0,160.0,1,B2809,pickup_service,Pickup,Pickup
52,72,Pickup,7,7,7,7,732,735,17:52,17:55,3,0,0.0,2,0.0,160.0,160.0,2,B2774,pickup_service,Pickup,Pickup
52,73,Movement,7,1,7,1,735,742,17:55,18:02,7,7,21.03,0,0.0,160.0,138.97,2,B2774,passenger_flight,Position,Delivery
52,74,Delivery,1,1,1,1,742,745,18:02,18:05,3,0,0.0,2,8.534,138.97,147.504,1,B2774,delivery_service,Delivery,Delivery
52,75,Delivery,1,1,1,1,745,748,18:05,18:08,3,0,0.0,2,8.534,147.504,156.038,0,B2809,delivery_service,Delivery,Delivery
52,76,Pickup,1,1,1,1,748,751,18:08,18:11,3,0,0.0,2,3.962,156.038,160.0,1,B2933,pickup_service,Pickup,Pickup
52,77,Movement,1,6,1,6,751,758,18:11,18:18,7,7,23.39,0,0.0,160.0,136.61,1,B2933,passenger_flight,Position,Delivery
52,78,Delivery,6,6,6,6,758,761,18:18,18:21,3,0,0.0,2,8.534,136.61,145.144,0,B2933,delivery_service,Delivery,Delivery
52,79,Movement,6,1,6,1,761,768,18:21,18:28,7,7,23.39,0,0.0,145.144,121.754,0,B3047,empty_repositioning,Position,Pickup
52,80,Pickup,1,1,1,1,768,771,18:28,18:31,3,0,0.0,2,8.534,121.754,130.288,1,B3047,pickup_service,Pickup,Pickup
52,81,Movement,1,7,1,7,771,778,18:31,18:38,7,7,21.03,0,0.0,130.288,109.258,1,B3047,passenger_flight,Position,Delivery
52,82,Delivery,7,7,7,7,778,781,18:38,18:41,3,0,0.0,2,8.534,109.258,117.792,0,B3047,delivery_service,Delivery,Delivery
52,83,Stay,7,7,7,7,781,786,18:41,18:46,5,0,0.0,5,21.335,117.792,139.127,0,B3218,parking_charging,Position,Pickup
52,84,Pickup,7,7,7,7,786,789,18:46,18:49,3,0,0.0,2,8.534,139.127,147.661,1,B3218,pickup_service,Pickup,Pickup
52,85,Pickup,7,7,7,7,789,792,18:49,18:52,3,0,0.0,2,8.534,147.661,156.195,2,B3224,pickup_service,Pickup,Pickup
52,86,Movement,7,6,7,6,792,804,18:52,19:04,12,12,43.48,0,0.0,156.195,112.715,2,B3218,passenger_flight,Position,Delivery
52,87,Delivery,6,6,6,6,804,807,19:04,19:07,3,0,0.0,2,8.534,112.715,121.249,1,B3218,delivery_service,Delivery,Delivery
52,88,Delivery,6,6,6,6,807,810,19:07,19:10,3,0,0.0,2,8.534,121.249,129.783,0,B3224,delivery_service,Delivery,Delivery
52,89,Movement,6,3,6,3,810,820,19:10,19:20,10,10,32.98,0,0.0,129.783,96.803,0,,return_to_depot,Position,Depot
53,0,Stay,4,4,4,4,0,260,05:40,10:00,260,0,0.0,260,0.0,160.0,160.0,0,B521,parking_charging,Position,Movement
53,1,Movement,4,6,4,6,260,267,10:00,10:07,7,7,22.06,0,0.0,160.0,137.94,0,B521,empty_repositioning,Position,Pickup
53,2,Pickup,6,6,6,6,267,270,10:07,10:10,3,0,0.0,2,8.534,137.94,146.474,1,B521,pickup_service,Pickup,Pickup
53,3,Movement,6,2,6,2,270,281,10:10,10:21,11,11,37.0,0,0.0,146.474,109.474,1,B521,passenger_flight,Position,Delivery
53,4,Delivery,2,2,2,2,281,284,10:21,10:24,3,0,0.0,2,8.534,109.474,118.008,0,B521,delivery_service,Delivery,Delivery
53,5,Pickup,2,2,2,2,284,287,10:24,10:27,3,0,0.0,2,8.534,118.008,126.542,1,B631,pickup_service,Pickup,Pickup
53,6,Pickup,2,2,2,2,287,290,10:27,10:30,3,0,0.0,2,8.534,126.542,135.076,2,B618,pickup_service,Pickup,Pickup
53,7,Movement,2,5,2,5,290,298,10:30,10:38,8,8,27.57,0,0.0,135.076,107.506,2,B631,passenger_flight,Position,Delivery
53,8,Delivery,5,5,5,5,298,301,10:38,10:41,3,0,0.0,2,8.534,107.506,116.04,1,B631,delivery_service,Delivery,Delivery
53,9,Delivery,5,5,5,5,301,304,10:41,10:44,3,0,0.0,2,8.534,116.04,124.574,0,B618,delivery_service,Delivery,Delivery
53,10,Stay,5,5,5,5,304,306,10:44,10:46,2,0,0.0,2,8.534,124.574,133.108,0,B759,parking_charging,Position,Pickup
53,11,Pickup,5,5,5,5,306,309,10:46,10:49,3,0,0.0,2,8.534,133.108,141.642,1,B759,pickup_service,Pickup,Pickup
53,12,Movement,5,3,5,3,309,317,10:49,10:57,8,8,23.93,0,0.0,141.642,117.712,1,B759,passenger_flight,Position,Delivery
53,13,Delivery,3,3,3,3,317,320,10:57,11:00,3,0,0.0,2,8.534,117.712,126.246,0,B759,delivery_service,Delivery,Delivery
53,14,Stay,3,3,3,3,320,352,11:00,11:32,32,0,0.0,32,33.754,126.246,160.0,0,B989,parking_charging,Position,Movement
53,15,Movement,3,2,3,2,352,355,11:32,11:35,3,3,4.08,0,0.0,160.0,155.92,0,B989,empty_repositioning,Position,Pickup
53,16,Pickup,2,2,2,2,355,358,11:35,11:38,3,0,0.0,2,4.08,155.92,160.0,1,B989,pickup_service,Pickup,Pickup
53,17,Stay,2,2,2,2,358,363,11:38,11:43,5,0,0.0,5,0.0,160.0,160.0,1,B989,parking_charging,Position,Movement
53,18,Movement,2,6,2,6,363,374,11:43,11:54,11,11,37.0,0,0.0,160.0,123.0,1,B989,passenger_flight,Position,Delivery
53,19,Delivery,6,6,6,6,374,377,11:54,11:57,3,0,0.0,2,8.534,123.0,131.534,0,B989,delivery_service,Delivery,Delivery
53,20,Stay,6,6,6,6,377,395,11:57,12:15,18,0,0.0,18,28.466,131.534,160.0,0,B1099,parking_charging,Position,Pickup
53,21,Pickup,6,6,6,6,395,398,12:15,12:18,3,0,0.0,2,0.0,160.0,160.0,1,B1099,pickup_service,Pickup,Pickup
53,22,Movement,6,10,6,10,398,409,12:18,12:29,11,11,35.74,0,0.0,160.0,124.26,1,B1099,passenger_flight,Position,Delivery
53,23,Delivery,10,10,10,10,409,412,12:29,12:32,3,0,0.0,2,8.534,124.26,132.794,0,B1099,delivery_service,Delivery,Delivery
53,24,Pickup,10,10,10,10,412,415,12:32,12:35,3,0,0.0,2,8.534,132.794,141.328,1,B1124,pickup_service,Pickup,Pickup
53,25,Movement,10,3,10,3,415,430,12:35,12:50,15,15,54.92,0,0.0,141.328,86.408,1,B1124,passenger_flight,Position,Delivery
53,26,Delivery,3,3,3,3,430,433,12:50,12:53,3,0,0.0,2,8.534,86.408,94.942,0,B1124,delivery_service,Delivery,Delivery
53,27,Stay,3,3,3,3,433,538,12:53,14:38,105,0,0.0,105,65.058,94.942,160.0,0,B1501,parking_charging,Position,Pickup
53,28,Pickup,3,3,3,3,538,541,14:38,14:41,3,0,0.0,2,0.0,160.0,160.0,1,B1501,pickup_service,Pickup,Pickup
53,29,Stay,3,3,3,3,541,548,14:41,14:48,7,0,0.0,7,0.0,160.0,160.0,1,B1501,parking_charging,Position,Movement
53,30,Movement,3,6,3,6,548,558,14:48,14:58,10,10,32.98,0,0.0,160.0,127.02,1,B1501,passenger_flight,Position,Delivery
53,31,Delivery,6,6,6,6,558,561,14:58,15:01,3,0,0.0,2,8.534,127.02,135.554,0,B1501,delivery_service,Delivery,Delivery
53,32,Pickup,6,6,6,6,561,564,15:01,15:04,3,0,0.0,2,8.534,135.554,144.088,1,B1586,pickup_service,Pickup,Pickup
53,33,Pickup,6,6,6,6,564,567,15:04,15:07,3,0,0.0,2,8.534,144.088,152.622,2,B1579,pickup_service,Pickup,Pickup
53,34,Movement,6,7,6,7,567,579,15:07,15:19,12,12,43.48,0,0.0,152.622,109.142,2,B1579,passenger_flight,Position,Delivery
53,35,Delivery,7,7,7,7,579,582,15:19,15:22,3,0,0.0,2,8.534,109.142,117.676,1,B1579,delivery_service,Delivery,Delivery
53,36,Delivery,7,7,7,7,582,585,15:22,15:25,3,0,0.0,2,8.534,117.676,126.21,0,B1586,delivery_service,Delivery,Delivery
53,37,Stay,7,7,7,7,585,600,15:25,15:40,15,0,0.0,15,33.79,126.21,160.0,0,B1781,parking_charging,Position,Movement
53,38,Movement,7,2,7,2,600,606,15:40,15:46,6,6,10.2,0,0.0,160.0,149.8,0,B1781,empty_repositioning,Position,Pickup
53,39,Pickup,2,2,2,2,606,609,15:46,15:49,3,0,0.0,2,8.534,149.8,158.334,2,B1781,pickup_service,Pickup,Pickup
53,40,Movement,2,5,2,5,609,617,15:49,15:57,8,8,27.57,0,0.0,158.334,130.764,2,B1781,passenger_flight,Position,Delivery
53,41,Delivery,5,5,5,5,617,620,15:57,16:00,3,0,0.0,2,8.534,130.764,139.298,0,B1781,delivery_service,Delivery,Delivery
53,42,Movement,5,6,5,6,620,627,16:00,16:07,7,7,12.76,0,0.0,139.298,126.538,0,B1869,empty_repositioning,Position,Pickup
53,43,Pickup,6,6,6,6,627,630,16:07,16:10,3,0,0.0,2,8.534,126.538,135.072,1,B1869,pickup_service,Pickup,Pickup
53,44,Movement,6,2,6,2,630,641,16:10,16:21,11,11,37.0,0,0.0,135.072,98.072,1,B1869,passenger_flight,Position,Delivery
53,45,Delivery,2,2,2,2,641,644,16:21,16:24,3,0,0.0,2,8.534,98.072,106.606,0,B1869,delivery_service,Delivery,Delivery
53,46,Pickup,2,2,2,2,644,647,16:24,16:27,3,0,0.0,2,8.534,106.606,115.14,3,B1994,pickup_service,Pickup,Pickup
53,47,Movement,2,5,2,5,647,655,16:27,16:35,8,8,27.57,0,0.0,115.14,87.57,3,B1994,passenger_flight,Position,Delivery
53,48,Delivery,5,5,5,5,655,658,16:35,16:38,3,0,0.0,2,8.534,87.57,96.104,0,B1994,delivery_service,Delivery,Delivery
53,49,Stay,5,5,5,5,658,661,16:38,16:41,3,0,0.0,3,12.801,96.104,108.905,0,B2178,parking_charging,Position,Movement
53,50,Movement,5,2,5,2,661,669,16:41,16:49,8,8,27.57,0,0.0,108.905,81.335,0,B2178,empty_repositioning,Position,Pickup
53,51,Pickup,2,2,2,2,669,672,16:49,16:52,3,0,0.0,2,8.534,81.335,89.869,1,B2178,pickup_service,Pickup,Pickup
53,52,Stay,2,2,2,2,672,677,16:52,16:57,5,0,0.0,5,21.335,89.869,111.204,1,B2178,parking_charging,Position,Movement
53,53,Movement,2,1,2,1,677,684,16:57,17:04,7,7,13.61,0,0.0,111.204,97.594,1,B2178,passenger_flight,Position,Delivery
53,54,Delivery,1,1,1,1,684,687,17:04,17:07,3,0,0.0,2,8.534,97.594,106.128,0,B2178,delivery_service,Delivery,Delivery
53,55,Stay,1,1,1,1,687,696,17:07,17:16,9,0,0.0,9,38.403,106.128,144.531,0,B2441,parking_charging,Position,Pickup
53,56,Pickup,1,1,1,1,696,699,17:16,17:19,3,0,0.0,2,8.534,144.531,153.065,1,B2441,pickup_service,Pickup,Pickup
53,57,Pickup,1,1,1,1,699,702,17:19,17:22,3,0,0.0,2,6.935,153.065,160.0,4,B2472,pickup_service,Pickup,Pickup
53,58,Movement,1,5,1,5,702,710,17:22,17:30,8,8,14.88,0,0.0,160.0,145.12,4,B2441,passenger_flight,Position,Delivery
53,59,Delivery,5,5,5,5,710,713,17:30,17:33,3,0,0.0,2,8.534,145.12,153.654,3,B2441,delivery_service,Delivery,Delivery
53,60,Delivery,5,5,5,5,713,716,17:33,17:36,3,0,0.0,2,6.346,153.654,160.0,0,B2472,delivery_service,Delivery,Delivery
53,61,Stay,5,5,5,5,716,720,17:36,17:40,4,0,0.0,4,0.0,160.0,160.0,0,B2732,parking_charging,Position,Movement
53,62,Movement,5,1,5,1,720,728,17:40,17:48,8,8,14.88,0,0.0,160.0,145.12,0,B2732,empty_repositioning,Position,Pickup
53,63,Pickup,1,1,1,1,728,731,17:48,17:51,3,0,0.0,2,8.534,145.12,153.654,1,B2732,pickup_service,Pickup,Pickup
53,64,Movement,1,5,1,5,731,739,17:51,17:59,8,8,14.88,0,0.0,153.654,138.774,1,B2732,passenger_flight,Position,Delivery
53,65,Delivery,5,5,5,5,739,742,17:59,18:02,3,0,0.0,2,8.534,138.774,147.308,0,B2732,delivery_service,Delivery,Delivery
53,66,Pickup,5,5,5,5,742,745,18:02,18:05,3,0,0.0,2,8.534,147.308,155.842,1,B2878,pickup_service,Pickup,Pickup
53,67,Movement,5,9,5,9,745,762,18:05,18:22,17,17,62.04,0,0.0,155.842,93.802,1,B2878,passenger_flight,Position,Delivery
53,68,Delivery,9,9,9,9,762,765,18:22,18:25,3,0,0.0,2,8.534,93.802,102.336,0,B2878,delivery_service,Delivery,Delivery
53,69,Pickup,9,9,9,9,765,768,18:25,18:28,3,0,0.0,2,8.534,102.336,110.87,3,B3054,pickup_service,Pickup,Pickup
53,70,Movement,9,8,9,8,768,774,18:28,18:34,6,6,18.04,0,0.0,110.87,92.83,3,B3125,passenger_flight,Position,Pickup
53,71,Pickup,8,8,8,8,774,777,18:34,18:37,3,0,0.0,2,8.534,92.83,101.364,4,B3125,pickup_service,Pickup,Pickup
53,72,Movement,8,4,8,4,777,788,18:37,18:48,11,11,39.54,0,0.0,101.364,61.824,4,B3054,passenger_flight,Position,Delivery
53,73,Delivery,4,4,4,4,788,791,18:48,18:51,3,0,0.0,2,8.534,61.824,70.358,1,B3054,delivery_service,Delivery,Delivery
53,74,Movement,4,1,4,1,791,795,18:51,18:55,4,4,4.98,0,0.0,70.358,65.378,1,B3125,passenger_flight,Position,Delivery
53,75,Delivery,1,1,1,1,795,798,18:55,18:58,3,0,0.0,2,8.534,65.378,73.912,0,B3125,delivery_service,Delivery,Delivery
53,76,Pickup,1,1,1,1,798,801,18:58,19:01,3,0,0.0,2,8.534,73.912,82.446,2,B3240,pickup_service,Pickup,Pickup
53,77,Movement,1,2,1,2,801,808,19:01,19:08,7,7,13.61,0,0.0,82.446,68.836,2,B3240,passenger_flight,Position,Delivery
53,78,Delivery,2,2,2,2,808,811,19:08,19:11,3,0,0.0,2,8.534,68.836,77.37,0,B3240,delivery_service,Delivery,Delivery
53,79,Movement,2,4,2,4,811,817,19:11,19:17,6,6,16.13,0,0.0,77.37,61.24,0,,return_to_depot,Position,Depot
54,0,Stay,5,5,5,5,0,160,05:40,08:20,160,0,0.0,160,0.0,160.0,160.0,0,B209,parking_charging,Position,Pickup
54,1,Pickup,5,5,5,5,160,163,08:20,08:23,3,0,0.0,2,0.0,160.0,160.0,1,B209,pickup_service,Pickup,Pickup
54,2,Pickup,5,5,5,5,163,166,08:23,08:26,3,0,0.0,2,0.0,160.0,160.0,2,B221,pickup_service,Pickup,Pickup
54,3,Pickup,5,5,5,5,166,169,08:26,08:29,3,0,0.0,2,0.0,160.0,160.0,4,B237,pickup_service,Pickup,Pickup
54,4,Movement,5,3,5,3,169,177,08:29,08:37,8,8,23.93,0,0.0,160.0,136.07,4,B209,passenger_flight,Position,Delivery
54,5,Delivery,3,3,3,3,177,180,08:37,08:40,3,0,0.0,2,8.534,136.07,144.604,3,B209,delivery_service,Delivery,Delivery
54,6,Delivery,3,3,3,3,180,183,08:40,08:43,3,0,0.0,2,8.534,144.604,153.138,2,B221,delivery_service,Delivery,Delivery
54,7,Delivery,3,3,3,3,183,186,08:43,08:46,3,0,0.0,2,6.862,153.138,160.0,0,B237,delivery_service,Delivery,Delivery
54,8,Pickup,3,3,3,3,186,189,08:46,08:49,3,0,0.0,2,0.0,160.0,160.0,1,B288,pickup_service,Pickup,Pickup
54,9,Movement,3,1,3,1,189,195,08:49,08:55,6,6,9.61,0,0.0,160.0,150.39,1,B288,passenger_flight,Position,Delivery
54,10,Delivery,1,1,1,1,195,198,08:55,08:58,3,0,0.0,2,8.534,150.39,158.924,0,B288,delivery_service,Delivery,Delivery
54,11,Stay,1,1,1,1,198,260,08:58,10:00,62,0,0.0,62,1.076,158.924,160.0,0,B504,parking_charging,Position,Movement
54,12,Movement,1,6,1,6,260,267,10:00,10:07,7,7,23.39,0,0.0,160.0,136.61,0,B504,empty_repositioning,Position,Pickup
54,13,Pickup,6,6,6,6,267,270,10:07,10:10,3,0,0.0,2,8.534,136.61,145.144,1,B504,pickup_service,Pickup,Pickup
54,14,Movement,6,3,6,3,270,280,10:10,10:20,10,10,32.98,0,0.0,145.144,112.164,1,B504,passenger_flight,Position,Delivery
54,15,Delivery,3,3,3,3,280,283,10:20,10:23,3,0,0.0,2,8.534,112.164,120.698,0,B504,delivery_service,Delivery,Delivery
54,16,Pickup,3,3,3,3,283,286,10:23,10:26,3,0,0.0,2,8.534,120.698,129.232,1,B615,pickup_service,Pickup,Pickup
54,17,Pickup,3,3,3,3,286,289,10:26,10:29,3,0,0.0,2,8.534,129.232,137.766,2,B645,pickup_service,Pickup,Pickup
54,18,Movement,3,1,3,1,289,295,10:29,10:35,6,6,9.61,0,0.0,137.766,128.156,2,B615,passenger_flight,Position,Delivery
54,19,Delivery,1,1,1,1,295,298,10:35,10:38,3,0,0.0,2,8.534,128.156,136.69,1,B615,delivery_service,Delivery,Delivery
54,20,Delivery,1,1,1,1,298,301,10:38,10:41,3,0,0.0,2,8.534,136.69,145.224,0,B645,delivery_service,Delivery,Delivery
54,21,Stay,1,1,1,1,301,420,10:41,12:40,119,0,0.0,119,14.776,145.224,160.0,0,B1162,parking_charging,Position,Pickup
54,22,Pickup,1,1,1,1,420,423,12:40,12:43,3,0,0.0,2,0.0,160.0,160.0,1,B1162,pickup_service,Pickup,Pickup
54,23,Movement,1,10,1,10,423,436,12:43,12:56,13,13,47.44,0,0.0,160.0,112.56,1,B1162,passenger_flight,Position,Delivery
54,24,Delivery,10,10,10,10,436,439,12:56,12:59,3,0,0.0,2,8.534,112.56,121.094,0,B1162,delivery_service,Delivery,Delivery
54,25,Stay,10,10,10,10,439,527,12:59,14:27,88,0,0.0,88,38.906,121.094,160.0,0,B1454,parking_charging,Position,Pickup
54,26,Pickup,10,10,10,10,527,530,14:27,14:30,3,0,0.0,2,0.0,160.0,160.0,1,B1454,pickup_service,Pickup,Pickup
54,27,Pickup,10,10,10,10,530,533,14:30,14:33,3,0,0.0,2,0.0,160.0,160.0,2,B1449,pickup_service,Pickup,Pickup
54,28,Movement,10,3,10,3,533,548,14:33,14:48,15,15,54.92,0,0.0,160.0,105.08,2,B1454,passenger_flight,Position,Delivery
54,29,Delivery,3,3,3,3,548,551,14:48,14:51,3,0,0.0,2,8.534,105.08,113.614,1,B1454,delivery_service,Delivery,Delivery
54,30,Delivery,3,3,3,3,551,554,14:51,14:54,3,0,0.0,2,8.534,113.614,122.148,0,B1449,delivery_service,Delivery,Delivery
54,31,Stay,3,3,3,3,554,560,14:54,15:00,6,0,0.0,6,25.602,122.148,147.75,0,B1589,parking_charging,Position,Pickup
54,32,Pickup,3,3,3,3,560,563,15:00,15:03,3,0,0.0,2,8.534,147.75,156.284,2,B1589,pickup_service,Pickup,Pickup
54,33,Movement,3,2,3,2,563,566,15:03,15:06,3,3,4.08,0,0.0,156.284,152.204,2,B1616,passenger_flight,Position,Pickup
54,34,Pickup,2,2,2,2,566,569,15:06,15:09,3,0,0.0,2,7.796,152.204,160.0,4,B1616,pickup_service,Pickup,Pickup
54,35,Movement,2,5,2,5,569,577,15:09,15:17,8,8,27.57,0,0.0,160.0,132.43,4,B1589,passenger_flight,Position,Delivery
54,36,Delivery,5,5,5,5,577,580,15:17,15:20,3,0,0.0,2,8.534,132.43,140.964,2,B1589,delivery_service,Delivery,Delivery
54,37,Delivery,5,5,5,5,580,583,15:20,15:23,3,0,0.0,2,8.534,140.964,149.498,0,B1616,delivery_service,Delivery,Delivery
54,38,Movement,5,6,5,6,583,590,15:23,15:30,7,7,12.76,0,0.0,149.498,136.738,0,B1687,empty_repositioning,Position,Pickup
54,39,Pickup,6,6,6,6,590,593,15:30,15:33,3,0,0.0,2,8.534,136.738,145.272,1,B1687,pickup_service,Pickup,Pickup
54,40,Pickup,6,6,6,6,593,596,15:33,15:36,3,0,0.0,2,8.534,145.272,153.806,2,B1713,pickup_service,Pickup,Pickup
54,41,Movement,6,7,6,7,596,608,15:36,15:48,12,12,43.48,0,0.0,153.806,110.326,2,B1687,passenger_flight,Position,Delivery
54,42,Delivery,7,7,7,7,608,611,15:48,15:51,3,0,0.0,2,8.534,110.326,118.86,1,B1687,delivery_service,Delivery,Delivery
54,43,Delivery,7,7,7,7,611,614,15:51,15:54,3,0,0.0,2,8.534,118.86,127.394,0,B1713,delivery_service,Delivery,Delivery
54,44,Stay,7,7,7,7,614,652,15:54,16:32,38,0,0.0,38,32.606,127.394,160.0,0,B2051,parking_charging,Position,Pickup
54,45,Pickup,7,7,7,7,652,655,16:32,16:35,3,0,0.0,2,0.0,160.0,160.0,1,B2051,pickup_service,Pickup,Pickup
54,46,Pickup,7,7,7,7,655,658,16:35,16:38,3,0,0.0,2,0.0,160.0,160.0,2,B2032,pickup_service,Pickup,Pickup
54,47,Movement,7,4,7,4,658,665,16:38,16:45,7,7,21.43,0,0.0,160.0,138.57,2,B2032,passenger_flight,Position,Delivery
54,48,Delivery,4,4,4,4,665,668,16:45,16:48,3,0,0.0,2,8.534,138.57,147.104,1,B2032,delivery_service,Delivery,Delivery
54,49,Delivery,4,4,4,4,668,671,16:48,16:51,3,0,0.0,2,8.534,147.104,155.638,0,B2051,delivery_service,Delivery,Delivery
54,50,Pickup,4,4,4,4,671,674,16:51,16:54,3,0,0.0,2,4.362,155.638,160.0,1,B2140,pickup_service,Pickup,Pickup
54,51,Movement,4,2,4,2,674,680,16:54,17:00,6,6,16.13,0,0.0,160.0,143.87,1,B2140,passenger_flight,Position,Delivery
54,52,Delivery,2,2,2,2,680,683,17:00,17:03,3,0,0.0,2,8.534,143.87,152.404,0,B2140,delivery_service,Delivery,Delivery
54,53,Stay,2,2,2,2,683,689,17:03,17:09,6,0,0.0,6,7.596,152.404,160.0,0,B2355,parking_charging,Position,Pickup
54,54,Pickup,2,2,2,2,689,692,17:09,17:12,3,0,0.0,2,0.0,160.0,160.0,2,B2355,pickup_service,Pickup,Pickup
54,55,Movement,2,3,2,3,692,695,17:12,17:15,3,3,4.08,0,0.0,160.0,155.92,2,B2434,passenger_flight,Position,Pickup
54,56,Pickup,3,3,3,3,695,698,17:15,17:18,3,0,0.0,2,4.08,155.92,160.0,4,B2434,pickup_service,Pickup,Pickup
54,57,Movement,3,1,3,1,698,704,17:18,17:24,6,6,9.61,0,0.0,160.0,150.39,4,B2355,passenger_flight,Position,Delivery
54,58,Delivery,1,1,1,1,704,707,17:24,17:27,3,0,0.0,2,8.534,150.39,158.924,2,B2355,delivery_service,Delivery,Delivery
54,59,Movement,1,4,1,4,707,711,17:27,17:31,4,4,4.98,0,0.0,158.924,153.944,2,B2434,passenger_flight,Position,Delivery
54,60,Delivery,4,4,4,4,711,714,17:31,17:34,3,0,0.0,2,6.056,153.944,160.0,0,B2434,delivery_service,Delivery,Delivery
54,61,Stay,4,4,4,4,714,724,17:34,17:44,10,0,0.0,10,0.0,160.0,160.0,0,B2745,parking_charging,Position,Pickup
54,62,Pickup,4,4,4,4,724,727,17:44,17:47,3,0,0.0,2,0.0,160.0,160.0,1,B2745,pickup_service,Pickup,Pickup
54,63,Pickup,4,4,4,4,727,730,17:47,17:50,3,0,0.0,2,0.0,160.0,160.0,2,B2738,pickup_service,Pickup,Pickup
54,64,Movement,4,3,4,3,730,737,17:50,17:57,7,7,12.6,0,0.0,160.0,147.4,2,B2745,passenger_flight,Position,Delivery
54,65,Delivery,3,3,3,3,737,740,17:57,18:00,3,0,0.0,2,8.534,147.4,155.934,1,B2745,delivery_service,Delivery,Delivery
54,66,Delivery,3,3,3,3,740,743,18:00,18:03,3,0,0.0,2,4.066,155.934,160.0,0,B2738,delivery_service,Delivery,Delivery
54,67,Pickup,3,3,3,3,743,746,18:03,18:06,3,0,0.0,2,0.0,160.0,160.0,1,B2875,pickup_service,Pickup,Pickup
54,68,Movement,3,4,3,4,746,753,18:06,18:13,7,7,12.6,0,0.0,160.0,147.4,1,B2875,passenger_flight,Position,Delivery
54,69,Delivery,4,4,4,4,753,756,18:13,18:16,3,0,0.0,2,8.534,147.4,155.934,0,B2875,delivery_service,Delivery,Delivery
54,70,Stay,4,4,4,4,756,770,18:16,18:30,14,0,0.0,14,4.066,155.934,160.0,0,B3115,parking_charging,Position,Pickup
54,71,Pickup,4,4,4,4,770,773,18:30,18:33,3,0,0.0,2,0.0,160.0,160.0,1,B3115,pickup_service,Pickup,Pickup
54,72,Stay,4,4,4,4,773,777,18:33,18:37,4,0,0.0,4,0.0,160.0,160.0,1,B3158,parking_charging,Position,Pickup
54,73,Pickup,4,4,4,4,777,780,18:37,18:40,3,0,0.0,2,0.0,160.0,160.0,2,B3158,pickup_service,Pickup,Pickup
54,74,Movement,4,2,4,2,780,786,18:40,18:46,6,6,16.13,0,0.0,160.0,143.87,2,B3115,passenger_flight,Position,Delivery
54,75,Delivery,2,2,2,2,786,789,18:46,18:49,3,0,0.0,2,8.534,143.87,152.404,1,B3115,delivery_service,Delivery,Delivery
54,76,Stay,2,2,2,2,789,792,18:49,18:52,3,0,0.0,3,7.596,152.404,160.0,1,B3158,parking_charging,Position,Delivery
54,77,Delivery,2,2,2,2,792,795,18:52,18:55,3,0,0.0,2,0.0,160.0,160.0,0,B3158,delivery_service,Delivery,Delivery
54,78,Pickup,2,2,2,2,795,798,18:55,18:58,3,0,0.0,2,0.0,160.0,160.0,1,B3263,pickup_service,Pickup,Pickup
54,79,Pickup,2,2,2,2,798,801,18:58,19:01,3,0,0.0,2,0.0,160.0,160.0,2,B3243,pickup_service,Pickup,Pickup
54,80,Movement,2,4,2,4,801,807,19:01,19:07,6,6,16.13,0,0.0,160.0,143.87,2,B3243,passenger_flight,Position,Delivery
54,81,Delivery,4,4,4,4,807,810,19:07,19:10,3,0,0.0,2,8.534,143.87,152.404,1,B3243,delivery_service,Delivery,Delivery
54,82,Delivery,4,4,4,4,810,813,19:10,19:13,3,0,0.0,2,7.596,152.404,160.0,0,B3263,delivery_service,Delivery,Delivery
54,83,Movement,4,5,4,5,813,819,19:13,19:19,6,6,11.45,0,0.0,160.0,148.55,0,,return_to_depot,Position,Depot
55,0,Stay,6,6,6,6,0,40,05:40,06:20,40,0,0.0,40,0.0,160.0,160.0,0,B19,parking_charging,Position,Pickup
55,1,Pickup,6,6,6,6,40,43,06:20,06:23,3,0,0.0,2,0.0,160.0,160.0,1,B19,pickup_service,Pickup,Pickup
55,2,Movement,6,7,6,7,43,55,06:23,06:35,12,12,43.48,0,0.0,160.0,116.52,1,B19,passenger_flight,Position,Delivery
55,3,Delivery,7,7,7,7,55,58,06:35,06:38,3,0,0.0,2,8.534,116.52,125.054,0,B19,delivery_service,Delivery,Delivery
55,4,Stay,7,7,7,7,58,149,06:38,08:09,91,0,0.0,91,34.946,125.054,160.0,0,B163,parking_charging,Position,Pickup
55,5,Pickup,7,7,7,7,149,152,08:09,08:12,3,0,0.0,2,0.0,160.0,160.0,1,B163,pickup_service,Pickup,Pickup
55,6,Stay,7,7,7,7,152,155,08:12,08:15,3,0,0.0,3,0.0,160.0,160.0,1,B188,parking_charging,Position,Pickup
55,7,Pickup,7,7,7,7,155,158,08:15,08:18,3,0,0.0,2,0.0,160.0,160.0,2,B188,pickup_service,Pickup,Pickup
55,8,Movement,7,1,7,1,158,165,08:18,08:25,7,7,21.03,0,0.0,160.0,138.97,2,B163,passenger_flight,Position,Delivery
55,9,Delivery,1,1,1,1,165,168,08:25,08:28,3,0,0.0,2,8.534,138.97,147.504,1,B163,delivery_service,Delivery,Delivery
55,10,Delivery,1,1,1,1,168,171,08:28,08:31,3,0,0.0,2,8.534,147.504,156.038,0,B188,delivery_service,Delivery,Delivery
55,11,Stay,1,1,1,1,171,266,08:31,10:06,95,0,0.0,95,3.962,156.038,160.0,0,B525,parking_charging,Position,Pickup
55,12,Pickup,1,1,1,1,266,269,10:06,10:09,3,0,0.0,2,0.0,160.0,160.0,1,B525,pickup_service,Pickup,Pickup
55,13,Movement,1,7,1,7,269,276,10:09,10:16,7,7,21.03,0,0.0,160.0,138.97,1,B525,passenger_flight,Position,Delivery
55,14,Delivery,7,7,7,7,276,279,10:16,10:19,3,0,0.0,2,8.534,138.97,147.504,0,B525,delivery_service,Delivery,Delivery
55,15,Stay,7,7,7,7,279,300,10:19,10:40,21,0,0.0,21,12.496,147.504,160.0,0,B719,parking_charging,Position,Pickup
55,16,Pickup,7,7,7,7,300,303,10:40,10:43,3,0,0.0,2,0.0,160.0,160.0,1,B719,pickup_service,Pickup,Pickup
55,17,Movement,7,1,7,1,303,310,10:43,10:50,7,7,21.03,0,0.0,160.0,138.97,1,B719,passenger_flight,Position,Delivery
55,18,Delivery,1,1,1,1,310,313,10:50,10:53,3,0,0.0,2,8.534,138.97,147.504,0,B719,delivery_service,Delivery,Delivery
55,19,Stay,1,1,1,1,313,491,10:53,13:51,178,0,0.0,178,12.496,147.504,160.0,0,B1334,parking_charging,Position,Movement
55,20,Movement,1,6,1,6,491,498,13:51,13:58,7,7,23.39,0,0.0,160.0,136.61,0,B1334,empty_repositioning,Position,Pickup
55,21,Pickup,6,6,6,6,498,501,13:58,14:01,3,0,0.0,2,8.534,136.61,145.144,1,B1334,pickup_service,Pickup,Pickup
55,22,Stay,6,6,6,6,501,506,14:01,14:06,5,0,0.0,5,14.856,145.144,160.0,1,B1334,parking_charging,Position,Movement
55,23,Movement,6,8,6,8,506,523,14:06,14:23,17,17,60.41,0,0.0,160.0,99.59,1,B1334,passenger_flight,Position,Delivery
55,24,Delivery,8,8,8,8,523,526,14:23,14:26,3,0,0.0,2,8.534,99.59,108.124,0,B1334,delivery_service,Delivery,Delivery
55,25,Stay,8,8,8,8,526,552,14:26,14:52,26,0,0.0,26,51.876,108.124,160.0,0,B1556,parking_charging,Position,Pickup
55,26,Pickup,8,8,8,8,552,555,14:52,14:55,3,0,0.0,2,0.0,160.0,160.0,1,B1556,pickup_service,Pickup,Pickup
55,27,Movement,8,3,8,3,555,565,14:55,15:05,10,10,35.17,0,0.0,160.0,124.83,1,B1556,passenger_flight,Position,Delivery
55,28,Delivery,3,3,3,3,565,568,15:05,15:08,3,0,0.0,2,8.534,124.83,133.364,0,B1556,delivery_service,Delivery,Delivery
55,29,Pickup,3,3,3,3,568,571,15:08,15:11,3,0,0.0,2,8.534,133.364,141.898,1,B1600,pickup_service,Pickup,Pickup
55,30,Movement,3,1,3,1,571,577,15:11,15:17,6,6,9.61,0,0.0,141.898,132.288,1,B1600,passenger_flight,Position,Delivery
55,31,Delivery,1,1,1,1,577,580,15:17,15:20,3,0,0.0,2,8.534,132.288,140.822,0,B1600,delivery_service,Delivery,Delivery
55,32,Movement,1,10,1,10,580,593,15:20,15:33,13,13,47.44,0,0.0,140.822,93.382,0,B1715,empty_repositioning,Position,Pickup
55,33,Pickup,10,10,10,10,593,596,15:33,15:36,3,0,0.0,2,8.534,93.382,101.916,1,B1715,pickup_service,Pickup,Pickup
55,34,Stay,10,10,10,10,596,603,15:36,15:43,7,0,0.0,7,29.869,101.916,131.785,1,B1715,parking_charging,Position,Movement
55,35,Movement,10,3,10,3,603,618,15:43,15:58,15,15,54.92,0,0.0,131.785,76.865,1,B1715,passenger_flight,Position,Delivery
55,36,Delivery,3,3,3,3,618,621,15:58,16:01,3,0,0.0,2,8.534,76.865,85.399,0,B1715,delivery_service,Delivery,Delivery
55,37,Stay,3,3,3,3,621,622,16:01,16:02,1,0,0.0,1,4.267,85.399,89.666,0,B1854,parking_charging,Position,Pickup
55,38,Pickup,3,3,3,3,622,625,16:02,16:05,3,0,0.0,2,8.534,89.666,98.2,1,B1854,pickup_service,Pickup,Pickup
55,39,Stay,3,3,3,3,625,626,16:05,16:06,1,0,0.0,1,4.267,98.2,102.467,1,B1904,parking_charging,Position,Movement
55,40,Movement,3,2,3,2,626,629,16:06,16:09,3,3,4.08,0,0.0,102.467,98.387,1,B1904,passenger_flight,Position,Pickup
55,41,Pickup,2,2,2,2,629,632,16:09,16:12,3,0,0.0,2,8.534,98.387,106.921,2,B1904,pickup_service,Pickup,Pickup
55,42,Movement,2,4,2,4,632,638,16:12,16:18,6,6,16.13,0,0.0,106.921,90.791,2,B1854,passenger_flight,Position,Delivery
55,43,Delivery,4,4,4,4,638,641,16:18,16:21,3,0,0.0,2,8.534,90.791,99.325,1,B1854,delivery_service,Delivery,Delivery
55,44,Movement,4,1,4,1,641,645,16:21,16:25,4,4,4.98,0,0.0,99.325,94.345,1,B1904,passenger_flight,Position,Delivery
55,45,Delivery,1,1,1,1,645,648,16:25,16:28,3,0,0.0,2,8.534,94.345,102.879,0,B1904,delivery_service,Delivery,Delivery
55,46,Stay,1,1,1,1,648,654,16:28,16:34,6,0,0.0,6,25.602,102.879,128.481,0,B2060,parking_charging,Position,Pickup
55,47,Pickup,1,1,1,1,654,657,16:34,16:37,3,0,0.0,2,8.534,128.481,137.015,1,B2060,pickup_service,Pickup,Pickup
55,48,Stay,1,1,1,1,657,664,16:37,16:44,7,0,0.0,7,22.985,137.015,160.0,1,B2060,parking_charging,Position,Movement
55,49,Movement,1,2,1,2,664,671,16:44,16:51,7,7,13.61,0,0.0,160.0,146.39,1,B2060,passenger_flight,Position,Delivery
55,50,Delivery,2,2,2,2,671,674,16:51,16:54,3,0,0.0,2,8.534,146.39,154.924,0,B2060,delivery_service,Delivery,Delivery
55,51,Stay,2,2,2,2,674,692,16:54,17:12,18,0,0.0,18,5.076,154.924,160.0,0,B2397,parking_charging,Position,Pickup
55,52,Pickup,2,2,2,2,692,695,17:12,17:15,3,0,0.0,2,0.0,160.0,160.0,2,B2397,pickup_service,Pickup,Pickup
55,53,Pickup,2,2,2,2,695,698,17:15,17:18,3,0,0.0,2,0.0,160.0,160.0,4,B2356,pickup_service,Pickup,Pickup
55,54,Movement,2,5,2,5,698,706,17:18,17:26,8,8,27.57,0,0.0,160.0,132.43,4,B2397,passenger_flight,Position,Delivery
55,55,Delivery,5,5,5,5,706,709,17:26,17:29,3,0,0.0,2,8.534,132.43,140.964,2,B2397,delivery_service,Delivery,Delivery
55,56,Delivery,5,5,5,5,709,712,17:29,17:32,3,0,0.0,2,8.534,140.964,149.498,0,B2356,delivery_service,Delivery,Delivery
55,57,Stay,5,5,5,5,712,720,17:32,17:40,8,0,0.0,8,10.502,149.498,160.0,0,B2777,parking_charging,Position,Movement
55,58,Movement,5,1,5,1,720,728,17:40,17:48,8,8,14.88,0,0.0,160.0,145.12,0,B2777,empty_repositioning,Position,Pickup
55,59,Pickup,1,1,1,1,728,731,17:48,17:51,3,0,0.0,2,8.534,145.12,153.654,1,B2777,pickup_service,Pickup,Pickup
55,60,Stay,1,1,1,1,731,733,17:51,17:53,2,0,0.0,2,6.346,153.654,160.0,1,B2851,parking_charging,Position,Pickup
55,61,Pickup,1,1,1,1,733,736,17:53,17:56,3,0,0.0,2,0.0,160.0,160.0,2,B2851,pickup_service,Pickup,Pickup
55,62,Movement,1,5,1,5,736,744,17:56,18:04,8,8,14.88,0,0.0,160.0,145.12,2,B2777,passenger_flight,Position,Delivery
55,63,Delivery,5,5,5,5,744,747,18:04,18:07,3,0,0.0,2,8.534,145.12,153.654,1,B2777,delivery_service,Delivery,Delivery
55,64,Delivery,5,5,5,5,747,750,18:07,18:10,3,0,0.0,2,6.346,153.654,160.0,0,B2851,delivery_service,Delivery,Delivery
55,65,Movement,5,1,5,1,750,758,18:10,18:18,8,8,14.88,0,0.0,160.0,145.12,0,B3021,empty_repositioning,Position,Pickup
55,66,Pickup,1,1,1,1,758,761,18:18,18:21,3,0,0.0,2,8.534,145.12,153.654,1,B3021,pickup_service,Pickup,Pickup
55,67,Movement,1,8,1,8,761,773,18:21,18:33,12,12,41.05,0,0.0,153.654,112.604,1,B3021,passenger_flight,Position,Delivery
55,68,Delivery,8,8,8,8,773,776,18:33,18:36,3,0,0.0,2,8.534,112.604,121.138,0,B3021,delivery_service,Delivery,Delivery
55,69,Movement,8,6,8,6,776,793,18:36,18:53,17,17,60.41,0,0.0,121.138,60.728,0,,return_to_depot,Position,Depot
56,0,Stay,7,7,7,7,0,145,05:40,08:05,145,0,0.0,145,0.0,160.0,160.0,0,B147,parking_charging,Position,Pickup
56,1,Pickup,7,7,7,7,145,148,08:05,08:08,3,0,0.0,2,0.0,160.0,160.0,1,B147,pickup_service,Pickup,Pickup
56,2,Pickup,7,7,7,7,148,151,08:08,08:11,3,0,0.0,2,0.0,160.0,160.0,2,B142,pickup_service,Pickup,Pickup
56,3,Movement,7,4,7,4,151,158,08:11,08:18,7,7,21.43,0,0.0,160.0,138.57,2,B147,passenger_flight,Position,Delivery
56,4,Delivery,4,4,4,4,158,161,08:18,08:21,3,0,0.0,2,8.534,138.57,147.104,1,B147,delivery_service,Delivery,Delivery
56,5,Delivery,4,4,4,4,161,164,08:21,08:24,3,0,0.0,2,8.534,147.104,155.638,0,B142,delivery_service,Delivery,Delivery
56,6,Stay,4,4,4,4,164,284,08:24,10:24,120,0,0.0,120,4.362,155.638,160.0,0,B638,parking_charging,Position,Pickup
56,7,Pickup,4,4,4,4,284,287,10:24,10:27,3,0,0.0,2,0.0,160.0,160.0,1,B638,pickup_service,Pickup,Pickup
56,8,Pickup,4,4,4,4,287,290,10:27,10:30,3,0,0.0,2,0.0,160.0,160.0,2,B621,pickup_service,Pickup,Pickup
56,9,Movement,4,7,4,7,290,297,10:30,10:37,7,7,21.43,0,0.0,160.0,138.57,2,B621,passenger_flight,Position,Delivery
56,10,Delivery,7,7,7,7,297,300,10:37,10:40,3,0,0.0,2,8.534,138.57,147.104,1,B621,delivery_service,Delivery,Delivery
56,11,Delivery,7,7,7,7,300,303,10:40,10:43,3,0,0.0,2,8.534,147.104,155.638,0,B638,delivery_service,Delivery,Delivery
56,12,Stay,7,7,7,7,303,311,10:43,10:51,8,0,0.0,8,4.362,155.638,160.0,0,B789,parking_charging,Position,Pickup
56,13,Pickup,7,7,7,7,311,314,10:51,10:54,3,0,0.0,2,0.0,160.0,160.0,1,B789,pickup_service,Pickup,Pickup
56,14,Pickup,7,7,7,7,314,317,10:54,10:57,3,0,0.0,2,0.0,160.0,160.0,2,B798,pickup_service,Pickup,Pickup
56,15,Movement,7,4,7,4,317,324,10:57,11:04,7,7,21.43,0,0.0,160.0,138.57,2,B798,passenger_flight,Position,Delivery
56,16,Delivery,4,4,4,4,324,327,11:04,11:07,3,0,0.0,2,8.534,138.57,147.104,1,B798,delivery_service,Delivery,Delivery
56,17,Movement,4,5,4,5,327,333,11:07,11:13,6,6,11.45,0,0.0,147.104,135.654,1,B789,passenger_flight,Position,Delivery
56,18,Delivery,5,5,5,5,333,336,11:13,11:16,3,0,0.0,2,8.534,135.654,144.188,0,B789,delivery_service,Delivery,Delivery
56,19,Stay,5,5,5,5,336,341,11:16,11:21,5,0,0.0,5,15.812,144.188,160.0,0,B925,parking_charging,Position,Pickup
56,20,Pickup,5,5,5,5,341,344,11:21,11:24,3,0,0.0,2,0.0,160.0,160.0,1,B925,pickup_service,Pickup,Pickup
56,21,Movement,5,9,5,9,344,361,11:24,11:41,17,17,62.04,0,0.0,160.0,97.96,1,B925,passenger_flight,Position,Delivery
56,22,Delivery,9,9,9,9,361,364,11:41,11:44,3,0,0.0,2,8.534,97.96,106.494,0,B925,delivery_service,Delivery,Delivery
56,23,Stay,9,9,9,9,364,486,11:44,13:46,122,0,0.0,122,53.506,106.494,160.0,0,B1301,parking_charging,Position,Pickup
56,24,Pickup,9,9,9,9,486,489,13:46,13:49,3,0,0.0,2,0.0,160.0,160.0,1,B1301,pickup_service,Pickup,Pickup
56,25,Movement,9,6,9,6,489,509,13:49,14:09,20,20,74.79,0,0.0,160.0,85.21,1,B1301,passenger_flight,Position,Delivery
56,26,Delivery,6,6,6,6,509,512,14:09,14:12,3,0,0.0,2,8.534,85.21,93.744,0,B1301,delivery_service,Delivery,Delivery
56,27,Stay,6,6,6,6,512,520,14:12,14:20,8,0,0.0,8,34.136,93.744,127.88,0,B1422,parking_charging,Position,Pickup
56,28,Pickup,6,6,6,6,520,523,14:20,14:23,3,0,0.0,2,8.534,127.88,136.414,1,B1422,pickup_service,Pickup,Pickup
56,29,Pickup,6,6,6,6,523,526,14:23,14:26,3,0,0.0,2,8.534,136.414,144.948,2,B1416,pickup_service,Pickup,Pickup
56,30,Movement,6,7,6,7,526,538,14:26,14:38,12,12,43.48,0,0.0,144.948,101.468,2,B1422,passenger_flight,Position,Delivery
56,31,Delivery,7,7,7,7,538,541,14:38,14:41,3,0,0.0,2,8.534,101.468,110.002,1,B1422,delivery_service,Delivery,Delivery
56,32,Delivery,7,7,7,7,541,544,14:41,14:44,3,0,0.0,2,8.534,110.002,118.536,0,B1416,delivery_service,Delivery,Delivery
56,33,Stay,7,7,7,7,544,546,14:44,14:46,2,0,0.0,2,8.534,118.536,127.07,0,B1560,parking_charging,Position,Movement
56,34,Movement,7,3,7,3,546,553,14:46,14:53,7,7,13.33,0,0.0,127.07,113.74,0,B1560,empty_repositioning,Position,Pickup
56,35,Pickup,3,3,3,3,553,556,14:53,14:56,3,0,0.0,2,8.534,113.74,122.274,1,B1560,pickup_service,Pickup,Pickup
56,36,Pickup,3,3,3,3,556,559,14:56,14:59,3,0,0.0,2,8.534,122.274,130.808,2,B1573,pickup_service,Pickup,Pickup
56,37,Movement,3,9,3,9,559,574,14:59,15:14,15,15,52.78,0,0.0,130.808,78.028,2,B1573,passenger_flight,Position,Delivery
56,38,Delivery,9,9,9,9,574,577,15:14,15:17,3,0,0.0,2,8.534,78.028,86.562,1,B1573,delivery_service,Delivery,Delivery
56,39,Delivery,9,9,9,9,577,580,15:17,15:20,3,0,0.0,2,8.534,86.562,95.096,0,B1560,delivery_service,Delivery,Delivery
56,40,Stay,9,9,9,9,580,584,15:20,15:24,4,0,0.0,4,17.068,95.096,112.164,0,B1678,parking_charging,Position,Pickup
56,41,Pickup,9,9,9,9,584,587,15:24,15:27,3,0,0.0,2,8.534,112.164,120.698,1,B1678,pickup_service,Pickup,Pickup
56,42,Stay,9,9,9,9,587,589,15:27,15:29,2,0,0.0,2,8.534,120.698,129.232,1,B1737,parking_charging,Position,Movement
56,43,Movement,9,8,9,8,589,595,15:29,15:35,6,6,18.04,0,0.0,129.232,111.192,1,B1737,passenger_flight,Position,Pickup
56,44,Pickup,8,8,8,8,595,598,15:35,15:38,3,0,0.0,2,8.534,111.192,119.726,2,B1737,pickup_service,Pickup,Pickup
56,45,Movement,8,4,8,4,598,609,15:38,15:49,11,11,39.54,0,0.0,119.726,80.186,2,B1678,passenger_flight,Position,Delivery
56,46,Delivery,4,4,4,4,609,612,15:49,15:52,3,0,0.0,2,8.534,80.186,88.72,1,B1678,delivery_service,Delivery,Delivery
56,47,Movement,4,5,4,5,612,618,15:52,15:58,6,6,11.45,0,0.0,88.72,77.27,1,B1737,passenger_flight,Position,Delivery
56,48,Delivery,5,5,5,5,618,621,15:58,16:01,3,0,0.0,2,8.534,77.27,85.804,0,B1737,delivery_service,Delivery,Delivery
56,49,Stay,5,5,5,5,621,623,16:01,16:03,2,0,0.0,2,8.534,85.804,94.338,0,B1861,parking_charging,Position,Pickup
56,50,Pickup,5,5,5,5,623,626,16:03,16:06,3,0,0.0,2,8.534,94.338,102.872,1,B1861,pickup_service,Pickup,Pickup
56,51,Movement,5,4,5,4,626,632,16:06,16:12,6,6,11.45,0,0.0,102.872,91.422,1,B1924,passenger_flight,Position,Pickup
56,52,Pickup,4,4,4,4,632,635,16:12,16:15,3,0,0.0,2,8.534,91.422,99.956,2,B1924,pickup_service,Pickup,Pickup
56,53,Movement,4,2,4,2,635,641,16:15,16:21,6,6,16.13,0,0.0,99.956,83.826,2,B1861,passenger_flight,Position,Delivery
56,54,Delivery,2,2,2,2,641,644,16:21,16:24,3,0,0.0,2,8.534,83.826,92.36,1,B1861,delivery_service,Delivery,Delivery
56,55,Movement,2,8,2,8,644,654,16:24,16:34,10,10,32.38,0,0.0,92.36,59.98,1,B1924,passenger_flight,Position,Delivery
56,56,Delivery,8,8,8,8,654,657,16:34,16:37,3,0,0.0,2,8.534,59.98,68.514,0,B1924,delivery_service,Delivery,Delivery
56,57,Pickup,8,8,8,8,657,660,16:37,16:40,3,0,0.0,2,8.534,68.514,77.048,1,B2083,pickup_service,Pickup,Pickup
56,58,Stay,8,8,8,8,660,666,16:40,16:46,6,0,0.0,6,25.602,77.048,102.65,1,B2083,parking_charging,Position,Movement
56,59,Movement,8,3,8,3,666,676,16:46,16:56,10,10,35.17,0,0.0,102.65,67.48,1,B2083,passenger_flight,Position,Delivery
56,60,Delivery,3,3,3,3,676,679,16:56,16:59,3,0,0.0,2,8.534,67.48,76.014,0,B2083,delivery_service,Delivery,Delivery
56,61,Stay,3,3,3,3,679,690,16:59,17:10,11,0,0.0,11,46.937,76.014,122.951,0,B2367,parking_charging,Position,Pickup
56,62,Pickup,3,3,3,3,690,693,17:10,17:13,3,0,0.0,2,8.534,122.951,131.485,2,B2367,pickup_service,Pickup,Pickup
56,63,Pickup,3,3,3,3,693,696,17:13,17:16,3,0,0.0,2,8.534,131.485,140.019,4,B2326,pickup_service,Pickup,Pickup
56,64,Movement,3,5,3,5,696,704,17:16,17:24,8,8,23.93,0,0.0,140.019,116.089,4,B2326,passenger_flight,Position,Delivery
56,65,Delivery,5,5,5,5,704,707,17:24,17:27,3,0,0.0,2,8.534,116.089,124.623,2,B2326,delivery_service,Delivery,Delivery
56,66,Delivery,5,5,5,5,707,710,17:27,17:30,3,0,0.0,2,8.534,124.623,133.157,0,B2367,delivery_service,Delivery,Delivery
56,67,Stay,5,5,5,5,710,740,17:30,18:00,30,0,0.0,30,26.843,133.157,160.0,0,B2906,parking_charging,Position,Pickup
56,68,Pickup,5,5,5,5,740,743,18:00,18:03,3,0,0.0,2,0.0,160.0,160.0,1,B2906,pickup_service,Pickup,Pickup
56,69,Movement,5,9,5,9,743,760,18:03,18:20,17,17,62.04,0,0.0,160.0,97.96,1,B2906,passenger_flight,Position,Delivery
56,70,Delivery,9,9,9,9,760,763,18:20,18:23,3,0,0.0,2,8.534,97.96,106.494,0,B2906,delivery_service,Delivery,Delivery
56,71,Stay,9,9,9,9,763,776,18:23,18:36,13,0,0.0,13,53.506,106.494,160.0,0,B3153,parking_charging,Position,Pickup
56,72,Pickup,9,9,9,9,776,779,18:36,18:39,3,0,0.0,2,0.0,160.0,160.0,1,B3153,pickup_service,Pickup,Pickup
56,73,Pickup,9,9,9,9,779,782,18:39,18:42,3,0,0.0,2,0.0,160.0,160.0,2,B3131,pickup_service,Pickup,Pickup
56,74,Movement,9,4,9,4,782,797,18:42,18:57,15,15,55.47,0,0.0,160.0,104.53,2,B3153,passenger_flight,Position,Delivery
56,75,Delivery,4,4,4,4,797,800,18:57,19:00,3,0,0.0,2,8.534,104.53,113.064,1,B3153,delivery_service,Delivery,Delivery
56,76,Delivery,4,4,4,4,800,803,19:00,19:03,3,0,0.0,2,8.534,113.064,121.598,0,B3131,delivery_service,Delivery,Delivery
56,77,Pickup,4,4,4,4,803,806,19:03,19:06,3,0,0.0,2,8.534,121.598,130.132,1,B3288,pickup_service,Pickup,Pickup
56,78,Movement,4,7,4,7,806,813,19:06,19:13,7,7,21.43,0,0.0,130.132,108.702,1,B3288,passenger_flight,Position,Delivery
56,79,Delivery,7,7,7,7,813,816,19:13,19:16,3,0,0.0,2,8.534,108.702,117.236,0,B3288,delivery_service,Delivery,Delivery
57,0,Stay,8,8,8,8,0,111,05:40,07:31,111,0,0.0,111,0.0,160.0,160.0,0,B88,parking_charging,Position,Pickup
57,1,Pickup,8,8,8,8,111,114,07:31,07:34,3,0,0.0,2,0.0,160.0,160.0,1,B88,pickup_service,Pickup,Pickup
57,2,Pickup,8,8,8,8,114,117,07:34,07:37,3,0,0.0,2,0.0,160.0,160.0,2,B84,pickup_service,Pickup,Pickup
57,3,Movement,8,2,8,2,117,127,07:37,07:47,10,10,32.38,0,0.0,160.0,127.62,2,B84,passenger_flight,Position,Delivery
57,4,Delivery,2,2,2,2,127,130,07:47,07:50,3,0,0.0,2,8.534,127.62,136.154,1,B84,delivery_service,Delivery,Delivery
57,5,Delivery,2,2,2,2,130,133,07:50,07:53,3,0,0.0,2,8.534,136.154,144.688,0,B88,delivery_service,Delivery,Delivery
57,6,Stay,2,2,2,2,133,140,07:53,08:00,7,0,0.0,7,15.312,144.688,160.0,0,B152,parking_charging,Position,Movement
57,7,Movement,2,5,2,5,140,148,08:00,08:08,8,8,27.57,0,0.0,160.0,132.43,0,B152,empty_repositioning,Position,Pickup
57,8,Pickup,5,5,5,5,148,151,08:08,08:11,3,0,0.0,2,8.534,132.43,140.964,3,B152,pickup_service,Pickup,Pickup
57,9,Movement,5,3,5,3,151,159,08:11,08:19,8,8,23.93,0,0.0,140.964,117.034,3,B152,passenger_flight,Position,Delivery
57,10,Delivery,3,3,3,3,159,162,08:19,08:22,3,0,0.0,2,8.534,117.034,125.568,0,B152,delivery_service,Delivery,Delivery
57,11,Stay,3,3,3,3,162,163,08:22,08:23,1,0,0.0,1,4.267,125.568,129.835,0,B225,parking_charging,Position,Pickup
57,12,Pickup,3,3,3,3,163,166,08:23,08:26,3,0,0.0,2,8.534,129.835,138.369,1,B225,pickup_service,Pickup,Pickup
57,13,Pickup,3,3,3,3,166,169,08:26,08:29,3,0,0.0,2,8.534,138.369,146.903,2,B216,pickup_service,Pickup,Pickup
57,14,Movement,3,4,3,4,169,176,08:29,08:36,7,7,12.6,0,0.0,146.903,134.303,2,B216,passenger_flight,Position,Delivery
57,15,Delivery,4,4,4,4,176,179,08:36,08:39,3,0,0.0,2,8.534,134.303,142.837,1,B216,delivery_service,Delivery,Delivery
57,16,Delivery,4,4,4,4,179,182,08:39,08:42,3,0,0.0,2,8.534,142.837,151.371,0,B225,delivery_service,Delivery,Delivery
57,17,Stay,4,4,4,4,182,260,08:42,10:00,78,0,0.0,78,8.629,151.371,160.0,0,B514,parking_charging,Position,Movement
57,18,Movement,4,3,4,3,260,267,10:00,10:07,7,7,12.6,0,0.0,160.0,147.4,0,B514,empty_repositioning,Position,Pickup
57,19,Pickup,3,3,3,3,267,270,10:07,10:10,3,0,0.0,2,8.534,147.4,155.934,1,B514,pickup_service,Pickup,Pickup
57,20,Movement,3,6,3,6,270,280,10:10,10:20,10,10,32.98,0,0.0,155.934,122.954,1,B514,passenger_flight,Position,Delivery
57,21,Delivery,6,6,6,6,280,283,10:20,10:23,3,0,0.0,2,8.534,122.954,131.488,0,B514,delivery_service,Delivery,Delivery
57,22,Pickup,6,6,6,6,283,286,10:23,10:26,3,0,0.0,2,8.534,131.488,140.022,1,B630,pickup_service,Pickup,Pickup
57,23,Stay,6,6,6,6,286,289,10:26,10:29,3,0,0.0,3,12.801,140.022,152.823,1,B665,parking_charging,Position,Pickup
57,24,Pickup,6,6,6,6,289,292,10:29,10:32,3,0,0.0,2,7.177,152.823,160.0,2,B665,pickup_service,Pickup,Pickup
57,25,Movement,6,1,6,1,292,299,10:32,10:39,7,7,23.39,0,0.0,160.0,136.61,2,B630,passenger_flight,Position,Delivery
57,26,Delivery,1,1,1,1,299,302,10:39,10:42,3,0,0.0,2,8.534,136.61,145.144,1,B630,delivery_service,Delivery,Delivery
57,27,Movement,1,2,1,2,302,309,10:42,10:49,7,7,13.61,0,0.0,145.144,131.534,1,B665,passenger_flight,Position,Delivery
57,28,Delivery,2,2,2,2,309,312,10:49,10:52,3,0,0.0,2,8.534,131.534,140.068,0,B665,delivery_service,Delivery,Delivery
57,29,Movement,2,1,2,1,312,319,10:52,10:59,7,7,13.61,0,0.0,140.068,126.458,0,B818,empty_repositioning,Position,Pickup
57,30,Pickup,1,1,1,1,319,322,10:59,11:02,3,0,0.0,2,8.534,126.458,134.992,1,B818,pickup_service,Pickup,Pickup
57,31,Stay,1,1,1,1,322,330,11:02,11:10,8,0,0.0,8,25.008,134.992,160.0,1,B818,parking_charging,Position,Movement
57,32,Movement,1,9,1,9,330,346,11:10,11:26,16,16,57.72,0,0.0,160.0,102.28,1,B818,passenger_flight,Position,Delivery
57,33,Delivery,9,9,9,9,346,349,11:26,11:29,3,0,0.0,2,8.534,102.28,110.814,0,B818,delivery_service,Delivery,Delivery
57,34,Stay,9,9,9,9,349,353,11:29,11:33,4,0,0.0,4,17.068,110.814,127.882,0,B981,parking_charging,Position,Pickup
57,35,Pickup,9,9,9,9,353,356,11:33,11:36,3,0,0.0,2,8.534,127.882,136.416,1,B981,pickup_service,Pickup,Pickup
57,36,Movement,9,3,9,3,356,371,11:36,11:51,15,15,52.78,0,0.0,136.416,83.636,1,B981,passenger_flight,Position,Delivery
57,37,Delivery,3,3,3,3,371,374,11:51,11:54,3,0,0.0,2,8.534,83.636,92.17,0,B981,delivery_service,Delivery,Delivery
57,38,Pickup,3,3,3,3,374,377,11:54,11:57,3,0,0.0,2,8.534,92.17,100.704,1,B1049,pickup_service,Pickup,Pickup
57,39,Stay,3,3,3,3,377,378,11:57,11:58,1,0,0.0,1,4.267,100.704,104.971,1,B1063,parking_charging,Position,Pickup
57,40,Pickup,3,3,3,3,378,381,11:58,12:01,3,0,0.0,2,8.534,104.971,113.505,3,B1063,pickup_service,Pickup,Pickup
57,41,Movement,3,6,3,6,381,391,12:01,12:11,10,10,32.98,0,0.0,113.505,80.525,3,B1049,passenger_flight,Position,Delivery
57,42,Delivery,6,6,6,6,391,394,12:11,12:14,3,0,0.0,2,8.534,80.525,89.059,2,B1049,delivery_service,Delivery,Delivery
57,43,Movement,6,10,6,10,394,405,12:14,12:25,11,11,35.74,0,0.0,89.059,53.319,2,B1063,passenger_flight,Position,Delivery
57,44,Delivery,10,10,10,10,405,408,12:25,12:28,3,0,0.0,2,8.534,53.319,61.853,0,B1063,delivery_service,Delivery,Delivery
57,45,Stay,10,10,10,10,408,531,12:28,14:31,123,0,0.0,123,98.147,61.853,160.0,0,B1475,parking_charging,Position,Pickup
57,46,Pickup,10,10,10,10,531,534,14:31,14:34,3,0,0.0,2,0.0,160.0,160.0,1,B1475,pickup_service,Pickup,Pickup
57,47,Pickup,10,10,10,10,534,537,14:34,14:37,3,0,0.0,2,0.0,160.0,160.0,2,B1464,pickup_service,Pickup,Pickup
57,48,Movement,10,3,10,3,537,552,14:37,14:52,15,15,54.92,0,0.0,160.0,105.08,2,B1475,passenger_flight,Position,Delivery
57,49,Delivery,3,3,3,3,552,555,14:52,14:55,3,0,0.0,2,8.534,105.08,113.614,1,B1475,delivery_service,Delivery,Delivery
57,50,Delivery,3,3,3,3,555,558,14:55,14:58,3,0,0.0,2,8.534,113.614,122.148,0,B1464,delivery_service,Delivery,Delivery
57,51,Stay,3,3,3,3,558,579,14:58,15:19,21,0,0.0,21,37.852,122.148,160.0,0,B1664,parking_charging,Position,Pickup
57,52,Pickup,3,3,3,3,579,582,15:19,15:22,3,0,0.0,2,0.0,160.0,160.0,1,B1664,pickup_service,Pickup,Pickup
57,53,Stay,3,3,3,3,582,588,15:22,15:28,6,0,0.0,6,0.0,160.0,160.0,1,B1664,parking_charging,Position,Movement
57,54,Movement,3,1,3,1,588,594,15:28,15:34,6,6,9.61,0,0.0,160.0,150.39,1,B1664,passenger_flight,Position,Delivery
57,55,Delivery,1,1,1,1,594,597,15:34,15:37,3,0,0.0,2,8.534,150.39,158.924,0,B1664,delivery_service,Delivery,Delivery
57,56,Stay,1,1,1,1,597,624,15:37,16:04,27,0,0.0,27,1.076,158.924,160.0,0,B1865,parking_charging,Position,Pickup
57,57,Pickup,1,1,1,1,624,627,16:04,16:07,3,0,0.0,2,0.0,160.0,160.0,1,B1865,pickup_service,Pickup,Pickup
57,58,Pickup,1,1,1,1,627,630,16:07,16:10,3,0,0.0,2,0.0,160.0,160.0,2,B1877,pickup_service,Pickup,Pickup
57,59,Movement,1,6,1,6,630,637,16:10,16:17,7,7,23.39,0,0.0,160.0,136.61,2,B1877,passenger_flight,Position,Delivery
57,60,Delivery,6,6,6,6,637,640,16:17,16:20,3,0,0.0,2,8.534,136.61,145.144,1,B1877,delivery_service,Delivery,Delivery
57,61,Delivery,6,6,6,6,640,643,16:20,16:23,3,0,0.0,2,8.534,145.144,153.678,0,B1865,delivery_service,Delivery,Delivery
57,62,Pickup,6,6,6,6,643,646,16:23,16:26,3,0,0.0,2,6.322,153.678,160.0,1,B1973,pickup_service,Pickup,Pickup
57,63,Movement,6,7,6,7,646,658,16:26,16:38,12,12,43.48,0,0.0,160.0,116.52,1,B1973,passenger_flight,Position,Delivery
57,64,Delivery,7,7,7,7,658,661,16:38,16:41,3,0,0.0,2,8.534,116.52,125.054,0,B1973,delivery_service,Delivery,Delivery
57,65,Stay,7,7,7,7,661,663,16:41,16:43,2,0,0.0,2,8.534,125.054,133.588,0,B2130,parking_charging,Position,Pickup
57,66,Pickup,7,7,7,7,663,666,16:43,16:46,3,0,0.0,2,8.534,133.588,142.122,1,B2130,pickup_service,Pickup,Pickup
57,67,Movement,7,1,7,1,666,673,16:46,16:53,7,7,21.03,0,0.0,142.122,121.092,1,B2130,passenger_flight,Position,Delivery
57,68,Delivery,1,1,1,1,673,676,16:53,16:56,3,0,0.0,2,8.534,121.092,129.626,0,B2130,delivery_service,Delivery,Delivery
57,69,Pickup,1,1,1,1,676,679,16:56,16:59,3,0,0.0,2,8.534,129.626,138.16,1,B2187,pickup_service,Pickup,Pickup
57,70,Movement,1,7,1,7,679,686,16:59,17:06,7,7,21.03,0,0.0,138.16,117.13,1,B2187,passenger_flight,Position,Delivery
57,71,Delivery,7,7,7,7,686,689,17:06,17:09,3,0,0.0,2,8.534,117.13,125.664,0,B2187,delivery_service,Delivery,Delivery
57,72,Pickup,7,7,7,7,689,692,17:09,17:12,3,0,0.0,2,8.534,125.664,134.198,2,B2301,pickup_service,Pickup,Pickup
57,73,Movement,7,4,7,4,692,699,17:12,17:19,7,7,21.43,0,0.0,134.198,112.768,2,B2301,passenger_flight,Position,Delivery
57,74,Delivery,4,4,4,4,699,702,17:19,17:22,3,0,0.0,2,8.534,112.768,121.302,0,B2301,delivery_service,Delivery,Delivery
57,75,Pickup,4,4,4,4,702,705,17:22,17:25,3,0,0.0,2,8.534,121.302,129.836,1,B2437,pickup_service,Pickup,Pickup
57,76,Movement,4,7,4,7,705,712,17:25,17:32,7,7,21.43,0,0.0,129.836,108.406,1,B2437,passenger_flight,Position,Delivery
57,77,Delivery,7,7,7,7,712,715,17:32,17:35,3,0,0.0,2,8.534,108.406,116.94,0,B2437,delivery_service,Delivery,Delivery
57,78,Pickup,7,7,7,7,715,718,17:35,17:38,3,0,0.0,2,8.534,116.94,125.474,1,B2613,pickup_service,Pickup,Pickup
57,79,Movement,7,1,7,1,718,725,17:38,17:45,7,7,21.03,0,0.0,125.474,104.444,1,B2613,passenger_flight,Position,Delivery
57,80,Delivery,1,1,1,1,725,728,17:45,17:48,3,0,0.0,2,8.534,104.444,112.978,0,B2613,delivery_service,Delivery,Delivery
57,81,Stay,1,1,1,1,728,740,17:48,18:00,12,0,0.0,12,47.022,112.978,160.0,0,B2881,parking_charging,Position,Pickup
57,82,Pickup,1,1,1,1,740,743,18:00,18:03,3,0,0.0,2,0.0,160.0,160.0,1,B2881,pickup_service,Pickup,Pickup
57,83,Pickup,1,1,1,1,743,746,18:03,18:06,3,0,0.0,2,0.0,160.0,160.0,2,B2932,pickup_service,Pickup,Pickup
57,84,Movement,1,5,1,5,746,754,18:06,18:14,8,8,14.88,0,0.0,160.0,145.12,2,B2881,passenger_flight,Position,Delivery
57,85,Delivery,5,5,5,5,754,757,18:14,18:17,3,0,0.0,2,8.534,145.12,153.654,1,B2881,delivery_service,Delivery,Delivery
57,86,Delivery,5,5,5,5,757,760,18:17,18:20,3,0,0.0,2,6.346,153.654,160.0,0,B2932,delivery_service,Delivery,Delivery
57,87,Pickup,5,5,5,5,760,763,18:20,18:23,3,0,0.0,2,0.0,160.0,160.0,1,B3041,pickup_service,Pickup,Pickup
57,88,Movement,5,3,5,3,763,771,18:23,18:31,8,8,23.93,0,0.0,160.0,136.07,1,B3041,passenger_flight,Position,Delivery
57,89,Delivery,3,3,3,3,771,774,18:31,18:34,3,0,0.0,2,8.534,136.07,144.604,0,B3041,delivery_service,Delivery,Delivery
57,90,Pickup,3,3,3,3,774,777,18:34,18:37,3,0,0.0,2,8.534,144.604,153.138,1,B3121,pickup_service,Pickup,Pickup
57,91,Movement,3,4,3,4,777,784,18:37,18:44,7,7,12.6,0,0.0,153.138,140.538,1,B3121,passenger_flight,Position,Delivery
57,92,Delivery,4,4,4,4,784,787,18:44,18:47,3,0,0.0,2,8.534,140.538,149.072,0,B3121,delivery_service,Delivery,Delivery
57,93,Stay,4,4,4,4,787,790,18:47,18:50,3,0,0.0,3,10.928,149.072,160.0,0,B3237,parking_charging,Position,Pickup
57,94,Pickup,4,4,4,4,790,793,18:50,18:53,3,0,0.0,2,0.0,160.0,160.0,2,B3237,pickup_service,Pickup,Pickup
57,95,Stay,4,4,4,4,793,797,18:53,18:57,4,0,0.0,4,0.0,160.0,160.0,2,B3275,parking_charging,Position,Pickup
57,96,Pickup,4,4,4,4,797,800,18:57,19:00,3,0,0.0,2,0.0,160.0,160.0,4,B3275,pickup_service,Pickup,Pickup
57,97,Movement,4,8,4,8,800,811,19:00,19:11,11,11,39.54,0,0.0,160.0,120.46,4,B3237,passenger_flight,Position,Delivery
57,98,Delivery,8,8,8,8,811,814,19:11,19:14,3,0,0.0,2,8.534,120.46,128.994,2,B3237,delivery_service,Delivery,Delivery
57,99,Delivery,8,8,8,8,814,817,19:14,19:17,3,0,0.0,2,8.534,128.994,137.528,0,B3275,delivery_service,Delivery,Delivery
58,0,Stay,9,9,9,9,0,200,05:40,09:00,200,0,0.0,200,0.0,160.0,160.0,0,B358,parking_charging,Position,Movement
58,1,Movement,9,8,9,8,200,206,09:00,09:06,6,6,18.04,0,0.0,160.0,141.96,0,B358,empty_repositioning,Position,Pickup
58,2,Pickup,8,8,8,8,206,209,09:06,09:09,3,0,0.0,2,8.534,141.96,150.494,1,B358,pickup_service,Pickup,Pickup
58,3,Movement,8,1,8,1,209,221,09:09,09:21,12,12,41.05,0,0.0,150.494,109.444,1,B358,passenger_flight,Position,Delivery
58,4,Delivery,1,1,1,1,221,224,09:21,09:24,3,0,0.0,2,8.534,109.444,117.978,0,B358,delivery_service,Delivery,Delivery
58,5,Stay,1,1,1,1,224,271,09:24,10:11,47,0,0.0,47,42.022,117.978,160.0,0,B600,parking_charging,Position,Movement
58,6,Movement,1,3,1,3,271,277,10:11,10:17,6,6,9.61,0,0.0,160.0,150.39,0,B600,empty_repositioning,Position,Pickup
58,7,Pickup,3,3,3,3,277,280,10:17,10:20,3,0,0.0,2,8.534,150.39,158.924,1,B600,pickup_service,Pickup,Pickup
58,8,Stay,3,3,3,3,280,283,10:20,10:23,3,0,0.0,3,1.076,158.924,160.0,1,B600,parking_charging,Position,Movement
58,9,Movement,3,5,3,5,283,291,10:23,10:31,8,8,23.93,0,0.0,160.0,136.07,1,B600,passenger_flight,Position,Delivery
58,10,Delivery,5,5,5,5,291,294,10:31,10:34,3,0,0.0,2,8.534,136.07,144.604,0,B600,delivery_service,Delivery,Delivery
58,11,Stay,5,5,5,5,294,298,10:34,10:38,4,0,0.0,4,15.396,144.604,160.0,0,B716,parking_charging,Position,Pickup
58,12,Pickup,5,5,5,5,298,301,10:38,10:41,3,0,0.0,2,0.0,160.0,160.0,1,B716,pickup_service,Pickup,Pickup
58,13,Stay,5,5,5,5,301,307,10:41,10:47,6,0,0.0,6,0.0,160.0,160.0,1,B716,parking_charging,Position,Movement
58,14,Movement,5,2,5,2,307,315,10:47,10:55,8,8,27.57,0,0.0,160.0,132.43,1,B716,passenger_flight,Position,Delivery
58,15,Delivery,2,2,2,2,315,318,10:55,10:58,3,0,0.0,2,8.534,132.43,140.964,0,B716,delivery_service,Delivery,Delivery
58,16,Stay,2,2,2,2,318,320,10:58,11:00,2,0,0.0,2,8.534,140.964,149.498,0,B859,parking_charging,Position,Movement
58,17,Movement,2,5,2,5,320,328,11:00,11:08,8,8,27.57,0,0.0,149.498,121.928,0,B859,empty_repositioning,Position,Pickup
58,18,Pickup,5,5,5,5,328,331,11:08,11:11,3,0,0.0,2,8.534,121.928,130.462,1,B859,pickup_service,Pickup,Pickup
58,19,Movement,5,2,5,2,331,339,11:11,11:19,8,8,27.57,0,0.0,130.462,102.892,1,B859,passenger_flight,Position,Delivery
58,20,Delivery,2,2,2,2,339,342,11:19,11:22,3,0,0.0,2,8.534,102.892,111.426,0,B859,delivery_service,Delivery,Delivery
58,21,Stay,2,2,2,2,342,422,11:22,12:42,80,0,0.0,80,48.574,111.426,160.0,0,B1171,parking_charging,Position,Pickup
58,22,Pickup,2,2,2,2,422,425,12:42,12:45,3,0,0.0,2,0.0,160.0,160.0,1,B1171,pickup_service,Pickup,Pickup
58,23,Pickup,2,2,2,2,425,428,12:45,12:48,3,0,0.0,2,0.0,160.0,160.0,2,B1166,pickup_service,Pickup,Pickup
58,24,Movement,2,5,2,5,428,436,12:48,12:56,8,8,27.57,0,0.0,160.0,132.43,2,B1171,passenger_flight,Position,Delivery
58,25,Delivery,5,5,5,5,436,439,12:56,12:59,3,0,0.0,2,8.534,132.43,140.964,1,B1171,delivery_service,Delivery,Delivery
58,26,Delivery,5,5,5,5,439,442,12:59,13:02,3,0,0.0,2,8.534,140.964,149.498,0,B1166,delivery_service,Delivery,Delivery
58,27,Stay,5,5,5,5,442,581,13:02,15:21,139,0,0.0,139,10.502,149.498,160.0,0,B1697,parking_charging,Position,Movement
58,28,Movement,5,6,5,6,581,588,15:21,15:28,7,7,12.76,0,0.0,160.0,147.24,0,B1697,empty_repositioning,Position,Pickup
58,29,Pickup,6,6,6,6,588,591,15:28,15:31,3,0,0.0,2,8.534,147.24,155.774,1,B1697,pickup_service,Pickup,Pickup
58,30,Stay,6,6,6,6,591,594,15:31,15:34,3,0,0.0,3,4.226,155.774,160.0,1,B1730,parking_charging,Position,Pickup
58,31,Pickup,6,6,6,6,594,597,15:34,15:37,3,0,0.0,2,0.0,160.0,160.0,2,B1730,pickup_service,Pickup,Pickup
58,32,Movement,6,7,6,7,597,609,15:37,15:49,12,12,43.48,0,0.0,160.0,116.52,2,B1697,passenger_flight,Position,Delivery
58,33,Delivery,7,7,7,7,609,612,15:49,15:52,3,0,0.0,2,8.534,116.52,125.054,1,B1697,delivery_service,Delivery,Delivery
58,34,Delivery,7,7,7,7,612,615,15:52,15:55,3,0,0.0,2,8.534,125.054,133.588,0,B1730,delivery_service,Delivery,Delivery
58,35,Stay,7,7,7,7,615,629,15:55,16:09,14,0,0.0,14,26.412,133.588,160.0,0,B1907,parking_charging,Position,Pickup
58,36,Pickup,7,7,7,7,629,632,16:09,16:12,3,0,0.0,2,0.0,160.0,160.0,1,B1907,pickup_service,Pickup,Pickup
58,37,Pickup,7,7,7,7,632,635,16:12,16:15,3,0,0.0,2,0.0,160.0,160.0,2,B1927,pickup_service,Pickup,Pickup
58,38,Pickup,7,7,7,7,635,638,16:15,16:18,3,0,0.0,2,0.0,160.0,160.0,3,B1942,pickup_service,Pickup,Pickup
58,39,Movement,7,6,7,6,638,650,16:18,16:30,12,12,43.48,0,0.0,160.0,116.52,3,B1927,passenger_flight,Position,Delivery
58,40,Delivery,6,6,6,6,650,653,16:30,16:33,3,0,0.0,2,8.534,116.52,125.054,2,B1927,delivery_service,Delivery,Delivery
58,41,Delivery,6,6,6,6,653,656,16:33,16:36,3,0,0.0,2,8.534,125.054,133.588,1,B1907,delivery_service,Delivery,Delivery
58,42,Delivery,6,6,6,6,656,659,16:36,16:39,3,0,0.0,2,8.534,133.588,142.122,0,B1942,delivery_service,Delivery,Delivery
58,43,Stay,6,6,6,6,659,662,16:39,16:42,3,0,0.0,3,12.801,142.122,154.923,0,B2177,parking_charging,Position,Movement
58,44,Movement,6,1,6,1,662,669,16:42,16:49,7,7,23.39,0,0.0,154.923,131.533,0,B2177,empty_repositioning,Position,Pickup
58,45,Pickup,1,1,1,1,669,672,16:49,16:52,3,0,0.0,2,8.534,131.533,140.067,1,B2177,pickup_service,Pickup,Pickup
58,46,Pickup,1,1,1,1,672,675,16:52,16:55,3,0,0.0,2,8.534,140.067,148.601,2,B2150,pickup_service,Pickup,Pickup
58,47,Movement,1,6,1,6,675,682,16:55,17:02,7,7,23.39,0,0.0,148.601,125.211,2,B2150,passenger_flight,Position,Delivery
58,48,Delivery,6,6,6,6,682,685,17:02,17:05,3,0,0.0,2,8.534,125.211,133.745,1,B2150,delivery_service,Delivery,Delivery
58,49,Delivery,6,6,6,6,685,688,17:05,17:08,3,0,0.0,2,8.534,133.745,142.279,0,B2177,delivery_service,Delivery,Delivery
58,50,Stay,6,6,6,6,688,689,17:08,17:09,1,0,0.0,1,4.267,142.279,146.546,0,B2359,parking_charging,Position,Pickup
58,51,Pickup,6,6,6,6,689,692,17:09,17:12,3,0,0.0,2,8.534,146.546,155.08,1,B2359,pickup_service,Pickup,Pickup
58,52,Pickup,6,6,6,6,692,695,17:12,17:15,3,0,0.0,2,4.92,155.08,160.0,2,B2319,pickup_service,Pickup,Pickup
58,53,Movement,6,7,6,7,695,707,17:15,17:27,12,12,43.48,0,0.0,160.0,116.52,2,B2319,passenger_flight,Position,Delivery
58,54,Delivery,7,7,7,7,707,710,17:27,17:30,3,0,0.0,2,8.534,116.52,125.054,1,B2319,delivery_service,Delivery,Delivery
58,55,Stay,7,7,7,7,710,713,17:30,17:33,3,0,0.0,3,12.801,125.054,137.855,1,B2359,parking_charging,Position,Delivery
58,56,Delivery,7,7,7,7,713,716,17:33,17:36,3,0,0.0,2,8.534,137.855,146.389,0,B2359,delivery_service,Delivery,Delivery
58,57,Pickup,7,7,7,7,716,719,17:36,17:39,3,0,0.0,2,8.534,146.389,154.923,1,B2585,pickup_service,Pickup,Pickup
58,58,Movement,7,4,7,4,719,726,17:39,17:46,7,7,21.43,0,0.0,154.923,133.493,1,B2585,passenger_flight,Position,Delivery
58,59,Delivery,4,4,4,4,726,729,17:46,17:49,3,0,0.0,2,8.534,133.493,142.027,0,B2585,delivery_service,Delivery,Delivery
58,60,Pickup,4,4,4,4,729,732,17:49,17:52,3,0,0.0,2,8.534,142.027,150.561,1,B2770,pickup_service,Pickup,Pickup
58,61,Pickup,4,4,4,4,732,735,17:52,17:55,3,0,0.0,2,8.534,150.561,159.095,2,B2828,pickup_service,Pickup,Pickup
58,62,Movement,4,3,4,3,735,742,17:55,18:02,7,7,12.6,0,0.0,159.095,146.495,2,B2770,passenger_flight,Position,Delivery
58,63,Delivery,3,3,3,3,742,745,18:02,18:05,3,0,0.0,2,8.534,146.495,155.029,1,B2770,delivery_service,Delivery,Delivery
58,64,Stay,3,3,3,3,745,748,18:05,18:08,3,0,0.0,3,4.971,155.029,160.0,1,B2828,parking_charging,Position,Delivery
58,65,Delivery,3,3,3,3,748,751,18:08,18:11,3,0,0.0,2,0.0,160.0,160.0,0,B2828,delivery_service,Delivery,Delivery
58,66,Stay,3,3,3,3,751,754,18:11,18:14,3,0,0.0,3,0.0,160.0,160.0,0,B3014,parking_charging,Position,Pickup
58,67,Pickup,3,3,3,3,754,757,18:14,18:17,3,0,0.0,2,0.0,160.0,160.0,1,B3014,pickup_service,Pickup,Pickup
58,68,Stay,3,3,3,3,757,763,18:17,18:23,6,0,0.0,6,0.0,160.0,160.0,1,B3014,parking_charging,Position,Movement
58,69,Movement,3,5,3,5,763,771,18:23,18:31,8,8,23.93,0,0.0,160.0,136.07,1,B3014,passenger_flight,Position,Delivery
58,70,Delivery,5,5,5,5,771,774,18:31,18:34,3,0,0.0,2,8.534,136.07,144.604,0,B3014,delivery_service,Delivery,Delivery
58,71,Movement,5,9,5,9,774,791,18:34,18:51,17,17,62.04,0,0.0,144.604,82.564,0,,return_to_depot,Position,Depot
59,0,Stay,10,10,10,10,0,94,05:40,07:14,94,0,0.0,94,0.0,160.0,160.0,0,B67,parking_charging,Position,Pickup
59,1,Pickup,10,10,10,10,94,97,07:14,07:17,3,0,0.0,2,0.0,160.0,160.0,1,B67,pickup_service,Pickup,Pickup
59,2,Stay,10,10,10,10,97,104,07:17,07:24,7,0,0.0,7,0.0,160.0,160.0,1,B67,parking_charging,Position,Movement
59,3,Movement,10,9,10,9,104,123,07:24,07:43,19,19,69.89,0,0.0,160.0,90.11,1,B67,passenger_flight,Position,Delivery
59,4,Delivery,9,9,9,9,123,126,07:43,07:46,3,0,0.0,2,8.534,90.11,98.644,0,B67,delivery_service,Delivery,Delivery
59,5,Stay,9,9,9,9,126,200,07:46,09:00,74,0,0.0,74,61.356,98.644,160.0,0,B354,parking_charging,Position,Movement
59,6,Movement,9,8,9,8,200,206,09:00,09:06,6,6,18.04,0,0.0,160.0,141.96,0,B354,empty_repositioning,Position,Pickup
59,7,Pickup,8,8,8,8,206,209,09:06,09:09,3,0,0.0,2,8.534,141.96,150.494,1,B354,pickup_service,Pickup,Pickup
59,8,Movement,8,5,8,5,209,223,09:09,09:23,14,14,47.79,0,0.0,150.494,102.704,1,B354,passenger_flight,Position,Delivery
59,9,Delivery,5,5,5,5,223,226,09:23,09:26,3,0,0.0,2,8.534,102.704,111.238,0,B354,delivery_service,Delivery,Delivery
59,10,Pickup,5,5,5,5,226,229,09:26,09:29,3,0,0.0,2,8.534,111.238,119.772,1,B408,pickup_service,Pickup,Pickup
59,11,Movement,5,4,5,4,229,235,09:29,09:35,6,6,11.45,0,0.0,119.772,108.322,1,B408,passenger_flight,Position,Delivery
59,12,Delivery,4,4,4,4,235,238,09:35,09:38,3,0,0.0,2,8.534,108.322,116.856,0,B408,delivery_service,Delivery,Delivery
59,13,Stay,4,4,4,4,238,240,09:38,09:40,2,0,0.0,2,8.534,116.856,125.39,0,B463,parking_charging,Position,Movement
59,14,Movement,4,10,4,10,240,252,09:40,09:52,12,12,42.86,0,0.0,125.39,82.53,0,B463,empty_repositioning,Position,Pickup
59,15,Pickup,10,10,10,10,252,255,09:52,09:55,3,0,0.0,2,8.534,82.53,91.064,1,B463,pickup_service,Pickup,Pickup
59,16,Movement,10,9,10,9,255,274,09:55,10:14,19,19,69.89,0,0.0,91.064,21.174,1,B463,passenger_flight,Position,Delivery
59,17,Delivery,9,9,9,9,274,277,10:14,10:17,3,0,0.0,2,8.534,21.174,29.708,0,B463,delivery_service,Delivery,Delivery
59,18,Stay,9,9,9,9,277,286,10:17,10:26,9,0,0.0,9,38.403,29.708,68.111,0,B655,parking_charging,Position,Pickup
59,19,Pickup,9,9,9,9,286,289,10:26,10:29,3,0,0.0,2,8.534,68.111,76.645,1,B655,pickup_service,Pickup,Pickup
59,20,Stay,9,9,9,9,289,290,10:29,10:30,1,0,0.0,1,4.267,76.645,80.912,1,B707,parking_charging,Position,Movement
59,21,Movement,9,8,9,8,290,296,10:30,10:36,6,6,18.04,0,0.0,80.912,62.872,1,B707,passenger_flight,Position,Pickup
59,22,Pickup,8,8,8,8,296,299,10:36,10:39,3,0,0.0,2,8.534,62.872,71.406,2,B707,pickup_service,Pickup,Pickup
59,23,Movement,8,3,8,3,299,309,10:39,10:49,10,10,35.17,0,0.0,71.406,36.236,2,B655,passenger_flight,Position,Delivery
59,24,Delivery,3,3,3,3,309,312,10:49,10:52,3,0,0.0,2,8.534,36.236,44.77,1,B655,delivery_service,Delivery,Delivery
59,25,Movement,3,1,3,1,312,318,10:52,10:58,6,6,9.61,0,0.0,44.77,35.16,1,B707,passenger_flight,Position,Delivery
59,26,Delivery,1,1,1,1,318,321,10:58,11:01,3,0,0.0,2,8.534,35.16,43.694,0,B707,delivery_service,Delivery,Delivery
59,27,Stay,1,1,1,1,321,481,11:01,13:41,160,0,0.0,160,116.306,43.694,160.0,0,B1305,parking_charging,Position,Movement
59,28,Movement,1,6,1,6,481,488,13:41,13:48,7,7,23.39,0,0.0,160.0,136.61,0,B1305,empty_repositioning,Position,Pickup
59,29,Pickup,6,6,6,6,488,491,13:48,13:51,3,0,0.0,2,8.534,136.61,145.144,1,B1305,pickup_service,Pickup,Pickup
59,30,Movement,6,4,6,4,491,498,13:51,13:58,7,7,22.06,0,0.0,145.144,123.084,1,B1325,passenger_flight,Position,Pickup
59,31,Pickup,4,4,4,4,498,501,13:58,14:01,3,0,0.0,2,8.534,123.084,131.618,2,B1325,pickup_service,Pickup,Pickup
59,32,Movement,4,9,4,9,501,516,14:01,14:16,15,15,55.47,0,0.0,131.618,76.148,2,B1305,passenger_flight,Position,Delivery
59,33,Delivery,9,9,9,9,516,519,14:16,14:19,3,0,0.0,2,8.534,76.148,84.682,1,B1305,delivery_service,Delivery,Delivery
59,34,Delivery,9,9,9,9,519,522,14:19,14:22,3,0,0.0,2,8.534,84.682,93.216,0,B1325,delivery_service,Delivery,Delivery
59,35,Stay,9,9,9,9,522,570,14:22,15:10,48,0,0.0,48,66.784,93.216,160.0,0,B1635,parking_charging,Position,Pickup
59,36,Pickup,9,9,9,9,570,573,15:10,15:13,3,0,0.0,2,0.0,160.0,160.0,1,B1635,pickup_service,Pickup,Pickup
59,37,Pickup,9,9,9,9,573,576,15:13,15:16,3,0,0.0,2,0.0,160.0,160.0,2,B1628,pickup_service,Pickup,Pickup
59,38,Movement,9,10,9,10,576,595,15:16,15:35,19,19,69.89,0,0.0,160.0,90.11,2,B1635,passenger_flight,Position,Delivery
59,39,Delivery,10,10,10,10,595,598,15:35,15:38,3,0,0.0,2,8.534,90.11,98.644,1,B1635,delivery_service,Delivery,Delivery
59,40,Delivery,10,10,10,10,598,601,15:38,15:41,3,0,0.0,2,8.534,98.644,107.178,0,B1628,delivery_service,Delivery,Delivery
59,41,Stay,10,10,10,10,601,627,15:41,16:07,26,0,0.0,26,52.822,107.178,160.0,0,B1896,parking_charging,Position,Pickup
59,42,Pickup,10,10,10,10,627,630,16:07,16:10,3,0,0.0,2,0.0,160.0,160.0,1,B1896,pickup_service,Pickup,Pickup
59,43,Movement,10,4,10,4,630,642,16:10,16:22,12,12,42.86,0,0.0,160.0,117.14,1,B1896,passenger_flight,Position,Delivery
59,44,Delivery,4,4,4,4,642,645,16:22,16:25,3,0,0.0,2,8.534,117.14,125.674,0,B1896,delivery_service,Delivery,Delivery
59,45,Movement,4,1,4,1,645,649,16:25,16:29,4,4,4.98,0,0.0,125.674,120.694,0,B2009,empty_repositioning,Position,Pickup
59,46,Pickup,1,1,1,1,649,652,16:29,16:32,3,0,0.0,2,8.534,120.694,129.228,1,B2009,pickup_service,Pickup,Pickup
59,47,Pickup,1,1,1,1,652,655,16:32,16:35,3,0,0.0,2,8.534,129.228,137.762,2,B2043,pickup_service,Pickup,Pickup
59,48,Movement,1,6,1,6,655,662,16:35,16:42,7,7,23.39,0,0.0,137.762,114.372,2,B2009,passenger_flight,Position,Delivery
59,49,Delivery,6,6,6,6,662,665,16:42,16:45,3,0,0.0,2,8.534,114.372,122.906,1,B2009,delivery_service,Delivery,Delivery
59,50,Delivery,6,6,6,6,665,668,16:45,16:48,3,0,0.0,2,8.534,122.906,131.44,0,B2043,delivery_service,Delivery,Delivery
59,51,Stay,6,6,6,6,668,677,16:48,16:57,9,0,0.0,9,28.56,131.44,160.0,0,B2242,parking_charging,Position,Pickup
59,52,Pickup,6,6,6,6,677,680,16:57,17:00,3,0,0.0,2,0.0,160.0,160.0,1,B2242,pickup_service,Pickup,Pickup
59,53,Stay,6,6,6,6,680,686,17:00,17:06,6,0,0.0,6,0.0,160.0,160.0,1,B2242,parking_charging,Position,Movement
59,54,Movement,6,7,6,7,686,698,17:06,17:18,12,12,43.48,0,0.0,160.0,116.52,1,B2242,passenger_flight,Position,Delivery
59,55,Delivery,7,7,7,7,698,701,17:18,17:21,3,0,0.0,2,8.534,116.52,125.054,0,B2242,delivery_service,Delivery,Delivery
59,56,Pickup,7,7,7,7,701,704,17:21,17:24,3,0,0.0,2,8.534,125.054,133.588,1,B2489,pickup_service,Pickup,Pickup
59,57,Pickup,7,7,7,7,704,707,17:24,17:27,3,0,0.0,2,8.534,133.588,142.122,2,B2477,pickup_service,Pickup,Pickup
59,58,Movement,7,1,7,1,707,714,17:27,17:34,7,7,21.03,0,0.0,142.122,121.092,2,B2477,passenger_flight,Position,Delivery
59,59,Delivery,1,1,1,1,714,717,17:34,17:37,3,0,0.0,2,8.534,121.092,129.626,1,B2477,delivery_service,Delivery,Delivery
59,60,Delivery,1,1,1,1,717,720,17:37,17:40,3,0,0.0,2,8.534,129.626,138.16,0,B2489,delivery_service,Delivery,Delivery
59,61,Movement,1,3,1,3,720,726,17:40,17:46,6,6,9.61,0,0.0,138.16,128.55,0,B2691,empty_repositioning,Position,Pickup
59,62,Pickup,3,3,3,3,726,729,17:46,17:49,3,0,0.0,2,8.534,128.55,137.084,1,B2691,pickup_service,Pickup,Pickup
59,63,Movement,3,1,3,1,729,735,17:49,17:55,6,6,9.61,0,0.0,137.084,127.474,1,B2691,passenger_flight,Position,Delivery
59,64,Delivery,1,1,1,1,735,738,17:55,17:58,3,0,0.0,2,8.534,127.474,136.008,0,B2691,delivery_service,Delivery,Delivery
59,65,Stay,1,1,1,1,738,741,17:58,18:01,3,0,0.0,3,12.801,136.008,148.809,0,B2921,parking_charging,Position,Pickup
59,66,Pickup,1,1,1,1,741,744,18:01,18:04,3,0,0.0,2,8.534,148.809,157.343,1,B2921,pickup_service,Pickup,Pickup
59,67,Pickup,1,1,1,1,744,747,18:04,18:07,3,0,0.0,2,2.657,157.343,160.0,2,B2899,pickup_service,Pickup,Pickup
59,68,Movement,1,3,1,3,747,753,18:07,18:13,6,6,9.61,0,0.0,160.0,150.39,2,B2899,passenger_flight,Position,Delivery
59,69,Delivery,3,3,3,3,753,756,18:13,18:16,3,0,0.0,2,8.534,150.39,158.924,1,B2899,delivery_service,Delivery,Delivery
59,70,Delivery,3,3,3,3,756,759,18:16,18:19,3,0,0.0,2,1.076,158.924,160.0,0,B2921,delivery_service,Delivery,Delivery
59,71,Stay,3,3,3,3,759,766,18:19,18:26,7,0,0.0,7,0.0,160.0,160.0,0,B3104,parking_charging,Position,Movement
59,72,Movement,3,2,3,2,766,769,18:26,18:29,3,3,4.08,0,0.0,160.0,155.92,0,B3104,empty_repositioning,Position,Pickup
59,73,Pickup,2,2,2,2,769,772,18:29,18:32,3,0,0.0,2,4.08,155.92,160.0,1,B3104,pickup_service,Pickup,Pickup
59,74,Stay,2,2,2,2,772,774,18:32,18:34,2,0,0.0,2,0.0,160.0,160.0,1,B3139,parking_charging,Position,Pickup
59,75,Pickup,2,2,2,2,774,777,18:34,18:37,3,0,0.0,2,0.0,160.0,160.0,2,B3139,pickup_service,Pickup,Pickup
59,76,Movement,2,1,2,1,777,784,18:37,18:44,7,7,13.61,0,0.0,160.0,146.39,2,B3139,passenger_flight,Position,Delivery
59,77,Delivery,1,1,1,1,784,787,18:44,18:47,3,0,0.0,2,8.534,146.39,154.924,1,B3139,delivery_service,Delivery,Delivery
59,78,Delivery,1,1,1,1,787,790,18:47,18:50,3,0,0.0,2,5.076,154.924,160.0,0,B3104,delivery_service,Delivery,Delivery
59,79,Pickup,1,1,1,1,790,793,18:50,18:53,3,0,0.0,2,0.0,160.0,160.0,1,B3186,pickup_service,Pickup,Pickup
59,80,Movement,1,6,1,6,793,800,18:53,19:00,7,7,23.39,0,0.0,160.0,136.61,1,B3186,passenger_flight,Position,Delivery
59,81,Delivery,6,6,6,6,800,803,19:00,19:03,3,0,0.0,2,8.534,136.61,145.144,0,B3186,delivery_service,Delivery,Delivery
59,82,Movement,6,10,6,10,803,814,19:03,19:14,11,11,35.74,0,0.0,145.144,109.404,0,,return_to_depot,Position,Depot
60,0,Stay,1,1,1,1,0,144,05:40,08:04,144,0,0.0,144,0.0,160.0,160.0,0,B172,parking_charging,Position,Movement
60,1,Movement,1,6,1,6,144,151,08:04,08:11,7,7,23.39,0,0.0,160.0,136.61,0,B172,empty_repositioning,Position,Pickup
60,2,Pickup,6,6,6,6,151,154,08:11,08:14,3,0,0.0,2,8.534,136.61,145.144,1,B172,pickup_service,Pickup,Pickup
60,3,Pickup,6,6,6,6,154,157,08:14,08:17,3,0,0.0,2,8.534,145.144,153.678,2,B183,pickup_service,Pickup,Pickup
60,4,Movement,6,2,6,2,157,168,08:17,08:28,11,11,37.0,0,0.0,153.678,116.678,2,B172,passenger_flight,Position,Delivery
60,5,Delivery,2,2,2,2,168,171,08:28,08:31,3,0,0.0,2,8.534,116.678,125.212,1,B172,delivery_service,Delivery,Delivery
60,6,Movement,2,7,2,7,171,177,08:31,08:37,6,6,10.2,0,0.0,125.212,115.012,1,B183,passenger_flight,Position,Delivery
60,7,Delivery,7,7,7,7,177,180,08:37,08:40,3,0,0.0,2,8.534,115.012,123.546,0,B183,delivery_service,Delivery,Delivery
60,8,Pickup,7,7,7,7,180,183,08:40,08:43,3,0,0.0,2,8.534,123.546,132.08,1,B262,pickup_service,Pickup,Pickup
60,9,Movement,7,1,7,1,183,190,08:43,08:50,7,7,21.03,0,0.0,132.08,111.05,1,B262,passenger_flight,Position,Delivery
60,10,Delivery,1,1,1,1,190,193,08:50,08:53,3,0,0.0,2,8.534,111.05,119.584,0,B262,delivery_service,Delivery,Delivery
60,11,Stay,1,1,1,1,193,263,08:53,10:03,70,0,0.0,70,40.416,119.584,160.0,0,B551,parking_charging,Position,Movement
60,12,Movement,1,2,1,2,263,270,10:03,10:10,7,7,13.61,0,0.0,160.0,146.39,0,B551,empty_repositioning,Position,Pickup
60,13,Pickup,2,2,2,2,270,273,10:10,10:13,3,0,0.0,2,8.534,146.39,154.924,1,B551,pickup_service,Pickup,Pickup
60,14,Movement,2,3,2,3,273,276,10:13,10:16,3,3,4.08,0,0.0,154.924,150.844,1,B571,passenger_flight,Position,Pickup
60,15,Pickup,3,3,3,3,276,279,10:16,10:19,3,0,0.0,2,8.534,150.844,159.378,2,B571,pickup_service,Pickup,Pickup
60,16,Movement,3,6,3,6,279,289,10:19,10:29,10,10,32.98,0,0.0,159.378,126.398,2,B551,passenger_flight,Position,Delivery
60,17,Delivery,6,6,6,6,289,292,10:29,10:32,3,0,0.0,2,8.534,126.398,134.932,1,B551,delivery_service,Delivery,Delivery
60,18,Delivery,6,6,6,6,292,295,10:32,10:35,3,0,0.0,2,8.534,134.932,143.466,0,B571,delivery_service,Delivery,Delivery
60,19,Stay,6,6,6,6,295,296,10:35,10:36,1,0,0.0,1,4.267,143.466,147.733,0,B706,parking_charging,Position,Pickup
60,20,Pickup,6,6,6,6,296,299,10:36,10:39,3,0,0.0,2,8.534,147.733,156.267,1,B706,pickup_service,Pickup,Pickup
60,21,Stay,6,6,6,6,299,302,10:39,10:42,3,0,0.0,3,3.733,156.267,160.0,1,B706,parking_charging,Position,Movement
60,22,Movement,6,10,6,10,302,313,10:42,10:53,11,11,35.74,0,0.0,160.0,124.26,1,B706,passenger_flight,Position,Delivery
60,23,Delivery,10,10,10,10,313,316,10:53,10:56,3,0,0.0,2,8.534,124.26,132.794,0,B706,delivery_service,Delivery,Delivery
60,24,Pickup,10,10,10,10,316,319,10:56,10:59,3,0,0.0,2,8.534,132.794,141.328,1,B778,pickup_service,Pickup,Pickup
60,25,Movement,10,4,10,4,319,331,10:59,11:11,12,12,42.86,0,0.0,141.328,98.468,1,B778,passenger_flight,Position,Delivery
60,26,Delivery,4,4,4,4,331,334,11:11,11:14,3,0,0.0,2,8.534,98.468,107.002,0,B778,delivery_service,Delivery,Delivery
60,27,Stay,4,4,4,4,334,355,11:14,11:35,21,0,0.0,21,52.998,107.002,160.0,0,B990,parking_charging,Position,Pickup
60,28,Pickup,4,4,4,4,355,358,11:35,11:38,3,0,0.0,2,0.0,160.0,160.0,1,B990,pickup_service,Pickup,Pickup
60,29,Stay,4,4,4,4,358,364,11:38,11:44,6,0,0.0,6,0.0,160.0,160.0,1,B990,parking_charging,Position,Movement
60,30,Movement,4,2,4,2,364,370,11:44,11:50,6,6,16.13,0,0.0,160.0,143.87,1,B990,passenger_flight,Position,Delivery
60,31,Delivery,2,2,2,2,370,373,11:50,11:53,3,0,0.0,2,8.534,143.87,152.404,0,B990,delivery_service,Delivery,Delivery
60,32,Stay,2,2,2,2,373,400,11:53,12:20,27,0,0.0,27,7.596,152.404,160.0,0,B1118,parking_charging,Position,Movement
60,33,Movement,2,7,2,7,400,406,12:20,12:26,6,6,10.2,0,0.0,160.0,149.8,0,B1118,empty_repositioning,Position,Pickup
60,34,Pickup,7,7,7,7,406,409,12:26,12:29,3,0,0.0,2,8.534,149.8,158.334,1,B1118,pickup_service,Pickup,Pickup
60,35,Movement,7,5,7,5,409,419,12:29,12:39,10,10,32.24,0,0.0,158.334,126.094,1,B1118,passenger_flight,Position,Delivery
60,36,Delivery,5,5,5,5,419,422,12:39,12:42,3,0,0.0,2,8.534,126.094,134.628,0,B1118,delivery_service,Delivery,Delivery
60,37,Stay,5,5,5,5,422,585,12:42,15:25,163,0,0.0,163,25.372,134.628,160.0,0,B1711,parking_charging,Position,Movement
60,38,Movement,5,4,5,4,585,591,15:25,15:31,6,6,11.45,0,0.0,160.0,148.55,0,B1711,empty_repositioning,Position,Pickup
60,39,Pickup,4,4,4,4,591,594,15:31,15:34,3,0,0.0,2,8.534,148.55,157.084,1,B1711,pickup_service,Pickup,Pickup
60,40,Stay,4,4,4,4,594,597,15:34,15:37,3,0,0.0,3,2.916,157.084,160.0,1,B1711,parking_charging,Position,Movement
60,41,Movement,4,9,4,9,597,612,15:37,15:52,15,15,55.47,0,0.0,160.0,104.53,1,B1711,passenger_flight,Position,Delivery
60,42,Delivery,9,9,9,9,612,615,15:52,15:55,3,0,0.0,2,8.534,104.53,113.064,0,B1711,delivery_service,Delivery,Delivery
60,43,Stay,9,9,9,9,615,643,15:55,16:23,28,0,0.0,28,46.936,113.064,160.0,0,B2003,parking_charging,Position,Pickup
60,44,Pickup,9,9,9,9,643,646,16:23,16:26,3,0,0.0,2,0.0,160.0,160.0,1,B2003,pickup_service,Pickup,Pickup
60,45,Pickup,9,9,9,9,646,649,16:26,16:29,3,0,0.0,2,0.0,160.0,160.0,2,B1998,pickup_service,Pickup,Pickup
60,46,Pickup,9,9,9,9,649,652,16:29,16:32,3,0,0.0,2,0.0,160.0,160.0,3,B2033,pickup_service,Pickup,Pickup
60,47,Movement,9,4,9,4,652,667,16:32,16:47,15,15,55.47,0,0.0,160.0,104.53,3,B2003,passenger_flight,Position,Delivery
60,48,Delivery,4,4,4,4,667,670,16:47,16:50,3,0,0.0,2,8.534,104.53,113.064,2,B2003,delivery_service,Delivery,Delivery
60,49,Delivery,4,4,4,4,670,673,16:50,16:53,3,0,0.0,2,8.534,113.064,121.598,1,B1998,delivery_service,Delivery,Delivery
60,50,Movement,4,1,4,1,673,677,16:53,16:57,4,4,4.98,0,0.0,121.598,116.618,1,B2033,passenger_flight,Position,Delivery
60,51,Delivery,1,1,1,1,677,680,16:57,17:00,3,0,0.0,2,8.534,116.618,125.152,0,B2033,delivery_service,Delivery,Delivery
60,52,Pickup,1,1,1,1,680,683,17:00,17:03,3,0,0.0,2,8.534,125.152,133.686,2,B2240,pickup_service,Pickup,Pickup
60,53,Movement,1,5,1,5,683,691,17:03,17:11,8,8,14.88,0,0.0,133.686,118.806,2,B2240,passenger_flight,Position,Delivery
60,54,Delivery,5,5,5,5,691,694,17:11,17:14,3,0,0.0,2,8.534,118.806,127.34,0,B2240,delivery_service,Delivery,Delivery
60,55,Stay,5,5,5,5,694,740,17:14,18:00,46,0,0.0,46,32.66,127.34,160.0,0,B2919,parking_charging,Position,Movement
60,56,Movement,5,4,5,4,740,746,18:00,18:06,6,6,11.45,0,0.0,160.0,148.55,0,B2919,empty_repositioning,Position,Pickup
60,57,Pickup,4,4,4,4,746,749,18:06,18:09,3,0,0.0,2,8.534,148.55,157.084,1,B2919,pickup_service,Pickup,Pickup
60,58,Stay,4,4,4,4,749,752,18:09,18:12,3,0,0.0,3,2.916,157.084,160.0,1,B2919,parking_charging,Position,Movement
60,59,Movement,4,8,4,8,752,763,18:12,18:23,11,11,39.54,0,0.0,160.0,120.46,1,B2919,passenger_flight,Position,Delivery
60,60,Delivery,8,8,8,8,763,766,18:23,18:26,3,0,0.0,2,8.534,120.46,128.994,0,B2919,delivery_service,Delivery,Delivery
60,61,Pickup,8,8,8,8,766,769,18:26,18:29,3,0,0.0,2,8.534,128.994,137.528,1,B3043,pickup_service,Pickup,Pickup
60,62,Movement,8,1,8,1,769,781,18:29,18:41,12,12,41.05,0,0.0,137.528,96.478,1,B3043,passenger_flight,Position,Delivery
60,63,Delivery,1,1,1,1,781,784,18:41,18:44,3,0,0.0,2,8.534,96.478,105.012,0,B3043,delivery_service,Delivery,Delivery
60,64,Stay,1,1,1,1,784,786,18:44,18:46,2,0,0.0,2,8.534,105.012,113.546,0,B3210,parking_charging,Position,Pickup
60,65,Pickup,1,1,1,1,786,789,18:46,18:49,3,0,0.0,2,8.534,113.546,122.08,1,B3210,pickup_service,Pickup,Pickup
60,66,Pickup,1,1,1,1,789,792,18:49,18:52,3,0,0.0,2,8.534,122.08,130.614,2,B3195,pickup_service,Pickup,Pickup
60,67,Movement,1,6,1,6,792,799,18:52,18:59,7,7,23.39,0,0.0,130.614,107.224,2,B3195,passenger_flight,Position,Delivery
60,68,Delivery,6,6,6,6,799,802,18:59,19:02,3,0,0.0,2,8.534,107.224,115.758,1,B3195,delivery_service,Delivery,Delivery
60,69,Delivery,6,6,6,6,802,805,19:02,19:05,3,0,0.0,2,8.534,115.758,124.292,0,B3210,delivery_service,Delivery,Delivery
60,70,Movement,6,1,6,1,805,812,19:05,19:12,7,7,23.39,0,0.0,124.292,100.902,0,,return_to_depot,Position,Depot
61,0,Stay,2,2,2,2,0,162,05:40,08:22,162,0,0.0,162,0.0,160.0,160.0,0,B220,parking_charging,Position,Pickup
61,1,Pickup,2,2,2,2,162,165,08:22,08:25,3,0,0.0,2,0.0,160.0,160.0,1,B220,pickup_service,Pickup,Pickup
61,2,Pickup,2,2,2,2,165,168,08:25,08:28,3,0,0.0,2,0.0,160.0,160.0,2,B205,pickup_service,Pickup,Pickup
61,3,Movement,2,1,2,1,168,175,08:28,08:35,7,7,13.61,0,0.0,160.0,146.39,2,B205,passenger_flight,Position,Delivery
61,4,Delivery,1,1,1,1,175,178,08:35,08:38,3,0,0.0,2,8.534,146.39,154.924,1,B205,delivery_service,Delivery,Delivery
61,5,Delivery,1,1,1,1,178,181,08:38,08:41,3,0,0.0,2,5.076,154.924,160.0,0,B220,delivery_service,Delivery,Delivery
61,6,Stay,1,1,1,1,181,261,08:41,10:01,80,0,0.0,80,0.0,160.0,160.0,0,B538,parking_charging,Position,Movement
61,7,Movement,1,6,1,6,261,268,10:01,10:08,7,7,23.39,0,0.0,160.0,136.61,0,B538,empty_repositioning,Position,Pickup
61,8,Pickup,6,6,6,6,268,271,10:08,10:11,3,0,0.0,2,8.534,136.61,145.144,1,B538,pickup_service,Pickup,Pickup
61,9,Pickup,6,6,6,6,271,274,10:11,10:14,3,0,0.0,2,8.534,145.144,153.678,2,B531,pickup_service,Pickup,Pickup
61,10,Movement,6,3,6,3,274,284,10:14,10:24,10,10,32.98,0,0.0,153.678,120.698,2,B538,passenger_flight,Position,Delivery
61,11,Delivery,3,3,3,3,284,287,10:24,10:27,3,0,0.0,2,8.534,120.698,129.232,1,B538,delivery_service,Delivery,Delivery
61,12,Delivery,3,3,3,3,287,290,10:27,10:30,3,0,0.0,2,8.534,129.232,137.766,0,B531,delivery_service,Delivery,Delivery
61,13,Pickup,3,3,3,3,290,293,10:30,10:33,3,0,0.0,2,8.534,137.766,146.3,1,B627,pickup_service,Pickup,Pickup
61,14,Movement,3,5,3,5,293,301,10:33,10:41,8,8,23.93,0,0.0,146.3,122.37,1,B627,passenger_flight,Position,Delivery
61,15,Delivery,5,5,5,5,301,304,10:41,10:44,3,0,0.0,2,8.534,122.37,130.904,0,B627,delivery_service,Delivery,Delivery
61,16,Stay,5,5,5,5,304,317,10:44,10:57,13,0,0.0,13,29.096,130.904,160.0,0,B817,parking_charging,Position,Pickup
61,17,Pickup,5,5,5,5,317,320,10:57,11:00,3,0,0.0,2,0.0,160.0,160.0,1,B817,pickup_service,Pickup,Pickup
61,18,Stay,5,5,5,5,320,326,11:00,11:06,6,0,0.0,6,0.0,160.0,160.0,1,B817,parking_charging,Position,Movement
61,19,Movement,5,2,5,2,326,334,11:06,11:14,8,8,27.57,0,0.0,160.0,132.43,1,B817,passenger_flight,Position,Delivery
61,20,Delivery,2,2,2,2,334,337,11:14,11:17,3,0,0.0,2,8.534,132.43,140.964,0,B817,delivery_service,Delivery,Delivery
61,21,Pickup,2,2,2,2,337,340,11:17,11:20,3,0,0.0,2,8.534,140.964,149.498,1,B888,pickup_service,Pickup,Pickup
61,22,Movement,2,5,2,5,340,348,11:20,11:28,8,8,27.57,0,0.0,149.498,121.928,1,B888,passenger_flight,Position,Delivery
61,23,Delivery,5,5,5,5,348,351,11:28,11:31,3,0,0.0,2,8.534,121.928,130.462,0,B888,delivery_service,Delivery,Delivery
61,24,Stay,5,5,5,5,351,580,11:31,15:20,229,0,0.0,229,29.538,130.462,160.0,0,B1689,parking_charging,Position,Movement
61,25,Movement,5,3,5,3,580,588,15:20,15:28,8,8,23.93,0,0.0,160.0,136.07,0,B1689,empty_repositioning,Position,Pickup
61,26,Pickup,3,3,3,3,588,591,15:28,15:31,3,0,0.0,2,8.534,136.07,144.604,1,B1689,pickup_service,Pickup,Pickup
61,27,Movement,3,4,3,4,591,598,15:31,15:38,7,7,12.6,0,0.0,144.604,132.004,1,B1689,passenger_flight,Position,Delivery
61,28,Delivery,4,4,4,4,598,601,15:38,15:41,3,0,0.0,2,8.534,132.004,140.538,0,B1689,delivery_service,Delivery,Delivery
61,29,Stay,4,4,4,4,601,619,15:41,15:59,18,0,0.0,18,19.462,140.538,160.0,0,B1838,parking_charging,Position,Pickup
61,30,Pickup,4,4,4,4,619,622,15:59,16:02,3,0,0.0,2,0.0,160.0,160.0,1,B1838,pickup_service,Pickup,Pickup
61,31,Stay,4,4,4,4,622,628,16:02,16:08,6,0,0.0,6,0.0,160.0,160.0,1,B1838,parking_charging,Position,Movement
61,32,Movement,4,7,4,7,628,635,16:08,16:15,7,7,21.43,0,0.0,160.0,138.57,1,B1838,passenger_flight,Position,Delivery
61,33,Delivery,7,7,7,7,635,638,16:15,16:18,3,0,0.0,2,8.534,138.57,147.104,0,B1838,delivery_service,Delivery,Delivery
61,34,Pickup,7,7,7,7,638,641,16:18,16:21,3,0,0.0,2,8.534,147.104,155.638,1,B1974,pickup_service,Pickup,Pickup
61,35,Stay,7,7,7,7,641,649,16:21,16:29,8,0,0.0,8,4.362,155.638,160.0,1,B1974,parking_charging,Position,Movement
61,36,Movement,7,6,7,6,649,661,16:29,16:41,12,12,43.48,0,0.0,160.0,116.52,1,B1974,passenger_flight,Position,Delivery
61,37,Delivery,6,6,6,6,661,664,16:41,16:44,3,0,0.0,2,8.534,116.52,125.054,0,B1974,delivery_service,Delivery,Delivery
61,38,Stay,6,6,6,6,664,680,16:44,17:00,16,0,0.0,16,34.946,125.054,160.0,0,B2222,parking_charging,Position,Pickup
61,39,Pickup,6,6,6,6,680,683,17:00,17:03,3,0,0.0,2,0.0,160.0,160.0,1,B2222,pickup_service,Pickup,Pickup
61,40,Movement,6,7,6,7,683,695,17:03,17:15,12,12,43.48,0,0.0,160.0,116.52,1,B2222,passenger_flight,Position,Delivery
61,41,Delivery,7,7,7,7,695,698,17:15,17:18,3,0,0.0,2,8.534,116.52,125.054,0,B2222,delivery_service,Delivery,Delivery
61,42,Stay,7,7,7,7,698,701,17:18,17:21,3,0,0.0,3,12.801,125.054,137.855,0,B2500,parking_charging,Position,Pickup
61,43,Pickup,7,7,7,7,701,704,17:21,17:24,3,0,0.0,2,8.534,137.855,146.389,1,B2500,pickup_service,Pickup,Pickup
61,44,Pickup,7,7,7,7,704,707,17:24,17:27,3,0,0.0,2,8.534,146.389,154.923,2,B2509,pickup_service,Pickup,Pickup
61,45,Movement,7,1,7,1,707,714,17:27,17:34,7,7,21.03,0,0.0,154.923,133.893,2,B2509,passenger_flight,Position,Delivery
61,46,Delivery,1,1,1,1,714,717,17:34,17:37,3,0,0.0,2,8.534,133.893,142.427,1,B2509,delivery_service,Delivery,Delivery
61,47,Delivery,1,1,1,1,717,720,17:37,17:40,3,0,0.0,2,8.534,142.427,150.961,0,B2500,delivery_service,Delivery,Delivery
61,48,Movement,1,3,1,3,720,726,17:40,17:46,6,6,9.61,0,0.0,150.961,141.351,0,B2702,empty_repositioning,Position,Pickup
61,49,Pickup,3,3,3,3,726,729,17:46,17:49,3,0,0.0,2,8.534,141.351,149.885,1,B2702,pickup_service,Pickup,Pickup
61,50,Movement,3,1,3,1,729,735,17:49,17:55,6,6,9.61,0,0.0,149.885,140.275,1,B2702,passenger_flight,Position,Delivery
61,51,Delivery,1,1,1,1,735,738,17:55,17:58,3,0,0.0,2,8.534,140.275,148.809,0,B2702,delivery_service,Delivery,Delivery
61,52,Stay,1,1,1,1,738,740,17:58,18:00,2,0,0.0,2,8.534,148.809,157.343,0,B2872,parking_charging,Position,Pickup
61,53,Pickup,1,1,1,1,740,743,18:00,18:03,3,0,0.0,2,2.657,157.343,160.0,1,B2872,pickup_service,Pickup,Pickup
61,54,Movement,1,5,1,5,743,751,18:03,18:11,8,8,14.88,0,0.0,160.0,145.12,1,B2872,passenger_flight,Position,Delivery
61,55,Delivery,5,5,5,5,751,754,18:11,18:14,3,0,0.0,2,8.534,145.12,153.654,0,B2872,delivery_service,Delivery,Delivery
61,56,Stay,5,5,5,5,754,762,18:14,18:22,8,0,0.0,8,6.346,153.654,160.0,0,B3112,parking_charging,Position,Movement
61,57,Movement,5,1,5,1,762,770,18:22,18:30,8,8,14.88,0,0.0,160.0,145.12,0,B3112,empty_repositioning,Position,Pickup
61,58,Pickup,1,1,1,1,770,773,18:30,18:33,3,0,0.0,2,8.534,145.12,153.654,1,B3112,pickup_service,Pickup,Pickup
61,59,Pickup,1,1,1,1,773,776,18:33,18:36,3,0,0.0,2,6.346,153.654,160.0,2,B3133,pickup_service,Pickup,Pickup
61,60,Movement,1,8,1,8,776,788,18:36,18:48,12,12,41.05,0,0.0,160.0,118.95,2,B3133,passenger_flight,Position,Delivery
61,61,Delivery,8,8,8,8,788,791,18:48,18:51,3,0,0.0,2,8.534,118.95,127.484,1,B3133,delivery_service,Delivery,Delivery
61,62,Delivery,8,8,8,8,791,794,18:51,18:54,3,0,0.0,2,8.534,127.484,136.018,0,B3112,delivery_service,Delivery,Delivery
61,63,Movement,8,2,8,2,794,804,18:54,19:04,10,10,32.38,0,0.0,136.018,103.638,0,,return_to_depot,Position,Depot
62,0,Stay,3,3,3,3,0,160,05:40,08:20,160,0,0.0,160,0.0,160.0,160.0,0,B191,parking_charging,Position,Pickup
62,1,Pickup,3,3,3,3,160,163,08:20,08:23,3,0,0.0,2,0.0,160.0,160.0,1,B191,pickup_service,Pickup,Pickup
62,2,Movement,3,5,3,5,163,171,08:23,08:31,8,8,23.93,0,0.0,160.0,136.07,1,B191,passenger_flight,Position,Delivery
62,3,Delivery,5,5,5,5,171,174,08:31,08:34,3,0,0.0,2,8.534,136.07,144.604,0,B191,delivery_service,Delivery,Delivery
62,4,Stay,5,5,5,5,174,180,08:34,08:40,6,0,0.0,6,15.396,144.604,160.0,0,B275,parking_charging,Position,Pickup
62,5,Pickup,5,5,5,5,180,183,08:40,08:43,3,0,0.0,2,0.0,160.0,160.0,3,B275,pickup_service,Pickup,Pickup
62,6,Stay,5,5,5,5,183,184,08:43,08:44,1,0,0.0,1,0.0,160.0,160.0,3,B320,parking_charging,Position,Movement
62,7,Movement,5,3,5,3,184,192,08:44,08:52,8,8,23.93,0,0.0,160.0,136.07,3,B320,passenger_flight,Position,Pickup
62,8,Pickup,3,3,3,3,192,195,08:52,08:55,3,0,0.0,2,8.534,136.07,144.604,4,B320,pickup_service,Pickup,Pickup
62,9,Delivery,3,3,3,3,195,198,08:55,08:58,3,0,0.0,2,8.534,144.604,153.138,1,B275,delivery_service,Delivery,Delivery
62,10,Pickup,3,3,3,3,198,201,08:58,09:01,3,0,0.0,2,6.862,153.138,160.0,2,B336,pickup_service,Pickup,Pickup
62,11,Movement,3,4,3,4,201,208,09:01,09:08,7,7,12.6,0,0.0,160.0,147.4,2,B320,passenger_flight,Position,Delivery
62,12,Delivery,4,4,4,4,208,211,09:08,09:11,3,0,0.0,2,8.534,147.4,155.934,1,B320,delivery_service,Delivery,Delivery
62,13,Delivery,4,4,4,4,211,214,09:11,09:14,3,0,0.0,2,4.066,155.934,160.0,0,B336,delivery_service,Delivery,Delivery
62,14,Stay,4,4,4,4,214,260,09:14,10:00,46,0,0.0,46,0.0,160.0,160.0,0,B507,parking_charging,Position,Movement
62,15,Movement,4,5,4,5,260,266,10:00,10:06,6,6,11.45,0,0.0,160.0,148.55,0,B507,empty_repositioning,Position,Pickup
62,16,Pickup,5,5,5,5,266,269,10:06,10:09,3,0,0.0,2,8.534,148.55,157.084,1,B507,pickup_service,Pickup,Pickup
62,17,Movement,5,7,5,7,269,279,10:09,10:19,10,10,32.24,0,0.0,157.084,124.844,1,B507,passenger_flight,Position,Delivery
62,18,Delivery,7,7,7,7,279,282,10:19,10:22,3,0,0.0,2,8.534,124.844,133.378,0,B507,delivery_service,Delivery,Delivery
62,19,Stay,7,7,7,7,282,295,10:22,10:35,13,0,0.0,13,26.622,133.378,160.0,0,B698,parking_charging,Position,Pickup
62,20,Pickup,7,7,7,7,295,298,10:35,10:38,3,0,0.0,2,0.0,160.0,160.0,1,B698,pickup_service,Pickup,Pickup
62,21,Pickup,7,7,7,7,298,301,10:38,10:41,3,0,0.0,2,0.0,160.0,160.0,2,B684,pickup_service,Pickup,Pickup
62,22,Movement,7,4,7,4,301,308,10:41,10:48,7,7,21.43,0,0.0,160.0,138.57,2,B684,passenger_flight,Position,Delivery
62,23,Delivery,4,4,4,4,308,311,10:48,10:51,3,0,0.0,2,8.534,138.57,147.104,1,B684,delivery_service,Delivery,Delivery
62,24,Delivery,4,4,4,4,311,314,10:51,10:54,3,0,0.0,2,8.534,147.104,155.638,0,B698,delivery_service,Delivery,Delivery
62,25,Pickup,4,4,4,4,314,317,10:54,10:57,3,0,0.0,2,4.362,155.638,160.0,1,B764,pickup_service,Pickup,Pickup
62,26,Movement,4,2,4,2,317,323,10:57,11:03,6,6,16.13,0,0.0,160.0,143.87,1,B764,passenger_flight,Position,Delivery
62,27,Delivery,2,2,2,2,323,326,11:03,11:06,3,0,0.0,2,8.534,143.87,152.404,0,B764,delivery_service,Delivery,Delivery
62,28,Stay,2,2,2,2,326,334,11:06,11:14,8,0,0.0,8,7.596,152.404,160.0,0,B894,parking_charging,Position,Pickup
62,29,Pickup,2,2,2,2,334,337,11:14,11:17,3,0,0.0,2,0.0,160.0,160.0,1,B894,pickup_service,Pickup,Pickup
62,30,Stay,2,2,2,2,337,343,11:17,11:23,6,0,0.0,6,0.0,160.0,160.0,1,B894,parking_charging,Position,Movement
62,31,Movement,2,5,2,5,343,351,11:23,11:31,8,8,27.57,0,0.0,160.0,132.43,1,B894,passenger_flight,Position,Delivery
62,32,Delivery,5,5,5,5,351,354,11:31,11:34,3,0,0.0,2,8.534,132.43,140.964,0,B894,delivery_service,Delivery,Delivery
62,33,Stay,5,5,5,5,354,586,11:34,15:26,232,0,0.0,232,19.036,140.964,160.0,0,B1728,parking_charging,Position,Movement
62,34,Movement,5,1,5,1,586,594,15:26,15:34,8,8,14.88,0,0.0,160.0,145.12,0,B1728,empty_repositioning,Position,Pickup
62,35,Pickup,1,1,1,1,594,597,15:34,15:37,3,0,0.0,2,8.534,145.12,153.654,1,B1728,pickup_service,Pickup,Pickup
62,36,Stay,1,1,1,1,597,605,15:37,15:45,8,0,0.0,8,6.346,153.654,160.0,1,B1728,parking_charging,Position,Movement
62,37,Movement,1,9,1,9,605,621,15:45,16:01,16,16,57.72,0,0.0,160.0,102.28,1,B1728,passenger_flight,Position,Delivery
62,38,Delivery,9,9,9,9,621,624,16:01,16:04,3,0,0.0,2,8.534,102.28,110.814,0,B1728,delivery_service,Delivery,Delivery
62,39,Stay,9,9,9,9,624,635,16:04,16:15,11,0,0.0,11,46.937,110.814,157.751,0,B1950,parking_charging,Position,Pickup
62,40,Pickup,9,9,9,9,635,638,16:15,16:18,3,0,0.0,2,2.249,157.751,160.0,1,B1950,pickup_service,Pickup,Pickup
62,41,Stay,9,9,9,9,638,644,16:18,16:24,6,0,0.0,6,0.0,160.0,160.0,1,B1950,parking_charging,Position,Movement
62,42,Movement,9,3,9,3,644,659,16:24,16:39,15,15,52.78,0,0.0,160.0,107.22,1,B1950,passenger_flight,Position,Delivery
62,43,Delivery,3,3,3,3,659,662,16:39,16:42,3,0,0.0,2,8.534,107.22,115.754,0,B1950,delivery_service,Delivery,Delivery
62,44,Stay,3,3,3,3,662,668,16:42,16:48,6,0,0.0,6,25.602,115.754,141.356,0,B2215,parking_charging,Position,Movement
62,45,Movement,3,1,3,1,668,674,16:48,16:54,6,6,9.61,0,0.0,141.356,131.746,0,B2215,empty_repositioning,Position,Pickup
62,46,Pickup,1,1,1,1,674,677,16:54,16:57,3,0,0.0,2,8.534,131.746,140.28,1,B2215,pickup_service,Pickup,Pickup
62,47,Movement,1,3,1,3,677,683,16:57,17:03,6,6,9.61,0,0.0,140.28,130.67,1,B2215,passenger_flight,Position,Delivery
62,48,Delivery,3,3,3,3,683,686,17:03,17:06,3,0,0.0,2,8.534,130.67,139.204,0,B2215,delivery_service,Delivery,Delivery
62,49,Stay,3,3,3,3,686,697,17:06,17:17,11,0,0.0,11,20.796,139.204,160.0,0,B2458,parking_charging,Position,Pickup
62,50,Pickup,3,3,3,3,697,700,17:17,17:20,3,0,0.0,2,0.0,160.0,160.0,2,B2458,pickup_service,Pickup,Pickup
62,51,Stay,3,3,3,3,700,703,17:20,17:23,3,0,0.0,3,0.0,160.0,160.0,2,B2458,parking_charging,Position,Movement
62,52,Movement,3,4,3,4,703,710,17:23,17:30,7,7,12.6,0,0.0,160.0,147.4,2,B2458,passenger_flight,Position,Delivery
62,53,Delivery,4,4,4,4,710,713,17:30,17:33,3,0,0.0,2,8.534,147.4,155.934,0,B2458,delivery_service,Delivery,Delivery
62,54,Pickup,4,4,4,4,713,716,17:33,17:36,3,0,0.0,2,4.066,155.934,160.0,1,B2558,pickup_service,Pickup,Pickup
62,55,Movement,4,2,4,2,716,722,17:36,17:42,6,6,16.13,0,0.0,160.0,143.87,1,B2558,passenger_flight,Position,Delivery
62,56,Delivery,2,2,2,2,722,725,17:42,17:45,3,0,0.0,2,8.534,143.87,152.404,0,B2558,delivery_service,Delivery,Delivery
62,57,Pickup,2,2,2,2,725,728,17:45,17:48,3,0,0.0,2,7.596,152.404,160.0,2,B2754,pickup_service,Pickup,Pickup
62,58,Stay,2,2,2,2,728,731,17:48,17:51,3,0,0.0,3,0.0,160.0,160.0,2,B2823,parking_charging,Position,Pickup
62,59,Pickup,2,2,2,2,731,734,17:51,17:54,3,0,0.0,2,0.0,160.0,160.0,4,B2823,pickup_service,Pickup,Pickup
62,60,Movement,2,4,2,4,734,740,17:54,18:00,6,6,16.13,0,0.0,160.0,143.87,4,B2754,passenger_flight,Position,Delivery
62,61,Delivery,4,4,4,4,740,743,18:00,18:03,3,0,0.0,2,8.534,143.87,152.404,2,B2754,delivery_service,Delivery,Delivery
62,62,Delivery,4,4,4,4,743,746,18:03,18:06,3,0,0.0,2,7.596,152.404,160.0,0,B2823,delivery_service,Delivery,Delivery
62,63,Pickup,4,4,4,4,746,749,18:06,18:09,3,0,0.0,2,0.0,160.0,160.0,2,B2966,pickup_service,Pickup,Pickup
62,64,Pickup,4,4,4,4,749,752,18:09,18:12,3,0,0.0,2,0.0,160.0,160.0,3,B2945,pickup_service,Pickup,Pickup
62,65,Movement,4,3,4,3,752,759,18:12,18:19,7,7,12.6,0,0.0,160.0,147.4,3,B2945,passenger_flight,Position,Delivery
62,66,Delivery,3,3,3,3,759,762,18:19,18:22,3,0,0.0,2,8.534,147.4,155.934,2,B2945,delivery_service,Delivery,Delivery
62,67,Delivery,3,3,3,3,762,765,18:22,18:25,3,0,0.0,2,4.066,155.934,160.0,0,B2966,delivery_service,Delivery,Delivery
62,68,Stay,3,3,3,3,765,769,18:25,18:29,4,0,0.0,4,0.0,160.0,160.0,0,B3105,parking_charging,Position,Pickup
62,69,Pickup,3,3,3,3,769,772,18:29,18:32,3,0,0.0,2,0.0,160.0,160.0,1,B3105,pickup_service,Pickup,Pickup
62,70,Movement,3,8,3,8,772,782,18:32,18:42,10,10,35.17,0,0.0,160.0,124.83,1,B3105,passenger_flight,Position,Delivery
62,71,Delivery,8,8,8,8,782,785,18:42,18:45,3,0,0.0,2,8.534,124.83,133.364,0,B3105,delivery_service,Delivery,Delivery
62,72,Movement,8,3,8,3,785,795,18:45,18:55,10,10,35.17,0,0.0,133.364,98.194,0,,return_to_depot,Position,Depot
63,0,Stay,4,4,4,4,0,140,05:40,08:00,140,0,0.0,140,0.0,160.0,160.0,0,B140,parking_charging,Position,Movement
63,1,Movement,4,6,4,6,140,147,08:00,08:07,7,7,22.06,0,0.0,160.0,137.94,0,B140,empty_repositioning,Position,Pickup
63,2,Pickup,6,6,6,6,147,150,08:07,08:10,3,0,0.0,2,8.534,137.94,146.474,1,B140,pickup_service,Pickup,Pickup
63,3,Pickup,6,6,6,6,150,153,08:10,08:13,3,0,0.0,2,8.534,146.474,155.008,2,B168,pickup_service,Pickup,Pickup
63,4,Movement,6,7,6,7,153,165,08:13,08:25,12,12,43.48,0,0.0,155.008,111.528,2,B140,passenger_flight,Position,Delivery
63,5,Delivery,7,7,7,7,165,168,08:25,08:28,3,0,0.0,2,8.534,111.528,120.062,1,B140,delivery_service,Delivery,Delivery
63,6,Movement,7,9,7,9,168,180,08:28,08:40,12,12,40.12,0,0.0,120.062,79.942,1,B168,passenger_flight,Position,Delivery
63,7,Delivery,9,9,9,9,180,183,08:40,08:43,3,0,0.0,2,8.534,79.942,88.476,0,B168,delivery_service,Delivery,Delivery
63,8,Stay,9,9,9,9,183,200,08:43,09:00,17,0,0.0,17,71.524,88.476,160.0,0,B330,parking_charging,Position,Pickup
63,9,Pickup,9,9,9,9,200,203,09:00,09:03,3,0,0.0,2,0.0,160.0,160.0,1,B330,pickup_service,Pickup,Pickup
63,10,Movement,9,6,9,6,203,223,09:03,09:23,20,20,74.79,0,0.0,160.0,85.21,1,B330,passenger_flight,Position,Delivery
63,11,Delivery,6,6,6,6,223,226,09:23,09:26,3,0,0.0,2,8.534,85.21,93.744,0,B330,delivery_service,Delivery,Delivery
63,12,Pickup,6,6,6,6,226,229,09:26,09:29,3,0,0.0,2,8.534,93.744,102.278,1,B403,pickup_service,Pickup,Pickup
63,13,Movement,6,1,6,1,229,236,09:29,09:36,7,7,23.39,0,0.0,102.278,78.888,1,B403,passenger_flight,Position,Delivery
63,14,Delivery,1,1,1,1,236,239,09:36,09:39,3,0,0.0,2,8.534,78.888,87.422,0,B403,delivery_service,Delivery,Delivery
63,15,Stay,1,1,1,1,239,263,09:39,10:03,24,0,0.0,24,72.578,87.422,160.0,0,B557,parking_charging,Position,Movement
63,16,Movement,1,6,1,6,263,270,10:03,10:10,7,7,23.39,0,0.0,160.0,136.61,0,B557,empty_repositioning,Position,Pickup
63,17,Pickup,6,6,6,6,270,273,10:10,10:13,3,0,0.0,2,8.534,136.61,145.144,1,B557,pickup_service,Pickup,Pickup
63,18,Stay,6,6,6,6,273,275,10:13,10:15,2,0,0.0,2,8.534,145.144,153.678,1,B590,parking_charging,Position,Pickup
63,19,Pickup,6,6,6,6,275,278,10:15,10:18,3,0,0.0,2,6.322,153.678,160.0,2,B590,pickup_service,Pickup,Pickup
63,20,Movement,6,10,6,10,278,289,10:18,10:29,11,11,35.74,0,0.0,160.0,124.26,2,B557,passenger_flight,Position,Delivery
63,21,Delivery,10,10,10,10,289,292,10:29,10:32,3,0,0.0,2,8.534,124.26,132.794,1,B557,delivery_service,Delivery,Delivery
63,22,Delivery,10,10,10,10,292,295,10:32,10:35,3,0,0.0,2,8.534,132.794,141.328,0,B590,delivery_service,Delivery,Delivery
63,23,Stay,10,10,10,10,295,301,10:35,10:41,6,0,0.0,6,18.672,141.328,160.0,0,B728,parking_charging,Position,Pickup
63,24,Pickup,10,10,10,10,301,304,10:41,10:44,3,0,0.0,2,0.0,160.0,160.0,1,B728,pickup_service,Pickup,Pickup
63,25,Pickup,10,10,10,10,304,307,10:44,10:47,3,0,0.0,2,0.0,160.0,160.0,2,B741,pickup_service,Pickup,Pickup
63,26,Movement,10,4,10,4,307,319,10:47,10:59,12,12,42.86,0,0.0,160.0,117.14,2,B741,passenger_flight,Position,Delivery
63,27,Delivery,4,4,4,4,319,322,10:59,11:02,3,0,0.0,2,8.534,117.14,125.674,1,B741,delivery_service,Delivery,Delivery
63,28,Movement,4,3,4,3,322,329,11:02,11:09,7,7,12.6,0,0.0,125.674,113.074,1,B728,passenger_flight,Position,Delivery
63,29,Delivery,3,3,3,3,329,332,11:09,11:12,3,0,0.0,2,8.534,113.074,121.608,0,B728,delivery_service,Delivery,Delivery
63,30,Pickup,3,3,3,3,332,335,11:12,11:15,3,0,0.0,2,8.534,121.608,130.142,1,B864,pickup_service,Pickup,Pickup
63,31,Movement,3,9,3,9,335,350,11:15,11:30,15,15,52.78,0,0.0,130.142,77.362,1,B864,passenger_flight,Position,Delivery
63,32,Delivery,9,9,9,9,350,353,11:30,11:33,3,0,0.0,2,8.534,77.362,85.896,0,B864,delivery_service,Delivery,Delivery
63,33,Stay,9,9,9,9,353,480,11:33,13:40,127,0,0.0,127,74.104,85.896,160.0,0,B1295,parking_charging,Position,Movement
63,34,Movement,9,8,9,8,480,486,13:40,13:46,6,6,18.04,0,0.0,160.0,141.96,0,B1295,empty_repositioning,Position,Pickup
63,35,Pickup,8,8,8,8,486,489,13:46,13:49,3,0,0.0,2,8.534,141.96,150.494,1,B1295,pickup_service,Pickup,Pickup
63,36,Pickup,8,8,8,8,489,492,13:49,13:52,3,0,0.0,2,8.534,150.494,159.028,2,B1311,pickup_service,Pickup,Pickup
63,37,Movement,8,6,8,6,492,509,13:52,14:09,17,17,60.41,0,0.0,159.028,98.618,2,B1295,passenger_flight,Position,Delivery
63,38,Delivery,6,6,6,6,509,512,14:09,14:12,3,0,0.0,2,8.534,98.618,107.152,1,B1295,delivery_service,Delivery,Delivery
63,39,Delivery,6,6,6,6,512,515,14:12,14:15,3,0,0.0,2,8.534,107.152,115.686,0,B1311,delivery_service,Delivery,Delivery
63,40,Stay,6,6,6,6,515,544,14:15,14:44,29,0,0.0,29,44.314,115.686,160.0,0,B1528,parking_charging,Position,Pickup
63,41,Pickup,6,6,6,6,544,547,14:44,14:47,3,0,0.0,2,0.0,160.0,160.0,1,B1528,pickup_service,Pickup,Pickup
63,42,Stay,6,6,6,6,547,553,14:47,14:53,6,0,0.0,6,0.0,160.0,160.0,1,B1528,parking_charging,Position,Movement
63,43,Movement,6,3,6,3,553,563,14:53,15:03,10,10,32.98,0,0.0,160.0,127.02,1,B1528,passenger_flight,Position,Delivery
63,44,Delivery,3,3,3,3,563,566,15:03,15:06,3,0,0.0,2,8.534,127.02,135.554,0,B1528,delivery_service,Delivery,Delivery
63,45,Stay,3,3,3,3,566,585,15:06,15:25,19,0,0.0,19,24.446,135.554,160.0,0,B1680,parking_charging,Position,Pickup
63,46,Pickup,3,3,3,3,585,588,15:25,15:28,3,0,0.0,2,0.0,160.0,160.0,1,B1680,pickup_service,Pickup,Pickup
63,47,Movement,3,4,3,4,588,595,15:28,15:35,7,7,12.6,0,0.0,160.0,147.4,1,B1680,passenger_flight,Position,Delivery
63,48,Delivery,4,4,4,4,595,598,15:35,15:38,3,0,0.0,2,8.534,147.4,155.934,0,B1680,delivery_service,Delivery,Delivery
63,49,Pickup,4,4,4,4,598,601,15:38,15:41,3,0,0.0,2,4.066,155.934,160.0,1,B1748,pickup_service,Pickup,Pickup
63,50,Movement,4,8,4,8,601,612,15:41,15:52,11,11,39.54,0,0.0,160.0,120.46,1,B1748,passenger_flight,Position,Delivery
63,51,Delivery,8,8,8,8,612,615,15:52,15:55,3,0,0.0,2,8.534,120.46,128.994,0,B1748,delivery_service,Delivery,Delivery
63,52,Stay,8,8,8,8,615,626,15:55,16:06,11,0,0.0,11,31.006,128.994,160.0,0,B1889,parking_charging,Position,Pickup
63,53,Pickup,8,8,8,8,626,629,16:06,16:09,3,0,0.0,2,0.0,160.0,160.0,1,B1889,pickup_service,Pickup,Pickup
63,54,Movement,8,4,8,4,629,640,16:09,16:20,11,11,39.54,0,0.0,160.0,120.46,1,B1889,passenger_flight,Position,Delivery
63,55,Delivery,4,4,4,4,640,643,16:20,16:23,3,0,0.0,2,8.534,120.46,128.994,0,B1889,delivery_service,Delivery,Delivery
63,56,Stay,4,4,4,4,643,644,16:23,16:24,1,0,0.0,1,4.267,128.994,133.261,0,B2022,parking_charging,Position,Movement
63,57,Movement,4,1,4,1,644,648,16:24,16:28,4,4,4.98,0,0.0,133.261,128.281,0,B2022,empty_repositioning,Position,Pickup
63,58,Pickup,1,1,1,1,648,651,16:28,16:31,3,0,0.0,2,8.534,128.281,136.815,1,B2022,pickup_service,Pickup,Pickup
63,59,Movement,1,3,1,3,651,657,16:31,16:37,6,6,9.61,0,0.0,136.815,127.205,1,B2022,passenger_flight,Position,Delivery
63,60,Delivery,3,3,3,3,657,660,16:37,16:40,3,0,0.0,2,8.534,127.205,135.739,0,B2022,delivery_service,Delivery,Delivery
63,61,Stay,3,3,3,3,660,670,16:40,16:50,10,0,0.0,10,24.261,135.739,160.0,0,B2191,parking_charging,Position,Pickup
63,62,Pickup,3,3,3,3,670,673,16:50,16:53,3,0,0.0,2,0.0,160.0,160.0,2,B2191,pickup_service,Pickup,Pickup
63,63,Stay,3,3,3,3,673,675,16:53,16:55,2,0,0.0,2,0.0,160.0,160.0,2,B2226,parking_charging,Position,Pickup
63,64,Pickup,3,3,3,3,675,678,16:55,16:58,3,0,0.0,2,0.0,160.0,160.0,3,B2226,pickup_service,Pickup,Pickup
63,65,Movement,3,9,3,9,678,693,16:58,17:13,15,15,52.78,0,0.0,160.0,107.22,3,B2191,passenger_flight,Position,Delivery
63,66,Delivery,9,9,9,9,693,696,17:13,17:16,3,0,0.0,2,8.534,107.22,115.754,1,B2191,delivery_service,Delivery,Delivery
63,67,Delivery,9,9,9,9,696,699,17:16,17:19,3,0,0.0,2,8.534,115.754,124.288,0,B2226,delivery_service,Delivery,Delivery
63,68,Pickup,9,9,9,9,699,702,17:19,17:22,3,0,0.0,2,8.534,124.288,132.822,4,B2377,pickup_service,Pickup,Pickup
63,69,Movement,9,4,9,4,702,717,17:22,17:37,15,15,55.47,0,0.0,132.822,77.352,4,B2377,passenger_flight,Position,Delivery
63,70,Delivery,4,4,4,4,717,720,17:37,17:40,3,0,0.0,2,8.534,77.352,85.886,0,B2377,delivery_service,Delivery,Delivery
63,71,Stay,4,4,4,4,720,726,17:40,17:46,6,0,0.0,6,25.602,85.886,111.488,0,B2771,parking_charging,Position,Pickup
63,72,Pickup,4,4,4,4,726,729,17:46,17:49,3,0,0.0,2,8.534,111.488,120.022,1,B2771,pickup_service,Pickup,Pickup
63,73,Pickup,4,4,4,4,729,732,17:49,17:52,3,0,0.0,2,8.534,120.022,128.556,2,B2746,pickup_service,Pickup,Pickup
63,74,Movement,4,7,4,7,732,739,17:52,17:59,7,7,21.43,0,0.0,128.556,107.126,2,B2746,passenger_flight,Position,Delivery
63,75,Delivery,7,7,7,7,739,742,17:59,18:02,3,0,0.0,2,8.534,107.126,115.66,1,B2746,delivery_service,Delivery,Delivery
63,76,Delivery,7,7,7,7,742,745,18:02,18:05,3,0,0.0,2,8.534,115.66,124.194,0,B2771,delivery_service,Delivery,Delivery
63,77,Pickup,7,7,7,7,745,748,18:05,18:08,3,0,0.0,2,8.534,124.194,132.728,1,B2927,pickup_service,Pickup,Pickup
63,78,Movement,7,3,7,3,748,755,18:08,18:15,7,7,13.33,0,0.0,132.728,119.398,1,B2993,passenger_flight,Position,Pickup
63,79,Pickup,3,3,3,3,755,758,18:15,18:18,3,0,0.0,2,8.534,119.398,127.932,2,B2993,pickup_service,Pickup,Pickup
63,80,Delivery,3,3,3,3,758,761,18:18,18:21,3,0,0.0,2,8.534,127.932,136.466,1,B2927,delivery_service,Delivery,Delivery
63,81,Movement,3,6,3,6,761,771,18:21,18:31,10,10,32.98,0,0.0,136.466,103.486,1,B2993,passenger_flight,Position,Delivery
63,82,Delivery,6,6,6,6,771,774,18:31,18:34,3,0,0.0,2,8.534,103.486,112.02,0,B2993,delivery_service,Delivery,Delivery
63,83,Stay,6,6,6,6,774,780,18:34,18:40,6,0,0.0,6,25.602,112.02,137.622,0,B3173,parking_charging,Position,Movement
63,84,Movement,6,1,6,1,780,787,18:40,18:47,7,7,23.39,0,0.0,137.622,114.232,0,B3173,empty_repositioning,Position,Pickup
63,85,Pickup,1,1,1,1,787,790,18:47,18:50,3,0,0.0,2,8.534,114.232,122.766,1,B3173,pickup_service,Pickup,Pickup
63,86,Movement,1,8,1,8,790,802,18:50,19:02,12,12,41.05,0,0.0,122.766,81.716,1,B3173,passenger_flight,Position,Delivery
63,87,Delivery,8,8,8,8,802,805,19:02,19:05,3,0,0.0,2,8.534,81.716,90.25,0,B3173,delivery_service,Delivery,Delivery
63,88,Movement,8,4,8,4,805,816,19:05,19:16,11,11,39.54,0,0.0,90.25,50.71,0,,return_to_depot,Position,Depot
64,0,Stay,5,5,5,5,0,145,05:40,08:05,145,0,0.0,145,0.0,160.0,160.0,0,B144,parking_charging,Position,Pickup
64,1,Pickup,5,5,5,5,145,148,08:05,08:08,3,0,0.0,2,0.0,160.0,160.0,2,B144,pickup_service,Pickup,Pickup
64,2,Pickup,5,5,5,5,148,151,08:08,08:11,3,0,0.0,2,0.0,160.0,160.0,4,B139,pickup_service,Pickup,Pickup
64,3,Movement,5,3,5,3,151,159,08:11,08:19,8,8,23.93,0,0.0,160.0,136.07,4,B144,passenger_flight,Position,Delivery
64,4,Delivery,3,3,3,3,159,162,08:19,08:22,3,0,0.0,2,8.534,136.07,144.604,2,B144,delivery_service,Delivery,Delivery
64,5,Delivery,3,3,3,3,162,165,08:22,08:25,3,0,0.0,2,8.534,144.604,153.138,0,B139,delivery_service,Delivery,Delivery
64,6,Stay,3,3,3,3,165,179,08:25,08:39,14,0,0.0,14,6.862,153.138,160.0,0,B282,parking_charging,Position,Pickup
64,7,Pickup,3,3,3,3,179,182,08:39,08:42,3,0,0.0,2,0.0,160.0,160.0,1,B282,pickup_service,Pickup,Pickup
64,8,Stay,3,3,3,3,182,187,08:42,08:47,5,0,0.0,5,0.0,160.0,160.0,1,B282,parking_charging,Position,Movement
64,9,Movement,3,4,3,4,187,194,08:47,08:54,7,7,12.6,0,0.0,160.0,147.4,1,B282,passenger_flight,Position,Delivery
64,10,Delivery,4,4,4,4,194,197,08:54,08:57,3,0,0.0,2,8.534,147.4,155.934,0,B282,delivery_service,Delivery,Delivery
64,11,Stay,4,4,4,4,197,260,08:57,10:00,63,0,0.0,63,4.066,155.934,160.0,0,B532,parking_charging,Position,Movement
64,12,Movement,4,6,4,6,260,267,10:00,10:07,7,7,22.06,0,0.0,160.0,137.94,0,B532,empty_repositioning,Position,Pickup
64,13,Pickup,6,6,6,6,267,270,10:07,10:10,3,0,0.0,2,8.534,137.94,146.474,1,B532,pickup_service,Pickup,Pickup
64,14,Movement,6,4,6,4,270,277,10:10,10:17,7,7,22.06,0,0.0,146.474,124.414,1,B565,passenger_flight,Position,Pickup
64,15,Pickup,4,4,4,4,277,280,10:17,10:20,3,0,0.0,2,8.534,124.414,132.948,2,B565,pickup_service,Pickup,Pickup
64,16,Movement,4,9,4,9,280,295,10:20,10:35,15,15,55.47,0,0.0,132.948,77.478,2,B565,passenger_flight,Position,Delivery
64,17,Delivery,9,9,9,9,295,298,10:35,10:38,3,0,0.0,2,8.534,77.478,86.012,1,B565,delivery_service,Delivery,Delivery
64,18,Delivery,9,9,9,9,298,301,10:38,10:41,3,0,0.0,2,8.534,86.012,94.546,0,B532,delivery_service,Delivery,Delivery
64,19,Movement,9,8,9,8,301,307,10:41,10:47,6,6,18.04,0,0.0,94.546,76.506,0,B733,empty_repositioning,Position,Pickup
64,20,Pickup,8,8,8,8,307,310,10:47,10:50,3,0,0.0,2,8.534,76.506,85.04,1,B733,pickup_service,Pickup,Pickup
64,21,Movement,8,3,8,3,310,320,10:50,11:00,10,10,35.17,0,0.0,85.04,49.87,1,B733,passenger_flight,Position,Delivery
64,22,Delivery,3,3,3,3,320,323,11:00,11:03,3,0,0.0,2,8.534,49.87,58.404,0,B733,delivery_service,Delivery,Delivery
64,23,Pickup,3,3,3,3,323,326,11:03,11:06,3,0,0.0,2,8.534,58.404,66.938,1,B845,pickup_service,Pickup,Pickup
64,24,Pickup,3,3,3,3,326,329,11:06,11:09,3,0,0.0,2,8.534,66.938,75.472,2,B834,pickup_service,Pickup,Pickup
64,25,Movement,3,5,3,5,329,337,11:09,11:17,8,8,23.93,0,0.0,75.472,51.542,2,B834,passenger_flight,Position,Delivery
64,26,Delivery,5,5,5,5,337,340,11:17,11:20,3,0,0.0,2,8.534,51.542,60.076,1,B834,delivery_service,Delivery,Delivery
64,27,Movement,5,10,5,10,340,350,11:20,11:30,10,10,33.52,0,0.0,60.076,26.556,1,B845,passenger_flight,Position,Delivery
64,28,Delivery,10,10,10,10,350,353,11:30,11:33,3,0,0.0,2,8.534,26.556,35.09,0,B845,delivery_service,Delivery,Delivery
64,29,Stay,10,10,10,10,353,357,11:33,11:37,4,0,0.0,4,17.068,35.09,52.158,0,B1000,parking_charging,Position,Pickup
64,30,Pickup,10,10,10,10,357,360,11:37,11:40,3,0,0.0,2,8.534,52.158,60.692,1,B1000,pickup_service,Pickup,Pickup
64,31,Stay,10,10,10,10,360,366,11:40,11:46,6,0,0.0,6,25.602,60.692,86.294,1,B1000,parking_charging,Position,Movement
64,32,Movement,10,9,10,9,366,385,11:46,12:05,19,19,69.89,0,0.0,86.294,16.404,1,B1000,passenger_flight,Position,Delivery
64,33,Delivery,9,9,9,9,385,388,12:05,12:08,3,0,0.0,2,8.534,16.404,24.938,0,B1000,delivery_service,Delivery,Delivery
64,34,Stay,9,9,9,9,388,571,12:08,15:11,183,0,0.0,183,135.062,24.938,160.0,0,B1639,parking_charging,Position,Pickup
64,35,Pickup,9,9,9,9,571,574,15:11,15:14,3,0,0.0,2,0.0,160.0,160.0,1,B1639,pickup_service,Pickup,Pickup
64,36,Movement,9,10,9,10,574,593,15:14,15:33,19,19,69.89,0,0.0,160.0,90.11,1,B1639,passenger_flight,Position,Delivery
64,37,Delivery,10,10,10,10,593,596,15:33,15:36,3,0,0.0,2,8.534,90.11,98.644,0,B1639,delivery_service,Delivery,Delivery
64,38,Pickup,10,10,10,10,596,599,15:36,15:39,3,0,0.0,2,8.534,98.644,107.178,1,B1719,pickup_service,Pickup,Pickup
64,39,Pickup,10,10,10,10,599,602,15:39,15:42,3,0,0.0,2,8.534,107.178,115.712,2,B1740,pickup_service,Pickup,Pickup
64,40,Movement,10,3,10,3,602,617,15:42,15:57,15,15,54.92,0,0.0,115.712,60.792,2,B1719,passenger_flight,Position,Delivery
64,41,Delivery,3,3,3,3,617,620,15:57,16:00,3,0,0.0,2,8.534,60.792,69.326,1,B1719,delivery_service,Delivery,Delivery
64,42,Delivery,3,3,3,3,620,623,16:00,16:03,3,0,0.0,2,8.534,69.326,77.86,0,B1740,delivery_service,Delivery,Delivery
64,43,Movement,3,1,3,1,623,629,16:03,16:09,6,6,9.61,0,0.0,77.86,68.25,0,B1899,empty_repositioning,Position,Pickup
64,44,Pickup,1,1,1,1,629,632,16:09,16:12,3,0,0.0,2,8.534,68.25,76.784,1,B1899,pickup_service,Pickup,Pickup
64,45,Movement,1,10,1,10,632,645,16:12,16:25,13,13,47.44,0,0.0,76.784,29.344,1,B1899,passenger_flight,Position,Delivery
64,46,Delivery,10,10,10,10,645,648,16:25,16:28,3,0,0.0,2,8.534,29.344,37.878,0,B1899,delivery_service,Delivery,Delivery
64,47,Stay,10,10,10,10,648,653,16:28,16:33,5,0,0.0,5,21.335,37.878,59.213,0,B2059,parking_charging,Position,Pickup
64,48,Pickup,10,10,10,10,653,656,16:33,16:36,3,0,0.0,2,8.534,59.213,67.747,1,B2059,pickup_service,Pickup,Pickup
64,49,Pickup,10,10,10,10,656,659,16:36,16:39,3,0,0.0,2,8.534,67.747,76.281,2,B2029,pickup_service,Pickup,Pickup
64,50,Movement,10,3,10,3,659,674,16:39,16:54,15,15,54.92,0,0.0,76.281,21.361,2,B2029,passenger_flight,Position,Delivery
64,51,Delivery,3,3,3,3,674,677,16:54,16:57,3,0,0.0,2,8.534,21.361,29.895,1,B2029,delivery_service,Delivery,Delivery
64,52,Delivery,3,3,3,3,677,680,16:57,17:00,3,0,0.0,2,8.534,29.895,38.429,0,B2059,delivery_service,Delivery,Delivery
64,53,Movement,3,1,3,1,680,686,17:00,17:06,6,6,9.61,0,0.0,38.429,28.819,0,B2322,empty_repositioning,Position,Pickup
64,54,Pickup,1,1,1,1,686,689,17:06,17:09,3,0,0.0,2,8.534,28.819,37.353,1,B2322,pickup_service,Pickup,Pickup
64,55,Pickup,1,1,1,1,689,692,17:09,17:12,3,0,0.0,2,8.534,37.353,45.887,2,B2281,pickup_service,Pickup,Pickup
64,56,Movement,1,3,1,3,692,698,17:12,17:18,6,6,9.61,0,0.0,45.887,36.277,2,B2281,passenger_flight,Position,Delivery
64,57,Delivery,3,3,3,3,698,701,17:18,17:21,3,0,0.0,2,8.534,36.277,44.811,1,B2281,delivery_service,Delivery,Delivery
64,58,Delivery,3,3,3,3,701,704,17:21,17:24,3,0,0.0,2,8.534,44.811,53.345,0,B2322,delivery_service,Delivery,Delivery
64,59,Stay,3,3,3,3,704,710,17:24,17:30,6,0,0.0,6,25.602,53.345,78.947,0,B2594,parking_charging,Position,Pickup
64,60,Pickup,3,3,3,3,710,713,17:30,17:33,3,0,0.0,2,8.534,78.947,87.481,2,B2594,pickup_service,Pickup,Pickup
64,61,Pickup,3,3,3,3,713,716,17:33,17:36,3,0,0.0,2,8.534,87.481,96.015,4,B2567,pickup_service,Pickup,Pickup
64,62,Movement,3,4,3,4,716,723,17:36,17:43,7,7,12.6,0,0.0,96.015,83.415,4,B2594,passenger_flight,Position,Delivery
64,63,Delivery,4,4,4,4,723,726,17:43,17:46,3,0,0.0,2,8.534,83.415,91.949,2,B2594,delivery_service,Delivery,Delivery
64,64,Delivery,4,4,4,4,726,729,17:46,17:49,3,0,0.0,2,8.534,91.949,100.483,0,B2567,delivery_service,Delivery,Delivery
64,65,Pickup,4,4,4,4,729,732,17:49,17:52,3,0,0.0,2,8.534,100.483,109.017,1,B2808,pickup_service,Pickup,Pickup
64,66,Pickup,4,4,4,4,732,735,17:52,17:55,3,0,0.0,2,8.534,109.017,117.551,2,B2784,pickup_service,Pickup,Pickup
64,67,Movement,4,7,4,7,735,742,17:55,18:02,7,7,21.43,0,0.0,117.551,96.121,2,B2784,passenger_flight,Position,Delivery
64,68,Delivery,7,7,7,7,742,745,18:02,18:05,3,0,0.0,2,8.534,96.121,104.655,1,B2784,delivery_service,Delivery,Delivery
64,69,Delivery,7,7,7,7,745,748,18:05,18:08,3,0,0.0,2,8.534,104.655,113.189,0,B2808,delivery_service,Delivery,Delivery
64,70,Pickup,7,7,7,7,748,751,18:08,18:11,3,0,0.0,2,8.534,113.189,121.723,1,B2926,pickup_service,Pickup,Pickup
64,71,Movement,7,1,7,1,751,758,18:11,18:18,7,7,21.03,0,0.0,121.723,100.693,1,B2926,passenger_flight,Position,Delivery
64,72,Delivery,1,1,1,1,758,761,18:18,18:21,3,0,0.0,2,8.534,100.693,109.227,0,B2926,delivery_service,Delivery,Delivery
64,73,Stay,1,1,1,1,761,778,18:21,18:38,17,0,0.0,17,50.773,109.227,160.0,0,B3161,parking_charging,Position,Pickup
64,74,Pickup,1,1,1,1,778,781,18:38,18:41,3,0,0.0,2,0.0,160.0,160.0,1,B3161,pickup_service,Pickup,Pickup
64,75,Stay,1,1,1,1,781,787,18:41,18:47,6,0,0.0,6,0.0,160.0,160.0,1,B3161,parking_charging,Position,Movement
64,76,Movement,1,3,1,3,787,793,18:47,18:53,6,6,9.61,0,0.0,160.0,150.39,1,B3161,passenger_flight,Position,Delivery
64,77,Delivery,3,3,3,3,793,796,18:53,18:56,3,0,0.0,2,8.534,150.39,158.924,0,B3161,delivery_service,Delivery,Delivery
64,78,Stay,3,3,3,3,796,800,18:56,19:00,4,0,0.0,4,1.076,158.924,160.0,0,B3278,parking_charging,Position,Movement
64,79,Movement,3,2,3,2,800,803,19:00,19:03,3,3,4.08,0,0.0,160.0,155.92,0,B3278,empty_repositioning,Position,Pickup
64,80,Pickup,2,2,2,2,803,806,19:03,19:06,3,0,0.0,2,4.08,155.92,160.0,1,B3278,pickup_service,Pickup,Pickup
64,81,Movement,2,5,2,5,806,814,19:06,19:14,8,8,27.57,0,0.0,160.0,132.43,1,B3278,passenger_flight,Position,Delivery
64,82,Delivery,5,5,5,5,814,817,19:14,19:17,3,0,0.0,2,8.534,132.43,140.964,0,B3278,delivery_service,Delivery,Delivery
65,0,Stay,6,6,6,6,0,54,05:40,06:34,54,0,0.0,54,0.0,160.0,160.0,0,B27,parking_charging,Position,Pickup
65,1,Pickup,6,6,6,6,54,57,06:34,06:37,3,0,0.0,2,0.0,160.0,160.0,1,B27,pickup_service,Pickup,Pickup
65,2,Pickup,6,6,6,6,57,60,06:37,06:40,3,0,0.0,2,0.0,160.0,160.0,2,B23,pickup_service,Pickup,Pickup
65,3,Movement,6,7,6,7,60,72,06:40,06:52,12,12,43.48,0,0.0,160.0,116.52,2,B23,passenger_flight,Position,Delivery
65,4,Delivery,7,7,7,7,72,75,06:52,06:55,3,0,0.0,2,8.534,116.52,125.054,1,B23,delivery_service,Delivery,Delivery
65,5,Delivery,7,7,7,7,75,78,06:55,06:58,3,0,0.0,2,8.534,125.054,133.588,0,B27,delivery_service,Delivery,Delivery
65,6,Stay,7,7,7,7,78,160,06:58,08:20,82,0,0.0,82,26.412,133.588,160.0,0,B213,parking_charging,Position,Pickup
65,7,Pickup,7,7,7,7,160,163,08:20,08:23,3,0,0.0,2,0.0,160.0,160.0,1,B213,pickup_service,Pickup,Pickup
65,8,Pickup,7,7,7,7,163,166,08:23,08:26,3,0,0.0,2,0.0,160.0,160.0,2,B195,pickup_service,Pickup,Pickup
65,9,Movement,7,1,7,1,166,173,08:26,08:33,7,7,21.03,0,0.0,160.0,138.97,2,B195,passenger_flight,Position,Delivery
65,10,Delivery,1,1,1,1,173,176,08:33,08:36,3,0,0.0,2,8.534,138.97,147.504,1,B195,delivery_service,Delivery,Delivery
65,11,Delivery,1,1,1,1,176,179,08:36,08:39,3,0,0.0,2,8.534,147.504,156.038,0,B213,delivery_service,Delivery,Delivery
65,12,Stay,1,1,1,1,179,266,08:39,10:06,87,0,0.0,87,3.962,156.038,160.0,0,B581,parking_charging,Position,Movement
65,13,Movement,1,6,1,6,266,273,10:06,10:13,7,7,23.39,0,0.0,160.0,136.61,0,B581,empty_repositioning,Position,Pickup
65,14,Pickup,6,6,6,6,273,276,10:13,10:16,3,0,0.0,2,8.534,136.61,145.144,1,B581,pickup_service,Pickup,Pickup
65,15,Stay,6,6,6,6,276,278,10:16,10:18,2,0,0.0,2,8.534,145.144,153.678,1,B607,parking_charging,Position,Pickup
65,16,Pickup,6,6,6,6,278,281,10:18,10:21,3,0,0.0,2,6.322,153.678,160.0,2,B607,pickup_service,Pickup,Pickup
65,17,Movement,6,3,6,3,281,291,10:21,10:31,10,10,32.98,0,0.0,160.0,127.02,2,B581,passenger_flight,Position,Delivery
65,18,Delivery,3,3,3,3,291,294,10:31,10:34,3,0,0.0,2,8.534,127.02,135.554,1,B581,delivery_service,Delivery,Delivery
65,19,Movement,3,7,3,7,294,301,10:34,10:41,7,7,13.33,0,0.0,135.554,122.224,1,B607,passenger_flight,Position,Delivery
65,20,Delivery,7,7,7,7,301,304,10:41,10:44,3,0,0.0,2,8.534,122.224,130.758,0,B607,delivery_service,Delivery,Delivery
65,21,Stay,7,7,7,7,304,307,10:44,10:47,3,0,0.0,3,12.801,130.758,143.559,0,B802,parking_charging,Position,Movement
65,22,Movement,7,4,7,4,307,314,10:47,10:54,7,7,21.43,0,0.0,143.559,122.129,0,B802,empty_repositioning,Position,Pickup
65,23,Pickup,4,4,4,4,314,317,10:54,10:57,3,0,0.0,2,8.534,122.129,130.663,4,B802,pickup_service,Pickup,Pickup
65,24,Movement,4,7,4,7,317,324,10:57,11:04,7,7,21.43,0,0.0,130.663,109.233,4,B802,passenger_flight,Position,Delivery
65,25,Delivery,7,7,7,7,324,327,11:04,11:07,3,0,0.0,2,8.534,109.233,117.767,0,B802,delivery_service,Delivery,Delivery
65,26,Pickup,7,7,7,7,327,330,11:07,11:10,3,0,0.0,2,8.534,117.767,126.301,1,B871,pickup_service,Pickup,Pickup
65,27,Stay,7,7,7,7,330,331,11:10,11:11,1,0,0.0,1,4.267,126.301,130.568,1,B886,parking_charging,Position,Pickup
65,28,Pickup,7,7,7,7,331,334,11:11,11:14,3,0,0.0,2,8.534,130.568,139.102,2,B886,pickup_service,Pickup,Pickup
65,29,Movement,7,4,7,4,334,341,11:14,11:21,7,7,21.43,0,0.0,139.102,117.672,2,B871,passenger_flight,Position,Delivery
65,30,Delivery,4,4,4,4,341,344,11:21,11:24,3,0,0.0,2,8.534,117.672,126.206,1,B871,delivery_service,Delivery,Delivery
65,31,Delivery,4,4,4,4,344,347,11:24,11:27,3,0,0.0,2,8.534,126.206,134.74,0,B886,delivery_service,Delivery,Delivery
65,32,Stay,4,4,4,4,347,348,11:27,11:28,1,0,0.0,1,4.267,134.74,139.007,0,B960,parking_charging,Position,Pickup
65,33,Pickup,4,4,4,4,348,351,11:28,11:31,3,0,0.0,2,8.534,139.007,147.541,2,B960,pickup_service,Pickup,Pickup
65,34,Movement,4,7,4,7,351,358,11:31,11:38,7,7,21.43,0,0.0,147.541,126.111,2,B960,passenger_flight,Position,Delivery
65,35,Delivery,7,7,7,7,358,361,11:38,11:41,3,0,0.0,2,8.534,126.111,134.645,0,B960,delivery_service,Delivery,Delivery
65,36,Stay,7,7,7,7,361,370,11:41,11:50,9,0,0.0,9,25.355,134.645,160.0,0,B1037,parking_charging,Position,Pickup
65,37,Pickup,7,7,7,7,370,373,11:50,11:53,3,0,0.0,2,0.0,160.0,160.0,2,B1037,pickup_service,Pickup,Pickup
65,38,Pickup,7,7,7,7,373,376,11:53,11:56,3,0,0.0,2,0.0,160.0,160.0,3,B1046,pickup_service,Pickup,Pickup
65,39,Movement,7,4,7,4,376,383,11:56,12:03,7,7,21.43,0,0.0,160.0,138.57,3,B1037,passenger_flight,Position,Delivery
65,40,Delivery,4,4,4,4,383,386,12:03,12:06,3,0,0.0,2,8.534,138.57,147.104,1,B1037,delivery_service,Delivery,Delivery
65,41,Delivery,4,4,4,4,386,389,12:06,12:09,3,0,0.0,2,8.534,147.104,155.638,0,B1046,delivery_service,Delivery,Delivery
65,42,Stay,4,4,4,4,389,490,12:09,13:50,101,0,0.0,101,4.362,155.638,160.0,0,B1312,parking_charging,Position,Pickup
65,43,Pickup,4,4,4,4,490,493,13:50,13:53,3,0,0.0,2,0.0,160.0,160.0,1,B1312,pickup_service,Pickup,Pickup
65,44,Stay,4,4,4,4,493,495,13:53,13:55,2,0,0.0,2,0.0,160.0,160.0,1,B1324,parking_charging,Position,Pickup
65,45,Pickup,4,4,4,4,495,498,13:55,13:58,3,0,0.0,2,0.0,160.0,160.0,2,B1324,pickup_service,Pickup,Pickup
65,46,Movement,4,7,4,7,498,505,13:58,14:05,7,7,21.43,0,0.0,160.0,138.57,2,B1312,passenger_flight,Position,Delivery
65,47,Delivery,7,7,7,7,505,508,14:05,14:08,3,0,0.0,2,8.534,138.57,147.104,1,B1312,delivery_service,Delivery,Delivery
65,48,Delivery,7,7,7,7,508,511,14:08,14:11,3,0,0.0,2,8.534,147.104,155.638,0,B1324,delivery_service,Delivery,Delivery
65,49,Stay,7,7,7,7,511,540,14:11,14:40,29,0,0.0,29,4.362,155.638,160.0,0,B1512,parking_charging,Position,Movement
65,50,Movement,7,2,7,2,540,546,14:40,14:46,6,6,10.2,0,0.0,160.0,149.8,0,B1512,empty_repositioning,Position,Pickup
65,51,Pickup,2,2,2,2,546,549,14:46,14:49,3,0,0.0,2,8.534,149.8,158.334,1,B1512,pickup_service,Pickup,Pickup
65,52,Movement,2,6,2,6,549,560,14:49,15:00,11,11,37.0,0,0.0,158.334,121.334,1,B1512,passenger_flight,Position,Delivery
65,53,Delivery,6,6,6,6,560,563,15:00,15:03,3,0,0.0,2,8.534,121.334,129.868,0,B1512,delivery_service,Delivery,Delivery
65,54,Stay,6,6,6,6,563,567,15:03,15:07,4,0,0.0,4,17.068,129.868,146.936,0,B1621,parking_charging,Position,Pickup
65,55,Pickup,6,6,6,6,567,570,15:07,15:10,3,0,0.0,2,8.534,146.936,155.47,1,B1621,pickup_service,Pickup,Pickup
65,56,Pickup,6,6,6,6,570,573,15:10,15:13,3,0,0.0,2,4.53,155.47,160.0,2,B1604,pickup_service,Pickup,Pickup
65,57,Movement,6,7,6,7,573,585,15:13,15:25,12,12,43.48,0,0.0,160.0,116.52,2,B1604,passenger_flight,Position,Delivery
65,58,Delivery,7,7,7,7,585,588,15:25,15:28,3,0,0.0,2,8.534,116.52,125.054,1,B1604,delivery_service,Delivery,Delivery
65,59,Delivery,7,7,7,7,588,591,15:28,15:31,3,0,0.0,2,8.534,125.054,133.588,0,B1621,delivery_service,Delivery,Delivery
65,60,Movement,7,3,7,3,591,598,15:31,15:38,7,7,13.33,0,0.0,133.588,120.258,0,B1735,empty_repositioning,Position,Pickup
65,61,Pickup,3,3,3,3,598,601,15:38,15:41,3,0,0.0,2,8.534,120.258,128.792,1,B1735,pickup_service,Pickup,Pickup
65,62,Movement,3,9,3,9,601,616,15:41,15:56,15,15,52.78,0,0.0,128.792,76.012,1,B1735,passenger_flight,Position,Delivery
65,63,Delivery,9,9,9,9,616,619,15:56,15:59,3,0,0.0,2,8.534,76.012,84.546,0,B1735,delivery_service,Delivery,Delivery
65,64,Stay,9,9,9,9,619,660,15:59,16:40,41,0,0.0,41,75.454,84.546,160.0,0,B2109,parking_charging,Position,Pickup
65,65,Pickup,9,9,9,9,660,663,16:40,16:43,3,0,0.0,2,0.0,160.0,160.0,1,B2109,pickup_service,Pickup,Pickup
65,66,Pickup,9,9,9,9,663,666,16:43,16:46,3,0,0.0,2,0.0,160.0,160.0,3,B2076,pickup_service,Pickup,Pickup
65,67,Movement,9,3,9,3,666,681,16:46,17:01,15,15,52.78,0,0.0,160.0,107.22,3,B2076,passenger_flight,Position,Delivery
65,68,Delivery,3,3,3,3,681,684,17:01,17:04,3,0,0.0,2,8.534,107.22,115.754,1,B2076,delivery_service,Delivery,Delivery
65,69,Delivery,3,3,3,3,684,687,17:04,17:07,3,0,0.0,2,8.534,115.754,124.288,0,B2109,delivery_service,Delivery,Delivery
65,70,Stay,3,3,3,3,687,700,17:07,17:20,13,0,0.0,13,35.712,124.288,160.0,0,B2358,parking_charging,Position,Pickup
65,71,Pickup,3,3,3,3,700,703,17:20,17:23,3,0,0.0,2,0.0,160.0,160.0,3,B2358,pickup_service,Pickup,Pickup
65,72,Movement,3,10,3,10,703,718,17:23,17:38,15,15,54.92,0,0.0,160.0,105.08,3,B2358,passenger_flight,Position,Delivery
65,73,Delivery,10,10,10,10,718,721,17:38,17:41,3,0,0.0,2,8.534,105.08,113.614,0,B2358,delivery_service,Delivery,Delivery
65,74,Pickup,10,10,10,10,721,724,17:41,17:44,3,0,0.0,2,8.534,113.614,122.148,1,B2615,pickup_service,Pickup,Pickup
65,75,Movement,10,3,10,3,724,739,17:44,17:59,15,15,54.92,0,0.0,122.148,67.228,1,B2615,passenger_flight,Position,Delivery
65,76,Delivery,3,3,3,3,739,742,17:59,18:02,3,0,0.0,2,8.534,67.228,75.762,0,B2615,delivery_service,Delivery,Delivery
65,77,Pickup,3,3,3,3,742,745,18:02,18:05,3,0,0.0,2,8.534,75.762,84.296,1,B2864,pickup_service,Pickup,Pickup
65,78,Movement,3,4,3,4,745,752,18:05,18:12,7,7,12.6,0,0.0,84.296,71.696,1,B2864,passenger_flight,Position,Delivery
65,79,Delivery,4,4,4,4,752,755,18:12,18:15,3,0,0.0,2,8.534,71.696,80.23,0,B2864,delivery_service,Delivery,Delivery
65,80,Movement,4,1,4,1,755,759,18:15,18:19,4,4,4.98,0,0.0,80.23,75.25,0,B2989,empty_repositioning,Position,Pickup
65,81,Pickup,1,1,1,1,759,762,18:19,18:22,3,0,0.0,2,8.534,75.25,83.784,1,B2989,pickup_service,Pickup,Pickup
65,82,Movement,1,2,1,2,762,769,18:22,18:29,7,7,13.61,0,0.0,83.784,70.174,1,B2989,passenger_flight,Position,Delivery
65,83,Delivery,2,2,2,2,769,772,18:29,18:32,3,0,0.0,2,8.534,70.174,78.708,0,B2989,delivery_service,Delivery,Delivery
65,84,Stay,2,2,2,2,772,781,18:32,18:41,9,0,0.0,9,38.403,78.708,117.111,0,B3179,parking_charging,Position,Pickup
65,85,Pickup,2,2,2,2,781,784,18:41,18:44,3,0,0.0,2,8.534,117.111,125.645,1,B3179,pickup_service,Pickup,Pickup
65,86,Pickup,2,2,2,2,784,787,18:44,18:47,3,0,0.0,2,8.534,125.645,134.179,2,B3156,pickup_service,Pickup,Pickup
65,87,Movement,2,4,2,4,787,793,18:47,18:53,6,6,16.13,0,0.0,134.179,118.049,2,B3156,passenger_flight,Position,Delivery
65,88,Delivery,4,4,4,4,793,796,18:53,18:56,3,0,0.0,2,8.534,118.049,126.583,1,B3156,delivery_service,Delivery,Delivery
65,89,Delivery,4,4,4,4,796,799,18:56,18:59,3,0,0.0,2,8.534,126.583,135.117,0,B3179,delivery_service,Delivery,Delivery
65,90,Pickup,4,4,4,4,799,802,18:59,19:02,3,0,0.0,2,8.534,135.117,143.651,1,B3249,pickup_service,Pickup,Pickup
65,91,Movement,4,2,4,2,802,808,19:02,19:08,6,6,16.13,0,0.0,143.651,127.521,1,B3249,passenger_flight,Position,Delivery
65,92,Delivery,2,2,2,2,808,811,19:08,19:11,3,0,0.0,2,8.534,127.521,136.055,0,B3249,delivery_service,Delivery,Delivery
65,93,Movement,2,6,2,6,811,822,19:11,19:22,11,11,37.0,0,0.0,136.055,99.055,0,,return_to_depot,Position,Depot
66,0,Stay,7,7,7,7,0,166,05:40,08:26,166,0,0.0,166,0.0,160.0,160.0,0,B239,parking_charging,Position,Pickup
66,1,Pickup,7,7,7,7,166,169,08:26,08:29,3,0,0.0,2,0.0,160.0,160.0,1,B239,pickup_service,Pickup,Pickup
66,2,Pickup,7,7,7,7,169,172,08:29,08:32,3,0,0.0,2,0.0,160.0,160.0,2,B228,pickup_service,Pickup,Pickup
66,3,Movement,7,1,7,1,172,179,08:32,08:39,7,7,21.03,0,0.0,160.0,138.97,2,B228,passenger_flight,Position,Delivery
66,4,Delivery,1,1,1,1,179,182,08:39,08:42,3,0,0.0,2,8.534,138.97,147.504,1,B228,delivery_service,Delivery,Delivery
66,5,Delivery,1,1,1,1,182,185,08:42,08:45,3,0,0.0,2,8.534,147.504,156.038,0,B239,delivery_service,Delivery,Delivery
66,6,Stay,1,1,1,1,185,262,08:45,10:02,77,0,0.0,77,3.962,156.038,160.0,0,B546,parking_charging,Position,Movement
66,7,Movement,1,6,1,6,262,269,10:02,10:09,7,7,23.39,0,0.0,160.0,136.61,0,B546,empty_repositioning,Position,Pickup
66,8,Pickup,6,6,6,6,269,272,10:09,10:12,3,0,0.0,2,8.534,136.61,145.144,1,B546,pickup_service,Pickup,Pickup
66,9,Movement,6,7,6,7,272,284,10:12,10:24,12,12,43.48,0,0.0,145.144,101.664,1,B546,passenger_flight,Position,Delivery
66,10,Delivery,7,7,7,7,284,287,10:24,10:27,3,0,0.0,2,8.534,101.664,110.198,0,B546,delivery_service,Delivery,Delivery
66,11,Stay,7,7,7,7,287,289,10:27,10:29,2,0,0.0,2,8.534,110.198,118.732,0,B693,parking_charging,Position,Movement
66,12,Movement,7,2,7,2,289,295,10:29,10:35,6,6,10.2,0,0.0,118.732,108.532,0,B693,empty_repositioning,Position,Pickup
66,13,Pickup,2,2,2,2,295,298,10:35,10:38,3,0,0.0,2,8.534,108.532,117.066,1,B693,pickup_service,Pickup,Pickup
66,14,Movement,2,5,2,5,298,306,10:38,10:46,8,8,27.57,0,0.0,117.066,89.496,1,B693,passenger_flight,Position,Delivery
66,15,Delivery,5,5,5,5,306,309,10:46,10:49,3,0,0.0,2,8.534,89.496,98.03,0,B693,delivery_service,Delivery,Delivery
66,16,Stay,5,5,5,5,309,320,10:49,11:00,11,0,0.0,11,46.937,98.03,144.967,0,B831,parking_charging,Position,Pickup
66,17,Pickup,5,5,5,5,320,323,11:00,11:03,3,0,0.0,2,8.534,144.967,153.501,1,B831,pickup_service,Pickup,Pickup
66,18,Pickup,5,5,5,5,323,326,11:03,11:06,3,0,0.0,2,6.499,153.501,160.0,2,B820,pickup_service,Pickup,Pickup
66,19,Movement,5,7,5,7,326,336,11:06,11:16,10,10,32.24,0,0.0,160.0,127.76,2,B820,passenger_flight,Position,Delivery
66,20,Delivery,7,7,7,7,336,339,11:16,11:19,3,0,0.0,2,8.534,127.76,136.294,1,B820,delivery_service,Delivery,Delivery
66,21,Delivery,7,7,7,7,339,342,11:19,11:22,3,0,0.0,2,8.534,136.294,144.828,0,B831,delivery_service,Delivery,Delivery
66,22,Stay,7,7,7,7,342,345,11:22,11:25,3,0,0.0,3,12.801,144.828,157.629,0,B949,parking_charging,Position,Pickup
66,23,Pickup,7,7,7,7,345,348,11:25,11:28,3,0,0.0,2,2.371,157.629,160.0,1,B949,pickup_service,Pickup,Pickup
66,24,Pickup,7,7,7,7,348,351,11:28,11:31,3,0,0.0,2,0.0,160.0,160.0,2,B941,pickup_service,Pickup,Pickup
66,25,Movement,7,1,7,1,351,358,11:31,11:38,7,7,21.03,0,0.0,160.0,138.97,2,B941,passenger_flight,Position,Delivery
66,26,Delivery,1,1,1,1,358,361,11:38,11:41,3,0,0.0,2,8.534,138.97,147.504,1,B941,delivery_service,Delivery,Delivery
66,27,Delivery,1,1,1,1,361,364,11:41,11:44,3,0,0.0,2,8.534,147.504,156.038,0,B949,delivery_service,Delivery,Delivery
66,28,Stay,1,1,1,1,364,523,11:44,14:23,159,0,0.0,159,3.962,156.038,160.0,0,B1432,parking_charging,Position,Pickup
66,29,Pickup,1,1,1,1,523,526,14:23,14:26,3,0,0.0,2,0.0,160.0,160.0,1,B1432,pickup_service,Pickup,Pickup
66,30,Movement,1,2,1,2,526,533,14:26,14:33,7,7,13.61,0,0.0,160.0,146.39,1,B1458,passenger_flight,Position,Pickup
66,31,Pickup,2,2,2,2,533,536,14:33,14:36,3,0,0.0,2,8.534,146.39,154.924,2,B1458,pickup_service,Pickup,Pickup
66,32,Delivery,2,2,2,2,536,539,14:36,14:39,3,0,0.0,2,5.076,154.924,160.0,1,B1432,delivery_service,Delivery,Delivery
66,33,Movement,2,5,2,5,539,547,14:39,14:47,8,8,27.57,0,0.0,160.0,132.43,1,B1458,passenger_flight,Position,Delivery
66,34,Delivery,5,5,5,5,547,550,14:47,14:50,3,0,0.0,2,8.534,132.43,140.964,0,B1458,delivery_service,Delivery,Delivery
66,35,Stay,5,5,5,5,550,600,14:50,15:40,50,0,0.0,50,19.036,140.964,160.0,0,B1764,parking_charging,Position,Movement
66,36,Movement,5,4,5,4,600,606,15:40,15:46,6,6,11.45,0,0.0,160.0,148.55,0,B1764,empty_repositioning,Position,Pickup
66,37,Pickup,4,4,4,4,606,609,15:46,15:49,3,0,0.0,2,8.534,148.55,157.084,1,B1764,pickup_service,Pickup,Pickup
66,38,Movement,4,9,4,9,609,624,15:49,16:04,15,15,55.47,0,0.0,157.084,101.614,1,B1764,passenger_flight,Position,Delivery
66,39,Delivery,9,9,9,9,624,627,16:04,16:07,3,0,0.0,2,8.534,101.614,110.148,0,B1764,delivery_service,Delivery,Delivery
66,40,Stay,9,9,9,9,627,663,16:07,16:43,36,0,0.0,36,49.852,110.148,160.0,0,B2133,parking_charging,Position,Pickup
66,41,Pickup,9,9,9,9,663,666,16:43,16:46,3,0,0.0,2,0.0,160.0,160.0,1,B2133,pickup_service,Pickup,Pickup
66,42,Pickup,9,9,9,9,666,669,16:46,16:49,3,0,0.0,2,0.0,160.0,160.0,2,B2077,pickup_service,Pickup,Pickup
66,43,Movement,9,4,9,4,669,684,16:49,17:04,15,15,55.47,0,0.0,160.0,104.53,2,B2077,passenger_flight,Position,Delivery
66,44,Delivery,4,4,4,4,684,687,17:04,17:07,3,0,0.0,2,8.534,104.53,113.064,1,B2077,delivery_service,Delivery,Delivery
66,45,Stay,4,4,4,4,687,690,17:07,17:10,3,0,0.0,3,12.801,113.064,125.865,1,B2133,parking_charging,Position,Delivery
66,46,Delivery,4,4,4,4,690,693,17:10,17:13,3,0,0.0,2,8.534,125.865,134.399,0,B2133,delivery_service,Delivery,Delivery
66,47,Stay,4,4,4,4,693,700,17:13,17:20,7,0,0.0,7,25.601,134.399,160.0,0,B2416,parking_charging,Position,Pickup
66,48,Pickup,4,4,4,4,700,703,17:20,17:23,3,0,0.0,2,0.0,160.0,160.0,1,B2416,pickup_service,Pickup,Pickup
66,49,Movement,4,3,4,3,703,710,17:23,17:30,7,7,12.6,0,0.0,160.0,147.4,1,B2416,passenger_flight,Position,Delivery
66,50,Delivery,3,3,3,3,710,713,17:30,17:33,3,0,0.0,2,8.534,147.4,155.934,0,B2416,delivery_service,Delivery,Delivery
66,51,Pickup,3,3,3,3,713,716,17:33,17:36,3,0,0.0,2,4.066,155.934,160.0,1,B2546,pickup_service,Pickup,Pickup
66,52,Movement,3,1,3,1,716,722,17:36,17:42,6,6,9.61,0,0.0,160.0,150.39,1,B2546,passenger_flight,Position,Delivery
66,53,Delivery,1,1,1,1,722,725,17:42,17:45,3,0,0.0,2,8.534,150.39,158.924,0,B2546,delivery_service,Delivery,Delivery
66,54,Pickup,1,1,1,1,725,728,17:45,17:48,3,0,0.0,2,1.076,158.924,160.0,1,B2741,pickup_service,Pickup,Pickup
66,55,Stay,1,1,1,1,728,733,17:48,17:53,5,0,0.0,5,0.0,160.0,160.0,1,B2853,parking_charging,Position,Pickup
66,56,Pickup,1,1,1,1,733,736,17:53,17:56,3,0,0.0,2,0.0,160.0,160.0,3,B2853,pickup_service,Pickup,Pickup
66,57,Movement,1,10,1,10,736,749,17:56,18:09,13,13,47.44,0,0.0,160.0,112.56,3,B2741,passenger_flight,Position,Delivery
66,58,Delivery,10,10,10,10,749,752,18:09,18:12,3,0,0.0,2,8.534,112.56,121.094,2,B2741,delivery_service,Delivery,Delivery
66,59,Delivery,10,10,10,10,752,755,18:12,18:15,3,0,0.0,2,8.534,121.094,129.628,0,B2853,delivery_service,Delivery,Delivery
66,60,Movement,10,7,10,7,755,771,18:15,18:31,16,16,57.99,0,0.0,129.628,71.638,0,,return_to_depot,Position,Depot
67,0,Stay,8,8,8,8,0,113,05:40,07:33,113,0,0.0,113,0.0,160.0,160.0,0,B91,parking_charging,Position,Pickup
67,1,Pickup,8,8,8,8,113,116,07:33,07:36,3,0,0.0,2,0.0,160.0,160.0,1,B91,pickup_service,Pickup,Pickup
67,2,Movement,8,2,8,2,116,126,07:36,07:46,10,10,32.38,0,0.0,160.0,127.62,1,B91,passenger_flight,Position,Delivery
67,3,Delivery,2,2,2,2,126,129,07:46,07:49,3,0,0.0,2,8.534,127.62,136.154,0,B91,delivery_service,Delivery,Delivery
67,4,Stay,2,2,2,2,129,166,07:49,08:26,37,0,0.0,37,23.846,136.154,160.0,0,B236,parking_charging,Position,Pickup
67,5,Pickup,2,2,2,2,166,169,08:26,08:29,3,0,0.0,2,0.0,160.0,160.0,1,B236,pickup_service,Pickup,Pickup
67,6,Stay,2,2,2,2,169,170,08:29,08:30,1,0,0.0,1,0.0,160.0,160.0,1,B260,parking_charging,Position,Movement
67,7,Movement,2,3,2,3,170,173,08:30,08:33,3,3,4.08,0,0.0,160.0,155.92,1,B260,passenger_flight,Position,Pickup
67,8,Pickup,3,3,3,3,173,176,08:33,08:36,3,0,0.0,2,4.08,155.92,160.0,2,B260,pickup_service,Pickup,Pickup
67,9,Movement,3,1,3,1,176,182,08:36,08:42,6,6,9.61,0,0.0,160.0,150.39,2,B236,passenger_flight,Position,Delivery
67,10,Delivery,1,1,1,1,182,185,08:42,08:45,3,0,0.0,2,8.534,150.39,158.924,1,B236,delivery_service,Delivery,Delivery
67,11,Movement,1,4,1,4,185,189,08:45,08:49,4,4,4.98,0,0.0,158.924,153.944,1,B260,passenger_flight,Position,Delivery
67,12,Delivery,4,4,4,4,189,192,08:49,08:52,3,0,0.0,2,6.056,153.944,160.0,0,B260,delivery_service,Delivery,Delivery
67,13,Stay,4,4,4,4,192,267,08:52,10:07,75,0,0.0,75,0.0,160.0,160.0,0,B585,parking_charging,Position,Movement
67,14,Movement,4,6,4,6,267,274,10:07,10:14,7,7,22.06,0,0.0,160.0,137.94,0,B585,empty_repositioning,Position,Pickup
67,15,Pickup,6,6,6,6,274,277,10:14,10:17,3,0,0.0,2,8.534,137.94,146.474,1,B585,pickup_service,Pickup,Pickup
67,16,Stay,6,6,6,6,277,284,10:17,10:24,7,0,0.0,7,13.526,146.474,160.0,1,B585,parking_charging,Position,Movement
67,17,Movement,6,7,6,7,284,296,10:24,10:36,12,12,43.48,0,0.0,160.0,116.52,1,B585,passenger_flight,Position,Delivery
67,18,Delivery,7,7,7,7,296,299,10:36,10:39,3,0,0.0,2,8.534,116.52,125.054,0,B585,delivery_service,Delivery,Delivery
67,19,Stay,7,7,7,7,299,300,10:39,10:40,1,0,0.0,1,4.267,125.054,129.321,0,B750,parking_charging,Position,Movement
67,20,Movement,7,8,7,8,300,307,10:40,10:47,7,7,22.2,0,0.0,129.321,107.121,0,B750,empty_repositioning,Position,Pickup
67,21,Pickup,8,8,8,8,307,310,10:47,10:50,3,0,0.0,2,8.534,107.121,115.655,1,B750,pickup_service,Pickup,Pickup
67,22,Movement,8,3,8,3,310,320,10:50,11:00,10,10,35.17,0,0.0,115.655,80.485,1,B750,passenger_flight,Position,Delivery
67,23,Delivery,3,3,3,3,320,323,11:00,11:03,3,0,0.0,2,8.534,80.485,89.019,0,B750,delivery_service,Delivery,Delivery
67,24,Pickup,3,3,3,3,323,326,11:03,11:06,3,0,0.0,2,8.534,89.019,97.553,1,B808,pickup_service,Pickup,Pickup
67,25,Movement,3,9,3,9,326,341,11:06,11:21,15,15,52.78,0,0.0,97.553,44.773,1,B808,passenger_flight,Position,Delivery
67,26,Delivery,9,9,9,9,341,344,11:21,11:24,3,0,0.0,2,8.534,44.773,53.307,0,B808,delivery_service,Delivery,Delivery
67,27,Pickup,9,9,9,9,344,347,11:24,11:27,3,0,0.0,2,8.534,53.307,61.841,1,B929,pickup_service,Pickup,Pickup
67,28,Stay,9,9,9,9,347,356,11:27,11:36,9,0,0.0,9,38.403,61.841,100.244,1,B929,parking_charging,Position,Movement
67,29,Movement,9,5,9,5,356,373,11:36,11:53,17,17,62.04,0,0.0,100.244,38.204,1,B929,passenger_flight,Position,Delivery
67,30,Delivery,5,5,5,5,373,376,11:53,11:56,3,0,0.0,2,8.534,38.204,46.738,0,B929,delivery_service,Delivery,Delivery
67,31,Stay,5,5,5,5,376,600,11:56,15:40,224,0,0.0,224,113.262,46.738,160.0,0,B1759,parking_charging,Position,Movement
67,32,Movement,5,4,5,4,600,606,15:40,15:46,6,6,11.45,0,0.0,160.0,148.55,0,B1759,empty_repositioning,Position,Pickup
67,33,Pickup,4,4,4,4,606,609,15:46,15:49,3,0,0.0,2,8.534,148.55,157.084,1,B1759,pickup_service,Pickup,Pickup
67,34,Movement,4,9,4,9,609,624,15:49,16:04,15,15,55.47,0,0.0,157.084,101.614,1,B1759,passenger_flight,Position,Delivery
67,35,Delivery,9,9,9,9,624,627,16:04,16:07,3,0,0.0,2,8.534,101.614,110.148,0,B1759,delivery_service,Delivery,Delivery
67,36,Stay,9,9,9,9,627,631,16:07,16:11,4,0,0.0,4,17.068,110.148,127.216,0,B1966,parking_charging,Position,Movement
67,37,Movement,9,8,9,8,631,637,16:11,16:17,6,6,18.04,0,0.0,127.216,109.176,0,B1966,empty_repositioning,Position,Pickup
67,38,Pickup,8,8,8,8,637,640,16:17,16:20,3,0,0.0,2,8.534,109.176,117.71,1,B1966,pickup_service,Pickup,Pickup
67,39,Stay,8,8,8,8,640,645,16:20,16:25,5,0,0.0,5,21.335,117.71,139.045,1,B1966,parking_charging,Position,Movement
67,40,Movement,8,4,8,4,645,656,16:25,16:36,11,11,39.54,0,0.0,139.045,99.505,1,B1966,passenger_flight,Position,Delivery
67,41,Delivery,4,4,4,4,656,659,16:36,16:39,3,0,0.0,2,8.534,99.505,108.039,0,B1966,delivery_service,Delivery,Delivery
67,42,Stay,4,4,4,4,659,663,16:39,16:43,4,0,0.0,4,17.068,108.039,125.107,0,B2128,parking_charging,Position,Pickup
67,43,Pickup,4,4,4,4,663,666,16:43,16:46,3,0,0.0,2,8.534,125.107,133.641,1,B2128,pickup_service,Pickup,Pickup
67,44,Pickup,4,4,4,4,666,669,16:46,16:49,3,0,0.0,2,8.534,133.641,142.175,3,B2087,pickup_service,Pickup,Pickup
67,45,Movement,4,9,4,9,669,684,16:49,17:04,15,15,55.47,0,0.0,142.175,86.705,3,B2087,passenger_flight,Position,Delivery
67,46,Delivery,9,9,9,9,684,687,17:04,17:07,3,0,0.0,2,8.534,86.705,95.239,1,B2087,delivery_service,Delivery,Delivery
67,47,Delivery,9,9,9,9,687,690,17:07,17:10,3,0,0.0,2,8.534,95.239,103.773,0,B2128,delivery_service,Delivery,Delivery
67,48,Pickup,9,9,9,9,690,693,17:10,17:13,3,0,0.0,2,8.534,103.773,112.307,2,B2351,pickup_service,Pickup,Pickup
67,49,Stay,9,9,9,9,693,696,17:13,17:16,3,0,0.0,3,12.801,112.307,125.108,2,B2351,parking_charging,Position,Movement
67,50,Movement,9,3,9,3,696,711,17:16,17:31,15,15,52.78,0,0.0,125.108,72.328,2,B2351,passenger_flight,Position,Delivery
67,51,Delivery,3,3,3,3,711,714,17:31,17:34,3,0,0.0,2,8.534,72.328,80.862,0,B2351,delivery_service,Delivery,Delivery
67,52,Stay,3,3,3,3,714,720,17:34,17:40,6,0,0.0,6,25.602,80.862,106.464,0,B2641,parking_charging,Position,Pickup
67,53,Pickup,3,3,3,3,720,723,17:40,17:43,3,0,0.0,2,8.534,106.464,114.998,2,B2641,pickup_service,Pickup,Pickup
67,54,Movement,3,4,3,4,723,730,17:43,17:50,7,7,12.6,0,0.0,114.998,102.398,2,B2641,passenger_flight,Position,Delivery
67,55,Delivery,4,4,4,4,730,733,17:50,17:53,3,0,0.0,2,8.534,102.398,110.932,0,B2641,delivery_service,Delivery,Delivery
67,56,Stay,4,4,4,4,733,735,17:53,17:55,2,0,0.0,2,8.534,110.932,119.466,0,B2910,parking_charging,Position,Movement
67,57,Movement,4,1,4,1,735,739,17:55,17:59,4,4,4.98,0,0.0,119.466,114.486,0,B2910,empty_repositioning,Position,Pickup
67,58,Pickup,1,1,1,1,739,742,17:59,18:02,3,0,0.0,2,8.534,114.486,123.02,1,B2910,pickup_service,Pickup,Pickup
67,59,Stay,1,1,1,1,742,747,18:02,18:07,5,0,0.0,5,21.335,123.02,144.355,1,B2910,parking_charging,Position,Movement
67,60,Movement,1,2,1,2,747,754,18:07,18:14,7,7,13.61,0,0.0,144.355,130.745,1,B2910,passenger_flight,Position,Delivery
67,61,Delivery,2,2,2,2,754,757,18:14,18:17,3,0,0.0,2,8.534,130.745,139.279,0,B2910,delivery_service,Delivery,Delivery
67,62,Pickup,2,2,2,2,757,760,18:17,18:20,3,0,0.0,2,8.534,139.279,147.813,2,B3022,pickup_service,Pickup,Pickup
67,63,Stay,2,2,2,2,760,763,18:20,18:23,3,0,0.0,3,12.187,147.813,160.0,2,B3022,parking_charging,Position,Movement
67,64,Movement,2,5,2,5,763,771,18:23,18:31,8,8,27.57,0,0.0,160.0,132.43,2,B3022,passenger_flight,Position,Delivery
67,65,Delivery,5,5,5,5,771,774,18:31,18:34,3,0,0.0,2,8.534,132.43,140.964,0,B3022,delivery_service,Delivery,Delivery
67,66,Stay,5,5,5,5,774,780,18:34,18:40,6,0,0.0,6,19.036,140.964,160.0,0,B3204,parking_charging,Position,Movement
67,67,Movement,5,4,5,4,780,786,18:40,18:46,6,6,11.45,0,0.0,160.0,148.55,0,B3204,empty_repositioning,Position,Pickup
67,68,Pickup,4,4,4,4,786,789,18:46,18:49,3,0,0.0,2,8.534,148.55,157.084,1,B3204,pickup_service,Pickup,Pickup
67,69,Movement,4,3,4,3,789,796,18:49,18:56,7,7,12.6,0,0.0,157.084,144.484,1,B3204,passenger_flight,Position,Delivery
67,70,Delivery,3,3,3,3,796,799,18:56,18:59,3,0,0.0,2,8.534,144.484,153.018,0,B3204,delivery_service,Delivery,Delivery
67,71,Stay,3,3,3,3,799,800,18:59,19:00,1,0,0.0,1,4.267,153.018,157.285,0,B3297,parking_charging,Position,Movement
67,72,Movement,3,1,3,1,800,806,19:00,19:06,6,6,9.61,0,0.0,157.285,147.675,0,B3297,empty_repositioning,Position,Pickup
67,73,Pickup,1,1,1,1,806,809,19:06,19:09,3,0,0.0,2,8.534,147.675,156.209,1,B3297,pickup_service,Pickup,Pickup
67,74,Movement,1,7,1,7,809,816,19:09,19:16,7,7,21.03,0,0.0,156.209,135.179,1,B3297,passenger_flight,Position,Delivery
67,75,Delivery,7,7,7,7,816,819,19:16,19:19,3,0,0.0,2,8.534,135.179,143.713,0,B3297,delivery_service,Delivery,Delivery
67,76,Movement,7,8,7,8,819,826,19:19,19:26,7,7,22.2,0,0.0,143.713,121.513,0,,return_to_depot,Position,Depot
68,0,Stay,9,9,9,9,0,220,05:40,09:20,220,0,0.0,220,0.0,160.0,160.0,0,B419,parking_charging,Position,Movement
68,1,Movement,9,8,9,8,220,226,09:20,09:26,6,6,18.04,0,0.0,160.0,141.96,0,B419,empty_repositioning,Position,Pickup
68,2,Pickup,8,8,8,8,226,229,09:26,09:29,3,0,0.0,2,8.534,141.96,150.494,1,B419,pickup_service,Pickup,Pickup
68,3,Stay,8,8,8,8,229,233,09:29,09:33,4,0,0.0,4,9.506,150.494,160.0,1,B436,parking_charging,Position,Pickup
68,4,Pickup,8,8,8,8,233,236,09:33,09:36,3,0,0.0,2,0.0,160.0,160.0,2,B436,pickup_service,Pickup,Pickup
68,5,Movement,8,2,8,2,236,246,09:36,09:46,10,10,32.38,0,0.0,160.0,127.62,2,B419,passenger_flight,Position,Delivery
68,6,Delivery,2,2,2,2,246,249,09:46,09:49,3,0,0.0,2,8.534,127.62,136.154,1,B419,delivery_service,Delivery,Delivery
68,7,Delivery,2,2,2,2,249,252,09:49,09:52,3,0,0.0,2,8.534,136.154,144.688,0,B436,delivery_service,Delivery,Delivery
68,8,Stay,2,2,2,2,252,260,09:52,10:00,8,0,0.0,8,15.312,144.688,160.0,0,B487,parking_charging,Position,Pickup
68,9,Pickup,2,2,2,2,260,263,10:00,10:03,3,0,0.0,2,0.0,160.0,160.0,1,B487,pickup_service,Pickup,Pickup
68,10,Pickup,2,2,2,2,263,266,10:03,10:06,3,0,0.0,2,0.0,160.0,160.0,2,B509,pickup_service,Pickup,Pickup
68,11,Movement,2,4,2,4,266,272,10:06,10:12,6,6,16.13,0,0.0,160.0,143.87,2,B487,passenger_flight,Position,Delivery
68,12,Delivery,4,4,4,4,272,275,10:12,10:15,3,0,0.0,2,8.534,143.87,152.404,1,B487,delivery_service,Delivery,Delivery
68,13,Delivery,4,4,4,4,275,278,10:15,10:18,3,0,0.0,2,7.596,152.404,160.0,0,B509,delivery_service,Delivery,Delivery
68,14,Stay,4,4,4,4,278,290,10:18,10:30,12,0,0.0,12,0.0,160.0,160.0,0,B667,parking_charging,Position,Pickup
68,15,Pickup,4,4,4,4,290,293,10:30,10:33,3,0,0.0,2,0.0,160.0,160.0,1,B667,pickup_service,Pickup,Pickup
68,16,Stay,4,4,4,4,293,297,10:33,10:37,4,0,0.0,4,0.0,160.0,160.0,1,B708,parking_charging,Position,Pickup
68,17,Pickup,4,4,4,4,297,300,10:37,10:40,3,0,0.0,2,0.0,160.0,160.0,2,B708,pickup_service,Pickup,Pickup
68,18,Movement,4,7,4,7,300,307,10:40,10:47,7,7,21.43,0,0.0,160.0,138.57,2,B667,passenger_flight,Position,Delivery
68,19,Delivery,7,7,7,7,307,310,10:47,10:50,3,0,0.0,2,8.534,138.57,147.104,1,B667,delivery_service,Delivery,Delivery
68,20,Movement,7,8,7,8,310,317,10:50,10:57,7,7,22.2,0,0.0,147.104,124.904,1,B708,passenger_flight,Position,Delivery
68,21,Delivery,8,8,8,8,317,320,10:57,11:00,3,0,0.0,2,8.534,124.904,133.438,0,B708,delivery_service,Delivery,Delivery
68,22,Stay,8,8,8,8,320,323,11:00,11:03,3,0,0.0,3,12.801,133.438,146.239,0,B849,parking_charging,Position,Pickup
68,23,Pickup,8,8,8,8,323,326,11:03,11:06,3,0,0.0,2,8.534,146.239,154.773,1,B849,pickup_service,Pickup,Pickup
68,24,Pickup,8,8,8,8,326,329,11:06,11:09,3,0,0.0,2,5.227,154.773,160.0,2,B822,pickup_service,Pickup,Pickup
68,25,Movement,8,4,8,4,329,340,11:09,11:20,11,11,39.54,0,0.0,160.0,120.46,2,B822,passenger_flight,Position,Delivery
68,26,Delivery,4,4,4,4,340,343,11:20,11:23,3,0,0.0,2,8.534,120.46,128.994,1,B822,delivery_service,Delivery,Delivery
68,27,Delivery,4,4,4,4,343,346,11:23,11:26,3,0,0.0,2,8.534,128.994,137.528,0,B849,delivery_service,Delivery,Delivery
68,28,Pickup,4,4,4,4,346,349,11:26,11:29,3,0,0.0,2,8.534,137.528,146.062,1,B942,pickup_service,Pickup,Pickup
68,29,Movement,4,2,4,2,349,355,11:29,11:35,6,6,16.13,0,0.0,146.062,129.932,1,B942,passenger_flight,Position,Delivery
68,30,Delivery,2,2,2,2,355,358,11:35,11:38,3,0,0.0,2,8.534,129.932,138.466,0,B942,delivery_service,Delivery,Delivery
68,31,Stay,2,2,2,2,358,426,11:38,12:46,68,0,0.0,68,21.534,138.466,160.0,0,B1184,parking_charging,Position,Pickup
68,32,Pickup,2,2,2,2,426,429,12:46,12:49,3,0,0.0,2,0.0,160.0,160.0,1,B1184,pickup_service,Pickup,Pickup
68,33,Stay,2,2,2,2,429,431,12:49,12:51,2,0,0.0,2,0.0,160.0,160.0,1,B1193,parking_charging,Position,Pickup
68,34,Pickup,2,2,2,2,431,434,12:51,12:54,3,0,0.0,2,0.0,160.0,160.0,2,B1193,pickup_service,Pickup,Pickup
68,35,Movement,2,5,2,5,434,442,12:54,13:02,8,8,27.57,0,0.0,160.0,132.43,2,B1184,passenger_flight,Position,Delivery
68,36,Delivery,5,5,5,5,442,445,13:02,13:05,3,0,0.0,2,8.534,132.43,140.964,1,B1184,delivery_service,Delivery,Delivery
68,37,Movement,5,6,5,6,445,452,13:05,13:12,7,7,12.76,0,0.0,140.964,128.204,1,B1193,passenger_flight,Position,Delivery
68,38,Delivery,6,6,6,6,452,455,13:12,13:15,3,0,0.0,2,8.534,128.204,136.738,0,B1193,delivery_service,Delivery,Delivery
68,39,Stay,6,6,6,6,455,458,13:15,13:18,3,0,0.0,3,12.801,136.738,149.539,0,B1244,parking_charging,Position,Pickup
68,40,Pickup,6,6,6,6,458,461,13:18,13:21,3,0,0.0,2,8.534,149.539,158.073,1,B1244,pickup_service,Pickup,Pickup
68,41,Stay,6,6,6,6,461,467,13:21,13:27,6,0,0.0,6,1.927,158.073,160.0,1,B1244,parking_charging,Position,Movement
68,42,Movement,6,7,6,7,467,479,13:27,13:39,12,12,43.48,0,0.0,160.0,116.52,1,B1244,passenger_flight,Position,Delivery
68,43,Delivery,7,7,7,7,479,482,13:39,13:42,3,0,0.0,2,8.534,116.52,125.054,0,B1244,delivery_service,Delivery,Delivery
68,44,Stay,7,7,7,7,482,483,13:42,13:43,1,0,0.0,1,4.267,125.054,129.321,0,B1291,parking_charging,Position,Pickup
68,45,Pickup,7,7,7,7,483,486,13:43,13:46,3,0,0.0,2,8.534,129.321,137.855,1,B1291,pickup_service,Pickup,Pickup
68,46,Pickup,7,7,7,7,486,489,13:46,13:49,3,0,0.0,2,8.534,137.855,146.389,2,B1299,pickup_service,Pickup,Pickup
68,47,Movement,7,4,7,4,489,496,13:49,13:56,7,7,21.43,0,0.0,146.389,124.959,2,B1291,passenger_flight,Position,Delivery
68,48,Delivery,4,4,4,4,496,499,13:56,13:59,3,0,0.0,2,8.534,124.959,133.493,1,B1291,delivery_service,Delivery,Delivery
68,49,Movement,4,5,4,5,499,505,13:59,14:05,6,6,11.45,0,0.0,133.493,122.043,1,B1299,passenger_flight,Position,Delivery
68,50,Delivery,5,5,5,5,505,508,14:05,14:08,3,0,0.0,2,8.534,122.043,130.577,0,B1299,delivery_service,Delivery,Delivery
68,51,Stay,5,5,5,5,508,600,14:08,15:40,92,0,0.0,92,29.423,130.577,160.0,0,B1771,parking_charging,Position,Movement
68,52,Movement,5,4,5,4,600,606,15:40,15:46,6,6,11.45,0,0.0,160.0,148.55,0,B1771,empty_repositioning,Position,Pickup
68,53,Pickup,4,4,4,4,606,609,15:46,15:49,3,0,0.0,2,8.534,148.55,157.084,1,B1771,pickup_service,Pickup,Pickup
68,54,Movement,4,9,4,9,609,624,15:49,16:04,15,15,55.47,0,0.0,157.084,101.614,1,B1771,passenger_flight,Position,Delivery
68,55,Delivery,9,9,9,9,624,627,16:04,16:07,3,0,0.0,2,8.534,101.614,110.148,0,B1771,delivery_service,Delivery,Delivery
68,56,Stay,9,9,9,9,627,636,16:07,16:16,9,0,0.0,9,38.403,110.148,148.551,0,B1958,parking_charging,Position,Pickup
68,57,Pickup,9,9,9,9,636,639,16:16,16:19,3,0,0.0,2,8.534,148.551,157.085,1,B1958,pickup_service,Pickup,Pickup
68,58,Movement,9,5,9,5,639,656,16:19,16:36,17,17,62.04,0,0.0,157.085,95.045,1,B1958,passenger_flight,Position,Delivery
68,59,Delivery,5,5,5,5,656,659,16:36,16:39,3,0,0.0,2,8.534,95.045,103.579,0,B1958,delivery_service,Delivery,Delivery
68,60,Stay,5,5,5,5,659,680,16:39,17:00,21,0,0.0,21,56.421,103.579,160.0,0,B2267,parking_charging,Position,Movement
68,61,Movement,5,4,5,4,680,686,17:00,17:06,6,6,11.45,0,0.0,160.0,148.55,0,B2267,empty_repositioning,Position,Pickup
68,62,Pickup,4,4,4,4,686,689,17:06,17:09,3,0,0.0,2,8.534,148.55,157.084,1,B2267,pickup_service,Pickup,Pickup
68,63,Movement,4,3,4,3,689,696,17:09,17:16,7,7,12.6,0,0.0,157.084,144.484,1,B2267,passenger_flight,Position,Delivery
68,64,Delivery,3,3,3,3,696,699,17:16,17:19,3,0,0.0,2,8.534,144.484,153.018,0,B2267,delivery_service,Delivery,Delivery
68,65,Pickup,3,3,3,3,699,702,17:19,17:22,3,0,0.0,2,6.982,153.018,160.0,1,B2398,pickup_service,Pickup,Pickup
68,66,Movement,3,1,3,1,702,708,17:22,17:28,6,6,9.61,0,0.0,160.0,150.39,1,B2398,passenger_flight,Position,Delivery
68,67,Delivery,1,1,1,1,708,711,17:28,17:31,3,0,0.0,2,8.534,150.39,158.924,0,B2398,delivery_service,Delivery,Delivery
68,68,Pickup,1,1,1,1,711,714,17:31,17:34,3,0,0.0,2,1.076,158.924,160.0,1,B2589,pickup_service,Pickup,Pickup
68,69,Pickup,1,1,1,1,714,717,17:34,17:37,3,0,0.0,2,0.0,160.0,160.0,2,B2574,pickup_service,Pickup,Pickup
68,70,Movement,1,3,1,3,717,723,17:37,17:43,6,6,9.61,0,0.0,160.0,150.39,2,B2574,passenger_flight,Position,Delivery
68,71,Delivery,3,3,3,3,723,726,17:43,17:46,3,0,0.0,2,8.534,150.39,158.924,1,B2574,delivery_service,Delivery,Delivery
68,72,Delivery,3,3,3,3,726,729,17:46,17:49,3,0,0.0,2,1.076,158.924,160.0,0,B2589,delivery_service,Delivery,Delivery
68,73,Pickup,3,3,3,3,729,732,17:49,17:52,3,0,0.0,2,0.0,160.0,160.0,2,B2704,pickup_service,Pickup,Pickup
68,74,Movement,3,5,3,5,732,740,17:52,18:00,8,8,23.93,0,0.0,160.0,136.07,2,B2704,passenger_flight,Position,Delivery
68,75,Delivery,5,5,5,5,740,743,18:00,18:03,3,0,0.0,2,8.534,136.07,144.604,0,B2704,delivery_service,Delivery,Delivery
68,76,Movement,5,4,5,4,743,749,18:03,18:09,6,6,11.45,0,0.0,144.604,133.154,0,B2925,empty_repositioning,Position,Pickup
68,77,Pickup,4,4,4,4,749,752,18:09,18:12,3,0,0.0,2,8.534,133.154,141.688,1,B2925,pickup_service,Pickup,Pickup
68,78,Movement,4,8,4,8,752,763,18:12,18:23,11,11,39.54,0,0.0,141.688,102.148,1,B2925,passenger_flight,Position,Delivery
68,79,Delivery,8,8,8,8,763,766,18:23,18:26,3,0,0.0,2,8.534,102.148,110.682,0,B2925,delivery_service,Delivery,Delivery
68,80,Pickup,8,8,8,8,766,769,18:26,18:29,3,0,0.0,2,8.534,110.682,119.216,1,B3088,pickup_service,Pickup,Pickup
68,81,Pickup,8,8,8,8,769,772,18:29,18:32,3,0,0.0,2,8.534,119.216,127.75,2,B3094,pickup_service,Pickup,Pickup
68,82,Movement,8,1,8,1,772,784,18:32,18:44,12,12,41.05,0,0.0,127.75,86.7,2,B3094,passenger_flight,Position,Delivery
68,83,Delivery,1,1,1,1,784,787,18:44,18:47,3,0,0.0,2,8.534,86.7,95.234,1,B3094,delivery_service,Delivery,Delivery
68,84,Delivery,1,1,1,1,787,790,18:47,18:50,3,0,0.0,2,8.534,95.234,103.768,0,B3088,delivery_service,Delivery,Delivery
68,85,Pickup,1,1,1,1,790,793,18:50,18:53,3,0,0.0,2,8.534,103.768,112.302,1,B3226,pickup_service,Pickup,Pickup
68,86,Pickup,1,1,1,1,793,796,18:53,18:56,3,0,0.0,2,8.534,112.302,120.836,2,B3199,pickup_service,Pickup,Pickup
68,87,Movement,1,3,1,3,796,802,18:56,19:02,6,6,9.61,0,0.0,120.836,111.226,2,B3199,passenger_flight,Position,Delivery
68,88,Delivery,3,3,3,3,802,805,19:02,19:05,3,0,0.0,2,8.534,111.226,119.76,1,B3199,delivery_service,Delivery,Delivery
68,89,Delivery,3,3,3,3,805,808,19:05,19:08,3,0,0.0,2,8.534,119.76,128.294,0,B3226,delivery_service,Delivery,Delivery
68,90,Movement,3,9,3,9,808,823,19:08,19:23,15,15,52.78,0,0.0,128.294,75.514,0,,return_to_depot,Position,Depot
69,0,Stay,10,10,10,10,0,102,05:40,07:22,102,0,0.0,102,0.0,160.0,160.0,0,B76,parking_charging,Position,Pickup
69,1,Pickup,10,10,10,10,102,105,07:22,07:25,3,0,0.0,2,0.0,160.0,160.0,1,B76,pickup_service,Pickup,Pickup
69,2,Pickup,10,10,10,10,105,108,07:25,07:28,3,0,0.0,2,0.0,160.0,160.0,2,B75,pickup_service,Pickup,Pickup
69,3,Movement,10,9,10,9,108,127,07:28,07:47,19,19,69.89,0,0.0,160.0,90.11,2,B76,passenger_flight,Position,Delivery
69,4,Delivery,9,9,9,9,127,130,07:47,07:50,3,0,0.0,2,8.534,90.11,98.644,1,B76,delivery_service,Delivery,Delivery
69,5,Delivery,9,9,9,9,130,133,07:50,07:53,3,0,0.0,2,8.534,98.644,107.178,0,B75,delivery_service,Delivery,Delivery
69,6,Stay,9,9,9,9,133,243,07:53,09:43,110,0,0.0,110,52.822,107.178,160.0,0,B453,parking_charging,Position,Pickup
69,7,Pickup,9,9,9,9,243,246,09:43,09:46,3,0,0.0,2,0.0,160.0,160.0,1,B453,pickup_service,Pickup,Pickup
69,8,Pickup,9,9,9,9,246,249,09:46,09:49,3,0,0.0,2,0.0,160.0,160.0,2,B449,pickup_service,Pickup,Pickup
69,9,Movement,9,1,9,1,249,265,09:49,10:05,16,16,57.72,0,0.0,160.0,102.28,2,B453,passenger_flight,Position,Delivery
69,10,Delivery,1,1,1,1,265,268,10:05,10:08,3,0,0.0,2,8.534,102.28,110.814,1,B453,delivery_service,Delivery,Delivery
69,11,Delivery,1,1,1,1,268,271,10:08,10:11,3,0,0.0,2,8.534,110.814,119.348,0,B449,delivery_service,Delivery,Delivery
69,12,Stay,1,1,1,1,271,302,10:11,10:42,31,0,0.0,31,40.652,119.348,160.0,0,B772,parking_charging,Position,Movement
69,13,Movement,1,3,1,3,302,308,10:42,10:48,6,6,9.61,0,0.0,160.0,150.39,0,B772,empty_repositioning,Position,Pickup
69,14,Pickup,3,3,3,3,308,311,10:48,10:51,3,0,0.0,2,8.534,150.39,158.924,1,B772,pickup_service,Pickup,Pickup
69,15,Pickup,3,3,3,3,311,314,10:51,10:54,3,0,0.0,2,1.076,158.924,160.0,2,B757,pickup_service,Pickup,Pickup
69,16,Movement,3,9,3,9,314,329,10:54,11:09,15,15,52.78,0,0.0,160.0,107.22,2,B757,passenger_flight,Position,Delivery
69,17,Delivery,9,9,9,9,329,332,11:09,11:12,3,0,0.0,2,8.534,107.22,115.754,1,B757,delivery_service,Delivery,Delivery
69,18,Delivery,9,9,9,9,332,335,11:12,11:15,3,0,0.0,2,8.534,115.754,124.288,0,B772,delivery_service,Delivery,Delivery
69,19,Pickup,9,9,9,9,335,338,11:15,11:18,3,0,0.0,2,8.534,124.288,132.822,1,B887,pickup_service,Pickup,Pickup
69,20,Pickup,9,9,9,9,338,341,11:18,11:21,3,0,0.0,2,8.534,132.822,141.356,2,B908,pickup_service,Pickup,Pickup
69,21,Movement,9,3,9,3,341,356,11:21,11:36,15,15,52.78,0,0.0,141.356,88.576,2,B887,passenger_flight,Position,Delivery
69,22,Delivery,3,3,3,3,356,359,11:36,11:39,3,0,0.0,2,8.534,88.576,97.11,1,B887,delivery_service,Delivery,Delivery
69,23,Delivery,3,3,3,3,359,362,11:39,11:42,3,0,0.0,2,8.534,97.11,105.644,0,B908,delivery_service,Delivery,Delivery
69,24,Stay,3,3,3,3,362,520,11:42,14:20,158,0,0.0,158,54.356,105.644,160.0,0,B1419,parking_charging,Position,Movement
69,25,Movement,3,2,3,2,520,523,14:20,14:23,3,3,4.08,0,0.0,160.0,155.92,0,B1419,empty_repositioning,Position,Pickup
69,26,Pickup,2,2,2,2,523,526,14:23,14:26,3,0,0.0,2,4.08,155.92,160.0,1,B1419,pickup_service,Pickup,Pickup
69,27,Movement,2,6,2,6,526,537,14:26,14:37,11,11,37.0,0,0.0,160.0,123.0,1,B1419,passenger_flight,Position,Delivery
69,28,Delivery,6,6,6,6,537,540,14:37,14:40,3,0,0.0,2,8.534,123.0,131.534,0,B1419,delivery_service,Delivery,Delivery
69,29,Stay,6,6,6,6,540,543,14:40,14:43,3,0,0.0,3,12.801,131.534,144.335,0,B1524,parking_charging,Position,Pickup
69,30,Pickup,6,6,6,6,543,546,14:43,14:46,3,0,0.0,2,8.534,144.335,152.869,1,B1524,pickup_service,Pickup,Pickup
69,31,Stay,6,6,6,6,546,548,14:46,14:48,2,0,0.0,2,7.131,152.869,160.0,1,B1566,parking_charging,Position,Movement
69,32,Movement,6,1,6,1,548,555,14:48,14:55,7,7,23.39,0,0.0,160.0,136.61,1,B1566,passenger_flight,Position,Pickup
69,33,Pickup,1,1,1,1,555,558,14:55,14:58,3,0,0.0,2,8.534,136.61,145.144,2,B1566,pickup_service,Pickup,Pickup
69,34,Movement,1,7,1,7,558,565,14:58,15:05,7,7,21.03,0,0.0,145.144,124.114,2,B1524,passenger_flight,Position,Delivery
69,35,Delivery,7,7,7,7,565,568,15:05,15:08,3,0,0.0,2,8.534,124.114,132.648,1,B1524,delivery_service,Delivery,Delivery
69,36,Delivery,7,7,7,7,568,571,15:08,15:11,3,0,0.0,2,8.534,132.648,141.182,0,B1566,delivery_service,Delivery,Delivery
69,37,Stay,7,7,7,7,571,600,15:11,15:40,29,0,0.0,29,18.818,141.182,160.0,0,B1788,parking_charging,Position,Movement
69,38,Movement,7,3,7,3,600,607,15:40,15:47,7,7,13.33,0,0.0,160.0,146.67,0,B1788,empty_repositioning,Position,Pickup
69,39,Pickup,3,3,3,3,607,610,15:47,15:50,3,0,0.0,2,8.534,146.67,155.204,1,B1788,pickup_service,Pickup,Pickup
69,40,Movement,3,1,3,1,610,616,15:50,15:56,6,6,9.61,0,0.0,155.204,145.594,1,B1808,passenger_flight,Position,Pickup
69,41,Pickup,1,1,1,1,616,619,15:56,15:59,3,0,0.0,2,8.534,145.594,154.128,2,B1808,pickup_service,Pickup,Pickup
69,42,Movement,1,10,1,10,619,632,15:59,16:12,13,13,47.44,0,0.0,154.128,106.688,2,B1788,passenger_flight,Position,Delivery
69,43,Delivery,10,10,10,10,632,635,16:12,16:15,3,0,0.0,2,8.534,106.688,115.222,1,B1788,delivery_service,Delivery,Delivery
69,44,Delivery,10,10,10,10,635,638,16:15,16:18,3,0,0.0,2,8.534,115.222,123.756,0,B1808,delivery_service,Delivery,Delivery
69,45,Pickup,10,10,10,10,638,641,16:18,16:21,3,0,0.0,2,8.534,123.756,132.29,1,B1959,pickup_service,Pickup,Pickup
69,46,Stay,10,10,10,10,641,647,16:21,16:27,6,0,0.0,6,25.602,132.29,157.892,1,B1959,parking_charging,Position,Movement
69,47,Movement,10,3,10,3,647,662,16:27,16:42,15,15,54.92,0,0.0,157.892,102.972,1,B1959,passenger_flight,Position,Delivery
69,48,Delivery,3,3,3,3,662,665,16:42,16:45,3,0,0.0,2,8.534,102.972,111.506,0,B1959,delivery_service,Delivery,Delivery
69,49,Stay,3,3,3,3,665,666,16:45,16:46,1,0,0.0,1,4.267,111.506,115.773,0,B2153,parking_charging,Position,Pickup
69,50,Pickup,3,3,3,3,666,669,16:46,16:49,3,0,0.0,2,8.534,115.773,124.307,1,B2153,pickup_service,Pickup,Pickup
69,51,Pickup,3,3,3,3,669,672,16:49,16:52,3,0,0.0,2,8.534,124.307,132.841,2,B2126,pickup_service,Pickup,Pickup
69,52,Movement,3,1,3,1,672,678,16:52,16:58,6,6,9.61,0,0.0,132.841,123.231,2,B2126,passenger_flight,Position,Delivery
69,53,Delivery,1,1,1,1,678,681,16:58,17:01,3,0,0.0,2,8.534,123.231,131.765,1,B2126,delivery_service,Delivery,Delivery
69,54,Delivery,1,1,1,1,681,684,17:01,17:04,3,0,0.0,2,8.534,131.765,140.299,0,B2153,delivery_service,Delivery,Delivery
69,55,Pickup,1,1,1,1,684,687,17:04,17:07,3,0,0.0,2,8.534,140.299,148.833,2,B2252,pickup_service,Pickup,Pickup
69,56,Movement,1,5,1,5,687,695,17:07,17:15,8,8,14.88,0,0.0,148.833,133.953,2,B2252,passenger_flight,Position,Delivery
69,57,Delivery,5,5,5,5,695,698,17:15,17:18,3,0,0.0,2,8.534,133.953,142.487,0,B2252,delivery_service,Delivery,Delivery
69,58,Stay,5,5,5,5,698,740,17:18,18:00,42,0,0.0,42,17.513,142.487,160.0,0,B2964,parking_charging,Position,Movement
69,59,Movement,5,1,5,1,740,748,18:00,18:08,8,8,14.88,0,0.0,160.0,145.12,0,B2964,empty_repositioning,Position,Pickup
69,60,Pickup,1,1,1,1,748,751,18:08,18:11,3,0,0.0,2,8.534,145.12,153.654,1,B2964,pickup_service,Pickup,Pickup
69,61,Movement,1,8,1,8,751,763,18:11,18:23,12,12,41.05,0,0.0,153.654,112.604,1,B2964,passenger_flight,Position,Delivery
69,62,Delivery,8,8,8,8,763,766,18:23,18:26,3,0,0.0,2,8.534,112.604,121.138,0,B2964,delivery_service,Delivery,Delivery
69,63,Pickup,8,8,8,8,766,769,18:26,18:29,3,0,0.0,2,8.534,121.138,129.672,1,B3044,pickup_service,Pickup,Pickup
69,64,Movement,8,6,8,6,769,786,18:29,18:46,17,17,60.41,0,0.0,129.672,69.262,1,B3044,passenger_flight,Position,Delivery
69,65,Delivery,6,6,6,6,786,789,18:46,18:49,3,0,0.0,2,8.534,69.262,77.796,0,B3044,delivery_service,Delivery,Delivery
69,66,Stay,6,6,6,6,789,792,18:49,18:52,3,0,0.0,3,12.801,77.796,90.597,0,B3282,parking_charging,Position,Movement
69,67,Movement,6,1,6,1,792,799,18:52,18:59,7,7,23.39,0,0.0,90.597,67.207,0,B3282,empty_repositioning,Position,Pickup
69,68,Pickup,1,1,1,1,799,802,18:59,19:02,3,0,0.0,2,8.534,67.207,75.741,1,B3282,pickup_service,Pickup,Pickup
69,69,Movement,1,8,1,8,802,814,19:02,19:14,12,12,41.05,0,0.0,75.741,34.691,1,B3282,passenger_flight,Position,Delivery
69,70,Delivery,8,8,8,8,814,817,19:14,19:17,3,0,0.0,2,8.534,34.691,43.225,0,B3282,delivery_service,Delivery,Delivery
69,71,Stay,8,8,8,8,817,831,19:17,19:31,14,0,0.0,14,59.738,43.225,102.963,0,,parking_charging,Position,Movement
69,72,Movement,8,10,8,10,831,848,19:31,19:48,17,17,63.17,0,0.0,102.963,39.793,0,,return_to_depot,Position,Depot
70,0,Stay,1,1,1,1,0,260,05:40,10:00,260,0,0.0,260,0.0,160.0,160.0,0,B495,parking_charging,Position,Movement
70,1,Movement,1,3,1,3,260,266,10:00,10:06,6,6,9.61,0,0.0,160.0,150.39,0,B495,empty_repositioning,Position,Pickup
70,2,Pickup,3,3,3,3,266,269,10:06,10:09,3,0,0.0,2,8.534,150.39,158.924,1,B495,pickup_service,Pickup,Pickup
70,3,Movement,3,9,3,9,269,284,10:09,10:24,15,15,52.78,0,0.0,158.924,106.144,1,B495,passenger_flight,Position,Delivery
70,4,Delivery,9,9,9,9,284,287,10:24,10:27,3,0,0.0,2,8.534,106.144,114.678,0,B495,delivery_service,Delivery,Delivery
70,5,Stay,9,9,9,9,287,297,10:27,10:37,10,0,0.0,10,42.67,114.678,157.348,0,B714,parking_charging,Position,Pickup
70,6,Pickup,9,9,9,9,297,300,10:37,10:40,3,0,0.0,2,2.652,157.348,160.0,1,B714,pickup_service,Pickup,Pickup
70,7,Stay,9,9,9,9,300,303,10:40,10:43,3,0,0.0,3,0.0,160.0,160.0,1,B714,parking_charging,Position,Movement
70,8,Movement,9,1,9,1,303,319,10:43,10:59,16,16,57.72,0,0.0,160.0,102.28,1,B714,passenger_flight,Position,Delivery
70,9,Delivery,1,1,1,1,319,322,10:59,11:02,3,0,0.0,2,8.534,102.28,110.814,0,B714,delivery_service,Delivery,Delivery
70,10,Stay,1,1,1,1,322,512,11:02,14:12,190,0,0.0,190,49.186,110.814,160.0,0,B1382,parking_charging,Position,Pickup
70,11,Pickup,1,1,1,1,512,515,14:12,14:15,3,0,0.0,2,0.0,160.0,160.0,1,B1382,pickup_service,Pickup,Pickup
70,12,Stay,1,1,1,1,515,516,14:15,14:16,1,0,0.0,1,0.0,160.0,160.0,1,B1399,parking_charging,Position,Pickup
70,13,Pickup,1,1,1,1,516,519,14:16,14:19,3,0,0.0,2,0.0,160.0,160.0,3,B1399,pickup_service,Pickup,Pickup
70,14,Pickup,1,1,1,1,519,522,14:19,14:22,3,0,0.0,2,0.0,160.0,160.0,4,B1409,pickup_service,Pickup,Pickup
70,15,Movement,1,2,1,2,522,529,14:22,14:29,7,7,13.61,0,0.0,160.0,146.39,4,B1382,passenger_flight,Position,Delivery
70,16,Delivery,2,2,2,2,529,532,14:29,14:32,3,0,0.0,2,8.534,146.39,154.924,3,B1382,delivery_service,Delivery,Delivery
70,17,Delivery,2,2,2,2,532,535,14:32,14:35,3,0,0.0,2,5.076,154.924,160.0,1,B1399,delivery_service,Delivery,Delivery
70,18,Delivery,2,2,2,2,535,538,14:35,14:38,3,0,0.0,2,0.0,160.0,160.0,0,B1409,delivery_service,Delivery,Delivery
70,19,Stay,2,2,2,2,538,547,14:38,14:47,9,0,0.0,9,0.0,160.0,160.0,0,B1536,parking_charging,Position,Pickup
70,20,Pickup,2,2,2,2,547,550,14:47,14:50,3,0,0.0,2,0.0,160.0,160.0,3,B1536,pickup_service,Pickup,Pickup
70,21,Stay,2,2,2,2,550,555,14:50,14:55,5,0,0.0,5,0.0,160.0,160.0,3,B1567,parking_charging,Position,Pickup
70,22,Pickup,2,2,2,2,555,558,14:55,14:58,3,0,0.0,2,0.0,160.0,160.0,4,B1567,pickup_service,Pickup,Pickup
70,23,Movement,2,5,2,5,558,566,14:58,15:06,8,8,27.57,0,0.0,160.0,132.43,4,B1536,passenger_flight,Position,Delivery
70,24,Delivery,5,5,5,5,566,569,15:06,15:09,3,0,0.0,2,8.534,132.43,140.964,1,B1536,delivery_service,Delivery,Delivery
70,25,Delivery,5,5,5,5,569,572,15:09,15:12,3,0,0.0,2,8.534,140.964,149.498,0,B1567,delivery_service,Delivery,Delivery
70,26,Stay,5,5,5,5,572,608,15:12,15:48,36,0,0.0,36,10.502,149.498,160.0,0,B1818,parking_charging,Position,Movement
70,27,Movement,5,6,5,6,608,615,15:48,15:55,7,7,12.76,0,0.0,160.0,147.24,0,B1818,empty_repositioning,Position,Pickup
70,28,Pickup,6,6,6,6,615,618,15:55,15:58,3,0,0.0,2,8.534,147.24,155.774,1,B1818,pickup_service,Pickup,Pickup
70,29,Stay,6,6,6,6,618,623,15:58,16:03,5,0,0.0,5,4.226,155.774,160.0,1,B1818,parking_charging,Position,Movement
70,30,Movement,6,9,6,9,623,643,16:03,16:23,20,20,74.79,0,0.0,160.0,85.21,1,B1818,passenger_flight,Position,Delivery
70,31,Delivery,9,9,9,9,643,646,16:23,16:26,3,0,0.0,2,8.534,85.21,93.744,0,B1818,delivery_service,Delivery,Delivery
70,32,Stay,9,9,9,9,646,669,16:26,16:49,23,0,0.0,23,66.256,93.744,160.0,0,B2183,parking_charging,Position,Pickup
70,33,Pickup,9,9,9,9,669,672,16:49,16:52,3,0,0.0,2,0.0,160.0,160.0,1,B2183,pickup_service,Pickup,Pickup
70,34,Pickup,9,9,9,9,672,675,16:52,16:55,3,0,0.0,2,0.0,160.0,160.0,2,B2168,pickup_service,Pickup,Pickup
70,35,Movement,9,4,9,4,675,690,16:55,17:10,15,15,55.47,0,0.0,160.0,104.53,2,B2183,passenger_flight,Position,Delivery
70,36,Delivery,4,4,4,4,690,693,17:10,17:13,3,0,0.0,2,8.534,104.53,113.064,1,B2183,delivery_service,Delivery,Delivery
70,37,Delivery,4,4,4,4,693,696,17:13,17:16,3,0,0.0,2,8.534,113.064,121.598,0,B2168,delivery_service,Delivery,Delivery
70,38,Stay,4,4,4,4,696,700,17:16,17:20,4,0,0.0,4,17.068,121.598,138.666,0,B2417,parking_charging,Position,Pickup
70,39,Pickup,4,4,4,4,700,703,17:20,17:23,3,0,0.0,2,8.534,138.666,147.2,1,B2417,pickup_service,Pickup,Pickup
70,40,Movement,4,7,4,7,703,710,17:23,17:30,7,7,21.43,0,0.0,147.2,125.77,1,B2417,passenger_flight,Position,Delivery
70,41,Delivery,7,7,7,7,710,713,17:30,17:33,3,0,0.0,2,8.534,125.77,134.304,0,B2417,delivery_service,Delivery,Delivery
70,42,Pickup,7,7,7,7,713,716,17:33,17:36,3,0,0.0,2,8.534,134.304,142.838,1,B2599,pickup_service,Pickup,Pickup
70,43,Stay,7,7,7,7,716,717,17:36,17:37,1,0,0.0,1,4.267,142.838,147.105,1,B2675,parking_charging,Position,Pickup
70,44,Pickup,7,7,7,7,717,720,17:37,17:40,3,0,0.0,2,8.534,147.105,155.639,2,B2675,pickup_service,Pickup,Pickup
70,45,Movement,7,4,7,4,720,727,17:40,17:47,7,7,21.43,0,0.0,155.639,134.209,2,B2599,passenger_flight,Position,Delivery
70,46,Delivery,4,4,4,4,727,730,17:47,17:50,3,0,0.0,2,8.534,134.209,142.743,1,B2599,delivery_service,Delivery,Delivery
70,47,Movement,4,1,4,1,730,734,17:50,17:54,4,4,4.98,0,0.0,142.743,137.763,1,B2675,passenger_flight,Position,Delivery
70,48,Delivery,1,1,1,1,734,737,17:54,17:57,3,0,0.0,2,8.534,137.763,146.297,0,B2675,delivery_service,Delivery,Delivery
70,49,Pickup,1,1,1,1,737,740,17:57,18:00,3,0,0.0,2,8.534,146.297,154.831,1,B2813,pickup_service,Pickup,Pickup
70,50,Movement,1,3,1,3,740,746,18:00,18:06,6,6,9.61,0,0.0,154.831,145.221,1,B2813,passenger_flight,Position,Delivery
70,51,Delivery,3,3,3,3,746,749,18:06,18:09,3,0,0.0,2,8.534,145.221,153.755,0,B2813,delivery_service,Delivery,Delivery
70,52,Pickup,3,3,3,3,749,752,18:09,18:12,3,0,0.0,2,6.245,153.755,160.0,1,B2923,pickup_service,Pickup,Pickup
70,53,Movement,3,4,3,4,752,759,18:12,18:19,7,7,12.6,0,0.0,160.0,147.4,1,B2923,passenger_flight,Position,Delivery
70,54,Delivery,4,4,4,4,759,762,18:19,18:22,3,0,0.0,2,8.534,147.4,155.934,0,B2923,delivery_service,Delivery,Delivery
70,55,Stay,4,4,4,4,762,781,18:22,18:41,19,0,0.0,19,4.066,155.934,160.0,0,B3180,parking_charging,Position,Pickup
70,56,Pickup,4,4,4,4,781,784,18:41,18:44,3,0,0.0,2,0.0,160.0,160.0,1,B3180,pickup_service,Pickup,Pickup
70,57,Pickup,4,4,4,4,784,787,18:44,18:47,3,0,0.0,2,0.0,160.0,160.0,2,B3159,pickup_service,Pickup,Pickup
70,58,Movement,4,3,4,3,787,794,18:47,18:54,7,7,12.6,0,0.0,160.0,147.4,2,B3159,passenger_flight,Position,Delivery
70,59,Delivery,3,3,3,3,794,797,18:54,18:57,3,0,0.0,2,8.534,147.4,155.934,1,B3159,delivery_service,Delivery,Delivery
70,60,Delivery,3,3,3,3,797,800,18:57,19:00,3,0,0.0,2,4.066,155.934,160.0,0,B3180,delivery_service,Delivery,Delivery
70,61,Movement,3,1,3,1,800,806,19:00,19:06,6,6,9.61,0,0.0,160.0,150.39,0,B3311,empty_repositioning,Position,Pickup
70,62,Pickup,1,1,1,1,806,809,19:06,19:09,3,0,0.0,2,8.534,150.39,158.924,1,B3311,pickup_service,Pickup,Pickup
70,63,Movement,1,3,1,3,809,815,19:09,19:15,6,6,9.61,0,0.0,158.924,149.314,1,B3311,passenger_flight,Position,Delivery
70,64,Delivery,3,3,3,3,815,818,19:15,19:18,3,0,0.0,2,8.534,149.314,157.848,0,B3311,delivery_service,Delivery,Delivery
70,65,Movement,3,1,3,1,818,824,19:18,19:24,6,6,9.61,0,0.0,157.848,148.238,0,,return_to_depot,Position,Depot
71,0,Stay,2,2,2,2,0,184,05:40,08:44,184,0,0.0,184,0.0,160.0,160.0,0,B297,parking_charging,Position,Pickup
71,1,Pickup,2,2,2,2,184,187,08:44,08:47,3,0,0.0,2,0.0,160.0,160.0,1,B297,pickup_service,Pickup,Pickup
71,2,Movement,2,4,2,4,187,193,08:47,08:53,6,6,16.13,0,0.0,160.0,143.87,1,B297,passenger_flight,Position,Delivery
71,3,Delivery,4,4,4,4,193,196,08:53,08:56,3,0,0.0,2,8.534,143.87,152.404,0,B297,delivery_service,Delivery,Delivery
71,4,Stay,4,4,4,4,196,291,08:56,10:31,95,0,0.0,95,7.596,152.404,160.0,0,B674,parking_charging,Position,Pickup
71,5,Pickup,4,4,4,4,291,294,10:31,10:34,3,0,0.0,2,0.0,160.0,160.0,1,B674,pickup_service,Pickup,Pickup
71,6,Stay,4,4,4,4,294,296,10:34,10:36,2,0,0.0,2,0.0,160.0,160.0,1,B704,parking_charging,Position,Pickup
71,7,Pickup,4,4,4,4,296,299,10:36,10:39,3,0,0.0,2,0.0,160.0,160.0,2,B704,pickup_service,Pickup,Pickup
71,8,Movement,4,2,4,2,299,305,10:39,10:45,6,6,16.13,0,0.0,160.0,143.87,2,B674,passenger_flight,Position,Delivery
71,9,Delivery,2,2,2,2,305,308,10:45,10:48,3,0,0.0,2,8.534,143.87,152.404,1,B674,delivery_service,Delivery,Delivery
71,10,Delivery,2,2,2,2,308,311,10:48,10:51,3,0,0.0,2,7.596,152.404,160.0,0,B704,delivery_service,Delivery,Delivery
71,11,Stay,2,2,2,2,311,400,10:51,12:20,89,0,0.0,89,0.0,160.0,160.0,0,B1114,parking_charging,Position,Movement
71,12,Movement,2,7,2,7,400,406,12:20,12:26,6,6,10.2,0,0.0,160.0,149.8,0,B1114,empty_repositioning,Position,Pickup
71,13,Pickup,7,7,7,7,406,409,12:26,12:29,3,0,0.0,2,8.534,149.8,158.334,1,B1114,pickup_service,Pickup,Pickup
71,14,Movement,7,10,7,10,409,425,12:29,12:45,16,16,57.99,0,0.0,158.334,100.344,1,B1114,passenger_flight,Position,Delivery
71,15,Delivery,10,10,10,10,425,428,12:45,12:48,3,0,0.0,2,8.534,100.344,108.878,0,B1114,delivery_service,Delivery,Delivery
71,16,Stay,10,10,10,10,428,540,12:48,14:40,112,0,0.0,112,51.122,108.878,160.0,0,B1510,parking_charging,Position,Pickup
71,17,Pickup,10,10,10,10,540,543,14:40,14:43,3,0,0.0,2,0.0,160.0,160.0,1,B1510,pickup_service,Pickup,Pickup
71,18,Pickup,10,10,10,10,543,546,14:43,14:46,3,0,0.0,2,0.0,160.0,160.0,2,B1506,pickup_service,Pickup,Pickup
71,19,Movement,10,3,10,3,546,561,14:46,15:01,15,15,54.92,0,0.0,160.0,105.08,2,B1510,passenger_flight,Position,Delivery
71,20,Delivery,3,3,3,3,561,564,15:01,15:04,3,0,0.0,2,8.534,105.08,113.614,1,B1510,delivery_service,Delivery,Delivery
71,21,Delivery,3,3,3,3,564,567,15:04,15:07,3,0,0.0,2,8.534,113.614,122.148,0,B1506,delivery_service,Delivery,Delivery
71,22,Stay,3,3,3,3,567,570,15:07,15:10,3,0,0.0,3,12.801,122.148,134.949,0,B1631,parking_charging,Position,Pickup
71,23,Pickup,3,3,3,3,570,573,15:10,15:13,3,0,0.0,2,8.534,134.949,143.483,1,B1631,pickup_service,Pickup,Pickup
71,24,Pickup,3,3,3,3,573,576,15:13,15:16,3,0,0.0,2,8.534,143.483,152.017,2,B1623,pickup_service,Pickup,Pickup
71,25,Movement,3,5,3,5,576,584,15:16,15:24,8,8,23.93,0,0.0,152.017,128.087,2,B1631,passenger_flight,Position,Delivery
71,26,Delivery,5,5,5,5,584,587,15:24,15:27,3,0,0.0,2,8.534,128.087,136.621,1,B1631,delivery_service,Delivery,Delivery
71,27,Delivery,5,5,5,5,587,590,15:27,15:30,3,0,0.0,2,8.534,136.621,145.155,0,B1623,delivery_service,Delivery,Delivery
71,28,Stay,5,5,5,5,590,630,15:30,16:10,40,0,0.0,40,14.845,145.155,160.0,0,B1954,parking_charging,Position,Movement
71,29,Movement,5,4,5,4,630,636,16:10,16:16,6,6,11.45,0,0.0,160.0,148.55,0,B1954,empty_repositioning,Position,Pickup
71,30,Pickup,4,4,4,4,636,639,16:16,16:19,3,0,0.0,2,8.534,148.55,157.084,1,B1954,pickup_service,Pickup,Pickup
71,31,Pickup,4,4,4,4,639,642,16:19,16:22,3,0,0.0,2,2.916,157.084,160.0,2,B1925,pickup_service,Pickup,Pickup
71,32,Movement,4,10,4,10,642,654,16:22,16:34,12,12,42.86,0,0.0,160.0,117.14,2,B1925,passenger_flight,Position,Delivery
71,33,Delivery,10,10,10,10,654,657,16:34,16:37,3,0,0.0,2,8.534,117.14,125.674,1,B1925,delivery_service,Delivery,Delivery
71,34,Delivery,10,10,10,10,657,660,16:37,16:40,3,0,0.0,2,8.534,125.674,134.208,0,B1954,delivery_service,Delivery,Delivery
71,35,Movement,10,4,10,4,660,672,16:40,16:52,12,12,42.86,0,0.0,134.208,91.348,0,B2155,empty_repositioning,Position,Pickup
71,36,Pickup,4,4,4,4,672,675,16:52,16:55,3,0,0.0,2,8.534,91.348,99.882,1,B2155,pickup_service,Pickup,Pickup
71,37,Movement,4,10,4,10,675,687,16:55,17:07,12,12,42.86,0,0.0,99.882,57.022,1,B2155,passenger_flight,Position,Delivery
71,38,Delivery,10,10,10,10,687,690,17:07,17:10,3,0,0.0,2,8.534,57.022,65.556,0,B2155,delivery_service,Delivery,Delivery
71,39,Stay,10,10,10,10,690,692,17:10,17:12,2,0,0.0,2,8.534,65.556,74.09,0,B2407,parking_charging,Position,Pickup
71,40,Pickup,10,10,10,10,692,695,17:12,17:15,3,0,0.0,2,8.534,74.09,82.624,1,B2407,pickup_service,Pickup,Pickup
71,41,Pickup,10,10,10,10,695,698,17:15,17:18,3,0,0.0,2,8.534,82.624,91.158,2,B2378,pickup_service,Pickup,Pickup
71,42,Movement,10,4,10,4,698,710,17:18,17:30,12,12,42.86,0,0.0,91.158,48.298,2,B2378,passenger_flight,Position,Delivery
71,43,Delivery,4,4,4,4,710,713,17:30,17:33,3,0,0.0,2,8.534,48.298,56.832,1,B2378,delivery_service,Delivery,Delivery
71,44,Delivery,4,4,4,4,713,716,17:33,17:36,3,0,0.0,2,8.534,56.832,65.366,0,B2407,delivery_service,Delivery,Delivery
71,45,Pickup,4,4,4,4,716,719,17:36,17:39,3,0,0.0,2,8.534,65.366,73.9,1,B2583,pickup_service,Pickup,Pickup
71,46,Movement,4,2,4,2,719,725,17:39,17:45,6,6,16.13,0,0.0,73.9,57.77,1,B2583,passenger_flight,Position,Delivery
71,47,Delivery,2,2,2,2,725,728,17:45,17:48,3,0,0.0,2,8.534,57.77,66.304,0,B2583,delivery_service,Delivery,Delivery
71,48,Pickup,2,2,2,2,728,731,17:48,17:51,3,0,0.0,2,8.534,66.304,74.838,2,B2766,pickup_service,Pickup,Pickup
71,49,Pickup,2,2,2,2,731,734,17:51,17:54,3,0,0.0,2,8.534,74.838,83.372,4,B2753,pickup_service,Pickup,Pickup
71,50,Movement,2,1,2,1,734,741,17:54,18:01,7,7,13.61,0,0.0,83.372,69.762,4,B2753,passenger_flight,Position,Delivery
71,51,Delivery,1,1,1,1,741,744,18:01,18:04,3,0,0.0,2,8.534,69.762,78.296,2,B2753,delivery_service,Delivery,Delivery
71,52,Delivery,1,1,1,1,744,747,18:04,18:07,3,0,0.0,2,8.534,78.296,86.83,0,B2766,delivery_service,Delivery,Delivery
71,53,Pickup,1,1,1,1,747,750,18:07,18:10,3,0,0.0,2,8.534,86.83,95.364,1,B2962,pickup_service,Pickup,Pickup
71,54,Pickup,1,1,1,1,750,753,18:10,18:13,3,0,0.0,2,8.534,95.364,103.898,2,B2946,pickup_service,Pickup,Pickup
71,55,Movement,1,3,1,3,753,759,18:13,18:19,6,6,9.61,0,0.0,103.898,94.288,2,B2946,passenger_flight,Position,Delivery
71,56,Delivery,3,3,3,3,759,762,18:19,18:22,3,0,0.0,2,8.534,94.288,102.822,1,B2946,delivery_service,Delivery,Delivery
71,57,Delivery,3,3,3,3,762,765,18:22,18:25,3,0,0.0,2,8.534,102.822,111.356,0,B2962,delivery_service,Delivery,Delivery
71,58,Stay,3,3,3,3,765,768,18:25,18:28,3,0,0.0,3,12.801,111.356,124.157,0,B3099,parking_charging,Position,Pickup
71,59,Pickup,3,3,3,3,768,771,18:28,18:31,3,0,0.0,2,8.534,124.157,132.691,1,B3099,pickup_service,Pickup,Pickup
71,60,Movement,3,2,3,2,771,774,18:31,18:34,3,3,4.08,0,0.0,132.691,128.611,1,B3091,passenger_flight,Position,Pickup
71,61,Pickup,2,2,2,2,774,777,18:34,18:37,3,0,0.0,2,8.534,128.611,137.145,2,B3091,pickup_service,Pickup,Pickup
71,62,Movement,2,6,2,6,777,788,18:37,18:48,11,11,37.0,0,0.0,137.145,100.145,2,B3099,passenger_flight,Position,Delivery
71,63,Delivery,6,6,6,6,788,791,18:48,18:51,3,0,0.0,2,8.534,100.145,108.679,1,B3099,delivery_service,Delivery,Delivery
71,64,Delivery,6,6,6,6,791,794,18:51,18:54,3,0,0.0,2,8.534,108.679,117.213,0,B3091,delivery_service,Delivery,Delivery
71,65,Stay,6,6,6,6,794,800,18:54,19:00,6,0,0.0,6,25.602,117.213,142.815,0,B3291,parking_charging,Position,Movement
71,66,Movement,6,1,6,1,800,807,19:00,19:07,7,7,23.39,0,0.0,142.815,119.425,0,B3291,empty_repositioning,Position,Pickup
71,67,Pickup,1,1,1,1,807,810,19:07,19:10,3,0,0.0,2,8.534,119.425,127.959,1,B3291,pickup_service,Pickup,Pickup
71,68,Movement,1,3,1,3,810,816,19:10,19:16,6,6,9.61,0,0.0,127.959,118.349,1,B3291,passenger_flight,Position,Delivery
71,69,Delivery,3,3,3,3,816,819,19:16,19:19,3,0,0.0,2,8.534,118.349,126.883,0,B3291,delivery_service,Delivery,Delivery
71,70,Movement,3,2,3,2,819,822,19:19,19:22,3,3,4.08,0,0.0,126.883,122.803,0,,return_to_depot,Position,Depot
72,0,Stay,3,3,3,3,0,148,05:40,08:08,148,0,0.0,148,0.0,160.0,160.0,0,B203,parking_charging,Position,Movement
72,1,Movement,3,6,3,6,148,158,08:08,08:18,10,10,32.98,0,0.0,160.0,127.02,0,B203,empty_repositioning,Position,Pickup
72,2,Pickup,6,6,6,6,158,161,08:18,08:21,3,0,0.0,2,8.534,127.02,135.554,1,B203,pickup_service,Pickup,Pickup
72,3,Movement,6,10,6,10,161,172,08:21,08:32,11,11,35.74,0,0.0,135.554,99.814,1,B203,passenger_flight,Position,Delivery
72,4,Delivery,10,10,10,10,172,175,08:32,08:35,3,0,0.0,2,8.534,99.814,108.348,0,B203,delivery_service,Delivery,Delivery
72,5,Stay,10,10,10,10,175,208,08:35,09:08,33,0,0.0,33,51.652,108.348,160.0,0,B374,parking_charging,Position,Pickup
72,6,Pickup,10,10,10,10,208,211,09:08,09:11,3,0,0.0,2,0.0,160.0,160.0,1,B374,pickup_service,Pickup,Pickup
72,7,Movement,10,3,10,3,211,226,09:11,09:26,15,15,54.92,0,0.0,160.0,105.08,1,B374,passenger_flight,Position,Delivery
72,8,Delivery,3,3,3,3,226,229,09:26,09:29,3,0,0.0,2,8.534,105.08,113.614,0,B374,delivery_service,Delivery,Delivery
72,9,Stay,3,3,3,3,229,251,09:29,09:51,22,0,0.0,22,46.386,113.614,160.0,0,B474,parking_charging,Position,Pickup
72,10,Pickup,3,3,3,3,251,254,09:51,09:54,3,0,0.0,2,0.0,160.0,160.0,1,B474,pickup_service,Pickup,Pickup
72,11,Stay,3,3,3,3,254,256,09:54,09:56,2,0,0.0,2,0.0,160.0,160.0,1,B486,parking_charging,Position,Pickup
72,12,Pickup,3,3,3,3,256,259,09:56,09:59,3,0,0.0,2,0.0,160.0,160.0,4,B486,pickup_service,Pickup,Pickup
72,13,Stay,3,3,3,3,259,260,09:59,10:00,1,0,0.0,1,0.0,160.0,160.0,4,B474,parking_charging,Position,Movement
72,14,Movement,3,4,3,4,260,267,10:00,10:07,7,7,12.6,0,0.0,160.0,147.4,4,B474,passenger_flight,Position,Delivery
72,15,Delivery,4,4,4,4,267,270,10:07,10:10,3,0,0.0,2,8.534,147.4,155.934,3,B474,delivery_service,Delivery,Delivery
72,16,Stay,4,4,4,4,270,273,10:10,10:13,3,0,0.0,3,4.066,155.934,160.0,3,B486,parking_charging,Position,Delivery
72,17,Delivery,4,4,4,4,273,276,10:13,10:16,3,0,0.0,2,0.0,160.0,160.0,0,B486,delivery_service,Delivery,Delivery
72,18,Stay,4,4,4,4,276,308,10:16,10:48,32,0,0.0,32,0.0,160.0,160.0,0,B773,parking_charging,Position,Pickup
72,19,Pickup,4,4,4,4,308,311,10:48,10:51,3,0,0.0,2,0.0,160.0,160.0,1,B773,pickup_service,Pickup,Pickup
72,20,Pickup,4,4,4,4,311,314,10:51,10:54,3,0,0.0,2,0.0,160.0,160.0,2,B758,pickup_service,Pickup,Pickup
72,21,Movement,4,2,4,2,314,320,10:54,11:00,6,6,16.13,0,0.0,160.0,143.87,2,B758,passenger_flight,Position,Delivery
72,22,Delivery,2,2,2,2,320,323,11:00,11:03,3,0,0.0,2,8.534,143.87,152.404,1,B758,delivery_service,Delivery,Delivery
72,23,Delivery,2,2,2,2,323,326,11:03,11:06,3,0,0.0,2,7.596,152.404,160.0,0,B773,delivery_service,Delivery,Delivery
72,24,Pickup,2,2,2,2,326,329,11:06,11:09,3,0,0.0,2,0.0,160.0,160.0,1,B857,pickup_service,Pickup,Pickup
72,25,Movement,2,9,2,9,329,343,11:09,11:23,14,14,50.24,0,0.0,160.0,109.76,1,B857,passenger_flight,Position,Delivery
72,26,Delivery,9,9,9,9,343,346,11:23,11:26,3,0,0.0,2,8.534,109.76,118.294,0,B857,delivery_service,Delivery,Delivery
72,27,Stay,9,9,9,9,346,606,11:26,15:46,260,0,0.0,260,41.706,118.294,160.0,0,B1783,parking_charging,Position,Pickup
72,28,Pickup,9,9,9,9,606,609,15:46,15:49,3,0,0.0,2,0.0,160.0,160.0,1,B1783,pickup_service,Pickup,Pickup
72,29,Pickup,9,9,9,9,609,612,15:49,15:52,3,0,0.0,2,0.0,160.0,160.0,2,B1779,pickup_service,Pickup,Pickup
72,30,Movement,9,2,9,2,612,626,15:52,16:06,14,14,50.24,0,0.0,160.0,109.76,2,B1783,passenger_flight,Position,Delivery
72,31,Delivery,2,2,2,2,626,629,16:06,16:09,3,0,0.0,2,8.534,109.76,118.294,1,B1783,delivery_service,Delivery,Delivery
72,32,Delivery,2,2,2,2,629,632,16:09,16:12,3,0,0.0,2,8.534,118.294,126.828,0,B1779,delivery_service,Delivery,Delivery
72,33,Stay,2,2,2,2,632,634,16:12,16:14,2,0,0.0,2,8.534,126.828,135.362,0,B1936,parking_charging,Position,Pickup
72,34,Pickup,2,2,2,2,634,637,16:14,16:17,3,0,0.0,2,8.534,135.362,143.896,1,B1936,pickup_service,Pickup,Pickup
72,35,Pickup,2,2,2,2,637,640,16:17,16:20,3,0,0.0,2,8.534,143.896,152.43,2,B1929,pickup_service,Pickup,Pickup
72,36,Movement,2,1,2,1,640,647,16:20,16:27,7,7,13.61,0,0.0,152.43,138.82,2,B1936,passenger_flight,Position,Delivery
72,37,Delivery,1,1,1,1,647,650,16:27,16:30,3,0,0.0,2,8.534,138.82,147.354,1,B1936,delivery_service,Delivery,Delivery
72,38,Delivery,1,1,1,1,650,653,16:30,16:33,3,0,0.0,2,8.534,147.354,155.888,0,B1929,delivery_service,Delivery,Delivery
72,39,Stay,1,1,1,1,653,660,16:33,16:40,7,0,0.0,7,4.112,155.888,160.0,0,B2078,parking_charging,Position,Pickup
72,40,Pickup,1,1,1,1,660,663,16:40,16:43,3,0,0.0,2,0.0,160.0,160.0,1,B2078,pickup_service,Pickup,Pickup
72,41,Pickup,1,1,1,1,663,666,16:43,16:46,3,0,0.0,2,0.0,160.0,160.0,3,B2110,pickup_service,Pickup,Pickup
72,42,Movement,1,3,1,3,666,672,16:46,16:52,6,6,9.61,0,0.0,160.0,150.39,3,B2078,passenger_flight,Position,Delivery
72,43,Delivery,3,3,3,3,672,675,16:52,16:55,3,0,0.0,2,8.534,150.39,158.924,2,B2078,delivery_service,Delivery,Delivery
72,44,Movement,3,2,3,2,675,678,16:55,16:58,3,3,4.08,0,0.0,158.924,154.844,2,B2110,passenger_flight,Position,Delivery
72,45,Delivery,2,2,2,2,678,681,16:58,17:01,3,0,0.0,2,5.156,154.844,160.0,0,B2110,delivery_service,Delivery,Delivery
72,46,Pickup,2,2,2,2,681,684,17:01,17:04,3,0,0.0,2,0.0,160.0,160.0,1,B2241,pickup_service,Pickup,Pickup
72,47,Movement,2,4,2,4,684,690,17:04,17:10,6,6,16.13,0,0.0,160.0,143.87,1,B2241,passenger_flight,Position,Delivery
72,48,Delivery,4,4,4,4,690,693,17:10,17:13,3,0,0.0,2,8.534,143.87,152.404,0,B2241,delivery_service,Delivery,Delivery
72,49,Stay,4,4,4,4,693,701,17:13,17:21,8,0,0.0,8,7.596,152.404,160.0,0,B2497,parking_charging,Position,Pickup
72,50,Pickup,4,4,4,4,701,704,17:21,17:24,3,0,0.0,2,0.0,160.0,160.0,1,B2497,pickup_service,Pickup,Pickup
72,51,Pickup,4,4,4,4,704,707,17:24,17:27,3,0,0.0,2,0.0,160.0,160.0,2,B2459,pickup_service,Pickup,Pickup
72,52,Movement,4,7,4,7,707,714,17:27,17:34,7,7,21.43,0,0.0,160.0,138.57,2,B2459,passenger_flight,Position,Delivery
72,53,Delivery,7,7,7,7,714,717,17:34,17:37,3,0,0.0,2,8.534,138.57,147.104,1,B2459,delivery_service,Delivery,Delivery
72,54,Delivery,7,7,7,7,717,720,17:37,17:40,3,0,0.0,2,8.534,147.104,155.638,0,B2497,delivery_service,Delivery,Delivery
72,55,Stay,7,7,7,7,720,721,17:40,17:41,1,0,0.0,1,4.267,155.638,159.905,0,B2719,parking_charging,Position,Pickup
72,56,Pickup,7,7,7,7,721,724,17:41,17:44,3,0,0.0,2,0.095,159.905,160.0,1,B2719,pickup_service,Pickup,Pickup
72,57,Stay,7,7,7,7,724,727,17:44,17:47,3,0,0.0,3,0.0,160.0,160.0,1,B2785,parking_charging,Position,Pickup
72,58,Pickup,7,7,7,7,727,730,17:47,17:50,3,0,0.0,2,0.0,160.0,160.0,2,B2785,pickup_service,Pickup,Pickup
72,59,Movement,7,4,7,4,730,737,17:50,17:57,7,7,21.43,0,0.0,160.0,138.57,2,B2719,passenger_flight,Position,Delivery
72,60,Delivery,4,4,4,4,737,740,17:57,18:00,3,0,0.0,2,8.534,138.57,147.104,1,B2719,delivery_service,Delivery,Delivery
72,61,Delivery,4,4,4,4,740,743,18:00,18:03,3,0,0.0,2,8.534,147.104,155.638,0,B2785,delivery_service,Delivery,Delivery
72,62,Pickup,4,4,4,4,743,746,18:03,18:06,3,0,0.0,2,4.362,155.638,160.0,1,B2918,pickup_service,Pickup,Pickup
72,63,Movement,4,7,4,7,746,753,18:06,18:13,7,7,21.43,0,0.0,160.0,138.57,1,B2918,passenger_flight,Position,Delivery
72,64,Delivery,7,7,7,7,753,756,18:13,18:16,3,0,0.0,2,8.534,138.57,147.104,0,B2918,delivery_service,Delivery,Delivery
72,65,Stay,7,7,7,7,756,764,18:16,18:24,8,0,0.0,8,12.896,147.104,160.0,0,B3076,parking_charging,Position,Pickup
72,66,Pickup,7,7,7,7,764,767,18:24,18:27,3,0,0.0,2,0.0,160.0,160.0,1,B3076,pickup_service,Pickup,Pickup
72,67,Movement,7,6,7,6,767,779,18:27,18:39,12,12,43.48,0,0.0,160.0,116.52,1,B3076,passenger_flight,Position,Delivery
72,68,Delivery,6,6,6,6,779,782,18:39,18:42,3,0,0.0,2,8.534,116.52,125.054,0,B3076,delivery_service,Delivery,Delivery
72,69,Stay,6,6,6,6,782,790,18:42,18:50,8,0,0.0,8,34.136,125.054,159.19,0,B3238,parking_charging,Position,Pickup
72,70,Pickup,6,6,6,6,790,793,18:50,18:53,3,0,0.0,2,0.81,159.19,160.0,1,B3238,pickup_service,Pickup,Pickup
72,71,Movement,6,9,6,9,793,813,18:53,19:13,20,20,74.79,0,0.0,160.0,85.21,1,B3238,passenger_flight,Position,Delivery
72,72,Delivery,9,9,9,9,813,816,19:13,19:16,3,0,0.0,2,8.534,85.21,93.744,0,B3238,delivery_service,Delivery,Delivery
72,73,Movement,9,3,9,3,816,831,19:16,19:31,15,15,52.78,0,0.0,93.744,40.964,0,,return_to_depot,Position,Depot
73,0,Stay,4,4,4,4,0,260,05:40,10:00,260,0,0.0,260,0.0,160.0,160.0,0,B510,parking_charging,Position,Movement
73,1,Movement,4,2,4,2,260,266,10:00,10:06,6,6,16.13,0,0.0,160.0,143.87,0,B510,empty_repositioning,Position,Pickup
73,2,Pickup,2,2,2,2,266,269,10:06,10:09,3,0,0.0,2,8.534,143.87,152.404,1,B510,pickup_service,Pickup,Pickup
73,3,Stay,2,2,2,2,269,272,10:09,10:12,3,0,0.0,3,7.596,152.404,160.0,1,B510,parking_charging,Position,Movement
73,4,Movement,2,6,2,6,272,283,10:12,10:23,11,11,37.0,0,0.0,160.0,123.0,1,B510,passenger_flight,Position,Delivery
73,5,Delivery,6,6,6,6,283,286,10:23,10:26,3,0,0.0,2,8.534,123.0,131.534,0,B510,delivery_service,Delivery,Delivery
73,6,Stay,6,6,6,6,286,292,10:26,10:32,6,0,0.0,6,25.602,131.534,157.136,0,B678,parking_charging,Position,Pickup
73,7,Pickup,6,6,6,6,292,295,10:32,10:35,3,0,0.0,2,2.864,157.136,160.0,1,B678,pickup_service,Pickup,Pickup
73,8,Pickup,6,6,6,6,295,298,10:35,10:38,3,0,0.0,2,0.0,160.0,160.0,2,B697,pickup_service,Pickup,Pickup
73,9,Movement,6,2,6,2,298,309,10:38,10:49,11,11,37.0,0,0.0,160.0,123.0,2,B678,passenger_flight,Position,Delivery
73,10,Delivery,2,2,2,2,309,312,10:49,10:52,3,0,0.0,2,8.534,123.0,131.534,1,B678,delivery_service,Delivery,Delivery
73,11,Movement,2,7,2,7,312,318,10:52,10:58,6,6,10.2,0,0.0,131.534,121.334,1,B697,passenger_flight,Position,Delivery
73,12,Delivery,7,7,7,7,318,321,10:58,11:01,3,0,0.0,2,8.534,121.334,129.868,0,B697,delivery_service,Delivery,Delivery
73,13,Stay,7,7,7,7,321,323,11:01,11:03,2,0,0.0,2,8.534,129.868,138.402,0,B899,parking_charging,Position,Movement
73,14,Movement,7,6,7,6,323,335,11:03,11:15,12,12,43.48,0,0.0,138.402,94.922,0,B899,empty_repositioning,Position,Pickup
73,15,Pickup,6,6,6,6,335,338,11:15,11:18,3,0,0.0,2,8.534,94.922,103.456,1,B899,pickup_service,Pickup,Pickup
73,16,Stay,6,6,6,6,338,341,11:18,11:21,3,0,0.0,3,12.801,103.456,116.257,1,B899,parking_charging,Position,Movement
73,17,Movement,6,7,6,7,341,353,11:21,11:33,12,12,43.48,0,0.0,116.257,72.777,1,B899,passenger_flight,Position,Delivery
73,18,Delivery,7,7,7,7,353,356,11:33,11:36,3,0,0.0,2,8.534,72.777,81.311,0,B899,delivery_service,Delivery,Delivery
73,19,Pickup,7,7,7,7,356,359,11:36,11:39,3,0,0.0,2,8.534,81.311,89.845,1,B966,pickup_service,Pickup,Pickup
73,20,Movement,7,1,7,1,359,366,11:39,11:46,7,7,21.03,0,0.0,89.845,68.815,1,B966,passenger_flight,Position,Delivery
73,21,Delivery,1,1,1,1,366,369,11:46,11:49,3,0,0.0,2,8.534,68.815,77.349,0,B966,delivery_service,Delivery,Delivery
73,22,Stay,1,1,1,1,369,376,11:49,11:56,7,0,0.0,7,29.869,77.349,107.218,0,B1055,parking_charging,Position,Pickup
73,23,Pickup,1,1,1,1,376,379,11:56,11:59,3,0,0.0,2,8.534,107.218,115.752,1,B1055,pickup_service,Pickup,Pickup
73,24,Stay,1,1,1,1,379,387,11:59,12:07,8,0,0.0,8,34.136,115.752,149.888,1,B1055,parking_charging,Position,Movement
73,25,Movement,1,10,1,10,387,400,12:07,12:20,13,13,47.44,0,0.0,149.888,102.448,1,B1055,passenger_flight,Position,Delivery
73,26,Delivery,10,10,10,10,400,403,12:20,12:23,3,0,0.0,2,8.534,102.448,110.982,0,B1055,delivery_service,Delivery,Delivery
73,27,Stay,10,10,10,10,403,548,12:23,14:48,145,0,0.0,145,49.018,110.982,160.0,0,B1542,parking_charging,Position,Pickup
73,28,Pickup,10,10,10,10,548,551,14:48,14:51,3,0,0.0,2,0.0,160.0,160.0,1,B1542,pickup_service,Pickup,Pickup
73,29,Stay,10,10,10,10,551,561,14:51,15:01,10,0,0.0,10,0.0,160.0,160.0,1,B1542,parking_charging,Position,Movement
73,30,Movement,10,2,10,2,561,577,15:01,15:17,16,16,57.66,0,0.0,160.0,102.34,1,B1542,passenger_flight,Position,Delivery
73,31,Delivery,2,2,2,2,577,580,15:17,15:20,3,0,0.0,2,8.534,102.34,110.874,0,B1542,delivery_service,Delivery,Delivery
73,32,Movement,2,3,2,3,580,583,15:20,15:23,3,3,4.08,0,0.0,110.874,106.794,0,B1676,empty_repositioning,Position,Pickup
73,33,Pickup,3,3,3,3,583,586,15:23,15:26,3,0,0.0,2,8.534,106.794,115.328,1,B1676,pickup_service,Pickup,Pickup
73,34,Movement,3,2,3,2,586,589,15:26,15:29,3,3,4.08,0,0.0,115.328,111.248,1,B1693,passenger_flight,Position,Pickup
73,35,Pickup,2,2,2,2,589,592,15:29,15:32,3,0,0.0,2,8.534,111.248,119.782,2,B1693,pickup_service,Pickup,Pickup
73,36,Movement,2,6,2,6,592,603,15:32,15:43,11,11,37.0,0,0.0,119.782,82.782,2,B1676,passenger_flight,Position,Delivery
73,37,Delivery,6,6,6,6,603,606,15:43,15:46,3,0,0.0,2,8.534,82.782,91.316,1,B1676,delivery_service,Delivery,Delivery
73,38,Stay,6,6,6,6,606,609,15:46,15:49,3,0,0.0,3,12.801,91.316,104.117,1,B1693,parking_charging,Position,Delivery
73,39,Delivery,6,6,6,6,609,612,15:49,15:52,3,0,0.0,2,8.534,104.117,112.651,0,B1693,delivery_service,Delivery,Delivery
73,40,Stay,6,6,6,6,612,620,15:52,16:00,8,0,0.0,8,34.136,112.651,146.787,0,B1842,parking_charging,Position,Pickup
73,41,Pickup,6,6,6,6,620,623,16:00,16:03,3,0,0.0,2,8.534,146.787,155.321,1,B1842,pickup_service,Pickup,Pickup
73,42,Movement,6,1,6,1,623,630,16:03,16:10,7,7,23.39,0,0.0,155.321,131.931,1,B1883,passenger_flight,Position,Pickup
73,43,Pickup,1,1,1,1,630,633,16:10,16:13,3,0,0.0,2,8.534,131.931,140.465,2,B1883,pickup_service,Pickup,Pickup
73,44,Movement,1,3,1,3,633,639,16:13,16:19,6,6,9.61,0,0.0,140.465,130.855,2,B1842,passenger_flight,Position,Delivery
73,45,Delivery,3,3,3,3,639,642,16:19,16:22,3,0,0.0,2,8.534,130.855,139.389,1,B1842,delivery_service,Delivery,Delivery
73,46,Delivery,3,3,3,3,642,645,16:22,16:25,3,0,0.0,2,8.534,139.389,147.923,0,B1883,delivery_service,Delivery,Delivery
73,47,Stay,3,3,3,3,645,647,16:25,16:27,2,0,0.0,2,8.534,147.923,156.457,0,B2018,parking_charging,Position,Pickup
73,48,Pickup,3,3,3,3,647,650,16:27,16:30,3,0,0.0,2,3.543,156.457,160.0,1,B2018,pickup_service,Pickup,Pickup
73,49,Stay,3,3,3,3,650,652,16:30,16:32,2,0,0.0,2,0.0,160.0,160.0,1,B2048,parking_charging,Position,Pickup
73,50,Pickup,3,3,3,3,652,655,16:32,16:35,3,0,0.0,2,0.0,160.0,160.0,2,B2048,pickup_service,Pickup,Pickup
73,51,Movement,3,4,3,4,655,662,16:35,16:42,7,7,12.6,0,0.0,160.0,147.4,2,B2018,passenger_flight,Position,Delivery
73,52,Delivery,4,4,4,4,662,665,16:42,16:45,3,0,0.0,2,8.534,147.4,155.934,1,B2018,delivery_service,Delivery,Delivery
73,53,Movement,4,5,4,5,665,671,16:45,16:51,6,6,11.45,0,0.0,155.934,144.484,1,B2048,passenger_flight,Position,Delivery
73,54,Delivery,5,5,5,5,671,674,16:51,16:54,3,0,0.0,2,8.534,144.484,153.018,0,B2048,delivery_service,Delivery,Delivery
73,55,Stay,5,5,5,5,674,680,16:54,17:00,6,0,0.0,6,6.982,153.018,160.0,0,B2277,parking_charging,Position,Movement
73,56,Movement,5,4,5,4,680,686,17:00,17:06,6,6,11.45,0,0.0,160.0,148.55,0,B2277,empty_repositioning,Position,Pickup
73,57,Pickup,4,4,4,4,686,689,17:06,17:09,3,0,0.0,2,8.534,148.55,157.084,1,B2277,pickup_service,Pickup,Pickup
73,58,Movement,4,3,4,3,689,696,17:09,17:16,7,7,12.6,0,0.0,157.084,144.484,1,B2277,passenger_flight,Position,Delivery
73,59,Delivery,3,3,3,3,696,699,17:16,17:19,3,0,0.0,2,8.534,144.484,153.018,0,B2277,delivery_service,Delivery,Delivery
73,60,Pickup,3,3,3,3,699,702,17:19,17:22,3,0,0.0,2,6.982,153.018,160.0,1,B2412,pickup_service,Pickup,Pickup
73,61,Movement,3,1,3,1,702,708,17:22,17:28,6,6,9.61,0,0.0,160.0,150.39,1,B2412,passenger_flight,Position,Delivery
73,62,Delivery,1,1,1,1,708,711,17:28,17:31,3,0,0.0,2,8.534,150.39,158.924,0,B2412,delivery_service,Delivery,Delivery
73,63,Pickup,1,1,1,1,711,714,17:31,17:34,3,0,0.0,2,1.076,158.924,160.0,1,B2541,pickup_service,Pickup,Pickup
73,64,Movement,1,2,1,2,714,721,17:34,17:41,7,7,13.61,0,0.0,160.0,146.39,1,B2541,passenger_flight,Position,Delivery
73,65,Delivery,2,2,2,2,721,724,17:41,17:44,3,0,0.0,2,8.534,146.39,154.924,0,B2541,delivery_service,Delivery,Delivery
73,66,Stay,2,2,2,2,724,731,17:44,17:51,7,0,0.0,7,5.076,154.924,160.0,0,B2822,parking_charging,Position,Pickup
73,67,Pickup,2,2,2,2,731,734,17:51,17:54,3,0,0.0,2,0.0,160.0,160.0,2,B2822,pickup_service,Pickup,Pickup
73,68,Pickup,2,2,2,2,734,737,17:54,17:57,3,0,0.0,2,0.0,160.0,160.0,4,B2803,pickup_service,Pickup,Pickup
73,69,Movement,2,1,2,1,737,744,17:57,18:04,7,7,13.61,0,0.0,160.0,146.39,4,B2822,passenger_flight,Position,Delivery
73,70,Delivery,1,1,1,1,744,747,18:04,18:07,3,0,0.0,2,8.534,146.39,154.924,2,B2822,delivery_service,Delivery,Delivery
73,71,Delivery,1,1,1,1,747,750,18:07,18:10,3,0,0.0,2,5.076,154.924,160.0,0,B2803,delivery_service,Delivery,Delivery
73,72,Pickup,1,1,1,1,750,753,18:10,18:13,3,0,0.0,2,0.0,160.0,160.0,1,B2973,pickup_service,Pickup,Pickup
73,73,Pickup,1,1,1,1,753,756,18:13,18:16,3,0,0.0,2,0.0,160.0,160.0,2,B2969,pickup_service,Pickup,Pickup
73,74,Movement,1,3,1,3,756,762,18:16,18:22,6,6,9.61,0,0.0,160.0,150.39,2,B2969,passenger_flight,Position,Delivery
73,75,Delivery,3,3,3,3,762,765,18:22,18:25,3,0,0.0,2,8.534,150.39,158.924,1,B2969,delivery_service,Delivery,Delivery
73,76,Delivery,3,3,3,3,765,768,18:25,18:28,3,0,0.0,2,1.076,158.924,160.0,0,B2973,delivery_service,Delivery,Delivery
73,77,Movement,3,2,3,2,768,771,18:28,18:31,3,3,4.08,0,0.0,160.0,155.92,0,B3098,empty_repositioning,Position,Pickup
73,78,Pickup,2,2,2,2,771,774,18:31,18:34,3,0,0.0,2,4.08,155.92,160.0,1,B3098,pickup_service,Pickup,Pickup
73,79,Pickup,2,2,2,2,774,777,18:34,18:37,3,0,0.0,2,0.0,160.0,160.0,2,B3090,pickup_service,Pickup,Pickup
73,80,Movement,2,5,2,5,777,785,18:37,18:45,8,8,27.57,0,0.0,160.0,132.43,2,B3098,passenger_flight,Position,Delivery
73,81,Delivery,5,5,5,5,785,788,18:45,18:48,3,0,0.0,2,8.534,132.43,140.964,1,B3098,delivery_service,Delivery,Delivery
73,82,Delivery,5,5,5,5,788,791,18:48,18:51,3,0,0.0,2,8.534,140.964,149.498,0,B3090,delivery_service,Delivery,Delivery
73,83,Stay,5,5,5,5,791,800,18:51,19:00,9,0,0.0,9,10.502,149.498,160.0,0,B3315,parking_charging,Position,Movement
73,84,Movement,5,4,5,4,800,806,19:00,19:06,6,6,11.45,0,0.0,160.0,148.55,0,B3315,empty_repositioning,Position,Pickup
73,85,Pickup,4,4,4,4,806,809,19:06,19:09,3,0,0.0,2,8.534,148.55,157.084,1,B3315,pickup_service,Pickup,Pickup
73,86,Movement,4,6,4,6,809,816,19:09,19:16,7,7,22.06,0,0.0,157.084,135.024,1,B3315,passenger_flight,Position,Delivery
73,87,Delivery,6,6,6,6,816,819,19:16,19:19,3,0,0.0,2,8.534,135.024,143.558,0,B3315,delivery_service,Delivery,Delivery
73,88,Movement,6,4,6,4,819,826,19:19,19:26,7,7,22.06,0,0.0,143.558,121.498,0,,return_to_depot,Position,Depot
74,0,Stay,5,5,5,5,0,148,05:40,08:08,148,0,0.0,148,0.0,160.0,160.0,0,B158,parking_charging,Position,Pickup
74,1,Pickup,5,5,5,5,148,151,08:08,08:11,3,0,0.0,2,0.0,160.0,160.0,1,B158,pickup_service,Pickup,Pickup
74,2,Pickup,5,5,5,5,151,154,08:11,08:14,3,0,0.0,2,0.0,160.0,160.0,3,B170,pickup_service,Pickup,Pickup
74,3,Movement,5,3,5,3,154,162,08:14,08:22,8,8,23.93,0,0.0,160.0,136.07,3,B158,passenger_flight,Position,Delivery
74,4,Delivery,3,3,3,3,162,165,08:22,08:25,3,0,0.0,2,8.534,136.07,144.604,2,B158,delivery_service,Delivery,Delivery
74,5,Delivery,3,3,3,3,165,168,08:25,08:28,3,0,0.0,2,8.534,144.604,153.138,0,B170,delivery_service,Delivery,Delivery
74,6,Stay,3,3,3,3,168,188,08:28,08:48,20,0,0.0,20,6.862,153.138,160.0,0,B307,parking_charging,Position,Pickup
74,7,Pickup,3,3,3,3,188,191,08:48,08:51,3,0,0.0,2,0.0,160.0,160.0,1,B307,pickup_service,Pickup,Pickup
74,8,Stay,3,3,3,3,191,194,08:51,08:54,3,0,0.0,3,0.0,160.0,160.0,1,B331,parking_charging,Position,Pickup
74,9,Pickup,3,3,3,3,194,197,08:54,08:57,3,0,0.0,2,0.0,160.0,160.0,2,B331,pickup_service,Pickup,Pickup
74,10,Movement,3,1,3,1,197,203,08:57,09:03,6,6,9.61,0,0.0,160.0,150.39,2,B307,passenger_flight,Position,Delivery
74,11,Delivery,1,1,1,1,203,206,09:03,09:06,3,0,0.0,2,8.534,150.39,158.924,1,B307,delivery_service,Delivery,Delivery
74,12,Delivery,1,1,1,1,206,209,09:06,09:09,3,0,0.0,2,1.076,158.924,160.0,0,B331,delivery_service,Delivery,Delivery
74,13,Stay,1,1,1,1,209,300,09:09,10:40,91,0,0.0,91,0.0,160.0,160.0,0,B738,parking_charging,Position,Movement
74,14,Movement,1,5,1,5,300,308,10:40,10:48,8,8,14.88,0,0.0,160.0,145.12,0,B738,empty_repositioning,Position,Pickup
74,15,Pickup,5,5,5,5,308,311,10:48,10:51,3,0,0.0,2,8.534,145.12,153.654,1,B738,pickup_service,Pickup,Pickup
74,16,Movement,5,9,5,9,311,328,10:51,11:08,17,17,62.04,0,0.0,153.654,91.614,1,B738,passenger_flight,Position,Delivery
74,17,Delivery,9,9,9,9,328,331,11:08,11:11,3,0,0.0,2,8.534,91.614,100.148,0,B738,delivery_service,Delivery,Delivery
74,18,Stay,9,9,9,9,331,333,11:11,11:13,2,0,0.0,2,8.534,100.148,108.682,0,B918,parking_charging,Position,Movement
74,19,Movement,9,8,9,8,333,339,11:13,11:19,6,6,18.04,0,0.0,108.682,90.642,0,B918,empty_repositioning,Position,Pickup
74,20,Pickup,8,8,8,8,339,342,11:19,11:22,3,0,0.0,2,8.534,90.642,99.176,1,B918,pickup_service,Pickup,Pickup
74,21,Movement,8,6,8,6,342,359,11:22,11:39,17,17,60.41,0,0.0,99.176,38.766,1,B918,passenger_flight,Position,Delivery
74,22,Delivery,6,6,6,6,359,362,11:39,11:42,3,0,0.0,2,8.534,38.766,47.3,0,B918,delivery_service,Delivery,Delivery
74,23,Stay,6,6,6,6,362,366,11:42,11:46,4,0,0.0,4,17.068,47.3,64.368,0,B1026,parking_charging,Position,Pickup
74,24,Pickup,6,6,6,6,366,369,11:46,11:49,3,0,0.0,2,8.534,64.368,72.902,1,B1026,pickup_service,Pickup,Pickup
74,25,Pickup,6,6,6,6,369,372,11:49,11:52,3,0,0.0,2,8.534,72.902,81.436,2,B1014,pickup_service,Pickup,Pickup
74,26,Movement,6,1,6,1,372,379,11:52,11:59,7,7,23.39,0,0.0,81.436,58.046,2,B1014,passenger_flight,Position,Delivery
74,27,Delivery,1,1,1,1,379,382,11:59,12:02,3,0,0.0,2,8.534,58.046,66.58,1,B1014,delivery_service,Delivery,Delivery
74,28,Delivery,1,1,1,1,382,385,12:02,12:05,3,0,0.0,2,8.534,66.58,75.114,0,B1026,delivery_service,Delivery,Delivery
74,29,Stay,1,1,1,1,385,387,12:05,12:07,2,0,0.0,2,8.534,75.114,83.648,0,B1081,parking_charging,Position,Pickup
74,30,Pickup,1,1,1,1,387,390,12:07,12:10,3,0,0.0,2,8.534,83.648,92.182,1,B1081,pickup_service,Pickup,Pickup
74,31,Movement,1,9,1,9,390,406,12:10,12:26,16,16,57.72,0,0.0,92.182,34.462,1,B1081,passenger_flight,Position,Delivery
74,32,Delivery,9,9,9,9,406,409,12:26,12:29,3,0,0.0,2,8.534,34.462,42.996,0,B1081,delivery_service,Delivery,Delivery
74,33,Stay,9,9,9,9,409,516,12:29,14:16,107,0,0.0,107,117.004,42.996,160.0,0,B1405,parking_charging,Position,Pickup
74,34,Pickup,9,9,9,9,516,519,14:16,14:19,3,0,0.0,2,0.0,160.0,160.0,1,B1405,pickup_service,Pickup,Pickup
74,35,Movement,9,10,9,10,519,538,14:19,14:38,19,19,69.89,0,0.0,160.0,90.11,1,B1405,passenger_flight,Position,Delivery
74,36,Delivery,10,10,10,10,538,541,14:38,14:41,3,0,0.0,2,8.534,90.11,98.644,0,B1405,delivery_service,Delivery,Delivery
74,37,Pickup,10,10,10,10,541,544,14:41,14:44,3,0,0.0,2,8.534,98.644,107.178,1,B1496,pickup_service,Pickup,Pickup
74,38,Movement,10,9,10,9,544,563,14:44,15:03,19,19,69.89,0,0.0,107.178,37.288,1,B1496,passenger_flight,Position,Delivery
74,39,Delivery,9,9,9,9,563,566,15:03,15:06,3,0,0.0,2,8.534,37.288,45.822,0,B1496,delivery_service,Delivery,Delivery
74,40,Stay,9,9,9,9,566,587,15:06,15:27,21,0,0.0,21,89.607,45.822,135.429,0,B1692,parking_charging,Position,Pickup
74,41,Pickup,9,9,9,9,587,590,15:27,15:30,3,0,0.0,2,8.534,135.429,143.963,1,B1692,pickup_service,Pickup,Pickup
74,42,Movement,9,3,9,3,590,605,15:30,15:45,15,15,52.78,0,0.0,143.963,91.183,1,B1692,passenger_flight,Position,Delivery
74,43,Delivery,3,3,3,3,605,608,15:45,15:48,3,0,0.0,2,8.534,91.183,99.717,0,B1692,delivery_service,Delivery,Delivery
74,44,Pickup,3,3,3,3,608,611,15:48,15:51,3,0,0.0,2,8.534,99.717,108.251,1,B1787,pickup_service,Pickup,Pickup
74,45,Pickup,3,3,3,3,611,614,15:51,15:54,3,0,0.0,2,8.534,108.251,116.785,2,B1776,pickup_service,Pickup,Pickup
74,46,Movement,3,5,3,5,614,622,15:54,16:02,8,8,23.93,0,0.0,116.785,92.855,2,B1776,passenger_flight,Position,Delivery
74,47,Delivery,5,5,5,5,622,625,16:02,16:05,3,0,0.0,2,8.534,92.855,101.389,1,B1776,delivery_service,Delivery,Delivery
74,48,Delivery,5,5,5,5,625,628,16:05,16:08,3,0,0.0,2,8.534,101.389,109.923,0,B1787,delivery_service,Delivery,Delivery
74,49,Movement,5,3,5,3,628,636,16:08,16:16,8,8,23.93,0,0.0,109.923,85.993,0,B1922,empty_repositioning,Position,Pickup
74,50,Pickup,3,3,3,3,636,639,16:16,16:19,3,0,0.0,2,8.534,85.993,94.527,1,B1922,pickup_service,Pickup,Pickup
74,51,Movement,3,6,3,6,639,649,16:19,16:29,10,10,32.98,0,0.0,94.527,61.547,1,B1922,passenger_flight,Position,Delivery
74,52,Delivery,6,6,6,6,649,652,16:29,16:32,3,0,0.0,2,8.534,61.547,70.081,0,B1922,delivery_service,Delivery,Delivery
74,53,Movement,6,1,6,1,652,659,16:32,16:39,7,7,23.39,0,0.0,70.081,46.691,0,B2066,empty_repositioning,Position,Pickup
74,54,Pickup,1,1,1,1,659,662,16:39,16:42,3,0,0.0,2,8.534,46.691,55.225,1,B2066,pickup_service,Pickup,Pickup
74,55,Movement,1,5,1,5,662,670,16:42,16:50,8,8,14.88,0,0.0,55.225,40.345,1,B2066,passenger_flight,Position,Delivery
74,56,Delivery,5,5,5,5,670,673,16:50,16:53,3,0,0.0,2,8.534,40.345,48.879,0,B2066,delivery_service,Delivery,Delivery
74,57,Stay,5,5,5,5,673,680,16:53,17:00,7,0,0.0,7,29.869,48.879,78.748,0,B2261,parking_charging,Position,Movement
74,58,Movement,5,2,5,2,680,688,17:00,17:08,8,8,27.57,0,0.0,78.748,51.178,0,B2261,empty_repositioning,Position,Pickup
74,59,Pickup,2,2,2,2,688,691,17:08,17:11,3,0,0.0,2,8.534,51.178,59.712,1,B2261,pickup_service,Pickup,Pickup
74,60,Movement,2,4,2,4,691,697,17:11,17:17,6,6,16.13,0,0.0,59.712,43.582,1,B2261,passenger_flight,Position,Delivery
74,61,Delivery,4,4,4,4,697,700,17:17,17:20,3,0,0.0,2,8.534,43.582,52.116,0,B2261,delivery_service,Delivery,Delivery
74,62,Stay,4,4,4,4,700,703,17:20,17:23,3,0,0.0,3,12.801,52.116,64.917,0,B2519,parking_charging,Position,Pickup
74,63,Pickup,4,4,4,4,703,706,17:23,17:26,3,0,0.0,2,8.534,64.917,73.451,1,B2519,pickup_service,Pickup,Pickup
74,64,Stay,4,4,4,4,706,710,17:26,17:30,4,0,0.0,4,17.068,73.451,90.519,1,B2597,parking_charging,Position,Pickup
74,65,Pickup,4,4,4,4,710,713,17:30,17:33,3,0,0.0,2,8.534,90.519,99.053,2,B2597,pickup_service,Pickup,Pickup
74,66,Movement,4,2,4,2,713,719,17:33,17:39,6,6,16.13,0,0.0,99.053,82.923,2,B2519,passenger_flight,Position,Delivery
74,67,Delivery,2,2,2,2,719,722,17:39,17:42,3,0,0.0,2,8.534,82.923,91.457,1,B2519,delivery_service,Delivery,Delivery
74,68,Stay,2,2,2,2,722,725,17:42,17:45,3,0,0.0,3,12.801,91.457,104.258,1,B2597,parking_charging,Position,Delivery
74,69,Delivery,2,2,2,2,725,728,17:45,17:48,3,0,0.0,2,8.534,104.258,112.792,0,B2597,delivery_service,Delivery,Delivery
74,70,Stay,2,2,2,2,728,740,17:48,18:00,12,0,0.0,12,47.208,112.792,160.0,0,B2855,parking_charging,Position,Pickup
74,71,Pickup,2,2,2,2,740,743,18:00,18:03,3,0,0.0,2,0.0,160.0,160.0,1,B2855,pickup_service,Pickup,Pickup
74,72,Movement,2,4,2,4,743,749,18:03,18:09,6,6,16.13,0,0.0,160.0,143.87,1,B2855,passenger_flight,Position,Delivery
74,73,Delivery,4,4,4,4,749,752,18:09,18:12,3,0,0.0,2,8.534,143.87,152.404,0,B2855,delivery_service,Delivery,Delivery
74,74,Pickup,4,4,4,4,752,755,18:12,18:15,3,0,0.0,2,7.596,152.404,160.0,2,B3001,pickup_service,Pickup,Pickup
74,75,Movement,4,2,4,2,755,761,18:15,18:21,6,6,16.13,0,0.0,160.0,143.87,2,B3001,passenger_flight,Position,Delivery
74,76,Delivery,2,2,2,2,761,764,18:21,18:24,3,0,0.0,2,8.534,143.87,152.404,0,B3001,delivery_service,Delivery,Delivery
74,77,Pickup,2,2,2,2,764,767,18:24,18:27,3,0,0.0,2,7.596,152.404,160.0,1,B3027,pickup_service,Pickup,Pickup
74,78,Movement,2,5,2,5,767,775,18:27,18:35,8,8,27.57,0,0.0,160.0,132.43,1,B3027,passenger_flight,Position,Delivery
74,79,Delivery,5,5,5,5,775,778,18:35,18:38,3,0,0.0,2,8.534,132.43,140.964,0,B3027,delivery_service,Delivery,Delivery
74,80,Stay,5,5,5,5,778,780,18:38,18:40,2,0,0.0,2,8.534,140.964,149.498,0,B3220,parking_charging,Position,Movement
74,81,Movement,5,2,5,2,780,788,18:40,18:48,8,8,27.57,0,0.0,149.498,121.928,0,B3220,empty_repositioning,Position,Pickup
74,82,Pickup,2,2,2,2,788,791,18:48,18:51,3,0,0.0,2,8.534,121.928,130.462,1,B3220,pickup_service,Pickup,Pickup
74,83,Stay,2,2,2,2,791,801,18:51,19:01,10,0,0.0,10,29.538,130.462,160.0,1,B3220,parking_charging,Position,Movement
74,84,Movement,2,6,2,6,801,812,19:01,19:12,11,11,37.0,0,0.0,160.0,123.0,1,B3220,passenger_flight,Position,Delivery
74,85,Delivery,6,6,6,6,812,815,19:12,19:15,3,0,0.0,2,8.534,123.0,131.534,0,B3220,delivery_service,Delivery,Delivery
74,86,Movement,6,5,6,5,815,822,19:15,19:22,7,7,12.76,0,0.0,131.534,118.774,0,,return_to_depot,Position,Depot
75,0,Stay,6,6,6,6,0,73,05:40,06:53,73,0,0.0,73,0.0,160.0,160.0,0,B47,parking_charging,Position,Pickup
75,1,Pickup,6,6,6,6,73,76,06:53,06:56,3,0,0.0,2,0.0,160.0,160.0,1,B47,pickup_service,Pickup,Pickup
75,2,Stay,6,6,6,6,76,81,06:56,07:01,5,0,0.0,5,0.0,160.0,160.0,1,B47,parking_charging,Position,Movement
75,3,Movement,6,7,6,7,81,93,07:01,07:13,12,12,43.48,0,0.0,160.0,116.52,1,B47,passenger_flight,Position,Delivery
75,4,Delivery,7,7,7,7,93,96,07:13,07:16,3,0,0.0,2,8.534,116.52,125.054,0,B47,delivery_service,Delivery,Delivery
75,5,Stay,7,7,7,7,96,155,07:16,08:15,59,0,0.0,59,34.946,125.054,160.0,0,B189,parking_charging,Position,Pickup
75,6,Pickup,7,7,7,7,155,158,08:15,08:18,3,0,0.0,2,0.0,160.0,160.0,1,B189,pickup_service,Pickup,Pickup
75,7,Pickup,7,7,7,7,158,161,08:18,08:21,3,0,0.0,2,0.0,160.0,160.0,2,B198,pickup_service,Pickup,Pickup
75,8,Movement,7,4,7,4,161,168,08:21,08:28,7,7,21.43,0,0.0,160.0,138.57,2,B198,passenger_flight,Position,Delivery
75,9,Delivery,4,4,4,4,168,171,08:28,08:31,3,0,0.0,2,8.534,138.57,147.104,1,B198,delivery_service,Delivery,Delivery
75,10,Movement,4,6,4,6,171,178,08:31,08:38,7,7,22.06,0,0.0,147.104,125.044,1,B189,passenger_flight,Position,Delivery
75,11,Delivery,6,6,6,6,178,181,08:38,08:41,3,0,0.0,2,8.534,125.044,133.578,0,B189,delivery_service,Delivery,Delivery
75,12,Stay,6,6,6,6,181,184,08:41,08:44,3,0,0.0,3,12.801,133.578,146.379,0,B300,parking_charging,Position,Pickup
75,13,Pickup,6,6,6,6,184,187,08:44,08:47,3,0,0.0,2,8.534,146.379,154.913,2,B300,pickup_service,Pickup,Pickup
75,14,Stay,6,6,6,6,187,191,08:47,08:51,4,0,0.0,4,5.087,154.913,160.0,2,B318,parking_charging,Position,Pickup
75,15,Pickup,6,6,6,6,191,194,08:51,08:54,3,0,0.0,2,0.0,160.0,160.0,4,B318,pickup_service,Pickup,Pickup
75,16,Movement,6,1,6,1,194,201,08:54,09:01,7,7,23.39,0,0.0,160.0,136.61,4,B300,passenger_flight,Position,Delivery
75,17,Delivery,1,1,1,1,201,204,09:01,09:04,3,0,0.0,2,8.534,136.61,145.144,2,B300,delivery_service,Delivery,Delivery
75,18,Delivery,1,1,1,1,204,207,09:04,09:07,3,0,0.0,2,8.534,145.144,153.678,0,B318,delivery_service,Delivery,Delivery
75,19,Stay,1,1,1,1,207,260,09:07,10:00,53,0,0.0,53,6.322,153.678,160.0,0,B512,parking_charging,Position,Movement
75,20,Movement,1,6,1,6,260,267,10:00,10:07,7,7,23.39,0,0.0,160.0,136.61,0,B512,empty_repositioning,Position,Pickup
75,21,Pickup,6,6,6,6,267,270,10:07,10:10,3,0,0.0,2,8.534,136.61,145.144,1,B512,pickup_service,Pickup,Pickup
75,22,Movement,6,8,6,8,270,287,10:10,10:27,17,17,60.41,0,0.0,145.144,84.734,1,B512,passenger_flight,Position,Delivery
75,23,Delivery,8,8,8,8,287,290,10:27,10:30,3,0,0.0,2,8.534,84.734,93.268,0,B512,delivery_service,Delivery,Delivery
75,24,Stay,8,8,8,8,290,297,10:30,10:37,7,0,0.0,7,29.869,93.268,123.137,0,B713,parking_charging,Position,Pickup
75,25,Pickup,8,8,8,8,297,300,10:37,10:40,3,0,0.0,2,8.534,123.137,131.671,1,B713,pickup_service,Pickup,Pickup
75,26,Stay,8,8,8,8,300,305,10:40,10:45,5,0,0.0,5,21.335,131.671,153.006,1,B713,parking_charging,Position,Movement
75,27,Movement,8,3,8,3,305,315,10:45,10:55,10,10,35.17,0,0.0,153.006,117.836,1,B713,passenger_flight,Position,Delivery
75,28,Delivery,3,3,3,3,315,318,10:55,10:58,3,0,0.0,2,8.534,117.836,126.37,0,B713,delivery_service,Delivery,Delivery
75,29,Pickup,3,3,3,3,318,321,10:58,11:01,3,0,0.0,2,8.534,126.37,134.904,1,B800,pickup_service,Pickup,Pickup
75,30,Movement,3,6,3,6,321,331,11:01,11:11,10,10,32.98,0,0.0,134.904,101.924,1,B800,passenger_flight,Position,Delivery
75,31,Delivery,6,6,6,6,331,334,11:11,11:14,3,0,0.0,2,8.534,101.924,110.458,0,B800,delivery_service,Delivery,Delivery
75,32,Stay,6,6,6,6,334,341,11:14,11:21,7,0,0.0,7,29.869,110.458,140.327,0,B926,parking_charging,Position,Pickup
75,33,Pickup,6,6,6,6,341,344,11:21,11:24,3,0,0.0,2,8.534,140.327,148.861,1,B926,pickup_service,Pickup,Pickup
75,34,Movement,6,2,6,2,344,355,11:24,11:35,11,11,37.0,0,0.0,148.861,111.861,1,B926,passenger_flight,Position,Delivery
75,35,Delivery,2,2,2,2,355,358,11:35,11:38,3,0,0.0,2,8.534,111.861,120.395,0,B926,delivery_service,Delivery,Delivery
75,36,Stay,2,2,2,2,358,439,11:38,12:59,81,0,0.0,81,39.605,120.395,160.0,0,B1212,parking_charging,Position,Pickup
75,37,Pickup,2,2,2,2,439,442,12:59,13:02,3,0,0.0,2,0.0,160.0,160.0,1,B1212,pickup_service,Pickup,Pickup
75,38,Stay,2,2,2,2,442,445,13:02,13:05,3,0,0.0,3,0.0,160.0,160.0,1,B1212,parking_charging,Position,Movement
75,39,Movement,2,5,2,5,445,453,13:05,13:13,8,8,27.57,0,0.0,160.0,132.43,1,B1212,passenger_flight,Position,Delivery
75,40,Delivery,5,5,5,5,453,456,13:13,13:16,3,0,0.0,2,8.534,132.43,140.964,0,B1212,delivery_service,Delivery,Delivery
75,41,Stay,5,5,5,5,456,640,13:16,16:20,184,0,0.0,184,19.036,140.964,160.0,0,B1990,parking_charging,Position,Movement
75,42,Movement,5,3,5,3,640,648,16:20,16:28,8,8,23.93,0,0.0,160.0,136.07,0,B1990,empty_repositioning,Position,Pickup
75,43,Pickup,3,3,3,3,648,651,16:28,16:31,3,0,0.0,2,8.534,136.07,144.604,1,B1990,pickup_service,Pickup,Pickup
75,44,Movement,3,6,3,6,651,661,16:31,16:41,10,10,32.98,0,0.0,144.604,111.624,1,B1990,passenger_flight,Position,Delivery
75,45,Delivery,6,6,6,6,661,664,16:41,16:44,3,0,0.0,2,8.534,111.624,120.158,0,B1990,delivery_service,Delivery,Delivery
75,46,Stay,6,6,6,6,664,669,16:44,16:49,5,0,0.0,5,21.335,120.158,141.493,0,B2233,parking_charging,Position,Movement
75,47,Movement,6,1,6,1,669,676,16:49,16:56,7,7,23.39,0,0.0,141.493,118.103,0,B2233,empty_repositioning,Position,Pickup
75,48,Pickup,1,1,1,1,676,679,16:56,16:59,3,0,0.0,2,8.534,118.103,126.637,1,B2233,pickup_service,Pickup,Pickup
75,49,Movement,1,6,1,6,679,686,16:59,17:06,7,7,23.39,0,0.0,126.637,103.247,1,B2233,passenger_flight,Position,Delivery
75,50,Delivery,6,6,6,6,686,689,17:06,17:09,3,0,0.0,2,8.534,103.247,111.781,0,B2233,delivery_service,Delivery,Delivery
75,51,Stay,6,6,6,6,689,696,17:09,17:16,7,0,0.0,7,29.869,111.781,141.65,0,B2451,parking_charging,Position,Pickup
75,52,Pickup,6,6,6,6,696,699,17:16,17:19,3,0,0.0,2,8.534,141.65,150.184,1,B2451,pickup_service,Pickup,Pickup
75,53,Pickup,6,6,6,6,699,702,17:19,17:22,3,0,0.0,2,8.534,150.184,158.718,2,B2419,pickup_service,Pickup,Pickup
75,54,Movement,6,7,6,7,702,714,17:22,17:34,12,12,43.48,0,0.0,158.718,115.238,2,B2451,passenger_flight,Position,Delivery
75,55,Delivery,7,7,7,7,714,717,17:34,17:37,3,0,0.0,2,8.534,115.238,123.772,1,B2451,delivery_service,Delivery,Delivery
75,56,Delivery,7,7,7,7,717,720,17:37,17:40,3,0,0.0,2,8.534,123.772,132.306,0,B2419,delivery_service,Delivery,Delivery
75,57,Stay,7,7,7,7,720,731,17:40,17:51,11,0,0.0,11,27.694,132.306,160.0,0,B2834,parking_charging,Position,Pickup
75,58,Pickup,7,7,7,7,731,734,17:51,17:54,3,0,0.0,2,0.0,160.0,160.0,1,B2834,pickup_service,Pickup,Pickup
75,59,Pickup,7,7,7,7,734,737,17:54,17:57,3,0,0.0,2,0.0,160.0,160.0,2,B2799,pickup_service,Pickup,Pickup
75,60,Movement,7,4,7,4,737,744,17:57,18:04,7,7,21.43,0,0.0,160.0,138.57,2,B2799,passenger_flight,Position,Delivery
75,61,Delivery,4,4,4,4,744,747,18:04,18:07,3,0,0.0,2,8.534,138.57,147.104,1,B2799,delivery_service,Delivery,Delivery
75,62,Delivery,4,4,4,4,747,750,18:07,18:10,3,0,0.0,2,8.534,147.104,155.638,0,B2834,delivery_service,Delivery,Delivery
75,63,Stay,4,4,4,4,750,764,18:10,18:24,14,0,0.0,14,4.362,155.638,160.0,0,B3072,parking_charging,Position,Pickup
75,64,Pickup,4,4,4,4,764,767,18:24,18:27,3,0,0.0,2,0.0,160.0,160.0,1,B3072,pickup_service,Pickup,Pickup
75,65,Pickup,4,4,4,4,767,770,18:27,18:30,3,0,0.0,2,0.0,160.0,160.0,2,B3066,pickup_service,Pickup,Pickup
75,66,Movement,4,3,4,3,770,777,18:30,18:37,7,7,12.6,0,0.0,160.0,147.4,2,B3072,passenger_flight,Position,Delivery
75,67,Delivery,3,3,3,3,777,780,18:37,18:40,3,0,0.0,2,8.534,147.4,155.934,1,B3072,delivery_service,Delivery,Delivery
75,68,Delivery,3,3,3,3,780,783,18:40,18:43,3,0,0.0,2,4.066,155.934,160.0,0,B3066,delivery_service,Delivery,Delivery
75,69,Movement,3,2,3,2,783,786,18:43,18:46,3,3,4.08,0,0.0,160.0,155.92,0,B3178,empty_repositioning,Position,Pickup
75,70,Pickup,2,2,2,2,786,789,18:46,18:49,3,0,0.0,2,4.08,155.92,160.0,1,B3178,pickup_service,Pickup,Pickup
75,71,Movement,2,1,2,1,789,796,18:49,18:56,7,7,13.61,0,0.0,160.0,146.39,1,B3178,passenger_flight,Position,Delivery
75,72,Delivery,1,1,1,1,796,799,18:56,18:59,3,0,0.0,2,8.534,146.39,154.924,0,B3178,delivery_service,Delivery,Delivery
75,73,Stay,1,1,1,1,799,802,18:59,19:02,3,0,0.0,3,5.076,154.924,160.0,0,B3322,parking_charging,Position,Movement
75,74,Movement,1,4,1,4,802,806,19:02,19:06,4,4,4.98,0,0.0,160.0,155.02,0,B3322,empty_repositioning,Position,Pickup
75,75,Pickup,4,4,4,4,806,809,19:06,19:09,3,0,0.0,2,4.98,155.02,160.0,2,B3322,pickup_service,Pickup,Pickup
75,76,Movement,4,6,4,6,809,816,19:09,19:16,7,7,22.06,0,0.0,160.0,137.94,2,B3322,passenger_flight,Position,Delivery
75,77,Delivery,6,6,6,6,816,819,19:16,19:19,3,0,0.0,2,8.534,137.94,146.474,0,B3322,delivery_service,Delivery,Delivery
76,0,Stay,7,7,7,7,0,161,05:40,08:21,161,0,0.0,161,0.0,160.0,160.0,0,B218,parking_charging,Position,Pickup
76,1,Pickup,7,7,7,7,161,164,08:21,08:24,3,0,0.0,2,0.0,160.0,160.0,1,B218,pickup_service,Pickup,Pickup
76,2,Movement,7,4,7,4,164,171,08:24,08:31,7,7,21.43,0,0.0,160.0,138.57,1,B218,passenger_flight,Position,Delivery
76,3,Delivery,4,4,4,4,171,174,08:31,08:34,3,0,0.0,2,8.534,138.57,147.104,0,B218,delivery_service,Delivery,Delivery
76,4,Stay,4,4,4,4,174,265,08:34,10:05,91,0,0.0,91,12.896,147.104,160.0,0,B561,parking_charging,Position,Movement
76,5,Movement,4,2,4,2,265,271,10:05,10:11,6,6,16.13,0,0.0,160.0,143.87,0,B561,empty_repositioning,Position,Pickup
76,6,Pickup,2,2,2,2,271,274,10:11,10:14,3,0,0.0,2,8.534,143.87,152.404,1,B561,pickup_service,Pickup,Pickup
76,7,Movement,2,6,2,6,274,285,10:14,10:25,11,11,37.0,0,0.0,152.404,115.404,1,B561,passenger_flight,Position,Delivery
76,8,Delivery,6,6,6,6,285,288,10:25,10:28,3,0,0.0,2,8.534,115.404,123.938,0,B561,delivery_service,Delivery,Delivery
76,9,Stay,6,6,6,6,288,320,10:28,11:00,32,0,0.0,32,36.062,123.938,160.0,0,B811,parking_charging,Position,Pickup
76,10,Pickup,6,6,6,6,320,323,11:00,11:03,3,0,0.0,2,0.0,160.0,160.0,1,B811,pickup_service,Pickup,Pickup
76,11,Pickup,6,6,6,6,323,326,11:03,11:06,3,0,0.0,2,0.0,160.0,160.0,2,B828,pickup_service,Pickup,Pickup
76,12,Movement,6,7,6,7,326,338,11:06,11:18,12,12,43.48,0,0.0,160.0,116.52,2,B811,passenger_flight,Position,Delivery
76,13,Delivery,7,7,7,7,338,341,11:18,11:21,3,0,0.0,2,8.534,116.52,125.054,1,B811,delivery_service,Delivery,Delivery
76,14,Delivery,7,7,7,7,341,344,11:21,11:24,3,0,0.0,2,8.534,125.054,133.588,0,B828,delivery_service,Delivery,Delivery
76,15,Stay,7,7,7,7,344,348,11:24,11:28,4,0,0.0,4,17.068,133.588,150.656,0,B961,parking_charging,Position,Pickup
76,16,Pickup,7,7,7,7,348,351,11:28,11:31,3,0,0.0,2,8.534,150.656,159.19,1,B961,pickup_service,Pickup,Pickup
76,17,Stay,7,7,7,7,351,352,11:31,11:32,1,0,0.0,1,0.81,159.19,160.0,1,B973,parking_charging,Position,Pickup
76,18,Pickup,7,7,7,7,352,355,11:32,11:35,3,0,0.0,2,0.0,160.0,160.0,2,B973,pickup_service,Pickup,Pickup
76,19,Movement,7,4,7,4,355,362,11:35,11:42,7,7,21.43,0,0.0,160.0,138.57,2,B961,passenger_flight,Position,Delivery
76,20,Delivery,4,4,4,4,362,365,11:42,11:45,3,0,0.0,2,8.534,138.57,147.104,1,B961,delivery_service,Delivery,Delivery
76,21,Delivery,4,4,4,4,365,368,11:45,11:48,3,0,0.0,2,8.534,147.104,155.638,0,B973,delivery_service,Delivery,Delivery
76,22,Stay,4,4,4,4,368,470,11:48,13:30,102,0,0.0,102,4.362,155.638,160.0,0,B1285,parking_charging,Position,Movement
76,23,Movement,4,6,4,6,470,477,13:30,13:37,7,7,22.06,0,0.0,160.0,137.94,0,B1285,empty_repositioning,Position,Pickup
76,24,Pickup,6,6,6,6,477,480,13:37,13:40,3,0,0.0,2,8.534,137.94,146.474,1,B1285,pickup_service,Pickup,Pickup
76,25,Stay,6,6,6,6,480,488,13:40,13:48,8,0,0.0,8,13.526,146.474,160.0,1,B1285,parking_charging,Position,Movement
76,26,Movement,6,7,6,7,488,500,13:48,14:00,12,12,43.48,0,0.0,160.0,116.52,1,B1285,passenger_flight,Position,Delivery
76,27,Delivery,7,7,7,7,500,503,14:00,14:03,3,0,0.0,2,8.534,116.52,125.054,0,B1285,delivery_service,Delivery,Delivery
76,28,Movement,7,4,7,4,503,510,14:03,14:10,7,7,21.43,0,0.0,125.054,103.624,0,B1369,empty_repositioning,Position,Pickup
76,29,Pickup,4,4,4,4,510,513,14:10,14:13,3,0,0.0,2,8.534,103.624,112.158,1,B1369,pickup_service,Pickup,Pickup
76,30,Stay,4,4,4,4,513,514,14:13,14:14,1,0,0.0,1,4.267,112.158,116.425,1,B1393,parking_charging,Position,Pickup
76,31,Pickup,4,4,4,4,514,517,14:14,14:17,3,0,0.0,2,8.534,116.425,124.959,2,B1393,pickup_service,Pickup,Pickup
76,32,Movement,4,7,4,7,517,524,14:17,14:24,7,7,21.43,0,0.0,124.959,103.529,2,B1369,passenger_flight,Position,Delivery
76,33,Delivery,7,7,7,7,524,527,14:24,14:27,3,0,0.0,2,8.534,103.529,112.063,1,B1369,delivery_service,Delivery,Delivery
76,34,Movement,7,8,7,8,527,534,14:27,14:34,7,7,22.2,0,0.0,112.063,89.863,1,B1393,passenger_flight,Position,Delivery
76,35,Delivery,8,8,8,8,534,537,14:34,14:37,3,0,0.0,2,8.534,89.863,98.397,0,B1393,delivery_service,Delivery,Delivery
76,36,Stay,8,8,8,8,537,550,14:37,14:50,13,0,0.0,13,55.471,98.397,153.868,0,B1574,parking_charging,Position,Movement
76,37,Movement,8,9,8,9,550,556,14:50,14:56,6,6,18.04,0,0.0,153.868,135.828,0,B1574,empty_repositioning,Position,Pickup
76,38,Pickup,9,9,9,9,556,559,14:56,14:59,3,0,0.0,2,8.534,135.828,144.362,1,B1574,pickup_service,Pickup,Pickup
76,39,Pickup,9,9,9,9,559,562,14:59,15:02,3,0,0.0,2,8.534,144.362,152.896,2,B1582,pickup_service,Pickup,Pickup
76,40,Stay,9,9,9,9,562,567,15:02,15:07,5,0,0.0,5,7.104,152.896,160.0,2,B1574,parking_charging,Position,Movement
76,41,Movement,9,4,9,4,567,582,15:07,15:22,15,15,55.47,0,0.0,160.0,104.53,2,B1574,passenger_flight,Position,Delivery
76,42,Delivery,4,4,4,4,582,585,15:22,15:25,3,0,0.0,2,8.534,104.53,113.064,1,B1574,delivery_service,Delivery,Delivery
76,43,Delivery,4,4,4,4,585,588,15:25,15:28,3,0,0.0,2,8.534,113.064,121.598,0,B1582,delivery_service,Delivery,Delivery
76,44,Stay,4,4,4,4,588,595,15:28,15:35,7,0,0.0,7,29.869,121.598,151.467,0,B1736,parking_charging,Position,Pickup
76,45,Pickup,4,4,4,4,595,598,15:35,15:38,3,0,0.0,2,8.533,151.467,160.0,1,B1736,pickup_service,Pickup,Pickup
76,46,Pickup,4,4,4,4,598,601,15:38,15:41,3,0,0.0,2,0.0,160.0,160.0,2,B1723,pickup_service,Pickup,Pickup
76,47,Movement,4,7,4,7,601,608,15:41,15:48,7,7,21.43,0,0.0,160.0,138.57,2,B1723,passenger_flight,Position,Delivery
76,48,Delivery,7,7,7,7,608,611,15:48,15:51,3,0,0.0,2,8.534,138.57,147.104,1,B1723,delivery_service,Delivery,Delivery
76,49,Delivery,7,7,7,7,611,614,15:51,15:54,3,0,0.0,2,8.534,147.104,155.638,0,B1736,delivery_service,Delivery,Delivery
76,50,Stay,7,7,7,7,614,622,15:54,16:02,8,0,0.0,8,4.362,155.638,160.0,0,B1902,parking_charging,Position,Movement
76,51,Movement,7,1,7,1,622,629,16:02,16:09,7,7,21.03,0,0.0,160.0,138.97,0,B1902,empty_repositioning,Position,Pickup
76,52,Pickup,1,1,1,1,629,632,16:09,16:12,3,0,0.0,2,8.534,138.97,147.504,1,B1902,pickup_service,Pickup,Pickup
76,53,Pickup,1,1,1,1,632,635,16:12,16:15,3,0,0.0,2,8.534,147.504,156.038,2,B1876,pickup_service,Pickup,Pickup
76,54,Movement,1,3,1,3,635,641,16:15,16:21,6,6,9.61,0,0.0,156.038,146.428,2,B1876,passenger_flight,Position,Delivery
76,55,Delivery,3,3,3,3,641,644,16:21,16:24,3,0,0.0,2,8.534,146.428,154.962,1,B1876,delivery_service,Delivery,Delivery
76,56,Delivery,3,3,3,3,644,647,16:24,16:27,3,0,0.0,2,5.038,154.962,160.0,0,B1902,delivery_service,Delivery,Delivery
76,57,Stay,3,3,3,3,647,659,16:27,16:39,12,0,0.0,12,0.0,160.0,160.0,0,B2097,parking_charging,Position,Pickup
76,58,Pickup,3,3,3,3,659,662,16:39,16:42,3,0,0.0,2,0.0,160.0,160.0,1,B2097,pickup_service,Pickup,Pickup
76,59,Stay,3,3,3,3,662,667,16:42,16:47,5,0,0.0,5,0.0,160.0,160.0,1,B2097,parking_charging,Position,Movement
76,60,Movement,3,4,3,4,667,674,16:47,16:54,7,7,12.6,0,0.0,160.0,147.4,1,B2097,passenger_flight,Position,Delivery
76,61,Delivery,4,4,4,4,674,677,16:54,16:57,3,0,0.0,2,8.534,147.4,155.934,0,B2097,delivery_service,Delivery,Delivery
76,62,Pickup,4,4,4,4,677,680,16:57,17:00,3,0,0.0,2,4.066,155.934,160.0,1,B2192,pickup_service,Pickup,Pickup
76,63,Movement,4,2,4,2,680,686,17:00,17:06,6,6,16.13,0,0.0,160.0,143.87,1,B2192,passenger_flight,Position,Delivery
76,64,Delivery,2,2,2,2,686,689,17:06,17:09,3,0,0.0,2,8.534,143.87,152.404,0,B2192,delivery_service,Delivery,Delivery
76,65,Stay,2,2,2,2,689,703,17:09,17:23,14,0,0.0,14,7.596,152.404,160.0,0,B2514,parking_charging,Position,Pickup
76,66,Pickup,2,2,2,2,703,706,17:23,17:26,3,0,0.0,2,0.0,160.0,160.0,2,B2514,pickup_service,Pickup,Pickup
76,67,Stay,2,2,2,2,706,709,17:26,17:29,3,0,0.0,3,0.0,160.0,160.0,2,B2577,parking_charging,Position,Pickup
76,68,Pickup,2,2,2,2,709,712,17:29,17:32,3,0,0.0,2,0.0,160.0,160.0,4,B2577,pickup_service,Pickup,Pickup
76,69,Movement,2,4,2,4,712,718,17:32,17:38,6,6,16.13,0,0.0,160.0,143.87,4,B2514,passenger_flight,Position,Delivery
76,70,Delivery,4,4,4,4,718,721,17:38,17:41,3,0,0.0,2,8.534,143.87,152.404,2,B2514,delivery_service,Delivery,Delivery
76,71,Delivery,4,4,4,4,721,724,17:41,17:44,3,0,0.0,2,7.596,152.404,160.0,0,B2577,delivery_service,Delivery,Delivery
76,72,Stay,4,4,4,4,724,734,17:44,17:54,10,0,0.0,10,0.0,160.0,160.0,0,B2868,parking_charging,Position,Pickup
76,73,Pickup,4,4,4,4,734,737,17:54,17:57,3,0,0.0,2,0.0,160.0,160.0,1,B2868,pickup_service,Pickup,Pickup
76,74,Pickup,4,4,4,4,737,740,17:57,18:00,3,0,0.0,2,0.0,160.0,160.0,2,B2818,pickup_service,Pickup,Pickup
76,75,Movement,4,7,4,7,740,747,18:00,18:07,7,7,21.43,0,0.0,160.0,138.57,2,B2818,passenger_flight,Position,Delivery
76,76,Delivery,7,7,7,7,747,750,18:07,18:10,3,0,0.0,2,8.534,138.57,147.104,1,B2818,delivery_service,Delivery,Delivery
76,77,Delivery,7,7,7,7,750,753,18:10,18:13,3,0,0.0,2,8.534,147.104,155.638,0,B2868,delivery_service,Delivery,Delivery
76,78,Stay,7,7,7,7,753,764,18:13,18:24,11,0,0.0,11,4.362,155.638,160.0,0,B3119,parking_charging,Position,Movement
76,79,Movement,7,1,7,1,764,771,18:24,18:31,7,7,21.03,0,0.0,160.0,138.97,0,B3119,empty_repositioning,Position,Pickup
76,80,Pickup,1,1,1,1,771,774,18:31,18:34,3,0,0.0,2,8.534,138.97,147.504,1,B3119,pickup_service,Pickup,Pickup
76,81,Pickup,1,1,1,1,774,777,18:34,18:37,3,0,0.0,2,8.534,147.504,156.038,2,B3127,pickup_service,Pickup,Pickup
76,82,Movement,1,7,1,7,777,784,18:37,18:44,7,7,21.03,0,0.0,156.038,135.008,2,B3119,passenger_flight,Position,Delivery
76,83,Delivery,7,7,7,7,784,787,18:44,18:47,3,0,0.0,2,8.534,135.008,143.542,1,B3119,delivery_service,Delivery,Delivery
76,84,Delivery,7,7,7,7,787,790,18:47,18:50,3,0,0.0,2,8.534,143.542,152.076,0,B3127,delivery_service,Delivery,Delivery
76,85,Stay,7,7,7,7,790,794,18:50,18:54,4,0,0.0,4,7.924,152.076,160.0,0,B3260,parking_charging,Position,Pickup
76,86,Pickup,7,7,7,7,794,797,18:54,18:57,3,0,0.0,2,0.0,160.0,160.0,1,B3260,pickup_service,Pickup,Pickup
76,87,Pickup,7,7,7,7,797,800,18:57,19:00,3,0,0.0,2,0.0,160.0,160.0,2,B3276,pickup_service,Pickup,Pickup
76,88,Movement,7,6,7,6,800,812,19:00,19:12,12,12,43.48,0,0.0,160.0,116.52,2,B3260,passenger_flight,Position,Delivery
76,89,Delivery,6,6,6,6,812,815,19:12,19:15,3,0,0.0,2,8.534,116.52,125.054,1,B3260,delivery_service,Delivery,Delivery
76,90,Delivery,6,6,6,6,815,818,19:15,19:18,3,0,0.0,2,8.534,125.054,133.588,0,B3276,delivery_service,Delivery,Delivery
76,91,Movement,6,7,6,7,818,830,19:18,19:30,12,12,43.48,0,0.0,133.588,90.108,0,,return_to_depot,Position,Depot
77,0,Stay,8,8,8,8,0,129,05:40,07:49,129,0,0.0,129,0.0,160.0,160.0,0,B113,parking_charging,Position,Pickup
77,1,Pickup,8,8,8,8,129,132,07:49,07:52,3,0,0.0,2,0.0,160.0,160.0,1,B113,pickup_service,Pickup,Pickup
77,2,Pickup,8,8,8,8,132,135,07:52,07:55,3,0,0.0,2,0.0,160.0,160.0,2,B106,pickup_service,Pickup,Pickup
77,3,Movement,8,2,8,2,135,145,07:55,08:05,10,10,32.38,0,0.0,160.0,127.62,2,B106,passenger_flight,Position,Delivery
77,4,Delivery,2,2,2,2,145,148,08:05,08:08,3,0,0.0,2,8.534,127.62,136.154,1,B106,delivery_service,Delivery,Delivery
77,5,Delivery,2,2,2,2,148,151,08:08,08:11,3,0,0.0,2,8.534,136.154,144.688,0,B113,delivery_service,Delivery,Delivery
77,6,Stay,2,2,2,2,151,174,08:11,08:34,23,0,0.0,23,15.312,144.688,160.0,0,B263,parking_charging,Position,Pickup
77,7,Pickup,2,2,2,2,174,177,08:34,08:37,3,0,0.0,2,0.0,160.0,160.0,1,B263,pickup_service,Pickup,Pickup
77,8,Movement,2,1,2,1,177,184,08:37,08:44,7,7,13.61,0,0.0,160.0,146.39,1,B263,passenger_flight,Position,Delivery
77,9,Delivery,1,1,1,1,184,187,08:44,08:47,3,0,0.0,2,8.534,146.39,154.924,0,B263,delivery_service,Delivery,Delivery
77,10,Stay,1,1,1,1,187,300,08:47,10:40,113,0,0.0,113,5.076,154.924,160.0,0,B748,parking_charging,Position,Movement
77,11,Movement,1,6,1,6,300,307,10:40,10:47,7,7,23.39,0,0.0,160.0,136.61,0,B748,empty_repositioning,Position,Pickup
77,12,Pickup,6,6,6,6,307,310,10:47,10:50,3,0,0.0,2,8.534,136.61,145.144,1,B748,pickup_service,Pickup,Pickup
77,13,Movement,6,4,6,4,310,317,10:50,10:57,7,7,22.06,0,0.0,145.144,123.084,1,B796,passenger_flight,Position,Pickup
77,14,Pickup,4,4,4,4,317,320,10:57,11:00,3,0,0.0,2,8.534,123.084,131.618,2,B796,pickup_service,Pickup,Pickup
77,15,Movement,4,9,4,9,320,335,11:00,11:15,15,15,55.47,0,0.0,131.618,76.148,2,B748,passenger_flight,Position,Delivery
77,16,Delivery,9,9,9,9,335,338,11:15,11:18,3,0,0.0,2,8.534,76.148,84.682,1,B748,delivery_service,Delivery,Delivery
77,17,Delivery,9,9,9,9,338,341,11:18,11:21,3,0,0.0,2,8.534,84.682,93.216,0,B796,delivery_service,Delivery,Delivery
77,18,Stay,9,9,9,9,341,580,11:21,15:20,239,0,0.0,239,66.784,93.216,160.0,0,B1651,parking_charging,Position,Pickup
77,19,Pickup,9,9,9,9,580,583,15:20,15:23,3,0,0.0,2,0.0,160.0,160.0,1,B1651,pickup_service,Pickup,Pickup
77,20,Movement,9,6,9,6,583,603,15:23,15:43,20,20,74.79,0,0.0,160.0,85.21,1,B1651,passenger_flight,Position,Delivery
77,21,Delivery,6,6,6,6,603,606,15:43,15:46,3,0,0.0,2,8.534,85.21,93.744,0,B1651,delivery_service,Delivery,Delivery
77,22,Pickup,6,6,6,6,606,609,15:46,15:49,3,0,0.0,2,8.534,93.744,102.278,1,B1765,pickup_service,Pickup,Pickup
77,23,Movement,6,3,6,3,609,619,15:49,15:59,10,10,32.98,0,0.0,102.278,69.298,1,B1765,passenger_flight,Position,Delivery
77,24,Delivery,3,3,3,3,619,622,15:59,16:02,3,0,0.0,2,8.534,69.298,77.832,0,B1765,delivery_service,Delivery,Delivery
77,25,Pickup,3,3,3,3,622,625,16:02,16:05,3,0,0.0,2,8.534,77.832,86.366,1,B1814,pickup_service,Pickup,Pickup
77,26,Movement,3,5,3,5,625,633,16:05,16:13,8,8,23.93,0,0.0,86.366,62.436,1,B1814,passenger_flight,Position,Delivery
77,27,Delivery,5,5,5,5,633,636,16:13,16:16,3,0,0.0,2,8.534,62.436,70.97,0,B1814,delivery_service,Delivery,Delivery
77,28,Stay,5,5,5,5,636,668,16:16,16:48,32,0,0.0,32,89.03,70.97,160.0,0,B2234,parking_charging,Position,Movement
77,29,Movement,5,2,5,2,668,676,16:48,16:56,8,8,27.57,0,0.0,160.0,132.43,0,B2234,empty_repositioning,Position,Pickup
77,30,Pickup,2,2,2,2,676,679,16:56,16:59,3,0,0.0,2,8.534,132.43,140.964,1,B2234,pickup_service,Pickup,Pickup
77,31,Pickup,2,2,2,2,679,682,16:59,17:02,3,0,0.0,2,8.534,140.964,149.498,2,B2254,pickup_service,Pickup,Pickup
77,32,Movement,2,5,2,5,682,690,17:02,17:10,8,8,27.57,0,0.0,149.498,121.928,2,B2254,passenger_flight,Position,Delivery
77,33,Delivery,5,5,5,5,690,693,17:10,17:13,3,0,0.0,2,8.534,121.928,130.462,1,B2254,delivery_service,Delivery,Delivery
77,34,Delivery,5,5,5,5,693,696,17:13,17:16,3,0,0.0,2,8.534,130.462,138.996,0,B2234,delivery_service,Delivery,Delivery
77,35,Stay,5,5,5,5,696,760,17:16,18:20,64,0,0.0,64,21.004,138.996,160.0,0,B3061,parking_charging,Position,Movement
77,36,Movement,5,4,5,4,760,766,18:20,18:26,6,6,11.45,0,0.0,160.0,148.55,0,B3061,empty_repositioning,Position,Pickup
77,37,Pickup,4,4,4,4,766,769,18:26,18:29,3,0,0.0,2,8.534,148.55,157.084,1,B3061,pickup_service,Pickup,Pickup
77,38,Pickup,4,4,4,4,769,772,18:29,18:32,3,0,0.0,2,2.916,157.084,160.0,2,B3034,pickup_service,Pickup,Pickup
77,39,Movement,4,9,4,9,772,787,18:32,18:47,15,15,55.47,0,0.0,160.0,104.53,2,B3034,passenger_flight,Position,Delivery
77,40,Delivery,9,9,9,9,787,790,18:47,18:50,3,0,0.0,2,8.534,104.53,113.064,1,B3034,delivery_service,Delivery,Delivery
77,41,Delivery,9,9,9,9,790,793,18:50,18:53,3,0,0.0,2,8.534,113.064,121.598,0,B3061,delivery_service,Delivery,Delivery
77,42,Movement,9,8,9,8,793,799,18:53,18:59,6,6,18.04,0,0.0,121.598,103.558,0,,return_to_depot,Position,Depot
78,0,Stay,9,9,9,9,0,264,05:40,10:04,264,0,0.0,264,0.0,160.0,160.0,0,B517,parking_charging,Position,Pickup
78,1,Pickup,9,9,9,9,264,267,10:04,10:07,3,0,0.0,2,0.0,160.0,160.0,1,B517,pickup_service,Pickup,Pickup
78,2,Pickup,9,9,9,9,267,270,10:07,10:10,3,0,0.0,2,0.0,160.0,160.0,2,B498,pickup_service,Pickup,Pickup
78,3,Movement,9,1,9,1,270,286,10:10,10:26,16,16,57.72,0,0.0,160.0,102.28,2,B498,passenger_flight,Position,Delivery
78,4,Delivery,1,1,1,1,286,289,10:26,10:29,3,0,0.0,2,8.534,102.28,110.814,1,B498,delivery_service,Delivery,Delivery
78,5,Delivery,1,1,1,1,289,292,10:29,10:32,3,0,0.0,2,8.534,110.814,119.348,0,B517,delivery_service,Delivery,Delivery
78,6,Stay,1,1,1,1,292,513,10:32,14:13,221,0,0.0,221,40.652,119.348,160.0,0,B1389,parking_charging,Position,Pickup
78,7,Pickup,1,1,1,1,513,516,14:13,14:16,3,0,0.0,2,0.0,160.0,160.0,1,B1389,pickup_service,Pickup,Pickup
78,8,Pickup,1,1,1,1,516,519,14:16,14:19,3,0,0.0,2,0.0,160.0,160.0,3,B1396,pickup_service,Pickup,Pickup
78,9,Movement,1,7,1,7,519,526,14:19,14:26,7,7,21.03,0,0.0,160.0,138.97,3,B1389,passenger_flight,Position,Delivery
78,10,Delivery,7,7,7,7,526,529,14:26,14:29,3,0,0.0,2,8.534,138.97,147.504,2,B1389,delivery_service,Delivery,Delivery
78,11,Delivery,7,7,7,7,529,532,14:29,14:32,3,0,0.0,2,8.534,147.504,156.038,0,B1396,delivery_service,Delivery,Delivery
78,12,Stay,7,7,7,7,532,540,14:32,14:40,8,0,0.0,8,3.962,156.038,160.0,0,B1508,parking_charging,Position,Movement
78,13,Movement,7,3,7,3,540,547,14:40,14:47,7,7,13.33,0,0.0,160.0,146.67,0,B1508,empty_repositioning,Position,Pickup
78,14,Pickup,3,3,3,3,547,550,14:47,14:50,3,0,0.0,2,8.534,146.67,155.204,1,B1508,pickup_service,Pickup,Pickup
78,15,Movement,3,9,3,9,550,565,14:50,15:05,15,15,52.78,0,0.0,155.204,102.424,1,B1508,passenger_flight,Position,Delivery
78,16,Delivery,9,9,9,9,565,568,15:05,15:08,3,0,0.0,2,8.534,102.424,110.958,0,B1508,delivery_service,Delivery,Delivery
78,17,Stay,9,9,9,9,568,602,15:08,15:42,34,0,0.0,34,49.042,110.958,160.0,0,B1767,parking_charging,Position,Pickup
78,18,Pickup,9,9,9,9,602,605,15:42,15:45,3,0,0.0,2,0.0,160.0,160.0,1,B1767,pickup_service,Pickup,Pickup
78,19,Pickup,9,9,9,9,605,608,15:45,15:48,3,0,0.0,2,0.0,160.0,160.0,2,B1756,pickup_service,Pickup,Pickup
78,20,Movement,9,4,9,4,608,623,15:48,16:03,15,15,55.47,0,0.0,160.0,104.53,2,B1767,passenger_flight,Position,Delivery
78,21,Delivery,4,4,4,4,623,626,16:03,16:06,3,0,0.0,2,8.534,104.53,113.064,1,B1767,delivery_service,Delivery,Delivery
78,22,Delivery,4,4,4,4,626,629,16:06,16:09,3,0,0.0,2,8.534,113.064,121.598,0,B1756,delivery_service,Delivery,Delivery
78,23,Stay,4,4,4,4,629,631,16:09,16:11,2,0,0.0,2,8.534,121.598,130.132,0,B1917,parking_charging,Position,Pickup
78,24,Pickup,4,4,4,4,631,634,16:11,16:14,3,0,0.0,2,8.534,130.132,138.666,1,B1917,pickup_service,Pickup,Pickup
78,25,Stay,4,4,4,4,634,635,16:14,16:15,1,0,0.0,1,4.267,138.666,142.933,1,B1947,parking_charging,Position,Pickup
78,26,Pickup,4,4,4,4,635,638,16:15,16:18,3,0,0.0,2,8.534,142.933,151.467,2,B1947,pickup_service,Pickup,Pickup
78,27,Movement,4,3,4,3,638,645,16:18,16:25,7,7,12.6,0,0.0,151.467,138.867,2,B1917,passenger_flight,Position,Delivery
78,28,Delivery,3,3,3,3,645,648,16:25,16:28,3,0,0.0,2,8.534,138.867,147.401,1,B1917,delivery_service,Delivery,Delivery
78,29,Delivery,3,3,3,3,648,651,16:28,16:31,3,0,0.0,2,8.534,147.401,155.935,0,B1947,delivery_service,Delivery,Delivery
78,30,Stay,3,3,3,3,651,653,16:31,16:33,2,0,0.0,2,4.065,155.935,160.0,0,B2055,parking_charging,Position,Pickup
78,31,Pickup,3,3,3,3,653,656,16:33,16:36,3,0,0.0,2,0.0,160.0,160.0,1,B2055,pickup_service,Pickup,Pickup
78,32,Stay,3,3,3,3,656,659,16:36,16:39,3,0,0.0,3,0.0,160.0,160.0,1,B2098,parking_charging,Position,Pickup
78,33,Pickup,3,3,3,3,659,662,16:39,16:42,3,0,0.0,2,0.0,160.0,160.0,2,B2098,pickup_service,Pickup,Pickup
78,34,Movement,3,5,3,5,662,670,16:42,16:50,8,8,23.93,0,0.0,160.0,136.07,2,B2055,passenger_flight,Position,Delivery
78,35,Delivery,5,5,5,5,670,673,16:50,16:53,3,0,0.0,2,8.534,136.07,144.604,1,B2055,delivery_service,Delivery,Delivery
78,36,Delivery,5,5,5,5,673,676,16:53,16:56,3,0,0.0,2,8.534,144.604,153.138,0,B2098,delivery_service,Delivery,Delivery
78,37,Stay,5,5,5,5,676,680,16:56,17:00,4,0,0.0,4,6.862,153.138,160.0,0,B2283,parking_charging,Position,Movement
78,38,Movement,5,2,5,2,680,688,17:00,17:08,8,8,27.57,0,0.0,160.0,132.43,0,B2283,empty_repositioning,Position,Pickup
78,39,Pickup,2,2,2,2,688,691,17:08,17:11,3,0,0.0,2,8.534,132.43,140.964,1,B2283,pickup_service,Pickup,Pickup
78,40,Movement,2,4,2,4,691,697,17:11,17:17,6,6,16.13,0,0.0,140.964,124.834,1,B2283,passenger_flight,Position,Delivery
78,41,Delivery,4,4,4,4,697,700,17:17,17:20,3,0,0.0,2,8.534,124.834,133.368,0,B2283,delivery_service,Delivery,Delivery
78,42,Stay,4,4,4,4,700,701,17:20,17:21,1,0,0.0,1,4.267,133.368,137.635,0,B2496,parking_charging,Position,Pickup
78,43,Pickup,4,4,4,4,701,704,17:21,17:24,3,0,0.0,2,8.534,137.635,146.169,1,B2496,pickup_service,Pickup,Pickup
78,44,Pickup,4,4,4,4,704,707,17:24,17:27,3,0,0.0,2,8.534,146.169,154.703,2,B2486,pickup_service,Pickup,Pickup
78,45,Movement,4,3,4,3,707,714,17:27,17:34,7,7,12.6,0,0.0,154.703,142.103,2,B2496,passenger_flight,Position,Delivery
78,46,Delivery,3,3,3,3,714,717,17:34,17:37,3,0,0.0,2,8.534,142.103,150.637,1,B2496,delivery_service,Delivery,Delivery
78,47,Delivery,3,3,3,3,717,720,17:37,17:40,3,0,0.0,2,8.534,150.637,159.171,0,B2486,delivery_service,Delivery,Delivery
78,48,Stay,3,3,3,3,720,724,17:40,17:44,4,0,0.0,4,0.829,159.171,160.0,0,B2743,parking_charging,Position,Pickup
78,49,Pickup,3,3,3,3,724,727,17:44,17:47,3,0,0.0,2,0.0,160.0,160.0,2,B2743,pickup_service,Pickup,Pickup
78,50,Pickup,3,3,3,3,727,730,17:47,17:50,3,0,0.0,2,0.0,160.0,160.0,4,B2681,pickup_service,Pickup,Pickup
78,51,Movement,3,5,3,5,730,738,17:50,17:58,8,8,23.93,0,0.0,160.0,136.07,4,B2681,passenger_flight,Position,Delivery
78,52,Delivery,5,5,5,5,738,741,17:58,18:01,3,0,0.0,2,8.534,136.07,144.604,2,B2681,delivery_service,Delivery,Delivery
78,53,Delivery,5,5,5,5,741,744,18:01,18:04,3,0,0.0,2,8.534,144.604,153.138,0,B2743,delivery_service,Delivery,Delivery
78,54,Movement,5,2,5,2,744,752,18:04,18:12,8,8,27.57,0,0.0,153.138,125.568,0,B2922,empty_repositioning,Position,Pickup
78,55,Pickup,2,2,2,2,752,755,18:12,18:15,3,0,0.0,2,8.534,125.568,134.102,1,B2922,pickup_service,Pickup,Pickup
78,56,Movement,2,10,2,10,755,771,18:15,18:31,16,16,57.66,0,0.0,134.102,76.442,1,B2922,passenger_flight,Position,Delivery
78,57,Delivery,10,10,10,10,771,774,18:31,18:34,3,0,0.0,2,8.534,76.442,84.976,0,B2922,delivery_service,Delivery,Delivery
78,58,Movement,10,9,10,9,774,793,18:34,18:53,19,19,69.89,0,0.0,84.976,15.086,0,,return_to_depot,Position,Depot
79,0,Stay,10,10,10,10,0,111,05:40,07:31,111,0,0.0,111,0.0,160.0,160.0,0,B89,parking_charging,Position,Pickup
79,1,Pickup,10,10,10,10,111,114,07:31,07:34,3,0,0.0,2,0.0,160.0,160.0,1,B89,pickup_service,Pickup,Pickup
79,2,Pickup,10,10,10,10,114,117,07:34,07:37,3,0,0.0,2,0.0,160.0,160.0,2,B81,pickup_service,Pickup,Pickup
79,3,Movement,10,9,10,9,117,136,07:37,07:56,19,19,69.89,0,0.0,160.0,90.11,2,B81,passenger_flight,Position,Delivery
79,4,Delivery,9,9,9,9,136,139,07:56,07:59,3,0,0.0,2,8.534,90.11,98.644,1,B81,delivery_service,Delivery,Delivery
79,5,Delivery,9,9,9,9,139,142,07:59,08:02,3,0,0.0,2,8.534,98.644,107.178,0,B89,delivery_service,Delivery,Delivery
79,6,Stay,9,9,9,9,142,227,08:02,09:27,85,0,0.0,85,52.822,107.178,160.0,0,B424,parking_charging,Position,Pickup
79,7,Pickup,9,9,9,9,227,230,09:27,09:30,3,0,0.0,2,0.0,160.0,160.0,1,B424,pickup_service,Pickup,Pickup
79,8,Pickup,9,9,9,9,230,233,09:30,09:33,3,0,0.0,2,0.0,160.0,160.0,2,B410,pickup_service,Pickup,Pickup
79,9,Movement,9,6,9,6,233,253,09:33,09:53,20,20,74.79,0,0.0,160.0,85.21,2,B424,passenger_flight,Position,Delivery
79,10,Delivery,6,6,6,6,253,256,09:53,09:56,3,0,0.0,2,8.534,85.21,93.744,1,B424,delivery_service,Delivery,Delivery
79,11,Delivery,6,6,6,6,256,259,09:56,09:59,3,0,0.0,2,8.534,93.744,102.278,0,B410,delivery_service,Delivery,Delivery
79,12,Pickup,6,6,6,6,259,262,09:59,10:02,3,0,0.0,2,8.534,102.278,110.812,1,B477,pickup_service,Pickup,Pickup
79,13,Movement,6,1,6,1,262,269,10:02,10:09,7,7,23.39,0,0.0,110.812,87.422,1,B477,passenger_flight,Position,Delivery
79,14,Delivery,1,1,1,1,269,272,10:09,10:12,3,0,0.0,2,8.534,87.422,95.956,0,B477,delivery_service,Delivery,Delivery
79,15,Stay,1,1,1,1,272,525,10:12,14:25,253,0,0.0,253,64.044,95.956,160.0,0,B1439,parking_charging,Position,Pickup
79,16,Pickup,1,1,1,1,525,528,14:25,14:28,3,0,0.0,2,0.0,160.0,160.0,1,B1439,pickup_service,Pickup,Pickup
79,17,Pickup,1,1,1,1,528,531,14:28,14:31,3,0,0.0,2,0.0,160.0,160.0,2,B1426,pickup_service,Pickup,Pickup
79,18,Movement,1,7,1,7,531,538,14:31,14:38,7,7,21.03,0,0.0,160.0,138.97,2,B1426,passenger_flight,Position,Delivery
79,19,Delivery,7,7,7,7,538,541,14:38,14:41,3,0,0.0,2,8.534,138.97,147.504,1,B1426,delivery_service,Delivery,Delivery
79,20,Delivery,7,7,7,7,541,544,14:41,14:44,3,0,0.0,2,8.534,147.504,156.038,0,B1439,delivery_service,Delivery,Delivery
79,21,Stay,7,7,7,7,544,560,14:44,15:00,16,0,0.0,16,3.962,156.038,160.0,0,B1587,parking_charging,Position,Movement
79,22,Movement,7,1,7,1,560,567,15:00,15:07,7,7,21.03,0,0.0,160.0,138.97,0,B1587,empty_repositioning,Position,Pickup
79,23,Pickup,1,1,1,1,567,570,15:07,15:10,3,0,0.0,2,8.534,138.97,147.504,1,B1587,pickup_service,Pickup,Pickup
79,24,Movement,1,10,1,10,570,583,15:10,15:23,13,13,47.44,0,0.0,147.504,100.064,1,B1587,passenger_flight,Position,Delivery
79,25,Delivery,10,10,10,10,583,586,15:23,15:26,3,0,0.0,2,8.534,100.064,108.598,0,B1587,delivery_service,Delivery,Delivery
79,26,Pickup,10,10,10,10,586,589,15:26,15:29,3,0,0.0,2,8.534,108.598,117.132,1,B1663,pickup_service,Pickup,Pickup
79,27,Movement,10,3,10,3,589,604,15:29,15:44,15,15,54.92,0,0.0,117.132,62.212,1,B1663,passenger_flight,Position,Delivery
79,28,Delivery,3,3,3,3,604,607,15:44,15:47,3,0,0.0,2,8.534,62.212,70.746,0,B1663,delivery_service,Delivery,Delivery
79,29,Stay,3,3,3,3,607,620,15:47,16:00,13,0,0.0,13,55.471,70.746,126.217,0,B1840,parking_charging,Position,Pickup
79,30,Pickup,3,3,3,3,620,623,16:00,16:03,3,0,0.0,2,8.534,126.217,134.751,1,B1840,pickup_service,Pickup,Pickup
79,31,Pickup,3,3,3,3,623,626,16:03,16:06,3,0,0.0,2,8.534,134.751,143.285,2,B1822,pickup_service,Pickup,Pickup
79,32,Movement,3,5,3,5,626,634,16:06,16:14,8,8,23.93,0,0.0,143.285,119.355,2,B1822,passenger_flight,Position,Delivery
79,33,Delivery,5,5,5,5,634,637,16:14,16:17,3,0,0.0,2,8.534,119.355,127.889,1,B1822,delivery_service,Delivery,Delivery
79,34,Delivery,5,5,5,5,637,640,16:17,16:20,3,0,0.0,2,8.534,127.889,136.423,0,B1840,delivery_service,Delivery,Delivery
79,35,Movement,5,1,5,1,640,648,16:20,16:28,8,8,14.88,0,0.0,136.423,121.543,0,B2017,empty_repositioning,Position,Pickup
79,36,Pickup,1,1,1,1,648,651,16:28,16:31,3,0,0.0,2,8.534,121.543,130.077,1,B2017,pickup_service,Pickup,Pickup
79,37,Stay,1,1,1,1,651,653,16:31,16:33,2,0,0.0,2,8.534,130.077,138.611,1,B2053,parking_charging,Position,Pickup
79,38,Pickup,1,1,1,1,653,656,16:33,16:36,3,0,0.0,2,8.534,138.611,147.145,2,B2053,pickup_service,Pickup,Pickup
79,39,Pickup,1,1,1,1,656,659,16:36,16:39,3,0,0.0,2,8.534,147.145,155.679,3,B2036,pickup_service,Pickup,Pickup
79,40,Movement,1,10,1,10,659,672,16:39,16:52,13,13,47.44,0,0.0,155.679,108.239,3,B2017,passenger_flight,Position,Delivery
79,41,Delivery,10,10,10,10,672,675,16:52,16:55,3,0,0.0,2,8.534,108.239,116.773,2,B2017,delivery_service,Delivery,Delivery
79,42,Delivery,10,10,10,10,675,678,16:55,16:58,3,0,0.0,2,8.534,116.773,125.307,1,B2036,delivery_service,Delivery,Delivery
79,43,Delivery,10,10,10,10,678,681,16:58,17:01,3,0,0.0,2,8.534,125.307,133.841,0,B2053,delivery_service,Delivery,Delivery
79,44,Stay,10,10,10,10,681,720,17:01,17:40,39,0,0.0,39,26.159,133.841,160.0,0,B2588,parking_charging,Position,Pickup
79,45,Pickup,10,10,10,10,720,723,17:40,17:43,3,0,0.0,2,0.0,160.0,160.0,1,B2588,pickup_service,Pickup,Pickup
79,46,Movement,10,3,10,3,723,738,17:43,17:58,15,15,54.92,0,0.0,160.0,105.08,1,B2588,passenger_flight,Position,Delivery
79,47,Delivery,3,3,3,3,738,741,17:58,18:01,3,0,0.0,2,8.534,105.08,113.614,0,B2588,delivery_service,Delivery,Delivery
79,48,Pickup,3,3,3,3,741,744,18:01,18:04,3,0,0.0,2,8.534,113.614,122.148,1,B2857,pickup_service,Pickup,Pickup
79,49,Movement,3,4,3,4,744,751,18:04,18:11,7,7,12.6,0,0.0,122.148,109.548,1,B2857,passenger_flight,Position,Delivery
79,50,Delivery,4,4,4,4,751,754,18:11,18:14,3,0,0.0,2,8.534,109.548,118.082,0,B2857,delivery_service,Delivery,Delivery
79,51,Pickup,4,4,4,4,754,757,18:14,18:17,3,0,0.0,2,8.534,118.082,126.616,1,B3016,pickup_service,Pickup,Pickup
79,52,Pickup,4,4,4,4,757,760,18:17,18:20,3,0,0.0,2,8.534,126.616,135.15,2,B2982,pickup_service,Pickup,Pickup
79,53,Movement,4,8,4,8,760,771,18:20,18:31,11,11,39.54,0,0.0,135.15,95.61,2,B2982,passenger_flight,Position,Delivery
79,54,Delivery,8,8,8,8,771,774,18:31,18:34,3,0,0.0,2,8.534,95.61,104.144,1,B2982,delivery_service,Delivery,Delivery
79,55,Delivery,8,8,8,8,774,777,18:34,18:37,3,0,0.0,2,8.534,104.144,112.678,0,B3016,delivery_service,Delivery,Delivery
79,56,Movement,8,10,8,10,777,794,18:37,18:54,17,17,63.17,0,0.0,112.678,49.508,0,,return_to_depot,Position,Depot
80,0,Stay,1,1,1,1,0,529,05:40,14:29,529,0,0.0,529,0.0,160.0,160.0,0,B1457,parking_charging,Position,Pickup
80,1,Pickup,1,1,1,1,529,532,14:29,14:32,3,0,0.0,2,0.0,160.0,160.0,1,B1457,pickup_service,Pickup,Pickup
80,2,Pickup,1,1,1,1,532,535,14:32,14:35,3,0,0.0,2,0.0,160.0,160.0,2,B1443,pickup_service,Pickup,Pickup
80,3,Movement,1,7,1,7,535,542,14:35,14:42,7,7,21.03,0,0.0,160.0,138.97,2,B1443,passenger_flight,Position,Delivery
80,4,Delivery,7,7,7,7,542,545,14:42,14:45,3,0,0.0,2,8.534,138.97,147.504,1,B1443,delivery_service,Delivery,Delivery
80,5,Delivery,7,7,7,7,545,548,14:45,14:48,3,0,0.0,2,8.534,147.504,156.038,0,B1457,delivery_service,Delivery,Delivery
80,6,Stay,7,7,7,7,548,600,14:48,15:40,52,0,0.0,52,3.962,156.038,160.0,0,B1770,parking_charging,Position,Movement
80,7,Movement,7,3,7,3,600,607,15:40,15:47,7,7,13.33,0,0.0,160.0,146.67,0,B1770,empty_repositioning,Position,Pickup
80,8,Pickup,3,3,3,3,607,610,15:47,15:50,3,0,0.0,2,8.534,146.67,155.204,1,B1770,pickup_service,Pickup,Pickup
80,9,Movement,3,9,3,9,610,625,15:50,16:05,15,15,52.78,0,0.0,155.204,102.424,1,B1770,passenger_flight,Position,Delivery
80,10,Delivery,9,9,9,9,625,628,16:05,16:08,3,0,0.0,2,8.534,102.424,110.958,0,B1770,delivery_service,Delivery,Delivery
80,11,Pickup,9,9,9,9,628,631,16:08,16:11,3,0,0.0,2,8.534,110.958,119.492,1,B1901,pickup_service,Pickup,Pickup
80,12,Stay,9,9,9,9,631,634,16:11,16:14,3,0,0.0,3,12.801,119.492,132.293,1,B1901,parking_charging,Position,Movement
80,13,Movement,9,10,9,10,634,653,16:14,16:33,19,19,69.89,0,0.0,132.293,62.403,1,B1901,passenger_flight,Position,Delivery
80,14,Delivery,10,10,10,10,653,656,16:33,16:36,3,0,0.0,2,8.534,62.403,70.937,0,B1901,delivery_service,Delivery,Delivery
80,15,Stay,10,10,10,10,656,663,16:36,16:43,7,0,0.0,7,29.869,70.937,100.806,0,B2136,parking_charging,Position,Pickup
80,16,Pickup,10,10,10,10,663,666,16:43,16:46,3,0,0.0,2,8.534,100.806,109.34,1,B2136,pickup_service,Pickup,Pickup
80,17,Pickup,10,10,10,10,666,669,16:46,16:49,3,0,0.0,2,8.534,109.34,117.874,2,B2159,pickup_service,Pickup,Pickup
80,18,Movement,10,3,10,3,669,684,16:49,17:04,15,15,54.92,0,0.0,117.874,62.954,2,B2159,passenger_flight,Position,Delivery
80,19,Delivery,3,3,3,3,684,687,17:04,17:07,3,0,0.0,2,8.534,62.954,71.488,1,B2159,delivery_service,Delivery,Delivery
80,20,Delivery,3,3,3,3,687,690,17:07,17:10,3,0,0.0,2,8.534,71.488,80.022,0,B2136,delivery_service,Delivery,Delivery
80,21,Stay,3,3,3,3,690,696,17:10,17:16,6,0,0.0,6,25.602,80.022,105.624,0,B2446,parking_charging,Position,Pickup
80,22,Pickup,3,3,3,3,696,699,17:16,17:19,3,0,0.0,2,8.534,105.624,114.158,2,B2446,pickup_service,Pickup,Pickup
80,23,Pickup,3,3,3,3,699,702,17:19,17:22,3,0,0.0,2,8.534,114.158,122.692,4,B2413,pickup_service,Pickup,Pickup
80,24,Movement,3,5,3,5,702,710,17:22,17:30,8,8,23.93,0,0.0,122.692,98.762,4,B2446,passenger_flight,Position,Delivery
80,25,Delivery,5,5,5,5,710,713,17:30,17:33,3,0,0.0,2,8.534,98.762,107.296,2,B2446,delivery_service,Delivery,Delivery
80,26,Delivery,5,5,5,5,713,716,17:33,17:36,3,0,0.0,2,8.534,107.296,115.83,0,B2413,delivery_service,Delivery,Delivery
80,27,Stay,5,5,5,5,716,740,17:36,18:00,24,0,0.0,24,44.17,115.83,160.0,0,B2915,parking_charging,Position,Movement
80,28,Movement,5,2,5,2,740,748,18:00,18:08,8,8,27.57,0,0.0,160.0,132.43,0,B2915,empty_repositioning,Position,Pickup
80,29,Pickup,2,2,2,2,748,751,18:08,18:11,3,0,0.0,2,8.534,132.43,140.964,1,B2915,pickup_service,Pickup,Pickup
80,30,Movement,2,10,2,10,751,767,18:11,18:27,16,16,57.66,0,0.0,140.964,83.304,1,B2915,passenger_flight,Position,Delivery
80,31,Delivery,10,10,10,10,767,770,18:27,18:30,3,0,0.0,2,8.534,83.304,91.838,0,B2915,delivery_service,Delivery,Delivery
80,32,Movement,10,1,10,1,770,783,18:30,18:43,13,13,47.44,0,0.0,91.838,44.398,0,,return_to_depot,Position,Depot
81,0,Stay,2,2,2,2,0,183,05:40,08:43,183,0,0.0,183,0.0,160.0,160.0,0,B293,parking_charging,Position,Pickup
81,1,Pickup,2,2,2,2,183,186,08:43,08:46,3,0,0.0,2,0.0,160.0,160.0,1,B293,pickup_service,Pickup,Pickup
81,2,Movement,2,1,2,1,186,193,08:46,08:53,7,7,13.61,0,0.0,160.0,146.39,1,B293,passenger_flight,Position,Delivery
81,3,Delivery,1,1,1,1,193,196,08:53,08:56,3,0,0.0,2,8.534,146.39,154.924,0,B293,delivery_service,Delivery,Delivery
81,4,Stay,1,1,1,1,196,551,08:56,14:51,355,0,0.0,355,5.076,154.924,160.0,0,B1551,parking_charging,Position,Pickup
81,5,Pickup,1,1,1,1,551,554,14:51,14:54,3,0,0.0,2,0.0,160.0,160.0,1,B1551,pickup_service,Pickup,Pickup
81,6,Pickup,1,1,1,1,554,557,14:54,14:57,3,0,0.0,2,0.0,160.0,160.0,2,B1544,pickup_service,Pickup,Pickup
81,7,Movement,1,7,1,7,557,564,14:57,15:04,7,7,21.03,0,0.0,160.0,138.97,2,B1544,passenger_flight,Position,Delivery
81,8,Delivery,7,7,7,7,564,567,15:04,15:07,3,0,0.0,2,8.534,138.97,147.504,1,B1544,delivery_service,Delivery,Delivery
81,9,Delivery,7,7,7,7,567,570,15:07,15:10,3,0,0.0,2,8.534,147.504,156.038,0,B1551,delivery_service,Delivery,Delivery
81,10,Stay,7,7,7,7,570,600,15:10,15:40,30,0,0.0,30,3.962,156.038,160.0,0,B1758,parking_charging,Position,Movement
81,11,Movement,7,2,7,2,600,606,15:40,15:46,6,6,10.2,0,0.0,160.0,149.8,0,B1758,empty_repositioning,Position,Pickup
81,12,Pickup,2,2,2,2,606,609,15:46,15:49,3,0,0.0,2,8.534,149.8,158.334,1,B1758,pickup_service,Pickup,Pickup
81,13,Movement,2,10,2,10,609,625,15:49,16:05,16,16,57.66,0,0.0,158.334,100.674,1,B1758,passenger_flight,Position,Delivery
81,14,Delivery,10,10,10,10,625,628,16:05,16:08,3,0,0.0,2,8.534,100.674,109.208,0,B1758,delivery_service,Delivery,Delivery
81,15,Pickup,10,10,10,10,628,631,16:08,16:11,3,0,0.0,2,8.534,109.208,117.742,1,B1875,pickup_service,Pickup,Pickup
81,16,Stay,10,10,10,10,631,633,16:11,16:13,2,0,0.0,2,8.534,117.742,126.276,1,B1933,parking_charging,Position,Pickup
81,17,Pickup,10,10,10,10,633,636,16:13,16:16,3,0,0.0,2,8.534,126.276,134.81,2,B1933,pickup_service,Pickup,Pickup
81,18,Movement,10,3,10,3,636,651,16:16,16:31,15,15,54.92,0,0.0,134.81,79.89,2,B1875,passenger_flight,Position,Delivery
81,19,Delivery,3,3,3,3,651,654,16:31,16:34,3,0,0.0,2,8.534,79.89,88.424,1,B1875,delivery_service,Delivery,Delivery
81,20,Delivery,3,3,3,3,654,657,16:34,16:37,3,0,0.0,2,8.534,88.424,96.958,0,B1933,delivery_service,Delivery,Delivery
81,21,Stay,3,3,3,3,657,660,16:37,16:40,3,0,0.0,3,12.801,96.958,109.759,0,B2067,parking_charging,Position,Movement
81,22,Movement,3,2,3,2,660,663,16:40,16:43,3,3,4.08,0,0.0,109.759,105.679,0,B2067,empty_repositioning,Position,Pickup
81,23,Pickup,2,2,2,2,663,666,16:43,16:46,3,0,0.0,2,8.534,105.679,114.213,1,B2067,pickup_service,Pickup,Pickup
81,24,Movement,2,5,2,5,666,674,16:46,16:54,8,8,27.57,0,0.0,114.213,86.643,1,B2067,passenger_flight,Position,Delivery
81,25,Delivery,5,5,5,5,674,677,16:54,16:57,3,0,0.0,2,8.534,86.643,95.177,0,B2067,delivery_service,Delivery,Delivery
81,26,Stay,5,5,5,5,677,680,16:57,17:00,3,0,0.0,3,12.801,95.177,107.978,0,B2275,parking_charging,Position,Movement
81,27,Movement,5,3,5,3,680,688,17:00,17:08,8,8,23.93,0,0.0,107.978,84.048,0,B2275,empty_repositioning,Position,Pickup
81,28,Pickup,3,3,3,3,688,691,17:08,17:11,3,0,0.0,2,8.534,84.048,92.582,1,B2275,pickup_service,Pickup,Pickup
81,29,Movement,3,4,3,4,691,698,17:11,17:18,7,7,12.6,0,0.0,92.582,79.982,1,B2275,passenger_flight,Position,Delivery
81,30,Delivery,4,4,4,4,698,701,17:18,17:21,3,0,0.0,2,8.534,79.982,88.516,0,B2275,delivery_service,Delivery,Delivery
81,31,Stay,4,4,4,4,701,703,17:21,17:23,2,0,0.0,2,8.534,88.516,97.05,0,B2520,parking_charging,Position,Pickup
81,32,Pickup,4,4,4,4,703,706,17:23,17:26,3,0,0.0,2,8.534,97.05,105.584,1,B2520,pickup_service,Pickup,Pickup
81,33,Movement,4,3,4,3,706,713,17:26,17:33,7,7,12.6,0,0.0,105.584,92.984,1,B2580,passenger_flight,Position,Pickup
81,34,Pickup,3,3,3,3,713,716,17:33,17:36,3,0,0.0,2,8.534,92.984,101.518,2,B2580,pickup_service,Pickup,Pickup
81,35,Delivery,3,3,3,3,716,719,17:36,17:39,3,0,0.0,2,8.534,101.518,110.052,1,B2520,delivery_service,Delivery,Delivery
81,36,Movement,3,4,3,4,719,726,17:39,17:46,7,7,12.6,0,0.0,110.052,97.452,1,B2580,passenger_flight,Position,Delivery
81,37,Delivery,4,4,4,4,726,729,17:46,17:49,3,0,0.0,2,8.534,97.452,105.986,0,B2580,delivery_service,Delivery,Delivery
81,38,Stay,4,4,4,4,729,736,17:49,17:56,7,0,0.0,7,29.869,105.986,135.855,0,B2887,parking_charging,Position,Pickup
81,39,Pickup,4,4,4,4,736,739,17:56,17:59,3,0,0.0,2,8.534,135.855,144.389,1,B2887,pickup_service,Pickup,Pickup
81,40,Pickup,4,4,4,4,739,742,17:59,18:02,3,0,0.0,2,8.534,144.389,152.923,2,B2859,pickup_service,Pickup,Pickup
81,41,Movement,4,2,4,2,742,748,18:02,18:08,6,6,16.13,0,0.0,152.923,136.793,2,B2859,passenger_flight,Position,Delivery
81,42,Delivery,2,2,2,2,748,751,18:08,18:11,3,0,0.0,2,8.534,136.793,145.327,1,B2859,delivery_service,Delivery,Delivery
81,43,Delivery,2,2,2,2,751,754,18:11,18:14,3,0,0.0,2,8.534,145.327,153.861,0,B2887,delivery_service,Delivery,Delivery
81,44,Stay,2,2,2,2,754,759,18:14,18:19,5,0,0.0,5,6.139,153.861,160.0,0,B3039,parking_charging,Position,Pickup
81,45,Pickup,2,2,2,2,759,762,18:19,18:22,3,0,0.0,2,0.0,160.0,160.0,2,B3039,pickup_service,Pickup,Pickup
81,46,Stay,2,2,2,2,762,765,18:22,18:25,3,0,0.0,3,0.0,160.0,160.0,2,B3039,parking_charging,Position,Movement
81,47,Movement,2,5,2,5,765,773,18:25,18:33,8,8,27.57,0,0.0,160.0,132.43,2,B3039,passenger_flight,Position,Delivery
81,48,Delivery,5,5,5,5,773,776,18:33,18:36,3,0,0.0,2,8.534,132.43,140.964,0,B3039,delivery_service,Delivery,Delivery
81,49,Stay,5,5,5,5,776,800,18:36,19:00,24,0,0.0,24,19.036,140.964,160.0,0,B3293,parking_charging,Position,Movement
81,50,Movement,5,4,5,4,800,806,19:00,19:06,6,6,11.45,0,0.0,160.0,148.55,0,B3293,empty_repositioning,Position,Pickup
81,51,Pickup,4,4,4,4,806,809,19:06,19:09,3,0,0.0,2,8.534,148.55,157.084,1,B3293,pickup_service,Pickup,Pickup
81,52,Movement,4,7,4,7,809,816,19:09,19:16,7,7,21.43,0,0.0,157.084,135.654,1,B3293,passenger_flight,Position,Delivery
81,53,Delivery,7,7,7,7,816,819,19:16,19:19,3,0,0.0,2,8.534,135.654,144.188,0,B3293,delivery_service,Delivery,Delivery
81,54,Movement,7,2,7,2,819,825,19:19,19:25,6,6,10.2,0,0.0,144.188,133.988,0,,return_to_depot,Position,Depot
82,0,Stay,3,3,3,3,0,184,05:40,08:44,184,0,0.0,184,0.0,160.0,160.0,0,B298,parking_charging,Position,Pickup
82,1,Pickup,3,3,3,3,184,187,08:44,08:47,3,0,0.0,2,0.0,160.0,160.0,1,B298,pickup_service,Pickup,Pickup
82,2,Stay,3,3,3,3,187,189,08:47,08:49,2,0,0.0,2,0.0,160.0,160.0,1,B312,parking_charging,Position,Pickup
82,3,Pickup,3,3,3,3,189,192,08:49,08:52,3,0,0.0,2,0.0,160.0,160.0,2,B312,pickup_service,Pickup,Pickup
82,4,Movement,3,4,3,4,192,199,08:52,08:59,7,7,12.6,0,0.0,160.0,147.4,2,B298,passenger_flight,Position,Delivery
82,5,Delivery,4,4,4,4,199,202,08:59,09:02,3,0,0.0,2,8.534,147.4,155.934,1,B298,delivery_service,Delivery,Delivery
82,6,Movement,4,5,4,5,202,208,09:02,09:08,6,6,11.45,0,0.0,155.934,144.484,1,B312,passenger_flight,Position,Delivery
82,7,Delivery,5,5,5,5,208,211,09:08,09:11,3,0,0.0,2,8.534,144.484,153.018,0,B312,delivery_service,Delivery,Delivery
82,8,Stay,5,5,5,5,211,223,09:11,09:23,12,0,0.0,12,6.982,153.018,160.0,0,B407,parking_charging,Position,Pickup
82,9,Pickup,5,5,5,5,223,226,09:23,09:26,3,0,0.0,2,0.0,160.0,160.0,1,B407,pickup_service,Pickup,Pickup
82,10,Movement,5,3,5,3,226,234,09:26,09:34,8,8,23.93,0,0.0,160.0,136.07,1,B426,passenger_flight,Position,Pickup
82,11,Pickup,3,3,3,3,234,237,09:34,09:37,3,0,0.0,2,8.534,136.07,144.604,2,B426,pickup_service,Pickup,Pickup
82,12,Delivery,3,3,3,3,237,240,09:37,09:40,3,0,0.0,2,8.534,144.604,153.138,1,B407,delivery_service,Delivery,Delivery
82,13,Movement,3,9,3,9,240,255,09:40,09:55,15,15,52.78,0,0.0,153.138,100.358,1,B426,passenger_flight,Position,Delivery
82,14,Delivery,9,9,9,9,255,258,09:55,09:58,3,0,0.0,2,8.534,100.358,108.892,0,B426,delivery_service,Delivery,Delivery
82,15,Stay,9,9,9,9,258,261,09:58,10:01,3,0,0.0,3,12.801,108.892,121.693,0,B533,parking_charging,Position,Movement
82,16,Movement,9,8,9,8,261,267,10:01,10:07,6,6,18.04,0,0.0,121.693,103.653,0,B533,empty_repositioning,Position,Pickup
82,17,Pickup,8,8,8,8,267,270,10:07,10:10,3,0,0.0,2,8.534,103.653,112.187,1,B533,pickup_service,Pickup,Pickup
82,18,Pickup,8,8,8,8,270,273,10:10,10:13,3,0,0.0,2,8.534,112.187,120.721,2,B526,pickup_service,Pickup,Pickup
82,19,Movement,8,4,8,4,273,284,10:13,10:24,11,11,39.54,0,0.0,120.721,81.181,2,B526,passenger_flight,Position,Delivery
82,20,Delivery,4,4,4,4,284,287,10:24,10:27,3,0,0.0,2,8.534,81.181,89.715,1,B526,delivery_service,Delivery,Delivery
82,21,Movement,4,6,4,6,287,294,10:27,10:34,7,7,22.06,0,0.0,89.715,67.655,1,B533,passenger_flight,Position,Delivery
82,22,Delivery,6,6,6,6,294,297,10:34,10:37,3,0,0.0,2,8.534,67.655,76.189,0,B533,delivery_service,Delivery,Delivery
82,23,Stay,6,6,6,6,297,308,10:37,10:48,11,0,0.0,11,46.937,76.189,123.126,0,B775,parking_charging,Position,Pickup
82,24,Pickup,6,6,6,6,308,311,10:48,10:51,3,0,0.0,2,8.534,123.126,131.66,1,B775,pickup_service,Pickup,Pickup
82,25,Pickup,6,6,6,6,311,314,10:51,10:54,3,0,0.0,2,8.534,131.66,140.194,2,B746,pickup_service,Pickup,Pickup
82,26,Movement,6,2,6,2,314,325,10:54,11:05,11,11,37.0,0,0.0,140.194,103.194,2,B746,passenger_flight,Position,Delivery
82,27,Delivery,2,2,2,2,325,328,11:05,11:08,3,0,0.0,2,8.534,103.194,111.728,1,B746,delivery_service,Delivery,Delivery
82,28,Delivery,2,2,2,2,328,331,11:08,11:11,3,0,0.0,2,8.534,111.728,120.262,0,B775,delivery_service,Delivery,Delivery
82,29,Stay,2,2,2,2,331,440,11:11,13:00,109,0,0.0,109,39.738,120.262,160.0,0,B1226,parking_charging,Position,Movement
82,30,Movement,2,7,2,7,440,446,13:00,13:06,6,6,10.2,0,0.0,160.0,149.8,0,B1226,empty_repositioning,Position,Pickup
82,31,Pickup,7,7,7,7,446,449,13:06,13:09,3,0,0.0,2,8.534,149.8,158.334,1,B1226,pickup_service,Pickup,Pickup
82,32,Movement,7,5,7,5,449,459,13:09,13:19,10,10,32.24,0,0.0,158.334,126.094,1,B1226,passenger_flight,Position,Delivery
82,33,Delivery,5,5,5,5,459,462,13:19,13:22,3,0,0.0,2,8.534,126.094,134.628,0,B1226,delivery_service,Delivery,Delivery
82,34,Stay,5,5,5,5,462,620,13:22,16:00,158,0,0.0,158,25.372,134.628,160.0,0,B1843,parking_charging,Position,Movement
82,35,Movement,5,6,5,6,620,627,16:00,16:07,7,7,12.76,0,0.0,160.0,147.24,0,B1843,empty_repositioning,Position,Pickup
82,36,Pickup,6,6,6,6,627,630,16:07,16:10,3,0,0.0,2,8.534,147.24,155.774,1,B1843,pickup_service,Pickup,Pickup
82,37,Movement,6,7,6,7,630,642,16:10,16:22,12,12,43.48,0,0.0,155.774,112.294,1,B1843,passenger_flight,Position,Delivery
82,38,Delivery,7,7,7,7,642,645,16:22,16:25,3,0,0.0,2,8.534,112.294,120.828,0,B1843,delivery_service,Delivery,Delivery
82,39,Stay,7,7,7,7,645,655,16:25,16:35,10,0,0.0,10,39.172,120.828,160.0,0,B2069,parking_charging,Position,Pickup
82,40,Pickup,7,7,7,7,655,658,16:35,16:38,3,0,0.0,2,0.0,160.0,160.0,1,B2069,pickup_service,Pickup,Pickup
82,41,Stay,7,7,7,7,658,665,16:38,16:45,7,0,0.0,7,0.0,160.0,160.0,1,B2069,parking_charging,Position,Movement
82,42,Movement,7,1,7,1,665,672,16:45,16:52,7,7,21.03,0,0.0,160.0,138.97,1,B2069,passenger_flight,Position,Delivery
82,43,Delivery,1,1,1,1,672,675,16:52,16:55,3,0,0.0,2,8.534,138.97,147.504,0,B2069,delivery_service,Delivery,Delivery
82,44,Stay,1,1,1,1,675,684,16:55,17:04,9,0,0.0,9,12.496,147.504,160.0,0,B2304,parking_charging,Position,Pickup
82,45,Pickup,1,1,1,1,684,687,17:04,17:07,3,0,0.0,2,0.0,160.0,160.0,2,B2304,pickup_service,Pickup,Pickup
82,46,Pickup,1,1,1,1,687,690,17:07,17:10,3,0,0.0,2,0.0,160.0,160.0,4,B2292,pickup_service,Pickup,Pickup
82,47,Movement,1,3,1,3,690,696,17:10,17:16,6,6,9.61,0,0.0,160.0,150.39,4,B2304,passenger_flight,Position,Delivery
82,48,Delivery,3,3,3,3,696,699,17:16,17:19,3,0,0.0,2,8.534,150.39,158.924,2,B2304,delivery_service,Delivery,Delivery
82,49,Delivery,3,3,3,3,699,702,17:19,17:22,3,0,0.0,2,1.076,158.924,160.0,0,B2292,delivery_service,Delivery,Delivery
82,50,Pickup,3,3,3,3,702,705,17:22,17:25,3,0,0.0,2,0.0,160.0,160.0,2,B2475,pickup_service,Pickup,Pickup
82,51,Movement,3,2,3,2,705,708,17:25,17:28,3,3,4.08,0,0.0,160.0,155.92,2,B2545,passenger_flight,Position,Pickup
82,52,Pickup,2,2,2,2,708,711,17:28,17:31,3,0,0.0,2,4.08,155.92,160.0,4,B2545,pickup_service,Pickup,Pickup
82,53,Movement,2,5,2,5,711,719,17:31,17:39,8,8,27.57,0,0.0,160.0,132.43,4,B2475,passenger_flight,Position,Delivery
82,54,Delivery,5,5,5,5,719,722,17:39,17:42,3,0,0.0,2,8.534,132.43,140.964,2,B2475,delivery_service,Delivery,Delivery
82,55,Delivery,5,5,5,5,722,725,17:42,17:45,3,0,0.0,2,8.534,140.964,149.498,0,B2545,delivery_service,Delivery,Delivery
82,56,Stay,5,5,5,5,725,740,17:45,18:00,15,0,0.0,15,10.502,149.498,160.0,0,B2972,parking_charging,Position,Movement
82,57,Movement,5,8,5,8,740,754,18:00,18:14,14,14,47.79,0,0.0,160.0,112.21,0,B2972,empty_repositioning,Position,Pickup
82,58,Pickup,8,8,8,8,754,757,18:14,18:17,3,0,0.0,2,8.534,112.21,120.744,1,B2972,pickup_service,Pickup,Pickup
82,59,Movement,8,4,8,4,757,768,18:17,18:28,11,11,39.54,0,0.0,120.744,81.204,1,B2972,passenger_flight,Position,Delivery
82,60,Delivery,4,4,4,4,768,771,18:28,18:31,3,0,0.0,2,8.534,81.204,89.738,0,B2972,delivery_service,Delivery,Delivery
82,61,Pickup,4,4,4,4,771,774,18:31,18:34,3,0,0.0,2,8.534,89.738,98.272,1,B3081,pickup_service,Pickup,Pickup
82,62,Movement,4,3,4,3,774,781,18:34,18:41,7,7,12.6,0,0.0,98.272,85.672,1,B3081,passenger_flight,Position,Delivery
82,63,Delivery,3,3,3,3,781,784,18:41,18:44,3,0,0.0,2,8.534,85.672,94.206,0,B3081,delivery_service,Delivery,Delivery
82,64,Movement,3,1,3,1,784,790,18:44,18:50,6,6,9.61,0,0.0,94.206,84.596,0,B3208,empty_repositioning,Position,Pickup
82,65,Pickup,1,1,1,1,790,793,18:50,18:53,3,0,0.0,2,8.534,84.596,93.13,1,B3208,pickup_service,Pickup,Pickup
82,66,Pickup,1,1,1,1,793,796,18:53,18:56,3,0,0.0,2,8.534,93.13,101.664,2,B3252,pickup_service,Pickup,Pickup
82,67,Movement,1,3,1,3,796,802,18:56,19:02,6,6,9.61,0,0.0,101.664,92.054,2,B3208,passenger_flight,Position,Delivery
82,68,Delivery,3,3,3,3,802,805,19:02,19:05,3,0,0.0,2,8.534,92.054,100.588,1,B3208,delivery_service,Delivery,Delivery
82,69,Movement,3,2,3,2,805,808,19:05,19:08,3,3,4.08,0,0.0,100.588,96.508,1,B3252,passenger_flight,Position,Delivery
82,70,Delivery,2,2,2,2,808,811,19:08,19:11,3,0,0.0,2,8.534,96.508,105.042,0,B3252,delivery_service,Delivery,Delivery
82,71,Movement,2,3,2,3,811,814,19:11,19:14,3,3,4.08,0,0.0,105.042,100.962,0,,return_to_depot,Position,Depot
83,0,Stay,4,4,4,4,0,310,05:40,10:50,310,0,0.0,310,0.0,160.0,160.0,0,B782,parking_charging,Position,Pickup
83,1,Pickup,4,4,4,4,310,313,10:50,10:53,3,0,0.0,2,0.0,160.0,160.0,1,B782,pickup_service,Pickup,Pickup
83,2,Stay,4,4,4,4,313,315,10:53,10:55,2,0,0.0,2,0.0,160.0,160.0,1,B804,parking_charging,Position,Pickup
83,3,Pickup,4,4,4,4,315,318,10:55,10:58,3,0,0.0,2,0.0,160.0,160.0,2,B804,pickup_service,Pickup,Pickup
83,4,Movement,4,2,4,2,318,324,10:58,11:04,6,6,16.13,0,0.0,160.0,143.87,2,B782,passenger_flight,Position,Delivery
83,5,Delivery,2,2,2,2,324,327,11:04,11:07,3,0,0.0,2,8.534,143.87,152.404,1,B782,delivery_service,Delivery,Delivery
83,6,Delivery,2,2,2,2,327,330,11:07,11:10,3,0,0.0,2,7.596,152.404,160.0,0,B804,delivery_service,Delivery,Delivery
83,7,Stay,2,2,2,2,330,420,11:10,12:40,90,0,0.0,90,0.0,160.0,160.0,0,B1156,parking_charging,Position,Pickup
83,8,Pickup,2,2,2,2,420,423,12:40,12:43,3,0,0.0,2,0.0,160.0,160.0,1,B1156,pickup_service,Pickup,Pickup
83,9,Movement,2,5,2,5,423,431,12:43,12:51,8,8,27.57,0,0.0,160.0,132.43,1,B1156,passenger_flight,Position,Delivery
83,10,Delivery,5,5,5,5,431,434,12:51,12:54,3,0,0.0,2,8.534,132.43,140.964,0,B1156,delivery_service,Delivery,Delivery
83,11,Stay,5,5,5,5,434,620,12:54,16:00,186,0,0.0,186,19.036,140.964,160.0,0,B1897,parking_charging,Position,Movement
83,12,Movement,5,1,5,1,620,628,16:00,16:08,8,8,14.88,0,0.0,160.0,145.12,0,B1897,empty_repositioning,Position,Pickup
83,13,Pickup,1,1,1,1,628,631,16:08,16:11,3,0,0.0,2,8.534,145.12,153.654,1,B1897,pickup_service,Pickup,Pickup
83,14,Movement,1,5,1,5,631,639,16:11,16:19,8,8,14.88,0,0.0,153.654,138.774,1,B1897,passenger_flight,Position,Delivery
83,15,Delivery,5,5,5,5,639,642,16:19,16:22,3,0,0.0,2,8.534,138.774,147.308,0,B1897,delivery_service,Delivery,Delivery
83,16,Movement,5,4,5,4,642,648,16:22,16:28,6,6,11.45,0,0.0,147.308,135.858,0,B2000,empty_repositioning,Position,Pickup
83,17,Pickup,4,4,4,4,648,651,16:28,16:31,3,0,0.0,2,8.534,135.858,144.392,1,B2000,pickup_service,Pickup,Pickup
83,18,Movement,4,9,4,9,651,666,16:31,16:46,15,15,55.47,0,0.0,144.392,88.922,1,B2000,passenger_flight,Position,Delivery
83,19,Delivery,9,9,9,9,666,669,16:46,16:49,3,0,0.0,2,8.534,88.922,97.456,0,B2000,delivery_service,Delivery,Delivery
83,20,Stay,9,9,9,9,669,677,16:49,16:57,8,0,0.0,8,34.136,97.456,131.592,0,B2245,parking_charging,Position,Pickup
83,21,Pickup,9,9,9,9,677,680,16:57,17:00,3,0,0.0,2,8.534,131.592,140.126,1,B2245,pickup_service,Pickup,Pickup
83,22,Stay,9,9,9,9,680,686,17:00,17:06,6,0,0.0,6,19.874,140.126,160.0,1,B2245,parking_charging,Position,Movement
83,23,Movement,9,4,9,4,686,701,17:06,17:21,15,15,55.47,0,0.0,160.0,104.53,1,B2245,passenger_flight,Position,Delivery
83,24,Delivery,4,4,4,4,701,704,17:21,17:24,3,0,0.0,2,8.534,104.53,113.064,0,B2245,delivery_service,Delivery,Delivery
83,25,Stay,4,4,4,4,704,705,17:24,17:25,1,0,0.0,1,4.267,113.064,117.331,0,B2536,parking_charging,Position,Pickup
83,26,Pickup,4,4,4,4,705,708,17:25,17:28,3,0,0.0,2,8.534,117.331,125.865,1,B2536,pickup_service,Pickup,Pickup
83,27,Pickup,4,4,4,4,708,711,17:28,17:31,3,0,0.0,2,8.534,125.865,134.399,2,B2529,pickup_service,Pickup,Pickup
83,28,Movement,4,7,4,7,711,718,17:31,17:38,7,7,21.43,0,0.0,134.399,112.969,2,B2536,passenger_flight,Position,Delivery
83,29,Delivery,7,7,7,7,718,721,17:38,17:41,3,0,0.0,2,8.534,112.969,121.503,1,B2536,delivery_service,Delivery,Delivery
83,30,Delivery,7,7,7,7,721,724,17:41,17:44,3,0,0.0,2,8.534,121.503,130.037,0,B2529,delivery_service,Delivery,Delivery
83,31,Stay,7,7,7,7,724,734,17:44,17:54,10,0,0.0,10,29.963,130.037,160.0,0,B2869,parking_charging,Position,Pickup
83,32,Pickup,7,7,7,7,734,737,17:54,17:57,3,0,0.0,2,0.0,160.0,160.0,1,B2869,pickup_service,Pickup,Pickup
83,33,Pickup,7,7,7,7,737,740,17:57,18:00,3,0,0.0,2,0.0,160.0,160.0,2,B2833,pickup_service,Pickup,Pickup
83,34,Movement,7,1,7,1,740,747,18:00,18:07,7,7,21.03,0,0.0,160.0,138.97,2,B2833,passenger_flight,Position,Delivery
83,35,Delivery,1,1,1,1,747,750,18:07,18:10,3,0,0.0,2,8.534,138.97,147.504,1,B2833,delivery_service,Delivery,Delivery
83,36,Delivery,1,1,1,1,750,753,18:10,18:13,3,0,0.0,2,8.534,147.504,156.038,0,B2869,delivery_service,Delivery,Delivery
83,37,Pickup,1,1,1,1,753,756,18:13,18:16,3,0,0.0,2,3.962,156.038,160.0,1,B2974,pickup_service,Pickup,Pickup
83,38,Movement,1,5,1,5,756,764,18:16,18:24,8,8,14.88,0,0.0,160.0,145.12,1,B2974,passenger_flight,Position,Delivery
83,39,Delivery,5,5,5,5,764,767,18:24,18:27,3,0,0.0,2,8.534,145.12,153.654,0,B2974,delivery_service,Delivery,Delivery
83,40,Movement,5,1,5,1,767,775,18:27,18:35,8,8,14.88,0,0.0,153.654,138.774,0,B3089,empty_repositioning,Position,Pickup
83,41,Pickup,1,1,1,1,775,778,18:35,18:38,3,0,0.0,2,8.534,138.774,147.308,1,B3089,pickup_service,Pickup,Pickup
83,42,Movement,1,9,1,9,778,794,18:38,18:54,16,16,57.72,0,0.0,147.308,89.588,1,B3089,passenger_flight,Position,Delivery
83,43,Delivery,9,9,9,9,794,797,18:54,18:57,3,0,0.0,2,8.534,89.588,98.122,0,B3089,delivery_service,Delivery,Delivery
83,44,Movement,9,4,9,4,797,812,18:57,19:12,15,15,55.47,0,0.0,98.122,42.652,0,,return_to_depot,Position,Depot
84,0,Stay,5,5,5,5,0,181,05:40,08:41,181,0,0.0,181,0.0,160.0,160.0,0,B289,parking_charging,Position,Pickup
84,1,Pickup,5,5,5,5,181,184,08:41,08:44,3,0,0.0,2,0.0,160.0,160.0,2,B289,pickup_service,Pickup,Pickup
84,2,Pickup,5,5,5,5,184,187,08:44,08:47,3,0,0.0,2,0.0,160.0,160.0,4,B278,pickup_service,Pickup,Pickup
84,3,Movement,5,3,5,3,187,195,08:47,08:55,8,8,23.93,0,0.0,160.0,136.07,4,B278,passenger_flight,Position,Delivery
84,4,Delivery,3,3,3,3,195,198,08:55,08:58,3,0,0.0,2,8.534,136.07,144.604,2,B278,delivery_service,Delivery,Delivery
84,5,Movement,3,2,3,2,198,201,08:58,09:01,3,3,4.08,0,0.0,144.604,140.524,2,B289,passenger_flight,Position,Delivery
84,6,Delivery,2,2,2,2,201,204,09:01,09:04,3,0,0.0,2,8.534,140.524,149.058,0,B289,delivery_service,Delivery,Delivery
84,7,Stay,2,2,2,2,204,211,09:04,09:11,7,0,0.0,7,10.942,149.058,160.0,0,B379,parking_charging,Position,Pickup
84,8,Pickup,2,2,2,2,211,214,09:11,09:14,3,0,0.0,2,0.0,160.0,160.0,2,B379,pickup_service,Pickup,Pickup
84,9,Stay,2,2,2,2,214,217,09:14,09:17,3,0,0.0,3,0.0,160.0,160.0,2,B396,parking_charging,Position,Pickup
84,10,Pickup,2,2,2,2,217,220,09:17,09:20,3,0,0.0,2,0.0,160.0,160.0,3,B396,pickup_service,Pickup,Pickup
84,11,Movement,2,1,2,1,220,227,09:20,09:27,7,7,13.61,0,0.0,160.0,146.39,3,B379,passenger_flight,Position,Delivery
84,12,Delivery,1,1,1,1,227,230,09:27,09:30,3,0,0.0,2,8.534,146.39,154.924,1,B379,delivery_service,Delivery,Delivery
84,13,Delivery,1,1,1,1,230,233,09:30,09:33,3,0,0.0,2,5.076,154.924,160.0,0,B396,delivery_service,Delivery,Delivery
84,14,Stay,1,1,1,1,233,549,09:33,14:49,316,0,0.0,316,0.0,160.0,160.0,0,B1543,parking_charging,Position,Pickup
84,15,Pickup,1,1,1,1,549,552,14:49,14:52,3,0,0.0,2,0.0,160.0,160.0,1,B1543,pickup_service,Pickup,Pickup
84,16,Stay,1,1,1,1,552,554,14:52,14:54,2,0,0.0,2,0.0,160.0,160.0,1,B1563,parking_charging,Position,Pickup
84,17,Pickup,1,1,1,1,554,557,14:54,14:57,3,0,0.0,2,0.0,160.0,160.0,2,B1563,pickup_service,Pickup,Pickup
84,18,Movement,1,2,1,2,557,564,14:57,15:04,7,7,13.61,0,0.0,160.0,146.39,2,B1543,passenger_flight,Position,Delivery
84,19,Delivery,2,2,2,2,564,567,15:04,15:07,3,0,0.0,2,8.534,146.39,154.924,1,B1543,delivery_service,Delivery,Delivery
84,20,Delivery,2,2,2,2,567,570,15:07,15:10,3,0,0.0,2,5.076,154.924,160.0,0,B1563,delivery_service,Delivery,Delivery
84,21,Stay,2,2,2,2,570,614,15:10,15:54,44,0,0.0,44,0.0,160.0,160.0,0,B1813,parking_charging,Position,Pickup
84,22,Pickup,2,2,2,2,614,617,15:54,15:57,3,0,0.0,2,0.0,160.0,160.0,1,B1813,pickup_service,Pickup,Pickup
84,23,Stay,2,2,2,2,617,619,15:57,15:59,2,0,0.0,2,0.0,160.0,160.0,1,B1836,parking_charging,Position,Pickup
84,24,Pickup,2,2,2,2,619,622,15:59,16:02,3,0,0.0,2,0.0,160.0,160.0,2,B1836,pickup_service,Pickup,Pickup
84,25,Movement,2,4,2,4,622,628,16:02,16:08,6,6,16.13,0,0.0,160.0,143.87,2,B1813,passenger_flight,Position,Delivery
84,26,Delivery,4,4,4,4,628,631,16:08,16:11,3,0,0.0,2,8.534,143.87,152.404,1,B1813,delivery_service,Delivery,Delivery
84,27,Movement,4,5,4,5,631,637,16:11,16:17,6,6,11.45,0,0.0,152.404,140.954,1,B1836,passenger_flight,Position,Delivery
84,28,Delivery,5,5,5,5,637,640,16:17,16:20,3,0,0.0,2,8.534,140.954,149.488,0,B1836,delivery_service,Delivery,Delivery
84,29,Movement,5,4,5,4,640,646,16:20,16:26,6,6,11.45,0,0.0,149.488,138.038,0,B2010,empty_repositioning,Position,Pickup
84,30,Pickup,4,4,4,4,646,649,16:26,16:29,3,0,0.0,2,8.534,138.038,146.572,1,B2010,pickup_service,Pickup,Pickup
84,31,Movement,4,9,4,9,649,664,16:29,16:44,15,15,55.47,0,0.0,146.572,91.102,1,B2010,passenger_flight,Position,Delivery
84,32,Delivery,9,9,9,9,664,667,16:44,16:47,3,0,0.0,2,8.534,91.102,99.636,0,B2010,delivery_service,Delivery,Delivery
84,33,Stay,9,9,9,9,667,680,16:47,17:00,13,0,0.0,13,55.471,99.636,155.107,0,B2213,parking_charging,Position,Pickup
84,34,Pickup,9,9,9,9,680,683,17:00,17:03,3,0,0.0,2,4.893,155.107,160.0,1,B2213,pickup_service,Pickup,Pickup
84,35,Movement,9,4,9,4,683,698,17:03,17:18,15,15,55.47,0,0.0,160.0,104.53,1,B2213,passenger_flight,Position,Delivery
84,36,Delivery,4,4,4,4,698,701,17:18,17:21,3,0,0.0,2,8.534,104.53,113.064,0,B2213,delivery_service,Delivery,Delivery
84,37,Stay,4,4,4,4,701,707,17:21,17:27,6,0,0.0,6,25.602,113.064,138.666,0,B2560,parking_charging,Position,Pickup
84,38,Pickup,4,4,4,4,707,710,17:27,17:30,3,0,0.0,2,8.534,138.666,147.2,1,B2560,pickup_service,Pickup,Pickup
84,39,Movement,4,7,4,7,710,717,17:30,17:37,7,7,21.43,0,0.0,147.2,125.77,1,B2560,passenger_flight,Position,Delivery
84,40,Delivery,7,7,7,7,717,720,17:37,17:40,3,0,0.0,2,8.534,125.77,134.304,0,B2560,delivery_service,Delivery,Delivery
84,41,Stay,7,7,7,7,720,727,17:40,17:47,7,0,0.0,7,25.696,134.304,160.0,0,B2862,parking_charging,Position,Movement
84,42,Movement,7,1,7,1,727,734,17:47,17:54,7,7,21.03,0,0.0,160.0,138.97,0,B2862,empty_repositioning,Position,Pickup
84,43,Pickup,1,1,1,1,734,737,17:54,17:57,3,0,0.0,2,8.534,138.97,147.504,1,B2862,pickup_service,Pickup,Pickup
84,44,Movement,1,7,1,7,737,744,17:57,18:04,7,7,21.03,0,0.0,147.504,126.474,1,B2862,passenger_flight,Position,Delivery
84,45,Delivery,7,7,7,7,744,747,18:04,18:07,3,0,0.0,2,8.534,126.474,135.008,0,B2862,delivery_service,Delivery,Delivery
84,46,Stay,7,7,7,7,747,760,18:07,18:20,13,0,0.0,13,24.992,135.008,160.0,0,B3071,parking_charging,Position,Movement
84,47,Movement,7,2,7,2,760,766,18:20,18:26,6,6,10.2,0,0.0,160.0,149.8,0,B3071,empty_repositioning,Position,Pickup
84,48,Pickup,2,2,2,2,766,769,18:26,18:29,3,0,0.0,2,8.534,149.8,158.334,1,B3071,pickup_service,Pickup,Pickup
84,49,Stay,2,2,2,2,769,771,18:29,18:31,2,0,0.0,2,1.666,158.334,160.0,1,B3120,parking_charging,Position,Pickup
84,50,Pickup,2,2,2,2,771,774,18:31,18:34,3,0,0.0,2,0.0,160.0,160.0,2,B3120,pickup_service,Pickup,Pickup
84,51,Movement,2,5,2,5,774,782,18:34,18:42,8,8,27.57,0,0.0,160.0,132.43,2,B3071,passenger_flight,Position,Delivery
84,52,Delivery,5,5,5,5,782,785,18:42,18:45,3,0,0.0,2,8.534,132.43,140.964,1,B3071,delivery_service,Delivery,Delivery
84,53,Delivery,5,5,5,5,785,788,18:45,18:48,3,0,0.0,2,8.534,140.964,149.498,0,B3120,delivery_service,Delivery,Delivery
85,0,Stay,6,6,6,6,0,53,05:40,06:33,53,0,0.0,53,0.0,160.0,160.0,0,B25,parking_charging,Position,Pickup
85,1,Pickup,6,6,6,6,53,56,06:33,06:36,3,0,0.0,2,0.0,160.0,160.0,1,B25,pickup_service,Pickup,Pickup
85,2,Movement,6,9,6,9,56,76,06:36,06:56,20,20,74.79,0,0.0,160.0,85.21,1,B25,passenger_flight,Position,Delivery
85,3,Delivery,9,9,9,9,76,79,06:56,06:59,3,0,0.0,2,8.534,85.21,93.744,0,B25,delivery_service,Delivery,Delivery
85,4,Stay,9,9,9,9,79,228,06:59,09:28,149,0,0.0,149,66.256,93.744,160.0,0,B427,parking_charging,Position,Pickup
85,5,Pickup,9,9,9,9,228,231,09:28,09:31,3,0,0.0,2,0.0,160.0,160.0,1,B427,pickup_service,Pickup,Pickup
85,6,Stay,9,9,9,9,231,232,09:31,09:32,1,0,0.0,1,0.0,160.0,160.0,1,B435,parking_charging,Position,Pickup
85,7,Pickup,9,9,9,9,232,235,09:32,09:35,3,0,0.0,2,0.0,160.0,160.0,2,B435,pickup_service,Pickup,Pickup
85,8,Movement,9,6,9,6,235,255,09:35,09:55,20,20,74.79,0,0.0,160.0,85.21,2,B435,passenger_flight,Position,Delivery
85,9,Delivery,6,6,6,6,255,258,09:55,09:58,3,0,0.0,2,8.534,85.21,93.744,1,B435,delivery_service,Delivery,Delivery
85,10,Delivery,6,6,6,6,258,261,09:58,10:01,3,0,0.0,2,8.534,93.744,102.278,0,B427,delivery_service,Delivery,Delivery
85,11,Pickup,6,6,6,6,261,264,10:01,10:04,3,0,0.0,2,8.534,102.278,110.812,1,B490,pickup_service,Pickup,Pickup
85,12,Pickup,6,6,6,6,264,267,10:04,10:07,3,0,0.0,2,8.534,110.812,119.346,2,B511,pickup_service,Pickup,Pickup
85,13,Movement,6,1,6,1,267,274,10:07,10:14,7,7,23.39,0,0.0,119.346,95.956,2,B490,passenger_flight,Position,Delivery
85,14,Delivery,1,1,1,1,274,277,10:14,10:17,3,0,0.0,2,8.534,95.956,104.49,1,B490,delivery_service,Delivery,Delivery
85,15,Movement,1,3,1,3,277,283,10:17,10:23,6,6,9.61,0,0.0,104.49,94.88,1,B511,passenger_flight,Position,Delivery
85,16,Delivery,3,3,3,3,283,286,10:23,10:26,3,0,0.0,2,8.534,94.88,103.414,0,B511,delivery_service,Delivery,Delivery
85,17,Pickup,3,3,3,3,286,289,10:26,10:29,3,0,0.0,2,8.534,103.414,111.948,1,B626,pickup_service,Pickup,Pickup
85,18,Movement,3,4,3,4,289,296,10:29,10:36,7,7,12.6,0,0.0,111.948,99.348,1,B626,passenger_flight,Position,Delivery
85,19,Delivery,4,4,4,4,296,299,10:36,10:39,3,0,0.0,2,8.534,99.348,107.882,0,B626,delivery_service,Delivery,Delivery
85,20,Stay,4,4,4,4,299,301,10:39,10:41,2,0,0.0,2,8.534,107.882,116.416,0,B726,parking_charging,Position,Pickup
85,21,Pickup,4,4,4,4,301,304,10:41,10:44,3,0,0.0,2,8.534,116.416,124.95,1,B726,pickup_service,Pickup,Pickup
85,22,Stay,4,4,4,4,304,307,10:44,10:47,3,0,0.0,3,12.801,124.95,137.751,1,B765,parking_charging,Position,Pickup
85,23,Pickup,4,4,4,4,307,310,10:47,10:50,3,0,0.0,2,8.534,137.751,146.285,2,B765,pickup_service,Pickup,Pickup
85,24,Movement,4,3,4,3,310,317,10:50,10:57,7,7,12.6,0,0.0,146.285,133.685,2,B726,passenger_flight,Position,Delivery
85,25,Delivery,3,3,3,3,317,320,10:57,11:00,3,0,0.0,2,8.534,133.685,142.219,1,B726,delivery_service,Delivery,Delivery
85,26,Stay,3,3,3,3,320,323,11:00,11:03,3,0,0.0,3,12.801,142.219,155.02,1,B765,parking_charging,Position,Delivery
85,27,Delivery,3,3,3,3,323,326,11:03,11:06,3,0,0.0,2,4.98,155.02,160.0,0,B765,delivery_service,Delivery,Delivery
85,28,Stay,3,3,3,3,326,328,11:06,11:08,2,0,0.0,2,0.0,160.0,160.0,0,B874,parking_charging,Position,Pickup
85,29,Pickup,3,3,3,3,328,331,11:08,11:11,3,0,0.0,2,0.0,160.0,160.0,1,B874,pickup_service,Pickup,Pickup
85,30,Movement,3,1,3,1,331,337,11:11,11:17,6,6,9.61,0,0.0,160.0,150.39,1,B874,passenger_flight,Position,Delivery
85,31,Delivery,1,1,1,1,337,340,11:17,11:20,3,0,0.0,2,8.534,150.39,158.924,0,B874,delivery_service,Delivery,Delivery
85,32,Stay,1,1,1,1,340,535,11:20,14:35,195,0,0.0,195,1.076,158.924,160.0,0,B1490,parking_charging,Position,Pickup
85,33,Pickup,1,1,1,1,535,538,14:35,14:38,3,0,0.0,2,0.0,160.0,160.0,1,B1490,pickup_service,Pickup,Pickup
85,34,Pickup,1,1,1,1,538,541,14:38,14:41,3,0,0.0,2,0.0,160.0,160.0,2,B1485,pickup_service,Pickup,Pickup
85,35,Movement,1,7,1,7,541,548,14:41,14:48,7,7,21.03,0,0.0,160.0,138.97,2,B1490,passenger_flight,Position,Delivery
85,36,Delivery,7,7,7,7,548,551,14:48,14:51,3,0,0.0,2,8.534,138.97,147.504,1,B1490,delivery_service,Delivery,Delivery
85,37,Delivery,7,7,7,7,551,554,14:51,14:54,3,0,0.0,2,8.534,147.504,156.038,0,B1485,delivery_service,Delivery,Delivery
85,38,Stay,7,7,7,7,554,600,14:54,15:40,46,0,0.0,46,3.962,156.038,160.0,0,B1753,parking_charging,Position,Movement
85,39,Movement,7,1,7,1,600,607,15:40,15:47,7,7,21.03,0,0.0,160.0,138.97,0,B1753,empty_repositioning,Position,Pickup
85,40,Pickup,1,1,1,1,607,610,15:47,15:50,3,0,0.0,2,8.534,138.97,147.504,1,B1753,pickup_service,Pickup,Pickup
85,41,Movement,1,9,1,9,610,626,15:50,16:06,16,16,57.72,0,0.0,147.504,89.784,1,B1753,passenger_flight,Position,Delivery
85,42,Delivery,9,9,9,9,626,629,16:06,16:09,3,0,0.0,2,8.534,89.784,98.318,0,B1753,delivery_service,Delivery,Delivery
85,43,Stay,9,9,9,9,629,650,16:09,16:30,21,0,0.0,21,61.682,98.318,160.0,0,B2041,parking_charging,Position,Pickup
85,44,Pickup,9,9,9,9,650,653,16:30,16:33,3,0,0.0,2,0.0,160.0,160.0,1,B2041,pickup_service,Pickup,Pickup
85,45,Stay,9,9,9,9,653,658,16:33,16:38,5,0,0.0,5,0.0,160.0,160.0,1,B2041,parking_charging,Position,Movement
85,46,Movement,9,3,9,3,658,673,16:38,16:53,15,15,52.78,0,0.0,160.0,107.22,1,B2041,passenger_flight,Position,Delivery
85,47,Delivery,3,3,3,3,673,676,16:53,16:56,3,0,0.0,2,8.534,107.22,115.754,0,B2041,delivery_service,Delivery,Delivery
85,48,Pickup,3,3,3,3,676,679,16:56,16:59,3,0,0.0,2,8.534,115.754,124.288,1,B2198,pickup_service,Pickup,Pickup
85,49,Movement,3,4,3,4,679,686,16:59,17:06,7,7,12.6,0,0.0,124.288,111.688,1,B2198,passenger_flight,Position,Delivery
85,50,Delivery,4,4,4,4,686,689,17:06,17:09,3,0,0.0,2,8.534,111.688,120.222,0,B2198,delivery_service,Delivery,Delivery
85,51,Movement,4,1,4,1,689,693,17:09,17:13,4,4,4.98,0,0.0,120.222,115.242,0,B2332,empty_repositioning,Position,Pickup
85,52,Pickup,1,1,1,1,693,696,17:13,17:16,3,0,0.0,2,8.534,115.242,123.776,2,B2332,pickup_service,Pickup,Pickup
85,53,Movement,1,5,1,5,696,704,17:16,17:24,8,8,14.88,0,0.0,123.776,108.896,2,B2332,passenger_flight,Position,Delivery
85,54,Delivery,5,5,5,5,704,707,17:24,17:27,3,0,0.0,2,8.534,108.896,117.43,0,B2332,delivery_service,Delivery,Delivery
85,55,Stay,5,5,5,5,707,740,17:27,18:00,33,0,0.0,33,42.57,117.43,160.0,0,B2984,parking_charging,Position,Movement
85,56,Movement,5,8,5,8,740,754,18:00,18:14,14,14,47.79,0,0.0,160.0,112.21,0,B2984,empty_repositioning,Position,Pickup
85,57,Pickup,8,8,8,8,754,757,18:14,18:17,3,0,0.0,2,8.534,112.21,120.744,1,B2984,pickup_service,Pickup,Pickup
85,58,Pickup,8,8,8,8,757,760,18:17,18:20,3,0,0.0,2,8.534,120.744,129.278,2,B3023,pickup_service,Pickup,Pickup
85,59,Movement,8,1,8,1,760,772,18:20,18:32,12,12,41.05,0,0.0,129.278,88.228,2,B2984,passenger_flight,Position,Delivery
85,60,Delivery,1,1,1,1,772,775,18:32,18:35,3,0,0.0,2,8.534,88.228,96.762,1,B2984,delivery_service,Delivery,Delivery
85,61,Movement,1,6,1,6,775,782,18:35,18:42,7,7,23.39,0,0.0,96.762,73.372,1,B3023,passenger_flight,Position,Delivery
85,62,Delivery,6,6,6,6,782,785,18:42,18:45,3,0,0.0,2,8.534,73.372,81.906,0,B3023,delivery_service,Delivery,Delivery
85,63,Stay,6,6,6,6,785,791,18:45,18:51,6,0,0.0,6,25.602,81.906,107.508,0,B3247,parking_charging,Position,Pickup
85,64,Pickup,6,6,6,6,791,794,18:51,18:54,3,0,0.0,2,8.534,107.508,116.042,1,B3247,pickup_service,Pickup,Pickup
85,65,Movement,6,9,6,9,794,814,18:54,19:14,20,20,74.79,0,0.0,116.042,41.252,1,B3247,passenger_flight,Position,Delivery
85,66,Delivery,9,9,9,9,814,817,19:14,19:17,3,0,0.0,2,8.534,41.252,49.786,0,B3247,delivery_service,Delivery,Delivery
85,67,Stay,9,9,9,9,817,829,19:17,19:29,12,0,0.0,12,51.204,49.786,100.99,0,,parking_charging,Position,Movement
85,68,Movement,9,6,9,6,829,849,19:29,19:49,20,20,74.79,0,0.0,100.99,26.2,0,,return_to_depot,Position,Depot
86,0,Stay,7,7,7,7,0,160,05:40,08:20,160,0,0.0,160,0.0,160.0,160.0,0,B234,parking_charging,Position,Movement
86,1,Movement,7,8,7,8,160,167,08:20,08:27,7,7,22.2,0,0.0,160.0,137.8,0,B234,empty_repositioning,Position,Pickup
86,2,Pickup,8,8,8,8,167,170,08:27,08:30,3,0,0.0,2,8.534,137.8,146.334,1,B234,pickup_service,Pickup,Pickup
86,3,Movement,8,7,8,7,170,177,08:30,08:37,7,7,22.2,0,0.0,146.334,124.134,1,B280,passenger_flight,Position,Pickup
86,4,Pickup,7,7,7,7,177,180,08:37,08:40,3,0,0.0,2,8.534,124.134,132.668,2,B280,pickup_service,Pickup,Pickup
86,5,Movement,7,4,7,4,180,187,08:40,08:47,7,7,21.43,0,0.0,132.668,111.238,2,B234,passenger_flight,Position,Delivery
86,6,Delivery,4,4,4,4,187,190,08:47,08:50,3,0,0.0,2,8.534,111.238,119.772,1,B234,delivery_service,Delivery,Delivery
86,7,Delivery,4,4,4,4,190,193,08:50,08:53,3,0,0.0,2,8.534,119.772,128.306,0,B280,delivery_service,Delivery,Delivery
86,8,Stay,4,4,4,4,193,260,08:53,10:00,67,0,0.0,67,31.694,128.306,160.0,0,B516,parking_charging,Position,Movement
86,9,Movement,4,5,4,5,260,266,10:00,10:06,6,6,11.45,0,0.0,160.0,148.55,0,B516,empty_repositioning,Position,Pickup
86,10,Pickup,5,5,5,5,266,269,10:06,10:09,3,0,0.0,2,8.534,148.55,157.084,1,B516,pickup_service,Pickup,Pickup
86,11,Movement,5,9,5,9,269,286,10:09,10:26,17,17,62.04,0,0.0,157.084,95.044,1,B516,passenger_flight,Position,Delivery
86,12,Delivery,9,9,9,9,286,289,10:26,10:29,3,0,0.0,2,8.534,95.044,103.578,0,B516,delivery_service,Delivery,Delivery
86,13,Stay,9,9,9,9,289,322,10:29,11:02,33,0,0.0,33,56.422,103.578,160.0,0,B841,parking_charging,Position,Pickup
86,14,Pickup,9,9,9,9,322,325,11:02,11:05,3,0,0.0,2,0.0,160.0,160.0,1,B841,pickup_service,Pickup,Pickup
86,15,Pickup,9,9,9,9,325,328,11:05,11:08,3,0,0.0,2,0.0,160.0,160.0,2,B862,pickup_service,Pickup,Pickup
86,16,Movement,9,3,9,3,328,343,11:08,11:23,15,15,52.78,0,0.0,160.0,107.22,2,B841,passenger_flight,Position,Delivery
86,17,Delivery,3,3,3,3,343,346,11:23,11:26,3,0,0.0,2,8.534,107.22,115.754,1,B841,delivery_service,Delivery,Delivery
86,18,Movement,3,1,3,1,346,352,11:26,11:32,6,6,9.61,0,0.0,115.754,106.144,1,B862,passenger_flight,Position,Delivery
86,19,Delivery,1,1,1,1,352,355,11:32,11:35,3,0,0.0,2,8.534,106.144,114.678,0,B862,delivery_service,Delivery,Delivery
86,20,Stay,1,1,1,1,355,518,11:35,14:18,163,0,0.0,163,45.322,114.678,160.0,0,B1410,parking_charging,Position,Pickup
86,21,Pickup,1,1,1,1,518,521,14:18,14:21,3,0,0.0,2,0.0,160.0,160.0,1,B1410,pickup_service,Pickup,Pickup
86,22,Stay,1,1,1,1,521,524,14:21,14:24,3,0,0.0,3,0.0,160.0,160.0,1,B1410,parking_charging,Position,Movement
86,23,Movement,1,6,1,6,524,531,14:24,14:31,7,7,23.39,0,0.0,160.0,136.61,1,B1410,passenger_flight,Position,Delivery
86,24,Delivery,6,6,6,6,531,534,14:31,14:34,3,0,0.0,2,8.534,136.61,145.144,0,B1410,delivery_service,Delivery,Delivery
86,25,Pickup,6,6,6,6,534,537,14:34,14:37,3,0,0.0,2,8.534,145.144,153.678,1,B1453,pickup_service,Pickup,Pickup
86,26,Movement,6,9,6,9,537,557,14:37,14:57,20,20,74.79,0,0.0,153.678,78.888,1,B1453,passenger_flight,Position,Delivery
86,27,Delivery,9,9,9,9,557,560,14:57,15:00,3,0,0.0,2,8.534,78.888,87.422,0,B1453,delivery_service,Delivery,Delivery
86,28,Stay,9,9,9,9,560,600,15:00,15:40,40,0,0.0,40,72.578,87.422,160.0,0,B1745,parking_charging,Position,Pickup
86,29,Pickup,9,9,9,9,600,603,15:40,15:43,3,0,0.0,2,0.0,160.0,160.0,1,B1745,pickup_service,Pickup,Pickup
86,30,Stay,9,9,9,9,603,605,15:43,15:45,2,0,0.0,2,0.0,160.0,160.0,1,B1780,parking_charging,Position,Pickup
86,31,Pickup,9,9,9,9,605,608,15:45,15:48,3,0,0.0,2,0.0,160.0,160.0,2,B1780,pickup_service,Pickup,Pickup
86,32,Movement,9,4,9,4,608,623,15:48,16:03,15,15,55.47,0,0.0,160.0,104.53,2,B1745,passenger_flight,Position,Delivery
86,33,Delivery,4,4,4,4,623,626,16:03,16:06,3,0,0.0,2,8.534,104.53,113.064,1,B1745,delivery_service,Delivery,Delivery
86,34,Delivery,4,4,4,4,626,629,16:06,16:09,3,0,0.0,2,8.534,113.064,121.598,0,B1780,delivery_service,Delivery,Delivery
86,35,Stay,4,4,4,4,629,639,16:09,16:19,10,0,0.0,10,38.402,121.598,160.0,0,B1978,parking_charging,Position,Pickup
86,36,Pickup,4,4,4,4,639,642,16:19,16:22,3,0,0.0,2,0.0,160.0,160.0,1,B1978,pickup_service,Pickup,Pickup
86,37,Stay,4,4,4,4,642,648,16:22,16:28,6,0,0.0,6,0.0,160.0,160.0,1,B1978,parking_charging,Position,Movement
86,38,Movement,4,3,4,3,648,655,16:28,16:35,7,7,12.6,0,0.0,160.0,147.4,1,B1978,passenger_flight,Position,Delivery
86,39,Delivery,3,3,3,3,655,658,16:35,16:38,3,0,0.0,2,8.534,147.4,155.934,0,B1978,delivery_service,Delivery,Delivery
86,40,Stay,3,3,3,3,658,664,16:38,16:44,6,0,0.0,6,4.066,155.934,160.0,0,B2139,parking_charging,Position,Pickup
86,41,Pickup,3,3,3,3,664,667,16:44,16:47,3,0,0.0,2,0.0,160.0,160.0,1,B2139,pickup_service,Pickup,Pickup
86,42,Pickup,3,3,3,3,667,670,16:47,16:50,3,0,0.0,2,0.0,160.0,160.0,2,B2119,pickup_service,Pickup,Pickup
86,43,Movement,3,5,3,5,670,678,16:50,16:58,8,8,23.93,0,0.0,160.0,136.07,2,B2139,passenger_flight,Position,Delivery
86,44,Delivery,5,5,5,5,678,681,16:58,17:01,3,0,0.0,2,8.534,136.07,144.604,1,B2139,delivery_service,Delivery,Delivery
86,45,Delivery,5,5,5,5,681,684,17:01,17:04,3,0,0.0,2,8.534,144.604,153.138,0,B2119,delivery_service,Delivery,Delivery
86,46,Movement,5,3,5,3,684,692,17:04,17:12,8,8,23.93,0,0.0,153.138,129.208,0,B2315,empty_repositioning,Position,Pickup
86,47,Pickup,3,3,3,3,692,695,17:12,17:15,3,0,0.0,2,8.534,129.208,137.742,1,B2315,pickup_service,Pickup,Pickup
86,48,Movement,3,4,3,4,695,702,17:15,17:22,7,7,12.6,0,0.0,137.742,125.142,1,B2315,passenger_flight,Position,Delivery
86,49,Delivery,4,4,4,4,702,705,17:22,17:25,3,0,0.0,2,8.534,125.142,133.676,0,B2315,delivery_service,Delivery,Delivery
86,50,Stay,4,4,4,4,705,712,17:25,17:32,7,0,0.0,7,26.324,133.676,160.0,0,B2622,parking_charging,Position,Pickup
86,51,Pickup,4,4,4,4,712,715,17:32,17:35,3,0,0.0,2,0.0,160.0,160.0,1,B2622,pickup_service,Pickup,Pickup
86,52,Stay,4,4,4,4,715,719,17:35,17:39,4,0,0.0,4,0.0,160.0,160.0,1,B2694,parking_charging,Position,Pickup
86,53,Pickup,4,4,4,4,719,722,17:39,17:42,3,0,0.0,2,0.0,160.0,160.0,2,B2694,pickup_service,Pickup,Pickup
86,54,Movement,4,2,4,2,722,728,17:42,17:48,6,6,16.13,0,0.0,160.0,143.87,2,B2622,passenger_flight,Position,Delivery
86,55,Delivery,2,2,2,2,728,731,17:48,17:51,3,0,0.0,2,8.534,143.87,152.404,1,B2622,delivery_service,Delivery,Delivery
86,56,Delivery,2,2,2,2,731,734,17:51,17:54,3,0,0.0,2,7.596,152.404,160.0,0,B2694,delivery_service,Delivery,Delivery
86,57,Pickup,2,2,2,2,734,737,17:54,17:57,3,0,0.0,2,0.0,160.0,160.0,1,B2790,pickup_service,Pickup,Pickup
86,58,Movement,2,4,2,4,737,743,17:57,18:03,6,6,16.13,0,0.0,160.0,143.87,1,B2790,passenger_flight,Position,Delivery
86,59,Delivery,4,4,4,4,743,746,18:03,18:06,3,0,0.0,2,8.534,143.87,152.404,0,B2790,delivery_service,Delivery,Delivery
86,60,Stay,4,4,4,4,746,770,18:06,18:30,24,0,0.0,24,7.596,152.404,160.0,0,B3116,parking_charging,Position,Pickup
86,61,Pickup,4,4,4,4,770,773,18:30,18:33,3,0,0.0,2,0.0,160.0,160.0,1,B3116,pickup_service,Pickup,Pickup
86,62,Pickup,4,4,4,4,773,776,18:33,18:36,3,0,0.0,2,0.0,160.0,160.0,2,B3085,pickup_service,Pickup,Pickup
86,63,Movement,4,3,4,3,776,783,18:36,18:43,7,7,12.6,0,0.0,160.0,147.4,2,B3085,passenger_flight,Position,Delivery
86,64,Delivery,3,3,3,3,783,786,18:43,18:46,3,0,0.0,2,8.534,147.4,155.934,1,B3085,delivery_service,Delivery,Delivery
86,65,Delivery,3,3,3,3,786,789,18:46,18:49,3,0,0.0,2,4.066,155.934,160.0,0,B3116,delivery_service,Delivery,Delivery
86,66,Stay,3,3,3,3,789,800,18:49,19:00,11,0,0.0,11,0.0,160.0,160.0,0,B3281,parking_charging,Position,Movement
86,67,Movement,3,1,3,1,800,806,19:00,19:06,6,6,9.61,0,0.0,160.0,150.39,0,B3281,empty_repositioning,Position,Pickup
86,68,Pickup,1,1,1,1,806,809,19:06,19:09,3,0,0.0,2,8.534,150.39,158.924,1,B3281,pickup_service,Pickup,Pickup
86,69,Movement,1,7,1,7,809,816,19:09,19:16,7,7,21.03,0,0.0,158.924,137.894,1,B3281,passenger_flight,Position,Delivery
86,70,Delivery,7,7,7,7,816,819,19:16,19:19,3,0,0.0,2,8.534,137.894,146.428,0,B3281,delivery_service,Delivery,Delivery
87,0,Stay,8,8,8,8,0,146,05:40,08:06,146,0,0.0,146,0.0,160.0,160.0,0,B154,parking_charging,Position,Pickup
87,1,Pickup,8,8,8,8,146,149,08:06,08:09,3,0,0.0,2,0.0,160.0,160.0,1,B154,pickup_service,Pickup,Pickup
87,2,Pickup,8,8,8,8,149,152,08:09,08:12,3,0,0.0,2,0.0,160.0,160.0,2,B134,pickup_service,Pickup,Pickup
87,3,Movement,8,4,8,4,152,163,08:12,08:23,11,11,39.54,0,0.0,160.0,120.46,2,B134,passenger_flight,Position,Delivery
87,4,Delivery,4,4,4,4,163,166,08:23,08:26,3,0,0.0,2,8.534,120.46,128.994,1,B134,delivery_service,Delivery,Delivery
87,5,Delivery,4,4,4,4,166,169,08:26,08:29,3,0,0.0,2,8.534,128.994,137.528,0,B154,delivery_service,Delivery,Delivery
87,6,Stay,4,4,4,4,169,260,08:29,10:00,91,0,0.0,91,22.472,137.528,160.0,0,B569,parking_charging,Position,Movement
87,7,Movement,4,10,4,10,260,272,10:00,10:12,12,12,42.86,0,0.0,160.0,117.14,0,B569,empty_repositioning,Position,Pickup
87,8,Pickup,10,10,10,10,272,275,10:12,10:15,3,0,0.0,2,8.534,117.14,125.674,1,B569,pickup_service,Pickup,Pickup
87,9,Pickup,10,10,10,10,275,278,10:15,10:18,3,0,0.0,2,8.534,125.674,134.208,2,B548,pickup_service,Pickup,Pickup
87,10,Movement,10,4,10,4,278,290,10:18,10:30,12,12,42.86,0,0.0,134.208,91.348,2,B548,passenger_flight,Position,Delivery
87,11,Delivery,4,4,4,4,290,293,10:30,10:33,3,0,0.0,2,8.534,91.348,99.882,1,B548,delivery_service,Delivery,Delivery
87,12,Delivery,4,4,4,4,293,296,10:33,10:36,3,0,0.0,2,8.534,99.882,108.416,0,B569,delivery_service,Delivery,Delivery
87,13,Stay,4,4,4,4,296,312,10:36,10:52,16,0,0.0,16,51.584,108.416,160.0,0,B793,parking_charging,Position,Pickup
87,14,Pickup,4,4,4,4,312,315,10:52,10:55,3,0,0.0,2,0.0,160.0,160.0,1,B793,pickup_service,Pickup,Pickup
87,15,Pickup,4,4,4,4,315,318,10:55,10:58,3,0,0.0,2,0.0,160.0,160.0,2,B774,pickup_service,Pickup,Pickup
87,16,Movement,4,7,4,7,318,325,10:58,11:05,7,7,21.43,0,0.0,160.0,138.57,2,B774,passenger_flight,Position,Delivery
87,17,Delivery,7,7,7,7,325,328,11:05,11:08,3,0,0.0,2,8.534,138.57,147.104,1,B774,delivery_service,Delivery,Delivery
87,18,Delivery,7,7,7,7,328,331,11:08,11:11,3,0,0.0,2,8.534,147.104,155.638,0,B793,delivery_service,Delivery,Delivery
87,19,Stay,7,7,7,7,331,333,11:11,11:13,2,0,0.0,2,4.362,155.638,160.0,0,B893,parking_charging,Position,Pickup
87,20,Pickup,7,7,7,7,333,336,11:13,11:16,3,0,0.0,2,0.0,160.0,160.0,1,B893,pickup_service,Pickup,Pickup
87,21,Movement,7,4,7,4,336,343,11:16,11:23,7,7,21.43,0,0.0,160.0,138.57,1,B893,passenger_flight,Position,Delivery
87,22,Delivery,4,4,4,4,343,346,11:23,11:26,3,0,0.0,2,8.534,138.57,147.104,0,B893,delivery_service,Delivery,Delivery
87,23,Stay,4,4,4,4,346,370,11:26,11:50,24,0,0.0,24,12.896,147.104,160.0,0,B1035,parking_charging,Position,Pickup
87,24,Pickup,4,4,4,4,370,373,11:50,11:53,3,0,0.0,2,0.0,160.0,160.0,1,B1035,pickup_service,Pickup,Pickup
87,25,Stay,4,4,4,4,373,376,11:53,11:56,3,0,0.0,3,0.0,160.0,160.0,1,B1056,parking_charging,Position,Pickup
87,26,Pickup,4,4,4,4,376,379,11:56,11:59,3,0,0.0,2,0.0,160.0,160.0,2,B1056,pickup_service,Pickup,Pickup
87,27,Movement,4,10,4,10,379,391,11:59,12:11,12,12,42.86,0,0.0,160.0,117.14,2,B1035,passenger_flight,Position,Delivery
87,28,Delivery,10,10,10,10,391,394,12:11,12:14,3,0,0.0,2,8.534,117.14,125.674,1,B1035,delivery_service,Delivery,Delivery
87,29,Delivery,10,10,10,10,394,397,12:14,12:17,3,0,0.0,2,8.534,125.674,134.208,0,B1056,delivery_service,Delivery,Delivery
87,30,Stay,10,10,10,10,397,577,12:17,15:17,180,0,0.0,180,25.792,134.208,160.0,0,B1658,parking_charging,Position,Pickup
87,31,Pickup,10,10,10,10,577,580,15:17,15:20,3,0,0.0,2,0.0,160.0,160.0,1,B1658,pickup_service,Pickup,Pickup
87,32,Stay,10,10,10,10,580,586,15:20,15:26,6,0,0.0,6,0.0,160.0,160.0,1,B1658,parking_charging,Position,Movement
87,33,Movement,10,3,10,3,586,601,15:26,15:41,15,15,54.92,0,0.0,160.0,105.08,1,B1658,passenger_flight,Position,Delivery
87,34,Delivery,3,3,3,3,601,604,15:41,15:44,3,0,0.0,2,8.534,105.08,113.614,0,B1658,delivery_service,Delivery,Delivery
87,35,Stay,3,3,3,3,604,630,15:44,16:10,26,0,0.0,26,46.386,113.614,160.0,0,B1910,parking_charging,Position,Pickup
87,36,Pickup,3,3,3,3,630,633,16:10,16:13,3,0,0.0,2,0.0,160.0,160.0,1,B1910,pickup_service,Pickup,Pickup
87,37,Pickup,3,3,3,3,633,636,16:13,16:16,3,0,0.0,2,0.0,160.0,160.0,2,B1878,pickup_service,Pickup,Pickup
87,38,Movement,3,5,3,5,636,644,16:16,16:24,8,8,23.93,0,0.0,160.0,136.07,2,B1878,passenger_flight,Position,Delivery
87,39,Delivery,5,5,5,5,644,647,16:24,16:27,3,0,0.0,2,8.534,136.07,144.604,1,B1878,delivery_service,Delivery,Delivery
87,40,Delivery,5,5,5,5,647,650,16:27,16:30,3,0,0.0,2,8.534,144.604,153.138,0,B1910,delivery_service,Delivery,Delivery
87,41,Stay,5,5,5,5,650,653,16:30,16:33,3,0,0.0,3,6.862,153.138,160.0,0,B2057,parking_charging,Position,Pickup
87,42,Pickup,5,5,5,5,653,656,16:33,16:36,3,0,0.0,2,0.0,160.0,160.0,1,B2057,pickup_service,Pickup,Pickup
87,43,Movement,5,10,5,10,656,666,16:36,16:46,10,10,33.52,0,0.0,160.0,126.48,1,B2057,passenger_flight,Position,Delivery
87,44,Delivery,10,10,10,10,666,669,16:46,16:49,3,0,0.0,2,8.534,126.48,135.014,0,B2057,delivery_service,Delivery,Delivery
87,45,Pickup,10,10,10,10,669,672,16:49,16:52,3,0,0.0,2,8.534,135.014,143.548,1,B2185,pickup_service,Pickup,Pickup
87,46,Pickup,10,10,10,10,672,675,16:52,16:55,3,0,0.0,2,8.534,143.548,152.082,2,B2170,pickup_service,Pickup,Pickup
87,47,Movement,10,3,10,3,675,690,16:55,17:10,15,15,54.92,0,0.0,152.082,97.162,2,B2185,passenger_flight,Position,Delivery
87,48,Delivery,3,3,3,3,690,693,17:10,17:13,3,0,0.0,2,8.534,97.162,105.696,1,B2185,delivery_service,Delivery,Delivery
87,49,Delivery,3,3,3,3,693,696,17:13,17:16,3,0,0.0,2,8.534,105.696,114.23,0,B2170,delivery_service,Delivery,Delivery
87,50,Stay,3,3,3,3,696,698,17:16,17:18,2,0,0.0,2,8.534,114.23,122.764,0,B2467,parking_charging,Position,Pickup
87,51,Pickup,3,3,3,3,698,701,17:18,17:21,3,0,0.0,2,8.534,122.764,131.298,2,B2467,pickup_service,Pickup,Pickup
87,52,Stay,3,3,3,3,701,709,17:21,17:29,8,0,0.0,8,28.702,131.298,160.0,2,B2467,parking_charging,Position,Movement
87,53,Movement,3,5,3,5,709,717,17:29,17:37,8,8,23.93,0,0.0,160.0,136.07,2,B2467,passenger_flight,Position,Delivery
87,54,Delivery,5,5,5,5,717,720,17:37,17:40,3,0,0.0,2,8.534,136.07,144.604,0,B2467,delivery_service,Delivery,Delivery
87,55,Stay,5,5,5,5,720,743,17:40,18:03,23,0,0.0,23,15.396,144.604,160.0,0,B2988,parking_charging,Position,Movement
87,56,Movement,5,6,5,6,743,750,18:03,18:10,7,7,12.76,0,0.0,160.0,147.24,0,B2988,empty_repositioning,Position,Pickup
87,57,Pickup,6,6,6,6,750,753,18:10,18:13,3,0,0.0,2,8.534,147.24,155.774,1,B2988,pickup_service,Pickup,Pickup
87,58,Movement,6,9,6,9,753,773,18:13,18:33,20,20,74.79,0,0.0,155.774,80.984,1,B2988,passenger_flight,Position,Delivery
87,59,Delivery,9,9,9,9,773,776,18:33,18:36,3,0,0.0,2,8.534,80.984,89.518,0,B2988,delivery_service,Delivery,Delivery
87,60,Movement,9,8,9,8,776,782,18:36,18:42,6,6,18.04,0,0.0,89.518,71.478,0,,return_to_depot,Position,Depot
88,0,Stay,9,9,9,9,0,268,05:40,10:08,268,0,0.0,268,0.0,160.0,160.0,0,B541,parking_charging,Position,Pickup
88,1,Pickup,9,9,9,9,268,271,10:08,10:11,3,0,0.0,2,0.0,160.0,160.0,1,B541,pickup_service,Pickup,Pickup
88,2,Movement,9,5,9,5,271,288,10:11,10:28,17,17,62.04,0,0.0,160.0,97.96,1,B541,passenger_flight,Position,Delivery
88,3,Delivery,5,5,5,5,288,291,10:28,10:31,3,0,0.0,2,8.534,97.96,106.494,0,B541,delivery_service,Delivery,Delivery
88,4,Stay,5,5,5,5,291,297,10:31,10:37,6,0,0.0,6,25.602,106.494,132.096,0,B709,parking_charging,Position,Pickup
88,5,Pickup,5,5,5,5,297,300,10:37,10:40,3,0,0.0,2,8.534,132.096,140.63,1,B709,pickup_service,Pickup,Pickup
88,6,Stay,5,5,5,5,300,306,10:40,10:46,6,0,0.0,6,19.37,140.63,160.0,1,B709,parking_charging,Position,Movement
88,7,Movement,5,1,5,1,306,314,10:46,10:54,8,8,14.88,0,0.0,160.0,145.12,1,B709,passenger_flight,Position,Delivery
88,8,Delivery,1,1,1,1,314,317,10:54,10:57,3,0,0.0,2,8.534,145.12,153.654,0,B709,delivery_service,Delivery,Delivery
88,9,Stay,1,1,1,1,317,500,10:57,14:00,183,0,0.0,183,6.346,153.654,160.0,0,B1344,parking_charging,Position,Movement
88,10,Movement,1,2,1,2,500,507,14:00,14:07,7,7,13.61,0,0.0,160.0,146.39,0,B1344,empty_repositioning,Position,Pickup
88,11,Pickup,2,2,2,2,507,510,14:07,14:10,3,0,0.0,2,8.534,146.39,154.924,1,B1344,pickup_service,Pickup,Pickup
88,12,Movement,2,4,2,4,510,516,14:10,14:16,6,6,16.13,0,0.0,154.924,138.794,1,B1344,passenger_flight,Position,Delivery
88,13,Delivery,4,4,4,4,516,519,14:16,14:19,3,0,0.0,2,8.534,138.794,147.328,0,B1344,delivery_service,Delivery,Delivery
88,14,Stay,4,4,4,4,519,523,14:19,14:23,4,0,0.0,4,12.672,147.328,160.0,0,B1434,parking_charging,Position,Pickup
88,15,Pickup,4,4,4,4,523,526,14:23,14:26,3,0,0.0,2,0.0,160.0,160.0,1,B1434,pickup_service,Pickup,Pickup
88,16,Movement,4,7,4,7,526,533,14:26,14:33,7,7,21.43,0,0.0,160.0,138.57,1,B1434,passenger_flight,Position,Delivery
88,17,Delivery,7,7,7,7,533,536,14:33,14:36,3,0,0.0,2,8.534,138.57,147.104,0,B1434,delivery_service,Delivery,Delivery
88,18,Stay,7,7,7,7,536,624,14:36,16:04,88,0,0.0,88,12.896,147.104,160.0,0,B1913,parking_charging,Position,Movement
88,19,Movement,7,1,7,1,624,631,16:04,16:11,7,7,21.03,0,0.0,160.0,138.97,0,B1913,empty_repositioning,Position,Pickup
88,20,Pickup,1,1,1,1,631,634,16:11,16:14,3,0,0.0,2,8.534,138.97,147.504,1,B1913,pickup_service,Pickup,Pickup
88,21,Pickup,1,1,1,1,634,637,16:14,16:17,3,0,0.0,2,8.534,147.504,156.038,2,B1935,pickup_service,Pickup,Pickup
88,22,Movement,1,7,1,7,637,644,16:17,16:24,7,7,21.03,0,0.0,156.038,135.008,2,B1913,passenger_flight,Position,Delivery
88,23,Delivery,7,7,7,7,644,647,16:24,16:27,3,0,0.0,2,8.534,135.008,143.542,1,B1913,delivery_service,Delivery,Delivery
88,24,Delivery,7,7,7,7,647,650,16:27,16:30,3,0,0.0,2,8.534,143.542,152.076,0,B1935,delivery_service,Delivery,Delivery
88,25,Stay,7,7,7,7,650,656,16:30,16:36,6,0,0.0,6,7.924,152.076,160.0,0,B2075,parking_charging,Position,Pickup
88,26,Pickup,7,7,7,7,656,659,16:36,16:39,3,0,0.0,2,0.0,160.0,160.0,1,B2075,pickup_service,Pickup,Pickup
88,27,Stay,7,7,7,7,659,666,16:39,16:46,7,0,0.0,7,0.0,160.0,160.0,1,B2075,parking_charging,Position,Movement
88,28,Movement,7,4,7,4,666,673,16:46,16:53,7,7,21.43,0,0.0,160.0,138.57,1,B2075,passenger_flight,Position,Delivery
88,29,Delivery,4,4,4,4,673,676,16:53,16:56,3,0,0.0,2,8.534,138.57,147.104,0,B2075,delivery_service,Delivery,Delivery
88,30,Pickup,4,4,4,4,676,679,16:56,16:59,3,0,0.0,2,8.534,147.104,155.638,1,B2205,pickup_service,Pickup,Pickup
88,31,Stay,4,4,4,4,679,682,16:59,17:02,3,0,0.0,3,4.362,155.638,160.0,1,B2205,parking_charging,Position,Movement
88,32,Movement,4,2,4,2,682,688,17:02,17:08,6,6,16.13,0,0.0,160.0,143.87,1,B2205,passenger_flight,Position,Delivery
88,33,Delivery,2,2,2,2,688,691,17:08,17:11,3,0,0.0,2,8.534,143.87,152.404,0,B2205,delivery_service,Delivery,Delivery
88,34,Stay,2,2,2,2,691,716,17:11,17:36,25,0,0.0,25,7.596,152.404,160.0,0,B2656,parking_charging,Position,Pickup
88,35,Pickup,2,2,2,2,716,719,17:36,17:39,3,0,0.0,2,0.0,160.0,160.0,2,B2656,pickup_service,Pickup,Pickup
88,36,Pickup,2,2,2,2,719,722,17:39,17:42,3,0,0.0,2,0.0,160.0,160.0,4,B2648,pickup_service,Pickup,Pickup
88,37,Movement,2,4,2,4,722,728,17:42,17:48,6,6,16.13,0,0.0,160.0,143.87,4,B2656,passenger_flight,Position,Delivery
88,38,Delivery,4,4,4,4,728,731,17:48,17:51,3,0,0.0,2,8.534,143.87,152.404,2,B2656,delivery_service,Delivery,Delivery
88,39,Delivery,4,4,4,4,731,734,17:51,17:54,3,0,0.0,2,7.596,152.404,160.0,0,B2648,delivery_service,Delivery,Delivery
88,40,Stay,4,4,4,4,734,738,17:54,17:58,4,0,0.0,4,0.0,160.0,160.0,0,B2904,parking_charging,Position,Pickup
88,41,Pickup,4,4,4,4,738,741,17:58,18:01,3,0,0.0,2,0.0,160.0,160.0,1,B2904,pickup_service,Pickup,Pickup
88,42,Stay,4,4,4,4,741,744,18:01,18:04,3,0,0.0,3,0.0,160.0,160.0,1,B2904,parking_charging,Position,Movement
88,43,Movement,4,2,4,2,744,750,18:04,18:10,6,6,16.13,0,0.0,160.0,143.87,1,B2904,passenger_flight,Position,Delivery
88,44,Delivery,2,2,2,2,750,753,18:10,18:13,3,0,0.0,2,8.534,143.87,152.404,0,B2904,delivery_service,Delivery,Delivery
88,45,Pickup,2,2,2,2,753,756,18:13,18:16,3,0,0.0,2,7.596,152.404,160.0,1,B2955,pickup_service,Pickup,Pickup
88,46,Movement,2,4,2,4,756,762,18:16,18:22,6,6,16.13,0,0.0,160.0,143.87,1,B2955,passenger_flight,Position,Delivery
88,47,Delivery,4,4,4,4,762,765,18:22,18:25,3,0,0.0,2,8.534,143.87,152.404,0,B2955,delivery_service,Delivery,Delivery
88,48,Pickup,4,4,4,4,765,768,18:25,18:28,3,0,0.0,2,7.596,152.404,160.0,1,B3073,pickup_service,Pickup,Pickup
88,49,Pickup,4,4,4,4,768,771,18:28,18:31,3,0,0.0,2,0.0,160.0,160.0,2,B3059,pickup_service,Pickup,Pickup
88,50,Movement,4,7,4,7,771,778,18:31,18:38,7,7,21.43,0,0.0,160.0,138.57,2,B3059,passenger_flight,Position,Delivery
88,51,Delivery,7,7,7,7,778,781,18:38,18:41,3,0,0.0,2,8.534,138.57,147.104,1,B3059,delivery_service,Delivery,Delivery
88,52,Delivery,7,7,7,7,781,784,18:41,18:44,3,0,0.0,2,8.534,147.104,155.638,0,B3073,delivery_service,Delivery,Delivery
88,53,Movement,7,2,7,2,784,790,18:44,18:50,6,6,10.2,0,0.0,155.638,145.438,0,B3201,empty_repositioning,Position,Pickup
88,54,Pickup,2,2,2,2,790,793,18:50,18:53,3,0,0.0,2,8.534,145.438,153.972,1,B3201,pickup_service,Pickup,Pickup
88,55,Movement,2,6,2,6,793,804,18:53,19:04,11,11,37.0,0,0.0,153.972,116.972,1,B3201,passenger_flight,Position,Delivery
88,56,Delivery,6,6,6,6,804,807,19:04,19:07,3,0,0.0,2,8.534,116.972,125.506,0,B3201,delivery_service,Delivery,Delivery
88,57,Movement,6,9,6,9,807,827,19:07,19:27,20,20,74.79,0,0.0,125.506,50.716,0,,return_to_depot,Position,Depot
89,0,Stay,10,10,10,10,0,140,05:40,08:00,140,0,0.0,140,0.0,160.0,160.0,0,B120,parking_charging,Position,Pickup
89,1,Pickup,10,10,10,10,140,143,08:00,08:03,3,0,0.0,2,0.0,160.0,160.0,1,B120,pickup_service,Pickup,Pickup
89,2,Movement,10,9,10,9,143,162,08:03,08:22,19,19,69.89,0,0.0,160.0,90.11,1,B120,passenger_flight,Position,Delivery
89,3,Delivery,9,9,9,9,162,165,08:22,08:25,3,0,0.0,2,8.534,90.11,98.644,0,B120,delivery_service,Delivery,Delivery
89,4,Stay,9,9,9,9,165,300,08:25,10:40,135,0,0.0,135,61.356,98.644,160.0,0,B722,parking_charging,Position,Pickup
89,5,Pickup,9,9,9,9,300,303,10:40,10:43,3,0,0.0,2,0.0,160.0,160.0,1,B722,pickup_service,Pickup,Pickup
89,6,Pickup,9,9,9,9,303,306,10:43,10:46,3,0,0.0,2,0.0,160.0,160.0,2,B734,pickup_service,Pickup,Pickup
89,7,Movement,9,3,9,3,306,321,10:46,11:01,15,15,52.78,0,0.0,160.0,107.22,2,B722,passenger_flight,Position,Delivery
89,8,Delivery,3,3,3,3,321,324,11:01,11:04,3,0,0.0,2,8.534,107.22,115.754,1,B722,delivery_service,Delivery,Delivery
89,9,Movement,3,1,3,1,324,330,11:04,11:10,6,6,9.61,0,0.0,115.754,106.144,1,B734,passenger_flight,Position,Delivery
89,10,Delivery,1,1,1,1,330,333,11:10,11:13,3,0,0.0,2,8.534,106.144,114.678,0,B734,delivery_service,Delivery,Delivery
89,11,Stay,1,1,1,1,333,500,11:13,14:00,167,0,0.0,167,45.322,114.678,160.0,0,B1359,parking_charging,Position,Movement
89,12,Movement,1,8,1,8,500,512,14:00,14:12,12,12,41.05,0,0.0,160.0,118.95,0,B1359,empty_repositioning,Position,Pickup
89,13,Pickup,8,8,8,8,512,515,14:12,14:15,3,0,0.0,2,8.534,118.95,127.484,1,B1359,pickup_service,Pickup,Pickup
89,14,Movement,8,4,8,4,515,526,14:15,14:26,11,11,39.54,0,0.0,127.484,87.944,1,B1359,passenger_flight,Position,Delivery
89,15,Delivery,4,4,4,4,526,529,14:26,14:29,3,0,0.0,2,8.534,87.944,96.478,0,B1359,delivery_service,Delivery,Delivery
89,16,Stay,4,4,4,4,529,534,14:29,14:34,5,0,0.0,5,21.335,96.478,117.813,0,B1486,parking_charging,Position,Pickup
89,17,Pickup,4,4,4,4,534,537,14:34,14:37,3,0,0.0,2,8.534,117.813,126.347,1,B1486,pickup_service,Pickup,Pickup
89,18,Pickup,4,4,4,4,537,540,14:37,14:40,3,0,0.0,2,8.534,126.347,134.881,2,B1481,pickup_service,Pickup,Pickup
89,19,Movement,4,2,4,2,540,546,14:40,14:46,6,6,16.13,0,0.0,134.881,118.751,2,B1481,passenger_flight,Position,Delivery
89,20,Delivery,2,2,2,2,546,549,14:46,14:49,3,0,0.0,2,8.534,118.751,127.285,1,B1481,delivery_service,Delivery,Delivery
89,21,Delivery,2,2,2,2,549,552,14:49,14:52,3,0,0.0,2,8.534,127.285,135.819,0,B1486,delivery_service,Delivery,Delivery
89,22,Stay,2,2,2,2,552,560,14:52,15:00,8,0,0.0,8,24.181,135.819,160.0,0,B1588,parking_charging,Position,Pickup
89,23,Pickup,2,2,2,2,560,563,15:00,15:03,3,0,0.0,2,0.0,160.0,160.0,1,B1588,pickup_service,Pickup,Pickup
89,24,Stay,2,2,2,2,563,567,15:03,15:07,4,0,0.0,4,0.0,160.0,160.0,1,B1618,parking_charging,Position,Pickup
89,25,Pickup,2,2,2,2,567,570,15:07,15:10,3,0,0.0,2,0.0,160.0,160.0,2,B1618,pickup_service,Pickup,Pickup
89,26,Movement,2,5,2,5,570,578,15:10,15:18,8,8,27.57,0,0.0,160.0,132.43,2,B1588,passenger_flight,Position,Delivery
89,27,Delivery,5,5,5,5,578,581,15:18,15:21,3,0,0.0,2,8.534,132.43,140.964,1,B1588,delivery_service,Delivery,Delivery
89,28,Movement,5,6,5,6,581,588,15:21,15:28,7,7,12.76,0,0.0,140.964,128.204,1,B1618,passenger_flight,Position,Delivery
89,29,Delivery,6,6,6,6,588,591,15:28,15:31,3,0,0.0,2,8.534,128.204,136.738,0,B1618,delivery_service,Delivery,Delivery
89,30,Pickup,6,6,6,6,591,594,15:31,15:34,3,0,0.0,2,8.534,136.738,145.272,1,B1696,pickup_service,Pickup,Pickup
89,31,Pickup,6,6,6,6,594,597,15:34,15:37,3,0,0.0,2,8.534,145.272,153.806,2,B1729,pickup_service,Pickup,Pickup
89,32,Movement,6,3,6,3,597,607,15:37,15:47,10,10,32.98,0,0.0,153.806,120.826,2,B1696,passenger_flight,Position,Delivery
89,33,Delivery,3,3,3,3,607,610,15:47,15:50,3,0,0.0,2,8.534,120.826,129.36,1,B1696,delivery_service,Delivery,Delivery
89,34,Delivery,3,3,3,3,610,613,15:50,15:53,3,0,0.0,2,8.534,129.36,137.894,0,B1729,delivery_service,Delivery,Delivery
89,35,Stay,3,3,3,3,613,614,15:53,15:54,1,0,0.0,1,4.267,137.894,142.161,0,B1815,parking_charging,Position,Pickup
89,36,Pickup,3,3,3,3,614,617,15:54,15:57,3,0,0.0,2,8.534,142.161,150.695,1,B1815,pickup_service,Pickup,Pickup
89,37,Stay,3,3,3,3,617,624,15:57,16:04,7,0,0.0,7,9.305,150.695,160.0,1,B1815,parking_charging,Position,Movement
89,38,Movement,3,6,3,6,624,634,16:04,16:14,10,10,32.98,0,0.0,160.0,127.02,1,B1815,passenger_flight,Position,Delivery
89,39,Delivery,6,6,6,6,634,637,16:14,16:17,3,0,0.0,2,8.534,127.02,135.554,0,B1815,delivery_service,Delivery,Delivery
89,40,Pickup,6,6,6,6,637,640,16:17,16:20,3,0,0.0,2,8.534,135.554,144.088,1,B1926,pickup_service,Pickup,Pickup
89,41,Movement,6,7,6,7,640,652,16:20,16:32,12,12,43.48,0,0.0,144.088,100.608,1,B1926,passenger_flight,Position,Delivery
89,42,Delivery,7,7,7,7,652,655,16:32,16:35,3,0,0.0,2,8.534,100.608,109.142,0,B1926,delivery_service,Delivery,Delivery
89,43,Pickup,7,7,7,7,655,658,16:35,16:38,3,0,0.0,2,8.534,109.142,117.676,1,B2058,pickup_service,Pickup,Pickup
89,44,Pickup,7,7,7,7,658,661,16:38,16:41,3,0,0.0,2,8.534,117.676,126.21,2,B2090,pickup_service,Pickup,Pickup
89,45,Movement,7,4,7,4,661,668,16:41,16:48,7,7,21.43,0,0.0,126.21,104.78,2,B2058,passenger_flight,Position,Delivery
89,46,Delivery,4,4,4,4,668,671,16:48,16:51,3,0,0.0,2,8.534,104.78,113.314,1,B2058,delivery_service,Delivery,Delivery
89,47,Delivery,4,4,4,4,671,674,16:51,16:54,3,0,0.0,2,8.534,113.314,121.848,0,B2090,delivery_service,Delivery,Delivery
89,48,Pickup,4,4,4,4,674,677,16:54,16:57,3,0,0.0,2,8.534,121.848,130.382,1,B2165,pickup_service,Pickup,Pickup
89,49,Movement,4,2,4,2,677,683,16:57,17:03,6,6,16.13,0,0.0,130.382,114.252,1,B2165,passenger_flight,Position,Delivery
89,50,Delivery,2,2,2,2,683,686,17:03,17:06,3,0,0.0,2,8.534,114.252,122.786,0,B2165,delivery_service,Delivery,Delivery
89,51,Stay,2,2,2,2,686,720,17:06,17:40,34,0,0.0,34,37.214,122.786,160.0,0,B2617,parking_charging,Position,Pickup
89,52,Pickup,2,2,2,2,720,723,17:40,17:43,3,0,0.0,2,0.0,160.0,160.0,1,B2617,pickup_service,Pickup,Pickup
89,53,Movement,2,4,2,4,723,729,17:43,17:49,6,6,16.13,0,0.0,160.0,143.87,1,B2617,passenger_flight,Position,Delivery
89,54,Delivery,4,4,4,4,729,732,17:49,17:52,3,0,0.0,2,8.534,143.87,152.404,0,B2617,delivery_service,Delivery,Delivery
89,55,Movement,4,1,4,1,732,736,17:52,17:56,4,4,4.98,0,0.0,152.404,147.424,0,B2788,empty_repositioning,Position,Pickup
89,56,Pickup,1,1,1,1,736,739,17:56,17:59,3,0,0.0,2,8.534,147.424,155.958,1,B2788,pickup_service,Pickup,Pickup
89,57,Movement,1,5,1,5,739,747,17:59,18:07,8,8,14.88,0,0.0,155.958,141.078,1,B2788,passenger_flight,Position,Delivery
89,58,Delivery,5,5,5,5,747,750,18:07,18:10,3,0,0.0,2,8.534,141.078,149.612,0,B2788,delivery_service,Delivery,Delivery
89,59,Stay,5,5,5,5,750,760,18:10,18:20,10,0,0.0,10,10.388,149.612,160.0,0,B3062,parking_charging,Position,Movement
89,60,Movement,5,6,5,6,760,767,18:20,18:27,7,7,12.76,0,0.0,160.0,147.24,0,B3062,empty_repositioning,Position,Pickup
89,61,Pickup,6,6,6,6,767,770,18:27,18:30,3,0,0.0,2,8.534,147.24,155.774,1,B3062,pickup_service,Pickup,Pickup
89,62,Movement,6,9,6,9,770,790,18:30,18:50,20,20,74.79,0,0.0,155.774,80.984,1,B3062,passenger_flight,Position,Delivery
89,63,Delivery,9,9,9,9,790,793,18:50,18:53,3,0,0.0,2,8.534,80.984,89.518,0,B3062,delivery_service,Delivery,Delivery
89,64,Movement,9,10,9,10,793,812,18:53,19:12,19,19,69.89,0,0.0,89.518,19.628,0,,return_to_depot,Position,Depot
90,0,Stay,1,1,1,1,0,505,05:40,14:05,505,0,0.0,505,0.0,160.0,160.0,0,B1353,parking_charging,Position,Pickup
90,1,Pickup,1,1,1,1,505,508,14:05,14:08,3,0,0.0,2,0.0,160.0,160.0,1,B1353,pickup_service,Pickup,Pickup
90,2,Movement,1,10,1,10,508,521,14:08,14:21,13,13,47.44,0,0.0,160.0,112.56,1,B1353,passenger_flight,Position,Delivery
90,3,Delivery,10,10,10,10,521,524,14:21,14:24,3,0,0.0,2,8.534,112.56,121.094,0,B1353,delivery_service,Delivery,Delivery
90,4,Stay,10,10,10,10,524,580,14:24,15:20,56,0,0.0,56,38.906,121.094,160.0,0,B1640,parking_charging,Position,Pickup
90,5,Pickup,10,10,10,10,580,583,15:20,15:23,3,0,0.0,2,0.0,160.0,160.0,1,B1640,pickup_service,Pickup,Pickup
90,6,Movement,10,3,10,3,583,598,15:23,15:38,15,15,54.92,0,0.0,160.0,105.08,1,B1640,passenger_flight,Position,Delivery
90,7,Delivery,3,3,3,3,598,601,15:38,15:41,3,0,0.0,2,8.534,105.08,113.614,0,B1640,delivery_service,Delivery,Delivery
90,8,Movement,3,2,3,2,601,604,15:41,15:44,3,3,4.08,0,0.0,113.614,109.534,0,B1775,empty_repositioning,Position,Pickup
90,9,Pickup,2,2,2,2,604,607,15:44,15:47,3,0,0.0,2,8.534,109.534,118.068,1,B1775,pickup_service,Pickup,Pickup
90,10,Stay,2,2,2,2,607,609,15:47,15:49,2,0,0.0,2,8.534,118.068,126.602,1,B1796,parking_charging,Position,Pickup
90,11,Pickup,2,2,2,2,609,612,15:49,15:52,3,0,0.0,2,8.534,126.602,135.136,2,B1796,pickup_service,Pickup,Pickup
90,12,Movement,2,5,2,5,612,620,15:52,16:00,8,8,27.57,0,0.0,135.136,107.566,2,B1775,passenger_flight,Position,Delivery
90,13,Delivery,5,5,5,5,620,623,16:00,16:03,3,0,0.0,2,8.534,107.566,116.1,1,B1775,delivery_service,Delivery,Delivery
90,14,Movement,5,6,5,6,623,630,16:03,16:10,7,7,12.76,0,0.0,116.1,103.34,1,B1796,passenger_flight,Position,Delivery
90,15,Delivery,6,6,6,6,630,633,16:10,16:13,3,0,0.0,2,8.534,103.34,111.874,0,B1796,delivery_service,Delivery,Delivery
90,16,Pickup,6,6,6,6,633,636,16:13,16:16,3,0,0.0,2,8.534,111.874,120.408,1,B1888,pickup_service,Pickup,Pickup
90,17,Movement,6,7,6,7,636,648,16:16,16:28,12,12,43.48,0,0.0,120.408,76.928,1,B1888,passenger_flight,Position,Delivery
90,18,Delivery,7,7,7,7,648,651,16:28,16:31,3,0,0.0,2,8.534,76.928,85.462,0,B1888,delivery_service,Delivery,Delivery
90,19,Stay,7,7,7,7,651,662,16:31,16:42,11,0,0.0,11,46.937,85.462,132.399,0,B2122,parking_charging,Position,Pickup
90,20,Pickup,7,7,7,7,662,665,16:42,16:45,3,0,0.0,2,8.534,132.399,140.933,1,B2122,pickup_service,Pickup,Pickup
90,21,Movement,7,1,7,1,665,672,16:45,16:52,7,7,21.03,0,0.0,140.933,119.903,1,B2122,passenger_flight,Position,Delivery
90,22,Delivery,1,1,1,1,672,675,16:52,16:55,3,0,0.0,2,8.534,119.903,128.437,0,B2122,delivery_service,Delivery,Delivery
90,23,Stay,1,1,1,1,675,676,16:55,16:56,1,0,0.0,1,4.267,128.437,132.704,0,B2232,parking_charging,Position,Pickup
90,24,Pickup,1,1,1,1,676,679,16:56,16:59,3,0,0.0,2,8.534,132.704,141.238,1,B2232,pickup_service,Pickup,Pickup
90,25,Movement,1,3,1,3,679,685,16:59,17:05,6,6,9.61,0,0.0,141.238,131.628,1,B2232,passenger_flight,Position,Delivery
90,26,Delivery,3,3,3,3,685,688,17:05,17:08,3,0,0.0,2,8.534,131.628,140.162,0,B2232,delivery_service,Delivery,Delivery
90,27,Stay,3,3,3,3,688,718,17:08,17:38,30,0,0.0,30,19.838,140.162,160.0,0,B2680,parking_charging,Position,Pickup
90,28,Pickup,3,3,3,3,718,721,17:38,17:41,3,0,0.0,2,0.0,160.0,160.0,2,B2680,pickup_service,Pickup,Pickup
90,29,Stay,3,3,3,3,721,727,17:41,17:47,6,0,0.0,6,0.0,160.0,160.0,2,B2680,parking_charging,Position,Movement
90,30,Movement,3,4,3,4,727,734,17:47,17:54,7,7,12.6,0,0.0,160.0,147.4,2,B2680,passenger_flight,Position,Delivery
90,31,Delivery,4,4,4,4,734,737,17:54,17:57,3,0,0.0,2,8.534,147.4,155.934,0,B2680,delivery_service,Delivery,Delivery
90,32,Stay,4,4,4,4,737,752,17:57,18:12,15,0,0.0,15,4.066,155.934,160.0,0,B3002,parking_charging,Position,Pickup
90,33,Pickup,4,4,4,4,752,755,18:12,18:15,3,0,0.0,2,0.0,160.0,160.0,1,B3002,pickup_service,Pickup,Pickup
90,34,Stay,4,4,4,4,755,758,18:15,18:18,3,0,0.0,3,0.0,160.0,160.0,1,B3033,parking_charging,Position,Pickup
90,35,Pickup,4,4,4,4,758,761,18:18,18:21,3,0,0.0,2,0.0,160.0,160.0,2,B3033,pickup_service,Pickup,Pickup
90,36,Movement,4,3,4,3,761,768,18:21,18:28,7,7,12.6,0,0.0,160.0,147.4,2,B3002,passenger_flight,Position,Delivery
90,37,Delivery,3,3,3,3,768,771,18:28,18:31,3,0,0.0,2,8.534,147.4,155.934,1,B3002,delivery_service,Delivery,Delivery
90,38,Delivery,3,3,3,3,771,774,18:31,18:34,3,0,0.0,2,4.066,155.934,160.0,0,B3033,delivery_service,Delivery,Delivery
90,39,Stay,3,3,3,3,774,780,18:34,18:40,6,0,0.0,6,0.0,160.0,160.0,0,B3193,parking_charging,Position,Movement
90,40,Movement,3,1,3,1,780,786,18:40,18:46,6,6,9.61,0,0.0,160.0,150.39,0,B3193,empty_repositioning,Position,Pickup
90,41,Pickup,1,1,1,1,786,789,18:46,18:49,3,0,0.0,2,8.534,150.39,158.924,1,B3193,pickup_service,Pickup,Pickup
90,42,Pickup,1,1,1,1,789,792,18:49,18:52,3,0,0.0,2,1.076,158.924,160.0,2,B3176,pickup_service,Pickup,Pickup
90,43,Movement,1,2,1,2,792,799,18:52,18:59,7,7,13.61,0,0.0,160.0,146.39,2,B3176,passenger_flight,Position,Delivery
90,44,Delivery,2,2,2,2,799,802,18:59,19:02,3,0,0.0,2,8.534,146.39,154.924,1,B3176,delivery_service,Delivery,Delivery
90,45,Delivery,2,2,2,2,802,805,19:02,19:05,3,0,0.0,2,5.076,154.924,160.0,0,B3193,delivery_service,Delivery,Delivery
90,46,Pickup,2,2,2,2,805,808,19:05,19:08,3,0,0.0,2,0.0,160.0,160.0,1,B3313,pickup_service,Pickup,Pickup
90,47,Movement,2,4,2,4,808,814,19:08,19:14,6,6,16.13,0,0.0,160.0,143.87,1,B3313,passenger_flight,Position,Delivery
90,48,Delivery,4,4,4,4,814,817,19:14,19:17,3,0,0.0,2,8.534,143.87,152.404,0,B3313,delivery_service,Delivery,Delivery
90,49,Movement,4,1,4,1,817,821,19:17,19:21,4,4,4.98,0,0.0,152.404,147.424,0,,return_to_depot,Position,Depot
91,0,Stay,2,2,2,2,0,198,05:40,08:58,198,0,0.0,198,0.0,160.0,160.0,0,B345,parking_charging,Position,Pickup
91,1,Pickup,2,2,2,2,198,201,08:58,09:01,3,0,0.0,2,0.0,160.0,160.0,1,B345,pickup_service,Pickup,Pickup
91,2,Stay,2,2,2,2,201,207,09:01,09:07,6,0,0.0,6,0.0,160.0,160.0,1,B345,parking_charging,Position,Movement
91,3,Movement,2,4,2,4,207,213,09:07,09:13,6,6,16.13,0,0.0,160.0,143.87,1,B345,passenger_flight,Position,Delivery
91,4,Delivery,4,4,4,4,213,216,09:13,09:16,3,0,0.0,2,8.534,143.87,152.404,0,B345,delivery_service,Delivery,Delivery
91,5,Stay,4,4,4,4,216,260,09:16,10:00,44,0,0.0,44,7.596,152.404,160.0,0,B542,parking_charging,Position,Movement
91,6,Movement,4,10,4,10,260,272,10:00,10:12,12,12,42.86,0,0.0,160.0,117.14,0,B542,empty_repositioning,Position,Pickup
91,7,Pickup,10,10,10,10,272,275,10:12,10:15,3,0,0.0,2,8.534,117.14,125.674,1,B542,pickup_service,Pickup,Pickup
91,8,Pickup,10,10,10,10,275,278,10:15,10:18,3,0,0.0,2,8.534,125.674,134.208,2,B528,pickup_service,Pickup,Pickup
91,9,Movement,10,3,10,3,278,293,10:18,10:33,15,15,54.92,0,0.0,134.208,79.288,2,B528,passenger_flight,Position,Delivery
91,10,Delivery,3,3,3,3,293,296,10:33,10:36,3,0,0.0,2,8.534,79.288,87.822,1,B528,delivery_service,Delivery,Delivery
91,11,Delivery,3,3,3,3,296,299,10:36,10:39,3,0,0.0,2,8.534,87.822,96.356,0,B542,delivery_service,Delivery,Delivery
91,12,Pickup,3,3,3,3,299,302,10:39,10:42,3,0,0.0,2,8.534,96.356,104.89,1,B689,pickup_service,Pickup,Pickup
91,13,Movement,3,5,3,5,302,310,10:42,10:50,8,8,23.93,0,0.0,104.89,80.96,1,B689,passenger_flight,Position,Delivery
91,14,Delivery,5,5,5,5,310,313,10:50,10:53,3,0,0.0,2,8.534,80.96,89.494,0,B689,delivery_service,Delivery,Delivery
91,15,Stay,5,5,5,5,313,317,10:53,10:57,4,0,0.0,4,17.068,89.494,106.562,0,B816,parking_charging,Position,Pickup
91,16,Pickup,5,5,5,5,317,320,10:57,11:00,3,0,0.0,2,8.534,106.562,115.096,1,B816,pickup_service,Pickup,Pickup
91,17,Movement,5,1,5,1,320,328,11:00,11:08,8,8,14.88,0,0.0,115.096,100.216,1,B816,passenger_flight,Position,Delivery
91,18,Delivery,1,1,1,1,328,331,11:08,11:11,3,0,0.0,2,8.534,100.216,108.75,0,B816,delivery_service,Delivery,Delivery
91,19,Stay,1,1,1,1,331,515,11:11,14:15,184,0,0.0,184,51.25,108.75,160.0,0,B1397,parking_charging,Position,Pickup
91,20,Pickup,1,1,1,1,515,518,14:15,14:18,3,0,0.0,2,0.0,160.0,160.0,1,B1397,pickup_service,Pickup,Pickup
91,21,Stay,1,1,1,1,518,524,14:18,14:24,6,0,0.0,6,0.0,160.0,160.0,1,B1397,parking_charging,Position,Movement
91,22,Movement,1,10,1,10,524,537,14:24,14:37,13,13,47.44,0,0.0,160.0,112.56,1,B1397,passenger_flight,Position,Delivery
91,23,Delivery,10,10,10,10,537,540,14:37,14:40,3,0,0.0,2,8.534,112.56,121.094,0,B1397,delivery_service,Delivery,Delivery
91,24,Stay,10,10,10,10,540,584,14:40,15:24,44,0,0.0,44,38.906,121.094,160.0,0,B1679,parking_charging,Position,Pickup
91,25,Pickup,10,10,10,10,584,587,15:24,15:27,3,0,0.0,2,0.0,160.0,160.0,1,B1679,pickup_service,Pickup,Pickup
91,26,Movement,10,3,10,3,587,602,15:27,15:42,15,15,54.92,0,0.0,160.0,105.08,1,B1679,passenger_flight,Position,Delivery
91,27,Delivery,3,3,3,3,602,605,15:42,15:45,3,0,0.0,2,8.534,105.08,113.614,0,B1679,delivery_service,Delivery,Delivery
91,28,Stay,3,3,3,3,605,620,15:45,16:00,15,0,0.0,15,46.386,113.614,160.0,0,B1817,parking_charging,Position,Pickup
91,29,Pickup,3,3,3,3,620,623,16:00,16:03,3,0,0.0,2,0.0,160.0,160.0,1,B1817,pickup_service,Pickup,Pickup
91,30,Movement,3,5,3,5,623,631,16:03,16:11,8,8,23.93,0,0.0,160.0,136.07,1,B1817,passenger_flight,Position,Delivery
91,31,Delivery,5,5,5,5,631,634,16:11,16:14,3,0,0.0,2,8.534,136.07,144.604,0,B1817,delivery_service,Delivery,Delivery
91,32,Stay,5,5,5,5,634,640,16:14,16:20,6,0,0.0,6,15.396,144.604,160.0,0,B2040,parking_charging,Position,Movement
91,33,Movement,5,7,5,7,640,650,16:20,16:30,10,10,32.24,0,0.0,160.0,127.76,0,B2040,empty_repositioning,Position,Pickup
91,34,Pickup,7,7,7,7,650,653,16:30,16:33,3,0,0.0,2,8.534,127.76,136.294,1,B2040,pickup_service,Pickup,Pickup
91,35,Stay,7,7,7,7,653,657,16:33,16:37,4,0,0.0,4,17.068,136.294,153.362,1,B2082,parking_charging,Position,Pickup
91,36,Pickup,7,7,7,7,657,660,16:37,16:40,3,0,0.0,2,6.638,153.362,160.0,2,B2082,pickup_service,Pickup,Pickup
91,37,Movement,7,6,7,6,660,672,16:40,16:52,12,12,43.48,0,0.0,160.0,116.52,2,B2040,passenger_flight,Position,Delivery
91,38,Delivery,6,6,6,6,672,675,16:52,16:55,3,0,0.0,2,8.534,116.52,125.054,1,B2040,delivery_service,Delivery,Delivery
91,39,Delivery,6,6,6,6,675,678,16:55,16:58,3,0,0.0,2,8.534,125.054,133.588,0,B2082,delivery_service,Delivery,Delivery
91,40,Stay,6,6,6,6,678,680,16:58,17:00,2,0,0.0,2,8.534,133.588,142.122,0,B2268,parking_charging,Position,Pickup
91,41,Pickup,6,6,6,6,680,683,17:00,17:03,3,0,0.0,2,8.534,142.122,150.656,1,B2268,pickup_service,Pickup,Pickup
91,42,Movement,6,4,6,4,683,690,17:03,17:10,7,7,22.06,0,0.0,150.656,128.596,1,B2309,passenger_flight,Position,Pickup
91,43,Pickup,4,4,4,4,690,693,17:10,17:13,3,0,0.0,2,8.534,128.596,137.13,2,B2309,pickup_service,Pickup,Pickup
91,44,Movement,4,7,4,7,693,700,17:13,17:20,7,7,21.43,0,0.0,137.13,115.7,2,B2309,passenger_flight,Position,Delivery
91,45,Delivery,7,7,7,7,700,703,17:20,17:23,3,0,0.0,2,8.534,115.7,124.234,1,B2309,delivery_service,Delivery,Delivery
91,46,Delivery,7,7,7,7,703,706,17:23,17:26,3,0,0.0,2,8.534,124.234,132.768,0,B2268,delivery_service,Delivery,Delivery
91,47,Stay,7,7,7,7,706,707,17:26,17:27,1,0,0.0,1,4.267,132.768,137.035,0,B2561,parking_charging,Position,Pickup
91,48,Pickup,7,7,7,7,707,710,17:27,17:30,3,0,0.0,2,8.534,137.035,145.569,1,B2561,pickup_service,Pickup,Pickup
91,49,Pickup,7,7,7,7,710,713,17:30,17:33,3,0,0.0,2,8.534,145.569,154.103,2,B2539,pickup_service,Pickup,Pickup
91,50,Movement,7,4,7,4,713,720,17:33,17:40,7,7,21.43,0,0.0,154.103,132.673,2,B2539,passenger_flight,Position,Delivery
91,51,Delivery,4,4,4,4,720,723,17:40,17:43,3,0,0.0,2,8.534,132.673,141.207,1,B2539,delivery_service,Delivery,Delivery
91,52,Delivery,4,4,4,4,723,726,17:43,17:46,3,0,0.0,2,8.534,141.207,149.741,0,B2561,delivery_service,Delivery,Delivery
91,53,Movement,4,3,4,3,726,733,17:46,17:53,7,7,12.6,0,0.0,149.741,137.141,0,B2806,empty_repositioning,Position,Pickup
91,54,Pickup,3,3,3,3,733,736,17:53,17:56,3,0,0.0,2,8.534,137.141,145.675,1,B2806,pickup_service,Pickup,Pickup
91,55,Movement,3,4,3,4,736,743,17:56,18:03,7,7,12.6,0,0.0,145.675,133.075,1,B2806,passenger_flight,Position,Delivery
91,56,Delivery,4,4,4,4,743,746,18:03,18:06,3,0,0.0,2,8.534,133.075,141.609,0,B2806,delivery_service,Delivery,Delivery
91,57,Stay,4,4,4,4,746,759,18:06,18:19,13,0,0.0,13,18.391,141.609,160.0,0,B3040,parking_charging,Position,Pickup
91,58,Pickup,4,4,4,4,759,762,18:19,18:22,3,0,0.0,2,0.0,160.0,160.0,1,B3040,pickup_service,Pickup,Pickup
91,59,Stay,4,4,4,4,762,769,18:22,18:29,7,0,0.0,7,0.0,160.0,160.0,1,B3040,parking_charging,Position,Movement
91,60,Movement,4,3,4,3,769,776,18:29,18:36,7,7,12.6,0,0.0,160.0,147.4,1,B3040,passenger_flight,Position,Delivery
91,61,Delivery,3,3,3,3,776,779,18:36,18:39,3,0,0.0,2,8.534,147.4,155.934,0,B3040,delivery_service,Delivery,Delivery
91,62,Stay,3,3,3,3,779,780,18:39,18:40,1,0,0.0,1,4.066,155.934,160.0,0,B3207,parking_charging,Position,Movement
91,63,Movement,3,1,3,1,780,786,18:40,18:46,6,6,9.61,0,0.0,160.0,150.39,0,B3207,empty_repositioning,Position,Pickup
91,64,Pickup,1,1,1,1,786,789,18:46,18:49,3,0,0.0,2,8.534,150.39,158.924,1,B3207,pickup_service,Pickup,Pickup
91,65,Pickup,1,1,1,1,789,792,18:49,18:52,3,0,0.0,2,1.076,158.924,160.0,2,B3185,pickup_service,Pickup,Pickup
91,66,Movement,1,2,1,2,792,799,18:52,18:59,7,7,13.61,0,0.0,160.0,146.39,2,B3185,passenger_flight,Position,Delivery
91,67,Delivery,2,2,2,2,799,802,18:59,19:02,3,0,0.0,2,8.534,146.39,154.924,1,B3185,delivery_service,Delivery,Delivery
91,68,Delivery,2,2,2,2,802,805,19:02,19:05,3,0,0.0,2,5.076,154.924,160.0,0,B3207,delivery_service,Delivery,Delivery
91,69,Stay,2,2,2,2,805,807,19:05,19:07,2,0,0.0,2,0.0,160.0,160.0,0,B3325,parking_charging,Position,Pickup
91,70,Pickup,2,2,2,2,807,810,19:07,19:10,3,0,0.0,2,0.0,160.0,160.0,1,B3325,pickup_service,Pickup,Pickup
91,71,Movement,2,4,2,4,810,816,19:10,19:16,6,6,16.13,0,0.0,160.0,143.87,1,B3325,passenger_flight,Position,Delivery
91,72,Delivery,4,4,4,4,816,819,19:16,19:19,3,0,0.0,2,8.534,143.87,152.404,0,B3325,delivery_service,Delivery,Delivery
91,73,Movement,4,2,4,2,819,825,19:19,19:25,6,6,16.13,0,0.0,152.404,136.274,0,,return_to_depot,Position,Depot
92,0,Stay,3,3,3,3,0,146,05:40,08:06,146,0,0.0,146,0.0,160.0,160.0,0,B151,parking_charging,Position,Pickup
92,1,Pickup,3,3,3,3,146,149,08:06,08:09,3,0,0.0,2,0.0,160.0,160.0,1,B151,pickup_service,Pickup,Pickup
92,2,Pickup,3,3,3,3,149,152,08:09,08:12,3,0,0.0,2,0.0,160.0,160.0,2,B138,pickup_service,Pickup,Pickup
92,3,Movement,3,8,3,8,152,162,08:12,08:22,10,10,35.17,0,0.0,160.0,124.83,2,B138,passenger_flight,Position,Delivery
92,4,Delivery,8,8,8,8,162,165,08:22,08:25,3,0,0.0,2,8.534,124.83,133.364,1,B138,delivery_service,Delivery,Delivery
92,5,Delivery,8,8,8,8,165,168,08:25,08:28,3,0,0.0,2,8.534,133.364,141.898,0,B151,delivery_service,Delivery,Delivery
92,6,Pickup,8,8,8,8,168,171,08:28,08:31,3,0,0.0,2,8.534,141.898,150.432,1,B219,pickup_service,Pickup,Pickup
92,7,Movement,8,5,8,5,171,185,08:31,08:45,14,14,47.79,0,0.0,150.432,102.642,1,B219,passenger_flight,Position,Delivery
92,8,Delivery,5,5,5,5,185,188,08:45,08:48,3,0,0.0,2,8.534,102.642,111.176,0,B219,delivery_service,Delivery,Delivery
92,9,Stay,5,5,5,5,188,193,08:48,08:53,5,0,0.0,5,21.335,111.176,132.511,0,B326,parking_charging,Position,Pickup
92,10,Pickup,5,5,5,5,193,196,08:53,08:56,3,0,0.0,2,8.534,132.511,141.045,1,B326,pickup_service,Pickup,Pickup
92,11,Pickup,5,5,5,5,196,199,08:56,08:59,3,0,0.0,2,8.534,141.045,149.579,2,B315,pickup_service,Pickup,Pickup
92,12,Movement,5,3,5,3,199,207,08:59,09:07,8,8,23.93,0,0.0,149.579,125.649,2,B315,passenger_flight,Position,Delivery
92,13,Delivery,3,3,3,3,207,210,09:07,09:10,3,0,0.0,2,8.534,125.649,134.183,1,B315,delivery_service,Delivery,Delivery
92,14,Delivery,3,3,3,3,210,213,09:10,09:13,3,0,0.0,2,8.534,134.183,142.717,0,B326,delivery_service,Delivery,Delivery
92,15,Stay,3,3,3,3,213,240,09:13,09:40,27,0,0.0,27,17.283,142.717,160.0,0,B442,parking_charging,Position,Pickup
92,16,Pickup,3,3,3,3,240,243,09:40,09:43,3,0,0.0,2,0.0,160.0,160.0,1,B442,pickup_service,Pickup,Pickup
92,17,Pickup,3,3,3,3,243,246,09:43,09:46,3,0,0.0,2,0.0,160.0,160.0,2,B451,pickup_service,Pickup,Pickup
92,18,Movement,3,4,3,4,246,253,09:46,09:53,7,7,12.6,0,0.0,160.0,147.4,2,B442,passenger_flight,Position,Delivery
92,19,Delivery,4,4,4,4,253,256,09:53,09:56,3,0,0.0,2,8.534,147.4,155.934,1,B442,delivery_service,Delivery,Delivery
92,20,Delivery,4,4,4,4,256,259,09:56,09:59,3,0,0.0,2,4.066,155.934,160.0,0,B451,delivery_service,Delivery,Delivery
92,21,Stay,4,4,4,4,259,260,09:59,10:00,1,0,0.0,1,0.0,160.0,160.0,0,B559,parking_charging,Position,Movement
92,22,Movement,4,10,4,10,260,272,10:00,10:12,12,12,42.86,0,0.0,160.0,117.14,0,B559,empty_repositioning,Position,Pickup
92,23,Pickup,10,10,10,10,272,275,10:12,10:15,3,0,0.0,2,8.534,117.14,125.674,1,B559,pickup_service,Pickup,Pickup
92,24,Movement,10,3,10,3,275,290,10:15,10:30,15,15,54.92,0,0.0,125.674,70.754,1,B559,passenger_flight,Position,Delivery
92,25,Delivery,3,3,3,3,290,293,10:30,10:33,3,0,0.0,2,8.534,70.754,79.288,0,B559,delivery_service,Delivery,Delivery
92,26,Pickup,3,3,3,3,293,296,10:33,10:36,3,0,0.0,2,8.534,79.288,87.822,1,B646,pickup_service,Pickup,Pickup
92,27,Movement,3,5,3,5,296,304,10:36,10:44,8,8,23.93,0,0.0,87.822,63.892,1,B646,passenger_flight,Position,Delivery
92,28,Delivery,5,5,5,5,304,307,10:44,10:47,3,0,0.0,2,8.534,63.892,72.426,0,B646,delivery_service,Delivery,Delivery
92,29,Pickup,5,5,5,5,307,310,10:47,10:50,3,0,0.0,2,8.534,72.426,80.96,1,B768,pickup_service,Pickup,Pickup
92,30,Stay,5,5,5,5,310,311,10:50,10:51,1,0,0.0,1,4.267,80.96,85.227,1,B787,parking_charging,Position,Pickup
92,31,Pickup,5,5,5,5,311,314,10:51,10:54,3,0,0.0,2,8.534,85.227,93.761,2,B787,pickup_service,Pickup,Pickup
92,32,Movement,5,10,5,10,314,324,10:54,11:04,10,10,33.52,0,0.0,93.761,60.241,2,B768,passenger_flight,Position,Delivery
92,33,Delivery,10,10,10,10,324,327,11:04,11:07,3,0,0.0,2,8.534,60.241,68.775,1,B768,delivery_service,Delivery,Delivery
92,34,Delivery,10,10,10,10,327,330,11:07,11:10,3,0,0.0,2,8.534,68.775,77.309,0,B787,delivery_service,Delivery,Delivery
92,35,Stay,10,10,10,10,330,334,11:10,11:14,4,0,0.0,4,17.068,77.309,94.377,0,B896,parking_charging,Position,Pickup
92,36,Pickup,10,10,10,10,334,337,11:14,11:17,3,0,0.0,2,8.534,94.377,102.911,1,B896,pickup_service,Pickup,Pickup
92,37,Pickup,10,10,10,10,337,340,11:17,11:20,3,0,0.0,2,8.534,102.911,111.445,2,B883,pickup_service,Pickup,Pickup
92,38,Movement,10,4,10,4,340,352,11:20,11:32,12,12,42.86,0,0.0,111.445,68.585,2,B883,passenger_flight,Position,Delivery
92,39,Delivery,4,4,4,4,352,355,11:32,11:35,3,0,0.0,2,8.534,68.585,77.119,1,B883,delivery_service,Delivery,Delivery
92,40,Movement,4,3,4,3,355,362,11:35,11:42,7,7,12.6,0,0.0,77.119,64.519,1,B896,passenger_flight,Position,Delivery
92,41,Delivery,3,3,3,3,362,365,11:42,11:45,3,0,0.0,2,8.534,64.519,73.053,0,B896,delivery_service,Delivery,Delivery
92,42,Pickup,3,3,3,3,365,368,11:45,11:48,3,0,0.0,2,8.534,73.053,81.587,1,B1021,pickup_service,Pickup,Pickup
92,43,Movement,3,5,3,5,368,376,11:48,11:56,8,8,23.93,0,0.0,81.587,57.657,1,B1021,passenger_flight,Position,Delivery
92,44,Delivery,5,5,5,5,376,379,11:56,11:59,3,0,0.0,2,8.534,57.657,66.191,0,B1021,delivery_service,Delivery,Delivery
92,45,Stay,5,5,5,5,379,620,11:59,16:00,241,0,0.0,241,93.809,66.191,160.0,0,B1848,parking_charging,Position,Movement
92,46,Movement,5,4,5,4,620,626,16:00,16:06,6,6,11.45,0,0.0,160.0,148.55,0,B1848,empty_repositioning,Position,Pickup
92,47,Pickup,4,4,4,4,626,629,16:06,16:09,3,0,0.0,2,8.534,148.55,157.084,1,B1848,pickup_service,Pickup,Pickup
92,48,Movement,4,9,4,9,629,644,16:09,16:24,15,15,55.47,0,0.0,157.084,101.614,1,B1848,passenger_flight,Position,Delivery
92,49,Delivery,9,9,9,9,644,647,16:24,16:27,3,0,0.0,2,8.534,101.614,110.148,0,B1848,delivery_service,Delivery,Delivery
92,50,Stay,9,9,9,9,647,683,16:27,17:03,36,0,0.0,36,49.852,110.148,160.0,0,B2302,parking_charging,Position,Pickup
92,51,Pickup,9,9,9,9,683,686,17:03,17:06,3,0,0.0,2,0.0,160.0,160.0,1,B2302,pickup_service,Pickup,Pickup
92,52,Pickup,9,9,9,9,686,689,17:06,17:09,3,0,0.0,2,0.0,160.0,160.0,2,B2280,pickup_service,Pickup,Pickup
92,53,Movement,9,4,9,4,689,704,17:09,17:24,15,15,55.47,0,0.0,160.0,104.53,2,B2302,passenger_flight,Position,Delivery
92,54,Delivery,4,4,4,4,704,707,17:24,17:27,3,0,0.0,2,8.534,104.53,113.064,1,B2302,delivery_service,Delivery,Delivery
92,55,Delivery,4,4,4,4,707,710,17:27,17:30,3,0,0.0,2,8.534,113.064,121.598,0,B2280,delivery_service,Delivery,Delivery
92,56,Stay,4,4,4,4,710,720,17:30,17:40,10,0,0.0,10,38.402,121.598,160.0,0,B2703,parking_charging,Position,Movement
92,57,Movement,4,3,4,3,720,727,17:40,17:47,7,7,12.6,0,0.0,160.0,147.4,0,B2703,empty_repositioning,Position,Pickup
92,58,Pickup,3,3,3,3,727,730,17:47,17:50,3,0,0.0,2,8.534,147.4,155.934,1,B2703,pickup_service,Pickup,Pickup
92,59,Movement,3,4,3,4,730,737,17:50,17:57,7,7,12.6,0,0.0,155.934,143.334,1,B2703,passenger_flight,Position,Delivery
92,60,Delivery,4,4,4,4,737,740,17:57,18:00,3,0,0.0,2,8.534,143.334,151.868,0,B2703,delivery_service,Delivery,Delivery
92,61,Movement,4,3,4,3,740,747,18:00,18:07,7,7,12.6,0,0.0,151.868,139.268,0,B2903,empty_repositioning,Position,Pickup
92,62,Pickup,3,3,3,3,747,750,18:07,18:10,3,0,0.0,2,8.534,139.268,147.802,1,B2903,pickup_service,Pickup,Pickup
92,63,Movement,3,5,3,5,750,758,18:10,18:18,8,8,23.93,0,0.0,147.802,123.872,1,B2903,passenger_flight,Position,Delivery
92,64,Delivery,5,5,5,5,758,761,18:18,18:21,3,0,0.0,2,8.534,123.872,132.406,0,B2903,delivery_service,Delivery,Delivery
92,65,Stay,5,5,5,5,761,800,18:21,19:00,39,0,0.0,39,27.594,132.406,160.0,0,B3314,parking_charging,Position,Movement
92,66,Movement,5,4,5,4,800,806,19:00,19:06,6,6,11.45,0,0.0,160.0,148.55,0,B3314,empty_repositioning,Position,Pickup
92,67,Pickup,4,4,4,4,806,809,19:06,19:09,3,0,0.0,2,8.534,148.55,157.084,1,B3314,pickup_service,Pickup,Pickup
92,68,Movement,4,3,4,3,809,816,19:09,19:16,7,7,12.6,0,0.0,157.084,144.484,1,B3314,passenger_flight,Position,Delivery
92,69,Delivery,3,3,3,3,816,819,19:16,19:19,3,0,0.0,2,8.534,144.484,153.018,0,B3314,delivery_service,Delivery,Delivery
93,0,Stay,4,4,4,4,0,324,05:40,11:04,324,0,0.0,324,0.0,160.0,160.0,0,B850,parking_charging,Position,Pickup
93,1,Pickup,4,4,4,4,324,327,11:04,11:07,3,0,0.0,2,0.0,160.0,160.0,1,B850,pickup_service,Pickup,Pickup
93,2,Movement,4,3,4,3,327,334,11:07,11:14,7,7,12.6,0,0.0,160.0,147.4,1,B850,passenger_flight,Position,Delivery
93,3,Delivery,3,3,3,3,334,337,11:14,11:17,3,0,0.0,2,8.534,147.4,155.934,0,B850,delivery_service,Delivery,Delivery
93,4,Stay,3,3,3,3,337,340,11:17,11:20,3,0,0.0,3,4.066,155.934,160.0,0,B904,parking_charging,Position,Pickup
93,5,Pickup,3,3,3,3,340,343,11:20,11:23,3,0,0.0,2,0.0,160.0,160.0,1,B904,pickup_service,Pickup,Pickup
93,6,Movement,3,10,3,10,343,358,11:23,11:38,15,15,54.92,0,0.0,160.0,105.08,1,B975,passenger_flight,Position,Pickup
93,7,Pickup,10,10,10,10,358,361,11:38,11:41,3,0,0.0,2,8.534,105.08,113.614,2,B975,pickup_service,Pickup,Pickup
93,8,Delivery,10,10,10,10,361,364,11:41,11:44,3,0,0.0,2,8.534,113.614,122.148,1,B904,delivery_service,Delivery,Delivery
93,9,Movement,10,3,10,3,364,379,11:44,11:59,15,15,54.92,0,0.0,122.148,67.228,1,B975,passenger_flight,Position,Delivery
93,10,Delivery,3,3,3,3,379,382,11:59,12:02,3,0,0.0,2,8.534,67.228,75.762,0,B975,delivery_service,Delivery,Delivery
93,11,Stay,3,3,3,3,382,528,12:02,14:28,146,0,0.0,146,84.238,75.762,160.0,0,B1470,parking_charging,Position,Movement
93,12,Movement,3,2,3,2,528,531,14:28,14:31,3,3,4.08,0,0.0,160.0,155.92,0,B1470,empty_repositioning,Position,Pickup
93,13,Pickup,2,2,2,2,531,534,14:31,14:34,3,0,0.0,2,4.08,155.92,160.0,1,B1470,pickup_service,Pickup,Pickup
93,14,Movement,2,6,2,6,534,545,14:34,14:45,11,11,37.0,0,0.0,160.0,123.0,1,B1470,passenger_flight,Position,Delivery
93,15,Delivery,6,6,6,6,545,548,14:45,14:48,3,0,0.0,2,8.534,123.0,131.534,0,B1470,delivery_service,Delivery,Delivery
93,16,Stay,6,6,6,6,548,564,14:48,15:04,16,0,0.0,16,28.466,131.534,160.0,0,B1609,parking_charging,Position,Pickup
93,17,Pickup,6,6,6,6,564,567,15:04,15:07,3,0,0.0,2,0.0,160.0,160.0,1,B1609,pickup_service,Pickup,Pickup
93,18,Pickup,6,6,6,6,567,570,15:07,15:10,3,0,0.0,2,0.0,160.0,160.0,2,B1592,pickup_service,Pickup,Pickup
93,19,Movement,6,7,6,7,570,582,15:10,15:22,12,12,43.48,0,0.0,160.0,116.52,2,B1592,passenger_flight,Position,Delivery
93,20,Delivery,7,7,7,7,582,585,15:22,15:25,3,0,0.0,2,8.534,116.52,125.054,1,B1592,delivery_service,Delivery,Delivery
93,21,Delivery,7,7,7,7,585,588,15:25,15:28,3,0,0.0,2,8.534,125.054,133.588,0,B1609,delivery_service,Delivery,Delivery
93,22,Stay,7,7,7,7,588,620,15:28,16:00,32,0,0.0,32,26.412,133.588,160.0,0,B1839,parking_charging,Position,Movement
93,23,Movement,7,1,7,1,620,627,16:00,16:07,7,7,21.03,0,0.0,160.0,138.97,0,B1839,empty_repositioning,Position,Pickup
93,24,Pickup,1,1,1,1,627,630,16:07,16:10,3,0,0.0,2,8.534,138.97,147.504,1,B1839,pickup_service,Pickup,Pickup
93,25,Movement,1,2,1,2,630,637,16:10,16:17,7,7,13.61,0,0.0,147.504,133.894,1,B1839,passenger_flight,Position,Delivery
93,26,Delivery,2,2,2,2,637,640,16:17,16:20,3,0,0.0,2,8.534,133.894,142.428,0,B1839,delivery_service,Delivery,Delivery
93,27,Movement,2,1,2,1,640,647,16:20,16:27,7,7,13.61,0,0.0,142.428,128.818,0,B1980,empty_repositioning,Position,Pickup
93,28,Pickup,1,1,1,1,647,650,16:27,16:30,3,0,0.0,2,8.534,128.818,137.352,1,B1980,pickup_service,Pickup,Pickup
93,29,Movement,1,2,1,2,650,657,16:30,16:37,7,7,13.61,0,0.0,137.352,123.742,1,B1980,passenger_flight,Position,Delivery
93,30,Delivery,2,2,2,2,657,660,16:37,16:40,3,0,0.0,2,8.534,123.742,132.276,0,B1980,delivery_service,Delivery,Delivery
93,31,Pickup,2,2,2,2,660,663,16:40,16:43,3,0,0.0,2,8.534,132.276,140.81,1,B2073,pickup_service,Pickup,Pickup
93,32,Movement,2,4,2,4,663,669,16:43,16:49,6,6,16.13,0,0.0,140.81,124.68,1,B2146,passenger_flight,Position,Pickup
93,33,Pickup,4,4,4,4,669,672,16:49,16:52,3,0,0.0,2,8.534,124.68,133.214,2,B2146,pickup_service,Pickup,Pickup
93,34,Delivery,4,4,4,4,672,675,16:52,16:55,3,0,0.0,2,8.534,133.214,141.748,1,B2073,delivery_service,Delivery,Delivery
93,35,Movement,4,2,4,2,675,681,16:55,17:01,6,6,16.13,0,0.0,141.748,125.618,1,B2146,passenger_flight,Position,Delivery
93,36,Delivery,2,2,2,2,681,684,17:01,17:04,3,0,0.0,2,8.534,125.618,134.152,0,B2146,delivery_service,Delivery,Delivery
93,37,Stay,2,2,2,2,684,698,17:04,17:18,14,0,0.0,14,25.848,134.152,160.0,0,B2465,parking_charging,Position,Pickup
93,38,Pickup,2,2,2,2,698,701,17:18,17:21,3,0,0.0,2,0.0,160.0,160.0,2,B2465,pickup_service,Pickup,Pickup
93,39,Stay,2,2,2,2,701,709,17:21,17:29,8,0,0.0,8,0.0,160.0,160.0,2,B2465,parking_charging,Position,Movement
93,40,Movement,2,1,2,1,709,716,17:29,17:36,7,7,13.61,0,0.0,160.0,146.39,2,B2465,passenger_flight,Position,Delivery
93,41,Delivery,1,1,1,1,716,719,17:36,17:39,3,0,0.0,2,8.534,146.39,154.924,0,B2465,delivery_service,Delivery,Delivery
93,42,Pickup,1,1,1,1,719,722,17:39,17:42,3,0,0.0,2,5.076,154.924,160.0,1,B2655,pickup_service,Pickup,Pickup
93,43,Stay,1,1,1,1,722,725,17:42,17:45,3,0,0.0,3,0.0,160.0,160.0,1,B2655,parking_charging,Position,Movement
93,44,Movement,1,3,1,3,725,731,17:45,17:51,6,6,9.61,0,0.0,160.0,150.39,1,B2655,passenger_flight,Position,Delivery
93,45,Delivery,3,3,3,3,731,734,17:51,17:54,3,0,0.0,2,8.534,150.39,158.924,0,B2655,delivery_service,Delivery,Delivery
93,46,Pickup,3,3,3,3,734,737,17:54,17:57,3,0,0.0,2,1.076,158.924,160.0,2,B2782,pickup_service,Pickup,Pickup
93,47,Movement,3,5,3,5,737,745,17:57,18:05,8,8,23.93,0,0.0,160.0,136.07,2,B2782,passenger_flight,Position,Delivery
93,48,Delivery,5,5,5,5,745,748,18:05,18:08,3,0,0.0,2,8.534,136.07,144.604,0,B2782,delivery_service,Delivery,Delivery
93,49,Stay,5,5,5,5,748,794,18:08,18:54,46,0,0.0,46,15.396,144.604,160.0,0,B3259,parking_charging,Position,Pickup
93,50,Pickup,5,5,5,5,794,797,18:54,18:57,3,0,0.0,2,0.0,160.0,160.0,1,B3259,pickup_service,Pickup,Pickup
93,51,Movement,5,8,5,8,797,811,18:57,19:11,14,14,47.79,0,0.0,160.0,112.21,1,B3259,passenger_flight,Position,Delivery
93,52,Delivery,8,8,8,8,811,814,19:11,19:14,3,0,0.0,2,8.534,112.21,120.744,0,B3259,delivery_service,Delivery,Delivery
93,53,Movement,8,4,8,4,814,825,19:14,19:25,11,11,39.54,0,0.0,120.744,81.204,0,,return_to_depot,Position,Depot
94,0,Stay,5,5,5,5,0,140,05:40,08:00,140,0,0.0,140,0.0,160.0,160.0,0,B129,parking_charging,Position,Movement
94,1,Movement,5,6,5,6,140,147,08:00,08:07,7,7,12.76,0,0.0,160.0,147.24,0,B129,empty_repositioning,Position,Pickup
94,2,Pickup,6,6,6,6,147,150,08:07,08:10,3,0,0.0,2,8.534,147.24,155.774,1,B129,pickup_service,Pickup,Pickup
94,3,Movement,6,4,6,4,150,157,08:10,08:17,7,7,22.06,0,0.0,155.774,133.714,1,B129,passenger_flight,Position,Delivery
94,4,Delivery,4,4,4,4,157,160,08:17,08:20,3,0,0.0,2,8.534,133.714,142.248,0,B129,delivery_service,Delivery,Delivery
94,5,Stay,4,4,4,4,160,342,08:20,11:22,182,0,0.0,182,17.752,142.248,160.0,0,B934,parking_charging,Position,Pickup
94,6,Pickup,4,4,4,4,342,345,11:22,11:25,3,0,0.0,2,0.0,160.0,160.0,1,B934,pickup_service,Pickup,Pickup
94,7,Movement,4,10,4,10,345,357,11:25,11:37,12,12,42.86,0,0.0,160.0,117.14,1,B934,passenger_flight,Position,Delivery
94,8,Delivery,10,10,10,10,357,360,11:37,11:40,3,0,0.0,2,8.534,117.14,125.674,0,B934,delivery_service,Delivery,Delivery
94,9,Pickup,10,10,10,10,360,363,11:40,11:43,3,0,0.0,2,8.534,125.674,134.208,1,B976,pickup_service,Pickup,Pickup
94,10,Movement,10,9,10,9,363,382,11:43,12:02,19,19,69.89,0,0.0,134.208,64.318,1,B976,passenger_flight,Position,Delivery
94,11,Delivery,9,9,9,9,382,385,12:02,12:05,3,0,0.0,2,8.534,64.318,72.852,0,B976,delivery_service,Delivery,Delivery
94,12,Stay,9,9,9,9,385,600,12:05,15:40,215,0,0.0,215,87.148,72.852,160.0,0,B1755,parking_charging,Position,Pickup
94,13,Pickup,9,9,9,9,600,603,15:40,15:43,3,0,0.0,2,0.0,160.0,160.0,1,B1755,pickup_service,Pickup,Pickup
94,14,Movement,9,1,9,1,603,619,15:43,15:59,16,16,57.72,0,0.0,160.0,102.28,1,B1812,passenger_flight,Position,Pickup
94,15,Pickup,1,1,1,1,619,622,15:59,16:02,3,0,0.0,2,8.534,102.28,110.814,2,B1812,pickup_service,Pickup,Pickup
94,16,Delivery,1,1,1,1,622,625,16:02,16:05,3,0,0.0,2,8.534,110.814,119.348,1,B1755,delivery_service,Delivery,Delivery
94,17,Movement,1,10,1,10,625,638,16:05,16:18,13,13,47.44,0,0.0,119.348,71.908,1,B1812,passenger_flight,Position,Delivery
94,18,Delivery,10,10,10,10,638,641,16:18,16:21,3,0,0.0,2,8.534,71.908,80.442,0,B1812,delivery_service,Delivery,Delivery
94,19,Pickup,10,10,10,10,641,644,16:21,16:24,3,0,0.0,2,8.534,80.442,88.976,1,B1943,pickup_service,Pickup,Pickup
94,20,Movement,10,3,10,3,644,659,16:24,16:39,15,15,54.92,0,0.0,88.976,34.056,1,B1943,passenger_flight,Position,Delivery
94,21,Delivery,3,3,3,3,659,662,16:39,16:42,3,0,0.0,2,8.534,34.056,42.59,0,B1943,delivery_service,Delivery,Delivery
94,22,Stay,3,3,3,3,662,664,16:42,16:44,2,0,0.0,2,8.534,42.59,51.124,0,B2162,parking_charging,Position,Movement
94,23,Movement,3,2,3,2,664,667,16:44,16:47,3,3,4.08,0,0.0,51.124,47.044,0,B2162,empty_repositioning,Position,Pickup
94,24,Pickup,2,2,2,2,667,670,16:47,16:50,3,0,0.0,2,8.534,47.044,55.578,1,B2162,pickup_service,Pickup,Pickup
94,25,Movement,2,3,2,3,670,673,16:50,16:53,3,3,4.08,0,0.0,55.578,51.498,1,B2204,passenger_flight,Position,Pickup
94,26,Pickup,3,3,3,3,673,676,16:53,16:56,3,0,0.0,2,8.534,51.498,60.032,2,B2204,pickup_service,Pickup,Pickup
94,27,Movement,3,4,3,4,676,683,16:56,17:03,7,7,12.6,0,0.0,60.032,47.432,2,B2162,passenger_flight,Position,Delivery
94,28,Delivery,4,4,4,4,683,686,17:03,17:06,3,0,0.0,2,8.534,47.432,55.966,1,B2162,delivery_service,Delivery,Delivery
94,29,Stay,4,4,4,4,686,689,17:06,17:09,3,0,0.0,3,12.801,55.966,68.767,1,B2204,parking_charging,Position,Delivery
94,30,Delivery,4,4,4,4,689,692,17:09,17:12,3,0,0.0,2,8.534,68.767,77.301,0,B2204,delivery_service,Delivery,Delivery
94,31,Pickup,4,4,4,4,692,695,17:12,17:15,3,0,0.0,2,8.534,77.301,85.835,1,B2337,pickup_service,Pickup,Pickup
94,32,Movement,4,2,4,2,695,701,17:15,17:21,6,6,16.13,0,0.0,85.835,69.705,1,B2337,passenger_flight,Position,Delivery
94,33,Delivery,2,2,2,2,701,704,17:21,17:24,3,0,0.0,2,8.534,69.705,78.239,0,B2337,delivery_service,Delivery,Delivery
94,34,Stay,2,2,2,2,704,711,17:24,17:31,7,0,0.0,7,29.869,78.239,108.108,0,B2603,parking_charging,Position,Pickup
94,35,Pickup,2,2,2,2,711,714,17:31,17:34,3,0,0.0,2,8.534,108.108,116.642,2,B2603,pickup_service,Pickup,Pickup
94,36,Stay,2,2,2,2,714,716,17:34,17:36,2,0,0.0,2,8.534,116.642,125.176,2,B2692,parking_charging,Position,Movement
94,37,Movement,2,3,2,3,716,719,17:36,17:39,3,3,4.08,0,0.0,125.176,121.096,2,B2692,passenger_flight,Position,Pickup
94,38,Pickup,3,3,3,3,719,722,17:39,17:42,3,0,0.0,2,8.534,121.096,129.63,4,B2692,pickup_service,Pickup,Pickup
94,39,Movement,3,1,3,1,722,728,17:42,17:48,6,6,9.61,0,0.0,129.63,120.02,4,B2603,passenger_flight,Position,Delivery
94,40,Delivery,1,1,1,1,728,731,17:48,17:51,3,0,0.0,2,8.534,120.02,128.554,2,B2603,delivery_service,Delivery,Delivery
94,41,Movement,1,4,1,4,731,735,17:51,17:55,4,4,4.98,0,0.0,128.554,123.574,2,B2692,passenger_flight,Position,Delivery
94,42,Delivery,4,4,4,4,735,738,17:55,17:58,3,0,0.0,2,8.534,123.574,132.108,0,B2692,delivery_service,Delivery,Delivery
94,43,Pickup,4,4,4,4,738,741,17:58,18:01,3,0,0.0,2,8.534,132.108,140.642,1,B2842,pickup_service,Pickup,Pickup
94,44,Movement,4,3,4,3,741,748,18:01,18:08,7,7,12.6,0,0.0,140.642,128.042,1,B2842,passenger_flight,Position,Delivery
94,45,Delivery,3,3,3,3,748,751,18:08,18:11,3,0,0.0,2,8.534,128.042,136.576,0,B2842,delivery_service,Delivery,Delivery
94,46,Pickup,3,3,3,3,751,754,18:11,18:14,3,0,0.0,2,8.534,136.576,145.11,1,B2978,pickup_service,Pickup,Pickup
94,47,Movement,3,10,3,10,754,769,18:14,18:29,15,15,54.92,0,0.0,145.11,90.19,1,B2978,passenger_flight,Position,Delivery
94,48,Delivery,10,10,10,10,769,772,18:29,18:32,3,0,0.0,2,8.534,90.19,98.724,0,B2978,delivery_service,Delivery,Delivery
94,49,Movement,10,5,10,5,772,782,18:32,18:42,10,10,33.52,0,0.0,98.724,65.204,0,,return_to_depot,Position,Depot
95,0,Stay,6,6,6,6,0,63,05:40,06:43,63,0,0.0,63,0.0,160.0,160.0,0,B34,parking_charging,Position,Pickup
95,1,Pickup,6,6,6,6,63,66,06:43,06:46,3,0,0.0,2,0.0,160.0,160.0,1,B34,pickup_service,Pickup,Pickup
95,2,Movement,6,7,6,7,66,78,06:46,06:58,12,12,43.48,0,0.0,160.0,116.52,1,B34,passenger_flight,Position,Delivery
95,3,Delivery,7,7,7,7,78,81,06:58,07:01,3,0,0.0,2,8.534,116.52,125.054,0,B34,delivery_service,Delivery,Delivery
95,4,Stay,7,7,7,7,81,263,07:01,10:03,182,0,0.0,182,34.946,125.054,160.0,0,B513,parking_charging,Position,Pickup
95,5,Pickup,7,7,7,7,263,266,10:03,10:06,3,0,0.0,2,0.0,160.0,160.0,1,B513,pickup_service,Pickup,Pickup
95,6,Movement,7,3,7,3,266,273,10:06,10:13,7,7,13.33,0,0.0,160.0,146.67,1,B545,passenger_flight,Position,Pickup
95,7,Pickup,3,3,3,3,273,276,10:13,10:16,3,0,0.0,2,8.534,146.67,155.204,2,B545,pickup_service,Pickup,Pickup
95,8,Movement,3,6,3,6,276,286,10:16,10:26,10,10,32.98,0,0.0,155.204,122.224,2,B513,passenger_flight,Position,Delivery
95,9,Delivery,6,6,6,6,286,289,10:26,10:29,3,0,0.0,2,8.534,122.224,130.758,1,B513,delivery_service,Delivery,Delivery
95,10,Delivery,6,6,6,6,289,292,10:29,10:32,3,0,0.0,2,8.534,130.758,139.292,0,B545,delivery_service,Delivery,Delivery
95,11,Pickup,6,6,6,6,292,295,10:32,10:35,3,0,0.0,2,8.534,139.292,147.826,1,B634,pickup_service,Pickup,Pickup
95,12,Movement,6,7,6,7,295,307,10:35,10:47,12,12,43.48,0,0.0,147.826,104.346,1,B634,passenger_flight,Position,Delivery
95,13,Delivery,7,7,7,7,307,310,10:47,10:50,3,0,0.0,2,8.534,104.346,112.88,0,B634,delivery_service,Delivery,Delivery
95,14,Stay,7,7,7,7,310,396,10:50,12:16,86,0,0.0,86,47.12,112.88,160.0,0,B1101,parking_charging,Position,Pickup
95,15,Pickup,7,7,7,7,396,399,12:16,12:19,3,0,0.0,2,0.0,160.0,160.0,1,B1101,pickup_service,Pickup,Pickup
95,16,Pickup,7,7,7,7,399,402,12:19,12:22,3,0,0.0,2,0.0,160.0,160.0,2,B1108,pickup_service,Pickup,Pickup
95,17,Movement,7,4,7,4,402,409,12:22,12:29,7,7,21.43,0,0.0,160.0,138.57,2,B1108,passenger_flight,Position,Delivery
95,18,Delivery,4,4,4,4,409,412,12:29,12:32,3,0,0.0,2,8.534,138.57,147.104,1,B1108,delivery_service,Delivery,Delivery
95,19,Delivery,4,4,4,4,412,415,12:32,12:35,3,0,0.0,2,8.534,147.104,155.638,0,B1101,delivery_service,Delivery,Delivery
95,20,Stay,4,4,4,4,415,495,12:35,13:55,80,0,0.0,80,4.362,155.638,160.0,0,B1323,parking_charging,Position,Pickup
95,21,Pickup,4,4,4,4,495,498,13:55,13:58,3,0,0.0,2,0.0,160.0,160.0,1,B1323,pickup_service,Pickup,Pickup
95,22,Movement,4,2,4,2,498,504,13:58,14:04,6,6,16.13,0,0.0,160.0,143.87,1,B1323,passenger_flight,Position,Delivery
95,23,Delivery,2,2,2,2,504,507,14:04,14:07,3,0,0.0,2,8.534,143.87,152.404,0,B1323,delivery_service,Delivery,Delivery
95,24,Stay,2,2,2,2,507,520,14:07,14:20,13,0,0.0,13,7.596,152.404,160.0,0,B1418,parking_charging,Position,Pickup
95,25,Pickup,2,2,2,2,520,523,14:20,14:23,3,0,0.0,2,0.0,160.0,160.0,1,B1418,pickup_service,Pickup,Pickup
95,26,Movement,2,1,2,1,523,530,14:23,14:30,7,7,13.61,0,0.0,160.0,146.39,1,B1418,passenger_flight,Position,Delivery
95,27,Delivery,1,1,1,1,530,533,14:30,14:33,3,0,0.0,2,8.534,146.39,154.924,0,B1418,delivery_service,Delivery,Delivery
95,28,Stay,1,1,1,1,533,540,14:33,14:40,7,0,0.0,7,5.076,154.924,160.0,0,B1502,parking_charging,Position,Pickup
95,29,Pickup,1,1,1,1,540,543,14:40,14:43,3,0,0.0,2,0.0,160.0,160.0,1,B1502,pickup_service,Pickup,Pickup
95,30,Movement,1,9,1,9,543,559,14:43,14:59,16,16,57.72,0,0.0,160.0,102.28,1,B1502,passenger_flight,Position,Delivery
95,31,Delivery,9,9,9,9,559,562,14:59,15:02,3,0,0.0,2,8.534,102.28,110.814,0,B1502,delivery_service,Delivery,Delivery
95,32,Stay,9,9,9,9,562,630,15:02,16:10,68,0,0.0,68,49.186,110.814,160.0,0,B1957,parking_charging,Position,Movement
95,33,Movement,9,8,9,8,630,636,16:10,16:16,6,6,18.04,0,0.0,160.0,141.96,0,B1957,empty_repositioning,Position,Pickup
95,34,Pickup,8,8,8,8,636,639,16:16,16:19,3,0,0.0,2,8.534,141.96,150.494,1,B1957,pickup_service,Pickup,Pickup
95,35,Stay,8,8,8,8,639,645,16:19,16:25,6,0,0.0,6,9.506,150.494,160.0,1,B1957,parking_charging,Position,Movement
95,36,Movement,8,6,8,6,645,662,16:25,16:42,17,17,60.41,0,0.0,160.0,99.59,1,B1957,passenger_flight,Position,Delivery
95,37,Delivery,6,6,6,6,662,665,16:42,16:45,3,0,0.0,2,8.534,99.59,108.124,0,B1957,delivery_service,Delivery,Delivery
95,38,Stay,6,6,6,6,665,666,16:45,16:46,1,0,0.0,1,4.267,108.124,112.391,0,B2207,parking_charging,Position,Movement
95,39,Movement,6,1,6,1,666,673,16:46,16:53,7,7,23.39,0,0.0,112.391,89.001,0,B2207,empty_repositioning,Position,Pickup
95,40,Pickup,1,1,1,1,673,676,16:53,16:56,3,0,0.0,2,8.534,89.001,97.535,1,B2207,pickup_service,Pickup,Pickup
95,41,Pickup,1,1,1,1,676,679,16:56,16:59,3,0,0.0,2,8.534,97.535,106.069,2,B2186,pickup_service,Pickup,Pickup
95,42,Movement,1,2,1,2,679,686,16:59,17:06,7,7,13.61,0,0.0,106.069,92.459,2,B2186,passenger_flight,Position,Delivery
95,43,Delivery,2,2,2,2,686,689,17:06,17:09,3,0,0.0,2,8.534,92.459,100.993,1,B2186,delivery_service,Delivery,Delivery
95,44,Delivery,2,2,2,2,689,692,17:09,17:12,3,0,0.0,2,8.534,100.993,109.527,0,B2207,delivery_service,Delivery,Delivery
95,45,Pickup,2,2,2,2,692,695,17:12,17:15,3,0,0.0,2,8.534,109.527,118.061,1,B2364,pickup_service,Pickup,Pickup
95,46,Pickup,2,2,2,2,695,698,17:15,17:18,3,0,0.0,2,8.534,118.061,126.595,2,B2334,pickup_service,Pickup,Pickup
95,47,Movement,2,4,2,4,698,704,17:18,17:24,6,6,16.13,0,0.0,126.595,110.465,2,B2334,passenger_flight,Position,Delivery
95,48,Delivery,4,4,4,4,704,707,17:24,17:27,3,0,0.0,2,8.534,110.465,118.999,1,B2334,delivery_service,Delivery,Delivery
95,49,Delivery,4,4,4,4,707,710,17:27,17:30,3,0,0.0,2,8.534,118.999,127.533,0,B2364,delivery_service,Delivery,Delivery
95,50,Stay,4,4,4,4,710,720,17:30,17:40,10,0,0.0,10,32.467,127.533,160.0,0,B2726,parking_charging,Position,Movement
95,51,Movement,4,3,4,3,720,727,17:40,17:47,7,7,12.6,0,0.0,160.0,147.4,0,B2726,empty_repositioning,Position,Pickup
95,52,Pickup,3,3,3,3,727,730,17:47,17:50,3,0,0.0,2,8.534,147.4,155.934,1,B2726,pickup_service,Pickup,Pickup
95,53,Movement,3,4,3,4,730,737,17:50,17:57,7,7,12.6,0,0.0,155.934,143.334,1,B2726,passenger_flight,Position,Delivery
95,54,Delivery,4,4,4,4,737,740,17:57,18:00,3,0,0.0,2,8.534,143.334,151.868,0,B2726,delivery_service,Delivery,Delivery
95,55,Stay,4,4,4,4,740,780,18:00,18:40,40,0,0.0,40,8.132,151.868,160.0,0,B3151,parking_charging,Position,Pickup
95,56,Pickup,4,4,4,4,780,783,18:40,18:43,3,0,0.0,2,0.0,160.0,160.0,1,B3151,pickup_service,Pickup,Pickup
95,57,Pickup,4,4,4,4,783,786,18:43,18:46,3,0,0.0,2,0.0,160.0,160.0,2,B3184,pickup_service,Pickup,Pickup
95,58,Movement,4,7,4,7,786,793,18:46,18:53,7,7,21.43,0,0.0,160.0,138.57,2,B3151,passenger_flight,Position,Delivery
95,59,Delivery,7,7,7,7,793,796,18:53,18:56,3,0,0.0,2,8.534,138.57,147.104,1,B3151,delivery_service,Delivery,Delivery
95,60,Delivery,7,7,7,7,796,799,18:56,18:59,3,0,0.0,2,8.534,147.104,155.638,0,B3184,delivery_service,Delivery,Delivery
95,61,Movement,7,6,7,6,799,811,18:59,19:11,12,12,43.48,0,0.0,155.638,112.158,0,,return_to_depot,Position,Depot
96,0,Stay,7,7,7,7,0,280,05:40,10:20,280,0,0.0,280,0.0,160.0,160.0,0,B614,parking_charging,Position,Movement
96,1,Movement,7,2,7,2,280,286,10:20,10:26,6,6,10.2,0,0.0,160.0,149.8,0,B614,empty_repositioning,Position,Pickup
96,2,Pickup,2,2,2,2,286,289,10:26,10:29,3,0,0.0,2,8.534,149.8,158.334,1,B614,pickup_service,Pickup,Pickup
96,3,Movement,2,5,2,5,289,297,10:29,10:37,8,8,27.57,0,0.0,158.334,130.764,1,B614,passenger_flight,Position,Delivery
96,4,Delivery,5,5,5,5,297,300,10:37,10:40,3,0,0.0,2,8.534,130.764,139.298,0,B614,delivery_service,Delivery,Delivery
96,5,Pickup,5,5,5,5,300,303,10:40,10:43,3,0,0.0,2,8.534,139.298,147.832,1,B705,pickup_service,Pickup,Pickup
96,6,Pickup,5,5,5,5,303,306,10:43,10:46,3,0,0.0,2,8.534,147.832,156.366,2,B737,pickup_service,Pickup,Pickup
96,7,Movement,5,2,5,2,306,314,10:46,10:54,8,8,27.57,0,0.0,156.366,128.796,2,B705,passenger_flight,Position,Delivery
96,8,Delivery,2,2,2,2,314,317,10:54,10:57,3,0,0.0,2,8.534,128.796,137.33,1,B705,delivery_service,Delivery,Delivery
96,9,Movement,2,3,2,3,317,320,10:57,11:00,3,3,4.08,0,0.0,137.33,133.25,1,B737,passenger_flight,Position,Delivery
96,10,Delivery,3,3,3,3,320,323,11:00,11:03,3,0,0.0,2,8.534,133.25,141.784,0,B737,delivery_service,Delivery,Delivery
96,11,Stay,3,3,3,3,323,330,11:03,11:10,7,0,0.0,7,18.216,141.784,160.0,0,B913,parking_charging,Position,Movement
96,12,Movement,3,5,3,5,330,338,11:10,11:18,8,8,23.93,0,0.0,160.0,136.07,0,B913,empty_repositioning,Position,Pickup
96,13,Pickup,5,5,5,5,338,341,11:18,11:21,3,0,0.0,2,8.534,136.07,144.604,1,B913,pickup_service,Pickup,Pickup
96,14,Stay,5,5,5,5,341,350,11:21,11:30,9,0,0.0,9,15.396,144.604,160.0,1,B913,parking_charging,Position,Movement
96,15,Movement,5,9,5,9,350,367,11:30,11:47,17,17,62.04,0,0.0,160.0,97.96,1,B913,passenger_flight,Position,Delivery
96,16,Delivery,9,9,9,9,367,370,11:47,11:50,3,0,0.0,2,8.534,97.96,106.494,0,B913,delivery_service,Delivery,Delivery
96,17,Stay,9,9,9,9,370,620,11:50,16:00,250,0,0.0,250,53.506,106.494,160.0,0,B1967,parking_charging,Position,Movement
96,18,Movement,9,10,9,10,620,639,16:00,16:19,19,19,69.89,0,0.0,160.0,90.11,0,B1967,empty_repositioning,Position,Pickup
96,19,Pickup,10,10,10,10,639,642,16:19,16:22,3,0,0.0,2,8.534,90.11,98.644,1,B1967,pickup_service,Pickup,Pickup
96,20,Movement,10,9,10,9,642,661,16:22,16:41,19,19,69.89,0,0.0,98.644,28.754,1,B1967,passenger_flight,Position,Delivery
96,21,Delivery,9,9,9,9,661,664,16:41,16:44,3,0,0.0,2,8.534,28.754,37.288,0,B1967,delivery_service,Delivery,Delivery
96,22,Stay,9,9,9,9,664,673,16:44,16:53,9,0,0.0,9,38.403,37.288,75.691,0,B2212,parking_charging,Position,Pickup
96,23,Pickup,9,9,9,9,673,676,16:53,16:56,3,0,0.0,2,8.534,75.691,84.225,1,B2212,pickup_service,Pickup,Pickup
96,24,Pickup,9,9,9,9,676,679,16:56,16:59,3,0,0.0,2,8.534,84.225,92.759,2,B2175,pickup_service,Pickup,Pickup
96,25,Movement,9,1,9,1,679,695,16:59,17:15,16,16,57.72,0,0.0,92.759,35.039,2,B2175,passenger_flight,Position,Delivery
96,26,Delivery,1,1,1,1,695,698,17:15,17:18,3,0,0.0,2,8.534,35.039,43.573,1,B2175,delivery_service,Delivery,Delivery
96,27,Delivery,1,1,1,1,698,701,17:18,17:21,3,0,0.0,2,8.534,43.573,52.107,0,B2212,delivery_service,Delivery,Delivery
96,28,Stay,1,1,1,1,701,702,17:21,17:22,1,0,0.0,1,4.267,52.107,56.374,0,B2503,parking_charging,Position,Pickup
96,29,Pickup,1,1,1,1,702,705,17:22,17:25,3,0,0.0,2,8.534,56.374,64.908,1,B2503,pickup_service,Pickup,Pickup
96,30,Pickup,1,1,1,1,705,708,17:25,17:28,3,0,0.0,2,8.534,64.908,73.442,3,B2456,pickup_service,Pickup,Pickup
96,31,Movement,1,10,1,10,708,721,17:28,17:41,13,13,47.44,0,0.0,73.442,26.002,3,B2456,passenger_flight,Position,Delivery
96,32,Delivery,10,10,10,10,721,724,17:41,17:44,3,0,0.0,2,8.534,26.002,34.536,1,B2456,delivery_service,Delivery,Delivery
96,33,Delivery,10,10,10,10,724,727,17:44,17:47,3,0,0.0,2,8.534,34.536,43.07,0,B2503,delivery_service,Delivery,Delivery
96,34,Stay,10,10,10,10,727,741,17:47,18:01,14,0,0.0,14,59.738,43.07,102.808,0,,parking_charging,Position,Movement
96,35,Movement,10,7,10,7,741,757,18:01,18:17,16,16,57.99,0,0.0,102.808,44.818,0,,return_to_depot,Position,Depot
97,0,Stay,8,8,8,8,0,155,05:40,08:15,155,0,0.0,155,0.0,160.0,160.0,0,B190,parking_charging,Position,Pickup
97,1,Pickup,8,8,8,8,155,158,08:15,08:18,3,0,0.0,2,0.0,160.0,160.0,1,B190,pickup_service,Pickup,Pickup
97,2,Stay,8,8,8,8,158,165,08:18,08:25,7,0,0.0,7,0.0,160.0,160.0,1,B190,parking_charging,Position,Movement
97,3,Movement,8,4,8,4,165,176,08:25,08:36,11,11,39.54,0,0.0,160.0,120.46,1,B190,passenger_flight,Position,Delivery
97,4,Delivery,4,4,4,4,176,179,08:36,08:39,3,0,0.0,2,8.534,120.46,128.994,0,B190,delivery_service,Delivery,Delivery
97,5,Stay,4,4,4,4,179,320,08:39,11:00,141,0,0.0,141,31.006,128.994,160.0,0,B803,parking_charging,Position,Pickup
97,6,Pickup,4,4,4,4,320,323,11:00,11:03,3,0,0.0,2,0.0,160.0,160.0,1,B803,pickup_service,Pickup,Pickup
97,7,Movement,4,10,4,10,323,335,11:03,11:15,12,12,42.86,0,0.0,160.0,117.14,1,B803,passenger_flight,Position,Delivery
97,8,Delivery,10,10,10,10,335,338,11:15,11:18,3,0,0.0,2,8.534,117.14,125.674,0,B803,delivery_service,Delivery,Delivery
97,9,Stay,10,10,10,10,338,381,11:18,12:01,43,0,0.0,43,34.326,125.674,160.0,0,B1075,parking_charging,Position,Pickup
97,10,Pickup,10,10,10,10,381,384,12:01,12:04,3,0,0.0,2,0.0,160.0,160.0,1,B1075,pickup_service,Pickup,Pickup
97,11,Pickup,10,10,10,10,384,387,12:04,12:07,3,0,0.0,2,0.0,160.0,160.0,2,B1078,pickup_service,Pickup,Pickup
97,12,Movement,10,4,10,4,387,399,12:07,12:19,12,12,42.86,0,0.0,160.0,117.14,2,B1075,passenger_flight,Position,Delivery
97,13,Delivery,4,4,4,4,399,402,12:19,12:22,3,0,0.0,2,8.534,117.14,125.674,1,B1075,delivery_service,Delivery,Delivery
97,14,Movement,4,3,4,3,402,409,12:22,12:29,7,7,12.6,0,0.0,125.674,113.074,1,B1078,passenger_flight,Position,Delivery
97,15,Delivery,3,3,3,3,409,412,12:29,12:32,3,0,0.0,2,8.534,113.074,121.608,0,B1078,delivery_service,Delivery,Delivery
97,16,Stay,3,3,3,3,412,527,12:32,14:27,115,0,0.0,115,38.392,121.608,160.0,0,B1452,parking_charging,Position,Pickup
97,17,Pickup,3,3,3,3,527,530,14:27,14:30,3,0,0.0,2,0.0,160.0,160.0,1,B1452,pickup_service,Pickup,Pickup
97,18,Pickup,3,3,3,3,530,533,14:30,14:33,3,0,0.0,2,0.0,160.0,160.0,2,B1447,pickup_service,Pickup,Pickup
97,19,Movement,3,9,3,9,533,548,14:33,14:48,15,15,52.78,0,0.0,160.0,107.22,2,B1452,passenger_flight,Position,Delivery
97,20,Delivery,9,9,9,9,548,551,14:48,14:51,3,0,0.0,2,8.534,107.22,115.754,1,B1452,delivery_service,Delivery,Delivery
97,21,Delivery,9,9,9,9,551,554,14:51,14:54,3,0,0.0,2,8.534,115.754,124.288,0,B1447,delivery_service,Delivery,Delivery
97,22,Stay,9,9,9,9,554,640,14:54,16:20,86,0,0.0,86,35.712,124.288,160.0,0,B1997,parking_charging,Position,Movement
97,23,Movement,9,8,9,8,640,646,16:20,16:26,6,6,18.04,0,0.0,160.0,141.96,0,B1997,empty_repositioning,Position,Pickup
97,24,Pickup,8,8,8,8,646,649,16:26,16:29,3,0,0.0,2,8.534,141.96,150.494,1,B1997,pickup_service,Pickup,Pickup
97,25,Stay,8,8,8,8,649,652,16:29,16:32,3,0,0.0,3,9.506,150.494,160.0,1,B1997,parking_charging,Position,Movement
97,26,Movement,8,4,8,4,652,663,16:32,16:43,11,11,39.54,0,0.0,160.0,120.46,1,B1997,passenger_flight,Position,Delivery
97,27,Delivery,4,4,4,4,663,666,16:43,16:46,3,0,0.0,2,8.534,120.46,128.994,0,B1997,delivery_service,Delivery,Delivery
97,28,Pickup,4,4,4,4,666,669,16:46,16:49,3,0,0.0,2,8.534,128.994,137.528,1,B2107,pickup_service,Pickup,Pickup
97,29,Movement,4,2,4,2,669,675,16:49,16:55,6,6,16.13,0,0.0,137.528,121.398,1,B2107,passenger_flight,Position,Delivery
97,30,Delivery,2,2,2,2,675,678,16:55,16:58,3,0,0.0,2,8.534,121.398,129.932,0,B2107,delivery_service,Delivery,Delivery
97,31,Pickup,2,2,2,2,678,681,16:58,17:01,3,0,0.0,2,8.534,129.932,138.466,1,B2203,pickup_service,Pickup,Pickup
97,32,Movement,2,4,2,4,681,687,17:01,17:07,6,6,16.13,0,0.0,138.466,122.336,1,B2203,passenger_flight,Position,Delivery
97,33,Delivery,4,4,4,4,687,690,17:07,17:10,3,0,0.0,2,8.534,122.336,130.87,0,B2203,delivery_service,Delivery,Delivery
97,34,Stay,4,4,4,4,690,691,17:10,17:11,1,0,0.0,1,4.267,130.87,135.137,0,B2389,parking_charging,Position,Pickup
97,35,Pickup,4,4,4,4,691,694,17:11,17:14,3,0,0.0,2,8.534,135.137,143.671,1,B2389,pickup_service,Pickup,Pickup
97,36,Pickup,4,4,4,4,694,697,17:14,17:17,3,0,0.0,2,8.534,143.671,152.205,2,B2369,pickup_service,Pickup,Pickup
97,37,Movement,4,2,4,2,697,703,17:17,17:23,6,6,16.13,0,0.0,152.205,136.075,2,B2389,passenger_flight,Position,Delivery
97,38,Delivery,2,2,2,2,703,706,17:23,17:26,3,0,0.0,2,8.534,136.075,144.609,1,B2389,delivery_service,Delivery,Delivery
97,39,Delivery,2,2,2,2,706,709,17:26,17:29,3,0,0.0,2,8.534,144.609,153.143,0,B2369,delivery_service,Delivery,Delivery
97,40,Stay,2,2,2,2,709,720,17:29,17:40,11,0,0.0,11,6.857,153.143,160.0,0,B2628,parking_charging,Position,Pickup
97,41,Pickup,2,2,2,2,720,723,17:40,17:43,3,0,0.0,2,0.0,160.0,160.0,1,B2628,pickup_service,Pickup,Pickup
97,42,Movement,2,1,2,1,723,730,17:43,17:50,7,7,13.61,0,0.0,160.0,146.39,1,B2628,passenger_flight,Position,Delivery
97,43,Delivery,1,1,1,1,730,733,17:50,17:53,3,0,0.0,2,8.534,146.39,154.924,0,B2628,delivery_service,Delivery,Delivery
97,44,Pickup,1,1,1,1,733,736,17:53,17:56,3,0,0.0,2,5.076,154.924,160.0,1,B2776,pickup_service,Pickup,Pickup
97,45,Movement,1,2,1,2,736,743,17:56,18:03,7,7,13.61,0,0.0,160.0,146.39,1,B2776,passenger_flight,Position,Delivery
97,46,Delivery,2,2,2,2,743,746,18:03,18:06,3,0,0.0,2,8.534,146.39,154.924,0,B2776,delivery_service,Delivery,Delivery
97,47,Pickup,2,2,2,2,746,749,18:06,18:09,3,0,0.0,2,5.076,154.924,160.0,1,B2911,pickup_service,Pickup,Pickup
97,48,Movement,2,4,2,4,749,755,18:09,18:15,6,6,16.13,0,0.0,160.0,143.87,1,B2911,passenger_flight,Position,Delivery
97,49,Delivery,4,4,4,4,755,758,18:15,18:18,3,0,0.0,2,8.534,143.87,152.404,0,B2911,delivery_service,Delivery,Delivery
97,50,Stay,4,4,4,4,758,771,18:18,18:31,13,0,0.0,13,7.596,152.404,160.0,0,B3122,parking_charging,Position,Pickup
97,51,Pickup,4,4,4,4,771,774,18:31,18:34,3,0,0.0,2,0.0,160.0,160.0,1,B3122,pickup_service,Pickup,Pickup
97,52,Movement,4,3,4,3,774,781,18:34,18:41,7,7,12.6,0,0.0,160.0,147.4,1,B3122,passenger_flight,Position,Delivery
97,53,Delivery,3,3,3,3,781,784,18:41,18:44,3,0,0.0,2,8.534,147.4,155.934,0,B3122,delivery_service,Delivery,Delivery
97,54,Movement,3,1,3,1,784,790,18:44,18:50,6,6,9.61,0,0.0,155.934,146.324,0,B3209,empty_repositioning,Position,Pickup
97,55,Pickup,1,1,1,1,790,793,18:50,18:53,3,0,0.0,2,8.534,146.324,154.858,1,B3209,pickup_service,Pickup,Pickup
97,56,Pickup,1,1,1,1,793,796,18:53,18:56,3,0,0.0,2,5.142,154.858,160.0,2,B3241,pickup_service,Pickup,Pickup
97,57,Movement,1,5,1,5,796,804,18:56,19:04,8,8,14.88,0,0.0,160.0,145.12,2,B3209,passenger_flight,Position,Delivery
97,58,Delivery,5,5,5,5,804,807,19:04,19:07,3,0,0.0,2,8.534,145.12,153.654,1,B3209,delivery_service,Delivery,Delivery
97,59,Delivery,5,5,5,5,807,810,19:07,19:10,3,0,0.0,2,6.346,153.654,160.0,0,B3241,delivery_service,Delivery,Delivery
97,60,Movement,5,8,5,8,810,824,19:10,19:24,14,14,47.79,0,0.0,160.0,112.21,0,,return_to_depot,Position,Depot
98,0,Stay,9,9,9,9,0,270,05:40,10:10,270,0,0.0,270,0.0,160.0,160.0,0,B558,parking_charging,Position,Pickup
98,1,Pickup,9,9,9,9,270,273,10:10,10:13,3,0,0.0,2,0.0,160.0,160.0,1,B558,pickup_service,Pickup,Pickup
98,2,Movement,9,10,9,10,273,292,10:13,10:32,19,19,69.89,0,0.0,160.0,90.11,1,B558,passenger_flight,Position,Delivery
98,3,Delivery,10,10,10,10,292,295,10:32,10:35,3,0,0.0,2,8.534,90.11,98.644,0,B558,delivery_service,Delivery,Delivery
98,4,Stay,10,10,10,10,295,315,10:35,10:55,20,0,0.0,20,61.356,98.644,160.0,0,B807,parking_charging,Position,Pickup
98,5,Pickup,10,10,10,10,315,318,10:55,10:58,3,0,0.0,2,0.0,160.0,160.0,1,B807,pickup_service,Pickup,Pickup
98,6,Pickup,10,10,10,10,318,321,10:58,11:01,3,0,0.0,2,0.0,160.0,160.0,2,B812,pickup_service,Pickup,Pickup
98,7,Movement,10,4,10,4,321,333,11:01,11:13,12,12,42.86,0,0.0,160.0,117.14,2,B812,passenger_flight,Position,Delivery
98,8,Delivery,4,4,4,4,333,336,11:13,11:16,3,0,0.0,2,8.534,117.14,125.674,1,B812,delivery_service,Delivery,Delivery
98,9,Movement,4,3,4,3,336,343,11:16,11:23,7,7,12.6,0,0.0,125.674,113.074,1,B807,passenger_flight,Position,Delivery
98,10,Delivery,3,3,3,3,343,346,11:23,11:26,3,0,0.0,2,8.534,113.074,121.608,0,B807,delivery_service,Delivery,Delivery
98,11,Pickup,3,3,3,3,346,349,11:26,11:29,3,0,0.0,2,8.534,121.608,130.142,1,B952,pickup_service,Pickup,Pickup
98,12,Movement,3,9,3,9,349,364,11:29,11:44,15,15,52.78,0,0.0,130.142,77.362,1,B952,passenger_flight,Position,Delivery
98,13,Delivery,9,9,9,9,364,367,11:44,11:47,3,0,0.0,2,8.534,77.362,85.896,0,B952,delivery_service,Delivery,Delivery
98,14,Stay,9,9,9,9,367,647,11:47,16:27,280,0,0.0,280,74.104,85.896,160.0,0,B2021,parking_charging,Position,Pickup
98,15,Pickup,9,9,9,9,647,650,16:27,16:30,3,0,0.0,2,0.0,160.0,160.0,1,B2021,pickup_service,Pickup,Pickup
98,16,Stay,9,9,9,9,650,658,16:30,16:38,8,0,0.0,8,0.0,160.0,160.0,1,B2021,parking_charging,Position,Movement
98,17,Movement,9,5,9,5,658,675,16:38,16:55,17,17,62.04,0,0.0,160.0,97.96,1,B2021,passenger_flight,Position,Delivery
98,18,Delivery,5,5,5,5,675,678,16:55,16:58,3,0,0.0,2,8.534,97.96,106.494,0,B2021,delivery_service,Delivery,Delivery
98,19,Stay,5,5,5,5,678,680,16:58,17:00,2,0,0.0,2,8.534,106.494,115.028,0,B2285,parking_charging,Position,Movement
98,20,Movement,5,3,5,3,680,688,17:00,17:08,8,8,23.93,0,0.0,115.028,91.098,0,B2285,empty_repositioning,Position,Pickup
98,21,Pickup,3,3,3,3,688,691,17:08,17:11,3,0,0.0,2,8.534,91.098,99.632,1,B2285,pickup_service,Pickup,Pickup
98,22,Movement,3,4,3,4,691,698,17:11,17:18,7,7,12.6,0,0.0,99.632,87.032,1,B2285,passenger_flight,Position,Delivery
98,23,Delivery,4,4,4,4,698,701,17:18,17:21,3,0,0.0,2,8.534,87.032,95.566,0,B2285,delivery_service,Delivery,Delivery
98,24,Stay,4,4,4,4,701,711,17:21,17:31,10,0,0.0,10,42.67,95.566,138.236,0,B2609,parking_charging,Position,Pickup
98,25,Pickup,4,4,4,4,711,714,17:31,17:34,3,0,0.0,2,8.534,138.236,146.77,1,B2609,pickup_service,Pickup,Pickup
98,26,Stay,4,4,4,4,714,717,17:34,17:37,3,0,0.0,3,12.801,146.77,159.571,1,B2674,parking_charging,Position,Pickup
98,27,Pickup,4,4,4,4,717,720,17:37,17:40,3,0,0.0,2,0.429,159.571,160.0,2,B2674,pickup_service,Pickup,Pickup
98,28,Movement,4,3,4,3,720,727,17:40,17:47,7,7,12.6,0,0.0,160.0,147.4,2,B2609,passenger_flight,Position,Delivery
98,29,Delivery,3,3,3,3,727,730,17:47,17:50,3,0,0.0,2,8.534,147.4,155.934,1,B2609,delivery_service,Delivery,Delivery
98,30,Stay,3,3,3,3,730,733,17:50,17:53,3,0,0.0,3,4.066,155.934,160.0,1,B2674,parking_charging,Position,Delivery
98,31,Delivery,3,3,3,3,733,736,17:53,17:56,3,0,0.0,2,0.0,160.0,160.0,0,B2674,delivery_service,Delivery,Delivery
98,32,Pickup,3,3,3,3,736,739,17:56,17:59,3,0,0.0,2,0.0,160.0,160.0,2,B2793,pickup_service,Pickup,Pickup
98,33,Movement,3,5,3,5,739,747,17:59,18:07,8,8,23.93,0,0.0,160.0,136.07,2,B2793,passenger_flight,Position,Delivery
98,34,Delivery,5,5,5,5,747,750,18:07,18:10,3,0,0.0,2,8.534,136.07,144.604,0,B2793,delivery_service,Delivery,Delivery
98,35,Stay,5,5,5,5,750,780,18:10,18:40,30,0,0.0,30,15.396,144.604,160.0,0,B3165,parking_charging,Position,Movement
98,36,Movement,5,4,5,4,780,786,18:40,18:46,6,6,11.45,0,0.0,160.0,148.55,0,B3165,empty_repositioning,Position,Pickup
98,37,Pickup,4,4,4,4,786,789,18:46,18:49,3,0,0.0,2,8.534,148.55,157.084,1,B3165,pickup_service,Pickup,Pickup
98,38,Movement,4,8,4,8,789,800,18:49,19:00,11,11,39.54,0,0.0,157.084,117.544,1,B3165,passenger_flight,Position,Delivery
98,39,Delivery,8,8,8,8,800,803,19:00,19:03,3,0,0.0,2,8.534,117.544,126.078,0,B3165,delivery_service,Delivery,Delivery
98,40,Movement,8,9,8,9,803,809,19:03,19:09,6,6,18.04,0,0.0,126.078,108.038,0,,return_to_depot,Position,Depot
99,0,Stay,10,10,10,10,0,157,05:40,08:17,157,0,0.0,157,0.0,160.0,160.0,0,B200,parking_charging,Position,Pickup
99,1,Pickup,10,10,10,10,157,160,08:17,08:20,3,0,0.0,2,0.0,160.0,160.0,1,B200,pickup_service,Pickup,Pickup
99,2,Movement,10,9,10,9,160,179,08:20,08:39,19,19,69.89,0,0.0,160.0,90.11,1,B200,passenger_flight,Position,Delivery
99,3,Delivery,9,9,9,9,179,182,08:39,08:42,3,0,0.0,2,8.534,90.11,98.644,0,B200,delivery_service,Delivery,Delivery
99,4,Stay,9,9,9,9,182,300,08:42,10:40,118,0,0.0,118,61.356,98.644,160.0,0,B699,parking_charging,Position,Pickup
99,5,Pickup,9,9,9,9,300,303,10:40,10:43,3,0,0.0,2,0.0,160.0,160.0,1,B699,pickup_service,Pickup,Pickup
99,6,Movement,9,1,9,1,303,319,10:43,10:59,16,16,57.72,0,0.0,160.0,102.28,1,B699,passenger_flight,Position,Delivery
99,7,Delivery,1,1,1,1,319,322,10:59,11:02,3,0,0.0,2,8.534,102.28,110.814,0,B699,delivery_service,Delivery,Delivery
99,8,Stay,1,1,1,1,322,501,11:02,14:01,179,0,0.0,179,49.186,110.814,160.0,0,B1355,parking_charging,Position,Movement
99,9,Movement,1,4,1,4,501,505,14:01,14:05,4,4,4.98,0,0.0,160.0,155.02,0,B1355,empty_repositioning,Position,Pickup
99,10,Pickup,4,4,4,4,505,508,14:05,14:08,3,0,0.0,2,4.98,155.02,160.0,1,B1355,pickup_service,Pickup,Pickup
99,11,Movement,4,10,4,10,508,520,14:08,14:20,12,12,42.86,0,0.0,160.0,117.14,1,B1355,passenger_flight,Position,Delivery
99,12,Delivery,10,10,10,10,520,523,14:20,14:23,3,0,0.0,2,8.534,117.14,125.674,0,B1355,delivery_service,Delivery,Delivery
99,13,Stay,10,10,10,10,523,581,14:23,15:21,58,0,0.0,58,34.326,125.674,160.0,0,B1673,parking_charging,Position,Pickup
99,14,Pickup,10,10,10,10,581,584,15:21,15:24,3,0,0.0,2,0.0,160.0,160.0,1,B1673,pickup_service,Pickup,Pickup
99,15,Movement,10,9,10,9,584,603,15:24,15:43,19,19,69.89,0,0.0,160.0,90.11,1,B1673,passenger_flight,Position,Delivery
99,16,Delivery,9,9,9,9,603,606,15:43,15:46,3,0,0.0,2,8.534,90.11,98.644,0,B1673,delivery_service,Delivery,Delivery
99,17,Stay,9,9,9,9,606,646,15:46,16:26,40,0,0.0,40,61.356,98.644,160.0,0,B2052,parking_charging,Position,Movement
99,18,Movement,9,8,9,8,646,652,16:26,16:32,6,6,18.04,0,0.0,160.0,141.96,0,B2052,empty_repositioning,Position,Pickup
99,19,Pickup,8,8,8,8,652,655,16:32,16:35,3,0,0.0,2,8.534,141.96,150.494,1,B2052,pickup_service,Pickup,Pickup
99,20,Stay,8,8,8,8,655,661,16:35,16:41,6,0,0.0,6,9.506,150.494,160.0,1,B2052,parking_charging,Position,Movement
99,21,Movement,8,4,8,4,661,672,16:41,16:52,11,11,39.54,0,0.0,160.0,120.46,1,B2052,passenger_flight,Position,Delivery
99,22,Delivery,4,4,4,4,672,675,16:52,16:55,3,0,0.0,2,8.534,120.46,128.994,0,B2052,delivery_service,Delivery,Delivery
99,23,Pickup,4,4,4,4,675,678,16:55,16:58,3,0,0.0,2,8.534,128.994,137.528,1,B2220,pickup_service,Pickup,Pickup
99,24,Stay,4,4,4,4,678,683,16:58,17:03,5,0,0.0,5,21.335,137.528,158.863,1,B2220,parking_charging,Position,Movement
99,25,Movement,4,2,4,2,683,689,17:03,17:09,6,6,16.13,0,0.0,158.863,142.733,1,B2220,passenger_flight,Position,Delivery
99,26,Delivery,2,2,2,2,689,692,17:09,17:12,3,0,0.0,2,8.534,142.733,151.267,0,B2220,delivery_service,Delivery,Delivery
99,27,Pickup,2,2,2,2,692,695,17:12,17:15,3,0,0.0,2,8.534,151.267,159.801,1,B2384,pickup_service,Pickup,Pickup
99,28,Pickup,2,2,2,2,695,698,17:15,17:18,3,0,0.0,2,0.199,159.801,160.0,2,B2343,pickup_service,Pickup,Pickup
99,29,Movement,2,4,2,4,698,704,17:18,17:24,6,6,16.13,0,0.0,160.0,143.87,2,B2343,passenger_flight,Position,Delivery
99,30,Delivery,4,4,4,4,704,707,17:24,17:27,3,0,0.0,2,8.534,143.87,152.404,1,B2343,delivery_service,Delivery,Delivery
99,31,Delivery,4,4,4,4,707,710,17:27,17:30,3,0,0.0,2,7.596,152.404,160.0,0,B2384,delivery_service,Delivery,Delivery
99,32,Stay,4,4,4,4,710,735,17:30,17:55,25,0,0.0,25,0.0,160.0,160.0,0,B2877,parking_charging,Position,Pickup
99,33,Pickup,4,4,4,4,735,738,17:55,17:58,3,0,0.0,2,0.0,160.0,160.0,1,B2877,pickup_service,Pickup,Pickup
99,34,Stay,4,4,4,4,738,743,17:58,18:03,5,0,0.0,5,0.0,160.0,160.0,1,B2877,parking_charging,Position,Movement
99,35,Movement,4,7,4,7,743,750,18:03,18:10,7,7,21.43,0,0.0,160.0,138.57,1,B2877,passenger_flight,Position,Delivery
99,36,Delivery,7,7,7,7,750,753,18:10,18:13,3,0,0.0,2,8.534,138.57,147.104,0,B2877,delivery_service,Delivery,Delivery
99,37,Pickup,7,7,7,7,753,756,18:13,18:16,3,0,0.0,2,8.534,147.104,155.638,1,B2968,pickup_service,Pickup,Pickup
99,38,Movement,7,6,7,6,756,768,18:16,18:28,12,12,43.48,0,0.0,155.638,112.158,1,B2968,passenger_flight,Position,Delivery
99,39,Delivery,6,6,6,6,768,771,18:28,18:31,3,0,0.0,2,8.534,112.158,120.692,0,B2968,delivery_service,Delivery,Delivery
99,40,Movement,6,1,6,1,771,778,18:31,18:38,7,7,23.39,0,0.0,120.692,97.302,0,B3155,empty_repositioning,Position,Pickup
99,41,Pickup,1,1,1,1,778,781,18:38,18:41,3,0,0.0,2,8.534,97.302,105.836,1,B3155,pickup_service,Pickup,Pickup
99,42,Stay,1,1,1,1,781,784,18:41,18:44,3,0,0.0,3,12.801,105.836,118.637,1,B3155,parking_charging,Position,Movement
99,43,Movement,1,7,1,7,784,791,18:44,18:51,7,7,21.03,0,0.0,118.637,97.607,1,B3155,passenger_flight,Position,Delivery
99,44,Delivery,7,7,7,7,791,794,18:51,18:54,3,0,0.0,2,8.534,97.607,106.141,0,B3155,delivery_service,Delivery,Delivery
99,45,Movement,7,10,7,10,794,810,18:54,19:10,16,16,57.99,0,0.0,106.141,48.151,0,,return_to_depot,Position,Depot
100,0,Stay,1,1,1,1,0,511,05:40,14:11,511,0,0.0,511,0.0,160.0,160.0,0,B1378,parking_charging,Position,Pickup
100,1,Pickup,1,1,1,1,511,514,14:11,14:14,3,0,0.0,2,0.0,160.0,160.0,1,B1378,pickup_service,Pickup,Pickup
100,2,Pickup,1,1,1,1,514,517,14:14,14:17,3,0,0.0,2,0.0,160.0,160.0,2,B1352,pickup_service,Pickup,Pickup
100,3,Movement,1,9,1,9,517,533,14:17,14:33,16,16,57.72,0,0.0,160.0,102.28,2,B1352,passenger_flight,Position,Delivery
100,4,Delivery,9,9,9,9,533,536,14:33,14:36,3,0,0.0,2,8.534,102.28,110.814,1,B1352,delivery_service,Delivery,Delivery
100,5,Delivery,9,9,9,9,536,539,14:36,14:39,3,0,0.0,2,8.534,110.814,119.348,0,B1378,delivery_service,Delivery,Delivery
100,6,Stay,9,9,9,9,539,679,14:39,16:59,140,0,0.0,140,40.652,119.348,160.0,0,B2258,parking_charging,Position,Pickup
100,7,Pickup,9,9,9,9,679,682,16:59,17:02,3,0,0.0,2,0.0,160.0,160.0,1,B2258,pickup_service,Pickup,Pickup
100,8,Movement,9,1,9,1,682,698,17:02,17:18,16,16,57.72,0,0.0,160.0,102.28,1,B2258,passenger_flight,Position,Delivery
100,9,Delivery,1,1,1,1,698,701,17:18,17:21,3,0,0.0,2,8.534,102.28,110.814,0,B2258,delivery_service,Delivery,Delivery
100,10,Pickup,1,1,1,1,701,704,17:21,17:24,3,0,0.0,2,8.534,110.814,119.348,1,B2422,pickup_service,Pickup,Pickup
100,11,Movement,1,3,1,3,704,710,17:24,17:30,6,6,9.61,0,0.0,119.348,109.738,1,B2422,passenger_flight,Position,Delivery
100,12,Delivery,3,3,3,3,710,713,17:30,17:33,3,0,0.0,2,8.534,109.738,118.272,0,B2422,delivery_service,Delivery,Delivery
100,13,Pickup,3,3,3,3,713,716,17:33,17:36,3,0,0.0,2,8.534,118.272,126.806,1,B2554,pickup_service,Pickup,Pickup
100,14,Movement,3,1,3,1,716,722,17:36,17:42,6,6,9.61,0,0.0,126.806,117.196,1,B2554,passenger_flight,Position,Delivery
100,15,Delivery,1,1,1,1,722,725,17:42,17:45,3,0,0.0,2,8.534,117.196,125.73,0,B2554,delivery_service,Delivery,Delivery
100,16,Pickup,1,1,1,1,725,728,17:45,17:48,3,0,0.0,2,8.534,125.73,134.264,1,B2711,pickup_service,Pickup,Pickup
100,17,Movement,1,6,1,6,728,735,17:48,17:55,7,7,23.39,0,0.0,134.264,110.874,1,B2860,passenger_flight,Position,Pickup
100,18,Pickup,6,6,6,6,735,738,17:55,17:58,3,0,0.0,2,8.534,110.874,119.408,2,B2860,pickup_service,Pickup,Pickup
100,19,Delivery,6,6,6,6,738,741,17:58,18:01,3,0,0.0,2,8.534,119.408,127.942,1,B2711,delivery_service,Delivery,Delivery
100,20,Movement,6,2,6,2,741,752,18:01,18:12,11,11,37.0,0,0.0,127.942,90.942,1,B2860,passenger_flight,Position,Delivery
100,21,Delivery,2,2,2,2,752,755,18:12,18:15,3,0,0.0,2,8.534,90.942,99.476,0,B2860,delivery_service,Delivery,Delivery
100,22,Pickup,2,2,2,2,755,758,18:15,18:18,3,0,0.0,2,8.534,99.476,108.01,1,B2977,pickup_service,Pickup,Pickup
100,23,Movement,2,1,2,1,758,765,18:18,18:25,7,7,13.61,0,0.0,108.01,94.4,1,B2977,passenger_flight,Position,Delivery
100,24,Delivery,1,1,1,1,765,768,18:25,18:28,3,0,0.0,2,8.534,94.4,102.934,0,B2977,delivery_service,Delivery,Delivery
100,25,Stay,1,1,1,1,768,774,18:28,18:34,6,0,0.0,6,25.602,102.934,128.536,0,B3138,parking_charging,Position,Pickup
100,26,Pickup,1,1,1,1,774,777,18:34,18:37,3,0,0.0,2,8.534,128.536,137.07,2,B3138,pickup_service,Pickup,Pickup
100,27,Stay,1,1,1,1,777,778,18:37,18:38,1,0,0.0,1,4.267,137.07,141.337,2,B3162,parking_charging,Position,Pickup
100,28,Pickup,1,1,1,1,778,781,18:38,18:41,3,0,0.0,2,8.534,141.337,149.871,4,B3162,pickup_service,Pickup,Pickup
100,29,Movement,1,7,1,7,781,788,18:41,18:48,7,7,21.03,0,0.0,149.871,128.841,4,B3138,passenger_flight,Position,Delivery
100,30,Delivery,7,7,7,7,788,791,18:48,18:51,3,0,0.0,2,8.534,128.841,137.375,2,B3138,delivery_service,Delivery,Delivery
100,31,Movement,7,8,7,8,791,798,18:51,18:58,7,7,22.2,0,0.0,137.375,115.175,2,B3162,passenger_flight,Position,Delivery
100,32,Delivery,8,8,8,8,798,801,18:58,19:01,3,0,0.0,2,8.534,115.175,123.709,0,B3162,delivery_service,Delivery,Delivery
100,33,Pickup,8,8,8,8,801,804,19:01,19:04,3,0,0.0,2,8.534,123.709,132.243,2,B3290,pickup_service,Pickup,Pickup
100,34,Movement,8,1,8,1,804,816,19:04,19:16,12,12,41.05,0,0.0,132.243,91.193,2,B3290,passenger_flight,Position,Delivery
100,35,Delivery,1,1,1,1,816,819,19:16,19:19,3,0,0.0,2,8.534,91.193,99.727,0,B3290,delivery_service,Delivery,Delivery
101,0,Stay,2,2,2,2,0,200,05:40,09:00,200,0,0.0,200,0.0,160.0,160.0,0,B348,parking_charging,Position,Pickup
101,1,Pickup,2,2,2,2,200,203,09:00,09:03,3,0,0.0,2,0.0,160.0,160.0,1,B348,pickup_service,Pickup,Pickup
101,2,Pickup,2,2,2,2,203,206,09:03,09:06,3,0,0.0,2,0.0,160.0,160.0,2,B340,pickup_service,Pickup,Pickup
101,3,Movement,2,4,2,4,206,212,09:06,09:12,6,6,16.13,0,0.0,160.0,143.87,2,B340,passenger_flight,Position,Delivery
101,4,Delivery,4,4,4,4,212,215,09:12,09:15,3,0,0.0,2,8.534,143.87,152.404,1,B340,delivery_service,Delivery,Delivery
101,5,Delivery,4,4,4,4,215,218,09:15,09:18,3,0,0.0,2,7.596,152.404,160.0,0,B348,delivery_service,Delivery,Delivery
101,6,Stay,4,4,4,4,218,314,09:18,10:54,96,0,0.0,96,0.0,160.0,160.0,0,B801,parking_charging,Position,Pickup
101,7,Pickup,4,4,4,4,314,317,10:54,10:57,3,0,0.0,2,0.0,160.0,160.0,1,B801,pickup_service,Pickup,Pickup
101,8,Movement,4,3,4,3,317,324,10:57,11:04,7,7,12.6,0,0.0,160.0,147.4,1,B801,passenger_flight,Position,Delivery
101,9,Delivery,3,3,3,3,324,327,11:04,11:07,3,0,0.0,2,8.534,147.4,155.934,0,B801,delivery_service,Delivery,Delivery
101,10,Stay,3,3,3,3,327,525,11:07,14:25,198,0,0.0,198,4.066,155.934,160.0,0,B1469,parking_charging,Position,Movement
101,11,Movement,3,1,3,1,525,531,14:25,14:31,6,6,9.61,0,0.0,160.0,150.39,0,B1469,empty_repositioning,Position,Pickup
101,12,Pickup,1,1,1,1,531,534,14:31,14:34,3,0,0.0,2,8.534,150.39,158.924,1,B1469,pickup_service,Pickup,Pickup
101,13,Stay,1,1,1,1,534,542,14:34,14:42,8,0,0.0,8,1.076,158.924,160.0,1,B1469,parking_charging,Position,Movement
101,14,Movement,1,9,1,9,542,558,14:42,14:58,16,16,57.72,0,0.0,160.0,102.28,1,B1469,passenger_flight,Position,Delivery
101,15,Delivery,9,9,9,9,558,561,14:58,15:01,3,0,0.0,2,8.534,102.28,110.814,0,B1469,delivery_service,Delivery,Delivery
101,16,Stay,9,9,9,9,561,663,15:01,16:43,102,0,0.0,102,49.186,110.814,160.0,0,B2134,parking_charging,Position,Pickup
101,17,Pickup,9,9,9,9,663,666,16:43,16:46,3,0,0.0,2,0.0,160.0,160.0,1,B2134,pickup_service,Pickup,Pickup
101,18,Pickup,9,9,9,9,666,669,16:46,16:49,3,0,0.0,2,0.0,160.0,160.0,2,B2114,pickup_service,Pickup,Pickup
101,19,Movement,9,5,9,5,669,686,16:49,17:06,17,17,62.04,0,0.0,160.0,97.96,2,B2134,passenger_flight,Position,Delivery
101,20,Delivery,5,5,5,5,686,689,17:06,17:09,3,0,0.0,2,8.534,97.96,106.494,1,B2134,delivery_service,Delivery,Delivery
101,21,Delivery,5,5,5,5,689,692,17:09,17:12,3,0,0.0,2,8.534,106.494,115.028,0,B2114,delivery_service,Delivery,Delivery
101,22,Stay,5,5,5,5,692,740,17:12,18:00,48,0,0.0,48,44.972,115.028,160.0,0,B2997,parking_charging,Position,Movement
101,23,Movement,5,9,5,9,740,757,18:00,18:17,17,17,62.04,0,0.0,160.0,97.96,0,B2997,empty_repositioning,Position,Pickup
101,24,Pickup,9,9,9,9,757,760,18:17,18:20,3,0,0.0,2,8.534,97.96,106.494,1,B2997,pickup_service,Pickup,Pickup
101,25,Movement,9,6,9,6,760,780,18:20,18:40,20,20,74.79,0,0.0,106.494,31.704,1,B2997,passenger_flight,Position,Delivery
101,26,Delivery,6,6,6,6,780,783,18:40,18:43,3,0,0.0,2,8.534,31.704,40.238,0,B2997,delivery_service,Delivery,Delivery
101,27,Stay,6,6,6,6,783,800,18:43,19:00,17,0,0.0,17,72.539,40.238,112.777,0,B3305,parking_charging,Position,Movement
101,28,Movement,6,1,6,1,800,807,19:00,19:07,7,7,23.39,0,0.0,112.777,89.387,0,B3305,empty_repositioning,Position,Pickup
101,29,Pickup,1,1,1,1,807,810,19:07,19:10,3,0,0.0,2,8.534,89.387,97.921,1,B3305,pickup_service,Pickup,Pickup
101,30,Movement,1,3,1,3,810,816,19:10,19:16,6,6,9.61,0,0.0,97.921,88.311,1,B3305,passenger_flight,Position,Delivery
101,31,Delivery,3,3,3,3,816,819,19:16,19:19,3,0,0.0,2,8.534,88.311,96.845,0,B3305,delivery_service,Delivery,Delivery
101,32,Movement,3,2,3,2,819,822,19:19,19:22,3,3,4.08,0,0.0,96.845,92.765,0,,return_to_depot,Position,Depot
102,0,Stay,3,3,3,3,0,153,05:40,08:13,153,0,0.0,153,0.0,160.0,160.0,0,B178,parking_charging,Position,Pickup
102,1,Pickup,3,3,3,3,153,156,08:13,08:16,3,0,0.0,2,0.0,160.0,160.0,1,B178,pickup_service,Pickup,Pickup
102,2,Stay,3,3,3,3,156,158,08:16,08:18,2,0,0.0,2,0.0,160.0,160.0,1,B202,parking_charging,Position,Pickup
102,3,Pickup,3,3,3,3,158,161,08:18,08:21,3,0,0.0,2,0.0,160.0,160.0,2,B202,pickup_service,Pickup,Pickup
102,4,Movement,3,8,3,8,161,171,08:21,08:31,10,10,35.17,0,0.0,160.0,124.83,2,B178,passenger_flight,Position,Delivery
102,5,Delivery,8,8,8,8,171,174,08:31,08:34,3,0,0.0,2,8.534,124.83,133.364,1,B178,delivery_service,Delivery,Delivery
102,6,Movement,8,9,8,9,174,180,08:34,08:40,6,6,18.04,0,0.0,133.364,115.324,1,B202,passenger_flight,Position,Delivery
102,7,Delivery,9,9,9,9,180,183,08:40,08:43,3,0,0.0,2,8.534,115.324,123.858,0,B202,delivery_service,Delivery,Delivery
102,8,Stay,9,9,9,9,183,266,08:43,10:06,83,0,0.0,83,36.142,123.858,160.0,0,B574,parking_charging,Position,Movement
102,9,Movement,9,8,9,8,266,272,10:06,10:12,6,6,18.04,0,0.0,160.0,141.96,0,B574,empty_repositioning,Position,Pickup
102,10,Pickup,8,8,8,8,272,275,10:12,10:15,3,0,0.0,2,8.534,141.96,150.494,1,B574,pickup_service,Pickup,Pickup
102,11,Stay,8,8,8,8,275,282,10:15,10:22,7,0,0.0,7,9.506,150.494,160.0,1,B574,parking_charging,Position,Movement
102,12,Movement,8,6,8,6,282,299,10:22,10:39,17,17,60.41,0,0.0,160.0,99.59,1,B574,passenger_flight,Position,Delivery
102,13,Delivery,6,6,6,6,299,302,10:39,10:42,3,0,0.0,2,8.534,99.59,108.124,0,B574,delivery_service,Delivery,Delivery
102,14,Stay,6,6,6,6,302,311,10:42,10:51,9,0,0.0,9,38.403,108.124,146.527,0,B788,parking_charging,Position,Pickup
102,15,Pickup,6,6,6,6,311,314,10:51,10:54,3,0,0.0,2,8.534,146.527,155.061,1,B788,pickup_service,Pickup,Pickup
102,16,Stay,6,6,6,6,314,319,10:54,10:59,5,0,0.0,5,4.939,155.061,160.0,1,B788,parking_charging,Position,Movement
102,17,Movement,6,10,6,10,319,330,10:59,11:10,11,11,35.74,0,0.0,160.0,124.26,1,B788,passenger_flight,Position,Delivery
102,18,Delivery,10,10,10,10,330,333,11:10,11:13,3,0,0.0,2,8.534,124.26,132.794,0,B788,delivery_service,Delivery,Delivery
102,19,Pickup,10,10,10,10,333,336,11:13,11:16,3,0,0.0,2,8.534,132.794,141.328,1,B872,pickup_service,Pickup,Pickup
102,20,Movement,10,3,10,3,336,351,11:16,11:31,15,15,54.92,0,0.0,141.328,86.408,1,B872,passenger_flight,Position,Delivery
102,21,Delivery,3,3,3,3,351,354,11:31,11:34,3,0,0.0,2,8.534,86.408,94.942,0,B872,delivery_service,Delivery,Delivery
102,22,Stay,3,3,3,3,354,541,11:34,14:41,187,0,0.0,187,65.058,94.942,160.0,0,B1513,parking_charging,Position,Pickup
102,23,Pickup,3,3,3,3,541,544,14:41,14:44,3,0,0.0,2,0.0,160.0,160.0,1,B1513,pickup_service,Pickup,Pickup
102,24,Pickup,3,3,3,3,544,547,14:44,14:47,3,0,0.0,2,0.0,160.0,160.0,2,B1523,pickup_service,Pickup,Pickup
102,25,Movement,3,1,3,1,547,553,14:47,14:53,6,6,9.61,0,0.0,160.0,150.39,2,B1513,passenger_flight,Position,Delivery
102,26,Delivery,1,1,1,1,553,556,14:53,14:56,3,0,0.0,2,8.534,150.39,158.924,1,B1513,delivery_service,Delivery,Delivery
102,27,Movement,1,4,1,4,556,560,14:56,15:00,4,4,4.98,0,0.0,158.924,153.944,1,B1523,passenger_flight,Position,Delivery
102,28,Delivery,4,4,4,4,560,563,15:00,15:03,3,0,0.0,2,6.056,153.944,160.0,0,B1523,delivery_service,Delivery,Delivery
102,29,Stay,4,4,4,4,563,565,15:03,15:05,2,0,0.0,2,0.0,160.0,160.0,0,B1612,parking_charging,Position,Pickup
102,30,Pickup,4,4,4,4,565,568,15:05,15:08,3,0,0.0,2,0.0,160.0,160.0,1,B1612,pickup_service,Pickup,Pickup
102,31,Pickup,4,4,4,4,568,571,15:08,15:11,3,0,0.0,2,0.0,160.0,160.0,2,B1606,pickup_service,Pickup,Pickup
102,32,Movement,4,2,4,2,571,577,15:11,15:17,6,6,16.13,0,0.0,160.0,143.87,2,B1606,passenger_flight,Position,Delivery
102,33,Delivery,2,2,2,2,577,580,15:17,15:20,3,0,0.0,2,8.534,143.87,152.404,1,B1606,delivery_service,Delivery,Delivery
102,34,Delivery,2,2,2,2,580,583,15:20,15:23,3,0,0.0,2,7.596,152.404,160.0,0,B1612,delivery_service,Delivery,Delivery
102,35,Movement,2,3,2,3,583,586,15:23,15:26,3,3,4.08,0,0.0,160.0,155.92,0,B1681,empty_repositioning,Position,Pickup
102,36,Pickup,3,3,3,3,586,589,15:26,15:29,3,0,0.0,2,4.08,155.92,160.0,1,B1681,pickup_service,Pickup,Pickup
102,37,Movement,3,9,3,9,589,604,15:29,15:44,15,15,52.78,0,0.0,160.0,107.22,1,B1681,passenger_flight,Position,Delivery
102,38,Delivery,9,9,9,9,604,607,15:44,15:47,3,0,0.0,2,8.534,107.22,115.754,0,B1681,delivery_service,Delivery,Delivery
102,39,Stay,9,9,9,9,607,669,15:47,16:49,62,0,0.0,62,44.246,115.754,160.0,0,B2184,parking_charging,Position,Pickup
102,40,Pickup,9,9,9,9,669,672,16:49,16:52,3,0,0.0,2,0.0,160.0,160.0,1,B2184,pickup_service,Pickup,Pickup
102,41,Pickup,9,9,9,9,672,675,16:52,16:55,3,0,0.0,2,0.0,160.0,160.0,2,B2169,pickup_service,Pickup,Pickup
102,42,Movement,9,5,9,5,675,692,16:55,17:12,17,17,62.04,0,0.0,160.0,97.96,2,B2184,passenger_flight,Position,Delivery
102,43,Delivery,5,5,5,5,692,695,17:12,17:15,3,0,0.0,2,8.534,97.96,106.494,1,B2184,delivery_service,Delivery,Delivery
102,44,Delivery,5,5,5,5,695,698,17:15,17:18,3,0,0.0,2,8.534,106.494,115.028,0,B2169,delivery_service,Delivery,Delivery
102,45,Stay,5,5,5,5,698,780,17:18,18:40,82,0,0.0,82,44.972,115.028,160.0,0,B3205,parking_charging,Position,Movement
102,46,Movement,5,4,5,4,780,786,18:40,18:46,6,6,11.45,0,0.0,160.0,148.55,0,B3205,empty_repositioning,Position,Pickup
102,47,Pickup,4,4,4,4,786,789,18:46,18:49,3,0,0.0,2,8.534,148.55,157.084,1,B3205,pickup_service,Pickup,Pickup
102,48,Pickup,4,4,4,4,789,792,18:49,18:52,3,0,0.0,2,2.916,157.084,160.0,2,B3228,pickup_service,Pickup,Pickup
102,49,Movement,4,8,4,8,792,803,18:52,19:03,11,11,39.54,0,0.0,160.0,120.46,2,B3205,passenger_flight,Position,Delivery
102,50,Delivery,8,8,8,8,803,806,19:03,19:06,3,0,0.0,2,8.534,120.46,128.994,1,B3205,delivery_service,Delivery,Delivery
102,51,Delivery,8,8,8,8,806,809,19:06,19:09,3,0,0.0,2,8.534,128.994,137.528,0,B3228,delivery_service,Delivery,Delivery
102,52,Movement,8,3,8,3,809,819,19:09,19:19,10,10,35.17,0,0.0,137.528,102.358,0,,return_to_depot,Position,Depot
103,0,Stay,4,4,4,4,0,286,05:40,10:26,286,0,0.0,286,0.0,160.0,160.0,0,B651,parking_charging,Position,Pickup
103,1,Pickup,4,4,4,4,286,289,10:26,10:29,3,0,0.0,2,0.0,160.0,160.0,1,B651,pickup_service,Pickup,Pickup
103,2,Pickup,4,4,4,4,289,292,10:29,10:32,3,0,0.0,2,0.0,160.0,160.0,2,B628,pickup_service,Pickup,Pickup
103,3,Movement,4,9,4,9,292,307,10:32,10:47,15,15,55.47,0,0.0,160.0,104.53,2,B628,passenger_flight,Position,Delivery
103,4,Delivery,9,9,9,9,307,310,10:47,10:50,3,0,0.0,2,8.534,104.53,113.064,1,B628,delivery_service,Delivery,Delivery
103,5,Delivery,9,9,9,9,310,313,10:50,10:53,3,0,0.0,2,8.534,113.064,121.598,0,B651,delivery_service,Delivery,Delivery
103,6,Stay,9,9,9,9,313,320,10:53,11:00,7,0,0.0,7,29.869,121.598,151.467,0,B836,parking_charging,Position,Movement
103,7,Movement,9,8,9,8,320,326,11:00,11:06,6,6,18.04,0,0.0,151.467,133.427,0,B836,empty_repositioning,Position,Pickup
103,8,Pickup,8,8,8,8,326,329,11:06,11:09,3,0,0.0,2,8.534,133.427,141.961,1,B836,pickup_service,Pickup,Pickup
103,9,Movement,8,6,8,6,329,346,11:09,11:26,17,17,60.41,0,0.0,141.961,81.551,1,B836,passenger_flight,Position,Delivery
103,10,Delivery,6,6,6,6,346,349,11:26,11:29,3,0,0.0,2,8.534,81.551,90.085,0,B836,delivery_service,Delivery,Delivery
103,11,Stay,6,6,6,6,349,353,11:29,11:33,4,0,0.0,4,17.068,90.085,107.153,0,B978,parking_charging,Position,Pickup
103,12,Pickup,6,6,6,6,353,356,11:33,11:36,3,0,0.0,2,8.534,107.153,115.687,1,B978,pickup_service,Pickup,Pickup
103,13,Pickup,6,6,6,6,356,359,11:36,11:39,3,0,0.0,2,8.534,115.687,124.221,2,B995,pickup_service,Pickup,Pickup
103,14,Movement,6,3,6,3,359,369,11:39,11:49,10,10,32.98,0,0.0,124.221,91.241,2,B978,passenger_flight,Position,Delivery
103,15,Delivery,3,3,3,3,369,372,11:49,11:52,3,0,0.0,2,8.534,91.241,99.775,1,B978,delivery_service,Delivery,Delivery
103,16,Movement,3,9,3,9,372,387,11:52,12:07,15,15,52.78,0,0.0,99.775,46.995,1,B995,passenger_flight,Position,Delivery
103,17,Delivery,9,9,9,9,387,390,12:07,12:10,3,0,0.0,2,8.534,46.995,55.529,0,B995,delivery_service,Delivery,Delivery
103,18,Stay,9,9,9,9,390,670,12:10,16:50,280,0,0.0,280,104.471,55.529,160.0,0,B2195,parking_charging,Position,Pickup
103,19,Pickup,9,9,9,9,670,673,16:50,16:53,3,0,0.0,2,0.0,160.0,160.0,1,B2195,pickup_service,Pickup,Pickup
103,20,Stay,9,9,9,9,673,680,16:53,17:00,7,0,0.0,7,0.0,160.0,160.0,1,B2195,parking_charging,Position,Movement
103,21,Movement,9,5,9,5,680,697,17:00,17:17,17,17,62.04,0,0.0,160.0,97.96,1,B2195,passenger_flight,Position,Delivery
103,22,Delivery,5,5,5,5,697,700,17:17,17:20,3,0,0.0,2,8.534,97.96,106.494,0,B2195,delivery_service,Delivery,Delivery
103,23,Stay,5,5,5,5,700,790,17:20,18:50,90,0,0.0,90,53.506,106.494,160.0,0,B3270,parking_charging,Position,Movement
103,24,Movement,5,4,5,4,790,796,18:50,18:56,6,6,11.45,0,0.0,160.0,148.55,0,B3270,empty_repositioning,Position,Pickup
103,25,Pickup,4,4,4,4,796,799,18:56,18:59,3,0,0.0,2,8.534,148.55,157.084,1,B3270,pickup_service,Pickup,Pickup
103,26,Movement,4,8,4,8,799,810,18:59,19:10,11,11,39.54,0,0.0,157.084,117.544,1,B3270,passenger_flight,Position,Delivery
103,27,Delivery,8,8,8,8,810,813,19:10,19:13,3,0,0.0,2,8.534,117.544,126.078,0,B3270,delivery_service,Delivery,Delivery
103,28,Movement,8,4,8,4,813,824,19:13,19:24,11,11,39.54,0,0.0,126.078,86.538,0,,return_to_depot,Position,Depot
104,0,Stay,5,5,5,5,0,163,05:40,08:23,163,0,0.0,163,0.0,160.0,160.0,0,B226,parking_charging,Position,Pickup
104,1,Pickup,5,5,5,5,163,166,08:23,08:26,3,0,0.0,2,0.0,160.0,160.0,1,B226,pickup_service,Pickup,Pickup
104,2,Pickup,5,5,5,5,166,169,08:26,08:29,3,0,0.0,2,0.0,160.0,160.0,2,B230,pickup_service,Pickup,Pickup
104,3,Movement,5,3,5,3,169,177,08:29,08:37,8,8,23.93,0,0.0,160.0,136.07,2,B226,passenger_flight,Position,Delivery
104,4,Delivery,3,3,3,3,177,180,08:37,08:40,3,0,0.0,2,8.534,136.07,144.604,1,B226,delivery_service,Delivery,Delivery
104,5,Movement,3,2,3,2,180,183,08:40,08:43,3,3,4.08,0,0.0,144.604,140.524,1,B230,passenger_flight,Position,Delivery
104,6,Delivery,2,2,2,2,183,186,08:43,08:46,3,0,0.0,2,8.534,140.524,149.058,0,B230,delivery_service,Delivery,Delivery
104,7,Stay,2,2,2,2,186,200,08:46,09:00,14,0,0.0,14,10.942,149.058,160.0,0,B355,parking_charging,Position,Pickup
104,8,Pickup,2,2,2,2,200,203,09:00,09:03,3,0,0.0,2,0.0,160.0,160.0,1,B355,pickup_service,Pickup,Pickup
104,9,Stay,2,2,2,2,203,204,09:03,09:04,1,0,0.0,1,0.0,160.0,160.0,1,B363,parking_charging,Position,Pickup
104,10,Pickup,2,2,2,2,204,207,09:04,09:07,3,0,0.0,2,0.0,160.0,160.0,2,B363,pickup_service,Pickup,Pickup
104,11,Movement,2,4,2,4,207,213,09:07,09:13,6,6,16.13,0,0.0,160.0,143.87,2,B363,passenger_flight,Position,Delivery
104,12,Delivery,4,4,4,4,213,216,09:13,09:16,3,0,0.0,2,8.534,143.87,152.404,1,B363,delivery_service,Delivery,Delivery
104,13,Delivery,4,4,4,4,216,219,09:16,09:19,3,0,0.0,2,7.596,152.404,160.0,0,B355,delivery_service,Delivery,Delivery
104,14,Stay,4,4,4,4,219,280,09:19,10:20,61,0,0.0,61,0.0,160.0,160.0,0,B623,parking_charging,Position,Movement
104,15,Movement,4,5,4,5,280,286,10:20,10:26,6,6,11.45,0,0.0,160.0,148.55,0,B623,empty_repositioning,Position,Pickup
104,16,Pickup,5,5,5,5,286,289,10:26,10:29,3,0,0.0,2,8.534,148.55,157.084,1,B623,pickup_service,Pickup,Pickup
104,17,Movement,5,7,5,7,289,299,10:29,10:39,10,10,32.24,0,0.0,157.084,124.844,1,B623,passenger_flight,Position,Delivery
104,18,Delivery,7,7,7,7,299,302,10:39,10:42,3,0,0.0,2,8.534,124.844,133.378,0,B623,delivery_service,Delivery,Delivery
104,19,Stay,7,7,7,7,302,355,10:42,11:35,53,0,0.0,53,26.622,133.378,160.0,0,B992,parking_charging,Position,Pickup
104,20,Pickup,7,7,7,7,355,358,11:35,11:38,3,0,0.0,2,0.0,160.0,160.0,1,B992,pickup_service,Pickup,Pickup
104,21,Movement,7,4,7,4,358,365,11:38,11:45,7,7,21.43,0,0.0,160.0,138.57,1,B992,passenger_flight,Position,Delivery
104,22,Delivery,4,4,4,4,365,368,11:45,11:48,3,0,0.0,2,8.534,138.57,147.104,0,B992,delivery_service,Delivery,Delivery
104,23,Stay,4,4,4,4,368,460,11:48,13:20,92,0,0.0,92,12.896,147.104,160.0,0,B1249,parking_charging,Position,Pickup
104,24,Pickup,4,4,4,4,460,463,13:20,13:23,3,0,0.0,2,0.0,160.0,160.0,1,B1249,pickup_service,Pickup,Pickup
104,25,Stay,4,4,4,4,463,466,13:23,13:26,3,0,0.0,3,0.0,160.0,160.0,1,B1259,parking_charging,Position,Pickup
104,26,Pickup,4,4,4,4,466,469,13:26,13:29,3,0,0.0,2,0.0,160.0,160.0,2,B1259,pickup_service,Pickup,Pickup
104,27,Movement,4,9,4,9,469,484,13:29,13:44,15,15,55.47,0,0.0,160.0,104.53,2,B1249,passenger_flight,Position,Delivery
104,28,Delivery,9,9,9,9,484,487,13:44,13:47,3,0,0.0,2,8.534,104.53,113.064,1,B1249,delivery_service,Delivery,Delivery
104,29,Stay,9,9,9,9,487,490,13:47,13:50,3,0,0.0,3,12.801,113.064,125.865,1,B1259,parking_charging,Position,Delivery
104,30,Delivery,9,9,9,9,490,493,13:50,13:53,3,0,0.0,2,8.534,125.865,134.399,0,B1259,delivery_service,Delivery,Delivery
104,31,Stay,9,9,9,9,493,654,13:53,16:34,161,0,0.0,161,25.601,134.399,160.0,0,B2065,parking_charging,Position,Pickup
104,32,Pickup,9,9,9,9,654,657,16:34,16:37,3,0,0.0,2,0.0,160.0,160.0,1,B2065,pickup_service,Pickup,Pickup
104,33,Pickup,9,9,9,9,657,660,16:37,16:40,3,0,0.0,2,0.0,160.0,160.0,2,B2070,pickup_service,Pickup,Pickup
104,34,Movement,9,10,9,10,660,679,16:40,16:59,19,19,69.89,0,0.0,160.0,90.11,2,B2070,passenger_flight,Position,Delivery
104,35,Delivery,10,10,10,10,679,682,16:59,17:02,3,0,0.0,2,8.534,90.11,98.644,1,B2070,delivery_service,Delivery,Delivery
104,36,Delivery,10,10,10,10,682,685,17:02,17:05,3,0,0.0,2,8.534,98.644,107.178,0,B2065,delivery_service,Delivery,Delivery
104,37,Stay,10,10,10,10,685,689,17:05,17:09,4,0,0.0,4,17.068,107.178,124.246,0,B2361,parking_charging,Position,Pickup
104,38,Pickup,10,10,10,10,689,692,17:09,17:12,3,0,0.0,2,8.534,124.246,132.78,1,B2361,pickup_service,Pickup,Pickup
104,39,Pickup,10,10,10,10,692,695,17:12,17:15,3,0,0.0,2,8.534,132.78,141.314,2,B2393,pickup_service,Pickup,Pickup
104,40,Movement,10,1,10,1,695,708,17:15,17:28,13,13,47.44,0,0.0,141.314,93.874,2,B2393,passenger_flight,Position,Delivery
104,41,Delivery,1,1,1,1,708,711,17:28,17:31,3,0,0.0,2,8.534,93.874,102.408,1,B2393,delivery_service,Delivery,Delivery
104,42,Movement,1,3,1,3,711,717,17:31,17:37,6,6,9.61,0,0.0,102.408,92.798,1,B2361,passenger_flight,Position,Delivery
104,43,Delivery,3,3,3,3,717,720,17:37,17:40,3,0,0.0,2,8.534,92.798,101.332,0,B2361,delivery_service,Delivery,Delivery
104,44,Stay,3,3,3,3,720,735,17:40,17:55,15,0,0.0,15,58.668,101.332,160.0,0,B2874,parking_charging,Position,Pickup
104,45,Pickup,3,3,3,3,735,738,17:55,17:58,3,0,0.0,2,0.0,160.0,160.0,2,B2874,pickup_service,Pickup,Pickup
104,46,Pickup,3,3,3,3,738,741,17:58,18:01,3,0,0.0,2,0.0,160.0,160.0,4,B2837,pickup_service,Pickup,Pickup
104,47,Movement,3,1,3,1,741,747,18:01,18:07,6,6,9.61,0,0.0,160.0,150.39,4,B2837,passenger_flight,Position,Delivery
104,48,Delivery,1,1,1,1,747,750,18:07,18:10,3,0,0.0,2,8.534,150.39,158.924,2,B2837,delivery_service,Delivery,Delivery
104,49,Delivery,1,1,1,1,750,753,18:10,18:13,3,0,0.0,2,1.076,158.924,160.0,0,B2874,delivery_service,Delivery,Delivery
104,50,Pickup,1,1,1,1,753,756,18:13,18:16,3,0,0.0,2,0.0,160.0,160.0,1,B3004,pickup_service,Pickup,Pickup
104,51,Pickup,1,1,1,1,756,759,18:16,18:19,3,0,0.0,2,0.0,160.0,160.0,2,B2990,pickup_service,Pickup,Pickup
104,52,Movement,1,3,1,3,759,765,18:19,18:25,6,6,9.61,0,0.0,160.0,150.39,2,B3004,passenger_flight,Position,Delivery
104,53,Delivery,3,3,3,3,765,768,18:25,18:28,3,0,0.0,2,8.534,150.39,158.924,1,B3004,delivery_service,Delivery,Delivery
104,54,Delivery,3,3,3,3,768,771,18:28,18:31,3,0,0.0,2,1.076,158.924,160.0,0,B2990,delivery_service,Delivery,Delivery
104,55,Stay,3,3,3,3,771,775,18:31,18:35,4,0,0.0,4,0.0,160.0,160.0,0,B3163,parking_charging,Position,Movement
104,56,Movement,3,2,3,2,775,778,18:35,18:38,3,3,4.08,0,0.0,160.0,155.92,0,B3163,empty_repositioning,Position,Pickup
104,57,Pickup,2,2,2,2,778,781,18:38,18:41,3,0,0.0,2,4.08,155.92,160.0,1,B3163,pickup_service,Pickup,Pickup
104,58,Stay,2,2,2,2,781,789,18:41,18:49,8,0,0.0,8,0.0,160.0,160.0,1,B3163,parking_charging,Position,Movement
104,59,Movement,2,5,2,5,789,797,18:49,18:57,8,8,27.57,0,0.0,160.0,132.43,1,B3163,passenger_flight,Position,Delivery
104,60,Delivery,5,5,5,5,797,800,18:57,19:00,3,0,0.0,2,8.534,132.43,140.964,0,B3163,delivery_service,Delivery,Delivery
105,0,Stay,6,6,6,6,0,97,05:40,07:17,97,0,0.0,97,0.0,160.0,160.0,0,B69,parking_charging,Position,Pickup
105,1,Pickup,6,6,6,6,97,100,07:17,07:20,3,0,0.0,2,0.0,160.0,160.0,1,B69,pickup_service,Pickup,Pickup
105,2,Stay,6,6,6,6,100,108,07:20,07:28,8,0,0.0,8,0.0,160.0,160.0,1,B69,parking_charging,Position,Movement
105,3,Movement,6,7,6,7,108,120,07:28,07:40,12,12,43.48,0,0.0,160.0,116.52,1,B69,passenger_flight,Position,Delivery
105,4,Delivery,7,7,7,7,120,123,07:40,07:43,3,0,0.0,2,8.534,116.52,125.054,0,B69,delivery_service,Delivery,Delivery
105,5,Stay,7,7,7,7,123,280,07:43,10:20,157,0,0.0,157,34.946,125.054,160.0,0,B625,parking_charging,Position,Movement
105,6,Movement,7,2,7,2,280,286,10:20,10:26,6,6,10.2,0,0.0,160.0,149.8,0,B625,empty_repositioning,Position,Pickup
105,7,Pickup,2,2,2,2,286,289,10:26,10:29,3,0,0.0,2,8.534,149.8,158.334,1,B625,pickup_service,Pickup,Pickup
105,8,Movement,2,6,2,6,289,300,10:29,10:40,11,11,37.0,0,0.0,158.334,121.334,1,B625,passenger_flight,Position,Delivery
105,9,Delivery,6,6,6,6,300,303,10:40,10:43,3,0,0.0,2,8.534,121.334,129.868,0,B625,delivery_service,Delivery,Delivery
105,10,Stay,6,6,6,6,303,313,10:43,10:53,10,0,0.0,10,30.132,129.868,160.0,0,B797,parking_charging,Position,Pickup
105,11,Pickup,6,6,6,6,313,316,10:53,10:56,3,0,0.0,2,0.0,160.0,160.0,1,B797,pickup_service,Pickup,Pickup
105,12,Stay,6,6,6,6,316,319,10:56,10:59,3,0,0.0,3,0.0,160.0,160.0,1,B827,parking_charging,Position,Pickup
105,13,Pickup,6,6,6,6,319,322,10:59,11:02,3,0,0.0,2,0.0,160.0,160.0,2,B827,pickup_service,Pickup,Pickup
105,14,Movement,6,2,6,2,322,333,11:02,11:13,11,11,37.0,0,0.0,160.0,123.0,2,B797,passenger_flight,Position,Delivery
105,15,Delivery,2,2,2,2,333,336,11:13,11:16,3,0,0.0,2,8.534,123.0,131.534,1,B797,delivery_service,Delivery,Delivery
105,16,Delivery,2,2,2,2,336,339,11:16,11:19,3,0,0.0,2,8.534,131.534,140.068,0,B827,delivery_service,Delivery,Delivery
105,17,Stay,2,2,2,2,339,433,11:19,12:53,94,0,0.0,94,19.932,140.068,160.0,0,B1198,parking_charging,Position,Pickup
105,18,Pickup,2,2,2,2,433,436,12:53,12:56,3,0,0.0,2,0.0,160.0,160.0,1,B1198,pickup_service,Pickup,Pickup
105,19,Movement,2,3,2,3,436,439,12:56,12:59,3,3,4.08,0,0.0,160.0,155.92,1,B1206,passenger_flight,Position,Pickup
105,20,Pickup,3,3,3,3,439,442,12:59,13:02,3,0,0.0,2,4.08,155.92,160.0,2,B1206,pickup_service,Pickup,Pickup
105,21,Movement,3,9,3,9,442,457,13:02,13:17,15,15,52.78,0,0.0,160.0,107.22,2,B1198,passenger_flight,Position,Delivery
105,22,Delivery,9,9,9,9,457,460,13:17,13:20,3,0,0.0,2,8.534,107.22,115.754,1,B1198,delivery_service,Delivery,Delivery
105,23,Delivery,9,9,9,9,460,463,13:20,13:23,3,0,0.0,2,8.534,115.754,124.288,0,B1206,delivery_service,Delivery,Delivery
105,24,Stay,9,9,9,9,463,665,13:23,16:45,202,0,0.0,202,35.712,124.288,160.0,0,B2201,parking_charging,Position,Movement
105,25,Movement,9,8,9,8,665,671,16:45,16:51,6,6,18.04,0,0.0,160.0,141.96,0,B2201,empty_repositioning,Position,Pickup
105,26,Pickup,8,8,8,8,671,674,16:51,16:54,3,0,0.0,2,8.534,141.96,150.494,1,B2201,pickup_service,Pickup,Pickup
105,27,Stay,8,8,8,8,674,680,16:54,17:00,6,0,0.0,6,9.506,150.494,160.0,1,B2201,parking_charging,Position,Movement
105,28,Movement,8,4,8,4,680,691,17:00,17:11,11,11,39.54,0,0.0,160.0,120.46,1,B2201,passenger_flight,Position,Delivery
105,29,Delivery,4,4,4,4,691,694,17:11,17:14,3,0,0.0,2,8.534,120.46,128.994,0,B2201,delivery_service,Delivery,Delivery
105,30,Pickup,4,4,4,4,694,697,17:14,17:17,3,0,0.0,2,8.534,128.994,137.528,1,B2338,pickup_service,Pickup,Pickup
105,31,Movement,4,3,4,3,697,704,17:17,17:24,7,7,12.6,0,0.0,137.528,124.928,1,B2338,passenger_flight,Position,Delivery
105,32,Delivery,3,3,3,3,704,707,17:24,17:27,3,0,0.0,2,8.534,124.928,133.462,0,B2338,delivery_service,Delivery,Delivery
105,33,Stay,3,3,3,3,707,714,17:27,17:34,7,0,0.0,7,26.538,133.462,160.0,0,B2642,parking_charging,Position,Pickup
105,34,Pickup,3,3,3,3,714,717,17:34,17:37,3,0,0.0,2,0.0,160.0,160.0,2,B2642,pickup_service,Pickup,Pickup
105,35,Pickup,3,3,3,3,717,720,17:37,17:40,3,0,0.0,2,0.0,160.0,160.0,4,B2631,pickup_service,Pickup,Pickup
105,36,Movement,3,5,3,5,720,728,17:40,17:48,8,8,23.93,0,0.0,160.0,136.07,4,B2642,passenger_flight,Position,Delivery
105,37,Delivery,5,5,5,5,728,731,17:48,17:51,3,0,0.0,2,8.534,136.07,144.604,2,B2642,delivery_service,Delivery,Delivery
105,38,Delivery,5,5,5,5,731,734,17:51,17:54,3,0,0.0,2,8.534,144.604,153.138,0,B2631,delivery_service,Delivery,Delivery
105,39,Stay,5,5,5,5,734,800,17:54,19:00,66,0,0.0,66,6.862,153.138,160.0,0,B3292,parking_charging,Position,Movement
105,40,Movement,5,4,5,4,800,806,19:00,19:06,6,6,11.45,0,0.0,160.0,148.55,0,B3292,empty_repositioning,Position,Pickup
105,41,Pickup,4,4,4,4,806,809,19:06,19:09,3,0,0.0,2,8.534,148.55,157.084,1,B3292,pickup_service,Pickup,Pickup
105,42,Movement,4,6,4,6,809,816,19:09,19:16,7,7,22.06,0,0.0,157.084,135.024,1,B3292,passenger_flight,Position,Delivery
105,43,Delivery,6,6,6,6,816,819,19:16,19:19,3,0,0.0,2,8.534,135.024,143.558,0,B3292,delivery_service,Delivery,Delivery
106,0,Stay,7,7,7,7,0,324,05:40,11:04,324,0,0.0,324,0.0,160.0,160.0,0,B854,parking_charging,Position,Pickup
106,1,Pickup,7,7,7,7,324,327,11:04,11:07,3,0,0.0,2,0.0,160.0,160.0,1,B854,pickup_service,Pickup,Pickup
106,2,Stay,7,7,7,7,327,332,11:07,11:12,5,0,0.0,5,0.0,160.0,160.0,1,B854,parking_charging,Position,Movement
106,3,Movement,7,6,7,6,332,344,11:12,11:24,12,12,43.48,0,0.0,160.0,116.52,1,B854,passenger_flight,Position,Delivery
106,4,Delivery,6,6,6,6,344,347,11:24,11:27,3,0,0.0,2,8.534,116.52,125.054,0,B854,delivery_service,Delivery,Delivery
106,5,Pickup,6,6,6,6,347,350,11:27,11:30,3,0,0.0,2,8.534,125.054,133.588,1,B944,pickup_service,Pickup,Pickup
106,6,Movement,6,4,6,4,350,357,11:30,11:37,7,7,22.06,0,0.0,133.588,111.528,1,B994,passenger_flight,Position,Pickup
106,7,Pickup,4,4,4,4,357,360,11:37,11:40,3,0,0.0,2,8.534,111.528,120.062,2,B994,pickup_service,Pickup,Pickup
106,8,Movement,4,7,4,7,360,367,11:40,11:47,7,7,21.43,0,0.0,120.062,98.632,2,B944,passenger_flight,Position,Delivery
106,9,Delivery,7,7,7,7,367,370,11:47,11:50,3,0,0.0,2,8.534,98.632,107.166,1,B944,delivery_service,Delivery,Delivery
106,10,Movement,7,9,7,9,370,382,11:50,12:02,12,12,40.12,0,0.0,107.166,67.046,1,B994,passenger_flight,Position,Delivery
106,11,Delivery,9,9,9,9,382,385,12:02,12:05,3,0,0.0,2,8.534,67.046,75.58,0,B994,delivery_service,Delivery,Delivery
106,12,Stay,9,9,9,9,385,657,12:05,16:37,272,0,0.0,272,84.42,75.58,160.0,0,B2084,parking_charging,Position,Pickup
106,13,Pickup,9,9,9,9,657,660,16:37,16:40,3,0,0.0,2,0.0,160.0,160.0,1,B2084,pickup_service,Pickup,Pickup
106,14,Stay,9,9,9,9,660,669,16:40,16:49,9,0,0.0,9,0.0,160.0,160.0,1,B2084,parking_charging,Position,Movement
106,15,Movement,9,10,9,10,669,688,16:49,17:08,19,19,69.89,0,0.0,160.0,90.11,1,B2084,passenger_flight,Position,Delivery
106,16,Delivery,10,10,10,10,688,691,17:08,17:11,3,0,0.0,2,8.534,90.11,98.644,0,B2084,delivery_service,Delivery,Delivery
106,17,Movement,10,7,10,7,691,707,17:11,17:27,16,16,57.99,0,0.0,98.644,40.654,0,,return_to_depot,Position,Depot
107,0,Stay,8,8,8,8,0,157,05:40,08:17,157,0,0.0,157,0.0,160.0,160.0,0,B199,parking_charging,Position,Pickup
107,1,Pickup,8,8,8,8,157,160,08:17,08:20,3,0,0.0,2,0.0,160.0,160.0,1,B199,pickup_service,Pickup,Pickup
107,2,Stay,8,8,8,8,160,168,08:20,08:28,8,0,0.0,8,0.0,160.0,160.0,1,B199,parking_charging,Position,Movement
107,3,Movement,8,1,8,1,168,180,08:28,08:40,12,12,41.05,0,0.0,160.0,118.95,1,B199,passenger_flight,Position,Delivery
107,4,Delivery,1,1,1,1,180,183,08:40,08:43,3,0,0.0,2,8.534,118.95,127.484,0,B199,delivery_service,Delivery,Delivery
107,5,Stay,1,1,1,1,183,503,08:43,14:03,320,0,0.0,320,32.516,127.484,160.0,0,B1368,parking_charging,Position,Movement
107,6,Movement,1,3,1,3,503,509,14:03,14:09,6,6,9.61,0,0.0,160.0,150.39,0,B1368,empty_repositioning,Position,Pickup
107,7,Pickup,3,3,3,3,509,512,14:09,14:12,3,0,0.0,2,8.534,150.39,158.924,1,B1368,pickup_service,Pickup,Pickup
107,8,Movement,3,4,3,4,512,519,14:12,14:19,7,7,12.6,0,0.0,158.924,146.324,1,B1368,passenger_flight,Position,Delivery
107,9,Delivery,4,4,4,4,519,522,14:19,14:22,3,0,0.0,2,8.534,146.324,154.858,0,B1368,delivery_service,Delivery,Delivery
107,10,Stay,4,4,4,4,522,564,14:22,15:04,42,0,0.0,42,5.142,154.858,160.0,0,B1607,parking_charging,Position,Pickup
107,11,Pickup,4,4,4,4,564,567,15:04,15:07,3,0,0.0,2,0.0,160.0,160.0,1,B1607,pickup_service,Pickup,Pickup
107,12,Pickup,4,4,4,4,567,570,15:07,15:10,3,0,0.0,2,0.0,160.0,160.0,2,B1603,pickup_service,Pickup,Pickup
107,13,Movement,4,7,4,7,570,577,15:10,15:17,7,7,21.43,0,0.0,160.0,138.57,2,B1603,passenger_flight,Position,Delivery
107,14,Delivery,7,7,7,7,577,580,15:17,15:20,3,0,0.0,2,8.534,138.57,147.104,1,B1603,delivery_service,Delivery,Delivery
107,15,Delivery,7,7,7,7,580,583,15:20,15:23,3,0,0.0,2,8.534,147.104,155.638,0,B1607,delivery_service,Delivery,Delivery
107,16,Stay,7,7,7,7,583,620,15:23,16:00,37,0,0.0,37,4.362,155.638,160.0,0,B1858,parking_charging,Position,Movement
107,17,Movement,7,1,7,1,620,627,16:00,16:07,7,7,21.03,0,0.0,160.0,138.97,0,B1858,empty_repositioning,Position,Pickup
107,18,Pickup,1,1,1,1,627,630,16:07,16:10,3,0,0.0,2,8.534,138.97,147.504,1,B1858,pickup_service,Pickup,Pickup
107,19,Movement,1,2,1,2,630,637,16:10,16:17,7,7,13.61,0,0.0,147.504,133.894,1,B1921,passenger_flight,Position,Pickup
107,20,Pickup,2,2,2,2,637,640,16:17,16:20,3,0,0.0,2,8.534,133.894,142.428,2,B1921,pickup_service,Pickup,Pickup
107,21,Delivery,2,2,2,2,640,643,16:20,16:23,3,0,0.0,2,8.534,142.428,150.962,1,B1858,delivery_service,Delivery,Delivery
107,22,Movement,2,10,2,10,643,659,16:23,16:39,16,16,57.66,0,0.0,150.962,93.302,1,B1921,passenger_flight,Position,Delivery
107,23,Delivery,10,10,10,10,659,662,16:39,16:42,3,0,0.0,2,8.534,93.302,101.836,0,B1921,delivery_service,Delivery,Delivery
107,24,Stay,10,10,10,10,662,678,16:42,16:58,16,0,0.0,16,58.164,101.836,160.0,0,B2251,parking_charging,Position,Pickup
107,25,Pickup,10,10,10,10,678,681,16:58,17:01,3,0,0.0,2,0.0,160.0,160.0,1,B2251,pickup_service,Pickup,Pickup
107,26,Stay,10,10,10,10,681,684,17:01,17:04,3,0,0.0,3,0.0,160.0,160.0,1,B2251,parking_charging,Position,Movement
107,27,Movement,10,3,10,3,684,699,17:04,17:19,15,15,54.92,0,0.0,160.0,105.08,1,B2251,passenger_flight,Position,Delivery
107,28,Delivery,3,3,3,3,699,702,17:19,17:22,3,0,0.0,2,8.534,105.08,113.614,0,B2251,delivery_service,Delivery,Delivery
107,29,Stay,3,3,3,3,702,719,17:22,17:39,17,0,0.0,17,46.386,113.614,160.0,0,B2693,parking_charging,Position,Pickup
107,30,Pickup,3,3,3,3,719,722,17:39,17:42,3,0,0.0,2,0.0,160.0,160.0,2,B2693,pickup_service,Pickup,Pickup
107,31,Stay,3,3,3,3,722,725,17:42,17:45,3,0,0.0,3,0.0,160.0,160.0,2,B2693,parking_charging,Position,Movement
107,32,Movement,3,5,3,5,725,733,17:45,17:53,8,8,23.93,0,0.0,160.0,136.07,2,B2693,passenger_flight,Position,Delivery
107,33,Delivery,5,5,5,5,733,736,17:53,17:56,3,0,0.0,2,8.534,136.07,144.604,0,B2693,delivery_service,Delivery,Delivery
107,34,Stay,5,5,5,5,736,781,17:56,18:41,45,0,0.0,45,15.396,144.604,160.0,0,B3223,parking_charging,Position,Movement
107,35,Movement,5,4,5,4,781,787,18:41,18:47,6,6,11.45,0,0.0,160.0,148.55,0,B3223,empty_repositioning,Position,Pickup
107,36,Pickup,4,4,4,4,787,790,18:47,18:50,3,0,0.0,2,8.534,148.55,157.084,1,B3223,pickup_service,Pickup,Pickup
107,37,Movement,4,9,4,9,790,805,18:50,19:05,15,15,55.47,0,0.0,157.084,101.614,1,B3223,passenger_flight,Position,Delivery
107,38,Delivery,9,9,9,9,805,808,19:05,19:08,3,0,0.0,2,8.534,101.614,110.148,0,B3223,delivery_service,Delivery,Delivery
107,39,Movement,9,8,9,8,808,814,19:08,19:14,6,6,18.04,0,0.0,110.148,92.108,0,,return_to_depot,Position,Depot
108,0,Stay,9,9,9,9,0,280,05:40,10:20,280,0,0.0,280,0.0,160.0,160.0,0,B642,parking_charging,Position,Movement
108,1,Movement,9,8,9,8,280,286,10:20,10:26,6,6,18.04,0,0.0,160.0,141.96,0,B642,empty_repositioning,Position,Pickup
108,2,Pickup,8,8,8,8,286,289,10:26,10:29,3,0,0.0,2,8.534,141.96,150.494,1,B642,pickup_service,Pickup,Pickup
108,3,Pickup,8,8,8,8,289,292,10:29,10:32,3,0,0.0,2,8.534,150.494,159.028,2,B659,pickup_service,Pickup,Pickup
108,4,Movement,8,4,8,4,292,303,10:32,10:43,11,11,39.54,0,0.0,159.028,119.488,2,B642,passenger_flight,Position,Delivery
108,5,Delivery,4,4,4,4,303,306,10:43,10:46,3,0,0.0,2,8.534,119.488,128.022,1,B642,delivery_service,Delivery,Delivery
108,6,Movement,4,1,4,1,306,310,10:46,10:50,4,4,4.98,0,0.0,128.022,123.042,1,B659,passenger_flight,Position,Delivery
108,7,Delivery,1,1,1,1,310,313,10:50,10:53,3,0,0.0,2,8.534,123.042,131.576,0,B659,delivery_service,Delivery,Delivery
108,8,Stay,1,1,1,1,313,545,10:53,14:45,232,0,0.0,232,28.424,131.576,160.0,0,B1555,parking_charging,Position,Movement
108,9,Movement,1,6,1,6,545,552,14:45,14:52,7,7,23.39,0,0.0,160.0,136.61,0,B1555,empty_repositioning,Position,Pickup
108,10,Pickup,6,6,6,6,552,555,14:52,14:55,3,0,0.0,2,8.534,136.61,145.144,1,B1555,pickup_service,Pickup,Pickup
108,11,Movement,6,1,6,1,555,562,14:55,15:02,7,7,23.39,0,0.0,145.144,121.754,1,B1555,passenger_flight,Position,Delivery
108,12,Delivery,1,1,1,1,562,565,15:02,15:05,3,0,0.0,2,8.534,121.754,130.288,0,B1555,delivery_service,Delivery,Delivery
108,13,Stay,1,1,1,1,565,572,15:05,15:12,7,0,0.0,7,29.712,130.288,160.0,0,B1641,parking_charging,Position,Pickup
108,14,Pickup,1,1,1,1,572,575,15:12,15:15,3,0,0.0,2,0.0,160.0,160.0,1,B1641,pickup_service,Pickup,Pickup
108,15,Movement,1,3,1,3,575,581,15:15,15:21,6,6,9.61,0,0.0,160.0,150.39,1,B1641,passenger_flight,Position,Delivery
108,16,Delivery,3,3,3,3,581,584,15:21,15:24,3,0,0.0,2,8.534,150.39,158.924,0,B1641,delivery_service,Delivery,Delivery
108,17,Stay,3,3,3,3,584,588,15:24,15:28,4,0,0.0,4,1.076,158.924,160.0,0,B1694,parking_charging,Position,Pickup
108,18,Pickup,3,3,3,3,588,591,15:28,15:31,3,0,0.0,2,0.0,160.0,160.0,1,B1694,pickup_service,Pickup,Pickup
108,19,Stay,3,3,3,3,591,592,15:31,15:32,1,0,0.0,1,0.0,160.0,160.0,1,B1733,parking_charging,Position,Movement
108,20,Movement,3,2,3,2,592,595,15:32,15:35,3,3,4.08,0,0.0,160.0,155.92,1,B1733,passenger_flight,Position,Pickup
108,21,Pickup,2,2,2,2,595,598,15:35,15:38,3,0,0.0,2,4.08,155.92,160.0,2,B1733,pickup_service,Pickup,Pickup
108,22,Movement,2,4,2,4,598,604,15:38,15:44,6,6,16.13,0,0.0,160.0,143.87,2,B1694,passenger_flight,Position,Delivery
108,23,Delivery,4,4,4,4,604,607,15:44,15:47,3,0,0.0,2,8.534,143.87,152.404,1,B1694,delivery_service,Delivery,Delivery
108,24,Movement,4,1,4,1,607,611,15:47,15:51,4,4,4.98,0,0.0,152.404,147.424,1,B1733,passenger_flight,Position,Delivery
108,25,Delivery,1,1,1,1,611,614,15:51,15:54,3,0,0.0,2,8.534,147.424,155.958,0,B1733,delivery_service,Delivery,Delivery
108,26,Stay,1,1,1,1,614,629,15:54,16:09,15,0,0.0,15,4.042,155.958,160.0,0,B1903,parking_charging,Position,Pickup
108,27,Pickup,1,1,1,1,629,632,16:09,16:12,3,0,0.0,2,0.0,160.0,160.0,1,B1903,pickup_service,Pickup,Pickup
108,28,Pickup,1,1,1,1,632,635,16:12,16:15,3,0,0.0,2,0.0,160.0,160.0,2,B1898,pickup_service,Pickup,Pickup
108,29,Movement,1,6,1,6,635,642,16:15,16:22,7,7,23.39,0,0.0,160.0,136.61,2,B1903,passenger_flight,Position,Delivery
108,30,Delivery,6,6,6,6,642,645,16:22,16:25,3,0,0.0,2,8.534,136.61,145.144,1,B1903,delivery_service,Delivery,Delivery
108,31,Delivery,6,6,6,6,645,648,16:25,16:28,3,0,0.0,2,8.534,145.144,153.678,0,B1898,delivery_service,Delivery,Delivery
108,32,Movement,6,1,6,1,648,655,16:28,16:35,7,7,23.39,0,0.0,153.678,130.288,0,B2045,empty_repositioning,Position,Pickup
108,33,Pickup,1,1,1,1,655,658,16:35,16:38,3,0,0.0,2,8.534,130.288,138.822,1,B2045,pickup_service,Pickup,Pickup
108,34,Pickup,1,1,1,1,658,661,16:38,16:41,3,0,0.0,2,8.534,138.822,147.356,2,B2071,pickup_service,Pickup,Pickup
108,35,Movement,1,5,1,5,661,669,16:41,16:49,8,8,14.88,0,0.0,147.356,132.476,2,B2045,passenger_flight,Position,Delivery
108,36,Delivery,5,5,5,5,669,672,16:49,16:52,3,0,0.0,2,8.534,132.476,141.01,1,B2045,delivery_service,Delivery,Delivery
108,37,Delivery,5,5,5,5,672,675,16:52,16:55,3,0,0.0,2,8.534,141.01,149.544,0,B2071,delivery_service,Delivery,Delivery
108,38,Stay,5,5,5,5,675,683,16:55,17:03,8,0,0.0,8,10.456,149.544,160.0,0,B2386,parking_charging,Position,Movement
108,39,Movement,5,3,5,3,683,691,17:03,17:11,8,8,23.93,0,0.0,160.0,136.07,0,B2386,empty_repositioning,Position,Pickup
108,40,Pickup,3,3,3,3,691,694,17:11,17:14,3,0,0.0,2,8.534,136.07,144.604,1,B2386,pickup_service,Pickup,Pickup
108,41,Pickup,3,3,3,3,694,697,17:14,17:17,3,0,0.0,2,8.534,144.604,153.138,2,B2336,pickup_service,Pickup,Pickup
108,42,Movement,3,4,3,4,697,704,17:17,17:24,7,7,12.6,0,0.0,153.138,140.538,2,B2336,passenger_flight,Position,Delivery
108,43,Delivery,4,4,4,4,704,707,17:24,17:27,3,0,0.0,2,8.534,140.538,149.072,1,B2336,delivery_service,Delivery,Delivery
108,44,Delivery,4,4,4,4,707,710,17:27,17:30,3,0,0.0,2,8.534,149.072,157.606,0,B2386,delivery_service,Delivery,Delivery
108,45,Stay,4,4,4,4,710,721,17:30,17:41,11,0,0.0,11,2.394,157.606,160.0,0,B2778,parking_charging,Position,Movement
108,46,Movement,4,2,4,2,721,727,17:41,17:47,6,6,16.13,0,0.0,160.0,143.87,0,B2778,empty_repositioning,Position,Pickup
108,47,Pickup,2,2,2,2,727,730,17:47,17:50,3,0,0.0,2,8.534,143.87,152.404,1,B2778,pickup_service,Pickup,Pickup
108,48,Movement,2,1,2,1,730,737,17:50,17:57,7,7,13.61,0,0.0,152.404,138.794,1,B2778,passenger_flight,Position,Delivery
108,49,Delivery,1,1,1,1,737,740,17:57,18:00,3,0,0.0,2,8.534,138.794,147.328,0,B2778,delivery_service,Delivery,Delivery
108,50,Pickup,1,1,1,1,740,743,18:00,18:03,3,0,0.0,2,8.534,147.328,155.862,1,B2852,pickup_service,Pickup,Pickup
108,51,Movement,1,7,1,7,743,750,18:03,18:10,7,7,21.03,0,0.0,155.862,134.832,1,B2852,passenger_flight,Position,Delivery
108,52,Delivery,7,7,7,7,750,753,18:10,18:13,3,0,0.0,2,8.534,134.832,143.366,0,B2852,delivery_service,Delivery,Delivery
108,53,Stay,7,7,7,7,753,768,18:13,18:28,15,0,0.0,15,16.634,143.366,160.0,0,B3101,parking_charging,Position,Pickup
108,54,Pickup,7,7,7,7,768,771,18:28,18:31,3,0,0.0,2,0.0,160.0,160.0,1,B3101,pickup_service,Pickup,Pickup
108,55,Movement,7,1,7,1,771,778,18:31,18:38,7,7,21.03,0,0.0,160.0,138.97,1,B3126,passenger_flight,Position,Pickup
108,56,Pickup,1,1,1,1,778,781,18:38,18:41,3,0,0.0,2,8.534,138.97,147.504,2,B3126,pickup_service,Pickup,Pickup
108,57,Movement,1,6,1,6,781,788,18:41,18:48,7,7,23.39,0,0.0,147.504,124.114,2,B3126,passenger_flight,Position,Delivery
108,58,Delivery,6,6,6,6,788,791,18:48,18:51,3,0,0.0,2,8.534,124.114,132.648,1,B3126,delivery_service,Delivery,Delivery
108,59,Delivery,6,6,6,6,791,794,18:51,18:54,3,0,0.0,2,8.534,132.648,141.182,0,B3101,delivery_service,Delivery,Delivery
108,60,Movement,6,9,6,9,794,814,18:54,19:14,20,20,74.79,0,0.0,141.182,66.392,0,,return_to_depot,Position,Depot
109,0,Stay,10,10,10,10,0,182,05:40,08:42,182,0,0.0,182,0.0,160.0,160.0,0,B292,parking_charging,Position,Pickup
109,1,Pickup,10,10,10,10,182,185,08:42,08:45,3,0,0.0,2,0.0,160.0,160.0,1,B292,pickup_service,Pickup,Pickup
109,2,Pickup,10,10,10,10,185,188,08:45,08:48,3,0,0.0,2,0.0,160.0,160.0,2,B271,pickup_service,Pickup,Pickup
109,3,Movement,10,9,10,9,188,207,08:48,09:07,19,19,69.89,0,0.0,160.0,90.11,2,B271,passenger_flight,Position,Delivery
109,4,Delivery,9,9,9,9,207,210,09:07,09:10,3,0,0.0,2,8.534,90.11,98.644,1,B271,delivery_service,Delivery,Delivery
109,5,Delivery,9,9,9,9,210,213,09:10,09:13,3,0,0.0,2,8.534,98.644,107.178,0,B292,delivery_service,Delivery,Delivery
109,6,Stay,9,9,9,9,213,280,09:13,10:20,67,0,0.0,67,52.822,107.178,160.0,0,B610,parking_charging,Position,Movement
109,7,Movement,9,8,9,8,280,286,10:20,10:26,6,6,18.04,0,0.0,160.0,141.96,0,B610,empty_repositioning,Position,Pickup
109,8,Pickup,8,8,8,8,286,289,10:26,10:29,3,0,0.0,2,8.534,141.96,150.494,1,B610,pickup_service,Pickup,Pickup
109,9,Movement,8,4,8,4,289,300,10:29,10:40,11,11,39.54,0,0.0,150.494,110.954,1,B610,passenger_flight,Position,Delivery
109,10,Delivery,4,4,4,4,300,303,10:40,10:43,3,0,0.0,2,8.534,110.954,119.488,0,B610,delivery_service,Delivery,Delivery
109,11,Stay,4,4,4,4,303,337,10:43,11:17,34,0,0.0,34,40.512,119.488,160.0,0,B911,parking_charging,Position,Pickup
109,12,Pickup,4,4,4,4,337,340,11:17,11:20,3,0,0.0,2,0.0,160.0,160.0,1,B911,pickup_service,Pickup,Pickup
109,13,Stay,4,4,4,4,340,346,11:20,11:26,6,0,0.0,6,0.0,160.0,160.0,1,B911,parking_charging,Position,Movement
109,14,Movement,4,7,4,7,346,353,11:26,11:33,7,7,21.43,0,0.0,160.0,138.57,1,B911,passenger_flight,Position,Delivery
109,15,Delivery,7,7,7,7,353,356,11:33,11:36,3,0,0.0,2,8.534,138.57,147.104,0,B911,delivery_service,Delivery,Delivery
109,16,Stay,7,7,7,7,356,365,11:36,11:45,9,0,0.0,9,12.896,147.104,160.0,0,B1023,parking_charging,Position,Pickup
109,17,Pickup,7,7,7,7,365,368,11:45,11:48,3,0,0.0,2,0.0,160.0,160.0,1,B1023,pickup_service,Pickup,Pickup
109,18,Movement,7,4,7,4,368,375,11:48,11:55,7,7,21.43,0,0.0,160.0,138.57,1,B1023,passenger_flight,Position,Delivery
109,19,Delivery,4,4,4,4,375,378,11:55,11:58,3,0,0.0,2,8.534,138.57,147.104,0,B1023,delivery_service,Delivery,Delivery
109,20,Pickup,4,4,4,4,378,381,11:58,12:01,3,0,0.0,2,8.534,147.104,155.638,1,B1044,pickup_service,Pickup,Pickup
109,21,Movement,4,7,4,7,381,388,12:01,12:08,7,7,21.43,0,0.0,155.638,134.208,1,B1044,passenger_flight,Position,Delivery
109,22,Delivery,7,7,7,7,388,391,12:08,12:11,3,0,0.0,2,8.534,134.208,142.742,0,B1044,delivery_service,Delivery,Delivery
109,23,Stay,7,7,7,7,391,417,12:11,12:37,26,0,0.0,26,17.258,142.742,160.0,0,B1160,parking_charging,Position,Pickup
109,24,Pickup,7,7,7,7,417,420,12:37,12:40,3,0,0.0,2,0.0,160.0,160.0,1,B1160,pickup_service,Pickup,Pickup
109,25,Stay,7,7,7,7,420,426,12:40,12:46,6,0,0.0,6,0.0,160.0,160.0,1,B1160,parking_charging,Position,Movement
109,26,Movement,7,4,7,4,426,433,12:46,12:53,7,7,21.43,0,0.0,160.0,138.57,1,B1160,passenger_flight,Position,Delivery
109,27,Delivery,4,4,4,4,433,436,12:53,12:56,3,0,0.0,2,8.534,138.57,147.104,0,B1160,delivery_service,Delivery,Delivery
109,28,Stay,4,4,4,4,436,467,12:56,13:27,31,0,0.0,31,12.896,147.104,160.0,0,B1262,parking_charging,Position,Pickup
109,29,Pickup,4,4,4,4,467,470,13:27,13:30,3,0,0.0,2,0.0,160.0,160.0,1,B1262,pickup_service,Pickup,Pickup
109,30,Movement,4,7,4,7,470,477,13:30,13:37,7,7,21.43,0,0.0,160.0,138.57,1,B1286,passenger_flight,Position,Pickup
109,31,Pickup,7,7,7,7,477,480,13:37,13:40,3,0,0.0,2,8.534,138.57,147.104,2,B1286,pickup_service,Pickup,Pickup
109,32,Movement,7,9,7,9,480,492,13:40,13:52,12,12,40.12,0,0.0,147.104,106.984,2,B1262,passenger_flight,Position,Delivery
109,33,Delivery,9,9,9,9,492,495,13:52,13:55,3,0,0.0,2,8.534,106.984,115.518,1,B1262,delivery_service,Delivery,Delivery
109,34,Delivery,9,9,9,9,495,498,13:55,13:58,3,0,0.0,2,8.534,115.518,124.052,0,B1286,delivery_service,Delivery,Delivery
109,35,Stay,9,9,9,9,498,641,13:58,16:21,143,0,0.0,143,35.948,124.052,160.0,0,B1992,parking_charging,Position,Pickup
109,36,Pickup,9,9,9,9,641,644,16:21,16:24,3,0,0.0,2,0.0,160.0,160.0,1,B1992,pickup_service,Pickup,Pickup
109,37,Movement,9,3,9,3,644,659,16:24,16:39,15,15,52.78,0,0.0,160.0,107.22,1,B1992,passenger_flight,Position,Delivery
109,38,Delivery,3,3,3,3,659,662,16:39,16:42,3,0,0.0,2,8.534,107.22,115.754,0,B1992,delivery_service,Delivery,Delivery
109,39,Stay,3,3,3,3,662,680,16:42,17:00,18,0,0.0,18,44.246,115.754,160.0,0,B2294,parking_charging,Position,Movement
109,40,Movement,3,1,3,1,680,686,17:00,17:06,6,6,9.61,0,0.0,160.0,150.39,0,B2294,empty_repositioning,Position,Pickup
109,41,Pickup,1,1,1,1,686,689,17:06,17:09,3,0,0.0,2,8.534,150.39,158.924,2,B2294,pickup_service,Pickup,Pickup
109,42,Movement,1,7,1,7,689,696,17:09,17:16,7,7,21.03,0,0.0,158.924,137.894,2,B2439,passenger_flight,Position,Pickup
109,43,Pickup,7,7,7,7,696,699,17:16,17:19,3,0,0.0,2,8.534,137.894,146.428,3,B2439,pickup_service,Pickup,Pickup
109,44,Delivery,7,7,7,7,699,702,17:19,17:22,3,0,0.0,2,8.534,146.428,154.962,1,B2294,delivery_service,Delivery,Delivery
109,45,Stay,7,7,7,7,702,705,17:22,17:25,3,0,0.0,3,5.038,154.962,160.0,1,B2439,parking_charging,Position,Movement
109,46,Movement,7,1,7,1,705,712,17:25,17:32,7,7,21.03,0,0.0,160.0,138.97,1,B2439,passenger_flight,Position,Delivery
109,47,Delivery,1,1,1,1,712,715,17:32,17:35,3,0,0.0,2,8.534,138.97,147.504,0,B2439,delivery_service,Delivery,Delivery
109,48,Pickup,1,1,1,1,715,718,17:35,17:38,3,0,0.0,2,8.534,147.504,156.038,1,B2564,pickup_service,Pickup,Pickup
109,49,Movement,1,5,1,5,718,726,17:38,17:46,8,8,14.88,0,0.0,156.038,141.158,1,B2564,passenger_flight,Position,Delivery
109,50,Delivery,5,5,5,5,726,729,17:46,17:49,3,0,0.0,2,8.534,141.158,149.692,0,B2564,delivery_service,Delivery,Delivery
109,51,Movement,5,10,5,10,729,739,17:49,17:59,10,10,33.52,0,0.0,149.692,116.172,0,,return_to_depot,Position,Depot
110,0,Stay,1,1,1,1,0,547,05:40,14:47,547,0,0.0,547,0.0,160.0,160.0,0,B1552,parking_charging,Position,Movement
110,1,Movement,1,4,1,4,547,551,14:47,14:51,4,4,4.98,0,0.0,160.0,155.02,0,B1552,empty_repositioning,Position,Pickup
110,2,Pickup,4,4,4,4,551,554,14:51,14:54,3,0,0.0,2,4.98,155.02,160.0,1,B1552,pickup_service,Pickup,Pickup
110,3,Stay,4,4,4,4,554,555,14:54,14:55,1,0,0.0,1,0.0,160.0,160.0,1,B1568,parking_charging,Position,Pickup
110,4,Pickup,4,4,4,4,555,558,14:55,14:58,3,0,0.0,2,0.0,160.0,160.0,2,B1568,pickup_service,Pickup,Pickup
110,5,Movement,4,7,4,7,558,565,14:58,15:05,7,7,21.43,0,0.0,160.0,138.57,2,B1552,passenger_flight,Position,Delivery
110,6,Delivery,7,7,7,7,565,568,15:05,15:08,3,0,0.0,2,8.534,138.57,147.104,1,B1552,delivery_service,Delivery,Delivery
110,7,Movement,7,9,7,9,568,580,15:08,15:20,12,12,40.12,0,0.0,147.104,106.984,1,B1568,passenger_flight,Position,Delivery
110,8,Delivery,9,9,9,9,580,583,15:20,15:23,3,0,0.0,2,8.534,106.984,115.518,0,B1568,delivery_service,Delivery,Delivery
110,9,Stay,9,9,9,9,583,715,15:23,17:35,132,0,0.0,132,44.482,115.518,160.0,0,B2653,parking_charging,Position,Pickup
110,10,Pickup,9,9,9,9,715,718,17:35,17:38,3,0,0.0,2,0.0,160.0,160.0,2,B2653,pickup_service,Pickup,Pickup
110,11,Pickup,9,9,9,9,718,721,17:38,17:41,3,0,0.0,2,0.0,160.0,160.0,4,B2637,pickup_service,Pickup,Pickup
110,12,Movement,9,4,9,4,721,736,17:41,17:56,15,15,55.47,0,0.0,160.0,104.53,4,B2653,passenger_flight,Position,Delivery
110,13,Delivery,4,4,4,4,736,739,17:56,17:59,3,0,0.0,2,8.534,104.53,113.064,2,B2653,delivery_service,Delivery,Delivery
110,14,Delivery,4,4,4,4,739,742,17:59,18:02,3,0,0.0,2,8.534,113.064,121.598,0,B2637,delivery_service,Delivery,Delivery
110,15,Stay,4,4,4,4,742,748,18:02,18:08,6,0,0.0,6,25.602,121.598,147.2,0,B3013,parking_charging,Position,Movement
110,16,Movement,4,2,4,2,748,754,18:08,18:14,6,6,16.13,0,0.0,147.2,131.07,0,B3013,empty_repositioning,Position,Pickup
110,17,Pickup,2,2,2,2,754,757,18:14,18:17,3,0,0.0,2,8.534,131.07,139.604,1,B3013,pickup_service,Pickup,Pickup
110,18,Stay,2,2,2,2,757,762,18:17,18:22,5,0,0.0,5,20.396,139.604,160.0,1,B3013,parking_charging,Position,Movement
110,19,Movement,2,6,2,6,762,773,18:22,18:33,11,11,37.0,0,0.0,160.0,123.0,1,B3013,passenger_flight,Position,Delivery
110,20,Delivery,6,6,6,6,773,776,18:33,18:36,3,0,0.0,2,8.534,123.0,131.534,0,B3013,delivery_service,Delivery,Delivery
110,21,Movement,6,1,6,1,776,783,18:36,18:43,7,7,23.39,0,0.0,131.534,108.144,0,,return_to_depot,Position,Depot
111,0,Stay,2,2,2,2,0,195,05:40,08:55,195,0,0.0,195,0.0,160.0,160.0,0,B335,parking_charging,Position,Pickup
111,1,Pickup,2,2,2,2,195,198,08:55,08:58,3,0,0.0,2,0.0,160.0,160.0,1,B335,pickup_service,Pickup,Pickup
111,2,Stay,2,2,2,2,198,203,08:58,09:03,5,0,0.0,5,0.0,160.0,160.0,1,B335,parking_charging,Position,Movement
111,3,Movement,2,1,2,1,203,210,09:03,09:10,7,7,13.61,0,0.0,160.0,146.39,1,B335,passenger_flight,Position,Delivery
111,4,Delivery,1,1,1,1,210,213,09:10,09:13,3,0,0.0,2,8.534,146.39,154.924,0,B335,delivery_service,Delivery,Delivery
111,5,Stay,1,1,1,1,213,529,09:13,14:29,316,0,0.0,316,5.076,154.924,160.0,0,B1482,parking_charging,Position,Movement
111,6,Movement,1,4,1,4,529,533,14:29,14:33,4,4,4.98,0,0.0,160.0,155.02,0,B1482,empty_repositioning,Position,Pickup
111,7,Pickup,4,4,4,4,533,536,14:33,14:36,3,0,0.0,2,4.98,155.02,160.0,1,B1482,pickup_service,Pickup,Pickup
111,8,Stay,4,4,4,4,536,539,14:36,14:39,3,0,0.0,3,0.0,160.0,160.0,1,B1505,parking_charging,Position,Pickup
111,9,Pickup,4,4,4,4,539,542,14:39,14:42,3,0,0.0,2,0.0,160.0,160.0,2,B1505,pickup_service,Pickup,Pickup
111,10,Movement,4,7,4,7,542,549,14:42,14:49,7,7,21.43,0,0.0,160.0,138.57,2,B1482,passenger_flight,Position,Delivery
111,11,Delivery,7,7,7,7,549,552,14:49,14:52,3,0,0.0,2,8.534,138.57,147.104,1,B1482,delivery_service,Delivery,Delivery
111,12,Movement,7,9,7,9,552,564,14:52,15:04,12,12,40.12,0,0.0,147.104,106.984,1,B1505,passenger_flight,Position,Delivery
111,13,Delivery,9,9,9,9,564,567,15:04,15:07,3,0,0.0,2,8.534,106.984,115.518,0,B1505,delivery_service,Delivery,Delivery
111,14,Stay,9,9,9,9,567,660,15:07,16:40,93,0,0.0,93,44.482,115.518,160.0,0,B2166,parking_charging,Position,Movement
111,15,Movement,9,7,9,7,660,672,16:40,16:52,12,12,40.12,0,0.0,160.0,119.88,0,B2166,empty_repositioning,Position,Pickup
111,16,Pickup,7,7,7,7,672,675,16:52,16:55,3,0,0.0,2,8.534,119.88,128.414,1,B2166,pickup_service,Pickup,Pickup
111,17,Movement,7,4,7,4,675,682,16:55,17:02,7,7,21.43,0,0.0,128.414,106.984,1,B2166,passenger_flight,Position,Delivery
111,18,Delivery,4,4,4,4,682,685,17:02,17:05,3,0,0.0,2,8.534,106.984,115.518,0,B2166,delivery_service,Delivery,Delivery
111,19,Movement,4,1,4,1,685,689,17:05,17:09,4,4,4.98,0,0.0,115.518,110.538,0,B2293,empty_repositioning,Position,Pickup
111,20,Pickup,1,1,1,1,689,692,17:09,17:12,3,0,0.0,2,8.534,110.538,119.072,2,B2293,pickup_service,Pickup,Pickup
111,21,Movement,1,5,1,5,692,700,17:12,17:20,8,8,14.88,0,0.0,119.072,104.192,2,B2293,passenger_flight,Position,Delivery
111,22,Delivery,5,5,5,5,700,703,17:20,17:23,3,0,0.0,2,8.534,104.192,112.726,0,B2293,delivery_service,Delivery,Delivery
111,23,Stay,5,5,5,5,703,800,17:23,19:00,97,0,0.0,97,47.274,112.726,160.0,0,B3316,parking_charging,Position,Movement
111,24,Movement,5,4,5,4,800,806,19:00,19:06,6,6,11.45,0,0.0,160.0,148.55,0,B3316,empty_repositioning,Position,Pickup
111,25,Pickup,4,4,4,4,806,809,19:06,19:09,3,0,0.0,2,8.534,148.55,157.084,1,B3316,pickup_service,Pickup,Pickup
111,26,Movement,4,7,4,7,809,816,19:09,19:16,7,7,21.43,0,0.0,157.084,135.654,1,B3316,passenger_flight,Position,Delivery
111,27,Delivery,7,7,7,7,816,819,19:16,19:19,3,0,0.0,2,8.534,135.654,144.188,0,B3316,delivery_service,Delivery,Delivery
111,28,Movement,7,2,7,2,819,825,19:19,19:25,6,6,10.2,0,0.0,144.188,133.988,0,,return_to_depot,Position,Depot
112,0,Stay,3,3,3,3,0,169,05:40,08:29,169,0,0.0,169,0.0,160.0,160.0,0,B245,parking_charging,Position,Pickup
112,1,Pickup,3,3,3,3,169,172,08:29,08:32,3,0,0.0,2,0.0,160.0,160.0,1,B245,pickup_service,Pickup,Pickup
112,2,Pickup,3,3,3,3,172,175,08:32,08:35,3,0,0.0,2,0.0,160.0,160.0,2,B241,pickup_service,Pickup,Pickup
112,3,Movement,3,9,3,9,175,190,08:35,08:50,15,15,52.78,0,0.0,160.0,107.22,2,B241,passenger_flight,Position,Delivery
112,4,Delivery,9,9,9,9,190,193,08:50,08:53,3,0,0.0,2,8.534,107.22,115.754,1,B241,delivery_service,Delivery,Delivery
112,5,Delivery,9,9,9,9,193,196,08:53,08:56,3,0,0.0,2,8.534,115.754,124.288,0,B245,delivery_service,Delivery,Delivery
112,6,Stay,9,9,9,9,196,288,08:56,10:28,92,0,0.0,92,35.712,124.288,160.0,0,B692,parking_charging,Position,Movement
112,7,Movement,9,8,9,8,288,294,10:28,10:34,6,6,18.04,0,0.0,160.0,141.96,0,B692,empty_repositioning,Position,Pickup
112,8,Pickup,8,8,8,8,294,297,10:34,10:37,3,0,0.0,2,8.534,141.96,150.494,1,B692,pickup_service,Pickup,Pickup
112,9,Stay,8,8,8,8,297,304,10:37,10:44,7,0,0.0,7,9.506,150.494,160.0,1,B692,parking_charging,Position,Movement
112,10,Movement,8,4,8,4,304,315,10:44,10:55,11,11,39.54,0,0.0,160.0,120.46,1,B692,passenger_flight,Position,Delivery
112,11,Delivery,4,4,4,4,315,318,10:55,10:58,3,0,0.0,2,8.534,120.46,128.994,0,B692,delivery_service,Delivery,Delivery
112,12,Stay,4,4,4,4,318,351,10:58,11:31,33,0,0.0,33,31.006,128.994,160.0,0,B969,parking_charging,Position,Pickup
112,13,Pickup,4,4,4,4,351,354,11:31,11:34,3,0,0.0,2,0.0,160.0,160.0,1,B969,pickup_service,Pickup,Pickup
112,14,Pickup,4,4,4,4,354,357,11:34,11:37,3,0,0.0,2,0.0,160.0,160.0,2,B965,pickup_service,Pickup,Pickup
112,15,Movement,4,10,4,10,357,369,11:37,11:49,12,12,42.86,0,0.0,160.0,117.14,2,B969,passenger_flight,Position,Delivery
112,16,Delivery,10,10,10,10,369,372,11:49,11:52,3,0,0.0,2,8.534,117.14,125.674,1,B969,delivery_service,Delivery,Delivery
112,17,Delivery,10,10,10,10,372,375,11:52,11:55,3,0,0.0,2,8.534,125.674,134.208,0,B965,delivery_service,Delivery,Delivery
112,18,Stay,10,10,10,10,375,376,11:55,11:56,1,0,0.0,1,4.267,134.208,138.475,0,B1060,parking_charging,Position,Pickup
112,19,Pickup,10,10,10,10,376,379,11:56,11:59,3,0,0.0,2,8.534,138.475,147.009,1,B1060,pickup_service,Pickup,Pickup
112,20,Stay,10,10,10,10,379,384,11:59,12:04,5,0,0.0,5,12.991,147.009,160.0,1,B1060,parking_charging,Position,Movement
112,21,Movement,10,4,10,4,384,396,12:04,12:16,12,12,42.86,0,0.0,160.0,117.14,1,B1060,passenger_flight,Position,Delivery
112,22,Delivery,4,4,4,4,396,399,12:16,12:19,3,0,0.0,2,8.534,117.14,125.674,0,B1060,delivery_service,Delivery,Delivery
112,23,Stay,4,4,4,4,399,503,12:19,14:03,104,0,0.0,104,34.326,125.674,160.0,0,B1346,parking_charging,Position,Pickup
112,24,Pickup,4,4,4,4,503,506,14:03,14:06,3,0,0.0,2,0.0,160.0,160.0,1,B1346,pickup_service,Pickup,Pickup
112,25,Stay,4,4,4,4,506,508,14:06,14:08,2,0,0.0,2,0.0,160.0,160.0,1,B1366,parking_charging,Position,Pickup
112,26,Pickup,4,4,4,4,508,511,14:08,14:11,3,0,0.0,2,0.0,160.0,160.0,2,B1366,pickup_service,Pickup,Pickup
112,27,Movement,4,2,4,2,511,517,14:11,14:17,6,6,16.13,0,0.0,160.0,143.87,2,B1346,passenger_flight,Position,Delivery
112,28,Delivery,2,2,2,2,517,520,14:17,14:20,3,0,0.0,2,8.534,143.87,152.404,1,B1346,delivery_service,Delivery,Delivery
112,29,Stay,2,2,2,2,520,523,14:20,14:23,3,0,0.0,3,7.596,152.404,160.0,1,B1366,parking_charging,Position,Delivery
112,30,Delivery,2,2,2,2,523,526,14:23,14:26,3,0,0.0,2,0.0,160.0,160.0,0,B1366,delivery_service,Delivery,Delivery
112,31,Stay,2,2,2,2,526,537,14:26,14:37,11,0,0.0,11,0.0,160.0,160.0,0,B1494,parking_charging,Position,Pickup
112,32,Pickup,2,2,2,2,537,540,14:37,14:40,3,0,0.0,2,0.0,160.0,160.0,1,B1494,pickup_service,Pickup,Pickup
112,33,Stay,2,2,2,2,540,547,14:40,14:47,7,0,0.0,7,0.0,160.0,160.0,1,B1494,parking_charging,Position,Movement
112,34,Movement,2,4,2,4,547,553,14:47,14:53,6,6,16.13,0,0.0,160.0,143.87,1,B1494,passenger_flight,Position,Delivery
112,35,Delivery,4,4,4,4,553,556,14:53,14:56,3,0,0.0,2,8.534,143.87,152.404,0,B1494,delivery_service,Delivery,Delivery
112,36,Stay,4,4,4,4,556,576,14:56,15:16,20,0,0.0,20,7.596,152.404,160.0,0,B1656,parking_charging,Position,Pickup
112,37,Pickup,4,4,4,4,576,579,15:16,15:19,3,0,0.0,2,0.0,160.0,160.0,1,B1656,pickup_service,Pickup,Pickup
112,38,Stay,4,4,4,4,579,582,15:19,15:22,3,0,0.0,3,0.0,160.0,160.0,1,B1656,parking_charging,Position,Movement
112,39,Movement,4,3,4,3,582,589,15:22,15:29,7,7,12.6,0,0.0,160.0,147.4,1,B1656,passenger_flight,Position,Delivery
112,40,Delivery,3,3,3,3,589,592,15:29,15:32,3,0,0.0,2,8.534,147.4,155.934,0,B1656,delivery_service,Delivery,Delivery
112,41,Pickup,3,3,3,3,592,595,15:32,15:35,3,0,0.0,2,4.066,155.934,160.0,1,B1685,pickup_service,Pickup,Pickup
112,42,Movement,3,5,3,5,595,603,15:35,15:43,8,8,23.93,0,0.0,160.0,136.07,1,B1685,passenger_flight,Position,Delivery
112,43,Delivery,5,5,5,5,603,606,15:43,15:46,3,0,0.0,2,8.534,136.07,144.604,0,B1685,delivery_service,Delivery,Delivery
112,44,Stay,5,5,5,5,606,620,15:46,16:00,14,0,0.0,14,15.396,144.604,160.0,0,B1832,parking_charging,Position,Movement
112,45,Movement,5,3,5,3,620,628,16:00,16:08,8,8,23.93,0,0.0,160.0,136.07,0,B1832,empty_repositioning,Position,Pickup
112,46,Pickup,3,3,3,3,628,631,16:08,16:11,3,0,0.0,2,8.534,136.07,144.604,1,B1832,pickup_service,Pickup,Pickup
112,47,Movement,3,10,3,10,631,646,16:11,16:26,15,15,54.92,0,0.0,144.604,89.684,1,B1832,passenger_flight,Position,Delivery
112,48,Delivery,10,10,10,10,646,649,16:26,16:29,3,0,0.0,2,8.534,89.684,98.218,0,B1832,delivery_service,Delivery,Delivery
112,49,Pickup,10,10,10,10,649,652,16:29,16:32,3,0,0.0,2,8.534,98.218,106.752,1,B2034,pickup_service,Pickup,Pickup
112,50,Movement,10,9,10,9,652,671,16:32,16:51,19,19,69.89,0,0.0,106.752,36.862,1,B2034,passenger_flight,Position,Delivery
112,51,Delivery,9,9,9,9,671,674,16:51,16:54,3,0,0.0,2,8.534,36.862,45.396,0,B2034,delivery_service,Delivery,Delivery
112,52,Pickup,9,9,9,9,674,677,16:54,16:57,3,0,0.0,2,8.534,45.396,53.93,1,B2158,pickup_service,Pickup,Pickup
112,53,Stay,9,9,9,9,677,688,16:57,17:08,11,0,0.0,11,46.937,53.93,100.867,1,B2158,parking_charging,Position,Movement
112,54,Movement,9,10,9,10,688,707,17:08,17:27,19,19,69.89,0,0.0,100.867,30.977,1,B2158,passenger_flight,Position,Delivery
112,55,Delivery,10,10,10,10,707,710,17:27,17:30,3,0,0.0,2,8.534,30.977,39.511,0,B2158,delivery_service,Delivery,Delivery
112,56,Stay,10,10,10,10,710,725,17:30,17:45,15,0,0.0,15,64.005,39.511,103.516,0,,parking_charging,Position,Movement
112,57,Movement,10,3,10,3,725,740,17:45,18:00,15,15,54.92,0,0.0,103.516,48.596,0,,return_to_depot,Position,Depot
113,0,Stay,4,4,4,4,0,280,05:40,10:20,280,0,0.0,280,0.0,160.0,160.0,0,B654,parking_charging,Position,Movement
113,1,Movement,4,5,4,5,280,286,10:20,10:26,6,6,11.45,0,0.0,160.0,148.55,0,B654,empty_repositioning,Position,Pickup
113,2,Pickup,5,5,5,5,286,289,10:26,10:29,3,0,0.0,2,8.534,148.55,157.084,1,B654,pickup_service,Pickup,Pickup
113,3,Pickup,5,5,5,5,289,292,10:29,10:32,3,0,0.0,2,2.916,157.084,160.0,2,B629,pickup_service,Pickup,Pickup
113,4,Movement,5,7,5,7,292,302,10:32,10:42,10,10,32.24,0,0.0,160.0,127.76,2,B629,passenger_flight,Position,Delivery
113,5,Delivery,7,7,7,7,302,305,10:42,10:45,3,0,0.0,2,8.534,127.76,136.294,1,B629,delivery_service,Delivery,Delivery
113,6,Delivery,7,7,7,7,305,308,10:45,10:48,3,0,0.0,2,8.534,136.294,144.828,0,B654,delivery_service,Delivery,Delivery
113,7,Stay,7,7,7,7,308,331,10:48,11:11,23,0,0.0,23,15.172,144.828,160.0,0,B914,parking_charging,Position,Movement
113,8,Movement,7,8,7,8,331,338,11:11,11:18,7,7,22.2,0,0.0,160.0,137.8,0,B914,empty_repositioning,Position,Pickup
113,9,Pickup,8,8,8,8,338,341,11:18,11:21,3,0,0.0,2,8.534,137.8,146.334,1,B914,pickup_service,Pickup,Pickup
113,10,Stay,8,8,8,8,341,346,11:21,11:26,5,0,0.0,5,13.666,146.334,160.0,1,B914,parking_charging,Position,Movement
113,11,Movement,8,6,8,6,346,363,11:26,11:43,17,17,60.41,0,0.0,160.0,99.59,1,B914,passenger_flight,Position,Delivery
113,12,Delivery,6,6,6,6,363,366,11:43,11:46,3,0,0.0,2,8.534,99.59,108.124,0,B914,delivery_service,Delivery,Delivery
113,13,Stay,6,6,6,6,366,371,11:46,11:51,5,0,0.0,5,21.335,108.124,129.459,0,B1040,parking_charging,Position,Pickup
113,14,Pickup,6,6,6,6,371,374,11:51,11:54,3,0,0.0,2,8.534,129.459,137.993,1,B1040,pickup_service,Pickup,Pickup
113,15,Pickup,6,6,6,6,374,377,11:54,11:57,3,0,0.0,2,8.534,137.993,146.527,2,B1039,pickup_service,Pickup,Pickup
113,16,Movement,6,1,6,1,377,384,11:57,12:04,7,7,23.39,0,0.0,146.527,123.137,2,B1039,passenger_flight,Position,Delivery
113,17,Delivery,1,1,1,1,384,387,12:04,12:07,3,0,0.0,2,8.534,123.137,131.671,1,B1039,delivery_service,Delivery,Delivery
113,18,Movement,1,7,1,7,387,394,12:07,12:14,7,7,21.03,0,0.0,131.671,110.641,1,B1040,passenger_flight,Position,Delivery
113,19,Delivery,7,7,7,7,394,397,12:14,12:17,3,0,0.0,2,8.534,110.641,119.175,0,B1040,delivery_service,Delivery,Delivery
113,20,Stay,7,7,7,7,397,420,12:17,12:40,23,0,0.0,23,40.825,119.175,160.0,0,B1155,parking_charging,Position,Pickup
113,21,Pickup,7,7,7,7,420,423,12:40,12:43,3,0,0.0,2,0.0,160.0,160.0,1,B1155,pickup_service,Pickup,Pickup
113,22,Movement,7,1,7,1,423,430,12:43,12:50,7,7,21.03,0,0.0,160.0,138.97,1,B1155,passenger_flight,Position,Delivery
113,23,Delivery,1,1,1,1,430,433,12:50,12:53,3,0,0.0,2,8.534,138.97,147.504,0,B1155,delivery_service,Delivery,Delivery
113,24,Stay,1,1,1,1,433,524,12:53,14:24,91,0,0.0,91,12.496,147.504,160.0,0,B1437,parking_charging,Position,Pickup
113,25,Pickup,1,1,1,1,524,527,14:24,14:27,3,0,0.0,2,0.0,160.0,160.0,1,B1437,pickup_service,Pickup,Pickup
113,26,Pickup,1,1,1,1,527,530,14:27,14:30,3,0,0.0,2,0.0,160.0,160.0,2,B1417,pickup_service,Pickup,Pickup
113,27,Movement,1,10,1,10,530,543,14:30,14:43,13,13,47.44,0,0.0,160.0,112.56,2,B1417,passenger_flight,Position,Delivery
113,28,Delivery,10,10,10,10,543,546,14:43,14:46,3,0,0.0,2,8.534,112.56,121.094,1,B1417,delivery_service,Delivery,Delivery
113,29,Delivery,10,10,10,10,546,549,14:46,14:49,3,0,0.0,2,8.534,121.094,129.628,0,B1437,delivery_service,Delivery,Delivery
113,30,Stay,10,10,10,10,549,550,14:49,14:50,1,0,0.0,1,4.267,129.628,133.895,0,B1550,parking_charging,Position,Pickup
113,31,Pickup,10,10,10,10,550,553,14:50,14:53,3,0,0.0,2,8.534,133.895,142.429,1,B1550,pickup_service,Pickup,Pickup
113,32,Movement,10,9,10,9,553,572,14:53,15:12,19,19,69.89,0,0.0,142.429,72.539,1,B1550,passenger_flight,Position,Delivery
113,33,Delivery,9,9,9,9,572,575,15:12,15:15,3,0,0.0,2,8.534,72.539,81.073,0,B1550,delivery_service,Delivery,Delivery
113,34,Stay,9,9,9,9,575,660,15:15,16:40,85,0,0.0,85,78.927,81.073,160.0,0,B2200,parking_charging,Position,Movement
113,35,Movement,9,7,9,7,660,672,16:40,16:52,12,12,40.12,0,0.0,160.0,119.88,0,B2200,empty_repositioning,Position,Pickup
113,36,Pickup,7,7,7,7,672,675,16:52,16:55,3,0,0.0,2,8.534,119.88,128.414,1,B2200,pickup_service,Pickup,Pickup
113,37,Stay,7,7,7,7,675,676,16:55,16:56,1,0,0.0,1,4.267,128.414,132.681,1,B2238,parking_charging,Position,Pickup
113,38,Pickup,7,7,7,7,676,679,16:56,16:59,3,0,0.0,2,8.534,132.681,141.215,2,B2238,pickup_service,Pickup,Pickup
113,39,Movement,7,4,7,4,679,686,16:59,17:06,7,7,21.43,0,0.0,141.215,119.785,2,B2200,passenger_flight,Position,Delivery
113,40,Delivery,4,4,4,4,686,689,17:06,17:09,3,0,0.0,2,8.534,119.785,128.319,1,B2200,delivery_service,Delivery,Delivery
113,41,Delivery,4,4,4,4,689,692,17:09,17:12,3,0,0.0,2,8.534,128.319,136.853,0,B2238,delivery_service,Delivery,Delivery
113,42,Pickup,4,4,4,4,692,695,17:12,17:15,3,0,0.0,2,8.534,136.853,145.387,1,B2328,pickup_service,Pickup,Pickup
113,43,Movement,4,3,4,3,695,702,17:15,17:22,7,7,12.6,0,0.0,145.387,132.787,1,B2328,passenger_flight,Position,Delivery
113,44,Delivery,3,3,3,3,702,705,17:22,17:25,3,0,0.0,2,8.534,132.787,141.321,0,B2328,delivery_service,Delivery,Delivery
113,45,Stay,3,3,3,3,705,723,17:25,17:43,18,0,0.0,18,18.679,141.321,160.0,0,B2736,parking_charging,Position,Pickup
113,46,Pickup,3,3,3,3,723,726,17:43,17:46,3,0,0.0,2,0.0,160.0,160.0,1,B2736,pickup_service,Pickup,Pickup
113,47,Stay,3,3,3,3,726,732,17:46,17:52,6,0,0.0,6,0.0,160.0,160.0,1,B2839,parking_charging,Position,Pickup
113,48,Pickup,3,3,3,3,732,735,17:52,17:55,3,0,0.0,2,0.0,160.0,160.0,3,B2839,pickup_service,Pickup,Pickup
113,49,Movement,3,5,3,5,735,743,17:55,18:03,8,8,23.93,0,0.0,160.0,136.07,3,B2736,passenger_flight,Position,Delivery
113,50,Delivery,5,5,5,5,743,746,18:03,18:06,3,0,0.0,2,8.534,136.07,144.604,2,B2736,delivery_service,Delivery,Delivery
113,51,Delivery,5,5,5,5,746,749,18:06,18:09,3,0,0.0,2,8.534,144.604,153.138,0,B2839,delivery_service,Delivery,Delivery
113,52,Movement,5,4,5,4,749,755,18:09,18:15,6,6,11.45,0,0.0,153.138,141.688,0,,return_to_depot,Position,Depot
114,0,Stay,5,5,5,5,0,162,05:40,08:22,162,0,0.0,162,0.0,160.0,160.0,0,B258,parking_charging,Position,Movement
114,1,Movement,5,7,5,7,162,172,08:22,08:32,10,10,32.24,0,0.0,160.0,127.76,0,B258,empty_repositioning,Position,Pickup
114,2,Pickup,7,7,7,7,172,175,08:32,08:35,3,0,0.0,2,8.534,127.76,136.294,1,B258,pickup_service,Pickup,Pickup
114,3,Movement,7,5,7,5,175,185,08:35,08:45,10,10,32.24,0,0.0,136.294,104.054,1,B258,passenger_flight,Position,Delivery
114,4,Delivery,5,5,5,5,185,188,08:45,08:48,3,0,0.0,2,8.534,104.054,112.588,0,B258,delivery_service,Delivery,Delivery
114,5,Stay,5,5,5,5,188,199,08:48,08:59,11,0,0.0,11,46.937,112.588,159.525,0,B351,parking_charging,Position,Pickup
114,6,Pickup,5,5,5,5,199,202,08:59,09:02,3,0,0.0,2,0.475,159.525,160.0,1,B351,pickup_service,Pickup,Pickup
114,7,Stay,5,5,5,5,202,209,09:02,09:09,7,0,0.0,7,0.0,160.0,160.0,1,B351,parking_charging,Position,Movement
114,8,Movement,5,3,5,3,209,217,09:09,09:17,8,8,23.93,0,0.0,160.0,136.07,1,B351,passenger_flight,Position,Delivery
114,9,Delivery,3,3,3,3,217,220,09:17,09:20,3,0,0.0,2,8.534,136.07,144.604,0,B351,delivery_service,Delivery,Delivery
114,10,Stay,3,3,3,3,220,244,09:20,09:44,24,0,0.0,24,15.396,144.604,160.0,0,B455,parking_charging,Position,Pickup
114,11,Pickup,3,3,3,3,244,247,09:44,09:47,3,0,0.0,2,0.0,160.0,160.0,1,B455,pickup_service,Pickup,Pickup
114,12,Stay,3,3,3,3,247,248,09:47,09:48,1,0,0.0,1,0.0,160.0,160.0,1,B467,parking_charging,Position,Pickup
114,13,Pickup,3,3,3,3,248,251,09:48,09:51,3,0,0.0,2,0.0,160.0,160.0,2,B467,pickup_service,Pickup,Pickup
114,14,Movement,3,1,3,1,251,257,09:51,09:57,6,6,9.61,0,0.0,160.0,150.39,2,B455,passenger_flight,Position,Delivery
114,15,Delivery,1,1,1,1,257,260,09:57,10:00,3,0,0.0,2,8.534,150.39,158.924,1,B455,delivery_service,Delivery,Delivery
114,16,Movement,1,4,1,4,260,264,10:00,10:04,4,4,4.98,0,0.0,158.924,153.944,1,B467,passenger_flight,Position,Delivery
114,17,Delivery,4,4,4,4,264,267,10:04,10:07,3,0,0.0,2,6.056,153.944,160.0,0,B467,delivery_service,Delivery,Delivery
114,18,Stay,4,4,4,4,267,280,10:07,10:20,13,0,0.0,13,0.0,160.0,160.0,0,B606,parking_charging,Position,Movement
114,19,Movement,4,5,4,5,280,286,10:20,10:26,6,6,11.45,0,0.0,160.0,148.55,0,B606,empty_repositioning,Position,Pickup
114,20,Pickup,5,5,5,5,286,289,10:26,10:29,3,0,0.0,2,8.534,148.55,157.084,1,B606,pickup_service,Pickup,Pickup
114,21,Movement,5,1,5,1,289,297,10:29,10:37,8,8,14.88,0,0.0,157.084,142.204,1,B606,passenger_flight,Position,Delivery
114,22,Delivery,1,1,1,1,297,300,10:37,10:40,3,0,0.0,2,8.534,142.204,150.738,0,B606,delivery_service,Delivery,Delivery
114,23,Stay,1,1,1,1,300,521,10:40,14:21,221,0,0.0,221,9.262,150.738,160.0,0,B1423,parking_charging,Position,Pickup
114,24,Pickup,1,1,1,1,521,524,14:21,14:24,3,0,0.0,2,0.0,160.0,160.0,1,B1423,pickup_service,Pickup,Pickup
114,25,Movement,1,10,1,10,524,537,14:24,14:37,13,13,47.44,0,0.0,160.0,112.56,1,B1423,passenger_flight,Position,Delivery
114,26,Delivery,10,10,10,10,537,540,14:37,14:40,3,0,0.0,2,8.534,112.56,121.094,0,B1423,delivery_service,Delivery,Delivery
114,27,Stay,10,10,10,10,540,593,14:40,15:33,53,0,0.0,53,38.906,121.094,160.0,0,B1726,parking_charging,Position,Pickup
114,28,Pickup,10,10,10,10,593,596,15:33,15:36,3,0,0.0,2,0.0,160.0,160.0,1,B1726,pickup_service,Pickup,Pickup
114,29,Stay,10,10,10,10,596,605,15:36,15:45,9,0,0.0,9,0.0,160.0,160.0,1,B1726,parking_charging,Position,Movement
114,30,Movement,10,9,10,9,605,624,15:45,16:04,19,19,69.89,0,0.0,160.0,90.11,1,B1726,passenger_flight,Position,Delivery
114,31,Delivery,9,9,9,9,624,627,16:04,16:07,3,0,0.0,2,8.534,90.11,98.644,0,B1726,delivery_service,Delivery,Delivery
114,32,Stay,9,9,9,9,627,663,16:07,16:43,36,0,0.0,36,61.356,98.644,160.0,0,B2135,parking_charging,Position,Pickup
114,33,Pickup,9,9,9,9,663,666,16:43,16:46,3,0,0.0,2,0.0,160.0,160.0,1,B2135,pickup_service,Pickup,Pickup
114,34,Pickup,9,9,9,9,666,669,16:46,16:49,3,0,0.0,2,0.0,160.0,160.0,2,B2115,pickup_service,Pickup,Pickup
114,35,Movement,9,10,9,10,669,688,16:49,17:08,19,19,69.89,0,0.0,160.0,90.11,2,B2135,passenger_flight,Position,Delivery
114,36,Delivery,10,10,10,10,688,691,17:08,17:11,3,0,0.0,2,8.534,90.11,98.644,1,B2135,delivery_service,Delivery,Delivery
114,37,Delivery,10,10,10,10,691,694,17:11,17:14,3,0,0.0,2,8.534,98.644,107.178,0,B2115,delivery_service,Delivery,Delivery
114,38,Movement,10,5,10,5,694,704,17:14,17:24,10,10,33.52,0,0.0,107.178,73.658,0,,return_to_depot,Position,Depot
115,0,Stay,6,6,6,6,0,100,05:40,07:20,100,0,0.0,100,0.0,160.0,160.0,0,B71,parking_charging,Position,Pickup
115,1,Pickup,6,6,6,6,100,103,07:20,07:23,3,0,0.0,2,0.0,160.0,160.0,1,B71,pickup_service,Pickup,Pickup
115,2,Pickup,6,6,6,6,103,106,07:23,07:26,3,0,0.0,2,0.0,160.0,160.0,2,B68,pickup_service,Pickup,Pickup
115,3,Movement,6,1,6,1,106,113,07:26,07:33,7,7,23.39,0,0.0,160.0,136.61,2,B68,passenger_flight,Position,Delivery
115,4,Delivery,1,1,1,1,113,116,07:33,07:36,3,0,0.0,2,8.534,136.61,145.144,1,B68,delivery_service,Delivery,Delivery
115,5,Movement,1,9,1,9,116,132,07:36,07:52,16,16,57.72,0,0.0,145.144,87.424,1,B71,passenger_flight,Position,Delivery
115,6,Delivery,9,9,9,9,132,135,07:52,07:55,3,0,0.0,2,8.534,87.424,95.958,0,B71,delivery_service,Delivery,Delivery
115,7,Stay,9,9,9,9,135,300,07:55,10:40,165,0,0.0,165,64.042,95.958,160.0,0,B727,parking_charging,Position,Movement
115,8,Movement,9,8,9,8,300,306,10:40,10:46,6,6,18.04,0,0.0,160.0,141.96,0,B727,empty_repositioning,Position,Pickup
115,9,Pickup,8,8,8,8,306,309,10:46,10:49,3,0,0.0,2,8.534,141.96,150.494,1,B727,pickup_service,Pickup,Pickup
115,10,Movement,8,4,8,4,309,320,10:49,11:00,11,11,39.54,0,0.0,150.494,110.954,1,B727,passenger_flight,Position,Delivery
115,11,Delivery,4,4,4,4,320,323,11:00,11:03,3,0,0.0,2,8.534,110.954,119.488,0,B727,delivery_service,Delivery,Delivery
115,12,Stay,4,4,4,4,323,335,11:03,11:15,12,0,0.0,12,40.512,119.488,160.0,0,B898,parking_charging,Position,Pickup
115,13,Pickup,4,4,4,4,335,338,11:15,11:18,3,0,0.0,2,0.0,160.0,160.0,1,B898,pickup_service,Pickup,Pickup
115,14,Pickup,4,4,4,4,338,341,11:18,11:21,3,0,0.0,2,0.0,160.0,160.0,2,B897,pickup_service,Pickup,Pickup
115,15,Movement,4,8,4,8,341,352,11:21,11:32,11,11,39.54,0,0.0,160.0,120.46,2,B897,passenger_flight,Position,Delivery
115,16,Delivery,8,8,8,8,352,355,11:32,11:35,3,0,0.0,2,8.534,120.46,128.994,1,B897,delivery_service,Delivery,Delivery
115,17,Movement,8,9,8,9,355,361,11:35,11:41,6,6,18.04,0,0.0,128.994,110.954,1,B898,passenger_flight,Position,Delivery
115,18,Delivery,9,9,9,9,361,364,11:41,11:44,3,0,0.0,2,8.534,110.954,119.488,0,B898,delivery_service,Delivery,Delivery
115,19,Stay,9,9,9,9,364,714,11:44,17:34,350,0,0.0,350,40.512,119.488,160.0,0,B2645,parking_charging,Position,Pickup
115,20,Pickup,9,9,9,9,714,717,17:34,17:37,3,0,0.0,2,0.0,160.0,160.0,1,B2645,pickup_service,Pickup,Pickup
115,21,Stay,9,9,9,9,717,724,17:37,17:44,7,0,0.0,7,0.0,160.0,160.0,1,B2645,parking_charging,Position,Movement
115,22,Movement,9,1,9,1,724,740,17:44,18:00,16,16,57.72,0,0.0,160.0,102.28,1,B2645,passenger_flight,Position,Delivery
115,23,Delivery,1,1,1,1,740,743,18:00,18:03,3,0,0.0,2,8.534,102.28,110.814,0,B2645,delivery_service,Delivery,Delivery
115,24,Pickup,1,1,1,1,743,746,18:03,18:06,3,0,0.0,2,8.534,110.814,119.348,1,B2941,pickup_service,Pickup,Pickup
115,25,Pickup,1,1,1,1,746,749,18:06,18:09,3,0,0.0,2,8.534,119.348,127.882,2,B2931,pickup_service,Pickup,Pickup
115,26,Movement,1,2,1,2,749,756,18:09,18:16,7,7,13.61,0,0.0,127.882,114.272,2,B2941,passenger_flight,Position,Delivery
115,27,Delivery,2,2,2,2,756,759,18:16,18:19,3,0,0.0,2,8.534,114.272,122.806,1,B2941,delivery_service,Delivery,Delivery
115,28,Stay,2,2,2,2,759,760,18:19,18:20,1,0,0.0,1,4.267,122.806,127.073,1,B2931,parking_charging,Position,Delivery
115,29,Delivery,2,2,2,2,760,763,18:20,18:23,3,0,0.0,2,8.534,127.073,135.607,0,B2931,delivery_service,Delivery,Delivery
115,30,Pickup,2,2,2,2,763,766,18:23,18:26,3,0,0.0,2,8.534,135.607,144.141,1,B3064,pickup_service,Pickup,Pickup
115,31,Pickup,2,2,2,2,766,769,18:26,18:29,3,0,0.0,2,8.534,144.141,152.675,2,B3049,pickup_service,Pickup,Pickup
115,32,Movement,2,4,2,4,769,775,18:29,18:35,6,6,16.13,0,0.0,152.675,136.545,2,B3049,passenger_flight,Position,Delivery
115,33,Delivery,4,4,4,4,775,778,18:35,18:38,3,0,0.0,2,8.534,136.545,145.079,1,B3049,delivery_service,Delivery,Delivery
115,34,Delivery,4,4,4,4,778,781,18:38,18:41,3,0,0.0,2,8.534,145.079,153.613,0,B3064,delivery_service,Delivery,Delivery
115,35,Pickup,4,4,4,4,781,784,18:41,18:44,3,0,0.0,2,6.387,153.613,160.0,1,B3175,pickup_service,Pickup,Pickup
115,36,Movement,4,2,4,2,784,790,18:44,18:50,6,6,16.13,0,0.0,160.0,143.87,1,B3212,passenger_flight,Position,Pickup
115,37,Pickup,2,2,2,2,790,793,18:50,18:53,3,0,0.0,2,8.534,143.87,152.404,2,B3212,pickup_service,Pickup,Pickup
115,38,Delivery,2,2,2,2,793,796,18:53,18:56,3,0,0.0,2,7.596,152.404,160.0,1,B3175,delivery_service,Delivery,Delivery
115,39,Movement,2,1,2,1,796,803,18:56,19:03,7,7,13.61,0,0.0,160.0,146.39,1,B3212,passenger_flight,Position,Delivery
115,40,Delivery,1,1,1,1,803,806,19:03,19:06,3,0,0.0,2,8.534,146.39,154.924,0,B3212,delivery_service,Delivery,Delivery
115,41,Pickup,1,1,1,1,806,809,19:06,19:09,3,0,0.0,2,5.076,154.924,160.0,1,B3296,pickup_service,Pickup,Pickup
115,42,Movement,1,6,1,6,809,816,19:09,19:16,7,7,23.39,0,0.0,160.0,136.61,1,B3296,passenger_flight,Position,Delivery
115,43,Delivery,6,6,6,6,816,819,19:16,19:19,3,0,0.0,2,8.534,136.61,145.144,0,B3296,delivery_service,Delivery,Delivery
116,0,Stay,7,7,7,7,0,348,05:40,11:28,348,0,0.0,348,0.0,160.0,160.0,0,B962,parking_charging,Position,Pickup
116,1,Pickup,7,7,7,7,348,351,11:28,11:31,3,0,0.0,2,0.0,160.0,160.0,1,B962,pickup_service,Pickup,Pickup
116,2,Movement,7,6,7,6,351,363,11:31,11:43,12,12,43.48,0,0.0,160.0,116.52,1,B962,passenger_flight,Position,Delivery
116,3,Delivery,6,6,6,6,363,366,11:43,11:46,3,0,0.0,2,8.534,116.52,125.054,0,B962,delivery_service,Delivery,Delivery
116,4,Pickup,6,6,6,6,366,369,11:46,11:49,3,0,0.0,2,8.534,125.054,133.588,1,B1027,pickup_service,Pickup,Pickup
116,5,Pickup,6,6,6,6,369,372,11:49,11:52,3,0,0.0,2,8.534,133.588,142.122,2,B1022,pickup_service,Pickup,Pickup
116,6,Movement,6,7,6,7,372,384,11:52,12:04,12,12,43.48,0,0.0,142.122,98.642,2,B1027,passenger_flight,Position,Delivery
116,7,Delivery,7,7,7,7,384,387,12:04,12:07,3,0,0.0,2,8.534,98.642,107.176,1,B1027,delivery_service,Delivery,Delivery
116,8,Delivery,7,7,7,7,387,390,12:07,12:10,3,0,0.0,2,8.534,107.176,115.71,0,B1022,delivery_service,Delivery,Delivery
116,9,Stay,7,7,7,7,390,404,12:10,12:24,14,0,0.0,14,44.29,115.71,160.0,0,B1123,parking_charging,Position,Pickup
116,10,Pickup,7,7,7,7,404,407,12:24,12:27,3,0,0.0,2,0.0,160.0,160.0,1,B1123,pickup_service,Pickup,Pickup
116,11,Movement,7,4,7,4,407,414,12:27,12:34,7,7,21.43,0,0.0,160.0,138.57,1,B1123,passenger_flight,Position,Delivery
116,12,Delivery,4,4,4,4,414,417,12:34,12:37,3,0,0.0,2,8.534,138.57,147.104,0,B1123,delivery_service,Delivery,Delivery
116,13,Stay,4,4,4,4,417,505,12:37,14:05,88,0,0.0,88,12.896,147.104,160.0,0,B1354,parking_charging,Position,Pickup
116,14,Pickup,4,4,4,4,505,508,14:05,14:08,3,0,0.0,2,0.0,160.0,160.0,1,B1354,pickup_service,Pickup,Pickup
116,15,Movement,4,7,4,7,508,515,14:08,14:15,7,7,21.43,0,0.0,160.0,138.57,1,B1354,passenger_flight,Position,Delivery
116,16,Delivery,7,7,7,7,515,518,14:15,14:18,3,0,0.0,2,8.534,138.57,147.104,0,B1354,delivery_service,Delivery,Delivery
116,17,Stay,7,7,7,7,518,620,14:18,16:00,102,0,0.0,102,12.896,147.104,160.0,0,B1846,parking_charging,Position,Movement
116,18,Movement,7,2,7,2,620,626,16:00,16:06,6,6,10.2,0,0.0,160.0,149.8,0,B1846,empty_repositioning,Position,Pickup
116,19,Pickup,2,2,2,2,626,629,16:06,16:09,3,0,0.0,2,8.534,149.8,158.334,1,B1846,pickup_service,Pickup,Pickup
116,20,Movement,2,6,2,6,629,640,16:09,16:20,11,11,37.0,0,0.0,158.334,121.334,1,B1846,passenger_flight,Position,Delivery
116,21,Delivery,6,6,6,6,640,643,16:20,16:23,3,0,0.0,2,8.534,121.334,129.868,0,B1846,delivery_service,Delivery,Delivery
116,22,Stay,6,6,6,6,643,648,16:23,16:28,5,0,0.0,5,21.335,129.868,151.203,0,B2026,parking_charging,Position,Pickup
116,23,Pickup,6,6,6,6,648,651,16:28,16:31,3,0,0.0,2,8.534,151.203,159.737,1,B2026,pickup_service,Pickup,Pickup
116,24,Stay,6,6,6,6,651,657,16:31,16:37,6,0,0.0,6,0.263,159.737,160.0,1,B2026,parking_charging,Position,Movement
116,25,Movement,6,8,6,8,657,674,16:37,16:54,17,17,60.41,0,0.0,160.0,99.59,1,B2026,passenger_flight,Position,Delivery
116,26,Delivery,8,8,8,8,674,677,16:54,16:57,3,0,0.0,2,8.534,99.59,108.124,0,B2026,delivery_service,Delivery,Delivery
116,27,Stay,8,8,8,8,677,687,16:57,17:07,10,0,0.0,10,42.67,108.124,150.794,0,B2339,parking_charging,Position,Pickup
116,28,Pickup,8,8,8,8,687,690,17:07,17:10,3,0,0.0,2,8.534,150.794,159.328,1,B2339,pickup_service,Pickup,Pickup
116,29,Stay,8,8,8,8,690,693,17:10,17:13,3,0,0.0,3,0.672,159.328,160.0,1,B2339,parking_charging,Position,Movement
116,30,Movement,8,3,8,3,693,703,17:13,17:23,10,10,35.17,0,0.0,160.0,124.83,1,B2339,passenger_flight,Position,Delivery
116,31,Delivery,3,3,3,3,703,706,17:23,17:26,3,0,0.0,2,8.534,124.83,133.364,0,B2339,delivery_service,Delivery,Delivery
116,32,Stay,3,3,3,3,706,720,17:26,17:40,14,0,0.0,14,26.636,133.364,160.0,0,B2643,parking_charging,Position,Pickup
116,33,Pickup,3,3,3,3,720,723,17:40,17:43,3,0,0.0,2,0.0,160.0,160.0,1,B2643,pickup_service,Pickup,Pickup
116,34,Pickup,3,3,3,3,723,726,17:43,17:46,3,0,0.0,2,0.0,160.0,160.0,3,B2621,pickup_service,Pickup,Pickup
116,35,Movement,3,10,3,10,726,741,17:46,18:01,15,15,54.92,0,0.0,160.0,105.08,3,B2621,passenger_flight,Position,Delivery
116,36,Delivery,10,10,10,10,741,744,18:01,18:04,3,0,0.0,2,8.534,105.08,113.614,1,B2621,delivery_service,Delivery,Delivery
116,37,Delivery,10,10,10,10,744,747,18:04,18:07,3,0,0.0,2,8.534,113.614,122.148,0,B2643,delivery_service,Delivery,Delivery
116,38,Movement,10,7,10,7,747,763,18:07,18:23,16,16,57.99,0,0.0,122.148,64.158,0,,return_to_depot,Position,Depot
117,0,Stay,8,8,8,8,0,153,05:40,08:13,153,0,0.0,153,0.0,160.0,160.0,0,B180,parking_charging,Position,Pickup
117,1,Pickup,8,8,8,8,153,156,08:13,08:16,3,0,0.0,2,0.0,160.0,160.0,1,B180,pickup_service,Pickup,Pickup
117,2,Pickup,8,8,8,8,156,159,08:16,08:19,3,0,0.0,2,0.0,160.0,160.0,2,B176,pickup_service,Pickup,Pickup
117,3,Movement,8,1,8,1,159,171,08:19,08:31,12,12,41.05,0,0.0,160.0,118.95,2,B180,passenger_flight,Position,Delivery
117,4,Delivery,1,1,1,1,171,174,08:31,08:34,3,0,0.0,2,8.534,118.95,127.484,1,B180,delivery_service,Delivery,Delivery
117,5,Delivery,1,1,1,1,174,177,08:34,08:37,3,0,0.0,2,8.534,127.484,136.018,0,B176,delivery_service,Delivery,Delivery
117,6,Stay,1,1,1,1,177,540,08:37,14:40,363,0,0.0,363,23.982,136.018,160.0,0,B1497,parking_charging,Position,Pickup
117,7,Pickup,1,1,1,1,540,543,14:40,14:43,3,0,0.0,2,0.0,160.0,160.0,1,B1497,pickup_service,Pickup,Pickup
117,8,Pickup,1,1,1,1,543,546,14:43,14:46,3,0,0.0,2,0.0,160.0,160.0,2,B1511,pickup_service,Pickup,Pickup
117,9,Movement,1,10,1,10,546,559,14:46,14:59,13,13,47.44,0,0.0,160.0,112.56,2,B1511,passenger_flight,Position,Delivery
117,10,Delivery,10,10,10,10,559,562,14:59,15:02,3,0,0.0,2,8.534,112.56,121.094,1,B1511,delivery_service,Delivery,Delivery
117,11,Delivery,10,10,10,10,562,565,15:02,15:05,3,0,0.0,2,8.534,121.094,129.628,0,B1497,delivery_service,Delivery,Delivery
117,12,Stay,10,10,10,10,565,601,15:05,15:41,36,0,0.0,36,30.372,129.628,160.0,0,B1761,parking_charging,Position,Pickup
117,13,Pickup,10,10,10,10,601,604,15:41,15:44,3,0,0.0,2,0.0,160.0,160.0,1,B1761,pickup_service,Pickup,Pickup
117,14,Pickup,10,10,10,10,604,607,15:44,15:47,3,0,0.0,2,0.0,160.0,160.0,2,B1732,pickup_service,Pickup,Pickup
117,15,Movement,10,3,10,3,607,622,15:47,16:02,15,15,54.92,0,0.0,160.0,105.08,2,B1732,passenger_flight,Position,Delivery
117,16,Delivery,3,3,3,3,622,625,16:02,16:05,3,0,0.0,2,8.534,105.08,113.614,1,B1732,delivery_service,Delivery,Delivery
117,17,Stay,3,3,3,3,625,628,16:05,16:08,3,0,0.0,3,12.801,113.614,126.415,1,B1761,parking_charging,Position,Delivery
117,18,Delivery,3,3,3,3,628,631,16:08,16:11,3,0,0.0,2,8.534,126.415,134.949,0,B1761,delivery_service,Delivery,Delivery
117,19,Movement,3,1,3,1,631,637,16:11,16:17,6,6,9.61,0,0.0,134.949,125.339,0,B1928,empty_repositioning,Position,Pickup
117,20,Pickup,1,1,1,1,637,640,16:17,16:20,3,0,0.0,2,8.534,125.339,133.873,1,B1928,pickup_service,Pickup,Pickup
117,21,Movement,1,3,1,3,640,646,16:20,16:26,6,6,9.61,0,0.0,133.873,124.263,1,B1928,passenger_flight,Position,Delivery
117,22,Delivery,3,3,3,3,646,649,16:26,16:29,3,0,0.0,2,8.534,124.263,132.797,0,B1928,delivery_service,Delivery,Delivery
117,23,Stay,3,3,3,3,649,662,16:29,16:42,13,0,0.0,13,27.203,132.797,160.0,0,B2120,parking_charging,Position,Pickup
117,24,Pickup,3,3,3,3,662,665,16:42,16:45,3,0,0.0,2,0.0,160.0,160.0,1,B2120,pickup_service,Pickup,Pickup
117,25,Movement,3,6,3,6,665,675,16:45,16:55,10,10,32.98,0,0.0,160.0,127.02,1,B2120,passenger_flight,Position,Delivery
117,26,Delivery,6,6,6,6,675,678,16:55,16:58,3,0,0.0,2,8.534,127.02,135.554,0,B2120,delivery_service,Delivery,Delivery
117,27,Stay,6,6,6,6,678,684,16:58,17:04,6,0,0.0,6,24.446,135.554,160.0,0,B2382,parking_charging,Position,Movement
117,28,Movement,6,1,6,1,684,691,17:04,17:11,7,7,23.39,0,0.0,160.0,136.61,0,B2382,empty_repositioning,Position,Pickup
117,29,Pickup,1,1,1,1,691,694,17:11,17:14,3,0,0.0,2,8.534,136.61,145.144,1,B2382,pickup_service,Pickup,Pickup
117,30,Movement,1,6,1,6,694,701,17:14,17:21,7,7,23.39,0,0.0,145.144,121.754,1,B2382,passenger_flight,Position,Delivery
117,31,Delivery,6,6,6,6,701,704,17:21,17:24,3,0,0.0,2,8.534,121.754,130.288,0,B2382,delivery_service,Delivery,Delivery
117,32,Pickup,6,6,6,6,704,707,17:24,17:27,3,0,0.0,2,8.534,130.288,138.822,1,B2507,pickup_service,Pickup,Pickup
117,33,Movement,6,1,6,1,707,714,17:27,17:34,7,7,23.39,0,0.0,138.822,115.432,1,B2590,passenger_flight,Position,Pickup
117,34,Pickup,1,1,1,1,714,717,17:34,17:37,3,0,0.0,2,8.534,115.432,123.966,2,B2590,pickup_service,Pickup,Pickup
117,35,Delivery,1,1,1,1,717,720,17:37,17:40,3,0,0.0,2,8.534,123.966,132.5,1,B2507,delivery_service,Delivery,Delivery
117,36,Movement,1,5,1,5,720,728,17:40,17:48,8,8,14.88,0,0.0,132.5,117.62,1,B2590,passenger_flight,Position,Delivery
117,37,Delivery,5,5,5,5,728,731,17:48,17:51,3,0,0.0,2,8.534,117.62,126.154,0,B2590,delivery_service,Delivery,Delivery
117,38,Movement,5,8,5,8,731,745,17:51,18:05,14,14,47.79,0,0.0,126.154,78.364,0,,return_to_depot,Position,Depot
118,0,Stay,9,9,9,9,0,300,05:40,10:40,300,0,0.0,300,0.0,160.0,160.0,0,B723,parking_charging,Position,Pickup
118,1,Pickup,9,9,9,9,300,303,10:40,10:43,3,0,0.0,2,0.0,160.0,160.0,1,B723,pickup_service,Pickup,Pickup
118,2,Movement,9,5,9,5,303,320,10:43,11:00,17,17,62.04,0,0.0,160.0,97.96,1,B723,passenger_flight,Position,Delivery
118,3,Delivery,5,5,5,5,320,323,11:00,11:03,3,0,0.0,2,8.534,97.96,106.494,0,B723,delivery_service,Delivery,Delivery
118,4,Pickup,5,5,5,5,323,326,11:03,11:06,3,0,0.0,2,8.534,106.494,115.028,1,B848,pickup_service,Pickup,Pickup
118,5,Movement,5,4,5,4,326,332,11:06,11:12,6,6,11.45,0,0.0,115.028,103.578,1,B884,passenger_flight,Position,Pickup
118,6,Pickup,4,4,4,4,332,335,11:12,11:15,3,0,0.0,2,8.534,103.578,112.112,2,B884,pickup_service,Pickup,Pickup
118,7,Movement,4,7,4,7,335,342,11:15,11:22,7,7,21.43,0,0.0,112.112,90.682,2,B848,passenger_flight,Position,Delivery
118,8,Delivery,7,7,7,7,342,345,11:22,11:25,3,0,0.0,2,8.534,90.682,99.216,1,B848,delivery_service,Delivery,Delivery
118,9,Movement,7,8,7,8,345,352,11:25,11:32,7,7,22.2,0,0.0,99.216,77.016,1,B884,passenger_flight,Position,Delivery
118,10,Delivery,8,8,8,8,352,355,11:32,11:35,3,0,0.0,2,8.534,77.016,85.55,0,B884,delivery_service,Delivery,Delivery
118,11,Stay,8,8,8,8,355,424,11:35,12:44,69,0,0.0,69,74.45,85.55,160.0,0,B1180,parking_charging,Position,Pickup
118,12,Pickup,8,8,8,8,424,427,12:44,12:47,3,0,0.0,2,0.0,160.0,160.0,1,B1180,pickup_service,Pickup,Pickup
118,13,Pickup,8,8,8,8,427,430,12:47,12:50,3,0,0.0,2,0.0,160.0,160.0,2,B1168,pickup_service,Pickup,Pickup
118,14,Movement,8,3,8,3,430,440,12:50,13:00,10,10,35.17,0,0.0,160.0,124.83,2,B1168,passenger_flight,Position,Delivery
118,15,Delivery,3,3,3,3,440,443,13:00,13:03,3,0,0.0,2,8.534,124.83,133.364,1,B1168,delivery_service,Delivery,Delivery
118,16,Delivery,3,3,3,3,443,446,13:03,13:06,3,0,0.0,2,8.534,133.364,141.898,0,B1180,delivery_service,Delivery,Delivery
118,17,Stay,3,3,3,3,446,548,13:06,14:48,102,0,0.0,102,18.102,141.898,160.0,0,B1541,parking_charging,Position,Pickup
118,18,Pickup,3,3,3,3,548,551,14:48,14:51,3,0,0.0,2,0.0,160.0,160.0,1,B1541,pickup_service,Pickup,Pickup
118,19,Pickup,3,3,3,3,551,554,14:51,14:54,3,0,0.0,2,0.0,160.0,160.0,2,B1547,pickup_service,Pickup,Pickup
118,20,Movement,3,1,3,1,554,560,14:54,15:00,6,6,9.61,0,0.0,160.0,150.39,2,B1541,passenger_flight,Position,Delivery
118,21,Delivery,1,1,1,1,560,563,15:00,15:03,3,0,0.0,2,8.534,150.39,158.924,1,B1541,delivery_service,Delivery,Delivery
118,22,Movement,1,4,1,4,563,567,15:03,15:07,4,4,4.98,0,0.0,158.924,153.944,1,B1547,passenger_flight,Position,Delivery
118,23,Delivery,4,4,4,4,567,570,15:07,15:10,3,0,0.0,2,6.056,153.944,160.0,0,B1547,delivery_service,Delivery,Delivery
118,24,Stay,4,4,4,4,570,578,15:10,15:18,8,0,0.0,8,0.0,160.0,160.0,0,B1660,parking_charging,Position,Pickup
118,25,Pickup,4,4,4,4,578,581,15:18,15:21,3,0,0.0,2,0.0,160.0,160.0,1,B1660,pickup_service,Pickup,Pickup
118,26,Stay,4,4,4,4,581,587,15:21,15:27,6,0,0.0,6,0.0,160.0,160.0,1,B1660,parking_charging,Position,Movement
118,27,Movement,4,7,4,7,587,594,15:27,15:34,7,7,21.43,0,0.0,160.0,138.57,1,B1660,passenger_flight,Position,Delivery
118,28,Delivery,7,7,7,7,594,597,15:34,15:37,3,0,0.0,2,8.534,138.57,147.104,0,B1660,delivery_service,Delivery,Delivery
118,29,Stay,7,7,7,7,597,631,15:37,16:11,34,0,0.0,34,12.896,147.104,160.0,0,B1968,parking_charging,Position,Movement
118,30,Movement,7,1,7,1,631,638,16:11,16:18,7,7,21.03,0,0.0,160.0,138.97,0,B1968,empty_repositioning,Position,Pickup
118,31,Pickup,1,1,1,1,638,641,16:18,16:21,3,0,0.0,2,8.534,138.97,147.504,1,B1968,pickup_service,Pickup,Pickup
118,32,Stay,1,1,1,1,641,647,16:21,16:27,6,0,0.0,6,12.496,147.504,160.0,1,B1968,parking_charging,Position,Movement
118,33,Movement,1,3,1,3,647,653,16:27,16:33,6,6,9.61,0,0.0,160.0,150.39,1,B1968,passenger_flight,Position,Delivery
118,34,Delivery,3,3,3,3,653,656,16:33,16:36,3,0,0.0,2,8.534,150.39,158.924,0,B1968,delivery_service,Delivery,Delivery
118,35,Movement,3,2,3,2,656,659,16:36,16:39,3,3,4.08,0,0.0,158.924,154.844,0,B2096,empty_repositioning,Position,Pickup
118,36,Pickup,2,2,2,2,659,662,16:39,16:42,3,0,0.0,2,5.156,154.844,160.0,1,B2096,pickup_service,Pickup,Pickup
118,37,Stay,2,2,2,2,662,668,16:42,16:48,6,0,0.0,6,0.0,160.0,160.0,1,B2096,parking_charging,Position,Movement
118,38,Movement,2,5,2,5,668,676,16:48,16:56,8,8,27.57,0,0.0,160.0,132.43,1,B2096,passenger_flight,Position,Delivery
118,39,Delivery,5,5,5,5,676,679,16:56,16:59,3,0,0.0,2,8.534,132.43,140.964,0,B2096,delivery_service,Delivery,Delivery
118,40,Stay,5,5,5,5,679,680,16:59,17:00,1,0,0.0,1,4.267,140.964,145.231,0,B2260,parking_charging,Position,Movement
118,41,Movement,5,2,5,2,680,688,17:00,17:08,8,8,27.57,0,0.0,145.231,117.661,0,B2260,empty_repositioning,Position,Pickup
118,42,Pickup,2,2,2,2,688,691,17:08,17:11,3,0,0.0,2,8.534,117.661,126.195,1,B2260,pickup_service,Pickup,Pickup
118,43,Movement,2,1,2,1,691,698,17:11,17:18,7,7,13.61,0,0.0,126.195,112.585,1,B2260,passenger_flight,Position,Delivery
118,44,Delivery,1,1,1,1,698,701,17:18,17:21,3,0,0.0,2,8.534,112.585,121.119,0,B2260,delivery_service,Delivery,Delivery
118,45,Pickup,1,1,1,1,701,704,17:21,17:24,3,0,0.0,2,8.534,121.119,129.653,1,B2471,pickup_service,Pickup,Pickup
118,46,Stay,1,1,1,1,704,706,17:24,17:26,2,0,0.0,2,8.534,129.653,138.187,1,B2542,parking_charging,Position,Pickup
118,47,Pickup,1,1,1,1,706,709,17:26,17:29,3,0,0.0,2,8.534,138.187,146.721,2,B2542,pickup_service,Pickup,Pickup
118,48,Movement,1,3,1,3,709,715,17:29,17:35,6,6,9.61,0,0.0,146.721,137.111,2,B2471,passenger_flight,Position,Delivery
118,49,Delivery,3,3,3,3,715,718,17:35,17:38,3,0,0.0,2,8.534,137.111,145.645,1,B2471,delivery_service,Delivery,Delivery
118,50,Pickup,3,3,3,3,718,721,17:38,17:41,3,0,0.0,2,8.534,145.645,154.179,2,B2630,pickup_service,Pickup,Pickup
118,51,Delivery,3,3,3,3,721,724,17:41,17:44,3,0,0.0,2,5.821,154.179,160.0,1,B2542,delivery_service,Delivery,Delivery
118,52,Movement,3,1,3,1,724,730,17:44,17:50,6,6,9.61,0,0.0,160.0,150.39,1,B2630,passenger_flight,Position,Delivery
118,53,Delivery,1,1,1,1,730,733,17:50,17:53,3,0,0.0,2,8.534,150.39,158.924,0,B2630,delivery_service,Delivery,Delivery
118,54,Pickup,1,1,1,1,733,736,17:53,17:56,3,0,0.0,2,1.076,158.924,160.0,1,B2765,pickup_service,Pickup,Pickup
118,55,Movement,1,2,1,2,736,743,17:56,18:03,7,7,13.61,0,0.0,160.0,146.39,1,B2765,passenger_flight,Position,Delivery
118,56,Delivery,2,2,2,2,743,746,18:03,18:06,3,0,0.0,2,8.534,146.39,154.924,0,B2765,delivery_service,Delivery,Delivery
118,57,Pickup,2,2,2,2,746,749,18:06,18:09,3,0,0.0,2,5.076,154.924,160.0,1,B2935,pickup_service,Pickup,Pickup
118,58,Movement,2,1,2,1,749,756,18:09,18:16,7,7,13.61,0,0.0,160.0,146.39,1,B2935,passenger_flight,Position,Delivery
118,59,Delivery,1,1,1,1,756,759,18:16,18:19,3,0,0.0,2,8.534,146.39,154.924,0,B2935,delivery_service,Delivery,Delivery
118,60,Stay,1,1,1,1,759,760,18:19,18:20,1,0,0.0,1,4.267,154.924,159.191,0,B3037,parking_charging,Position,Pickup
118,61,Pickup,1,1,1,1,760,763,18:20,18:23,3,0,0.0,2,0.809,159.191,160.0,1,B3037,pickup_service,Pickup,Pickup
118,62,Pickup,1,1,1,1,763,766,18:23,18:26,3,0,0.0,2,0.0,160.0,160.0,2,B3046,pickup_service,Pickup,Pickup
118,63,Movement,1,3,1,3,766,772,18:26,18:32,6,6,9.61,0,0.0,160.0,150.39,2,B3037,passenger_flight,Position,Delivery
118,64,Delivery,3,3,3,3,772,775,18:32,18:35,3,0,0.0,2,8.534,150.39,158.924,1,B3037,delivery_service,Delivery,Delivery
118,65,Delivery,3,3,3,3,775,778,18:35,18:38,3,0,0.0,2,1.076,158.924,160.0,0,B3046,delivery_service,Delivery,Delivery
118,66,Stay,3,3,3,3,778,780,18:38,18:40,2,0,0.0,2,0.0,160.0,160.0,0,B3211,parking_charging,Position,Movement
118,67,Movement,3,1,3,1,780,786,18:40,18:46,6,6,9.61,0,0.0,160.0,150.39,0,B3211,empty_repositioning,Position,Pickup
118,68,Pickup,1,1,1,1,786,789,18:46,18:49,3,0,0.0,2,8.534,150.39,158.924,1,B3211,pickup_service,Pickup,Pickup
118,69,Pickup,1,1,1,1,789,792,18:49,18:52,3,0,0.0,2,1.076,158.924,160.0,2,B3187,pickup_service,Pickup,Pickup
118,70,Movement,1,7,1,7,792,799,18:52,18:59,7,7,21.03,0,0.0,160.0,138.97,2,B3187,passenger_flight,Position,Delivery
118,71,Delivery,7,7,7,7,799,802,18:59,19:02,3,0,0.0,2,8.534,138.97,147.504,1,B3187,delivery_service,Delivery,Delivery
118,72,Delivery,7,7,7,7,802,805,19:02,19:05,3,0,0.0,2,8.534,147.504,156.038,0,B3211,delivery_service,Delivery,Delivery
118,73,Movement,7,9,7,9,805,817,19:05,19:17,12,12,40.12,0,0.0,156.038,115.918,0,,return_to_depot,Position,Depot
119,0,Stay,10,10,10,10,0,208,05:40,09:08,208,0,0.0,208,0.0,160.0,160.0,0,B375,parking_charging,Position,Pickup
119,1,Pickup,10,10,10,10,208,211,09:08,09:11,3,0,0.0,2,0.0,160.0,160.0,1,B375,pickup_service,Pickup,Pickup
119,2,Movement,10,9,10,9,211,230,09:11,09:30,19,19,69.89,0,0.0,160.0,90.11,1,B375,passenger_flight,Position,Delivery
119,3,Delivery,9,9,9,9,230,233,09:30,09:33,3,0,0.0,2,8.534,90.11,98.644,0,B375,delivery_service,Delivery,Delivery
119,4,Stay,9,9,9,9,233,287,09:33,10:27,54,0,0.0,54,61.356,98.644,160.0,0,B685,parking_charging,Position,Movement
119,5,Movement,9,8,9,8,287,293,10:27,10:33,6,6,18.04,0,0.0,160.0,141.96,0,B685,empty_repositioning,Position,Pickup
119,6,Pickup,8,8,8,8,293,296,10:33,10:36,3,0,0.0,2,8.534,141.96,150.494,1,B685,pickup_service,Pickup,Pickup
119,7,Pickup,8,8,8,8,296,299,10:36,10:39,3,0,0.0,2,8.534,150.494,159.028,2,B679,pickup_service,Pickup,Pickup
119,8,Movement,8,1,8,1,299,311,10:39,10:51,12,12,41.05,0,0.0,159.028,117.978,2,B679,passenger_flight,Position,Delivery
119,9,Delivery,1,1,1,1,311,314,10:51,10:54,3,0,0.0,2,8.534,117.978,126.512,1,B679,delivery_service,Delivery,Delivery
119,10,Movement,1,6,1,6,314,321,10:54,11:01,7,7,23.39,0,0.0,126.512,103.122,1,B685,passenger_flight,Position,Delivery
119,11,Delivery,6,6,6,6,321,324,11:01,11:04,3,0,0.0,2,8.534,103.122,111.656,0,B685,delivery_service,Delivery,Delivery
119,12,Stay,6,6,6,6,324,330,11:04,11:10,6,0,0.0,6,25.602,111.656,137.258,0,B882,parking_charging,Position,Pickup
119,13,Pickup,6,6,6,6,330,333,11:10,11:13,3,0,0.0,2,8.534,137.258,145.792,1,B882,pickup_service,Pickup,Pickup
119,14,Pickup,6,6,6,6,333,336,11:13,11:16,3,0,0.0,2,8.534,145.792,154.326,2,B866,pickup_service,Pickup,Pickup
119,15,Movement,6,7,6,7,336,348,11:16,11:28,12,12,43.48,0,0.0,154.326,110.846,2,B866,passenger_flight,Position,Delivery
119,16,Delivery,7,7,7,7,348,351,11:28,11:31,3,0,0.0,2,8.534,110.846,119.38,1,B866,delivery_service,Delivery,Delivery
119,17,Delivery,7,7,7,7,351,354,11:31,11:34,3,0,0.0,2,8.534,119.38,127.914,0,B882,delivery_service,Delivery,Delivery
119,18,Stay,7,7,7,7,354,380,11:34,12:00,26,0,0.0,26,32.086,127.914,160.0,0,B1068,parking_charging,Position,Pickup
119,19,Pickup,7,7,7,7,380,383,12:00,12:03,3,0,0.0,2,0.0,160.0,160.0,1,B1068,pickup_service,Pickup,Pickup
119,20,Pickup,7,7,7,7,383,386,12:03,12:06,3,0,0.0,2,0.0,160.0,160.0,2,B1076,pickup_service,Pickup,Pickup
119,21,Movement,7,5,7,5,386,396,12:06,12:16,10,10,32.24,0,0.0,160.0,127.76,2,B1068,passenger_flight,Position,Delivery
119,22,Delivery,5,5,5,5,396,399,12:16,12:19,3,0,0.0,2,8.534,127.76,136.294,1,B1068,delivery_service,Delivery,Delivery
119,23,Movement,5,10,5,10,399,409,12:19,12:29,10,10,33.52,0,0.0,136.294,102.774,1,B1076,passenger_flight,Position,Delivery
119,24,Delivery,10,10,10,10,409,412,12:29,12:32,3,0,0.0,2,8.534,102.774,111.308,0,B1076,delivery_service,Delivery,Delivery
119,25,Stay,10,10,10,10,412,617,12:32,15:57,205,0,0.0,205,48.692,111.308,160.0,0,B1830,parking_charging,Position,Pickup
119,26,Pickup,10,10,10,10,617,620,15:57,16:00,3,0,0.0,2,0.0,160.0,160.0,1,B1830,pickup_service,Pickup,Pickup
119,27,Stay,10,10,10,10,620,623,16:00,16:03,3,0,0.0,3,0.0,160.0,160.0,1,B1830,parking_charging,Position,Movement
119,28,Movement,10,3,10,3,623,638,16:03,16:18,15,15,54.92,0,0.0,160.0,105.08,1,B1830,passenger_flight,Position,Delivery
119,29,Delivery,3,3,3,3,638,641,16:18,16:21,3,0,0.0,2,8.534,105.08,113.614,0,B1830,delivery_service,Delivery,Delivery
119,30,Pickup,3,3,3,3,641,644,16:21,16:24,3,0,0.0,2,8.534,113.614,122.148,1,B1951,pickup_service,Pickup,Pickup
119,31,Movement,3,6,3,6,644,654,16:24,16:34,10,10,32.98,0,0.0,122.148,89.168,1,B1951,passenger_flight,Position,Delivery
119,32,Delivery,6,6,6,6,654,657,16:34,16:37,3,0,0.0,2,8.534,89.168,97.702,0,B1951,delivery_service,Delivery,Delivery
119,33,Stay,6,6,6,6,657,660,16:37,16:40,3,0,0.0,3,12.801,97.702,110.503,0,B2149,parking_charging,Position,Movement
119,34,Movement,6,1,6,1,660,667,16:40,16:47,7,7,23.39,0,0.0,110.503,87.113,0,B2149,empty_repositioning,Position,Pickup
119,35,Pickup,1,1,1,1,667,670,16:47,16:50,3,0,0.0,2,8.534,87.113,95.647,1,B2149,pickup_service,Pickup,Pickup
119,36,Pickup,1,1,1,1,670,673,16:50,16:53,3,0,0.0,2,8.534,95.647,104.181,2,B2188,pickup_service,Pickup,Pickup
119,37,Movement,1,5,1,5,673,681,16:53,17:01,8,8,14.88,0,0.0,104.181,89.301,2,B2149,passenger_flight,Position,Delivery
119,38,Delivery,5,5,5,5,681,684,17:01,17:04,3,0,0.0,2,8.534,89.301,97.835,1,B2149,delivery_service,Delivery,Delivery
119,39,Movement,5,10,5,10,684,694,17:04,17:14,10,10,33.52,0,0.0,97.835,64.315,1,B2188,passenger_flight,Position,Delivery
119,40,Delivery,10,10,10,10,694,697,17:14,17:17,3,0,0.0,2,8.534,64.315,72.849,0,B2188,delivery_service,Delivery,Delivery
120,0,Stay,1,1,1,1,0,520,05:40,14:20,520,0,0.0,520,0.0,160.0,160.0,0,B1425,parking_charging,Position,Movement
120,1,Movement,1,4,1,4,520,524,14:20,14:24,4,4,4.98,0,0.0,160.0,155.02,0,B1425,empty_repositioning,Position,Pickup
120,2,Pickup,4,4,4,4,524,527,14:24,14:27,3,0,0.0,2,4.98,155.02,160.0,1,B1425,pickup_service,Pickup,Pickup
120,3,Movement,4,10,4,10,527,539,14:27,14:39,12,12,42.86,0,0.0,160.0,117.14,1,B1425,passenger_flight,Position,Delivery
120,4,Delivery,10,10,10,10,539,542,14:39,14:42,3,0,0.0,2,8.534,117.14,125.674,0,B1425,delivery_service,Delivery,Delivery
120,5,Stay,10,10,10,10,542,620,14:42,16:00,78,0,0.0,78,34.326,125.674,160.0,0,B1826,parking_charging,Position,Pickup
120,6,Pickup,10,10,10,10,620,623,16:00,16:03,3,0,0.0,2,0.0,160.0,160.0,1,B1826,pickup_service,Pickup,Pickup
120,7,Movement,10,3,10,3,623,638,16:03,16:18,15,15,54.92,0,0.0,160.0,105.08,1,B1938,passenger_flight,Position,Pickup
120,8,Pickup,3,3,3,3,638,641,16:18,16:21,3,0,0.0,2,8.534,105.08,113.614,2,B1938,pickup_service,Pickup,Pickup
120,9,Delivery,3,3,3,3,641,644,16:21,16:24,3,0,0.0,2,8.534,113.614,122.148,1,B1826,delivery_service,Delivery,Delivery
120,10,Movement,3,10,3,10,644,659,16:24,16:39,15,15,54.92,0,0.0,122.148,67.228,1,B1938,passenger_flight,Position,Delivery
120,11,Delivery,10,10,10,10,659,662,16:39,16:42,3,0,0.0,2,8.534,67.228,75.762,0,B1938,delivery_service,Delivery,Delivery
120,12,Stay,10,10,10,10,662,680,16:42,17:00,18,0,0.0,18,76.806,75.762,152.568,0,B2214,parking_charging,Position,Pickup
120,13,Pickup,10,10,10,10,680,683,17:00,17:03,3,0,0.0,2,7.432,152.568,160.0,1,B2214,pickup_service,Pickup,Pickup
120,14,Movement,10,3,10,3,683,698,17:03,17:18,15,15,54.92,0,0.0,160.0,105.08,1,B2214,passenger_flight,Position,Delivery
120,15,Delivery,3,3,3,3,698,701,17:18,17:21,3,0,0.0,2,8.534,105.08,113.614,0,B2214,delivery_service,Delivery,Delivery
120,16,Stay,3,3,3,3,701,720,17:21,17:40,19,0,0.0,19,46.386,113.614,160.0,0,B2619,parking_charging,Position,Pickup
120,17,Pickup,3,3,3,3,720,723,17:40,17:43,3,0,0.0,2,0.0,160.0,160.0,1,B2619,pickup_service,Pickup,Pickup
120,18,Movement,3,1,3,1,723,729,17:43,17:49,6,6,9.61,0,0.0,160.0,150.39,1,B2619,passenger_flight,Position,Delivery
120,19,Delivery,1,1,1,1,729,732,17:49,17:52,3,0,0.0,2,8.534,150.39,158.924,0,B2619,delivery_service,Delivery,Delivery
120,20,Pickup,1,1,1,1,732,735,17:52,17:55,3,0,0.0,2,1.076,158.924,160.0,1,B2752,pickup_service,Pickup,Pickup
120,21,Movement,1,3,1,3,735,741,17:55,18:01,6,6,9.61,0,0.0,160.0,150.39,1,B2752,passenger_flight,Position,Delivery
120,22,Delivery,3,3,3,3,741,744,18:01,18:04,3,0,0.0,2,8.534,150.39,158.924,0,B2752,delivery_service,Delivery,Delivery
120,23,Pickup,3,3,3,3,744,747,18:04,18:07,3,0,0.0,2,1.076,158.924,160.0,1,B2885,pickup_service,Pickup,Pickup
120,24,Movement,3,4,3,4,747,754,18:07,18:14,7,7,12.6,0,0.0,160.0,147.4,1,B2885,passenger_flight,Position,Delivery
120,25,Delivery,4,4,4,4,754,757,18:14,18:17,3,0,0.0,2,8.534,147.4,155.934,0,B2885,delivery_service,Delivery,Delivery
120,26,Stay,4,4,4,4,757,775,18:17,18:35,18,0,0.0,18,4.066,155.934,160.0,0,B3148,parking_charging,Position,Pickup
120,27,Pickup,4,4,4,4,775,778,18:35,18:38,3,0,0.0,2,0.0,160.0,160.0,1,B3148,pickup_service,Pickup,Pickup
120,28,Pickup,4,4,4,4,778,781,18:38,18:41,3,0,0.0,2,0.0,160.0,160.0,2,B3150,pickup_service,Pickup,Pickup
120,29,Movement,4,3,4,3,781,788,18:41,18:48,7,7,12.6,0,0.0,160.0,147.4,2,B3150,passenger_flight,Position,Delivery
120,30,Delivery,3,3,3,3,788,791,18:48,18:51,3,0,0.0,2,8.534,147.4,155.934,1,B3150,delivery_service,Delivery,Delivery
120,31,Delivery,3,3,3,3,791,794,18:51,18:54,3,0,0.0,2,4.066,155.934,160.0,0,B3148,delivery_service,Delivery,Delivery
120,32,Stay,3,3,3,3,794,800,18:54,19:00,6,0,0.0,6,0.0,160.0,160.0,0,B3298,parking_charging,Position,Movement
120,33,Movement,3,2,3,2,800,803,19:00,19:03,3,3,4.08,0,0.0,160.0,155.92,0,B3298,empty_repositioning,Position,Pickup
120,34,Pickup,2,2,2,2,803,806,19:03,19:06,3,0,0.0,2,4.08,155.92,160.0,1,B3298,pickup_service,Pickup,Pickup
120,35,Movement,2,5,2,5,806,814,19:06,19:14,8,8,27.57,0,0.0,160.0,132.43,1,B3298,passenger_flight,Position,Delivery
120,36,Delivery,5,5,5,5,814,817,19:14,19:17,3,0,0.0,2,8.534,132.43,140.964,0,B3298,delivery_service,Delivery,Delivery
120,37,Movement,5,1,5,1,817,825,19:17,19:25,8,8,14.88,0,0.0,140.964,126.084,0,,return_to_depot,Position,Depot
121,0,Stay,2,2,2,2,0,212,05:40,09:12,212,0,0.0,212,0.0,160.0,160.0,0,B384,parking_charging,Position,Pickup
121,1,Pickup,2,2,2,2,212,215,09:12,09:15,3,0,0.0,2,0.0,160.0,160.0,1,B384,pickup_service,Pickup,Pickup
121,2,Pickup,2,2,2,2,215,218,09:15,09:18,3,0,0.0,2,0.0,160.0,160.0,2,B388,pickup_service,Pickup,Pickup
121,3,Movement,2,4,2,4,218,224,09:18,09:24,6,6,16.13,0,0.0,160.0,143.87,2,B388,passenger_flight,Position,Delivery
121,4,Delivery,4,4,4,4,224,227,09:24,09:27,3,0,0.0,2,8.534,143.87,152.404,1,B388,delivery_service,Delivery,Delivery
121,5,Delivery,4,4,4,4,227,230,09:27,09:30,3,0,0.0,2,7.596,152.404,160.0,0,B384,delivery_service,Delivery,Delivery
121,6,Stay,4,4,4,4,230,280,09:30,10:20,50,0,0.0,50,0.0,160.0,160.0,0,B633,parking_charging,Position,Movement
121,7,Movement,4,5,4,5,280,286,10:20,10:26,6,6,11.45,0,0.0,160.0,148.55,0,B633,empty_repositioning,Position,Pickup
121,8,Pickup,5,5,5,5,286,289,10:26,10:29,3,0,0.0,2,8.534,148.55,157.084,1,B633,pickup_service,Pickup,Pickup
121,9,Pickup,5,5,5,5,289,292,10:29,10:32,3,0,0.0,2,2.916,157.084,160.0,2,B663,pickup_service,Pickup,Pickup
121,10,Movement,5,8,5,8,292,306,10:32,10:46,14,14,47.79,0,0.0,160.0,112.21,2,B633,passenger_flight,Position,Delivery
121,11,Delivery,8,8,8,8,306,309,10:46,10:49,3,0,0.0,2,8.534,112.21,120.744,1,B633,delivery_service,Delivery,Delivery
121,12,Delivery,8,8,8,8,309,312,10:49,10:52,3,0,0.0,2,8.534,120.744,129.278,0,B663,delivery_service,Delivery,Delivery
121,13,Pickup,8,8,8,8,312,315,10:52,10:55,3,0,0.0,2,8.534,129.278,137.812,1,B760,pickup_service,Pickup,Pickup
121,14,Stay,8,8,8,8,315,318,10:55,10:58,3,0,0.0,3,12.801,137.812,150.613,1,B760,parking_charging,Position,Movement
121,15,Movement,8,4,8,4,318,329,10:58,11:09,11,11,39.54,0,0.0,150.613,111.073,1,B760,passenger_flight,Position,Delivery
121,16,Delivery,4,4,4,4,329,332,11:09,11:12,3,0,0.0,2,8.534,111.073,119.607,0,B760,delivery_service,Delivery,Delivery
121,17,Stay,4,4,4,4,332,360,11:12,11:40,28,0,0.0,28,40.393,119.607,160.0,0,B1003,parking_charging,Position,Pickup
121,18,Pickup,4,4,4,4,360,363,11:40,11:43,3,0,0.0,2,0.0,160.0,160.0,1,B1003,pickup_service,Pickup,Pickup
121,19,Movement,4,2,4,2,363,369,11:43,11:49,6,6,16.13,0,0.0,160.0,143.87,1,B1003,passenger_flight,Position,Delivery
121,20,Delivery,2,2,2,2,369,372,11:49,11:52,3,0,0.0,2,8.534,143.87,152.404,0,B1003,delivery_service,Delivery,Delivery
121,21,Stay,2,2,2,2,372,420,11:52,12:40,48,0,0.0,48,7.596,152.404,160.0,0,B1173,parking_charging,Position,Movement
121,22,Movement,2,7,2,7,420,426,12:40,12:46,6,6,10.2,0,0.0,160.0,149.8,0,B1173,empty_repositioning,Position,Pickup
121,23,Pickup,7,7,7,7,426,429,12:46,12:49,3,0,0.0,2,8.534,149.8,158.334,1,B1173,pickup_service,Pickup,Pickup
121,24,Movement,7,10,7,10,429,445,12:49,13:05,16,16,57.99,0,0.0,158.334,100.344,1,B1173,passenger_flight,Position,Delivery
121,25,Delivery,10,10,10,10,445,448,13:05,13:08,3,0,0.0,2,8.534,100.344,108.878,0,B1173,delivery_service,Delivery,Delivery
121,26,Stay,10,10,10,10,448,602,13:08,15:42,154,0,0.0,154,51.122,108.878,160.0,0,B1768,parking_charging,Position,Pickup
121,27,Pickup,10,10,10,10,602,605,15:42,15:45,3,0,0.0,2,0.0,160.0,160.0,1,B1768,pickup_service,Pickup,Pickup
121,28,Movement,10,9,10,9,605,624,15:45,16:04,19,19,69.89,0,0.0,160.0,90.11,1,B1768,passenger_flight,Position,Delivery
121,29,Delivery,9,9,9,9,624,627,16:04,16:07,3,0,0.0,2,8.534,90.11,98.644,0,B1768,delivery_service,Delivery,Delivery
121,30,Stay,9,9,9,9,627,725,16:07,17:45,98,0,0.0,98,61.356,98.644,160.0,0,B2763,parking_charging,Position,Pickup
121,31,Pickup,9,9,9,9,725,728,17:45,17:48,3,0,0.0,2,0.0,160.0,160.0,1,B2763,pickup_service,Pickup,Pickup
121,32,Pickup,9,9,9,9,728,731,17:48,17:51,3,0,0.0,2,0.0,160.0,160.0,3,B2722,pickup_service,Pickup,Pickup
121,33,Movement,9,1,9,1,731,747,17:51,18:07,16,16,57.72,0,0.0,160.0,102.28,3,B2763,passenger_flight,Position,Delivery
121,34,Delivery,1,1,1,1,747,750,18:07,18:10,3,0,0.0,2,8.534,102.28,110.814,2,B2763,delivery_service,Delivery,Delivery
121,35,Delivery,1,1,1,1,750,753,18:10,18:13,3,0,0.0,2,8.534,110.814,119.348,0,B2722,delivery_service,Delivery,Delivery
121,36,Stay,1,1,1,1,753,755,18:13,18:15,2,0,0.0,2,8.534,119.348,127.882,0,B3018,parking_charging,Position,Pickup
121,37,Pickup,1,1,1,1,755,758,18:15,18:18,3,0,0.0,2,8.534,127.882,136.416,1,B3018,pickup_service,Pickup,Pickup
121,38,Pickup,1,1,1,1,758,761,18:18,18:21,3,0,0.0,2,8.534,136.416,144.95,2,B3011,pickup_service,Pickup,Pickup
121,39,Movement,1,3,1,3,761,767,18:21,18:27,6,6,9.61,0,0.0,144.95,135.34,2,B3018,passenger_flight,Position,Delivery
121,40,Delivery,3,3,3,3,767,770,18:27,18:30,3,0,0.0,2,8.534,135.34,143.874,1,B3018,delivery_service,Delivery,Delivery
121,41,Delivery,3,3,3,3,770,773,18:30,18:33,3,0,0.0,2,8.534,143.874,152.408,0,B3011,delivery_service,Delivery,Delivery
121,42,Stay,3,3,3,3,773,791,18:33,18:51,18,0,0.0,18,7.592,152.408,160.0,0,B3273,parking_charging,Position,Movement
121,43,Movement,3,1,3,1,791,797,18:51,18:57,6,6,9.61,0,0.0,160.0,150.39,0,B3273,empty_repositioning,Position,Pickup
121,44,Pickup,1,1,1,1,797,800,18:57,19:00,3,0,0.0,2,8.534,150.39,158.924,1,B3273,pickup_service,Pickup,Pickup
121,45,Stay,1,1,1,1,800,803,19:00,19:03,3,0,0.0,3,1.076,158.924,160.0,1,B3273,parking_charging,Position,Movement
121,46,Movement,1,7,1,7,803,810,19:03,19:10,7,7,21.03,0,0.0,160.0,138.97,1,B3273,passenger_flight,Position,Delivery
121,47,Delivery,7,7,7,7,810,813,19:10,19:13,3,0,0.0,2,8.534,138.97,147.504,0,B3273,delivery_service,Delivery,Delivery
121,48,Movement,7,2,7,2,813,819,19:13,19:19,6,6,10.2,0,0.0,147.504,137.304,0,,return_to_depot,Position,Depot
122,0,Stay,3,3,3,3,0,171,05:40,08:31,171,0,0.0,171,0.0,160.0,160.0,0,B252,parking_charging,Position,Pickup
122,1,Pickup,3,3,3,3,171,174,08:31,08:34,3,0,0.0,2,0.0,160.0,160.0,1,B252,pickup_service,Pickup,Pickup
122,2,Pickup,3,3,3,3,174,177,08:34,08:37,3,0,0.0,2,0.0,160.0,160.0,2,B256,pickup_service,Pickup,Pickup
122,3,Movement,3,9,3,9,177,192,08:37,08:52,15,15,52.78,0,0.0,160.0,107.22,2,B256,passenger_flight,Position,Delivery
122,4,Delivery,9,9,9,9,192,195,08:52,08:55,3,0,0.0,2,8.534,107.22,115.754,1,B256,delivery_service,Delivery,Delivery
122,5,Delivery,9,9,9,9,195,198,08:55,08:58,3,0,0.0,2,8.534,115.754,124.288,0,B252,delivery_service,Delivery,Delivery
122,6,Stay,9,9,9,9,198,293,08:58,10:33,95,0,0.0,95,35.712,124.288,160.0,0,B686,parking_charging,Position,Pickup
122,7,Pickup,9,9,9,9,293,296,10:33,10:36,3,0,0.0,2,0.0,160.0,160.0,1,B686,pickup_service,Pickup,Pickup
122,8,Stay,9,9,9,9,296,304,10:36,10:44,8,0,0.0,8,0.0,160.0,160.0,1,B686,parking_charging,Position,Movement
122,9,Movement,9,4,9,4,304,319,10:44,10:59,15,15,55.47,0,0.0,160.0,104.53,1,B686,passenger_flight,Position,Delivery
122,10,Delivery,4,4,4,4,319,322,10:59,11:02,3,0,0.0,2,8.534,104.53,113.064,0,B686,delivery_service,Delivery,Delivery
122,11,Stay,4,4,4,4,322,329,11:02,11:09,7,0,0.0,7,29.869,113.064,142.933,0,B907,parking_charging,Position,Movement
122,12,Movement,4,7,4,7,329,336,11:09,11:16,7,7,21.43,0,0.0,142.933,121.503,0,B907,empty_repositioning,Position,Pickup
122,13,Pickup,7,7,7,7,336,339,11:16,11:19,3,0,0.0,2,8.534,121.503,130.037,1,B907,pickup_service,Pickup,Pickup
122,14,Movement,7,4,7,4,339,346,11:19,11:26,7,7,21.43,0,0.0,130.037,108.607,1,B907,passenger_flight,Position,Delivery
122,15,Delivery,4,4,4,4,346,349,11:26,11:29,3,0,0.0,2,8.534,108.607,117.141,0,B907,delivery_service,Delivery,Delivery
122,16,Stay,4,4,4,4,349,353,11:29,11:33,4,0,0.0,4,17.068,117.141,134.209,0,B977,parking_charging,Position,Pickup
122,17,Pickup,4,4,4,4,353,356,11:33,11:36,3,0,0.0,2,8.534,134.209,142.743,1,B977,pickup_service,Pickup,Pickup
122,18,Stay,4,4,4,4,356,364,11:36,11:44,8,0,0.0,8,17.257,142.743,160.0,1,B977,parking_charging,Position,Movement
122,19,Movement,4,9,4,9,364,379,11:44,11:59,15,15,55.47,0,0.0,160.0,104.53,1,B977,passenger_flight,Position,Delivery
122,20,Delivery,9,9,9,9,379,382,11:59,12:02,3,0,0.0,2,8.534,104.53,113.064,0,B977,delivery_service,Delivery,Delivery
122,21,Stay,9,9,9,9,382,661,12:02,16:41,279,0,0.0,279,46.936,113.064,160.0,0,B2167,parking_charging,Position,Movement
122,22,Movement,9,8,9,8,661,667,16:41,16:47,6,6,18.04,0,0.0,160.0,141.96,0,B2167,empty_repositioning,Position,Pickup
122,23,Pickup,8,8,8,8,667,670,16:47,16:50,3,0,0.0,2,8.534,141.96,150.494,1,B2167,pickup_service,Pickup,Pickup
122,24,Movement,8,7,8,7,670,677,16:50,16:57,7,7,22.2,0,0.0,150.494,128.294,1,B2206,passenger_flight,Position,Pickup
122,25,Pickup,7,7,7,7,677,680,16:57,17:00,3,0,0.0,2,8.534,128.294,136.828,2,B2206,pickup_service,Pickup,Pickup
122,26,Movement,7,6,7,6,680,692,17:00,17:12,12,12,43.48,0,0.0,136.828,93.348,2,B2167,passenger_flight,Position,Delivery
122,27,Delivery,6,6,6,6,692,695,17:12,17:15,3,0,0.0,2,8.534,93.348,101.882,1,B2167,delivery_service,Delivery,Delivery
122,28,Delivery,6,6,6,6,695,698,17:15,17:18,3,0,0.0,2,8.534,101.882,110.416,0,B2206,delivery_service,Delivery,Delivery
122,29,Stay,6,6,6,6,698,720,17:18,17:40,22,0,0.0,22,49.584,110.416,160.0,0,B2709,parking_charging,Position,Pickup
122,30,Pickup,6,6,6,6,720,723,17:40,17:43,3,0,0.0,2,0.0,160.0,160.0,1,B2709,pickup_service,Pickup,Pickup
122,31,Stay,6,6,6,6,723,724,17:43,17:44,1,0,0.0,1,0.0,160.0,160.0,1,B2747,parking_charging,Position,Pickup
122,32,Pickup,6,6,6,6,724,727,17:44,17:47,3,0,0.0,2,0.0,160.0,160.0,4,B2747,pickup_service,Pickup,Pickup
122,33,Movement,6,7,6,7,727,739,17:47,17:59,12,12,43.48,0,0.0,160.0,116.52,4,B2709,passenger_flight,Position,Delivery
122,34,Delivery,7,7,7,7,739,742,17:59,18:02,3,0,0.0,2,8.534,116.52,125.054,3,B2709,delivery_service,Delivery,Delivery
122,35,Delivery,7,7,7,7,742,745,18:02,18:05,3,0,0.0,2,8.534,125.054,133.588,0,B2747,delivery_service,Delivery,Delivery
122,36,Stay,7,7,7,7,745,800,18:05,19:00,55,0,0.0,55,26.412,133.588,160.0,0,B3301,parking_charging,Position,Movement
122,37,Movement,7,1,7,1,800,807,19:00,19:07,7,7,21.03,0,0.0,160.0,138.97,0,B3301,empty_repositioning,Position,Pickup
122,38,Pickup,1,1,1,1,807,810,19:07,19:10,3,0,0.0,2,8.534,138.97,147.504,2,B3301,pickup_service,Pickup,Pickup
122,39,Movement,1,3,1,3,810,816,19:10,19:16,6,6,9.61,0,0.0,147.504,137.894,2,B3301,passenger_flight,Position,Delivery
122,40,Delivery,3,3,3,3,816,819,19:16,19:19,3,0,0.0,2,8.534,137.894,146.428,0,B3301,delivery_service,Delivery,Delivery
123,0,Stay,4,4,4,4,0,280,05:40,10:20,280,0,0.0,280,0.0,160.0,160.0,0,B672,parking_charging,Position,Movement
123,1,Movement,4,10,4,10,280,292,10:20,10:32,12,12,42.86,0,0.0,160.0,117.14,0,B672,empty_repositioning,Position,Pickup
123,2,Pickup,10,10,10,10,292,295,10:32,10:35,3,0,0.0,2,8.534,117.14,125.674,1,B672,pickup_service,Pickup,Pickup
123,3,Pickup,10,10,10,10,295,298,10:35,10:38,3,0,0.0,2,8.534,125.674,134.208,2,B660,pickup_service,Pickup,Pickup
123,4,Movement,10,3,10,3,298,313,10:38,10:53,15,15,54.92,0,0.0,134.208,79.288,2,B672,passenger_flight,Position,Delivery
123,5,Delivery,3,3,3,3,313,316,10:53,10:56,3,0,0.0,2,8.534,79.288,87.822,1,B672,delivery_service,Delivery,Delivery
123,6,Delivery,3,3,3,3,316,319,10:56,10:59,3,0,0.0,2,8.534,87.822,96.356,0,B660,delivery_service,Delivery,Delivery
123,7,Stay,3,3,3,3,319,540,10:59,14:40,221,0,0.0,221,63.644,96.356,160.0,0,B1495,parking_charging,Position,Pickup
123,8,Pickup,3,3,3,3,540,543,14:40,14:43,3,0,0.0,2,0.0,160.0,160.0,1,B1495,pickup_service,Pickup,Pickup
123,9,Stay,3,3,3,3,543,545,14:43,14:45,2,0,0.0,2,0.0,160.0,160.0,1,B1530,parking_charging,Position,Pickup
123,10,Pickup,3,3,3,3,545,548,14:45,14:48,3,0,0.0,2,0.0,160.0,160.0,2,B1530,pickup_service,Pickup,Pickup
123,11,Movement,3,5,3,5,548,556,14:48,14:56,8,8,23.93,0,0.0,160.0,136.07,2,B1495,passenger_flight,Position,Delivery
123,12,Delivery,5,5,5,5,556,559,14:56,14:59,3,0,0.0,2,8.534,136.07,144.604,1,B1495,delivery_service,Delivery,Delivery
123,13,Delivery,5,5,5,5,559,562,14:59,15:02,3,0,0.0,2,8.534,144.604,153.138,0,B1530,delivery_service,Delivery,Delivery
123,14,Stay,5,5,5,5,562,620,15:02,16:00,58,0,0.0,58,6.862,153.138,160.0,0,B1891,parking_charging,Position,Movement
123,15,Movement,5,3,5,3,620,628,16:00,16:08,8,8,23.93,0,0.0,160.0,136.07,0,B1891,empty_repositioning,Position,Pickup
123,16,Pickup,3,3,3,3,628,631,16:08,16:11,3,0,0.0,2,8.534,136.07,144.604,1,B1891,pickup_service,Pickup,Pickup
123,17,Movement,3,9,3,9,631,646,16:11,16:26,15,15,52.78,0,0.0,144.604,91.824,1,B1891,passenger_flight,Position,Delivery
123,18,Delivery,9,9,9,9,646,649,16:26,16:29,3,0,0.0,2,8.534,91.824,100.358,0,B1891,delivery_service,Delivery,Delivery
123,19,Pickup,9,9,9,9,649,652,16:29,16:32,3,0,0.0,2,8.534,100.358,108.892,1,B2004,pickup_service,Pickup,Pickup
123,20,Movement,9,10,9,10,652,671,16:32,16:51,19,19,69.89,0,0.0,108.892,39.002,1,B2004,passenger_flight,Position,Delivery
123,21,Delivery,10,10,10,10,671,674,16:51,16:54,3,0,0.0,2,8.534,39.002,47.536,0,B2004,delivery_service,Delivery,Delivery
123,22,Stay,10,10,10,10,674,680,16:54,17:00,6,0,0.0,6,25.602,47.536,73.138,0,B2231,parking_charging,Position,Pickup
123,23,Pickup,10,10,10,10,680,683,17:00,17:03,3,0,0.0,2,8.534,73.138,81.672,1,B2231,pickup_service,Pickup,Pickup
123,24,Movement,10,3,10,3,683,698,17:03,17:18,15,15,54.92,0,0.0,81.672,26.752,1,B2445,passenger_flight,Position,Pickup
123,25,Pickup,3,3,3,3,698,701,17:18,17:21,3,0,0.0,2,8.534,26.752,35.286,2,B2445,pickup_service,Pickup,Pickup
123,26,Delivery,3,3,3,3,701,704,17:21,17:24,3,0,0.0,2,8.534,35.286,43.82,1,B2231,delivery_service,Delivery,Delivery
123,27,Stay,3,3,3,3,704,707,17:24,17:27,3,0,0.0,3,12.801,43.82,56.621,1,B2445,parking_charging,Position,Movement
123,28,Movement,3,4,3,4,707,714,17:27,17:34,7,7,12.6,0,0.0,56.621,44.021,1,B2445,passenger_flight,Position,Delivery
123,29,Delivery,4,4,4,4,714,717,17:34,17:37,3,0,0.0,2,8.534,44.021,52.555,0,B2445,delivery_service,Delivery,Delivery
123,30,Pickup,4,4,4,4,717,720,17:37,17:40,3,0,0.0,2,8.534,52.555,61.089,1,B2650,pickup_service,Pickup,Pickup
123,31,Movement,4,7,4,7,720,727,17:40,17:47,7,7,21.43,0,0.0,61.089,39.659,1,B2650,passenger_flight,Position,Delivery
123,32,Delivery,7,7,7,7,727,730,17:47,17:50,3,0,0.0,2,8.534,39.659,48.193,0,B2650,delivery_service,Delivery,Delivery
123,33,Stay,7,7,7,7,730,739,17:50,17:59,9,0,0.0,9,38.403,48.193,86.596,0,B2914,parking_charging,Position,Pickup
123,34,Pickup,7,7,7,7,739,742,17:59,18:02,3,0,0.0,2,8.534,86.596,95.13,1,B2914,pickup_service,Pickup,Pickup
123,35,Stay,7,7,7,7,742,748,18:02,18:08,6,0,0.0,6,25.602,95.13,120.732,1,B2914,parking_charging,Position,Movement
123,36,Movement,7,4,7,4,748,755,18:08,18:15,7,7,21.43,0,0.0,120.732,99.302,1,B2914,passenger_flight,Position,Delivery
123,37,Delivery,4,4,4,4,755,758,18:15,18:18,3,0,0.0,2,8.534,99.302,107.836,0,B2914,delivery_service,Delivery,Delivery
123,38,Stay,4,4,4,4,758,791,18:18,18:51,33,0,0.0,33,52.164,107.836,160.0,0,B3245,parking_charging,Position,Pickup
123,39,Pickup,4,4,4,4,791,794,18:51,18:54,3,0,0.0,2,0.0,160.0,160.0,1,B3245,pickup_service,Pickup,Pickup
123,40,Pickup,4,4,4,4,794,797,18:54,18:57,3,0,0.0,2,0.0,160.0,160.0,2,B3236,pickup_service,Pickup,Pickup
123,41,Movement,4,2,4,2,797,803,18:57,19:03,6,6,16.13,0,0.0,160.0,143.87,2,B3245,passenger_flight,Position,Delivery
123,42,Delivery,2,2,2,2,803,806,19:03,19:06,3,0,0.0,2,8.534,143.87,152.404,1,B3245,delivery_service,Delivery,Delivery
123,43,Delivery,2,2,2,2,806,809,19:06,19:09,3,0,0.0,2,7.596,152.404,160.0,0,B3236,delivery_service,Delivery,Delivery
123,44,Movement,2,4,2,4,809,815,19:09,19:15,6,6,16.13,0,0.0,160.0,143.87,0,,return_to_depot,Position,Depot
124,0,Stay,5,5,5,5,0,170,05:40,08:30,170,0,0.0,170,0.0,160.0,160.0,0,B279,parking_charging,Position,Movement
124,1,Movement,5,6,5,6,170,177,08:30,08:37,7,7,12.76,0,0.0,160.0,147.24,0,B279,empty_repositioning,Position,Pickup
124,2,Pickup,6,6,6,6,177,180,08:37,08:40,3,0,0.0,2,8.534,147.24,155.774,1,B279,pickup_service,Pickup,Pickup
124,3,Stay,6,6,6,6,180,188,08:40,08:48,8,0,0.0,8,4.226,155.774,160.0,1,B279,parking_charging,Position,Movement
124,4,Movement,6,7,6,7,188,200,08:48,09:00,12,12,43.48,0,0.0,160.0,116.52,1,B279,passenger_flight,Position,Delivery
124,5,Delivery,7,7,7,7,200,203,09:00,09:03,3,0,0.0,2,8.534,116.52,125.054,0,B279,delivery_service,Delivery,Delivery
124,6,Stay,7,7,7,7,203,387,09:03,12:07,184,0,0.0,184,34.946,125.054,160.0,0,B1082,parking_charging,Position,Pickup
124,7,Pickup,7,7,7,7,387,390,12:07,12:10,3,0,0.0,2,0.0,160.0,160.0,1,B1082,pickup_service,Pickup,Pickup
124,8,Movement,7,9,7,9,390,402,12:10,12:22,12,12,40.12,0,0.0,160.0,119.88,1,B1082,passenger_flight,Position,Delivery
124,9,Delivery,9,9,9,9,402,405,12:22,12:25,3,0,0.0,2,8.534,119.88,128.414,0,B1082,delivery_service,Delivery,Delivery
124,10,Stay,9,9,9,9,405,660,12:25,16:40,255,0,0.0,255,31.586,128.414,160.0,0,B2218,parking_charging,Position,Movement
124,11,Movement,9,2,9,2,660,674,16:40,16:54,14,14,50.24,0,0.0,160.0,109.76,0,B2218,empty_repositioning,Position,Pickup
124,12,Pickup,2,2,2,2,674,677,16:54,16:57,3,0,0.0,2,8.534,109.76,118.294,1,B2218,pickup_service,Pickup,Pickup
124,13,Stay,2,2,2,2,677,683,16:57,17:03,6,0,0.0,6,25.602,118.294,143.896,1,B2218,parking_charging,Position,Movement
124,14,Movement,2,8,2,8,683,693,17:03,17:13,10,10,32.38,0,0.0,143.896,111.516,1,B2218,passenger_flight,Position,Delivery
124,15,Delivery,8,8,8,8,693,696,17:13,17:16,3,0,0.0,2,8.534,111.516,120.05,0,B2218,delivery_service,Delivery,Delivery
124,16,Stay,8,8,8,8,696,712,17:16,17:32,16,0,0.0,16,39.95,120.05,160.0,0,B2625,parking_charging,Position,Pickup
124,17,Pickup,8,8,8,8,712,715,17:32,17:35,3,0,0.0,2,0.0,160.0,160.0,1,B2625,pickup_service,Pickup,Pickup
124,18,Pickup,8,8,8,8,715,718,17:35,17:38,3,0,0.0,2,0.0,160.0,160.0,3,B2644,pickup_service,Pickup,Pickup
124,19,Pickup,8,8,8,8,718,721,17:38,17:41,3,0,0.0,2,0.0,160.0,160.0,4,B2687,pickup_service,Pickup,Pickup
124,20,Movement,8,3,8,3,721,731,17:41,17:51,10,10,35.17,0,0.0,160.0,124.83,4,B2625,passenger_flight,Position,Delivery
124,21,Delivery,3,3,3,3,731,734,17:51,17:54,3,0,0.0,2,8.534,124.83,133.364,3,B2625,delivery_service,Delivery,Delivery
124,22,Delivery,3,3,3,3,734,737,17:54,17:57,3,0,0.0,2,8.534,133.364,141.898,1,B2644,delivery_service,Delivery,Delivery
124,23,Delivery,3,3,3,3,737,740,17:57,18:00,3,0,0.0,2,8.534,141.898,150.432,0,B2687,delivery_service,Delivery,Delivery
124,24,Pickup,3,3,3,3,740,743,18:00,18:03,3,0,0.0,2,8.534,150.432,158.966,1,B2916,pickup_service,Pickup,Pickup
124,25,Movement,3,2,3,2,743,746,18:03,18:06,3,3,4.08,0,0.0,158.966,154.886,1,B2947,passenger_flight,Position,Pickup
124,26,Pickup,2,2,2,2,746,749,18:06,18:09,3,0,0.0,2,5.114,154.886,160.0,2,B2947,pickup_service,Pickup,Pickup
124,27,Movement,2,4,2,4,749,755,18:09,18:15,6,6,16.13,0,0.0,160.0,143.87,2,B2916,passenger_flight,Position,Delivery
124,28,Delivery,4,4,4,4,755,758,18:15,18:18,3,0,0.0,2,8.534,143.87,152.404,1,B2916,delivery_service,Delivery,Delivery
124,29,Movement,4,1,4,1,758,762,18:18,18:22,4,4,4.98,0,0.0,152.404,147.424,1,B2947,passenger_flight,Position,Delivery
124,30,Delivery,1,1,1,1,762,765,18:22,18:25,3,0,0.0,2,8.534,147.424,155.958,0,B2947,delivery_service,Delivery,Delivery
124,31,Pickup,1,1,1,1,765,768,18:25,18:28,3,0,0.0,2,4.042,155.958,160.0,1,B3069,pickup_service,Pickup,Pickup
124,32,Movement,1,6,1,6,768,775,18:28,18:35,7,7,23.39,0,0.0,160.0,136.61,1,B3069,passenger_flight,Position,Delivery
124,33,Delivery,6,6,6,6,775,778,18:35,18:38,3,0,0.0,2,8.534,136.61,145.144,0,B3069,delivery_service,Delivery,Delivery
124,34,Movement,6,5,6,5,778,785,18:38,18:45,7,7,12.76,0,0.0,145.144,132.384,0,,return_to_depot,Position,Depot
125,0,Stay,6,6,6,6,0,109,05:40,07:29,109,0,0.0,109,0.0,160.0,160.0,0,B82,parking_charging,Position,Pickup
125,1,Pickup,6,6,6,6,109,112,07:29,07:32,3,0,0.0,2,0.0,160.0,160.0,1,B82,pickup_service,Pickup,Pickup
125,2,Pickup,6,6,6,6,112,115,07:32,07:35,3,0,0.0,2,0.0,160.0,160.0,2,B80,pickup_service,Pickup,Pickup
125,3,Movement,6,1,6,1,115,122,07:35,07:42,7,7,23.39,0,0.0,160.0,136.61,2,B82,passenger_flight,Position,Delivery
125,4,Delivery,1,1,1,1,122,125,07:42,07:45,3,0,0.0,2,8.534,136.61,145.144,1,B82,delivery_service,Delivery,Delivery
125,5,Delivery,1,1,1,1,125,128,07:45,07:48,3,0,0.0,2,8.534,145.144,153.678,0,B80,delivery_service,Delivery,Delivery
125,6,Stay,1,1,1,1,128,520,07:48,14:20,392,0,0.0,392,6.322,153.678,160.0,0,B1430,parking_charging,Position,Movement
125,7,Movement,1,4,1,4,520,524,14:20,14:24,4,4,4.98,0,0.0,160.0,155.02,0,B1430,empty_repositioning,Position,Pickup
125,8,Pickup,4,4,4,4,524,527,14:24,14:27,3,0,0.0,2,4.98,155.02,160.0,1,B1430,pickup_service,Pickup,Pickup
125,9,Movement,4,10,4,10,527,539,14:27,14:39,12,12,42.86,0,0.0,160.0,117.14,1,B1430,passenger_flight,Position,Delivery
125,10,Delivery,10,10,10,10,539,542,14:39,14:42,3,0,0.0,2,8.534,117.14,125.674,0,B1430,delivery_service,Delivery,Delivery
125,11,Stay,10,10,10,10,542,646,14:42,16:26,104,0,0.0,104,34.326,125.674,160.0,0,B2094,parking_charging,Position,Movement
125,12,Movement,10,1,10,1,646,659,16:26,16:39,13,13,47.44,0,0.0,160.0,112.56,0,B2094,empty_repositioning,Position,Pickup
125,13,Pickup,1,1,1,1,659,662,16:39,16:42,3,0,0.0,2,8.534,112.56,121.094,1,B2094,pickup_service,Pickup,Pickup
125,14,Stay,1,1,1,1,662,665,16:42,16:45,3,0,0.0,3,12.801,121.094,133.895,1,B2094,parking_charging,Position,Movement
125,15,Movement,1,9,1,9,665,681,16:45,17:01,16,16,57.72,0,0.0,133.895,76.175,1,B2094,passenger_flight,Position,Delivery
125,16,Delivery,9,9,9,9,681,684,17:01,17:04,3,0,0.0,2,8.534,76.175,84.709,0,B2094,delivery_service,Delivery,Delivery
125,17,Stay,9,9,9,9,684,728,17:04,17:48,44,0,0.0,44,75.291,84.709,160.0,0,B2801,parking_charging,Position,Pickup
125,18,Pickup,9,9,9,9,728,731,17:48,17:51,3,0,0.0,2,0.0,160.0,160.0,1,B2801,pickup_service,Pickup,Pickup
125,19,Stay,9,9,9,9,731,737,17:51,17:57,6,0,0.0,6,0.0,160.0,160.0,1,B2898,parking_charging,Position,Pickup
125,20,Pickup,9,9,9,9,737,740,17:57,18:00,3,0,0.0,2,0.0,160.0,160.0,3,B2898,pickup_service,Pickup,Pickup
125,21,Movement,9,4,9,4,740,755,18:00,18:15,15,15,55.47,0,0.0,160.0,104.53,3,B2801,passenger_flight,Position,Delivery
125,22,Delivery,4,4,4,4,755,758,18:15,18:18,3,0,0.0,2,8.534,104.53,113.064,2,B2801,delivery_service,Delivery,Delivery
125,23,Movement,4,5,4,5,758,764,18:18,18:24,6,6,11.45,0,0.0,113.064,101.614,2,B2898,passenger_flight,Position,Delivery
125,24,Delivery,5,5,5,5,764,767,18:24,18:27,3,0,0.0,2,8.534,101.614,110.148,0,B2898,delivery_service,Delivery,Delivery
125,25,Stay,5,5,5,5,767,800,18:27,19:00,33,0,0.0,33,49.852,110.148,160.0,0,B3300,parking_charging,Position,Movement
125,26,Movement,5,4,5,4,800,806,19:00,19:06,6,6,11.45,0,0.0,160.0,148.55,0,B3300,empty_repositioning,Position,Pickup
125,27,Pickup,4,4,4,4,806,809,19:06,19:09,3,0,0.0,2,8.534,148.55,157.084,1,B3300,pickup_service,Pickup,Pickup
125,28,Movement,4,6,4,6,809,816,19:09,19:16,7,7,22.06,0,0.0,157.084,135.024,1,B3300,passenger_flight,Position,Delivery
125,29,Delivery,6,6,6,6,816,819,19:16,19:19,3,0,0.0,2,8.534,135.024,143.558,0,B3300,delivery_service,Delivery,Delivery
126,0,Stay,7,7,7,7,0,380,05:40,12:00,380,0,0.0,380,0.0,160.0,160.0,0,B1069,parking_charging,Position,Pickup
126,1,Pickup,7,7,7,7,380,383,12:00,12:03,3,0,0.0,2,0.0,160.0,160.0,1,B1069,pickup_service,Pickup,Pickup
126,2,Movement,7,6,7,6,383,395,12:03,12:15,12,12,43.48,0,0.0,160.0,116.52,1,B1069,passenger_flight,Position,Delivery
126,3,Delivery,6,6,6,6,395,398,12:15,12:18,3,0,0.0,2,8.534,116.52,125.054,0,B1069,delivery_service,Delivery,Delivery
126,4,Stay,6,6,6,6,398,405,12:18,12:25,7,0,0.0,7,29.869,125.054,154.923,0,B1127,parking_charging,Position,Pickup
126,5,Pickup,6,6,6,6,405,408,12:25,12:28,3,0,0.0,2,5.077,154.923,160.0,1,B1127,pickup_service,Pickup,Pickup
126,6,Pickup,6,6,6,6,408,411,12:28,12:31,3,0,0.0,2,0.0,160.0,160.0,3,B1117,pickup_service,Pickup,Pickup
126,7,Movement,6,7,6,7,411,423,12:31,12:43,12,12,43.48,0,0.0,160.0,116.52,3,B1117,passenger_flight,Position,Delivery
126,8,Delivery,7,7,7,7,423,426,12:43,12:46,3,0,0.0,2,8.534,116.52,125.054,1,B1117,delivery_service,Delivery,Delivery
126,9,Delivery,7,7,7,7,426,429,12:46,12:49,3,0,0.0,2,8.534,125.054,133.588,0,B1127,delivery_service,Delivery,Delivery
126,10,Stay,7,7,7,7,429,433,12:49,12:53,4,0,0.0,4,17.068,133.588,150.656,0,B1199,parking_charging,Position,Pickup
126,11,Pickup,7,7,7,7,433,436,12:53,12:56,3,0,0.0,2,8.534,150.656,159.19,1,B1199,pickup_service,Pickup,Pickup
126,12,Pickup,7,7,7,7,436,439,12:56,12:59,3,0,0.0,2,0.81,159.19,160.0,2,B1191,pickup_service,Pickup,Pickup
126,13,Movement,7,4,7,4,439,446,12:59,13:06,7,7,21.43,0,0.0,160.0,138.57,2,B1191,passenger_flight,Position,Delivery
126,14,Delivery,4,4,4,4,446,449,13:06,13:09,3,0,0.0,2,8.534,138.57,147.104,1,B1191,delivery_service,Delivery,Delivery
126,15,Delivery,4,4,4,4,449,452,13:09,13:12,3,0,0.0,2,8.534,147.104,155.638,0,B1199,delivery_service,Delivery,Delivery
126,16,Stay,4,4,4,4,452,489,13:12,13:49,37,0,0.0,37,4.362,155.638,160.0,0,B1310,parking_charging,Position,Pickup
126,17,Pickup,4,4,4,4,489,492,13:49,13:52,3,0,0.0,2,0.0,160.0,160.0,1,B1310,pickup_service,Pickup,Pickup
126,18,Pickup,4,4,4,4,492,495,13:52,13:55,3,0,0.0,2,0.0,160.0,160.0,2,B1313,pickup_service,Pickup,Pickup
126,19,Movement,4,8,4,8,495,506,13:55,14:06,11,11,39.54,0,0.0,160.0,120.46,2,B1310,passenger_flight,Position,Delivery
126,20,Delivery,8,8,8,8,506,509,14:06,14:09,3,0,0.0,2,8.534,120.46,128.994,1,B1310,delivery_service,Delivery,Delivery
126,21,Movement,8,9,8,9,509,515,14:09,14:15,6,6,18.04,0,0.0,128.994,110.954,1,B1313,passenger_flight,Position,Delivery
126,22,Delivery,9,9,9,9,515,518,14:15,14:18,3,0,0.0,2,8.534,110.954,119.488,0,B1313,delivery_service,Delivery,Delivery
126,23,Pickup,9,9,9,9,518,521,14:18,14:21,3,0,0.0,2,8.534,119.488,128.022,1,B1390,pickup_service,Pickup,Pickup
126,24,Movement,9,6,9,6,521,541,14:21,14:41,20,20,74.79,0,0.0,128.022,53.232,1,B1390,passenger_flight,Position,Delivery
126,25,Delivery,6,6,6,6,541,544,14:41,14:44,3,0,0.0,2,8.534,53.232,61.766,0,B1390,delivery_service,Delivery,Delivery
126,26,Stay,6,6,6,6,544,561,14:44,15:01,17,0,0.0,17,72.539,61.766,134.305,0,B1596,parking_charging,Position,Pickup
126,27,Pickup,6,6,6,6,561,564,15:01,15:04,3,0,0.0,2,8.534,134.305,142.839,1,B1596,pickup_service,Pickup,Pickup
126,28,Movement,6,1,6,1,564,571,15:04,15:11,7,7,23.39,0,0.0,142.839,119.449,1,B1596,passenger_flight,Position,Delivery
126,29,Delivery,1,1,1,1,571,574,15:11,15:14,3,0,0.0,2,8.534,119.449,127.983,0,B1596,delivery_service,Delivery,Delivery
126,30,Stay,1,1,1,1,574,581,15:14,15:21,7,0,0.0,7,29.869,127.983,157.852,0,B1698,parking_charging,Position,Movement
126,31,Movement,1,7,1,7,581,588,15:21,15:28,7,7,21.03,0,0.0,157.852,136.822,0,B1698,empty_repositioning,Position,Pickup
126,32,Pickup,7,7,7,7,588,591,15:28,15:31,3,0,0.0,2,8.534,136.822,145.356,1,B1698,pickup_service,Pickup,Pickup
126,33,Stay,7,7,7,7,591,592,15:31,15:32,1,0,0.0,1,4.267,145.356,149.623,1,B1751,parking_charging,Position,Movement
126,34,Movement,7,1,7,1,592,599,15:32,15:39,7,7,21.03,0,0.0,149.623,128.593,1,B1751,passenger_flight,Position,Pickup
126,35,Pickup,1,1,1,1,599,602,15:39,15:42,3,0,0.0,2,8.534,128.593,137.127,2,B1751,pickup_service,Pickup,Pickup
126,36,Movement,1,10,1,10,602,615,15:42,15:55,13,13,47.44,0,0.0,137.127,89.687,2,B1698,passenger_flight,Position,Delivery
126,37,Delivery,10,10,10,10,615,618,15:55,15:58,3,0,0.0,2,8.534,89.687,98.221,1,B1698,delivery_service,Delivery,Delivery
126,38,Delivery,10,10,10,10,618,621,15:58,16:01,3,0,0.0,2,8.534,98.221,106.755,0,B1751,delivery_service,Delivery,Delivery
126,39,Pickup,10,10,10,10,621,624,16:01,16:04,3,0,0.0,2,8.534,106.755,115.289,1,B1850,pickup_service,Pickup,Pickup
126,40,Movement,10,9,10,9,624,643,16:04,16:23,19,19,69.89,0,0.0,115.289,45.399,1,B1850,passenger_flight,Position,Delivery
126,41,Delivery,9,9,9,9,643,646,16:23,16:26,3,0,0.0,2,8.534,45.399,53.933,0,B1850,delivery_service,Delivery,Delivery
126,42,Stay,9,9,9,9,646,660,16:26,16:40,14,0,0.0,14,59.738,53.933,113.671,0,B2152,parking_charging,Position,Movement
126,43,Movement,9,2,9,2,660,674,16:40,16:54,14,14,50.24,0,0.0,113.671,63.431,0,B2152,empty_repositioning,Position,Pickup
126,44,Pickup,2,2,2,2,674,677,16:54,16:57,3,0,0.0,2,8.534,63.431,71.965,1,B2152,pickup_service,Pickup,Pickup
126,45,Movement,2,6,2,6,677,688,16:57,17:08,11,11,37.0,0,0.0,71.965,34.965,1,B2152,passenger_flight,Position,Delivery
126,46,Delivery,6,6,6,6,688,691,17:08,17:11,3,0,0.0,2,8.534,34.965,43.499,0,B2152,delivery_service,Delivery,Delivery
126,47,Movement,6,1,6,1,691,698,17:11,17:18,7,7,23.39,0,0.0,43.499,20.109,0,B2423,empty_repositioning,Position,Pickup
126,48,Pickup,1,1,1,1,698,701,17:18,17:21,3,0,0.0,2,8.534,20.109,28.643,1,B2423,pickup_service,Pickup,Pickup
126,49,Stay,1,1,1,1,701,704,17:21,17:24,3,0,0.0,3,12.801,28.643,41.444,1,B2423,parking_charging,Position,Movement
126,50,Movement,1,6,1,6,704,711,17:24,17:31,7,7,23.39,0,0.0,41.444,18.054,1,B2423,passenger_flight,Position,Delivery
126,51,Delivery,6,6,6,6,711,714,17:31,17:34,3,0,0.0,2,8.534,18.054,26.588,0,B2423,delivery_service,Delivery,Delivery
126,52,Stay,6,6,6,6,714,733,17:34,17:53,19,0,0.0,19,81.073,26.588,107.661,0,B2861,parking_charging,Position,Pickup
126,53,Pickup,6,6,6,6,733,736,17:53,17:56,3,0,0.0,2,8.534,107.661,116.195,2,B2861,pickup_service,Pickup,Pickup
126,54,Pickup,6,6,6,6,736,739,17:56,17:59,3,0,0.0,2,8.534,116.195,124.729,4,B2844,pickup_service,Pickup,Pickup
126,55,Movement,6,7,6,7,739,751,17:59,18:11,12,12,43.48,0,0.0,124.729,81.249,4,B2861,passenger_flight,Position,Delivery
126,56,Delivery,7,7,7,7,751,754,18:11,18:14,3,0,0.0,2,8.534,81.249,89.783,2,B2861,delivery_service,Delivery,Delivery
126,57,Delivery,7,7,7,7,754,757,18:14,18:17,3,0,0.0,2,8.534,89.783,98.317,0,B2844,delivery_service,Delivery,Delivery
126,58,Stay,7,7,7,7,757,760,18:17,18:20,3,0,0.0,3,12.801,98.317,111.118,0,B3056,parking_charging,Position,Movement
126,59,Movement,7,1,7,1,760,767,18:20,18:27,7,7,21.03,0,0.0,111.118,90.088,0,B3056,empty_repositioning,Position,Pickup
126,60,Pickup,1,1,1,1,767,770,18:27,18:30,3,0,0.0,2,8.534,90.088,98.622,1,B3056,pickup_service,Pickup,Pickup
126,61,Movement,1,8,1,8,770,782,18:30,18:42,12,12,41.05,0,0.0,98.622,57.572,1,B3056,passenger_flight,Position,Delivery
126,62,Delivery,8,8,8,8,782,785,18:42,18:45,3,0,0.0,2,8.534,57.572,66.106,0,B3056,delivery_service,Delivery,Delivery
126,63,Movement,8,7,8,7,785,792,18:45,18:52,7,7,22.2,0,0.0,66.106,43.906,0,,return_to_depot,Position,Depot
127,0,Stay,8,8,8,8,0,148,05:40,08:08,148,0,0.0,148,0.0,160.0,160.0,0,B185,parking_charging,Position,Movement
127,1,Movement,8,9,8,9,148,154,08:08,08:14,6,6,18.04,0,0.0,160.0,141.96,0,B185,empty_repositioning,Position,Pickup
127,2,Pickup,9,9,9,9,154,157,08:14,08:17,3,0,0.0,2,8.534,141.96,150.494,1,B185,pickup_service,Pickup,Pickup
127,3,Stay,9,9,9,9,157,162,08:17,08:22,5,0,0.0,5,9.506,150.494,160.0,1,B185,parking_charging,Position,Movement
127,4,Movement,9,1,9,1,162,178,08:22,08:38,16,16,57.72,0,0.0,160.0,102.28,1,B185,passenger_flight,Position,Delivery
127,5,Delivery,1,1,1,1,178,181,08:38,08:41,3,0,0.0,2,8.534,102.28,110.814,0,B185,delivery_service,Delivery,Delivery
127,6,Stay,1,1,1,1,181,527,08:41,14:27,346,0,0.0,346,49.186,110.814,160.0,0,B1450,parking_charging,Position,Pickup
127,7,Pickup,1,1,1,1,527,530,14:27,14:30,3,0,0.0,2,0.0,160.0,160.0,1,B1450,pickup_service,Pickup,Pickup
127,8,Pickup,1,1,1,1,530,533,14:30,14:33,3,0,0.0,2,0.0,160.0,160.0,2,B1436,pickup_service,Pickup,Pickup
127,9,Movement,1,9,1,9,533,549,14:33,14:49,16,16,57.72,0,0.0,160.0,102.28,2,B1450,passenger_flight,Position,Delivery
127,10,Delivery,9,9,9,9,549,552,14:49,14:52,3,0,0.0,2,8.534,102.28,110.814,1,B1450,delivery_service,Delivery,Delivery
127,11,Delivery,9,9,9,9,552,555,14:52,14:55,3,0,0.0,2,8.534,110.814,119.348,0,B1436,delivery_service,Delivery,Delivery
127,12,Stay,9,9,9,9,555,660,14:55,16:40,105,0,0.0,105,40.652,119.348,160.0,0,B2172,parking_charging,Position,Movement
127,13,Movement,9,2,9,2,660,674,16:40,16:54,14,14,50.24,0,0.0,160.0,109.76,0,B2172,empty_repositioning,Position,Pickup
127,14,Pickup,2,2,2,2,674,677,16:54,16:57,3,0,0.0,2,8.534,109.76,118.294,1,B2172,pickup_service,Pickup,Pickup
127,15,Movement,2,6,2,6,677,688,16:57,17:08,11,11,37.0,0,0.0,118.294,81.294,1,B2172,passenger_flight,Position,Delivery
127,16,Delivery,6,6,6,6,688,691,17:08,17:11,3,0,0.0,2,8.534,81.294,89.828,0,B2172,delivery_service,Delivery,Delivery
127,17,Movement,6,1,6,1,691,698,17:11,17:18,7,7,23.39,0,0.0,89.828,66.438,0,B2380,empty_repositioning,Position,Pickup
127,18,Pickup,1,1,1,1,698,701,17:18,17:21,3,0,0.0,2,8.534,66.438,74.972,1,B2380,pickup_service,Pickup,Pickup
127,19,Movement,1,3,1,3,701,707,17:21,17:27,6,6,9.61,0,0.0,74.972,65.362,1,B2380,passenger_flight,Position,Delivery
127,20,Delivery,3,3,3,3,707,710,17:27,17:30,3,0,0.0,2,8.534,65.362,73.896,0,B2380,delivery_service,Delivery,Delivery
127,21,Stay,3,3,3,3,710,711,17:30,17:31,1,0,0.0,1,4.267,73.896,78.163,0,B2608,parking_charging,Position,Pickup
127,22,Pickup,3,3,3,3,711,714,17:31,17:34,3,0,0.0,2,8.534,78.163,86.697,2,B2608,pickup_service,Pickup,Pickup
127,23,Pickup,3,3,3,3,714,717,17:34,17:37,3,0,0.0,2,8.534,86.697,95.231,4,B2556,pickup_service,Pickup,Pickup
127,24,Movement,3,6,3,6,717,727,17:37,17:47,10,10,32.98,0,0.0,95.231,62.251,4,B2556,passenger_flight,Position,Delivery
127,25,Delivery,6,6,6,6,727,730,17:47,17:50,3,0,0.0,2,8.534,62.251,70.785,2,B2556,delivery_service,Delivery,Delivery
127,26,Delivery,6,6,6,6,730,733,17:50,17:53,3,0,0.0,2,8.534,70.785,79.319,0,B2608,delivery_service,Delivery,Delivery
127,27,Pickup,6,6,6,6,733,736,17:53,17:56,3,0,0.0,2,8.534,79.319,87.853,1,B2772,pickup_service,Pickup,Pickup
127,28,Movement,6,2,6,2,736,747,17:56,18:07,11,11,37.0,0,0.0,87.853,50.853,1,B2772,passenger_flight,Position,Delivery
127,29,Delivery,2,2,2,2,747,750,18:07,18:10,3,0,0.0,2,8.534,50.853,59.387,0,B2772,delivery_service,Delivery,Delivery
127,30,Stay,2,2,2,2,750,756,18:10,18:16,6,0,0.0,6,25.602,59.387,84.989,0,B3026,parking_charging,Position,Pickup
127,31,Pickup,2,2,2,2,756,759,18:16,18:19,3,0,0.0,2,8.534,84.989,93.523,1,B3026,pickup_service,Pickup,Pickup
127,32,Pickup,2,2,2,2,759,762,18:19,18:22,3,0,0.0,2,8.534,93.523,102.057,2,B2999,pickup_service,Pickup,Pickup
127,33,Movement,2,4,2,4,762,768,18:22,18:28,6,6,16.13,0,0.0,102.057,85.927,2,B2999,passenger_flight,Position,Delivery
127,34,Delivery,4,4,4,4,768,771,18:28,18:31,3,0,0.0,2,8.534,85.927,94.461,1,B2999,delivery_service,Delivery,Delivery
127,35,Delivery,4,4,4,4,771,774,18:31,18:34,3,0,0.0,2,8.534,94.461,102.995,0,B3026,delivery_service,Delivery,Delivery
127,36,Stay,4,4,4,4,774,786,18:34,18:46,12,0,0.0,12,51.204,102.995,154.199,0,B3216,parking_charging,Position,Pickup
127,37,Pickup,4,4,4,4,786,789,18:46,18:49,3,0,0.0,2,5.801,154.199,160.0,1,B3216,pickup_service,Pickup,Pickup
127,38,Pickup,4,4,4,4,789,792,18:49,18:52,3,0,0.0,2,0.0,160.0,160.0,2,B3190,pickup_service,Pickup,Pickup
127,39,Movement,4,7,4,7,792,799,18:52,18:59,7,7,21.43,0,0.0,160.0,138.57,2,B3190,passenger_flight,Position,Delivery
127,40,Delivery,7,7,7,7,799,802,18:59,19:02,3,0,0.0,2,8.534,138.57,147.104,1,B3190,delivery_service,Delivery,Delivery
127,41,Delivery,7,7,7,7,802,805,19:02,19:05,3,0,0.0,2,8.534,147.104,155.638,0,B3216,delivery_service,Delivery,Delivery
127,42,Movement,7,8,7,8,805,812,19:05,19:12,7,7,22.2,0,0.0,155.638,133.438,0,,return_to_depot,Position,Depot
128,0,Stay,9,9,9,9,0,284,05:40,10:24,284,0,0.0,284,0.0,160.0,160.0,0,B643,parking_charging,Position,Pickup
128,1,Pickup,9,9,9,9,284,287,10:24,10:27,3,0,0.0,2,0.0,160.0,160.0,1,B643,pickup_service,Pickup,Pickup
128,2,Movement,9,10,9,10,287,306,10:27,10:46,19,19,69.89,0,0.0,160.0,90.11,1,B643,passenger_flight,Position,Delivery
128,3,Delivery,10,10,10,10,306,309,10:46,10:49,3,0,0.0,2,8.534,90.11,98.644,0,B643,delivery_service,Delivery,Delivery
128,4,Stay,10,10,10,10,309,321,10:49,11:01,12,0,0.0,12,51.204,98.644,149.848,0,B837,parking_charging,Position,Pickup
128,5,Pickup,10,10,10,10,321,324,11:01,11:04,3,0,0.0,2,8.534,149.848,158.382,1,B837,pickup_service,Pickup,Pickup
128,6,Stay,10,10,10,10,324,325,11:04,11:05,1,0,0.0,1,1.618,158.382,160.0,1,B906,parking_charging,Position,Movement
128,7,Movement,10,6,10,6,325,336,11:05,11:16,11,11,35.74,0,0.0,160.0,124.26,1,B906,passenger_flight,Position,Pickup
128,8,Pickup,6,6,6,6,336,339,11:16,11:19,3,0,0.0,2,8.534,124.26,132.794,2,B906,pickup_service,Pickup,Pickup
128,9,Movement,6,3,6,3,339,349,11:19,11:29,10,10,32.98,0,0.0,132.794,99.814,2,B837,passenger_flight,Position,Delivery
128,10,Delivery,3,3,3,3,349,352,11:29,11:32,3,0,0.0,2,8.534,99.814,108.348,1,B837,delivery_service,Delivery,Delivery
128,11,Movement,3,7,3,7,352,359,11:32,11:39,7,7,13.33,0,0.0,108.348,95.018,1,B906,passenger_flight,Position,Delivery
128,12,Delivery,7,7,7,7,359,362,11:39,11:42,3,0,0.0,2,8.534,95.018,103.552,0,B906,delivery_service,Delivery,Delivery
128,13,Stay,7,7,7,7,362,396,11:42,12:16,34,0,0.0,34,56.448,103.552,160.0,0,B1102,parking_charging,Position,Pickup
128,14,Pickup,7,7,7,7,396,399,12:16,12:19,3,0,0.0,2,0.0,160.0,160.0,1,B1102,pickup_service,Pickup,Pickup
128,15,Pickup,7,7,7,7,399,402,12:19,12:22,3,0,0.0,2,0.0,160.0,160.0,2,B1091,pickup_service,Pickup,Pickup
128,16,Movement,7,6,7,6,402,414,12:22,12:34,12,12,43.48,0,0.0,160.0,116.52,2,B1091,passenger_flight,Position,Delivery
128,17,Delivery,6,6,6,6,414,417,12:34,12:37,3,0,0.0,2,8.534,116.52,125.054,1,B1091,delivery_service,Delivery,Delivery
128,18,Delivery,6,6,6,6,417,420,12:37,12:40,3,0,0.0,2,8.534,125.054,133.588,0,B1102,delivery_service,Delivery,Delivery
128,19,Stay,6,6,6,6,420,460,12:40,13:20,40,0,0.0,40,26.412,133.588,160.0,0,B1239,parking_charging,Position,Pickup
128,20,Pickup,6,6,6,6,460,463,13:20,13:23,3,0,0.0,2,0.0,160.0,160.0,1,B1239,pickup_service,Pickup,Pickup
128,21,Movement,6,7,6,7,463,475,13:23,13:35,12,12,43.48,0,0.0,160.0,116.52,1,B1239,passenger_flight,Position,Delivery
128,22,Delivery,7,7,7,7,475,478,13:35,13:38,3,0,0.0,2,8.534,116.52,125.054,0,B1239,delivery_service,Delivery,Delivery
128,23,Pickup,7,7,7,7,478,481,13:38,13:41,3,0,0.0,2,8.534,125.054,133.588,1,B1278,pickup_service,Pickup,Pickup
128,24,Movement,7,5,7,5,481,491,13:41,13:51,10,10,32.24,0,0.0,133.588,101.348,1,B1278,passenger_flight,Position,Delivery
128,25,Delivery,5,5,5,5,491,494,13:51,13:54,3,0,0.0,2,8.534,101.348,109.882,0,B1278,delivery_service,Delivery,Delivery
128,26,Stay,5,5,5,5,494,620,13:54,16:00,126,0,0.0,126,50.118,109.882,160.0,0,B1884,parking_charging,Position,Movement
128,27,Movement,5,1,5,1,620,628,16:00,16:08,8,8,14.88,0,0.0,160.0,145.12,0,B1884,empty_repositioning,Position,Pickup
128,28,Pickup,1,1,1,1,628,631,16:08,16:11,3,0,0.0,2,8.534,145.12,153.654,1,B1884,pickup_service,Pickup,Pickup
128,29,Movement,1,9,1,9,631,647,16:11,16:27,16,16,57.72,0,0.0,153.654,95.934,1,B1884,passenger_flight,Position,Delivery
128,30,Delivery,9,9,9,9,647,650,16:27,16:30,3,0,0.0,2,8.534,95.934,104.468,0,B1884,delivery_service,Delivery,Delivery
128,31,Stay,9,9,9,9,650,660,16:30,16:40,10,0,0.0,10,42.67,104.468,147.138,0,B2181,parking_charging,Position,Movement
128,32,Movement,9,4,9,4,660,675,16:40,16:55,15,15,55.47,0,0.0,147.138,91.668,0,B2181,empty_repositioning,Position,Pickup
128,33,Pickup,4,4,4,4,675,678,16:55,16:58,3,0,0.0,2,8.534,91.668,100.202,1,B2181,pickup_service,Pickup,Pickup
128,34,Movement,4,10,4,10,678,690,16:58,17:10,12,12,42.86,0,0.0,100.202,57.342,1,B2181,passenger_flight,Position,Delivery
128,35,Delivery,10,10,10,10,690,693,17:10,17:13,3,0,0.0,2,8.534,57.342,65.876,0,B2181,delivery_service,Delivery,Delivery
128,36,Stay,10,10,10,10,693,701,17:13,17:21,8,0,0.0,8,34.136,65.876,100.012,0,,parking_charging,Position,Movement
128,37,Movement,10,9,10,9,701,720,17:21,17:40,19,19,69.89,0,0.0,100.012,30.122,0,,return_to_depot,Position,Depot
129,0,Stay,10,10,10,10,0,221,05:40,09:21,221,0,0.0,221,0.0,160.0,160.0,0,B404,parking_charging,Position,Pickup
129,1,Pickup,10,10,10,10,221,224,09:21,09:24,3,0,0.0,2,0.0,160.0,160.0,1,B404,pickup_service,Pickup,Pickup
129,2,Movement,10,9,10,9,224,243,09:24,09:43,19,19,69.89,0,0.0,160.0,90.11,1,B404,passenger_flight,Position,Delivery
129,3,Delivery,9,9,9,9,243,246,09:43,09:46,3,0,0.0,2,8.534,90.11,98.644,0,B404,delivery_service,Delivery,Delivery
129,4,Stay,9,9,9,9,246,300,09:46,10:40,54,0,0.0,54,61.356,98.644,160.0,0,B756,parking_charging,Position,Movement
129,5,Movement,9,8,9,8,300,306,10:40,10:46,6,6,18.04,0,0.0,160.0,141.96,0,B756,empty_repositioning,Position,Pickup
129,6,Pickup,8,8,8,8,306,309,10:46,10:49,3,0,0.0,2,8.534,141.96,150.494,1,B756,pickup_service,Pickup,Pickup
129,7,Movement,8,1,8,1,309,321,10:49,11:01,12,12,41.05,0,0.0,150.494,109.444,1,B756,passenger_flight,Position,Delivery
129,8,Delivery,1,1,1,1,321,324,11:01,11:04,3,0,0.0,2,8.534,109.444,117.978,0,B756,delivery_service,Delivery,Delivery
129,9,Stay,1,1,1,1,324,520,11:04,14:20,196,0,0.0,196,42.022,117.978,160.0,0,B1444,parking_charging,Position,Movement
129,10,Movement,1,2,1,2,520,527,14:20,14:27,7,7,13.61,0,0.0,160.0,146.39,0,B1444,empty_repositioning,Position,Pickup
129,11,Pickup,2,2,2,2,527,530,14:27,14:30,3,0,0.0,2,8.534,146.39,154.924,1,B1444,pickup_service,Pickup,Pickup
129,12,Stay,2,2,2,2,530,532,14:30,14:32,2,0,0.0,2,5.076,154.924,160.0,1,B1478,parking_charging,Position,Pickup
129,13,Pickup,2,2,2,2,532,535,14:32,14:35,3,0,0.0,2,0.0,160.0,160.0,2,B1478,pickup_service,Pickup,Pickup
129,14,Movement,2,5,2,5,535,543,14:35,14:43,8,8,27.57,0,0.0,160.0,132.43,2,B1444,passenger_flight,Position,Delivery
129,15,Delivery,5,5,5,5,543,546,14:43,14:46,3,0,0.0,2,8.534,132.43,140.964,1,B1444,delivery_service,Delivery,Delivery
129,16,Delivery,5,5,5,5,546,549,14:46,14:49,3,0,0.0,2,8.534,140.964,149.498,0,B1478,delivery_service,Delivery,Delivery
129,17,Stay,5,5,5,5,549,620,14:49,16:00,71,0,0.0,71,10.502,149.498,160.0,0,B1862,parking_charging,Position,Movement
129,18,Movement,5,6,5,6,620,627,16:00,16:07,7,7,12.76,0,0.0,160.0,147.24,0,B1862,empty_repositioning,Position,Pickup
129,19,Pickup,6,6,6,6,627,630,16:07,16:10,3,0,0.0,2,8.534,147.24,155.774,1,B1862,pickup_service,Pickup,Pickup
129,20,Movement,6,9,6,9,630,650,16:10,16:30,20,20,74.79,0,0.0,155.774,80.984,1,B1862,passenger_flight,Position,Delivery
129,21,Delivery,9,9,9,9,650,653,16:30,16:33,3,0,0.0,2,8.534,80.984,89.518,0,B1862,delivery_service,Delivery,Delivery
129,22,Stay,9,9,9,9,653,663,16:33,16:43,10,0,0.0,10,42.67,89.518,132.188,0,B2229,parking_charging,Position,Movement
129,23,Movement,9,7,9,7,663,675,16:43,16:55,12,12,40.12,0,0.0,132.188,92.068,0,B2229,empty_repositioning,Position,Pickup
129,24,Pickup,7,7,7,7,675,678,16:55,16:58,3,0,0.0,2,8.534,92.068,100.602,1,B2229,pickup_service,Pickup,Pickup
129,25,Movement,7,10,7,10,678,694,16:58,17:14,16,16,57.99,0,0.0,100.602,42.612,1,B2229,passenger_flight,Position,Delivery
129,26,Delivery,10,10,10,10,694,697,17:14,17:17,3,0,0.0,2,8.534,42.612,51.146,0,B2229,delivery_service,Delivery,Delivery
