horizon_start,horizon_end,request_id,batch_id,planned_visit,planned_pickup_time,committed,drop_penalty
0,30,R1,B1,False,,False,137350
0,30,R2,B2,False,,False,134050
0,30,R3,B3,False,,False,137250
20,50,R1,B1,False,,False,141358
20,50,R2,B2,False,,False,138320
20,50,R3,B3,False,,False,141252
20,50,R4,B4,True,34.0,True,274700
20,50,R5,B5,False,,False,137250
20,50,R6,B6,False,,False,135400
20,50,R7,B7,False,,False,137350
40,70,R1,B1,False,,False,161403
40,70,R2,B2,False,,False,159670
40,70,R3,B3,False,,False,153261
40,70,R5,B5,False,,False,141252
40,70,R6,B6,False,,False,140280
40,70,R7,B7,False,,False,143825
40,70,R8,B8,False,,False,134500
40,70,R9,B9,False,,False,137350
40,70,R10,B10,False,,False,137250
40,70,R11,B11,False,,False,137450
40,70,R12,B12,False,,False,134050
40,70,R13,B13,False,,False,137350
40,70,R14,B14,False,,False,135400
40,70,R15,B15,False,,False,137250
60,90,R5,B5,False,,False,169273
60,90,R6,B6,False,,False,174444
60,90,R7,B7,False,,False,176205
60,90,R8,B8,False,,False,137542
60,90,R9,B9,False,,False,141358
60,90,R10,B10,False,,False,141252
60,90,R11,B11,False,,False,148507
60,90,R12,B12,False,,False,138263
60,90,R13,B13,False,,False,141358
60,90,R14,B14,False,,False,143575
60,90,R15,B15,True,70.0,True,141252
60,90,R16,B16,True,74.0,True,135200
60,90,R17,B17,True,75.0,True,137350
60,90,R18,B18,True,78.0,True,137350
60,90,R19,B19,False,,False,137350
60,90,R20,B20,False,,False,117500
60,90,R21,B21,False,,False,132700
60,90,R22,B22,False,,False,134200
60,90,R23,B23,True,89.0,False,135800
60,90,R24,B24,False,,False,135550
60,90,R25,B25,True,90.0,False,135800
80,110,R8,B8,False,,False,158839
80,110,R13,B13,False,,False,169421
80,110,R14,B14,False,,False,200800
80,110,R19,B19,False,,False,143825
80,110,R20,B20,False,,False,120294
80,110,R21,B21,False,,False,135743
80,110,R22,B22,True,87.0,True,142225
80,110,R23,B23,True,89.0,True,154077
80,110,R24,B24,True,89.0,True,148660
80,110,R25,B25,True,90.0,True,154077
80,110,R26,B26,True,92.0,True,135800
80,110,R27,B27,True,93.0,True,135800
80,110,R28,B28,False,,False,132700
80,110,R29,B29,False,,False,136400
80,110,R30,B30,True,95.0,True,271600
80,110,R31,B31,False,,False,137250
80,110,R32,B32,False,,False,117500
80,110,R33,B33,False,,False,117500
80,110,R34,B34,False,,False,135400
80,110,R35,B35,True,104.0,False,134050
80,110,R36,B36,True,108.0,False,134050
80,110,R37,B37,False,,False,135550
80,110,R38,B38,False,,False,134200
80,110,R39,B39,True,110.0,False,136700
100,130,R20,B20,False,,False,134264
100,130,R21,B21,False,,False,150962
100,130,R28,B28,False,,False,135743
100,130,R29,B29,False,,False,151490
100,130,R31,B31,False,,False,141159
100,130,R32,B32,False,,False,120294
100,130,R33,B33,False,,False,120294
100,130,R34,B34,False,,False,140280
100,130,R35,B35,True,104.0,True,138263
100,130,R36,B36,True,108.0,True,138263
100,130,R37,B37,True,108.0,True,148660
100,130,R38,B38,True,110.0,True,142225
100,130,R39,B39,True,110.0,True,141677
100,130,R40,B40,True,111.0,True,135800
100,130,R41,B41,False,,False,132700
100,130,R42,B42,True,113.0,True,138150
100,130,R43,B43,True,114.0,True,138250
100,130,R44,B44,False,,False,134200
100,130,R45,B45,True,114.0,True,136100
100,130,R46,B46,True,116.0,True,135800
100,130,R47,B47,False,,False,134050
100,130,R48,B48,False,,False,134200
100,130,R49,B49,False,,False,137350
100,130,R50,B50,False,,False,136400
100,130,R51,B51,False,,False,134050
100,130,R52,B52,False,,False,134200
100,130,R53,B53,False,,False,134200
100,130,R54,B54,True,130.0,False,135800
120,150,R28,B28,False,,False,157049
120,150,R31,B31,False,,False,168529
120,150,R32,B32,False,,False,134264
120,150,R33,B33,False,,False,134264
120,150,R34,B34,False,,False,174444
120,150,R41,B41,False,,False,135743
120,150,R44,B44,False,,False,158275
120,150,R47,B47,False,,False,138263
120,150,R48,B48,True,120.0,True,150250
120,150,R49,B49,False,,False,141311
120,150,R50,B50,True,122.0,True,143945
120,150,R51,B51,False,,False,138263
120,150,R52,B52,True,125.0,True,142225
120,150,R53,B53,True,130.0,True,142225
120,150,R54,B54,True,130.0,True,154077
120,150,R55,B55,False,,False,135400
120,150,R56,B56,True,135.0,True,135800
120,150,R57,B57,False,,False,132700
120,150,R58,B58,False,,False,136400
120,150,R59,B59,False,,False,135900
120,150,R60,B60,True,140.0,False,136800
120,150,R61,B61,True,141.0,False,138050
120,150,R62,B62,True,141.0,False,135800
120,150,R63,B63,False,,False,135550
120,150,R64,B64,True,142.0,False,138400
120,150,R65,B65,False,,False,135500
120,150,R66,B66,False,,False,136400
120,150,R67,B67,True,143.0,False,136800
120,150,R68,B68,True,144.0,False,138050
120,150,R69,B69,False,,False,135450
120,150,R70,B70,True,145.0,False,136300
120,150,R71,B71,True,146.0,False,138250
120,150,R72,B72,True,147.0,False,138250
120,150,R73,B73,True,147.0,False,135550
120,150,R74,B74,True,149.0,False,136800
120,150,R75,B75,True,150.0,False,135550
120,150,R76,B76,True,150.0,False,138050
120,150,R77,B77,True,150.0,False,136300
140,170,R49,B49,False,,False,169044
140,170,R51,B51,False,,False,167760
140,170,R55,B55,False,,False,151750
140,170,R57,B57,False,,False,135743
140,170,R58,B58,True,140.0,True,151490
140,170,R59,B59,False,,False,139520
140,170,R60,B60,True,140.0,True,148122
140,170,R61,B61,True,141.0,True,144593
140,170,R62,B62,True,141.0,True,172355
140,170,R63,B63,True,141.0,True,148660
140,170,R64,B64,True,142.0,True,153600
140,170,R65,B65,False,,False,139986
140,170,R66,B66,False,,False,142027
140,170,R67,B67,True,143.0,True,142461
140,170,R68,B68,True,144.0,True,144593
140,170,R69,B69,True,145.0,True,143241
140,170,R70,B70,True,145.0,True,140342
140,170,R71,B71,True,146.0,True,148000
140,170,R72,B72,True,147.0,True,146005
140,170,R73,B73,True,147.0,True,148660
140,170,R74,B74,True,149.0,True,142461
140,170,R75,B75,True,150.0,True,148660
140,170,R76,B76,True,150.0,True,144593
140,170,R77,B77,True,150.0,True,140392
140,170,R78,B78,True,153.0,True,276100
140,170,R79,B79,True,152.0,True,135800
140,170,R80,B80,False,,False,132700
140,170,R81,B81,True,153.0,True,135800
140,170,R82,B82,True,153.0,True,136700
140,170,R83,B83,True,154.0,True,138150
140,170,R84,B84,False,,False,136400
140,170,R85,B85,False,,False,117500
140,170,R86,B86,True,156.0,True,138400
140,170,R87,B87,True,156.0,True,138250
140,170,R88,B88,True,156.0,True,138050
140,170,R89,B89,True,156.0,True,135800
140,170,R90,B90,True,156.0,True,135500
140,170,R91,B91,True,156.0,True,136700
140,170,R92,B92,True,157.0,True,138250
140,170,R93,B93,True,159.0,True,276100
140,170,R94,B94,True,159.0,True,271600
140,170,R95,B95,True,160.0,False,138050
140,170,R96,B96,True,160.0,False,135500
140,170,R97,B97,True,160.0,False,136700
140,170,R98,B98,True,161.0,False,138250
140,170,R99,B99,True,161.0,False,138050
140,170,R100,B100,True,163.0,False,138050
140,170,R101,B101,True,162.0,False,135800
140,170,R102,B102,True,163.0,False,138250
140,170,R103,B103,True,165.0,False,137950
140,170,R104,B104,False,,False,135900
140,170,R105,B105,True,165.0,False,135800
140,170,R106,B106,False,,False,132700
140,170,R107,B107,False,,False,117500
140,170,R108,B108,False,,False,135900
140,170,R109,B109,True,166.0,False,135800
140,170,R110,B110,False,,False,136300
140,170,R111,B111,True,167.0,False,138250
140,170,R112,B112,True,168.0,False,268100
140,170,R113,B113,True,169.0,False,138050
140,170,R114,B114,False,,False,137150
140,170,R115,B115,True,170.0,False,138250
160,190,R57,B57,False,,False,157049
160,190,R59,B59,False,,False,164867
160,190,R66,B66,False,,False,181416
160,190,R80,B80,False,,False,135743
160,190,R84,B84,False,,False,147654
160,190,R85,B85,False,,False,120294
160,190,R95,B95,True,160.0,True,144593
160,190,R96,B96,False,,False,139986
160,190,R97,B97,True,160.0,True,146655
160,190,R98,B98,True,161.0,True,157750
160,190,R99,B99,True,161.0,True,147771
160,190,R100,B100,True,163.0,True,144593
160,190,R101,B101,True,162.0,True,154077
160,190,R102,B102,True,164.0,True,148000
160,190,R103,B103,True,165.0,True,143807
160,190,R104,B104,False,,False,139520
160,190,R105,B105,True,165.0,True,154077
160,190,R106,B106,False,,False,135743
160,190,R107,B107,False,,False,120294
160,190,R108,B108,False,,False,139520
160,190,R109,B109,True,166.0,True,154077
160,190,R110,B110,True,166.0,True,140392
160,190,R111,B111,True,167.0,True,148000
160,190,R112,B112,True,168.0,True,276527
160,190,R113,B113,True,169.0,True,144593
160,190,R114,B114,False,,False,141147
160,190,R115,B115,True,170.0,True,148000
160,190,R116,B116,True,171.0,True,138400
160,190,R117,B117,True,171.0,True,135800
160,190,R118,B118,True,176.0,True,138400
160,190,R119,B119,True,172.0,True,138050
160,190,R120,B120,True,172.0,True,136300
160,190,R121,B121,True,174.0,True,135800
160,190,R122,B122,False,,False,135550
160,190,R123,B123,True,173.0,True,136400
160,190,R124,B124,True,174.0,True,138250
160,190,R125,B125,True,174.0,True,138050
160,190,R126,B126,True,176.0,True,136400
160,190,R127,B127,True,177.0,True,138250
160,190,R128,B128,True,177.0,True,135800
160,190,R129,B129,False,,False,133600
160,190,R130,B130,True,178.0,True,138150
160,190,R131,B131,False,,False,136400
160,190,R132,B132,True,180.0,False,135800
160,190,R133,B133,True,179.0,True,136800
160,190,R134,B134,False,,False,134200
160,190,R135,B135,False,,False,135900
160,190,R136,B136,True,180.0,False,138050
160,190,R137,B137,True,183.0,False,138050
160,190,R138,B138,False,,False,135400
160,190,R139,B139,False,,False,134050
160,190,R140,B140,True,182.0,False,135800
160,190,R141,B141,False,,False,137150
160,190,R142,B142,True,183.0,False,138150
160,190,R143,B143,False,,False,134050
160,190,R144,B144,False,,False,136400
160,190,R145,B145,False,,False,135900
160,190,R146,B146,True,185.0,False,135800
160,190,R147,B147,False,,False,136300
160,190,R148,B148,False,,False,137250
160,190,R149,B149,False,,False,134150
160,190,R150,B150,True,189.0,False,138250
160,190,R151,B151,True,189.0,False,137950
160,190,R152,B152,False,,False,136400
160,190,R153,B153,True,190.0,False,137950
160,190,R154,B154,False,,False,137250
180,210,R80,B80,False,,False,157049
180,210,R85,B85,False,,False,139852
180,210,R104,B104,False,,False,157625
180,210,R106,B106,False,,False,144874
180,210,R107,B107,False,,False,128676
180,210,R108,B108,False,,False,157625
180,210,R114,B114,False,,False,153138
180,210,R122,B122,False,,False,161770
180,210,R129,B129,False,,False,138078
180,210,R131,B131,False,,False,140826
180,210,R132,B132,False,,False,172355
180,210,R134,B134,True,180.0,True,142225
180,210,R135,B135,False,,False,139520
180,210,R136,B136,True,180.0,True,144593
180,210,R137,B137,True,183.0,True,144593
180,210,R138,B138,False,,False,140280
180,210,R139,B139,False,,False,138320
180,210,R140,B140,False,,False,154077
180,210,R141,B141,True,182.0,True,141147
180,210,R142,B142,True,183.0,True,145400
180,210,R143,B143,False,,False,138263
180,210,R144,B144,False,,False,141011
180,210,R145,B145,False,,False,139520
180,210,R146,B146,False,,False,154077
180,210,R147,B147,False,,False,140342
180,210,R148,B148,False,,False,141159
180,210,R149,B149,False,,False,140695
180,210,R150,B150,True,189.0,True,148000
180,210,R151,B151,True,189.0,True,144127
180,210,R152,B152,True,191.0,True,142027
180,210,R153,B153,True,190.0,True,143708
180,210,R154,B154,False,,False,141252
180,210,R155,B155,True,191.0,True,138050
180,210,R156,B156,True,191.0,True,136300
180,210,R157,B157,False,,False,136400
180,210,R158,B158,True,192.0,True,135800
180,210,R159,B159,False,,False,134050
180,210,R160,B160,True,193.0,True,138400
180,210,R161,B161,True,193.0,True,138250
180,210,R162,B162,False,,False,135800
180,210,R163,B163,True,197.0,True,136800
180,210,R164,B164,True,193.0,True,136700
180,210,R165,B165,True,194.0,True,138050
180,210,R166,B166,False,,False,136300
180,210,R167,B167,True,196.0,True,138400
180,210,R168,B168,True,196.0,True,271600
180,210,R169,B169,True,196.0,True,272600
180,210,R170,B170,True,197.0,True,138400
180,210,R171,B171,True,197.0,True,138250
180,210,R172,B172,False,,False,135900
180,210,R173,B173,False,,False,136400
180,210,R174,B174,True,198.0,True,138150
180,210,R175,B175,True,201.0,False,138150
180,210,R176,B176,False,,False,134500
180,210,R177,B177,True,202.0,False,138150
180,210,R178,B178,False,,False,135550
180,210,R179,B179,False,,False,136400
180,210,R180,B180,True,207.0,False,138150
180,210,R181,B181,True,209.0,False,138250
200,230,R135,B135,False,,False,164867
200,230,R138,B138,False,,False,174444
200,230,R139,B139,False,,False,168210
200,230,R143,B143,False,,False,167760
200,230,R144,B144,False,,False,173288
200,230,R145,B145,False,,False,157625
200,230,R147,B147,False,,False,168641
200,230,R148,B148,False,,False,152889
200,230,R149,B149,False,,False,186517
200,230,R154,B154,False,,False,153261
200,230,R157,B157,False,,False,150233
200,230,R159,B159,False,,False,142477
200,230,R162,B162,False,,False,190633
200,230,R166,B166,False,,False,144485
200,230,R172,B172,False,,False,139520
200,230,R173,B173,True,200.0,True,151490
200,230,R175,B175,True,200.0,True,152650
200,230,R176,B176,False,,False,137542
200,230,R177,B177,True,203.0,True,152650
200,230,R178,B178,True,202.0,True,148660
200,230,R179,B179,False,,False,141011
200,230,R180,B180,True,207.0,True,145400
200,230,R181,B181,True,209.0,True,146005
200,230,R182,B182,True,212.0,True,138150
200,230,R183,B183,False,,False,135800
200,230,R184,B184,True,213.0,True,138150
200,230,R185,B185,False,,False,135800
200,230,R186,B186,True,215.0,True,138150
200,230,R187,B187,False,,False,135550
200,230,R188,B188,False,,False,137150
200,230,R189,B189,True,218.0,True,138050
200,230,R190,B190,True,218.0,True,135800
200,230,R191,B191,True,222.0,False,138150
200,230,R192,B192,True,222.0,False,135800
200,230,R193,B193,True,222.0,False,136800
200,230,R194,B194,True,223.0,False,138250
200,230,R195,B195,True,224.0,False,136800
200,230,R196,B196,True,225.0,False,138250
200,230,R197,B197,True,226.0,False,138250
200,230,R198,B198,False,,False,133600
200,230,R199,B199,False,,False,135800
200,230,R200,B200,True,230.0,False,138150
200,230,R201,B201,False,,False,135800
220,250,R176,B176,False,,False,152754
220,250,R179,B179,False,,False,173288
220,250,R183,B183,False,,False,190633
220,250,R185,B185,False,,False,190633
220,250,R187,B187,False,,False,161770
220,250,R188,B188,False,,False,141147
220,250,R191,B191,True,222.0,True,152650
220,250,R192,B192,False,,False,154077
220,250,R193,B193,True,222.0,True,149646
220,250,R194,B194,True,223.0,True,148000
220,250,R195,B195,True,224.0,True,142461
220,250,R196,B196,True,225.0,True,146005
220,250,R197,B197,True,226.0,True,148000
220,250,R198,B198,False,,False,138016
220,250,R199,B199,False,,False,154077
220,250,R200,B200,True,230.0,True,145400
220,250,R201,B201,False,,False,154077
220,250,R202,B202,False,,False,134500
220,250,R203,B203,True,232.0,True,138250
220,250,R204,B204,False,,False,136300
220,250,R205,B205,True,234.0,True,138250
220,250,R206,B206,True,236.0,True,135800
220,250,R207,B207,False,,False,134500
220,250,R208,B208,True,237.0,True,137950
220,250,R209,B209,False,,False,134500
220,250,R210,B210,False,,False,137250
220,250,R211,B211,True,239.0,True,135800
220,250,R212,B212,False,,False,134500
220,250,R213,B213,False,,False,117500
220,250,R214,B214,True,240.0,False,138250
220,250,R215,B215,True,244.0,False,137150
220,250,R216,B216,True,241.0,False,138250
220,250,R217,B217,False,,False,136400
220,250,R218,B218,True,241.0,False,137150
220,250,R219,B219,True,243.0,False,138250
220,250,R220,B220,True,242.0,False,136800
220,250,R221,B221,True,244.0,False,138150
220,250,R222,B222,True,245.0,False,138400
220,250,R223,B223,True,247.0,False,138150
220,250,R224,B224,False,,False,137150
240,270,R188,B188,False,,False,169126
240,270,R198,B198,False,,False,168933
240,270,R199,B199,False,,False,282022
240,270,R201,B201,False,,False,282022
240,270,R202,B202,False,,False,137542
240,270,R204,B204,False,,False,144385
240,270,R207,B207,False,,False,137542
240,270,R209,B209,False,,False,137542
240,270,R210,B210,False,,False,141159
240,270,R212,B212,False,,False,137542
240,270,R213,B213,False,,False,120294
240,270,R214,B214,True,240.0,True,157750
240,270,R215,B215,True,244.0,True,141147
240,270,R216,B216,True,241.0,True,157750
240,270,R217,B217,False,,False,142027
240,270,R218,B218,True,241.0,True,141147
240,270,R219,B219,True,243.0,True,148000
240,270,R220,B220,True,242.0,True,142461
240,270,R221,B221,True,244.0,True,145400
240,270,R222,B222,True,245.0,True,146000
240,270,R223,B223,True,247.0,True,145400
240,270,R224,B224,False,,False,141147
240,270,R225,B225,True,251.0,True,138150
240,270,R226,B226,True,252.0,True,138250
240,270,R227,B227,True,252.0,True,135550
240,270,R228,B228,False,,False,132700
240,270,R229,B229,True,255.0,True,135550
240,270,R230,B230,False,,False,136400
240,270,R231,B231,False,,False,135550
240,270,R232,B232,False,,False,133600
240,270,R233,B233,True,260.0,False,136250
240,270,R234,B234,False,,False,135500
240,270,R235,B235,False,,False,135900
240,270,R236,B236,True,261.0,False,138050
240,270,R237,B237,False,,False,137250
240,270,R238,B238,True,263.0,False,137950
240,270,R239,B239,True,263.0,False,138250
240,270,R240,B240,False,,False,137350
240,270,R241,B241,False,,False,137150
240,270,R242,B242,True,263.0,False,136700
240,270,R243,B243,False,,False,129000
240,270,R244,B244,False,,False,135400
240,270,R245,B245,False,,False,136100
240,270,R246,B246,False,,False,137150
240,270,R247,B247,False,,False,122250
240,270,R248,B248,True,265.0,False,138150
240,270,R249,B249,False,,False,134050
240,270,R250,B250,True,265.0,False,136800
240,270,R251,B251,False,,False,137350
240,270,R252,B252,True,267.0,False,136800
240,270,R253,B253,False,,False,135800
240,270,R254,B254,False,,False,137250
240,270,R255,B255,True,268.0,False,137950
240,270,R256,B256,True,269.0,False,137950
240,270,R257,B257,True,269.0,False,137950
240,270,R258,B258,True,269.0,False,138050
240,270,R259,B259,False,,False,135500
240,270,R260,B260,False,,False,135500
260,290,R202,B202,False,,False,158839
260,290,R207,B207,False,,False,158839
260,290,R209,B209,False,,False,152754
260,290,R210,B210,False,,False,168529
260,290,R212,B212,False,,False,152754
260,290,R213,B213,False,,False,134264
260,290,R217,B217,False,,False,181416
260,290,R224,B224,False,,False,153138
260,290,R228,B228,False,,False,135743
260,290,R230,B230,False,,False,145622
260,290,R231,B231,True,260.0,True,161770
260,290,R232,B232,True,260.0,True,138078
260,290,R233,B233,True,260.0,True,149770
260,290,R234,B234,False,,False,139986
260,290,R235,B235,False,,False,139520
260,290,R236,B236,True,261.0,True,147771
260,290,R237,B237,False,,False,141401
260,290,R238,B238,True,263.0,True,143807
260,290,R239,B239,True,263.0,True,145510
260,290,R240,B240,False,,False,141311
260,290,R241,B241,False,,False,141147
260,290,R242,B242,True,263.0,True,141677
260,290,R243,B243,False,,False,133682
260,290,R244,B244,True,264.0,True,143784
260,290,R245,B245,True,264.0,True,151838
260,290,R246,B246,False,,False,141147
260,290,R247,B247,False,,False,125287
260,290,R248,B248,True,265.0,True,145400
260,290,R249,B249,False,,False,138320
260,290,R250,B250,True,265.0,True,142461
260,290,R251,B251,False,,False,143825
260,290,R252,B252,True,267.0,True,142558
260,290,R253,B253,False,,False,154077
260,290,R254,B254,False,,False,141252
260,290,R255,B255,True,268.0,True,143708
260,290,R256,B256,True,274.0,True,143807
260,290,R257,B257,False,,False,144127
260,290,R258,B258,True,269.0,True,144593
260,290,R259,B259,False,,False,139986
260,290,R260,B260,False,,False,139986
260,290,R261,B261,True,271.0,True,137950
260,290,R262,B262,True,271.0,True,274900
260,290,R263,B263,False,,False,138050
260,290,R264,B264,False,,False,137250
260,290,R265,B265,True,272.0,True,138250
260,290,R266,B266,True,272.0,True,276100
260,290,R267,B267,False,,False,136400
260,290,R268,B268,False,,False,138250
260,290,R269,B269,True,274.0,True,136250
260,290,R270,B270,True,275.0,True,135400
260,290,R271,B271,True,277.0,True,138050
260,290,R272,B272,True,277.0,True,138250
260,290,R273,B273,False,,False,134050
260,290,R274,B274,False,,False,135900
260,290,R275,B275,True,279.0,True,135400
260,290,R276,B276,False,,False,138250
260,290,R277,B277,False,,False,136100
260,290,R278,B278,True,279.0,True,136800
260,290,R279,B279,True,279.0,True,136700
260,290,R280,B280,False,,False,137250
260,290,R281,B281,True,281.0,False,138050
260,290,R282,B282,False,,False,132700
260,290,R283,B283,False,,False,137250
260,290,R284,B284,True,282.0,False,138400
260,290,R285,B285,True,282.0,False,138250
260,290,R286,B286,False,,False,133350
260,290,R287,B287,False,,False,129100
260,290,R288,B288,False,,False,137150
260,290,R289,B289,True,283.0,False,136800
260,290,R290,B290,False,,False,135900
260,290,R291,B291,True,285.0,False,138050
260,290,R292,B292,True,284.0,False,136700
260,290,R293,B293,True,285.0,False,135800
260,290,R294,B294,True,286.0,False,138050
260,290,R295,B295,True,286.0,False,136250
260,290,R296,B296,False,,False,134050
260,290,R297,B297,True,289.0,False,138400
260,290,R298,B298,True,287.0,False,138050
260,290,R299,B299,True,288.0,False,134050
260,290,R300,B300,True,287.0,False,136300
260,290,R301,B301,True,289.0,False,138250
260,290,R302,B302,False,,False,136300
260,290,R303,B303,False,,False,137250
260,290,R304,B304,True,290.0,False,137950
260,290,R305,B305,False,,False,135800
260,290,R306,B306,False,,False,134500
260,290,R307,B307,True,290.0,False,136300
280,310,R228,B228,False,,False,157049
280,310,R235,B235,False,,False,164867
280,310,R237,B237,False,,False,162157
280,310,R240,B240,False,,False,161120
280,310,R241,B241,False,,False,161132
280,310,R243,B243,False,,False,157095
280,310,R246,B246,False,,False,161132
280,310,R247,B247,False,,False,134401
280,310,R249,B249,False,,False,159670
280,310,R251,B251,False,,False,189157
280,310,R253,B253,False,,False,282022
280,310,R254,B254,False,,False,153261
280,310,R257,B257,False,,False,187368
280,310,R259,B259,False,,False,162417
280,310,R260,B260,False,,False,162417
280,310,R263,B263,False,,False,157679
280,310,R264,B264,False,,False,145451
280,310,R267,B267,False,,False,159036
280,310,R268,B268,False,,False,167500
280,310,R273,B273,False,,False,138320
280,310,R274,B274,False,,False,139520
280,310,R276,B276,True,280.0,True,157750
280,310,R277,B277,False,,False,166145
280,310,R280,B280,False,,False,141252
280,310,R281,B281,True,281.0,True,147771
280,310,R282,B282,False,,False,135743
280,310,R283,B283,False,,False,141159
280,310,R284,B284,True,285.0,True,153600
280,310,R285,B285,True,282.0,True,145510
280,310,R286,B286,False,,False,138458
280,310,R287,B287,False,,False,135815
280,310,R288,B288,False,,False,141147
280,310,R289,B289,True,283.0,True,142461
280,310,R290,B290,False,,False,139520
280,310,R291,B291,True,288.0,True,144593
280,310,R292,B292,True,284.0,True,141677
280,310,R293,B293,True,285.0,True,154077
280,310,R294,B294,True,286.0,True,142910
280,310,R295,B295,True,286.0,True,143010
280,310,R296,B296,True,290.0,True,138263
280,310,R297,B297,True,290.0,True,146000
280,310,R298,B298,True,287.0,True,142910
280,310,R299,B299,True,287.0,True,138320
280,310,R300,B300,True,287.0,True,140342
280,310,R301,B301,True,289.0,True,145510
280,310,R302,B302,False,,False,142554
280,310,R303,B303,False,,False,141159
280,310,R304,B304,True,290.0,True,143708
280,310,R305,B305,False,,False,140369
280,310,R306,B306,False,,False,137542
280,310,R307,B307,True,290.0,True,140392
280,310,R308,B308,True,291.0,True,136800
280,310,R309,B309,True,292.0,True,138050
280,310,R310,B310,True,291.0,True,138050
280,310,R311,B311,False,,False,137350
280,310,R312,B312,True,292.0,True,136700
280,310,R313,B313,False,,False,137250
280,310,R314,B314,True,293.0,True,137150
280,310,R315,B315,True,294.0,True,137950
280,310,R316,B316,True,295.0,True,136700
280,310,R317,B317,True,295.0,True,136250
280,310,R318,B318,False,,False,134050
280,310,R319,B319,False,,False,134050
280,310,R320,B320,False,,False,137350
280,310,R321,B321,True,304.0,False,137950
280,310,R322,B322,False,,False,135800
280,310,R323,B323,True,299.0,True,276100
280,310,R324,B324,True,299.0,True,138050
280,310,R325,B325,True,299.0,True,136700
280,310,R326,B326,True,299.0,True,137150
280,310,R327,B327,True,300.0,False,135800
280,310,R328,B328,True,300.0,False,136700
280,310,R329,B329,True,300.0,False,136300
280,310,R330,B330,False,,False,127450
280,310,R331,B331,True,301.0,False,137950
280,310,R332,B332,False,,False,133350
280,310,R333,B333,True,301.0,False,138050
280,310,R334,B334,True,305.0,False,137250
280,310,R335,B335,True,302.0,False,135400
280,310,R336,B336,False,,False,137350
280,310,R337,B337,True,302.0,False,137250
280,310,R338,B338,False,,False,137250
280,310,R339,B339,True,303.0,False,138050
280,310,R340,B340,True,303.0,False,136250
280,310,R341,B341,True,304.0,False,138050
280,310,R342,B342,False,,False,137150
280,310,R343,B343,True,304.0,False,136400
280,310,R344,B344,True,304.0,False,136300
280,310,R345,B345,False,,False,137150
280,310,R346,B346,True,304.0,False,137350
280,310,R347,B347,True,305.0,False,138050
280,310,R348,B348,False,,False,137250
280,310,R349,B349,True,306.0,False,135400
280,310,R350,B350,True,306.0,False,138250
280,310,R351,B351,True,306.0,False,136250
280,310,R352,B352,True,306.0,False,138050
280,310,R353,B353,False,,False,127450
280,310,R354,B354,True,307.0,False,137250
280,310,R355,B355,True,307.0,False,137950
280,310,R356,B356,True,307.0,False,138250
280,310,R357,B357,True,308.0,False,138400
280,310,R358,B358,False,,False,135400
280,310,R359,B359,True,310.0,False,138050
280,310,R360,B360,False,,False,135500
280,310,R361,B361,False,,False,136250
300,330,R274,B274,False,,False,164867
300,330,R280,B280,False,,False,169273
300,330,R282,B282,False,,False,150962
300,330,R283,B283,False,,False,160709
300,330,R286,B286,False,,False,174220
300,330,R287,B287,False,,False,182827
300,330,R288,B288,False,,False,161132
300,330,R290,B290,False,,False,157625
300,330,R302,B302,False,,False,173828
300,330,R303,B303,False,,False,152889
300,330,R305,B305,False,,False,163216
300,330,R306,B306,False,,False,140584
300,330,R311,B311,False,,False,156777
300,330,R313,B313,False,,False,141252
300,330,R318,B318,False,,False,138320
300,330,R319,B319,False,,False,138320
300,330,R320,B320,False,,False,143825
300,330,R321,B321,True,304.0,True,143807
300,330,R322,B322,False,,False,140369
300,330,R327,B327,True,300.0,True,174505
300,330,R328,B328,True,300.0,True,146655
300,330,R329,B329,True,300.0,True,140392
300,330,R330,B330,False,,False,132159
300,330,R331,B331,True,301.0,True,143807
300,330,R332,B332,False,,False,138377
300,330,R333,B333,True,301.0,True,144593
300,330,R334,B334,True,305.0,True,141252
300,330,R335,B335,True,302.0,True,143784
300,330,R336,B336,False,,False,141358
300,330,R337,B337,True,302.0,True,141252
300,330,R338,B338,False,,False,141159
300,330,R339,B339,False,,False,145138
300,330,R340,B340,True,303.0,True,143010
300,330,R341,B341,False,,False,145138
300,330,R342,B342,False,,False,141147
300,330,R343,B343,True,304.0,True,143945
300,330,R344,B344,True,304.0,True,140392
300,330,R345,B345,True,304.0,True,141147
300,330,R346,B346,False,,False,143825
300,330,R347,B347,True,305.0,True,142910
300,330,R348,B348,False,,False,141350
300,330,R349,B349,True,306.0,True,143784
300,330,R350,B350,True,306.0,True,145510
300,330,R351,B351,True,306.0,True,143010
300,330,R352,B352,True,311.0,True,144593
300,330,R353,B353,False,,False,132159
300,330,R354,B354,True,306.0,True,141252
300,330,R355,B355,True,307.0,True,143807
300,330,R356,B356,True,307.0,True,145510
300,330,R357,B357,True,308.0,True,146000
300,330,R358,B358,True,309.0,True,143575
300,330,R359,B359,False,,False,145138
300,330,R360,B360,False,,False,140958
300,330,R361,B361,False,,False,140608
300,330,R362,B362,True,311.0,True,137950
300,330,R363,B363,True,311.0,True,136250
300,330,R364,B364,False,,False,137150
300,330,R365,B365,True,313.0,True,135800
300,330,R366,B366,True,312.0,True,138250
300,330,R367,B367,True,312.0,True,136100
300,330,R368,B368,True,313.0,True,138050
300,330,R369,B369,False,,False,137150
300,330,R370,B370,False,,False,137150
300,330,R371,B371,True,313.0,True,137250
300,330,R372,B372,True,314.0,True,135400
300,330,R373,B373,True,314.0,True,138400
300,330,R374,B374,True,314.0,True,138050
300,330,R375,B375,False,,False,136400
300,330,R376,B376,True,316.0,True,138400
300,330,R377,B377,True,315.0,True,136100
300,330,R378,B378,True,316.0,True,138250
300,330,R379,B379,True,316.0,True,138050
300,330,R380,B380,False,,False,137150
300,330,R381,B381,False,,False,138250
300,330,R382,B382,True,317.0,True,136700
300,330,R383,B383,True,320.0,False,138400
300,330,R384,B384,True,319.0,True,138050
300,330,R385,B385,True,319.0,True,136800
300,330,R386,B386,True,320.0,False,276800
300,330,R387,B387,False,,False,134050
300,330,R388,B388,False,,False,135900
300,330,R389,B389,False,,False,135500
300,330,R390,B390,True,322.0,False,138050
300,330,R391,B391,False,,False,137250
300,330,R392,B392,True,323.0,False,138050
300,330,R393,B393,True,323.0,False,135400
300,330,R394,B394,True,324.0,False,408750
300,330,R395,B395,True,324.0,False,137350
300,330,R396,B396,True,325.0,False,138250
300,330,R397,B397,False,,False,129100
300,330,R398,B398,True,326.0,False,138050
300,330,R399,B399,True,327.0,False,138050
300,330,R400,B400,True,328.0,False,137950
300,330,R401,B401,False,,False,135900
300,330,R402,B402,True,328.0,False,137350
300,330,R403,B403,True,328.0,False,136700
300,330,R404,B404,True,329.0,False,136800
300,330,R405,B405,True,330.0,False,136250
300,330,R406,B406,True,330.0,False,137250
300,330,R407,B407,False,,False,137350
300,330,R408,B408,False,,False,117500
320,350,R330,B330,False,,False,165122
320,350,R336,B336,False,,False,161403
320,350,R338,B338,False,,False,160709
320,350,R341,B341,False,,False,194758
320,350,R342,B342,False,,False,161132
320,350,R346,B346,False,,False,189157
320,350,R348,B348,False,,False,161853
320,350,R353,B353,False,,False,155704
320,350,R359,B359,False,,False,180581
320,350,R360,B360,False,,False,168250
320,350,R361,B361,False,,False,153684
320,350,R364,B364,False,,False,141147
320,350,R369,B369,False,,False,141147
320,350,R370,B370,False,,False,141147
320,350,R375,B375,False,,False,144805
320,350,R380,B380,False,,False,141147
320,350,R381,B381,False,,False,157750
320,350,R383,B383,True,320.0,True,153600
320,350,R386,B386,True,320.0,True,307200
320,350,R387,B387,False,,False,138263
320,350,R388,B388,False,,False,139520
320,350,R389,B389,False,,False,139986
320,350,R390,B390,True,322.0,True,147771
320,350,R391,B391,False,,False,141252
320,350,R392,B392,True,323.0,True,142910
320,350,R393,B393,False,,False,144237
320,350,R394,B394,True,324.0,True,429030
320,350,R395,B395,True,324.0,True,141358
320,350,R396,B396,True,325.0,True,146005
320,350,R397,B397,False,,False,135815
320,350,R398,B398,True,325.0,True,142910
320,350,R399,B399,True,329.0,True,145138
320,350,R400,B400,True,328.0,True,143708
320,350,R401,B401,False,,False,139520
320,350,R402,B402,True,328.0,True,141358
320,350,R403,B403,True,328.0,True,141677
320,350,R404,B404,True,329.0,True,142461
320,350,R405,B405,True,330.0,True,143010
320,350,R406,B406,False,,False,141252
320,350,R407,B407,False,,False,143825
320,350,R408,B408,False,,False,120294
320,350,R409,B409,True,331.0,True,136250
320,350,R410,B410,False,,False,135500
320,350,R411,B411,False,,False,134050
320,350,R412,B412,True,332.0,True,138050
320,350,R413,B413,True,333.0,True,136250
320,350,R414,B414,True,332.0,True,137150
320,350,R415,B415,True,338.0,True,137250
320,350,R416,B416,False,,False,136400
320,350,R417,B417,True,335.0,True,274300
320,350,R418,B418,False,,False,132700
320,350,R419,B419,True,334.0,True,138050
320,350,R420,B420,True,335.0,True,136250
320,350,R421,B421,True,337.0,True,138050
320,350,R422,B422,True,335.0,True,137250
320,350,R423,B423,False,,False,135900
320,350,R424,B424,False,,False,135800
320,350,R425,B425,True,337.0,True,136700
320,350,R426,B426,True,338.0,True,138400
320,350,R427,B427,True,338.0,True,135400
320,350,R428,B428,True,339.0,True,136250
320,350,R429,B429,True,341.0,False,135400
320,350,R430,B430,True,345.0,False,135400
320,350,R431,B431,True,342.0,False,135400
320,350,R432,B432,False,,False,134050
320,350,R433,B433,True,343.0,False,136700
320,350,R434,B434,False,,False,134050
320,350,R435,B435,False,,False,134450
320,350,R436,B436,True,345.0,False,138050
320,350,R437,B437,True,345.0,False,272500
320,350,R438,B438,False,,False,135400
320,350,R439,B439,True,347.0,False,273400
320,350,R440,B440,False,,False,137250
320,350,R441,B441,True,348.0,False,137950
320,350,R442,B442,True,349.0,False,138050
320,350,R443,B443,False,,False,135500
320,350,R444,B444,False,,False,136400
320,350,R445,B445,False,,False,137350
320,350,R446,B446,False,,False,135500
320,350,R447,B447,False,,False,134450
340,370,R380,B380,False,,False,169126
340,370,R387,B387,False,,False,167760
340,370,R388,B388,False,,False,164867
340,370,R391,B391,False,,False,161267
340,370,R393,B393,False,,False,188427
340,370,R397,B397,False,,False,169395
340,370,R401,B401,False,,False,157625
340,370,R406,B406,False,,False,153261
340,370,R407,B407,False,,False,176205
340,370,R408,B408,False,,False,123088
340,370,R410,B410,False,,False,148958
340,370,R411,B411,False,,False,142590
340,370,R416,B416,False,,False,159036
340,370,R418,B418,False,,False,135743
340,370,R423,B423,False,,False,139520
340,370,R424,B424,False,,False,172355
340,370,R429,B429,False,,False,140280
340,370,R430,B430,False,,False,143575
340,370,R431,B431,True,349.0,True,143784
340,370,R432,B432,False,,False,138320
340,370,R433,B433,True,343.0,True,141677
340,370,R434,B434,False,,False,138263
340,370,R435,B435,False,,False,138529
340,370,R436,B436,True,345.0,True,142910
340,370,R437,B437,True,345.0,True,286020
340,370,R438,B438,True,346.0,True,143784
340,370,R439,B439,True,347.0,True,283355
340,370,R440,B440,False,,False,141350
340,370,R441,B441,True,348.0,True,143708
340,370,R442,B442,True,349.0,True,145138
340,370,R443,B443,False,,False,139986
340,370,R444,B444,False,,False,140826
340,370,R445,B445,False,,False,141358
340,370,R446,B446,False,,False,139986
340,370,R447,B447,False,,False,138529
340,370,R448,B448,True,351.0,True,138050
340,370,R449,B449,True,352.0,True,138400
340,370,R450,B450,True,352.0,True,136250
340,370,R451,B451,False,,False,136400
340,370,R452,B452,True,354.0,True,410100
340,370,R453,B453,False,,False,137250
340,370,R454,B454,True,355.0,True,138250
340,370,R455,B455,True,355.0,True,135800
340,370,R456,B456,True,355.0,True,137950
340,370,R457,B457,False,,False,136400
340,370,R458,B458,True,356.0,True,137950
340,370,R459,B459,False,,False,134050
340,370,R460,B460,True,358.0,True,138150
340,370,R461,B461,True,358.0,True,137350
340,370,R462,B462,False,,False,136300
340,370,R463,B463,True,364.0,False,137250
340,370,R464,B464,True,360.0,False,138050
340,370,R465,B465,True,361.0,False,137350
340,370,R466,B466,True,361.0,False,137250
340,370,R467,B467,False,,False,135400
340,370,R468,B468,True,363.0,False,138050
340,370,R469,B469,True,363.0,False,136700
340,370,R470,B470,False,,False,134050
340,370,R471,B471,True,365.0,False,136250
340,370,R472,B472,False,,False,135800
340,370,R473,B473,True,365.0,False,136800
340,370,R474,B474,True,365.0,False,136700
340,370,R475,B475,False,,False,117500
340,370,R476,B476,True,367.0,False,136700
340,370,R477,B477,True,367.0,False,127450
340,370,R478,B478,True,368.0,False,137950
340,370,R479,B479,True,368.0,False,138050
340,370,R480,B480,False,,False,134850
340,370,R481,B481,False,,False,131000
340,370,R482,B482,False,,False,137250
340,370,R483,B483,True,369.0,False,136250
340,370,R484,B484,True,369.0,False,138050
340,370,R485,B485,True,369.0,False,136700
340,370,R486,B486,True,370.0,False,135800
340,370,R487,B487,True,370.0,False,127450
360,390,R418,B418,False,,False,157049
360,390,R430,B430,False,,False,200800
360,390,R432,B432,False,,False,168210
360,390,R434,B434,False,,False,167760
360,390,R435,B435,False,,False,158924
360,390,R440,B440,False,,False,161853
360,390,R443,B443,False,,False,162417
360,390,R444,B444,False,,False,162960
360,390,R445,B445,False,,False,153385
360,390,R446,B446,False,,False,162417
360,390,R447,B447,False,,False,150766
360,390,R451,B451,False,,False,151490
360,390,R453,B453,False,,False,141401
360,390,R457,B457,False,,False,147654
360,390,R459,B459,False,,False,138263
360,390,R462,B462,False,,False,140342
360,390,R463,B463,True,364.0,True,141252
360,390,R464,B464,True,360.0,True,147771
360,390,R465,B465,False,,False,141311
360,390,R466,B466,True,361.0,True,141252
360,390,R467,B467,False,,False,140280
360,390,R468,B468,True,363.0,True,145138
360,390,R469,B469,True,363.0,True,141677
360,390,R470,B470,False,,False,138263
360,390,R471,B471,True,365.0,True,143010
360,390,R472,B472,False,,False,154077
360,390,R473,B473,True,365.0,True,142461
360,390,R474,B474,True,365.0,True,141677
360,390,R475,B475,False,,False,120294
360,390,R476,B476,True,367.0,True,141677
360,390,R477,B477,True,367.0,True,132159
360,390,R478,B478,True,368.0,True,143708
360,390,R479,B479,True,370.0,True,142910
360,390,R480,B480,False,,False,139762
360,390,R481,B481,False,,False,134910
360,390,R482,B482,False,,False,141401
360,390,R483,B483,True,369.0,True,143010
360,390,R484,B484,True,369.0,True,144593
360,390,R485,B485,True,369.0,True,141677
360,390,R486,B486,False,,False,154077
360,390,R487,B487,True,370.0,True,132159
360,390,R488,B488,False,,False,122250
360,390,R489,B489,True,373.0,True,414150
360,390,R490,B490,True,373.0,True,138050
360,390,R491,B491,False,,False,117500
360,390,R492,B492,False,,False,135400
360,390,R493,B493,False,,False,137350
360,390,R494,B494,False,,False,122250
360,390,R495,B495,True,376.0,True,138050
360,390,R496,B496,True,376.0,True,268100
360,390,R497,B497,False,,False,133600
360,390,R498,B498,False,,False,136300
360,390,R499,B499,True,379.0,True,136250
360,390,R500,B500,True,381.0,False,136700
360,390,R501,B501,True,382.0,False,137950
360,390,R502,B502,True,382.0,False,136800
360,390,R503,B503,False,,False,136400
360,390,R504,B504,False,,False,137250
360,390,R505,B505,True,386.0,False,136700
360,390,R506,B506,True,387.0,False,137950
360,390,R507,B507,False,,False,135400
360,390,R508,B508,False,,False,133600
360,390,R509,B509,False,,False,131000
380,410,R465,B465,False,,False,169044
380,410,R467,B467,False,,False,174444
380,410,R470,B470,False,,False,167760
380,410,R475,B475,False,,False,128676
380,410,R480,B480,False,,False,164327
380,410,R481,B481,False,,False,146641
380,410,R482,B482,False,,False,153854
380,410,R486,B486,False,,False,282022
380,410,R488,B488,False,,False,125287
380,410,R491,B491,False,,False,120294
380,410,R492,B492,False,,False,143575
380,410,R493,B493,False,,False,141311
380,410,R494,B494,False,,False,125287
380,410,R497,B497,False,,False,142433
380,410,R498,B498,False,,False,147931
380,410,R500,B500,True,381.0,True,146655
380,410,R501,B501,True,382.0,True,143708
380,410,R502,B502,True,385.0,True,142461
380,410,R503,B503,True,384.0,True,143945
380,410,R504,B504,False,,False,141159
380,410,R505,B505,True,386.0,True,141677
380,410,R506,B506,True,387.0,True,144127
380,410,R507,B507,False,,False,143784
380,410,R508,B508,False,,False,138016
380,410,R509,B509,False,,False,134910
380,410,R510,B510,True,392.0,True,136800
380,410,R511,B511,True,392.0,True,136700
380,410,R512,B512,True,393.0,True,137950
380,410,R513,B513,False,,False,137350
380,410,R514,B514,True,395.0,True,136800
380,410,R515,B515,True,404.0,False,137950
380,410,R516,B516,True,401.0,False,137950
380,410,R517,B517,True,404.0,False,136700
380,410,R518,B518,False,,False,137250
380,410,R519,B519,False,,False,137250
380,410,R520,B520,False,,False,136300
380,410,R521,B521,False,,False,122250
380,410,R522,B522,True,410.0,False,138050
400,430,R491,B491,False,,False,139852
400,430,R494,B494,False,,False,146552
400,430,R504,B504,False,,False,160709
400,430,R507,B507,False,,False,185707
400,430,R508,B508,False,,False,160100
400,430,R509,B509,False,,False,146641
400,430,R513,B513,False,,False,141358
400,430,R515,B515,True,400.0,True,143708
400,430,R516,B516,True,403.0,True,143807
400,430,R517,B517,True,404.0,True,141677
400,430,R518,B518,False,,False,141252
400,430,R519,B519,False,,False,141350
400,430,R520,B520,False,,False,142115
400,430,R521,B521,False,,False,125287
400,430,R522,B522,True,410.0,True,142910
400,430,R523,B523,False,,False,137350
400,430,R524,B524,False,,False,134050
400,430,R525,B525,False,,False,135800
400,430,R526,B526,False,,False,134050
400,430,R527,B527,True,418.0,True,137950
400,430,R528,B528,True,419.0,True,135400
400,430,R529,B529,False,,False,129100
400,430,R530,B530,True,419.0,True,136250
400,430,R531,B531,True,422.0,False,135400
400,430,R532,B532,False,,False,137350
400,430,R533,B533,False,,False,136400
400,430,R534,B534,False,,False,137250
400,430,R535,B535,False,,False,134050
400,430,R536,B536,False,,False,135800
400,430,R537,B537,False,,False,134500
400,430,R538,B538,True,429.0,False,136700
420,450,R518,B518,False,,False,161267
420,450,R519,B519,False,,False,161853
420,450,R520,B520,False,,False,182826
420,450,R521,B521,False,,False,128325
420,450,R523,B523,False,,False,145273
420,450,R524,B524,False,,False,142590
420,450,R525,B525,False,,False,144938
420,450,R526,B526,False,,False,142590
420,450,R529,B529,False,,False,135815
420,450,R531,B531,False,,False,143784
420,450,R532,B532,False,,False,141311
420,450,R533,B533,True,421.0,True,143945
420,450,R534,B534,False,,False,141401
420,450,R535,B535,False,,False,138263
420,450,R536,B536,False,,False,140369
420,450,R537,B537,False,,False,137542
420,450,R538,B538,True,432.0,True,141677
420,450,R539,B539,True,431.0,True,138050
420,450,R540,B540,False,,False,137150
420,450,R541,B541,False,,False,137250
420,450,R542,B542,True,432.0,True,137950
420,450,R543,B543,False,,False,135900
420,450,R544,B544,False,,False,134050
420,450,R545,B545,True,436.0,True,136700
420,450,R546,B546,False,,False,134050
420,450,R547,B547,True,437.0,True,136700
420,450,R548,B548,True,442.0,False,136700
420,450,R549,B549,True,444.0,False,138050
420,450,R550,B550,True,445.0,False,136700
420,450,R551,B551,False,,False,137450
420,450,R552,B552,False,,False,129000
420,450,R553,B553,False,,False,134050
420,450,R554,B554,False,,False,133600
440,470,R529,B529,False,,False,182827
440,470,R531,B531,False,,False,202476
440,470,R532,B532,False,,False,169044
440,470,R534,B534,False,,False,162157
440,470,R535,B535,False,,False,167760
440,470,R536,B536,False,,False,172355
440,470,R537,B537,False,,False,140584
440,470,R540,B540,False,,False,145144
440,470,R541,B541,False,,False,145451
440,470,R543,B543,False,,False,139520
440,470,R544,B544,False,,False,142477
440,470,R546,B546,False,,False,138320
440,470,R548,B548,False,,False,146655
440,470,R549,B549,True,444.0,True,142910
440,470,R550,B550,False,,False,141677
440,470,R551,B551,False,,False,142978
440,470,R552,B552,False,,False,133682
440,470,R553,B553,True,450.0,True,138263
440,470,R554,B554,False,,False,138016
440,470,R555,B555,True,453.0,True,134050
440,470,R556,B556,True,452.0,True,274500
440,470,R557,B557,False,,False,136700
440,470,R558,B558,False,,False,136200
440,470,R559,B559,False,,False,136800
440,470,R560,B560,True,460.0,False,138050
440,470,R561,B561,True,461.0,False,137950
440,470,R562,B562,False,,False,135500
440,470,R563,B563,False,,False,133650
440,470,R564,B564,False,,False,135800
440,470,R565,B565,False,,False,135800
440,470,R566,B566,False,,False,136700
460,490,R551,B551,False,,False,170622
460,490,R552,B552,False,,False,147730
460,490,R554,B554,False,,False,160100
460,490,R557,B557,False,,False,151632
460,490,R558,B558,False,,False,143555
460,490,R559,B559,False,,False,148122
460,490,R560,B560,True,460.0,True,147771
460,490,R561,B561,True,461.0,True,143807
460,490,R562,B562,False,,False,139986
460,490,R563,B563,False,,False,137531
460,490,R564,B564,False,,False,140369
460,490,R565,B565,False,,False,154077
460,490,R566,B566,False,,False,141677
460,490,R567,B567,False,,False,137350
460,490,R568,B568,False,,False,137250
460,490,R569,B569,False,,False,134050
460,490,R570,B570,False,,False,136200
460,490,R571,B571,False,,False,137250
460,490,R572,B572,True,477.0,True,136700
460,490,R573,B573,False,,False,135400
460,490,R574,B574,False,,False,134050
460,490,R575,B575,False,,False,136700
460,490,R576,B576,False,,False,137350
460,490,R577,B577,True,486.0,False,136250
460,490,R578,B578,False,,False,135800
460,490,R579,B579,False,,False,137450
460,490,R580,B580,False,,False,136700
460,490,R581,B581,False,,False,135400
460,490,R582,B582,False,,False,134050
480,510,R563,B563,False,,False,156936
480,510,R564,B564,False,,False,163216
480,510,R565,B565,False,,False,282022
480,510,R566,B566,False,,False,176520
480,510,R567,B567,False,,False,145273
480,510,R568,B568,False,,False,141350
480,510,R569,B569,False,,False,142590
480,510,R570,B570,False,,False,139877
480,510,R571,B571,False,,False,141252
480,510,R573,B573,False,,False,143784
480,510,R574,B574,False,,False,138263
480,510,R575,B575,False,,False,146655
480,510,R576,B576,False,,False,141311
480,510,R577,B577,True,486.0,True,143010
480,510,R578,B578,True,488.0,True,140369
480,510,R579,B579,False,,False,142978
480,510,R580,B580,False,,False,141677
480,510,R581,B581,True,490.0,True,143784
480,510,R582,B582,True,490.0,True,138263
480,510,R583,B583,True,491.0,True,135800
480,510,R584,B584,True,491.0,True,136250
480,510,R585,B585,True,493.0,True,135400
480,510,R586,B586,False,,False,137350
480,510,R587,B587,False,,False,136800
480,510,R588,B588,False,,False,133600
480,510,R589,B589,True,493.0,True,137250
480,510,R590,B590,True,494.0,True,134050
480,510,R591,B591,False,,False,137250
480,510,R592,B592,False,,False,136300
480,510,R593,B593,True,496.0,True,137250
480,510,R594,B594,True,499.0,True,136800
480,510,R595,B595,False,,False,136250
480,510,R596,B596,False,,False,134050
480,510,R597,B597,False,,False,137350
480,510,R598,B598,True,501.0,False,138250
480,510,R599,B599,False,,False,137250
480,510,R600,B600,False,,False,137250
480,510,R601,B601,True,504.0,False,138050
480,510,R602,B602,False,,False,137450
480,510,R603,B603,True,505.0,False,137950
480,510,R604,B604,True,507.0,False,276100
480,510,R605,B605,True,505.0,False,138050
480,510,R606,B606,True,505.0,False,136250
480,510,R607,B607,False,,False,134050
480,510,R608,B608,True,507.0,False,136700
480,510,R609,B609,False,,False,137250
480,510,R610,B610,True,508.0,False,138250
480,510,R611,B611,True,509.0,False,138250
480,510,R612,B612,True,509.0,False,138050
480,510,R613,B613,True,509.0,False,136800
480,510,R614,B614,True,510.0,False,136700
480,510,R615,B615,True,510.0,False,138050
480,510,R616,B616,True,510.0,False,136250
480,510,R617,B617,False,,False,137150
480,510,R618,B618,False,,False,137250
500,530,R571,B571,False,,False,169273
500,530,R576,B576,False,,False,161120
500,530,R579,B579,False,,False,170622
500,530,R580,B580,False,,False,176520
500,530,R586,B586,False,,False,145367
500,530,R587,B587,False,,False,153783
500,530,R588,B588,False,,False,142433
500,530,R591,B591,False,,False,141159
500,530,R592,B592,False,,False,144485
500,530,R595,B595,False,,False,140608
500,530,R596,B596,False,,False,138320
500,530,R597,B597,False,,False,143825
500,530,R598,B598,True,501.0,True,157750
500,530,R599,B599,False,,False,141252
500,530,R600,B600,False,,False,141159
500,530,R601,B601,True,504.0,True,145138
500,530,R602,B602,False,,False,142978
500,530,R603,B603,True,505.0,True,143807
500,530,R604,B604,True,507.0,True,290277
500,530,R605,B605,True,505.0,True,142910
500,530,R606,B606,True,505.0,True,143010
500,530,R607,B607,False,,False,138320
500,530,R608,B608,True,507.0,True,141677
500,530,R609,B609,True,507.0,True,141350
500,530,R610,B610,True,508.0,True,145359
500,530,R611,B611,True,509.0,True,145359
500,530,R612,B612,True,509.0,True,145138
500,530,R613,B613,True,509.0,True,142461
500,530,R614,B614,True,510.0,True,141677
500,530,R615,B615,True,512.0,True,145138
500,530,R616,B616,True,510.0,True,143010
500,530,R617,B617,False,,False,141147
500,530,R618,B618,False,,False,141252
500,530,R619,B619,False,,False,135800
500,530,R620,B620,True,512.0,True,137250
500,530,R621,B621,False,,False,136300
500,530,R622,B622,False,,False,135400
500,530,R623,B623,True,515.0,True,138250
500,530,R624,B624,True,515.0,True,136700
500,530,R625,B625,True,516.0,True,138300
500,530,R626,B626,False,,False,136250
500,530,R627,B627,True,516.0,True,136250
500,530,R628,B628,True,517.0,True,138050
500,530,R629,B629,False,,False,137350
500,530,R630,B630,False,,False,127450
500,530,R631,B631,True,517.0,True,137250
500,530,R632,B632,True,520.0,False,138050
500,530,R633,B633,True,518.0,True,136250
500,530,R634,B634,True,518.0,True,274500
500,530,R635,B635,True,519.0,True,136800
500,530,R636,B636,True,519.0,True,137950
500,530,R637,B637,True,519.0,True,138250
500,530,R638,B638,True,519.0,True,136700
500,530,R639,B639,False,,False,135800
500,530,R640,B640,False,,False,135900
500,530,R641,B641,True,520.0,False,138050
500,530,R642,B642,True,520.0,False,137250
500,530,R643,B643,False,,False,137350
500,530,R644,B644,True,522.0,False,136250
500,530,R645,B645,False,,False,135400
500,530,R646,B646,False,,False,134050
500,530,R647,B647,True,524.0,False,136800
500,530,R648,B648,True,524.0,False,136250
500,530,R649,B649,False,,False,137450
500,530,R650,B650,True,526.0,False,138250
500,530,R651,B651,False,,False,135800
500,530,R652,B652,False,,False,135900
500,530,R653,B653,False,,False,134050
500,530,R654,B654,True,528.0,False,138050
500,530,R655,B655,True,529.0,False,138250
500,530,R656,B656,True,529.0,False,254900
500,530,R657,B657,True,530.0,False,138250
500,530,R658,B658,True,530.0,False,138050
520,550,R591,B591,False,,False,168529
520,550,R595,B595,False,,False,171118
520,550,R599,B599,False,,False,161267
520,550,R600,B600,False,,False,160709
520,550,R602,B602,False,,False,181679
520,550,R607,B607,False,,False,168210
520,550,R617,B617,False,,False,153138
520,550,R618,B618,False,,False,153261
520,550,R619,B619,False,,False,149508
520,550,R621,B621,False,,False,148139
520,550,R622,B622,False,,False,143575
520,550,R626,B626,False,,False,140608
520,550,R629,B629,False,,False,141311
520,550,R630,B630,False,,False,132159
520,550,R632,B632,True,520.0,True,152227
520,550,R639,B639,False,,False,140369
520,550,R640,B640,False,,False,139520
520,550,R641,B641,True,520.0,True,147771
520,550,R642,B642,False,,False,141401
520,550,R643,B643,False,,False,143825
520,550,R644,B644,True,522.0,True,149770
520,550,R645,B645,False,,False,143575
520,550,R646,B646,True,523.0,True,138320
520,550,R647,B647,True,528.0,True,142558
520,550,R648,B648,True,526.0,True,143010
520,550,R649,B649,False,,False,142978
520,550,R650,B650,True,526.0,True,146005
520,550,R651,B651,False,,False,140369
520,550,R652,B652,False,,False,139520
520,550,R653,B653,True,526.0,True,138263
520,550,R654,B654,True,528.0,True,142910
520,550,R655,B655,True,529.0,True,148000
520,550,R656,B656,True,529.0,True,264318
520,550,R657,B657,True,530.0,True,148000
520,550,R658,B658,False,,False,145138
520,550,R659,B659,True,532.0,True,136800
520,550,R660,B660,True,532.0,True,137950
520,550,R661,B661,False,,False,137250
520,550,R662,B662,True,535.0,True,136800
520,550,R663,B663,True,534.0,True,138050
520,550,R664,B664,True,542.0,False,137150
520,550,R665,B665,True,536.0,True,136700
520,550,R666,B666,True,537.0,True,138250
520,550,R667,B667,False,,False,135400
520,550,R668,B668,True,538.0,True,138250
520,550,R669,B669,True,538.0,True,137950
520,550,R670,B670,True,538.0,True,136250
520,550,R671,B671,True,540.0,False,138250
520,550,R672,B672,False,,False,137350
520,550,R673,B673,True,539.0,True,136800
520,550,R674,B674,True,539.0,True,137150
520,550,R675,B675,True,540.0,False,138250
520,550,R676,B676,False,,False,138050
520,550,R677,B677,False,,False,127450
520,550,R678,B678,False,,False,137250
520,550,R679,B679,True,544.0,False,137950
520,550,R680,B680,True,544.0,False,136700
520,550,R681,B681,False,,False,137250
520,550,R682,B682,False,,False,137250
520,550,R683,B683,True,547.0,False,138050
520,550,R684,B684,True,548.0,False,136800
520,550,R685,B685,False,,False,135800
520,550,R686,B686,False,,False,135450
520,550,R687,B687,False,,False,137350
540,570,R640,B640,False,,False,164867
540,570,R642,B642,False,,False,170459
540,570,R645,B645,False,,False,200800
540,570,R649,B649,False,,False,181679
540,570,R651,B651,False,,False,172355
540,570,R652,B652,False,,False,157625
540,570,R658,B658,False,,False,180581
540,570,R661,B661,False,,False,141252
540,570,R664,B664,False,,False,141147
540,570,R667,B667,False,,False,143575
540,570,R671,B671,True,540.0,True,152468
540,570,R672,B672,False,,False,141311
540,570,R675,B675,True,540.0,True,157750
540,570,R676,B676,False,,False,145138
540,570,R677,B677,False,,False,132159
540,570,R678,B678,True,544.0,True,141159
540,570,R679,B679,True,544.0,True,143708
540,570,R680,B680,True,544.0,True,141677
540,570,R681,B681,False,,False,141252
540,570,R682,B682,False,,False,141401
540,570,R683,B683,False,,False,145138
540,570,R684,B684,True,548.0,True,142558
540,570,R685,B685,False,,False,140369
540,570,R686,B686,True,548.0,True,143241
540,570,R687,B687,False,,False,143825
540,570,R688,B688,True,552.0,True,138250
540,570,R689,B689,True,551.0,True,136800
540,570,R690,B690,False,,False,135800
540,570,R691,B691,False,,False,129100
540,570,R692,B692,False,,False,135500
540,570,R693,B693,True,551.0,True,138050
540,570,R694,B694,True,551.0,True,137350
540,570,R695,B695,True,551.0,True,137150
540,570,R696,B696,True,552.0,True,136250
540,570,R697,B697,True,557.0,True,137250
540,570,R698,B698,False,,False,133350
540,570,R699,B699,True,554.0,True,137150
540,570,R700,B700,True,554.0,True,137250
540,570,R701,B701,True,558.0,True,137950
540,570,R702,B702,False,,False,137250
540,570,R703,B703,True,559.0,True,138150
540,570,R704,B704,False,,False,117500
540,570,R705,B705,True,561.0,False,136700
540,570,R706,B706,True,562.0,False,137950
540,570,R707,B707,False,,False,135500
540,570,R708,B708,False,,False,134050
540,570,R709,B709,True,563.0,False,138250
540,570,R710,B710,True,563.0,False,136250
540,570,R711,B711,True,563.0,False,137350
540,570,R712,B712,False,,False,133600
540,570,R713,B713,False,,False,136200
540,570,R714,B714,True,564.0,False,138250
540,570,R715,B715,True,564.0,False,138250
540,570,R716,B716,True,564.0,False,136250
540,570,R717,B717,False,,False,137250
540,570,R718,B718,False,,False,135500
540,570,R719,B719,True,566.0,False,137350
540,570,R720,B720,False,,False,137250
540,570,R721,B721,True,566.0,False,138050
540,570,R722,B722,True,566.0,False,138050
540,570,R723,B723,True,566.0,False,136250
540,570,R724,B724,True,567.0,False,136250
540,570,R725,B725,True,569.0,False,138050
540,570,R726,B726,True,569.0,False,138250
540,570,R727,B727,True,569.0,False,136250
540,570,R728,B728,True,569.0,False,136700
540,570,R729,B729,False,,False,138050
560,590,R664,B664,False,,False,169126
560,590,R672,B672,False,,False,169044
560,590,R677,B677,False,,False,165122
560,590,R681,B681,False,,False,161267
560,590,R682,B682,False,,False,162157
560,590,R683,B683,False,,False,194758
560,590,R685,B685,False,,False,163216
560,590,R687,B687,False,,False,176205
560,590,R690,B690,False,,False,149508
560,590,R691,B691,False,,False,142531
560,590,R692,B692,False,,False,151875
560,590,R698,B698,False,,False,143567
560,590,R702,B702,False,,False,141252
560,590,R704,B704,False,,False,120294
560,590,R705,B705,True,561.0,True,146655
560,590,R706,B706,True,563.0,True,143708
560,590,R707,B707,False,,False,139986
560,590,R708,B708,False,,False,138263
560,590,R709,B709,True,563.0,True,145510
560,590,R710,B710,True,563.0,True,143010
560,590,R711,B711,True,563.0,True,141311
560,590,R712,B712,False,,False,138078
560,590,R713,B713,False,,False,139877
560,590,R714,B714,True,564.0,True,148000
560,590,R715,B715,True,564.0,True,145510
560,590,R716,B716,True,564.0,True,143010
560,590,R717,B717,False,,False,141401
560,590,R718,B718,False,,False,140958
560,590,R719,B719,True,566.0,True,141311
560,590,R720,B720,False,,False,141252
560,590,R721,B721,True,566.0,True,145138
560,590,R722,B722,True,566.0,True,142910
560,590,R723,B723,True,566.0,True,143010
560,590,R724,B724,True,567.0,True,143010
560,590,R725,B725,True,569.0,True,145138
560,590,R726,B726,True,569.0,True,145510
560,590,R727,B727,True,569.0,True,143010
560,590,R728,B728,True,569.0,True,141677
560,590,R729,B729,True,570.0,True,145138
560,590,R730,B730,True,571.0,True,138300
560,590,R731,B731,True,573.0,True,138050
560,590,R732,B732,True,571.0,True,137350
560,590,R733,B733,False,,False,133350
560,590,R734,B734,True,573.0,True,138250
560,590,R735,B735,True,574.0,True,138050
560,590,R736,B736,False,,False,137350
560,590,R737,B737,True,574.0,True,138050
560,590,R738,B738,True,574.0,True,137350
560,590,R739,B739,False,,False,134050
560,590,R740,B740,True,576.0,True,138250
560,590,R741,B741,True,576.0,True,138050
560,590,R742,B742,True,577.0,True,138250
560,590,R743,B743,False,,False,135500
560,590,R744,B744,False,,False,134450
560,590,R745,B745,True,578.0,True,136800
560,590,R746,B746,True,578.0,True,135200
560,590,R747,B747,True,581.0,False,138250
560,590,R748,B748,True,581.0,False,138050
560,590,R749,B749,True,581.0,False,137250
560,590,R750,B750,True,582.0,False,135800
560,590,R751,B751,True,584.0,False,138250
560,590,R752,B752,False,,False,136250
560,590,R753,B753,False,,False,134050
560,590,R754,B754,False,,False,135500
560,590,R755,B755,True,584.0,False,136800
560,590,R756,B756,True,585.0,False,136800
560,590,R757,B757,False,,False,135800
560,590,R758,B758,True,586.0,False,136700
560,590,R759,B759,True,587.0,False,137950
560,590,R760,B760,False,,False,136300
560,590,R761,B761,False,,False,133650
560,590,R762,B762,False,,False,127450
560,590,R763,B763,True,589.0,False,138050
560,590,R764,B764,True,589.0,False,136700
560,590,R765,B765,False,,False,134050
580,610,R702,B702,False,,False,169273
580,610,R704,B704,False,,False,134264
580,610,R708,B708,False,,False,167760
580,610,R712,B712,False,,False,169430
580,610,R713,B713,False,,False,165622
580,610,R717,B717,False,,False,162157
580,610,R718,B718,False,,False,179166
580,610,R720,B720,False,,False,161267
580,610,R733,B733,False,,False,143567
580,610,R736,B736,False,,False,150301
580,610,R739,B739,False,,False,142477
580,610,R743,B743,False,,False,144472
580,610,R744,B744,False,,False,138529
580,610,R747,B747,True,581.0,True,152468
580,610,R748,B748,True,581.0,True,145138
580,610,R749,B749,False,,False,141252
580,610,R750,B750,True,582.0,True,174505
580,610,R751,B751,True,584.0,True,145359
580,610,R752,B752,False,,False,140608
580,610,R753,B753,False,,False,138320
580,610,R754,B754,False,,False,139986
580,610,R755,B755,True,584.0,True,142461
580,610,R756,B756,True,585.0,True,142558
580,610,R757,B757,False,,False,140369
580,610,R758,B758,True,586.0,True,141677
580,610,R759,B759,True,587.0,True,143807
580,610,R760,B760,False,,False,140392
580,610,R761,B761,False,,False,137531
580,610,R762,B762,False,,False,132159
580,610,R763,B763,True,589.0,True,142910
580,610,R764,B764,True,589.0,True,141677
580,610,R765,B765,False,,False,138263
580,610,R766,B766,True,591.0,True,138250
580,610,R767,B767,True,591.0,True,138050
580,610,R768,B768,True,591.0,True,138050
580,610,R769,B769,False,,False,134450
580,610,R770,B770,True,591.0,True,137350
580,610,R771,B771,False,,False,135400
580,610,R772,B772,True,592.0,True,138150
580,610,R773,B773,True,592.0,True,136800
580,610,R774,B774,True,592.0,True,136700
580,610,R775,B775,True,596.0,True,137250
580,610,R776,B776,True,593.0,True,137250
580,610,R777,B777,True,594.0,True,137950
580,610,R778,B778,True,594.0,True,137250
580,610,R779,B779,True,597.0,True,137950
580,610,R780,B780,True,595.0,True,138050
580,610,R781,B781,False,,False,135500
580,610,R782,B782,True,597.0,True,136250
580,610,R783,B783,True,598.0,True,138250
580,610,R784,B784,True,598.0,True,138050
580,610,R785,B785,False,,False,136250
580,610,R786,B786,True,601.0,False,138050
580,610,R787,B787,True,601.0,False,134050
580,610,R788,B788,False,,False,135500
580,610,R789,B789,False,,False,137250
580,610,R790,B790,True,603.0,False,138250
580,610,R791,B791,True,604.0,False,134050
580,610,R792,B792,True,604.0,False,137950
580,610,R793,B793,True,604.0,False,138050
580,610,R794,B794,True,604.0,False,136250
580,610,R795,B795,True,606.0,False,136700
580,610,R796,B796,True,607.0,False,275900
580,610,R797,B797,True,607.0,False,138050
580,610,R798,B798,False,,False,133600
580,610,R799,B799,True,610.0,False,138250
600,630,R744,B744,False,,False,167082
600,630,R749,B749,False,,False,161267
600,630,R752,B752,False,,False,162401
600,630,R753,B753,False,,False,168210
600,630,R754,B754,False,,False,171390
600,630,R757,B757,False,,False,172355
600,630,R760,B760,False,,False,160855
600,630,R761,B761,False,,False,149174
600,630,R762,B762,False,,False,155704
600,630,R765,B765,False,,False,159332
600,630,R769,B769,False,,False,142608
600,630,R771,B771,False,,False,152169
600,630,R781,B781,False,,False,146416
600,630,R785,B785,False,,False,140608
600,630,R786,B786,True,601.0,True,147771
600,630,R787,B787,False,,False,138320
600,630,R788,B788,False,,False,140958
600,630,R789,B789,False,,False,141401
600,630,R790,B790,True,603.0,True,145359
600,630,R791,B791,False,,False,138320
600,630,R792,B792,True,604.0,True,143708
600,630,R793,B793,True,604.0,True,142910
600,630,R794,B794,True,605.0,True,143010
600,630,R795,B795,True,606.0,True,141677
600,630,R796,B796,True,607.0,True,287615
600,630,R797,B797,True,607.0,True,145138
600,630,R798,B798,True,608.0,True,138016
600,630,R799,B799,True,610.0,True,145359
600,630,R800,B800,True,611.0,True,136250
600,630,R801,B801,True,612.0,True,138400
600,630,R802,B802,False,,False,134050
600,630,R803,B803,True,612.0,True,136700
600,630,R804,B804,True,613.0,True,138250
600,630,R805,B805,True,613.0,True,276100
600,630,R806,B806,True,613.0,True,276100
600,630,R807,B807,True,613.0,True,138250
600,630,R808,B808,True,613.0,True,137250
600,630,R809,B809,True,616.0,True,138050
600,630,R810,B810,True,614.0,True,138250
600,630,R811,B811,True,614.0,True,135800
600,630,R812,B812,False,,False,134050
600,630,R813,B813,True,615.0,True,136250
600,630,R814,B814,True,615.0,True,136700
600,630,R815,B815,False,,False,135400
600,630,R816,B816,True,616.0,True,138050
600,630,R817,B817,False,,False,134050
600,630,R818,B818,True,617.0,True,136250
600,630,R819,B819,False,,False,135500
600,630,R820,B820,True,622.0,False,276100
600,630,R821,B821,True,620.0,False,136700
600,630,R822,B822,False,,False,122250
600,630,R823,B823,True,622.0,False,135800
600,630,R824,B824,True,622.0,False,137950
600,630,R825,B825,True,622.0,False,138050
600,630,R826,B826,False,,False,133600
600,630,R827,B827,False,,False,129000
600,630,R828,B828,True,623.0,False,138300
600,630,R829,B829,False,,False,135400
600,630,R830,B830,False,,False,136250
600,630,R831,B831,True,623.0,False,136700
600,630,R832,B832,True,623.0,False,274500
600,630,R833,B833,True,624.0,False,138250
600,630,R834,B834,True,624.0,False,138300
600,630,R835,B835,True,625.0,False,135800
600,630,R836,B836,False,,False,122250
600,630,R837,B837,True,626.0,False,135800
600,630,R838,B838,True,626.0,False,137950
600,630,R839,B839,False,,False,137250
600,630,R840,B840,False,,False,135800
600,630,R841,B841,True,627.0,False,135800
600,630,R842,B842,True,628.0,False,138050
600,630,R843,B843,False,,False,134050
600,630,R844,B844,True,629.0,False,138300
600,630,R845,B845,True,629.0,False,138250
600,630,R846,B846,True,629.0,False,273400
600,630,R847,B847,True,630.0,False,138250
600,630,R848,B848,True,630.0,False,138050
600,630,R849,B849,True,630.0,False,136700
620,650,R785,B785,False,,False,162401
620,650,R787,B787,False,,False,168210
620,650,R789,B789,False,,False,162157
620,650,R791,B791,False,,False,168210
620,650,R802,B802,False,,False,142477
620,650,R812,B812,False,,False,142477
620,650,R815,B815,False,,False,143784
620,650,R817,B817,False,,False,142477
620,650,R819,B819,False,,False,144472
620,650,R820,B820,True,622.0,True,304454
620,650,R821,B821,True,620.0,True,146655
620,650,R822,B822,False,,False,125287
620,650,R823,B823,True,622.0,True,155152
620,650,R824,B824,True,622.0,True,143708
620,650,R825,B825,True,624.0,True,144593
620,650,R826,B826,False,,False,138016
620,650,R827,B827,False,,False,133682
620,650,R828,B828,True,623.0,True,144624
620,650,R829,B829,False,,False,143575
620,650,R830,B830,False,,False,140608
620,650,R831,B831,True,623.0,True,141677
620,650,R832,B832,True,623.0,True,282505
620,650,R833,B833,True,624.0,True,145359
620,650,R834,B834,True,624.0,True,144624
620,650,R835,B835,True,625.0,True,155152
620,650,R836,B836,False,,False,125287
620,650,R837,B837,True,627.0,True,155152
620,650,R838,B838,True,626.0,True,143708
620,650,R839,B839,True,626.0,True,141401
620,650,R840,B840,True,627.0,True,145769
620,650,R841,B841,True,627.0,True,154077
620,650,R842,B842,True,628.0,True,145138
620,650,R843,B843,False,,False,138263
620,650,R844,B844,True,629.0,True,144624
620,650,R845,B845,True,629.0,True,146005
620,650,R846,B846,True,629.0,True,283355
620,650,R847,B847,True,630.0,True,146005
620,650,R848,B848,True,630.0,True,142910
620,650,R849,B849,True,630.0,True,141677
620,650,R850,B850,False,,False,135800
620,650,R851,B851,False,,False,122250
620,650,R852,B852,False,,False,117500
620,650,R853,B853,True,632.0,True,138250
620,650,R854,B854,False,,False,135900
620,650,R855,B855,True,632.0,True,136700
620,650,R856,B856,True,632.0,True,137250
620,650,R857,B857,False,,False,133350
620,650,R858,B858,False,,False,137350
620,650,R859,B859,True,634.0,True,138250
620,650,R860,B860,True,634.0,True,135800
620,650,R861,B861,True,634.0,True,138250
620,650,R862,B862,True,636.0,True,273400
620,650,R863,B863,False,,False,122250
620,650,R864,B864,False,,False,137250
620,650,R865,B865,True,637.0,True,138250
620,650,R866,B866,True,638.0,True,138300
620,650,R867,B867,True,641.0,False,138050
620,650,R868,B868,True,638.0,True,276100
620,650,R869,B869,True,638.0,True,136800
620,650,R870,B870,False,,False,137350
620,650,R871,B871,True,639.0,True,137950
620,650,R872,B872,True,639.0,True,136700
620,650,R873,B873,False,,False,135450
620,650,R874,B874,True,640.0,False,138250
620,650,R875,B875,True,640.0,False,136700
620,650,R876,B876,True,642.0,False,137950
620,650,R877,B877,True,642.0,False,135800
620,650,R878,B878,False,,False,135900
620,650,R879,B879,True,643.0,False,138250
620,650,R880,B880,False,,False,122250
620,650,R881,B881,False,,False,137450
620,650,R882,B882,True,644.0,False,133600
620,650,R883,B883,True,645.0,False,138150
620,650,R884,B884,False,,False,135800
620,650,R885,B885,True,645.0,False,138050
620,650,R886,B886,True,645.0,False,136700
620,650,R887,B887,True,645.0,False,127450
620,650,R888,B888,True,646.0,False,138250
620,650,R889,B889,False,,False,134050
620,650,R890,B890,True,647.0,False,138250
620,650,R891,B891,False,,False,137250
620,650,R892,B892,True,647.0,False,137350
620,650,R893,B893,True,648.0,False,137950
620,650,R894,B894,False,,False,137150
620,650,R895,B895,True,648.0,False,136700
620,650,R896,B896,True,649.0,False,138050
620,650,R897,B897,True,649.0,False,127450
620,650,R898,B898,True,650.0,False,137350
620,650,R899,B899,False,,False,136400
620,650,R900,B900,True,650.0,False,138250
640,670,R822,B822,False,,False,140476
640,670,R826,B826,False,,False,168933
640,670,R827,B827,False,,False,157095
640,670,R829,B829,False,,False,200800
640,670,R830,B830,False,,False,162401
640,670,R836,B836,False,,False,134401
640,670,R843,B843,False,,False,159332
640,670,R850,B850,False,,False,165709
640,670,R851,B851,False,,False,125287
640,670,R852,B852,False,,False,120294
640,670,R854,B854,False,,False,143141
640,670,R857,B857,False,,False,143405
640,670,R858,B858,False,,False,150301
640,670,R863,B863,False,,False,125287
640,670,R864,B864,False,,False,141252
640,670,R867,B867,True,640.0,True,152227
640,670,R870,B870,False,,False,143825
640,670,R873,B873,True,640.0,True,143241
640,670,R874,B874,True,640.0,True,162625
640,670,R875,B875,True,640.0,True,146655
640,670,R876,B876,True,641.0,True,144127
640,670,R877,B877,True,642.0,True,155152
640,670,R878,B878,False,,False,139520
640,670,R879,B879,True,644.0,True,148000
640,670,R880,B880,False,,False,125287
640,670,R881,B881,False,,False,142978
640,670,R882,B882,True,644.0,True,138016
640,670,R883,B883,True,645.0,True,145400
640,670,R884,B884,False,,False,140369
640,670,R885,B885,True,645.0,True,145138
640,670,R886,B886,True,645.0,True,141677
640,670,R887,B887,True,645.0,True,132159
640,670,R888,B888,True,647.0,True,148000
640,670,R889,B889,False,,False,138263
640,670,R890,B890,True,647.0,True,150017
640,670,R891,B891,True,647.0,True,141350
640,670,R892,B892,True,647.0,True,143825
640,670,R893,B893,True,648.0,True,143708
640,670,R894,B894,False,,False,141147
640,670,R895,B895,True,648.0,True,141677
640,670,R896,B896,True,649.0,True,142910
640,670,R897,B897,True,649.0,True,132159
640,670,R898,B898,True,650.0,True,143825
640,670,R899,B899,False,,False,140602
640,670,R900,B900,True,650.0,True,145510
640,670,R901,B901,True,652.0,True,136250
640,670,R902,B902,True,651.0,True,137250
640,670,R903,B903,True,656.0,True,137250
640,670,R904,B904,False,,False,137350
640,670,R905,B905,True,653.0,True,271800
640,670,R906,B906,True,653.0,True,137350
640,670,R907,B907,True,653.0,True,136700
640,670,R908,B908,True,653.0,True,137250
640,670,R909,B909,True,653.0,True,274500
640,670,R910,B910,True,656.0,True,138050
640,670,R911,B911,False,,False,137150
640,670,R912,B912,True,654.0,True,254900
640,670,R913,B913,True,655.0,True,138300
640,670,R914,B914,True,655.0,True,138250
640,670,R915,B915,True,655.0,True,135800
640,670,R916,B916,True,656.0,True,138250
640,670,R917,B917,True,655.0,True,138050
640,670,R918,B918,True,656.0,True,138050
640,670,R919,B919,True,656.0,True,137350
640,670,R920,B920,True,658.0,True,138300
640,670,R921,B921,True,657.0,True,133600
640,670,R922,B922,True,658.0,True,137950
640,670,R923,B923,True,658.0,True,138250
640,670,R924,B924,True,659.0,True,138050
640,670,R925,B925,True,658.0,True,135800
640,670,R926,B926,True,658.0,True,136700
640,670,R927,B927,True,659.0,True,138300
640,670,R928,B928,False,,False,135900
640,670,R929,B929,False,,False,127450
640,670,R930,B930,True,660.0,False,138250
640,670,R931,B931,True,660.0,False,135800
640,670,R932,B932,True,661.0,False,136700
640,670,R933,B933,True,662.0,False,138300
640,670,R934,B934,True,662.0,False,138250
640,670,R935,B935,False,,False,135400
640,670,R936,B936,False,,False,137450
640,670,R937,B937,False,,False,133650
640,670,R938,B938,False,,False,132700
640,670,R939,B939,True,663.0,False,138250
640,670,R940,B940,True,663.0,False,136700
640,670,R941,B941,True,664.0,False,138050
640,670,R942,B942,True,665.0,False,138250
640,670,R943,B943,True,665.0,False,138250
640,670,R944,B944,True,666.0,False,135500
640,670,R945,B945,True,666.0,False,135800
640,670,R946,B946,True,666.0,False,138250
640,670,R947,B947,True,666.0,False,136700
640,670,R948,B948,False,,False,129000
640,670,R949,B949,False,,False,137250
640,670,R950,B950,False,,False,136250
640,670,R951,B951,True,667.0,False,136250
640,670,R952,B952,True,667.0,False,136700
640,670,R953,B953,True,668.0,False,138300
640,670,R954,B954,True,668.0,False,138050
640,670,R955,B955,True,668.0,False,136250
640,670,R956,B956,False,,False,134500
640,670,R957,B957,False,,False,122250
640,670,R958,B958,True,669.0,False,137950
640,670,R959,B959,True,670.0,False,271600
640,670,R960,B960,True,670.0,False,138050
640,670,R961,B961,True,670.0,False,133600
660,690,R851,B851,False,,False,146552
660,690,R863,B863,False,,False,146552
660,690,R864,B864,False,,False,169273
660,690,R878,B878,False,,False,164867
660,690,R880,B880,False,,False,134401
660,690,R881,B881,False,,False,181679
660,690,R884,B884,False,,False,172355
660,690,R889,B889,False,,False,167760
660,690,R894,B894,False,,False,153138
660,690,R899,B899,False,,False,161615
660,690,R904,B904,False,,False,150301
660,690,R911,B911,False,,False,141147
660,690,R928,B928,False,,False,139520
660,690,R929,B929,False,,False,132159
660,690,R930,B930,True,660.0,True,152468
660,690,R931,B931,True,660.0,True,140369
660,690,R932,B932,True,661.0,True,146655
660,690,R933,B933,True,662.0,True,150948
660,690,R934,B934,True,662.0,True,150437
660,690,R935,B935,False,,False,143784
660,690,R936,B936,False,,False,142978
660,690,R937,B937,True,662.0,True,137531
660,690,R938,B938,True,662.0,True,135743
660,690,R939,B939,True,663.0,True,148000
660,690,R940,B940,True,664.0,True,141677
660,690,R941,B941,True,664.0,True,142910
660,690,R942,B942,True,665.0,True,145359
660,690,R943,B943,True,665.0,True,150017
660,690,R944,B944,True,666.0,True,140958
660,690,R945,B945,True,666.0,True,155152
660,690,R946,B946,True,666.0,True,148000
660,690,R947,B947,False,,False,141677
660,690,R948,B948,False,,False,133682
660,690,R949,B949,True,666.0,True,141401
660,690,R950,B950,False,,False,140608
660,690,R951,B951,True,667.0,True,143010
660,690,R952,B952,False,,False,141677
660,690,R953,B953,True,671.0,True,144624
660,690,R954,B954,True,668.0,True,145138
660,690,R955,B955,True,671.0,True,143010
660,690,R956,B956,False,,False,137542
660,690,R957,B957,False,,False,125287
660,690,R958,B958,True,669.0,True,143807
660,690,R959,B959,True,670.0,True,310305
660,690,R960,B960,True,671.0,True,142910
660,690,R961,B961,True,672.0,True,138016
660,690,R962,B962,True,671.0,True,138300
660,690,R963,B963,True,671.0,True,138250
660,690,R964,B964,True,671.0,True,267300
660,690,R965,B965,True,671.0,True,137250
660,690,R966,B966,True,673.0,True,135800
660,690,R967,B967,True,672.0,True,136700
660,690,R968,B968,False,,False,137350
660,690,R969,B969,True,673.0,True,138250
660,690,R970,B970,True,673.0,True,135800
660,690,R971,B971,True,673.0,True,137950
660,690,R972,B972,False,,False,134500
660,690,R973,B973,True,673.0,True,127450
660,690,R974,B974,True,674.0,True,276300
660,690,R975,B975,True,674.0,True,138050
660,690,R976,B976,True,674.0,True,138050
660,690,R977,B977,True,674.0,True,136250
660,690,R978,B978,True,675.0,True,136700
660,690,R979,B979,True,675.0,True,134450
660,690,R980,B980,False,,False,122250
660,690,R981,B981,True,676.0,True,138300
660,690,R982,B982,True,676.0,True,137950
660,690,R983,B983,True,681.0,False,137350
660,690,R984,B984,True,677.0,True,135800
660,690,R985,B985,True,677.0,True,138400
660,690,R986,B986,True,677.0,True,134050
660,690,R987,B987,True,678.0,True,134450
660,690,R988,B988,True,677.0,True,137350
660,690,R989,B989,True,678.0,True,138250
660,690,R990,B990,True,678.0,True,138250
660,690,R991,B991,True,678.0,True,137350
660,690,R992,B992,True,679.0,True,138250
660,690,R993,B993,True,679.0,True,135800
660,690,R994,B994,False,,False,135800
660,690,R995,B995,True,679.0,True,138050
660,690,R996,B996,False,,False,133650
660,690,R997,B997,True,680.0,False,276300
660,690,R998,B998,False,,False,136250
660,690,R999,B999,True,680.0,False,136100
660,690,R1000,B1000,True,680.0,False,135800
660,690,R1001,B1001,True,682.0,False,135450
660,690,R1002,B1002,True,680.0,False,137250
660,690,R1003,B1003,True,681.0,False,136800
660,690,R1004,B1004,True,681.0,False,138250
660,690,R1005,B1005,True,681.0,False,273400
660,690,R1006,B1006,False,,False,136400
660,690,R1007,B1007,True,682.0,False,136800
660,690,R1008,B1008,True,682.0,False,137950
660,690,R1009,B1009,True,682.0,False,276800
660,690,R1010,B1010,True,684.0,False,276500
660,690,R1011,B1011,True,686.0,False,138050
660,690,R1012,B1012,True,682.0,False,137950
660,690,R1013,B1013,True,682.0,False,136300
660,690,R1014,B1014,True,683.0,False,138250
660,690,R1015,B1015,True,683.0,False,138250
660,690,R1016,B1016,True,683.0,False,138050
660,690,R1017,B1017,True,684.0,False,414450
660,690,R1018,B1018,True,684.0,False,138250
660,690,R1019,B1019,True,684.0,False,138250
660,690,R1020,B1020,False,,False,135800
660,690,R1021,B1021,True,684.0,False,136700
660,690,R1022,B1022,False,,False,137150
660,690,R1023,B1023,True,685.0,False,138300
660,690,R1024,B1024,False,,False,135400
660,690,R1025,B1025,True,687.0,False,138250
660,690,R1026,B1026,True,685.0,False,138050
660,690,R1027,B1027,True,685.0,False,133650
660,690,R1028,B1028,True,685.0,False,137350
660,690,R1029,B1029,False,,False,135900
660,690,R1030,B1030,True,686.0,False,138050
660,690,R1031,B1031,True,687.0,False,135800
660,690,R1032,B1032,True,687.0,False,138250
660,690,R1033,B1033,True,687.0,False,138050
660,690,R1034,B1034,True,687.0,False,138250
660,690,R1035,B1035,True,687.0,False,272500
660,690,R1036,B1036,False,,False,137250
660,690,R1037,B1037,True,688.0,False,137350
660,690,R1038,B1038,True,690.0,False,135800
660,690,R1039,B1039,True,689.0,False,138150
660,690,R1040,B1040,True,689.0,False,137950
660,690,R1041,B1041,True,689.0,False,138400
660,690,R1042,B1042,True,689.0,False,136100
660,690,R1043,B1043,False,,False,117500
660,690,R1044,B1044,False,,False,136250
660,690,R1045,B1045,True,690.0,False,138250
680,710,R928,B928,False,,False,164867
680,710,R929,B929,False,,False,165122
680,710,R935,B935,False,,False,202476
680,710,R936,B936,False,,False,181679
680,710,R947,B947,False,,False,176520
680,710,R948,B948,False,,False,157095
680,710,R950,B950,False,,False,153684
680,710,R952,B952,False,,False,176520
680,710,R956,B956,False,,False,140584
680,710,R957,B957,False,,False,128325
680,710,R968,B968,False,,False,150301
680,710,R972,B972,False,,False,137542
680,710,R980,B980,True,680.0,True,125287
680,710,R983,B983,True,680.0,True,141358
680,710,R994,B994,True,680.0,True,140369
680,710,R996,B996,True,680.0,True,137531
680,710,R997,B997,True,680.0,True,305300
680,710,R998,B998,True,686.0,True,140608
680,710,R999,B999,True,680.0,True,167576
680,710,R1000,B1000,True,680.0,True,172355
680,710,R1001,B1001,True,680.0,True,143241
680,710,R1002,B1002,True,680.0,True,141252
680,710,R1003,B1003,True,681.0,True,148317
680,710,R1004,B1004,True,681.0,True,148000
680,710,R1005,B1005,True,681.0,True,293310
680,710,R1006,B1006,True,681.0,True,142027
680,710,R1007,B1007,True,682.0,True,142558
680,710,R1008,B1008,True,686.0,True,143708
680,710,R1009,B1009,True,682.0,True,292000
680,710,R1010,B1010,True,684.0,True,296000
680,710,R1011,B1011,True,686.0,True,145138
680,710,R1012,B1012,True,682.0,True,144016
680,710,R1013,B1013,True,682.0,True,140392
680,710,R1014,B1014,True,683.0,True,150017
680,710,R1015,B1015,True,683.0,True,146005
680,710,R1016,B1016,True,686.0,True,145138
680,710,R1017,B1017,True,684.0,True,436200
680,710,R1018,B1018,True,684.0,True,148000
680,710,R1019,B1019,True,684.0,True,145510
680,710,R1020,B1020,True,684.0,True,145769
680,710,R1021,B1021,True,684.0,True,141677
680,710,R1022,B1022,True,684.0,True,141147
680,710,R1023,B1023,True,685.0,True,144624
680,710,R1024,B1024,True,685.0,True,143575
680,710,R1025,B1025,True,687.0,True,148000
680,710,R1026,B1026,True,686.0,True,145138
680,710,R1027,B1027,True,685.0,True,137531
680,710,R1028,B1028,True,685.0,True,143825
680,710,R1029,B1029,True,687.0,True,139520
680,710,R1030,B1030,True,686.0,True,142910
680,710,R1031,B1031,True,687.0,True,155152
680,710,R1032,B1032,True,687.0,True,148000
680,710,R1033,B1033,True,691.0,True,142910
680,710,R1034,B1034,True,687.0,True,145510
680,710,R1035,B1035,True,687.0,True,286020
680,710,R1036,B1036,True,687.0,True,141350
680,710,R1037,B1037,True,688.0,True,143825
680,710,R1038,B1038,True,690.0,True,155152
680,710,R1039,B1039,True,689.0,True,145400
680,710,R1040,B1040,True,689.0,True,143807
680,710,R1041,B1041,True,689.0,True,146000
680,710,R1042,B1042,True,689.0,True,151122
680,710,R1043,B1043,True,689.0,True,120294
680,710,R1044,B1044,True,690.0,True,140608
680,710,R1045,B1045,True,690.0,True,145510
680,710,R1046,B1046,True,691.0,True,138250
680,710,R1047,B1047,True,691.0,True,136800
680,710,R1048,B1048,True,691.0,True,137950
680,710,R1049,B1049,True,691.0,True,276500
680,710,R1050,B1050,True,692.0,True,138300
680,710,R1051,B1051,True,692.0,True,275900
680,710,R1052,B1052,True,692.0,True,127450
680,710,R1053,B1053,True,698.0,True,138250
680,710,R1054,B1054,True,693.0,True,137150
680,710,R1055,B1055,True,694.0,True,138250
680,710,R1056,B1056,True,697.0,True,138050
680,710,R1057,B1057,True,694.0,True,136250
680,710,R1058,B1058,True,694.0,True,134500
680,710,R1059,B1059,True,694.0,True,136800
680,710,R1060,B1060,True,695.0,True,138250
680,710,R1061,B1061,True,695.0,True,138400
680,710,R1062,B1062,True,695.0,True,138250
680,710,R1063,B1063,True,701.0,False,138050
680,710,R1064,B1064,True,695.0,True,138250
680,710,R1065,B1065,True,695.0,True,274500
680,710,R1066,B1066,True,696.0,True,138250
680,710,R1067,B1067,True,696.0,True,135800
680,710,R1068,B1068,True,696.0,True,136800
680,710,R1069,B1069,True,700.0,False,135400
680,710,R1070,B1070,True,696.0,True,138150
680,710,R1071,B1071,True,696.0,True,137350
680,710,R1072,B1072,True,696.0,True,138050
680,710,R1073,B1073,True,700.0,False,137250
680,710,R1074,B1074,True,697.0,True,135400
680,710,R1075,B1075,True,697.0,True,138150
680,710,R1076,B1076,True,701.0,False,138250
680,710,R1077,B1077,True,697.0,True,137250
680,710,R1078,B1078,True,699.0,True,273600
680,710,R1079,B1079,True,698.0,True,138400
680,710,R1080,B1080,True,703.0,False,138250
680,710,R1081,B1081,True,698.0,True,138050
680,710,R1082,B1082,True,698.0,True,138250
680,710,R1083,B1083,True,698.0,True,136700
680,710,R1084,B1084,True,699.0,True,138250
680,710,R1085,B1085,True,700.0,False,138250
680,710,R1086,B1086,True,699.0,True,138050
680,710,R1087,B1087,True,699.0,True,135800
680,710,R1088,B1088,True,699.0,True,136700
680,710,R1089,B1089,True,700.0,False,138250
680,710,R1090,B1090,True,700.0,False,138250
680,710,R1091,B1091,True,700.0,False,276300
680,710,R1092,B1092,True,701.0,False,138250
680,710,R1093,B1093,True,700.0,False,276100
680,710,R1094,B1094,True,700.0,False,136250
680,710,R1095,B1095,True,700.0,False,134050
680,710,R1096,B1096,True,700.0,False,137250
680,710,R1097,B1097,True,701.0,False,138300
680,710,R1098,B1098,True,703.0,False,276500
680,710,R1099,B1099,True,701.0,False,138150
680,710,R1100,B1100,True,701.0,False,138400
680,710,R1101,B1101,True,706.0,False,138250
680,710,R1102,B1102,True,702.0,False,138050
680,710,R1103,B1103,True,701.0,False,137950
680,710,R1104,B1104,True,701.0,False,136800
680,710,R1105,B1105,True,702.0,False,136400
680,710,R1106,B1106,True,702.0,False,138250
680,710,R1107,B1107,True,702.0,False,276100
680,710,R1108,B1108,True,702.0,False,136250
680,710,R1109,B1109,True,702.0,False,137250
680,710,R1110,B1110,True,703.0,False,138250
680,710,R1111,B1111,True,703.0,False,138250
680,710,R1112,B1112,True,703.0,False,137950
680,710,R1113,B1113,True,703.0,False,138250
680,710,R1114,B1114,True,703.0,False,136250
680,710,R1115,B1115,True,703.0,False,136700
680,710,R1116,B1116,True,704.0,False,138250
680,710,R1117,B1117,True,706.0,False,138250
680,710,R1118,B1118,True,706.0,False,137950
680,710,R1119,B1119,True,704.0,False,136700
680,710,R1120,B1120,True,705.0,False,138150
680,710,R1121,B1121,True,705.0,False,138400
680,710,R1122,B1122,True,710.0,False,138050
680,710,R1123,B1123,True,705.0,False,136800
680,710,R1124,B1124,True,706.0,False,138250
680,710,R1125,B1125,True,706.0,False,138250
680,710,R1126,B1126,True,706.0,False,135500
680,710,R1127,B1127,True,706.0,False,134450
680,710,R1128,B1128,True,708.0,False,138150
680,710,R1129,B1129,True,707.0,False,138400
680,710,R1130,B1130,True,707.0,False,138250
680,710,R1131,B1131,True,707.0,False,276100
680,710,R1132,B1132,True,707.0,False,136250
680,710,R1133,B1133,True,707.0,False,138050
680,710,R1134,B1134,True,707.0,False,136700
680,710,R1135,B1135,True,708.0,False,276500
680,710,R1136,B1136,True,708.0,False,138150
680,710,R1137,B1137,True,708.0,False,138050
680,710,R1138,B1138,True,710.0,False,136800
680,710,R1139,B1139,True,709.0,False,414750
680,710,R1140,B1140,True,709.0,False,137450
680,710,R1141,B1141,True,709.0,False,134500
680,710,R1142,B1142,True,709.0,False,137250
680,710,R1143,B1143,True,710.0,False,138250
680,710,R1144,B1144,True,710.0,False,135800
680,710,R1145,B1145,True,710.0,False,137250
680,710,R1146,B1146,True,710.0,False,138250
680,710,R1147,B1147,True,710.0,False,136400
680,710,R1148,B1148,True,710.0,False,136700
700,730,R972,B972,False,,False,158839
700,730,R1063,B1063,False,,False,152227
700,730,R1069,B1069,False,,False,143784
700,730,R1073,B1073,True,700.0,True,141252
700,730,R1076,B1076,True,700.0,True,157750
700,730,R1080,B1080,True,701.0,True,157750
700,730,R1085,B1085,True,703.0,True,157750
700,730,R1089,B1089,True,700.0,True,150437
700,730,R1090,B1090,True,700.0,True,153761
700,730,R1091,B1091,True,700.0,True,305300
700,730,R1092,B1092,False,,False,157750
700,730,R1093,B1093,True,704.0,True,295542
700,730,R1094,B1094,True,700.0,True,149770
700,730,R1095,B1095,True,700.0,True,138263
700,730,R1096,B1096,True,700.0,True,141401
700,730,R1097,B1097,True,701.0,True,150948
700,730,R1098,B1098,True,703.0,True,292011
700,730,R1099,B1099,True,703.0,True,152650
700,730,R1100,B1100,True,706.0,True,153600
700,730,R1101,B1101,True,706.0,True,148000
700,730,R1102,B1102,True,701.0,True,147771
700,730,R1103,B1103,True,701.0,True,144127
700,730,R1104,B1104,True,701.0,True,148122
700,730,R1105,B1105,False,,False,140602
700,730,R1106,B1106,True,707.0,True,148000
700,730,R1107,B1107,True,703.0,True,290277
700,730,R1108,B1108,True,711.0,True,140608
700,730,R1109,B1109,True,703.0,True,141252
700,730,R1110,B1110,True,703.0,True,150017
700,730,R1111,B1111,True,706.0,True,146005
700,730,R1112,B1112,True,708.0,True,143807
700,730,R1113,B1113,True,707.0,True,148000
700,730,R1114,B1114,True,703.0,True,143010
700,730,R1115,B1115,True,703.0,True,141677
700,730,R1116,B1116,True,704.0,True,145359
700,730,R1117,B1117,True,709.0,True,146005
700,730,R1118,B1118,True,708.0,True,143708
700,730,R1119,B1119,True,704.0,True,141677
700,730,R1120,B1120,True,705.0,True,145400
700,730,R1121,B1121,True,706.0,True,146000
700,730,R1122,B1122,True,708.0,True,145138
700,730,R1123,B1123,True,705.0,True,142461
700,730,R1124,B1124,True,707.0,True,150437
700,730,R1125,B1125,True,706.0,True,148000
700,730,R1126,B1126,True,708.0,True,140958
700,730,R1127,B1127,True,708.0,True,138529
700,730,R1128,B1128,True,708.0,True,145400
700,730,R1129,B1129,True,710.0,True,146000
700,730,R1130,B1130,True,707.0,True,148000
700,730,R1131,B1131,True,707.0,True,290277
700,730,R1132,B1132,True,708.0,True,140608
700,730,R1133,B1133,True,707.0,True,142910
700,730,R1134,B1134,True,707.0,True,141677
700,730,R1135,B1135,True,712.0,True,290718
700,730,R1136,B1136,True,708.0,True,145400
700,730,R1137,B1137,True,712.0,True,142910
700,730,R1138,B1138,True,709.0,True,142558
700,730,R1139,B1139,True,709.0,True,444000
700,730,R1140,B1140,True,711.0,True,142978
700,730,R1141,B1141,True,709.0,True,137542
700,730,R1142,B1142,True,709.0,True,141350
700,730,R1143,B1143,True,710.0,True,145359
700,730,R1144,B1144,True,710.0,True,155152
700,730,R1145,B1145,True,710.0,True,141159
700,730,R1146,B1146,True,710.0,True,148000
700,730,R1147,B1147,True,710.0,True,143945
700,730,R1148,B1148,True,710.0,True,141677
700,730,R1149,B1149,True,711.0,True,138250
700,730,R1150,B1150,True,715.0,True,138250
700,730,R1151,B1151,True,711.0,True,276500
700,730,R1152,B1152,True,711.0,True,138050
700,730,R1153,B1153,True,711.0,True,133600
700,730,R1154,B1154,True,713.0,True,138250
700,730,R1155,B1155,True,712.0,True,136800
700,730,R1156,B1156,True,712.0,True,138150
700,730,R1157,B1157,True,712.0,True,137950
700,730,R1158,B1158,True,715.0,True,414750
700,730,R1159,B1159,True,712.0,True,138250
700,730,R1160,B1160,True,712.0,True,134050
700,730,R1161,B1161,True,712.0,True,137250
700,730,R1162,B1162,True,713.0,True,138300
700,730,R1163,B1163,True,715.0,True,138250
700,730,R1164,B1164,True,716.0,True,138250
700,730,R1165,B1165,True,713.0,True,276300
700,730,R1166,B1166,True,713.0,True,138050
700,730,R1167,B1167,True,713.0,True,136250
700,730,R1168,B1168,True,714.0,True,138250
700,730,R1169,B1169,True,716.0,True,138050
700,730,R1170,B1170,True,714.0,True,273400
700,730,R1171,B1171,True,715.0,True,276500
700,730,R1172,B1172,True,715.0,True,136800
700,730,R1173,B1173,True,715.0,True,138250
700,730,R1174,B1174,True,715.0,True,138250
700,730,R1175,B1175,True,715.0,True,136250
700,730,R1176,B1176,True,715.0,True,135800
700,730,R1177,B1177,True,715.0,True,127450
700,730,R1178,B1178,True,715.0,True,137250
700,730,R1179,B1179,True,719.0,True,138250
700,730,R1180,B1180,True,722.0,False,136250
700,730,R1181,B1181,True,720.0,False,272500
700,730,R1182,B1182,True,716.0,True,137450
700,730,R1183,B1183,True,716.0,True,136700
700,730,R1184,B1184,True,717.0,True,138150
700,730,R1185,B1185,True,717.0,True,138250
700,730,R1186,B1186,True,717.0,True,136250
700,730,R1187,B1187,True,717.0,True,138250
700,730,R1188,B1188,True,717.0,True,136250
700,730,R1189,B1189,True,718.0,True,138300
700,730,R1190,B1190,True,718.0,True,138250
700,730,R1191,B1191,True,720.0,False,138250
700,730,R1192,B1192,True,724.0,False,136250
700,730,R1193,B1193,True,718.0,True,134050
700,730,R1194,B1194,True,722.0,False,138250
700,730,R1195,B1195,True,719.0,True,138250
700,730,R1196,B1196,True,719.0,True,137950
700,730,R1197,B1197,True,719.0,True,276500
700,730,R1198,B1198,True,719.0,True,138050
700,730,R1199,B1199,True,719.0,True,136250
700,730,R1200,B1200,True,719.0,True,138050
700,730,R1201,B1201,True,721.0,False,134050
700,730,R1202,B1202,True,719.0,True,136700
700,730,R1203,B1203,True,719.0,True,135450
700,730,R1204,B1204,True,724.0,False,133650
700,730,R1205,B1205,True,720.0,False,137250
700,730,R1206,B1206,True,724.0,False,129100
700,730,R1207,B1207,True,721.0,False,138250
700,730,R1208,B1208,True,722.0,False,138050
700,730,R1209,B1209,True,727.0,False,136250
700,730,R1210,B1210,True,724.0,False,136700
700,730,R1211,B1211,True,722.0,False,138250
700,730,R1212,B1212,True,721.0,False,135400
700,730,R1213,B1213,True,721.0,False,138250
700,730,R1214,B1214,True,721.0,False,138400
700,730,R1215,B1215,True,721.0,False,272500
700,730,R1216,B1216,True,721.0,False,135500
700,730,R1217,B1217,True,722.0,False,136800
700,730,R1218,B1218,True,724.0,False,138250
700,730,R1219,B1219,True,722.0,False,138150
700,730,R1220,B1220,True,722.0,False,135900
700,730,R1221,B1221,True,722.0,False,276100
700,730,R1222,B1222,True,722.0,False,136800
700,730,R1223,B1223,True,722.0,False,122250
700,730,R1224,B1224,True,723.0,False,137250
700,730,R1225,B1225,True,725.0,False,138150
700,730,R1226,B1226,True,723.0,False,414750
700,730,R1227,B1227,True,725.0,False,138050
700,730,R1228,B1228,True,725.0,False,135900
700,730,R1229,B1229,True,723.0,False,134450
700,730,R1230,B1230,True,724.0,False,138250
700,730,R1231,B1231,True,724.0,False,135800
700,730,R1232,B1232,True,724.0,False,136250
700,730,R1233,B1233,True,724.0,False,137150
700,730,R1234,B1234,True,728.0,False,138250
700,730,R1235,B1235,True,727.0,False,138400
700,730,R1236,B1236,True,725.0,False,276500
700,730,R1237,B1237,True,727.0,False,138050
700,730,R1238,B1238,True,725.0,False,136200
700,730,R1239,B1239,True,726.0,False,137250
700,730,R1240,B1240,True,726.0,False,137950
700,730,R1241,B1241,True,726.0,False,138250
700,730,R1242,B1242,True,726.0,False,136250
700,730,R1243,B1243,True,726.0,False,136400
700,730,R1244,B1244,True,726.0,False,127450
700,730,R1245,B1245,True,728.0,False,138300
700,730,R1246,B1246,True,727.0,False,136250
700,730,R1247,B1247,True,727.0,False,135800
700,730,R1248,B1248,True,728.0,False,138250
700,730,R1249,B1249,True,730.0,False,276800
700,730,R1250,B1250,True,729.0,False,138250
700,730,R1251,B1251,True,728.0,False,135500
700,730,R1252,B1252,True,728.0,False,134050
700,730,R1253,B1253,True,728.0,False,136700
700,730,R1254,B1254,True,729.0,False,138250
700,730,R1255,B1255,True,729.0,False,138250
700,730,R1256,B1256,True,729.0,False,138150
700,730,R1257,B1257,True,729.0,False,138400
700,730,R1258,B1258,True,730.0,False,138250
700,730,R1259,B1259,True,729.0,False,138250
700,730,R1260,B1260,True,729.0,False,136250
700,730,R1261,B1261,True,729.0,False,137150
700,730,R1262,B1262,True,729.0,False,273600
700,730,R1263,B1263,True,729.0,False,137350
700,730,R1264,B1264,True,730.0,False,138050
700,730,R1265,B1265,True,730.0,False,138050
700,730,R1266,B1266,True,730.0,False,136800
700,730,R1267,B1267,True,730.0,False,136400
720,750,R1105,B1105,False,,False,170020
720,750,R1180,B1180,False,,False,140608
720,750,R1181,B1181,True,720.0,True,313061
720,750,R1191,B1191,True,721.0,True,157750
720,750,R1192,B1192,False,,False,140608
720,750,R1194,B1194,True,720.0,True,161784
720,750,R1201,B1201,False,,False,138320
720,750,R1204,B1204,False,,False,137531
720,750,R1205,B1205,True,720.0,True,141350
720,750,R1206,B1206,False,,False,135815
720,750,R1207,B1207,True,720.0,True,157750
720,750,R1208,B1208,False,,False,145138
720,750,R1209,B1209,False,,False,140608
720,750,R1210,B1210,True,720.0,True,146655
720,750,R1211,B1211,True,722.0,True,152468
720,750,R1212,B1212,False,,False,143575
720,750,R1213,B1213,True,721.0,True,146005
720,750,R1214,B1214,True,721.0,True,153600
720,750,R1215,B1215,True,725.0,True,299540
720,750,R1216,B1216,True,724.0,True,139986
720,750,R1217,B1217,True,722.0,True,142558
720,750,R1218,B1218,True,724.0,True,146005
720,750,R1219,B1219,True,722.0,True,145400
720,750,R1220,B1220,False,,False,139520
720,750,R1221,B1221,True,722.0,True,295542
720,750,R1222,B1222,True,726.0,True,142461
720,750,R1223,B1223,False,,False,125287
720,750,R1224,B1224,True,729.0,True,141159
720,750,R1225,B1225,True,725.0,True,145400
720,750,R1226,B1226,True,725.0,True,444000
720,750,R1227,B1227,False,,False,145138
720,750,R1228,B1228,False,,False,139520
720,750,R1229,B1229,False,,False,138529
720,750,R1230,B1230,True,724.0,True,150437
720,750,R1231,B1231,True,728.0,True,155152
720,750,R1232,B1232,False,,False,140608
720,750,R1233,B1233,True,724.0,True,141147
720,750,R1234,B1234,True,725.0,True,150017
720,750,R1235,B1235,True,725.0,True,146000
720,750,R1236,B1236,True,725.0,True,296000
720,750,R1237,B1237,True,727.0,True,145138
720,750,R1238,B1238,False,,False,139877
720,750,R1239,B1239,True,726.0,True,141159
720,750,R1240,B1240,True,726.0,True,143708
720,750,R1241,B1241,True,728.0,True,148000
720,750,R1242,B1242,True,726.0,True,143010
720,750,R1243,B1243,True,728.0,True,143945
720,750,R1244,B1244,False,,False,132159
720,750,R1245,B1245,True,729.0,True,144624
720,750,R1246,B1246,True,728.0,True,143010
720,750,R1247,B1247,True,727.0,True,154077
720,750,R1248,B1248,True,728.0,True,145359
720,750,R1249,B1249,True,730.0,True,292000
720,750,R1250,B1250,True,730.0,True,148000
720,750,R1251,B1251,False,,False,139986
720,750,R1252,B1252,True,728.0,True,138263
720,750,R1253,B1253,True,728.0,True,141677
720,750,R1254,B1254,True,729.0,True,145359
720,750,R1255,B1255,True,729.0,True,150017
720,750,R1256,B1256,True,731.0,True,145400
720,750,R1257,B1257,True,731.0,True,146000
720,750,R1258,B1258,True,730.0,True,148000
720,750,R1259,B1259,True,730.0,True,145510
720,750,R1260,B1260,True,729.0,True,143010
720,750,R1261,B1261,False,,False,141147
720,750,R1262,B1262,True,729.0,True,284922
720,750,R1263,B1263,False,,False,143825
720,750,R1264,B1264,True,730.0,True,145138
720,750,R1265,B1265,True,730.0,True,142910
720,750,R1266,B1266,True,734.0,True,142461
720,750,R1267,B1267,True,731.0,True,143945
720,750,R1268,B1268,False,,False,135400
720,750,R1269,B1269,True,731.0,True,138150
720,750,R1270,B1270,True,733.0,True,138250
720,750,R1271,B1271,True,735.0,True,138050
720,750,R1272,B1272,False,,False,136250
720,750,R1273,B1273,False,,False,132700
720,750,R1274,B1274,True,735.0,True,136800
720,750,R1275,B1275,True,733.0,True,138400
720,750,R1276,B1276,True,732.0,True,138050
720,750,R1277,B1277,False,,False,136250
720,750,R1278,B1278,True,733.0,True,276100
720,750,R1279,B1279,True,733.0,True,138250
720,750,R1280,B1280,True,733.0,True,138050
720,750,R1281,B1281,False,,False,135800
720,750,R1282,B1282,False,,False,136400
720,750,R1283,B1283,True,734.0,True,138250
720,750,R1284,B1284,True,734.0,True,138250
720,750,R1285,B1285,True,734.0,True,138150
720,750,R1286,B1286,False,,False,135400
720,750,R1287,B1287,True,735.0,True,136800
720,750,R1288,B1288,True,736.0,True,138050
720,750,R1289,B1289,True,735.0,True,135500
720,750,R1290,B1290,False,,False,122250
720,750,R1291,B1291,True,736.0,True,138150
720,750,R1292,B1292,True,740.0,False,138250
720,750,R1293,B1293,True,738.0,True,135500
720,750,R1294,B1294,True,736.0,True,136250
720,750,R1295,B1295,True,741.0,False,137150
720,750,R1296,B1296,True,738.0,True,136800
720,750,R1297,B1297,True,737.0,True,137950
720,750,R1298,B1298,True,739.0,True,136700
720,750,R1299,B1299,True,740.0,False,138250
720,750,R1300,B1300,True,738.0,True,136800
720,750,R1301,B1301,True,738.0,True,138250
720,750,R1302,B1302,True,738.0,True,138250
720,750,R1303,B1303,True,739.0,True,136250
720,750,R1304,B1304,True,738.0,True,134050
720,750,R1305,B1305,True,738.0,True,137150
720,750,R1306,B1306,True,740.0,False,135800
720,750,R1307,B1307,True,740.0,False,138050
720,750,R1308,B1308,True,739.0,True,138050
720,750,R1309,B1309,True,741.0,False,137250
720,750,R1310,B1310,True,743.0,False,138250
720,750,R1311,B1311,True,744.0,False,138150
720,750,R1312,B1312,True,743.0,False,138250
720,750,R1313,B1313,True,743.0,False,136250
720,750,R1314,B1314,True,743.0,False,136800
720,750,R1315,B1315,True,744.0,False,137950
720,750,R1316,B1316,True,744.0,False,138250
720,750,R1317,B1317,False,,False,136300
720,750,R1318,B1318,True,745.0,False,138250
720,750,R1319,B1319,True,746.0,False,136800
720,750,R1320,B1320,True,749.0,False,136800
720,750,R1321,B1321,True,747.0,False,275900
720,750,R1322,B1322,True,747.0,False,268400
720,750,R1323,B1323,True,747.0,False,138250
720,750,R1324,B1324,True,747.0,False,274500
720,750,R1325,B1325,True,748.0,False,136250
720,750,R1326,B1326,True,749.0,False,136800
720,750,R1327,B1327,True,749.0,False,137950
720,750,R1328,B1328,False,,False,133600
720,750,R1329,B1329,True,750.0,False,136800
720,750,R1330,B1330,True,750.0,False,275900
720,750,R1331,B1331,True,750.0,False,138050
720,750,R1332,B1332,True,750.0,False,138250
740,770,R1180,B1180,False,,False,171118
740,770,R1192,B1192,False,,False,171118
740,770,R1201,B1201,False,,False,168210
740,770,R1204,B1204,False,,False,164698
740,770,R1206,B1206,False,,False,182827
740,770,R1209,B1209,False,,False,162401
740,770,R1212,B1212,False,,False,200800
740,770,R1220,B1220,False,,False,164867
740,770,R1223,B1223,False,,False,140476
740,770,R1227,B1227,False,,False,194758
740,770,R1228,B1228,False,,False,157625
740,770,R1229,B1229,False,,False,158924
740,770,R1232,B1232,False,,False,153684
740,770,R1238,B1238,False,,False,158266
740,770,R1244,B1244,False,,False,155704
740,770,R1251,B1251,False,,False,171390
740,770,R1261,B1261,False,,False,153138
740,770,R1263,B1263,False,,False,176205
740,770,R1268,B1268,False,,False,151750
740,770,R1272,B1272,False,,False,140608
740,770,R1273,B1273,False,,False,135743
740,770,R1277,B1277,False,,False,140608
740,770,R1281,B1281,False,,False,165709
740,770,R1282,B1282,False,,False,147654
740,770,R1286,B1286,False,,False,145161
740,770,R1290,B1290,False,,False,125287
740,770,R1292,B1292,True,740.0,True,157750
740,770,R1295,B1295,False,,False,141147
740,770,R1299,B1299,True,740.0,True,162625
740,770,R1306,B1306,True,740.0,True,174505
740,770,R1307,B1307,True,740.0,True,145138
740,770,R1309,B1309,True,741.0,True,141350
740,770,R1310,B1310,True,743.0,True,150437
740,770,R1311,B1311,True,748.0,True,145400
740,770,R1312,B1312,True,744.0,True,145510
740,770,R1313,B1313,True,743.0,True,143010
740,770,R1314,B1314,True,743.0,True,142461
740,770,R1315,B1315,True,744.0,True,143708
740,770,R1316,B1316,True,749.0,True,148000
740,770,R1317,B1317,False,,False,140392
740,770,R1318,B1318,True,745.0,True,150017
740,770,R1319,B1319,True,746.0,True,142558
740,770,R1320,B1320,True,749.0,True,142558
740,770,R1321,B1321,True,753.0,True,287615
740,770,R1322,B1322,True,747.0,True,284450
740,770,R1323,B1323,True,747.0,True,145510
740,770,R1324,B1324,True,747.0,True,282701
740,770,R1325,B1325,True,748.0,True,143010
740,770,R1326,B1326,True,749.0,True,142558
740,770,R1327,B1327,True,749.0,True,143807
740,770,R1328,B1328,False,,False,138078
740,770,R1329,B1329,True,752.0,True,142558
740,770,R1330,B1330,True,750.0,True,287416
740,770,R1331,B1331,True,750.0,True,142910
740,770,R1332,B1332,True,750.0,True,145510
740,770,R1333,B1333,True,751.0,True,136400
740,770,R1334,B1334,True,751.0,True,137950
740,770,R1335,B1335,False,,False,135200
740,770,R1336,B1336,True,754.0,True,136400
740,770,R1337,B1337,True,754.0,True,138300
740,770,R1338,B1338,True,754.0,True,136800
740,770,R1339,B1339,True,754.0,True,138150
740,770,R1340,B1340,True,757.0,True,138050
740,770,R1341,B1341,True,754.0,True,138050
740,770,R1342,B1342,True,755.0,True,137950
740,770,R1343,B1343,True,755.0,True,276100
740,770,R1344,B1344,False,,False,133350
740,770,R1345,B1345,True,757.0,True,138300
740,770,R1346,B1346,True,757.0,True,273600
740,770,R1347,B1347,True,757.0,True,138150
740,770,R1348,B1348,True,757.0,True,138250
740,770,R1349,B1349,True,758.0,True,136800
740,770,R1350,B1350,False,,False,135500
740,770,R1351,B1351,True,758.0,True,138250
740,770,R1352,B1352,False,,False,136400
740,770,R1353,B1353,True,759.0,True,138050
740,770,R1354,B1354,True,759.0,True,138250
740,770,R1355,B1355,True,759.0,True,136700
740,770,R1356,B1356,True,760.0,False,138300
740,770,R1357,B1357,True,760.0,False,135800
740,770,R1358,B1358,True,761.0,False,136800
740,770,R1359,B1359,True,761.0,False,137950
740,770,R1360,B1360,True,761.0,False,138250
740,770,R1361,B1361,True,763.0,False,138300
740,770,R1362,B1362,True,763.0,False,135800
740,770,R1363,B1363,True,762.0,False,138250
740,770,R1364,B1364,True,769.0,False,275900
740,770,R1365,B1365,True,765.0,False,135800
740,770,R1366,B1366,True,764.0,False,138250
740,770,R1367,B1367,False,,False,134200
740,770,R1368,B1368,True,764.0,False,138300
740,770,R1369,B1369,True,764.0,False,273600
740,770,R1370,B1370,True,764.0,False,136250
740,770,R1371,B1371,False,,False,133600
740,770,R1372,B1372,True,770.0,False,137250
740,770,R1373,B1373,True,766.0,False,275900
740,770,R1374,B1374,True,766.0,False,138250
740,770,R1375,B1375,False,,False,136300
740,770,R1376,B1376,True,767.0,False,138250
740,770,R1377,B1377,True,767.0,False,137250
740,770,R1378,B1378,True,768.0,False,138300
740,770,R1379,B1379,False,,False,136800
740,770,R1380,B1380,False,,False,137250
740,770,R1381,B1381,False,,False,138250
740,770,R1382,B1382,True,769.0,False,138250
740,770,R1383,B1383,True,770.0,False,138250
760,790,R1273,B1273,False,,False,157049
760,790,R1290,B1290,False,,False,146552
760,790,R1295,B1295,False,,False,169126
760,790,R1317,B1317,False,,False,169040
760,790,R1328,B1328,False,,False,160473
760,790,R1335,B1335,False,,False,138990
760,790,R1344,B1344,False,,False,143405
760,790,R1350,B1350,True,760.0,True,146416
760,790,R1352,B1352,False,,False,140602
760,790,R1356,B1356,True,764.0,True,150948
760,790,R1357,B1357,True,760.0,True,174505
760,790,R1358,B1358,True,761.0,True,142558
760,790,R1359,B1359,False,,False,143807
760,790,R1360,B1360,True,763.0,True,148000
760,790,R1361,B1361,True,766.0,True,144624
760,790,R1362,B1362,True,763.0,True,155152
760,790,R1363,B1363,True,762.0,True,146005
760,790,R1364,B1364,True,769.0,True,287615
760,790,R1365,B1365,False,,False,140369
760,790,R1366,B1366,True,763.0,True,148000
760,790,R1367,B1367,False,,False,142225
760,790,R1368,B1368,True,764.0,True,144624
760,790,R1369,B1369,True,764.0,True,285117
760,790,R1370,B1370,True,764.0,True,143010
760,790,R1371,B1371,False,,False,138016
760,790,R1372,B1372,True,771.0,True,141401
760,790,R1373,B1373,True,766.0,True,287416
760,790,R1374,B1374,True,766.0,True,145510
760,790,R1375,B1375,False,,False,140392
760,790,R1376,B1376,True,767.0,True,145359
760,790,R1377,B1377,False,,False,141350
760,790,R1378,B1378,True,768.0,True,144624
760,790,R1379,B1379,False,,False,142558
760,790,R1380,B1380,True,768.0,True,141401
760,790,R1381,B1381,False,,False,150017
760,790,R1382,B1382,True,769.0,True,145510
760,790,R1383,B1383,True,771.0,True,145510
760,790,R1384,B1384,True,776.0,True,133600
760,790,R1385,B1385,True,773.0,True,133600
760,790,R1386,B1386,True,774.0,True,136800
760,790,R1387,B1387,True,775.0,True,276500
760,790,R1388,B1388,False,,False,137350
760,790,R1389,B1389,True,777.0,True,137950
760,790,R1390,B1390,False,,False,135500
760,790,R1391,B1391,True,776.0,True,136400
760,790,R1392,B1392,True,778.0,True,138250
760,790,R1393,B1393,True,778.0,True,138300
760,790,R1394,B1394,True,778.0,True,138250
760,790,R1395,B1395,True,778.0,True,135800
760,790,R1396,B1396,True,778.0,True,138250
760,790,R1397,B1397,True,778.0,True,136250
760,790,R1398,B1398,True,778.0,True,135800
760,790,R1399,B1399,True,781.0,False,138300
760,790,R1400,B1400,False,,False,138250
760,790,R1401,B1401,True,779.0,True,138050
760,790,R1402,B1402,True,786.0,False,275900
760,790,R1403,B1403,True,780.0,False,138250
760,790,R1404,B1404,True,784.0,False,135500
760,790,R1405,B1405,True,781.0,False,138250
760,790,R1406,B1406,True,780.0,False,136400
760,790,R1407,B1407,True,781.0,False,138150
760,790,R1408,B1408,True,785.0,False,137950
760,790,R1409,B1409,True,782.0,False,138250
760,790,R1410,B1410,True,784.0,False,138150
760,790,R1411,B1411,True,782.0,False,137950
760,790,R1412,B1412,True,783.0,False,138250
760,790,R1413,B1413,False,,False,136800
760,790,R1414,B1414,True,783.0,False,275900
760,790,R1415,B1415,True,783.0,False,136700
760,790,R1416,B1416,True,785.0,False,138250
760,790,R1417,B1417,False,,False,133350
760,790,R1418,B1418,False,,False,134500
760,790,R1419,B1419,True,785.0,False,272800
760,790,R1420,B1420,True,785.0,False,138250
760,790,R1421,B1421,True,785.0,False,136800
760,790,R1422,B1422,True,786.0,False,138250
760,790,R1423,B1423,True,787.0,False,138300
760,790,R1424,B1424,True,788.0,False,135800
760,790,R1425,B1425,True,787.0,False,138150
760,790,R1426,B1426,True,788.0,False,136250
760,790,R1427,B1427,True,790.0,False,138300
760,790,R1428,B1428,False,,False,136800
760,790,R1429,B1429,True,789.0,False,136400
760,790,R1430,B1430,False,,False,138250
760,790,R1431,B1431,True,790.0,False,137950
780,810,R1365,B1365,False,,False,172355
780,810,R1367,B1367,False,,False,198400
780,810,R1371,B1371,False,,False,168933
780,810,R1375,B1375,False,,False,169040
780,810,R1377,B1377,False,,False,153652
780,810,R1379,B1379,False,,False,182868
780,810,R1381,B1381,False,,False,232387
780,810,R1388,B1388,False,,False,141311
780,810,R1390,B1390,True,780.0,True,144472
780,810,R1399,B1399,True,784.0,True,150948
780,810,R1400,B1400,False,,False,161784
780,810,R1402,B1402,True,780.0,True,287416
780,810,R1403,B1403,True,780.0,True,157750
780,810,R1404,B1404,True,780.0,True,140958
780,810,R1405,B1405,True,780.0,True,152771
780,810,R1406,B1406,True,780.0,True,142027
780,810,R1407,B1407,True,781.0,True,152650
780,810,R1408,B1408,False,,False,143807
780,810,R1409,B1409,True,786.0,True,146005
780,810,R1410,B1410,True,784.0,True,145400
780,810,R1411,B1411,False,,False,143708
780,810,R1412,B1412,True,783.0,True,148000
780,810,R1413,B1413,False,,False,142558
780,810,R1414,B1414,True,783.0,True,287615
780,810,R1415,B1415,True,783.0,True,141677
780,810,R1416,B1416,True,784.0,True,146005
780,810,R1417,B1417,False,,False,138458
780,810,R1418,B1418,False,,False,137542
780,810,R1419,B1419,True,785.0,True,281205
780,810,R1420,B1420,True,785.0,True,145510
780,810,R1421,B1421,True,785.0,True,142461
780,810,R1422,B1422,True,786.0,True,145510
780,810,R1423,B1423,True,787.0,True,144624
780,810,R1424,B1424,True,787.0,True,155152
780,810,R1425,B1425,True,787.0,True,145400
780,810,R1426,B1426,True,788.0,True,143010
780,810,R1427,B1427,True,790.0,True,144624
780,810,R1428,B1428,True,789.0,True,142558
780,810,R1429,B1429,True,789.0,True,140602
780,810,R1430,B1430,False,,False,150437
780,810,R1431,B1431,True,790.0,True,143708
780,810,R1432,B1432,True,792.0,True,136800
780,810,R1433,B1433,True,791.0,True,135800
780,810,R1434,B1434,False,,False,134200
780,810,R1435,B1435,True,791.0,True,138050
780,810,R1436,B1436,False,,False,134500
780,810,R1437,B1437,True,792.0,True,136700
780,810,R1438,B1438,True,793.0,True,138300
780,810,R1439,B1439,True,793.0,True,136700
780,810,R1440,B1440,False,,False,136400
780,810,R1441,B1441,False,,False,134200
780,810,R1442,B1442,True,795.0,True,138050
780,810,R1443,B1443,True,795.0,True,138250
780,810,R1444,B1444,True,795.0,True,136800
780,810,R1445,B1445,False,,False,136800
780,810,R1446,B1446,True,796.0,True,138050
780,810,R1447,B1447,False,,False,134850
780,810,R1448,B1448,True,797.0,True,276600
780,810,R1449,B1449,True,797.0,True,136800
780,810,R1450,B1450,True,799.0,True,137950
780,810,R1451,B1451,True,797.0,True,138050
780,810,R1452,B1452,True,798.0,True,138250
780,810,R1453,B1453,True,799.0,True,138300
780,810,R1454,B1454,False,,False,136400
780,810,R1455,B1455,True,802.0,False,138300
780,810,R1456,B1456,True,800.0,False,135800
780,810,R1458,B1458,True,800.0,False,138050
780,810,R1459,B1459,True,801.0,False,138300
780,810,R1460,B1460,True,801.0,False,138150
780,810,R1461,B1461,True,801.0,False,138250
780,810,R1463,B1463,True,802.0,False,137950
780,810,R1464,B1464,True,803.0,False,271400
780,810,R1465,B1465,True,802.0,False,137950
780,810,R1466,B1466,True,803.0,False,138250
780,810,R1467,B1467,True,804.0,False,138300
780,810,R1468,B1468,True,803.0,False,138250
780,810,R1469,B1469,True,803.0,False,138250
780,810,R1473,B1473,False,,False,138250
780,810,R1474,B1474,True,805.0,False,138300
780,810,R1475,B1475,False,,False,138250
780,810,R1476,B1476,False,,False,137950
780,810,R1477,B1477,True,805.0,False,138050
780,810,R1478,B1478,True,806.0,False,138150
780,810,R1479,B1479,False,,False,135800
800,816,R1388,B1388,False,,False,169044
800,816,R1417,B1417,False,,False,174220
800,816,R1418,B1418,False,,False,146669
800,816,R1430,B1430,False,,False,235750
800,816,R1434,B1434,False,,False,158275
800,816,R1436,B1436,False,,False,137542
800,816,R1440,B1440,False,,False,147654
800,816,R1441,B1441,False,,False,150250
800,816,R1445,B1445,False,,False,148317
800,816,R1447,B1447,False,,False,139762
800,816,R1454,B1454,False,,False,142027
800,816,R1455,B1455,True,800.0,True,150948
800,816,R1456,B1456,True,800.0,True,174505
800,816,R1458,B1458,True,800.0,True,144593
800,816,R1459,B1459,True,803.0,True,150948
800,816,R1460,B1460,False,,False,152650
800,816,R1461,B1461,False,,False,157750
800,816,R1463,B1463,False,,False,143708
800,816,R1464,B1464,True,804.0,True,288689
800,816,R1465,B1465,True,802.0,True,144016
800,816,R1466,B1466,False,,False,145359
800,816,R1467,B1467,False,,False,144624
800,816,R1468,B1468,False,,False,148000
800,816,R1469,B1469,False,,False,145510
800,816,R1473,B1473,False,,False,145359
800,816,R1474,B1474,False,,False,144624
800,816,R1475,B1475,False,,False,146005
800,816,R1476,B1476,False,,False,143807
800,816,R1477,B1477,True,805.0,True,145138
800,816,R1478,B1478,False,,False,145400
800,816,R1479,B1479,False,,False,155152
