horizon_start,horizon_end,request_id,batch_id,planned_visit,planned_pickup_time,committed,drop_penalty
0,30,R1,B1,True,22.0,False,175400
0,30,R2,B2,True,27.0,False,177350
0,30,R3,B3,True,24.0,False,177350
0,30,R4,B4,True,24.0,False,174050
0,30,R5,B5,False,,False,169000
0,30,R6,B6,True,25.0,False,177250
0,30,R7,B7,False,,False,177250
0,30,R8,B8,True,29.0,False,177250
0,30,R9,B9,True,30.0,False,174050
0,30,R10,B10,True,30.0,False,177350
20,50,R1,B1,True,22.0,True,181773
20,50,R2,B2,True,23.0,True,182488
20,50,R3,B3,True,26.0,True,182549
20,50,R4,B4,True,24.0,True,179579
20,50,R5,B5,False,,False,175269
20,50,R6,B6,True,32.0,True,182443
20,50,R7,B7,False,,False,182570
20,50,R8,B8,True,29.0,True,182443
20,50,R9,B9,True,30.0,True,179579
20,50,R10,B10,True,30.0,True,185749
20,50,R11,B11,True,33.0,True,348100
20,50,R12,B12,True,32.0,True,176300
20,50,R13,B13,False,,False,177250
20,50,R14,B14,True,36.0,True,175400
20,50,R15,B15,False,,False,177150
20,50,R16,B16,True,43.0,False,174050
20,50,R17,B17,False,,False,169100
20,50,R18,B18,True,40.0,False,176250
20,50,R19,B19,True,40.0,False,174050
20,50,R20,B20,True,44.0,False,175400
20,50,R21,B21,False,,False,169100
20,50,R22,B22,True,49.0,False,175400
20,50,R23,B23,True,50.0,False,174050
40,70,R5,B5,False,,False,206619
40,70,R7,B7,False,,False,198530
40,70,R13,B13,False,,False,182322
40,70,R15,B15,False,,False,182337
40,70,R16,B16,True,43.0,True,179579
40,70,R17,B17,False,,False,178088
40,70,R18,B18,False,,False,181924
40,70,R19,B19,True,40.0,True,179579
40,70,R20,B20,True,52.0,True,186348
40,70,R21,B21,False,,False,178088
40,70,R22,B22,True,49.0,True,186075
40,70,R23,B23,True,57.0,True,179579
40,70,R24,B24,True,52.0,True,175400
40,70,R25,B25,False,,False,174500
40,70,R26,B26,True,60.0,False,177350
40,70,R27,B27,True,54.0,True,174050
40,70,R28,B28,False,,False,177350
40,70,R29,B29,True,63.0,False,354500
40,70,R30,B30,True,57.0,True,177350
40,70,R31,B31,False,,False,176250
40,70,R32,B32,True,66.0,False,177250
40,70,R33,B33,True,68.0,False,175400
40,70,R34,B34,True,63.0,False,174050
40,70,R35,B35,True,63.0,False,177250
40,70,R36,B36,True,64.0,False,354700
40,70,R37,B37,False,,False,162250
40,70,R38,B38,True,64.0,False,177250
40,70,R39,B39,True,65.0,False,175400
40,70,R40,B40,True,68.0,False,177250
40,70,R41,B41,True,70.0,False,177350
40,70,R42,B42,False,,False,177250
60,90,R13,B13,False,,False,217831
60,90,R15,B15,False,,False,218650
60,90,R17,B17,False,,False,241009
60,90,R18,B18,False,,False,210296
60,90,R21,B21,False,,False,205054
60,90,R25,B25,False,,False,178485
60,90,R26,B26,True,60.0,True,194148
60,90,R28,B28,False,,False,182488
60,90,R29,B29,True,63.0,True,364886
60,90,R31,B31,False,,False,181924
60,90,R32,B32,True,60.0,True,182443
60,90,R33,B33,True,68.0,True,186348
60,90,R34,B34,True,63.0,True,179653
60,90,R35,B35,False,,False,182443
60,90,R36,B36,True,64.0,True,365098
60,90,R37,B37,False,,False,166450
60,90,R38,B38,True,73.0,True,182443
60,90,R39,B39,True,65.0,True,186075
60,90,R40,B40,True,77.0,True,182443
60,90,R41,B41,False,,False,182549
60,90,R42,B42,True,70.0,True,182443
60,90,R43,B43,True,74.0,True,177250
60,90,R44,B44,True,75.0,True,354700
60,90,R45,B45,True,72.0,True,354700
60,90,R46,B46,True,72.0,True,177350
60,90,R47,B47,True,73.0,True,174050
60,90,R48,B48,True,74.0,True,176300
60,90,R49,B49,True,83.0,False,176400
60,90,R50,B50,True,82.0,False,176100
60,90,R51,B51,True,82.0,False,175550
60,90,R52,B52,True,84.0,False,175500
60,90,R53,B53,True,84.0,False,174050
60,90,R54,B54,True,88.0,False,157500
60,90,R55,B55,True,85.0,False,157500
60,90,R56,B56,False,,False,177250
60,90,R57,B57,True,88.0,False,175500
60,90,R58,B58,True,90.0,False,178150
60,90,R59,B59,True,90.0,False,176800
60,90,R60,B60,True,90.0,False,175550
60,90,R61,B61,False,,False,157500
80,110,R25,B25,False,,False,206386
80,110,R28,B28,False,,False,218455
80,110,R31,B31,False,,False,210296
80,110,R35,B35,False,,False,208410
80,110,R37,B37,False,,False,179052
80,110,R41,B41,False,,False,187748
80,110,R49,B49,True,81.0,True,186218
80,110,R50,B50,True,82.0,True,196600
80,110,R51,B51,True,82.0,True,192660
80,110,R52,B52,True,91.0,True,181356
80,110,R53,B53,True,87.0,True,179579
80,110,R54,B54,True,90.0,True,161470
80,110,R55,B55,True,93.0,True,161470
80,110,R56,B56,True,86.0,True,182443
80,110,R57,B57,True,88.0,True,181356
80,110,R58,B58,True,94.0,True,187527
80,110,R59,B59,True,90.0,True,184155
80,110,R60,B60,True,90.0,True,192660
80,110,R61,B61,True,90.0,True,161470
80,110,R62,B62,True,91.0,True,178150
80,110,R63,B63,True,91.0,True,175500
80,110,R64,B64,True,91.0,True,174050
80,110,R65,B65,True,93.0,True,175800
80,110,R66,B66,True,94.0,True,177250
80,110,R67,B67,True,94.0,True,157500
80,110,R68,B68,True,97.0,True,175800
80,110,R69,B69,True,97.0,True,174050
80,110,R70,B70,True,98.0,True,175550
80,110,R71,B71,True,100.0,False,174500
80,110,R72,B72,True,100.0,False,173600
80,110,R73,B73,True,100.0,False,175550
80,110,R74,B74,True,101.0,False,178150
80,110,R75,B75,True,101.0,False,157500
80,110,R76,B76,True,102.0,False,157500
80,110,R77,B77,True,103.0,False,526650
80,110,R78,B78,True,104.0,False,175900
80,110,R79,B79,True,108.0,False,356300
80,110,R80,B80,True,108.0,False,175800
80,110,R81,B81,True,108.0,False,157500
80,110,R82,B82,True,109.0,False,175800
80,110,R83,B83,True,109.0,False,174050
80,110,R84,B84,True,109.0,False,175550
80,110,R85,B85,True,110.0,False,177250
100,130,R71,B71,False,,False,178485
100,130,R72,B72,True,100.0,True,179405
100,130,R73,B73,True,100.0,True,192660
100,130,R74,B74,True,101.0,True,187527
100,130,R75,B75,True,105.0,True,161470
100,130,R76,B76,True,102.0,True,161470
100,130,R77,B77,True,103.0,True,577980
100,130,R78,B78,True,104.0,True,180619
100,130,R79,B79,True,108.0,True,375055
100,130,R80,B80,True,112.0,True,199633
100,130,R81,B81,True,114.0,True,161470
100,130,R82,B82,True,109.0,True,199633
100,130,R83,B83,True,109.0,True,179653
100,130,R84,B84,True,114.0,True,192660
100,130,R85,B85,True,110.0,True,182322
100,130,R86,B86,True,111.0,True,176400
100,130,R87,B87,True,111.0,True,176700
100,130,R88,B88,True,111.0,True,175550
100,130,R89,B89,True,111.0,True,157500
100,130,R90,B90,True,113.0,True,175800
100,130,R91,B91,True,113.0,True,175550
100,130,R92,B92,True,120.0,False,174200
100,130,R93,B93,True,117.0,True,174200
100,130,R94,B94,True,118.0,True,172700
100,130,R95,B95,True,119.0,True,176700
100,130,R96,B96,True,119.0,True,172700
100,130,R97,B97,True,126.0,False,351600
100,130,R98,B98,True,126.0,False,175800
100,130,R99,B99,True,122.0,False,174200
100,130,R100,B100,True,122.0,False,345400
100,130,R101,B101,True,123.0,False,351600
100,130,R102,B102,True,123.0,False,174500
100,130,R103,B103,True,123.0,False,176700
100,130,R104,B104,True,124.0,False,176700
100,130,R105,B105,True,126.0,False,176700
100,130,R106,B106,True,125.0,False,175550
100,130,R107,B107,True,126.0,False,177250
100,130,R108,B108,True,127.0,False,174050
100,130,R109,B109,True,128.0,False,172700
100,130,R110,B110,True,129.0,False,178150
100,130,R111,B111,True,130.0,False,174050
100,130,R112,B112,True,129.0,False,176800
100,130,R113,B113,True,129.0,False,175550
120,150,R71,B71,False,,False,190443
120,150,R92,B92,True,120.0,True,195250
120,150,R97,B97,True,126.0,True,399266
120,150,R98,B98,True,127.0,True,199633
120,150,R99,B99,True,122.0,True,184725
120,150,R100,B100,True,122.0,True,353429
120,150,R101,B101,True,123.0,True,399266
120,150,R102,B102,False,,False,178485
120,150,R103,B103,True,123.0,True,183170
120,150,R104,B104,True,128.0,True,183170
120,150,R105,B105,True,125.0,True,183170
120,150,R106,B106,True,132.0,True,192660
120,150,R107,B107,True,126.0,True,182443
120,150,R108,B108,True,132.0,True,179653
120,150,R109,B109,True,128.0,True,176714
120,150,R110,B110,True,129.0,True,187527
120,150,R111,B111,True,129.0,True,179653
120,150,R112,B112,True,129.0,True,184155
120,150,R113,B113,True,129.0,True,192660
120,150,R114,B114,True,132.0,True,176300
120,150,R115,B115,True,134.0,True,177950
120,150,R116,B116,True,134.0,True,174500
120,150,R117,B117,True,135.0,True,177950
120,150,R118,B118,True,138.0,True,175800
120,150,R119,B119,True,143.0,False,177150
120,150,R120,B120,True,139.0,True,157500
120,150,R121,B121,True,144.0,False,178150
120,150,R122,B122,True,147.0,False,356500
120,150,R123,B123,True,140.0,False,175450
120,150,R124,B124,True,140.0,False,177150
120,150,R125,B125,True,144.0,False,172700
120,150,R126,B126,True,141.0,False,178150
120,150,R127,B127,True,141.0,False,178050
120,150,R128,B128,False,,False,175500
120,150,R129,B129,True,141.0,False,174150
120,150,R130,B130,True,147.0,False,176800
120,150,R131,B131,True,141.0,False,172700
120,150,R132,B132,True,144.0,False,177250
120,150,R133,B133,True,142.0,False,178050
120,150,R134,B134,True,149.0,False,176300
120,150,R135,B135,True,142.0,False,169300
120,150,R136,B136,True,145.0,False,175800
120,150,R137,B137,True,144.0,False,178250
120,150,R138,B138,True,149.0,False,174200
120,150,R139,B139,True,148.0,False,356100
120,150,R140,B140,True,144.0,False,174050
120,150,R141,B141,True,144.0,False,176800
120,150,R142,B142,True,144.0,False,176700
120,150,R143,B143,True,149.0,False,178150
120,150,R144,B144,True,145.0,False,356100
120,150,R145,B145,True,145.0,False,175800
120,150,R146,B146,True,145.0,False,175500
120,150,R147,B147,True,145.0,False,176700
120,150,R148,B148,True,145.0,False,175550
120,150,R149,B149,True,146.0,False,178150
120,150,R150,B150,True,146.0,False,178400
120,150,R151,B151,True,146.0,False,174200
120,150,R152,B152,True,146.0,False,534150
120,150,R153,B153,True,146.0,False,175800
120,150,R154,B154,True,146.0,False,176300
120,150,R155,B155,True,147.0,False,351600
120,150,R156,B156,True,148.0,False,178150
120,150,R157,B157,True,149.0,False,178400
120,150,R158,B158,True,148.0,False,178050
120,150,R159,B159,True,148.0,False,351600
120,150,R160,B160,True,148.0,False,169300
120,150,R161,B161,True,149.0,False,177950
120,150,R162,B162,True,150.0,False,175500
120,150,R163,B163,True,149.0,False,176800
120,150,R164,B164,True,150.0,False,178250
120,150,R165,B165,True,150.0,False,178250
120,150,R166,B166,True,150.0,False,175800
120,150,R167,B167,True,150.0,False,348100
120,150,R168,B168,True,150.0,False,174500
120,150,R169,B169,True,150.0,False,172700
140,170,R102,B102,False,,False,190443
140,170,R119,B119,True,143.0,True,182337
140,170,R121,B121,True,144.0,True,187527
140,170,R122,B122,True,147.0,True,381714
140,170,R123,B123,True,140.0,True,185622
140,170,R124,B124,True,140.0,True,182337
140,170,R125,B125,True,144.0,True,176714
140,170,R126,B126,True,141.0,True,187527
140,170,R127,B127,True,141.0,True,186516
140,170,R128,B128,True,147.0,True,181356
140,170,R129,B129,True,147.0,True,182736
140,170,R130,B130,True,147.0,True,184155
140,170,R131,B131,True,141.0,True,176714
140,170,R132,B132,True,142.0,True,182322
140,170,R133,B133,True,142.0,True,187221
140,170,R134,B134,True,149.0,True,181627
140,170,R135,B135,True,146.0,True,175695
140,170,R136,B136,True,150.0,True,199633
140,170,R137,B137,True,144.0,True,190857
140,170,R138,B138,True,147.0,True,184725
140,170,R139,B139,True,148.0,True,373032
140,170,R140,B140,True,147.0,True,179579
140,170,R141,B141,True,144.0,True,184155
140,170,R142,B142,True,148.0,True,183170
140,170,R143,B143,True,149.0,True,187527
140,170,R144,B144,True,145.0,True,373032
140,170,R145,B145,True,145.0,True,199633
140,170,R146,B146,True,151.0,True,181356
140,170,R147,B147,True,145.0,True,183170
140,170,R148,B148,True,145.0,True,192660
140,170,R149,B149,True,146.0,True,187527
140,170,R150,B150,True,151.0,True,188222
140,170,R151,B151,True,146.0,True,184725
140,170,R152,B152,True,146.0,True,559549
140,170,R153,B153,True,147.0,True,199633
140,170,R154,B154,True,146.0,True,181627
140,170,R155,B155,True,151.0,True,399266
140,170,R156,B156,True,148.0,True,187527
140,170,R157,B157,True,148.0,True,188222
140,170,R158,B158,True,148.0,True,186516
140,170,R159,B159,True,148.0,True,399266
140,170,R160,B160,True,149.0,True,175695
140,170,R161,B161,True,149.0,True,185531
140,170,R162,B162,True,154.0,True,181356
140,170,R163,B163,True,149.0,True,184155
140,170,R164,B164,True,157.0,True,188278
140,170,R165,B165,True,154.0,True,190857
140,170,R166,B166,True,150.0,True,199633
140,170,R167,B167,True,157.0,True,359159
140,170,R168,B168,True,150.0,True,178485
140,170,R169,B169,True,150.0,True,176714
140,170,R170,B170,True,151.0,True,356100
140,170,R171,B171,True,156.0,True,175800
140,170,R172,B172,True,151.0,True,175400
140,170,R173,B173,True,151.0,True,175500
140,170,R174,B174,True,151.0,True,175450
140,170,R175,B175,True,156.0,True,178250
140,170,R176,B176,True,156.0,True,176400
140,170,R177,B177,True,153.0,True,178250
140,170,R178,B178,True,153.0,True,174200
140,170,R179,B179,True,160.0,False,534150
140,170,R180,B180,True,153.0,True,176400
140,170,R181,B181,True,154.0,True,178250
140,170,R182,B182,True,154.0,True,178250
140,170,R183,B183,True,154.0,True,174050
140,170,R184,B184,True,161.0,False,353400
140,170,R185,B185,True,154.0,True,177150
140,170,R186,B186,True,159.0,True,175800
140,170,R187,B187,True,155.0,True,348100
140,170,R188,B188,True,155.0,True,176800
140,170,R189,B189,True,155.0,True,173599
140,170,R190,B190,True,155.0,True,176300
140,170,R191,B191,True,156.0,True,178050
140,170,R192,B192,True,156.0,True,175800
140,170,R193,B193,True,163.0,False,175500
140,170,R194,B194,True,163.0,False,174050
140,170,R195,B195,True,163.0,False,176800
140,170,R196,B196,True,156.0,True,175550
140,170,R197,B197,True,157.0,True,178050
140,170,R198,B198,True,158.0,True,176700
140,170,R199,B199,True,157.0,True,176400
140,170,R200,B200,True,157.0,True,157500
140,170,R201,B201,True,164.0,False,178400
140,170,R202,B202,True,158.0,True,175900
140,170,R203,B203,True,158.0,True,176300
140,170,R204,B204,True,158.0,True,353400
140,170,R205,B205,True,165.0,False,178250
140,170,R206,B206,True,159.0,True,178250
140,170,R207,B207,True,159.0,True,175800
140,170,R208,B208,True,164.0,False,178250
140,170,R209,B209,True,160.0,False,178050
140,170,R210,B210,True,164.0,False,175800
140,170,R211,B211,True,160.0,False,175500
140,170,R212,B212,True,160.0,False,174050
140,170,R213,B213,True,160.0,False,176800
140,170,R214,B214,True,165.0,False,176400
140,170,R215,B215,True,161.0,False,178400
140,170,R216,B216,True,161.0,False,178250
140,170,R217,B217,True,161.0,False,175800
140,170,R218,B218,True,161.0,False,176700
140,170,R219,B219,True,161.0,False,169300
140,170,R220,B220,True,162.0,False,178250
140,170,R221,B221,True,162.0,False,178050
140,170,R222,B222,True,163.0,False,176400
140,170,R223,B223,True,162.0,False,176300
140,170,R224,B224,True,162.0,False,176400
140,170,R225,B225,True,163.0,False,178250
140,170,R226,B226,True,165.0,False,178050
140,170,R227,B227,True,163.0,False,175500
140,170,R228,B228,True,163.0,False,176800
140,170,R229,B229,True,164.0,False,178400
140,170,R230,B230,True,164.0,False,177950
140,170,R231,B231,True,164.0,False,174150
140,170,R232,B232,True,164.0,False,174050
140,170,R233,B233,True,165.0,False,175800
140,170,R234,B234,True,165.0,False,176300
140,170,R235,B235,True,167.0,False,169300
140,170,R236,B236,True,170.0,False,178250
140,170,R237,B237,True,168.0,False,356100
140,170,R238,B238,True,170.0,False,175800
140,170,R239,B239,True,166.0,False,176800
140,170,R240,B240,True,166.0,False,176700
140,170,R241,B241,True,167.0,False,175900
140,170,R242,B242,True,167.0,False,534150
140,170,R243,B243,True,167.0,False,175800
140,170,R244,B244,True,167.0,False,174500
140,170,R245,B245,True,170.0,False,175900
140,170,R246,B246,True,169.0,False,175800
140,170,R247,B247,True,169.0,False,353400
140,170,R248,B248,True,170.0,False,178150
140,170,R249,B249,True,170.0,False,178250
140,170,R250,B250,True,170.0,False,351600
140,170,R251,B251,True,170.0,False,353400
160,190,R179,B179,True,160.0,True,584948
160,190,R184,B184,True,160.0,True,379280
160,190,R193,B193,False,,False,181356
160,190,R194,B194,False,,False,179579
160,190,R195,B195,True,163.0,True,191511
160,190,R201,B201,True,164.0,True,198044
160,190,R205,B205,True,165.0,True,188278
160,190,R208,B208,True,166.0,True,190857
160,190,R209,B209,True,165.0,True,186516
160,190,R210,B210,True,167.0,True,199633
160,190,R211,B211,True,167.0,True,181356
160,190,R212,B212,True,167.0,True,179579
160,190,R213,B213,True,160.0,True,184155
160,190,R214,B214,True,165.0,True,182400
160,190,R215,B215,True,161.0,True,188222
160,190,R216,B216,True,163.0,True,190857
160,190,R217,B217,True,167.0,True,199633
160,190,R218,B218,True,161.0,True,183170
160,190,R219,B219,True,166.0,True,175593
160,190,R220,B220,True,162.0,True,188278
160,190,R221,B221,True,162.0,True,186516
160,190,R222,B222,True,166.0,True,183722
160,190,R223,B223,True,170.0,True,181627
160,190,R224,B224,True,162.0,True,182400
160,190,R225,B225,True,163.0,True,190857
160,190,R226,B226,True,170.0,True,186516
160,190,R227,B227,True,170.0,True,181356
160,190,R228,B228,True,169.0,True,184155
160,190,R229,B229,True,167.0,True,188222
160,190,R230,B230,True,172.0,True,185802
160,190,R231,B231,True,167.0,True,182736
160,190,R232,B232,True,171.0,True,179579
160,190,R233,B233,True,170.0,True,199633
160,190,R234,B234,True,167.0,True,181562
160,190,R235,B235,True,166.0,True,175593
160,190,R236,B236,True,166.0,True,188278
160,190,R237,B237,True,170.0,True,373032
160,190,R238,B238,True,173.0,True,199633
160,190,R239,B239,True,166.0,True,184155
160,190,R240,B240,True,166.0,True,183170
160,190,R241,B241,True,172.0,True,180619
160,190,R242,B242,True,167.0,True,559549
160,190,R243,B243,True,174.0,True,199633
160,190,R244,B244,True,176.0,True,178485
160,190,R245,B245,True,169.0,True,180619
160,190,R246,B246,True,176.0,True,199633
160,190,R247,B247,True,175.0,True,366340
160,190,R248,B248,True,170.0,True,187527
160,190,R249,B249,True,170.0,True,190857
160,190,R250,B250,True,176.0,True,399266
160,190,R251,B251,True,170.0,True,366340
160,190,R252,B252,True,171.0,True,175900
160,190,R253,B253,True,171.0,True,175800
160,190,R254,B254,True,171.0,True,172700
160,190,R255,B255,True,177.0,True,177250
160,190,R256,B256,True,174.0,True,175900
160,190,R257,B257,True,176.0,True,175400
160,190,R258,B258,True,172.0,True,176400
160,190,R259,B259,True,180.0,False,356800
160,190,R260,B260,True,173.0,True,178250
160,190,R261,B261,True,173.0,True,174500
160,190,R262,B262,True,178.0,True,176800
160,190,R263,B263,True,174.0,True,178250
160,190,R264,B264,True,179.0,True,178250
160,190,R265,B265,True,174.0,True,177950
160,190,R266,B266,True,175.0,True,175800
160,190,R267,B267,True,182.0,False,176300
160,190,R268,B268,True,175.0,True,178150
160,190,R269,B269,True,180.0,False,356500
160,190,R270,B270,True,179.0,True,169300
160,190,R271,B271,True,185.0,False,157500
160,190,R272,B272,True,178.0,True,178150
160,190,R273,B273,True,177.0,True,178400
160,190,R274,B274,True,176.0,True,178250
160,190,R275,B275,True,182.0,False,534150
160,190,R276,B276,True,176.0,True,169300
160,190,R277,B277,True,177.0,True,356500
160,190,R278,B278,True,184.0,False,356100
160,190,R279,B279,True,177.0,True,174050
160,190,R280,B280,True,180.0,False,176700
160,190,R281,B281,True,178.0,True,172700
160,190,R282,B282,True,180.0,False,178250
160,190,R283,B283,True,179.0,True,178050
160,190,R284,B284,True,179.0,True,175500
160,190,R285,B285,True,179.0,True,174150
160,190,R286,B286,True,179.0,True,176300
160,190,R287,B287,True,187.0,False,174150
160,190,R288,B288,True,181.0,False,178400
160,190,R289,B289,True,181.0,False,355900
160,190,R290,B290,True,182.0,False,175800
160,190,R291,B291,True,182.0,False,176400
160,190,R292,B292,True,182.0,False,157500
160,190,R293,B293,True,183.0,False,178250
160,190,R294,B294,True,183.0,False,175900
160,190,R295,B295,True,183.0,False,703200
160,190,R296,B296,True,183.0,False,174050
160,190,R297,B297,True,184.0,False,178150
160,190,R298,B298,True,190.0,False,178250
160,190,R299,B299,True,186.0,False,174200
160,190,R300,B300,True,185.0,False,351600
160,190,R301,B301,True,184.0,False,175400
160,190,R302,B302,True,185.0,False,177150
160,190,R303,B303,True,187.0,False,176400
160,190,R304,B304,True,186.0,False,175500
160,190,R305,B305,True,187.0,False,178250
160,190,R306,B306,True,187.0,False,176400
160,190,R307,B307,True,188.0,False,178400
160,190,R308,B308,True,188.0,False,175900
160,190,R309,B309,True,188.0,False,175500
160,190,R310,B310,True,188.0,False,175550
160,190,R311,B311,True,189.0,False,178150
160,190,R312,B312,True,189.0,False,178050
160,190,R313,B313,True,189.0,False,175500
160,190,R314,B314,True,189.0,False,176400
160,190,R315,B315,True,190.0,False,178050
160,190,R316,B316,True,190.0,False,175800
180,210,R259,B259,True,180.0,True,415733
180,210,R267,B267,False,,False,181627
180,210,R269,B269,True,180.0,True,406928
180,210,R271,B271,False,,False,161470
180,210,R275,B275,True,180.0,True,584948
180,210,R278,B278,False,,False,373032
180,210,R280,B280,True,180.0,True,189640
180,210,R282,B282,True,180.0,True,190857
180,210,R287,B287,True,187.0,True,182736
180,210,R288,B288,True,186.0,True,188222
180,210,R289,B289,True,186.0,True,371890
180,210,R290,B290,False,,False,199633
180,210,R291,B291,True,182.0,True,182400
180,210,R292,B292,False,,False,161470
180,210,R293,B293,True,183.0,True,188278
180,210,R294,B294,True,183.0,True,180619
180,210,R295,B295,True,183.0,True,798533
180,210,R296,B296,True,187.0,True,179653
180,210,R297,B297,True,186.0,True,187527
180,210,R298,B298,True,184.0,True,190857
180,210,R299,B299,True,186.0,True,184725
180,210,R300,B300,True,187.0,True,399266
180,210,R301,B301,True,187.0,True,181773
180,210,R302,B302,True,185.0,True,182337
180,210,R303,B303,True,186.0,True,186218
180,210,R304,B304,True,190.0,True,181356
180,210,R305,B305,True,187.0,True,190857
180,210,R306,B306,True,187.0,True,182400
180,210,R307,B307,True,188.0,True,188222
180,210,R308,B308,True,188.0,True,180619
180,210,R309,B309,False,,False,181356
180,210,R310,B310,True,188.0,True,192660
180,210,R311,B311,True,189.0,True,187527
180,210,R312,B312,True,191.0,True,187221
180,210,R313,B313,True,195.0,True,181356
180,210,R314,B314,True,195.0,True,183722
180,210,R315,B315,True,190.0,True,186516
180,210,R316,B316,True,193.0,True,199633
180,210,R317,B317,True,198.0,True,356100
180,210,R318,B318,True,191.0,True,351600
180,210,R319,B319,True,191.0,True,176300
180,210,R320,B320,True,192.0,True,178250
180,210,R321,B321,True,194.0,True,175800
180,210,R322,B322,True,196.0,True,174150
180,210,R323,B323,True,192.0,True,176700
180,210,R324,B324,True,192.0,True,176400
180,210,R325,B325,True,197.0,True,177250
180,210,R326,B326,True,200.0,False,178050
180,210,R327,B327,True,193.0,True,175500
180,210,R328,B328,True,197.0,True,174050
180,210,R329,B329,True,193.0,True,177150
180,210,R330,B330,True,198.0,True,172700
180,210,R331,B331,True,194.0,True,178400
180,210,R332,B332,True,201.0,False,356500
180,210,R333,B333,True,196.0,True,351600
180,210,R334,B334,True,194.0,True,175500
180,210,R335,B335,True,195.0,True,178250
180,210,R336,B336,True,202.0,False,178250
180,210,R337,B337,True,195.0,True,175900
180,210,R338,B338,True,195.0,True,356100
180,210,R339,B339,True,195.0,True,176300
180,210,R340,B340,True,201.0,False,178150
180,210,R341,B341,True,199.0,True,176400
180,210,R342,B342,True,197.0,True,178050
180,210,R343,B343,True,197.0,True,174150
180,210,R344,B344,True,197.0,True,353400
180,210,R345,B345,True,198.0,True,178150
180,210,R346,B346,True,198.0,True,356500
180,210,R347,B347,True,198.0,True,176200
180,210,R348,B348,True,203.0,False,178150
180,210,R349,B349,True,199.0,True,178250
180,210,R350,B350,True,199.0,True,174200
180,210,R351,B351,True,202.0,False,178050
180,210,R352,B352,True,199.0,True,703200
180,210,R353,B353,True,199.0,True,174150
180,210,R354,B354,True,199.0,True,169300
180,210,R355,B355,True,200.0,False,178150
180,210,R356,B356,True,200.0,False,178250
180,210,R357,B357,True,200.0,False,175500
180,210,R358,B358,True,202.0,False,176400
180,210,R359,B359,True,208.0,False,178050
180,210,R360,B360,True,203.0,False,176700
180,210,R361,B361,False,,False,174500
180,210,R362,B362,True,207.0,False,175550
180,210,R363,B363,True,204.0,False,178150
180,210,R364,B364,True,204.0,False,356500
180,210,R365,B365,True,209.0,False,356300
180,210,R366,B366,True,205.0,False,178400
180,210,R367,B367,True,205.0,False,178250
180,210,R368,B368,True,205.0,False,178050
180,210,R369,B369,True,206.0,False,356300
180,210,R370,B370,True,206.0,False,176400
180,210,R371,B371,True,207.0,False,176700
180,210,R372,B372,True,208.0,False,175800
180,210,R373,B373,True,208.0,False,175550
180,210,R374,B374,True,208.0,False,177250
180,210,R375,B375,True,208.0,False,157500
180,210,R376,B376,True,209.0,False,178150
180,210,R377,B377,True,209.0,False,356500
180,210,R378,B378,True,209.0,False,175500
200,230,R271,B271,False,,False,181323
200,230,R292,B292,False,,False,173382
200,230,R309,B309,False,,False,210636
200,230,R326,B326,False,,False,194982
200,230,R332,B332,True,200.0,True,406928
200,230,R336,B336,True,202.0,True,203464
200,230,R340,B340,True,203.0,True,196905
200,230,R348,B348,True,200.0,True,196905
200,230,R351,B351,True,206.0,True,186516
200,230,R355,B355,True,206.0,True,187527
200,230,R356,B356,True,200.0,True,190857
200,230,R357,B357,True,207.0,True,181356
200,230,R358,B358,True,206.0,True,183722
200,230,R359,B359,True,208.0,True,184339
200,230,R360,B360,True,202.0,True,183170
200,230,R361,B361,False,,False,178485
200,230,R362,B362,True,211.0,True,192660
200,230,R363,B363,True,204.0,True,187527
200,230,R364,B364,True,211.0,True,381714
200,230,R365,B365,True,209.0,True,375055
200,230,R366,B366,True,210.0,True,188222
200,230,R367,B367,True,205.0,True,190857
200,230,R368,B368,True,205.0,True,184339
200,230,R369,B369,True,206.0,True,375055
200,230,R370,B370,True,206.0,True,186218
200,230,R371,B371,True,207.0,True,183170
200,230,R372,B372,True,215.0,True,199633
200,230,R373,B373,True,208.0,True,192660
200,230,R374,B374,True,208.0,True,182443
200,230,R375,B375,False,,False,161470
200,230,R376,B376,True,215.0,True,187527
200,230,R377,B377,True,212.0,True,381714
200,230,R378,B378,True,214.0,True,181356
200,230,R379,B379,True,211.0,True,356500
200,230,R380,B380,True,211.0,True,356300
200,230,R381,B381,True,211.0,True,176250
200,230,R382,B382,True,217.0,True,175500
200,230,R383,B383,True,211.0,True,176400
200,230,R384,B384,True,212.0,True,178150
200,230,R385,B385,True,218.0,True,178250
200,230,R386,B386,True,212.0,True,177950
200,230,R387,B387,True,212.0,True,175800
200,230,R388,B388,True,213.0,True,178150
200,230,R389,B389,True,215.0,True,176400
200,230,R390,B390,True,215.0,True,178250
200,230,R391,B391,True,214.0,True,175500
200,230,R392,B392,True,215.0,True,175400
200,230,R393,B393,True,216.0,True,356500
200,230,R394,B394,True,216.0,True,176250
200,230,R395,B395,True,216.0,True,176200
200,230,R396,B396,True,217.0,True,178250
200,230,R397,B397,True,217.0,True,178050
200,230,R398,B398,True,218.0,True,178250
200,230,R399,B399,True,218.0,True,175550
200,230,R400,B400,True,219.0,True,176400
200,230,R401,B401,True,219.0,True,176800
200,230,R402,B402,True,221.0,False,176700
200,230,R403,B403,True,228.0,False,175800
200,230,R404,B404,True,221.0,False,157500
200,230,R405,B405,True,224.0,False,178250
200,230,R406,B406,True,223.0,False,177350
200,230,R407,B407,True,225.0,False,178050
200,230,R408,B408,True,223.0,False,178350
200,230,R409,B409,True,230.0,False,177250
200,230,R410,B410,True,230.0,False,172700
200,230,R411,B411,True,229.0,False,356300
200,230,R412,B412,True,225.0,False,178250
200,230,R413,B413,True,225.0,False,176250
200,230,R414,B414,True,225.0,False,175800
200,230,R415,B415,True,225.0,False,176400
200,230,R416,B416,True,226.0,False,178150
200,230,R417,B417,True,228.0,False,356500
200,230,R418,B418,True,226.0,False,176700
200,230,R419,B419,True,226.0,False,175550
200,230,R420,B420,True,227.0,False,178150
200,230,R421,B421,True,227.0,False,178250
200,230,R422,B422,True,227.0,False,178050
200,230,R423,B423,True,227.0,False,353600
200,230,R424,B424,True,227.0,False,172700
200,230,R425,B425,True,228.0,False,178250
200,230,R426,B426,True,228.0,False,175900
200,230,R427,B427,True,228.0,False,172700
200,230,R428,B428,True,228.0,False,176400
200,230,R429,B429,True,230.0,False,178050
200,230,R430,B430,True,230.0,False,178250
220,250,R361,B361,False,,False,190443
220,250,R375,B375,False,,False,165441
220,250,R402,B402,True,221.0,True,183170
220,250,R403,B403,True,228.0,True,199633
220,250,R404,B404,False,,False,161470
220,250,R405,B405,True,226.0,True,188278
220,250,R406,B406,True,224.0,True,182488
220,250,R407,B407,True,225.0,True,186516
220,250,R408,B408,True,223.0,True,195340
220,250,R409,B409,True,224.0,True,182322
220,250,R410,B410,True,230.0,True,176714
220,250,R411,B411,True,230.0,True,375055
220,250,R412,B412,True,231.0,True,190857
220,250,R413,B413,True,232.0,True,185051
220,250,R414,B414,True,225.0,True,199633
220,250,R415,B415,True,231.0,True,182400
220,250,R416,B416,True,226.0,True,187527
220,250,R417,B417,True,233.0,True,381714
220,250,R418,B418,True,232.0,True,183170
220,250,R419,B419,True,227.0,True,192660
220,250,R420,B420,True,227.0,True,187527
220,250,R421,B421,True,227.0,True,190857
220,250,R422,B422,True,232.0,True,184339
220,250,R423,B423,True,227.0,True,368311
220,250,R424,B424,True,227.0,True,176714
220,250,R425,B425,True,228.0,True,190857
220,250,R426,B426,True,233.0,True,180619
220,250,R427,B427,True,235.0,True,176714
220,250,R428,B428,True,228.0,True,182400
220,250,R429,B429,True,229.0,True,184339
220,250,R430,B430,True,230.0,True,190857
220,250,R431,B431,True,231.0,True,534450
220,250,R432,B432,True,237.0,True,178050
220,250,R433,B433,True,232.0,True,174050
220,250,R434,B434,True,236.0,True,178150
220,250,R435,B435,True,232.0,True,172700
220,250,R436,B436,True,233.0,True,175550
220,250,R437,B437,True,234.0,True,178150
220,250,R438,B438,True,234.0,True,356500
220,250,R439,B439,True,234.0,True,178050
220,250,R440,B440,True,235.0,True,175399
220,250,R441,B441,True,243.0,False,157500
220,250,R442,B442,True,240.0,False,178250
220,250,R443,B443,True,239.0,True,178150
220,250,R444,B444,True,243.0,False,178150
220,250,R445,B445,True,246.0,False,178250
220,250,R446,B446,True,246.0,False,175500
220,250,R447,B447,True,240.0,False,157500
220,250,R448,B448,True,245.0,False,176400
220,250,R449,B449,True,242.0,False,177150
220,250,R450,B450,True,249.0,False,157500
220,250,R451,B451,True,243.0,False,178250
220,250,R452,B452,True,248.0,False,178050
220,250,R453,B453,True,243.0,False,177150
220,250,R454,B454,True,247.0,False,178250
220,250,R455,B455,True,244.0,False,178400
220,250,R456,B456,True,244.0,False,178250
220,250,R457,B457,True,244.0,False,175550
220,250,R458,B458,True,245.0,False,178050
220,250,R459,B459,True,245.0,False,176400
220,250,R460,B460,True,245.0,False,174050
220,250,R461,B461,False,,False,178050
220,250,R462,B462,True,246.0,False,175800
220,250,R463,B463,True,246.0,False,157500
220,250,R464,B464,True,247.0,False,178150
220,250,R465,B465,True,247.0,False,175500
220,250,R466,B466,True,248.0,False,176800
220,250,R467,B467,True,248.0,False,178250
220,250,R468,B468,True,248.0,False,176800
220,250,R469,B469,True,249.0,False,174050
220,250,R470,B470,True,249.0,False,174500
220,250,R471,B471,True,250.0,False,178250
220,250,R472,B472,True,250.0,False,178150
220,250,R473,B473,True,250.0,False,175400
240,270,R404,B404,False,,False,173382
240,270,R441,B441,False,,False,161470
240,270,R442,B442,True,243.0,True,203464
240,270,R444,B444,True,243.0,True,196905
240,270,R445,B445,True,240.0,True,190857
240,270,R446,B446,False,,False,181356
240,270,R447,B447,False,,False,161470
240,270,R448,B448,True,245.0,True,182400
240,270,R449,B449,True,246.0,True,182337
240,270,R450,B450,False,,False,161470
240,270,R451,B451,True,246.0,True,190857
240,270,R452,B452,True,249.0,True,186516
240,270,R453,B453,True,243.0,True,182337
240,270,R454,B454,True,244.0,True,188278
240,270,R455,B455,True,244.0,True,188222
240,270,R456,B456,True,246.0,True,190857
240,270,R457,B457,True,251.0,True,192660
240,270,R458,B458,True,246.0,True,186516
240,270,R459,B459,True,246.0,True,186218
240,270,R460,B460,True,252.0,True,179653
240,270,R461,B461,True,246.0,True,186516
240,270,R462,B462,True,247.0,True,199633
240,270,R463,B463,True,252.0,True,161470
240,270,R464,B464,True,253.0,True,187527
240,270,R465,B465,True,247.0,True,182625
240,270,R466,B466,True,248.0,True,184282
240,270,R467,B467,True,249.0,True,190857
240,270,R468,B468,True,248.0,True,184155
240,270,R469,B469,True,249.0,True,179653
240,270,R470,B470,True,249.0,True,178485
240,270,R471,B471,True,250.0,True,188278
240,270,R472,B472,True,250.0,True,187527
240,270,R473,B473,True,250.0,True,181773
240,270,R474,B474,True,251.0,True,178250
240,270,R475,B475,True,251.0,True,175800
240,270,R476,B476,True,252.0,True,177450
240,270,R477,B477,True,259.0,True,175800
240,270,R478,B478,True,258.0,True,178150
240,270,R479,B479,True,257.0,True,178250
240,270,R480,B480,True,253.0,True,178050
240,270,R481,B481,True,254.0,True,175550
240,270,R482,B482,True,254.0,True,178250
240,270,R483,B483,True,255.0,True,178150
240,270,R484,B484,True,255.0,True,178050
240,270,R485,B485,True,260.0,False,176400
240,270,R486,B486,True,256.0,True,534750
240,270,R487,B487,True,261.0,False,178150
240,270,R488,B488,True,257.0,True,178250
240,270,R489,B489,True,257.0,True,176400
240,270,R490,B490,True,264.0,False,175800
240,270,R491,B491,True,258.0,True,178150
240,270,R492,B492,True,258.0,True,176300
240,270,R493,B493,True,264.0,False,178250
240,270,R494,B494,True,259.0,True,713000
240,270,R495,B495,True,262.0,False,175900
240,270,R496,B496,True,260.0,False,178250
240,270,R497,B497,True,260.0,False,176800
240,270,R498,B498,True,267.0,False,177150
240,270,R499,B499,True,261.0,False,178250
240,270,R500,B500,True,261.0,False,177950
240,270,R501,B501,True,268.0,False,178400
240,270,R502,B502,True,267.0,False,178050
240,270,R503,B503,True,261.0,False,176100
240,270,R504,B504,True,266.0,False,175500
240,270,R505,B505,True,270.0,False,178050
240,270,R506,B506,True,262.0,False,177450
240,270,R507,B507,True,262.0,False,176400
240,270,R508,B508,True,262.0,False,177350
240,270,R509,B509,True,263.0,False,178150
240,270,R510,B510,True,267.0,False,175800
240,270,R511,B511,True,263.0,False,175500
240,270,R512,B512,True,270.0,False,171000
240,270,R513,B513,True,263.0,False,173599
240,270,R514,B514,True,264.0,False,175500
240,270,R515,B515,True,264.0,False,178050
240,270,R516,B516,True,264.0,False,177150
240,270,R517,B517,True,264.0,False,177150
240,270,R518,B518,True,265.0,False,177350
240,270,R519,B519,True,267.0,False,177950
240,270,R520,B520,True,265.0,False,178250
240,270,R521,B521,True,265.0,False,175400
240,270,R522,B522,True,265.0,False,176800
240,270,R523,B523,True,265.0,False,176700
240,270,R524,B524,True,269.0,False,177250
240,270,R525,B525,True,267.0,False,176800
240,270,R526,B526,True,270.0,False,176300
240,270,R527,B527,True,266.0,False,177250
240,270,R528,B528,True,266.0,False,177250
240,270,R529,B529,True,267.0,False,175400
240,270,R530,B530,True,267.0,False,178050
240,270,R531,B531,True,267.0,False,175500
240,270,R532,B532,True,267.0,False,174500
240,270,R533,B533,True,267.0,False,173650
240,270,R534,B534,True,268.0,False,177350
240,270,R535,B535,True,268.0,False,178050
240,270,R536,B536,True,268.0,False,177950
240,270,R537,B537,True,268.0,False,175800
240,270,R538,B538,True,270.0,False,175500
240,270,R539,B539,True,268.0,False,176700
240,270,R540,B540,True,268.0,False,176400
240,270,R541,B541,True,268.0,False,174450
240,270,R542,B542,True,269.0,False,177250
240,270,R543,B543,True,270.0,False,177950
240,270,R544,B544,True,269.0,False,178050
240,270,R545,B545,True,269.0,False,175500
240,270,R546,B546,True,269.0,False,174050
240,270,R547,B547,True,269.0,False,176700
240,270,R548,B548,True,269.0,False,177350
240,270,R549,B549,True,270.0,False,175400
240,270,R550,B550,True,270.0,False,177950
240,270,R551,B551,True,270.0,False,175800
240,270,R552,B552,True,270.0,False,178400
240,270,R553,B553,True,270.0,False,178250
240,270,R554,B554,True,270.0,False,178050
240,270,R555,B555,True,270.0,False,178250
240,270,R556,B556,True,270.0,False,176250
240,270,R557,B557,True,270.0,False,176300
240,270,R558,B558,True,270.0,False,162250
240,270,R559,B559,True,270.0,False,177250
260,290,R441,B441,False,,False,189264
260,290,R447,B447,False,,False,181323
260,290,R450,B450,False,,False,173382
260,290,R485,B485,False,,False,186218
260,290,R487,B487,False,,False,196905
260,290,R490,B490,True,264.0,True,223466
260,290,R493,B493,True,266.0,True,188278
260,290,R495,B495,True,266.0,True,180619
260,290,R496,B496,True,260.0,True,187638
260,290,R497,B497,True,260.0,True,184155
260,290,R498,B498,True,267.0,True,182337
260,290,R499,B499,True,267.0,True,188278
260,290,R500,B500,True,266.0,True,185531
260,290,R501,B501,True,261.0,True,188222
260,290,R502,B502,True,261.0,True,184339
260,290,R503,B503,True,266.0,True,195668
260,290,R504,B504,True,267.0,True,181356
260,290,R505,B505,True,270.0,True,187221
260,290,R506,B506,True,262.0,True,184618
260,290,R507,B507,True,266.0,True,186218
260,290,R508,B508,False,,False,185749
260,290,R509,B509,True,265.0,True,187527
260,290,R510,B510,True,266.0,True,181758
260,290,R511,B511,True,267.0,True,181356
260,290,R512,B512,True,270.0,True,176192
260,290,R513,B513,True,263.0,True,179486
260,290,R514,B514,True,264.0,True,182625
260,290,R515,B515,True,265.0,True,184339
260,290,R516,B516,True,266.0,True,182337
260,290,R517,B517,True,264.0,True,182337
260,290,R518,B518,False,,False,185749
260,290,R519,B519,True,273.0,True,185531
260,290,R520,B520,True,265.0,True,187638
260,290,R521,B521,True,267.0,True,181773
260,290,R522,B522,True,265.0,True,184155
260,290,R523,B523,True,271.0,True,183170
260,290,R524,B524,True,265.0,True,182570
260,290,R525,B525,True,267.0,True,184282
260,290,R526,B526,True,267.0,True,181627
260,290,R527,B527,True,268.0,True,182635
260,290,R528,B528,True,275.0,True,182443
260,290,R529,B529,True,267.0,True,186075
260,290,R530,B530,True,267.0,True,187221
260,290,R531,B531,True,271.0,True,181356
260,290,R532,B532,True,267.0,True,178485
260,290,R533,B533,True,267.0,True,178750
260,290,R534,B534,True,272.0,True,185749
260,290,R535,B535,True,273.0,True,184339
260,290,R536,B536,True,268.0,True,185802
260,290,R537,B537,True,268.0,True,199633
260,290,R538,B538,True,268.0,True,181356
260,290,R539,B539,True,268.0,True,183170
260,290,R540,B540,True,268.0,True,182160
260,290,R541,B541,True,272.0,True,179794
260,290,R542,B542,True,272.0,True,182443
260,290,R543,B543,True,269.0,True,185531
260,290,R544,B544,True,274.0,True,187221
260,290,R545,B545,True,273.0,True,182625
260,290,R546,B546,True,269.0,True,179653
260,290,R547,B547,True,274.0,True,183170
260,290,R548,B548,True,275.0,True,185749
260,290,R549,B549,True,270.0,True,186348
260,290,R550,B550,True,270.0,True,185403
260,290,R551,B551,True,270.0,True,181758
260,290,R552,B552,True,274.0,True,188222
260,290,R553,B553,True,270.0,True,190857
260,290,R554,B554,True,270.0,True,184339
260,290,R555,B555,True,275.0,True,187638
260,290,R556,B556,True,270.0,True,185051
260,290,R557,B557,True,270.0,True,183870
260,290,R558,B558,True,275.0,True,166450
260,290,R559,B559,True,272.0,True,182443
260,290,R560,B560,True,271.0,True,178250
260,290,R561,B561,True,276.0,True,175800
260,290,R562,B562,True,271.0,True,178400
260,290,R563,B563,True,271.0,True,178050
260,290,R564,B564,True,277.0,True,176250
260,290,R565,B565,True,273.0,True,177350
260,290,R566,B566,True,271.0,True,176100
260,290,R567,B567,True,271.0,True,176700
260,290,R568,B568,True,271.0,True,176200
260,290,R569,B569,True,272.0,True,177350
260,290,R570,B570,True,272.0,True,178400
260,290,R571,B571,True,276.0,True,175500
260,290,R572,B572,True,276.0,True,356100
260,290,R573,B573,True,272.0,True,178250
260,290,R574,B574,True,272.0,True,173650
260,290,R575,B575,True,277.0,True,175400
260,290,R576,B576,True,273.0,True,175800
260,290,R577,B577,True,273.0,True,356100
260,290,R578,B578,True,273.0,True,176250
260,290,R579,B579,True,274.0,True,352200
260,290,R580,B580,True,273.0,True,175800
260,290,R581,B581,True,273.0,True,175500
260,290,R582,B582,True,276.0,True,176800
260,290,R583,B583,True,278.0,True,178400
260,290,R584,B584,True,274.0,True,176250
260,290,R585,B585,True,274.0,True,174050
260,290,R586,B586,True,279.0,True,176700
260,290,R587,B587,True,274.0,True,176400
260,290,R588,B588,True,280.0,False,178050
260,290,R589,B589,True,276.0,True,352500
260,290,R590,B590,True,275.0,True,176300
260,290,R591,B591,True,276.0,True,178250
260,290,R592,B592,True,280.0,False,178250
260,290,R593,B593,True,279.0,True,176250
260,290,R594,B594,True,280.0,False,175500
260,290,R595,B595,True,276.0,True,176400
260,290,R596,B596,True,276.0,True,172700
260,290,R597,B597,True,284.0,False,177950
260,290,R598,B598,True,277.0,True,178400
260,290,R599,B599,True,277.0,True,178250
260,290,R600,B600,True,277.0,True,178050
260,290,R601,B601,True,277.0,True,178250
260,290,R602,B602,True,277.0,True,176100
260,290,R603,B603,True,277.0,True,178050
260,290,R604,B604,True,278.0,True,178250
260,290,R605,B605,True,278.0,True,177350
260,290,R606,B606,True,281.0,False,176100
260,290,R607,B607,True,278.0,True,174050
260,290,R608,B608,True,278.0,True,176700
260,290,R609,B609,True,280.0,False,178050
260,290,R610,B610,True,287.0,False,176300
260,290,R611,B611,True,283.0,False,167450
260,290,R612,B612,True,279.0,True,177250
260,290,R613,B613,True,285.0,False,178150
260,290,R614,B614,True,280.0,False,177950
260,290,R615,B615,True,280.0,False,178400
260,290,R616,B616,True,286.0,False,178250
260,290,R617,B617,True,284.0,False,178050
260,290,R618,B618,True,281.0,False,177950
260,290,R619,B619,True,286.0,False,175900
260,290,R620,B620,True,281.0,False,178050
260,290,R621,B621,True,281.0,False,176250
260,290,R622,B622,True,283.0,False,356100
260,290,R623,B623,True,281.0,False,176400
260,290,R624,B624,True,282.0,False,178150
260,290,R625,B625,True,284.0,False,175800
260,290,R626,B626,True,283.0,False,178250
260,290,R627,B627,True,282.0,False,178050
260,290,R628,B628,True,282.0,False,177350
260,290,R629,B629,True,289.0,False,176400
260,290,R630,B630,True,286.0,False,175800
260,290,R631,B631,True,283.0,False,177950
260,290,R632,B632,True,283.0,False,175900
260,290,R633,B633,True,283.0,False,174850
260,290,R634,B634,True,283.0,False,174050
260,290,R635,B635,True,288.0,False,175400
260,290,R636,B636,True,288.0,False,175900
260,290,R637,B637,True,288.0,False,178050
260,290,R638,B638,True,284.0,False,176250
260,290,R639,B639,True,290.0,False,176100
260,290,R640,B640,True,284.0,False,174050
260,290,R641,B641,True,284.0,False,176800
260,290,R642,B642,True,284.0,False,176300
260,290,R643,B643,True,284.0,False,162250
260,290,R644,B644,True,285.0,False,175400
260,290,R645,B645,True,285.0,False,178400
260,290,R646,B646,True,285.0,False,178050
260,290,R647,B647,True,285.0,False,178050
260,290,R648,B648,True,285.0,False,354700
260,290,R649,B649,True,285.0,False,530100
260,290,R650,B650,True,286.0,False,178250
260,290,R651,B651,True,286.0,False,177350
260,290,R652,B652,True,287.0,False,177950
260,290,R653,B653,True,286.0,False,178050
260,290,R654,B654,True,286.0,False,176400
260,290,R655,B655,True,286.0,False,167450
260,290,R656,B656,True,287.0,False,178250
260,290,R657,B657,True,287.0,False,352500
260,290,R658,B658,True,287.0,False,174050
260,290,R659,B659,True,287.0,False,176400
260,290,R660,B660,True,287.0,False,177250
260,290,R661,B661,True,290.0,False,178050
260,290,R662,B662,True,290.0,False,178050
260,290,R663,B663,True,288.0,False,174850
260,290,R664,B664,True,289.0,False,356100
260,290,R665,B665,True,289.0,False,175400
260,290,R666,B666,True,290.0,False,354500
260,290,R667,B667,True,290.0,False,176250
260,290,R668,B668,True,290.0,False,178050
260,290,R669,B669,True,290.0,False,175500
260,290,R670,B670,True,290.0,False,348100
260,290,R671,B671,True,290.0,False,174500
260,290,R672,B672,True,290.0,False,177250
280,310,R508,B508,False,,False,244542
280,310,R518,B518,False,,False,227744
280,310,R588,B588,False,,False,196393
280,310,R592,B592,True,282.0,True,197026
280,310,R594,B594,False,,False,181356
280,310,R597,B597,True,284.0,True,185531
280,310,R606,B606,True,286.0,True,196600
280,310,R609,B609,True,280.0,True,186516
280,310,R610,B610,False,,False,181562
280,310,R611,B611,True,283.0,True,173798
280,310,R613,B613,True,285.0,True,196905
280,310,R614,B614,True,286.0,True,185403
280,310,R615,B615,True,283.0,True,188222
280,310,R616,B616,True,286.0,True,190857
280,310,R617,B617,True,287.0,True,184339
280,310,R618,B618,True,289.0,True,185531
280,310,R619,B619,True,286.0,True,180619
280,310,R620,B620,True,288.0,True,184339
280,310,R621,B621,True,287.0,True,185051
280,310,R622,B622,True,283.0,True,373032
280,310,R623,B623,True,286.0,True,186218
280,310,R624,B624,True,282.0,True,187527
280,310,R625,B625,True,286.0,True,181758
280,310,R626,B626,True,283.0,True,190857
280,310,R627,B627,True,290.0,True,187221
280,310,R628,B628,True,282.0,True,182549
280,310,R629,B629,True,289.0,True,186218
280,310,R630,B630,True,282.0,True,199633
280,310,R631,B631,True,286.0,True,185531
280,310,R632,B632,True,286.0,True,180619
280,310,R633,B633,True,288.0,True,181182
280,310,R634,B634,True,292.0,True,179653
280,310,R635,B635,True,293.0,True,186348
280,310,R636,B636,True,291.0,True,180619
280,310,R637,B637,True,290.0,True,184339
280,310,R638,B638,True,284.0,True,185051
280,310,R639,B639,True,290.0,True,196600
280,310,R640,B640,True,287.0,True,179579
280,310,R641,B641,True,284.0,True,184155
280,310,R642,B642,True,291.0,True,181627
280,310,R643,B643,False,,False,166450
280,310,R644,B644,True,285.0,True,186075
280,310,R645,B645,True,286.0,True,188222
280,310,R646,B646,True,286.0,True,187221
280,310,R647,B647,True,285.0,True,184339
280,310,R648,B648,True,289.0,True,364976
280,310,R649,B649,True,285.0,True,549510
280,310,R650,B650,True,286.0,True,188278
280,310,R651,B651,True,286.0,True,182549
280,310,R652,B652,True,287.0,True,185802
280,310,R653,B653,True,286.0,True,186516
280,310,R654,B654,True,286.0,True,186218
280,310,R655,B655,True,286.0,True,173798
280,310,R656,B656,True,287.0,True,187638
280,310,R657,B657,True,287.0,True,370102
280,310,R658,B658,True,296.0,True,179653
280,310,R659,B659,True,295.0,True,183722
280,310,R660,B660,True,296.0,True,182443
280,310,R661,B661,True,294.0,True,187221
280,310,R662,B662,True,294.0,True,184339
280,310,R663,B663,True,288.0,True,181278
280,310,R664,B664,True,297.0,True,374443
280,310,R665,B665,True,289.0,True,181773
280,310,R666,B666,True,299.0,True,364886
280,310,R667,B667,True,296.0,True,185051
280,310,R668,B668,True,290.0,True,186516
280,310,R669,B669,True,295.0,True,181356
280,310,R670,B670,True,290.0,True,359159
280,310,R671,B671,True,290.0,True,178485
280,310,R672,B672,True,293.0,True,182443
280,310,R673,B673,True,297.0,True,178400
280,310,R674,B674,True,291.0,True,178050
280,310,R675,B675,True,298.0,True,176100
280,310,R676,B676,True,297.0,True,177250
280,310,R677,B677,True,292.0,True,178250
280,310,R678,B678,True,292.0,True,175400
280,310,R679,B679,True,292.0,True,176400
280,310,R680,B680,True,297.0,True,177250
280,310,R681,B681,True,293.0,True,175400
280,310,R682,B682,True,293.0,True,178050
280,310,R683,B683,True,293.0,True,354700
280,310,R684,B684,True,293.0,True,176700
280,310,R685,B685,True,293.0,True,173650
280,310,R686,B686,True,294.0,True,177250
280,310,R687,B687,True,294.0,True,177250
280,310,R688,B688,True,294.0,True,178400
280,310,R689,B689,True,299.0,True,178050
280,310,R690,B690,True,294.0,True,178050
280,310,R691,B691,True,300.0,False,176800
280,310,R692,B692,True,294.0,True,176300
280,310,R693,B693,True,299.0,True,177950
280,310,R694,B694,True,295.0,True,178250
280,310,R695,B695,True,295.0,True,176100
280,310,R696,B696,True,300.0,False,177150
280,310,R697,B697,True,298.0,True,174050
280,310,R698,B698,True,296.0,True,176700
280,310,R699,B699,True,300.0,False,177150
280,310,R700,B700,True,296.0,True,177250
280,310,R701,B701,True,296.0,True,178250
280,310,R702,B702,True,296.0,True,178150
280,310,R703,B703,True,297.0,True,175900
280,310,R704,B704,True,296.0,True,178050
280,310,R705,B705,True,301.0,False,177950
280,310,R706,B706,True,296.0,True,176300
280,310,R707,B707,True,296.0,True,176400
280,310,R708,B708,True,297.0,True,173350
280,310,R709,B709,True,303.0,False,176100
280,310,R710,B710,True,297.0,True,352800
280,310,R711,B711,True,297.0,True,348100
280,310,R712,B712,True,297.0,True,176800
280,310,R713,B713,True,297.0,True,175450
280,310,R714,B714,True,297.0,True,177150
280,310,R715,B715,True,299.0,True,175800
280,310,R716,B716,True,298.0,True,177950
280,310,R717,B717,True,299.0,True,177250
280,310,R718,B718,True,299.0,True,356500
280,310,R719,B719,True,305.0,False,176800
280,310,R720,B720,True,300.0,False,176250
280,310,R721,B721,True,300.0,False,176100
280,310,R722,B722,True,300.0,False,167450
280,310,R723,B723,True,307.0,False,174450
280,310,R724,B724,True,301.0,False,356100
280,310,R725,B725,True,301.0,False,356100
280,310,R726,B726,True,301.0,False,178250
280,310,R727,B727,True,308.0,False,176300
280,310,R728,B728,True,310.0,False,177250
280,310,R729,B729,True,302.0,False,176800
280,310,R730,B730,True,302.0,False,177250
280,310,R731,B731,True,310.0,False,176100
280,310,R732,B732,True,302.0,False,176800
280,310,R733,B733,True,309.0,False,175450
280,310,R734,B734,True,306.0,False,177150
280,310,R735,B735,True,303.0,False,177950
280,310,R736,B736,True,303.0,False,178050
280,310,R737,B737,True,307.0,False,178050
280,310,R738,B738,True,303.0,False,177150
280,310,R739,B739,True,303.0,False,177150
280,310,R740,B740,True,309.0,False,177250
280,310,R741,B741,True,303.0,False,177350
280,310,R742,B742,True,304.0,False,178150
280,310,R743,B743,True,304.0,False,178250
280,310,R744,B744,True,304.0,False,178050
280,310,R745,B745,True,310.0,False,175800
280,310,R746,B746,True,304.0,False,175400
280,310,R747,B747,True,304.0,False,174050
280,310,R748,B748,True,306.0,False,174500
280,310,R749,B749,True,304.0,False,176800
280,310,R750,B750,True,310.0,False,175450
280,310,R751,B751,True,304.0,False,167450
280,310,R752,B752,True,306.0,False,177250
280,310,R753,B753,True,310.0,False,178050
280,310,R754,B754,True,305.0,False,177350
280,310,R755,B755,True,305.0,False,177950
280,310,R756,B756,True,309.0,False,176400
280,310,R757,B757,True,306.0,False,175900
280,310,R758,B758,True,310.0,False,178050
280,310,R759,B759,True,308.0,False,178050
280,310,R760,B760,True,306.0,False,176300
280,310,R761,B761,True,306.0,False,177150
280,310,R762,B762,True,307.0,False,178250
280,310,R763,B763,True,307.0,False,178050
280,310,R764,B764,True,307.0,False,178050
280,310,R765,B765,True,307.0,False,178250
280,310,R766,B766,True,307.0,False,528750
280,310,R767,B767,True,307.0,False,176100
280,310,R768,B768,True,308.0,False,175800
280,310,R769,B769,True,307.0,False,176700
280,310,R770,B770,True,308.0,False,178150
280,310,R771,B771,True,308.0,False,178050
280,310,R772,B772,True,309.0,False,175900
280,310,R773,B773,True,308.0,False,178050
280,310,R774,B774,True,308.0,False,176250
280,310,R775,B775,True,308.0,False,175400
280,310,R776,B776,True,310.0,False,178250
280,310,R777,B777,True,309.0,False,176300
280,310,R778,B778,True,309.0,False,177350
280,310,R779,B779,True,309.0,False,176300
280,310,R780,B780,True,310.0,False,175400
280,310,R781,B781,True,310.0,False,177950
280,310,R782,B782,True,310.0,False,178050
280,310,R783,B783,True,310.0,False,177450
280,310,R784,B784,True,310.0,False,174050
300,330,R610,B610,False,,False,218397
300,330,R643,B643,False,,False,179052
300,330,R691,B691,True,300.0,True,191511
300,330,R696,B696,False,,False,182337
300,330,R699,B699,True,300.0,True,182337
300,330,R705,B705,True,300.0,True,193655
300,330,R709,B709,True,303.0,True,215236
300,330,R719,B719,True,305.0,True,184155
300,330,R720,B720,True,300.0,True,185051
300,330,R721,B721,True,300.0,True,196600
300,330,R722,B722,True,302.0,True,173798
300,330,R723,B723,False,,False,179794
300,330,R724,B724,True,308.0,True,374443
300,330,R725,B725,True,306.0,True,368678
300,330,R726,B726,True,301.0,True,187638
300,330,R727,B727,False,,False,181562
300,330,R728,B728,True,301.0,True,182443
300,330,R729,B729,True,305.0,True,184282
300,330,R730,B730,True,302.0,True,182322
300,330,R731,B731,True,310.0,True,196600
300,330,R732,B732,True,302.0,True,184155
300,330,R733,B733,True,308.0,True,185622
300,330,R734,B734,True,307.0,True,182337
300,330,R735,B735,True,303.0,True,185531
300,330,R736,B736,True,303.0,True,184339
300,330,R737,B737,True,303.0,True,186516
300,330,R738,B738,True,308.0,True,182337
300,330,R739,B739,True,303.0,True,182337
300,330,R740,B740,True,306.0,True,182570
300,330,R741,B741,True,304.0,True,185749
300,330,R742,B742,True,304.0,True,187527
300,330,R743,B743,True,311.0,True,190857
300,330,R744,B744,True,311.0,True,186516
300,330,R745,B745,True,310.0,True,199633
300,330,R746,B746,True,311.0,True,181773
300,330,R747,B747,True,307.0,True,179579
300,330,R748,B748,True,307.0,True,178485
300,330,R749,B749,True,304.0,True,184155
300,330,R750,B750,True,306.0,True,185622
300,330,R751,B751,True,307.0,True,173798
300,330,R752,B752,True,309.0,True,182635
300,330,R753,B753,True,305.0,True,187221
300,330,R754,B754,True,308.0,True,182488
300,330,R755,B755,True,305.0,True,185945
300,330,R756,B756,True,312.0,True,183722
300,330,R757,B757,True,311.0,True,180619
300,330,R758,B758,True,312.0,True,184339
300,330,R759,B759,True,313.0,True,186516
300,330,R760,B760,True,309.0,True,181627
300,330,R761,B761,True,306.0,True,182337
300,330,R762,B762,True,312.0,True,188278
300,330,R763,B763,True,314.0,True,187221
300,330,R764,B764,True,311.0,True,184339
300,330,R765,B765,True,307.0,True,187638
300,330,R766,B766,True,307.0,True,555153
300,330,R767,B767,True,307.0,True,195668
300,330,R768,B768,True,307.0,True,188800
300,330,R769,B769,True,307.0,True,183170
300,330,R770,B770,True,308.0,True,187527
300,330,R771,B771,True,316.0,True,187221
300,330,R772,B772,True,308.0,True,180619
300,330,R773,B773,True,308.0,True,184339
300,330,R774,B774,True,315.0,True,185051
300,330,R775,B775,True,308.0,True,181773
300,330,R776,B776,True,309.0,True,188278
300,330,R777,B777,True,317.0,True,181562
300,330,R778,B778,True,313.0,True,185749
300,330,R779,B779,True,315.0,True,184441
300,330,R780,B780,True,319.0,True,186348
300,330,R781,B781,True,310.0,True,185403
300,330,R782,B782,True,310.0,True,184339
300,330,R783,B783,True,310.0,True,184618
300,330,R784,B784,True,310.0,True,179579
300,330,R785,B785,True,318.0,True,356800
300,330,R786,B786,True,311.0,True,178050
300,330,R787,B787,True,311.0,True,175800
300,330,R788,B788,True,311.0,True,176300
300,330,R789,B789,True,311.0,True,176400
300,330,R790,B790,True,312.0,True,177950
300,330,R791,B791,True,316.0,True,178400
300,330,R792,B792,True,320.0,False,178050
300,330,R793,B793,True,312.0,True,176250
300,330,R794,B794,True,321.0,False,177250
300,330,R795,B795,True,313.0,True,178400
300,330,R796,B796,True,313.0,True,177350
300,330,R797,B797,True,313.0,True,175400
300,330,R798,B798,True,314.0,True,176700
300,330,R799,B799,True,316.0,True,175400
300,330,R800,B800,True,314.0,True,175500
300,330,R801,B801,True,314.0,True,178250
300,330,R802,B802,True,314.0,True,705000
300,330,R803,B803,True,314.0,True,177450
300,330,R804,B804,True,315.0,True,178050
300,330,R805,B805,True,317.0,True,177350
300,330,R806,B806,True,315.0,True,178050
300,330,R807,B807,True,324.0,False,177250
300,330,R808,B808,True,323.0,False,175900
300,330,R809,B809,True,323.0,False,178050
300,330,R810,B810,True,320.0,False,177350
300,330,R811,B811,True,321.0,False,174050
300,330,R812,B812,True,316.0,True,177350
300,330,R813,B813,True,322.0,False,175400
300,330,R814,B814,True,317.0,True,178250
300,330,R815,B815,True,317.0,True,356100
300,330,R816,B816,True,317.0,True,176100
300,330,R817,B817,True,317.0,True,177950
300,330,R818,B818,True,326.0,False,177250
300,330,R819,B819,True,318.0,True,177950
300,330,R820,B820,True,323.0,False,176400
300,330,R821,B821,True,318.0,True,174050
300,330,R822,B822,True,327.0,False,176300
300,330,R823,B823,True,318.0,True,157500
300,330,R824,B824,True,319.0,True,175400
300,330,R825,B825,True,326.0,False,178400
300,330,R826,B826,True,320.0,False,178050
300,330,R827,B827,True,324.0,False,175400
300,330,R828,B828,True,319.0,True,174050
300,330,R829,B829,True,320.0,False,178050
300,330,R830,B830,True,321.0,False,177350
300,330,R831,B831,True,320.0,False,176400
300,330,R832,B832,True,320.0,False,175800
300,330,R833,B833,True,320.0,False,176700
300,330,R834,B834,True,326.0,False,178050
300,330,R835,B835,True,321.0,False,178050
300,330,R836,B836,True,321.0,False,173650
300,330,R837,B837,True,321.0,False,177250
300,330,R838,B838,True,322.0,False,355900
300,330,R839,B839,True,323.0,False,178400
300,330,R840,B840,True,322.0,False,176700
300,330,R841,B841,True,322.0,False,167450
300,330,R842,B842,True,330.0,False,354500
300,330,R843,B843,True,323.0,False,177250
300,330,R844,B844,True,323.0,False,178250
300,330,R845,B845,True,324.0,False,176250
300,330,R846,B846,True,323.0,False,356100
300,330,R847,B847,True,323.0,False,178050
300,330,R848,B848,True,324.0,False,176400
300,330,R849,B849,True,324.0,False,176300
300,330,R850,B850,True,324.0,False,178250
300,330,R851,B851,True,324.0,False,177350
300,330,R852,B852,True,324.0,False,348100
300,330,R853,B853,True,324.0,False,171000
300,330,R854,B854,True,324.0,False,173600
300,330,R855,B855,True,328.0,False,177250
300,330,R856,B856,True,325.0,False,157500
300,330,R857,B857,True,325.0,False,169100
300,330,R858,B858,True,325.0,False,177350
300,330,R859,B859,True,325.0,False,177950
300,330,R860,B860,True,325.0,False,175800
300,330,R861,B861,True,325.0,False,176800
300,330,R862,B862,True,325.0,False,177150
300,330,R863,B863,True,325.0,False,177350
300,330,R864,B864,True,326.0,False,175900
300,330,R865,B865,True,326.0,False,177150
300,330,R866,B866,True,327.0,False,174050
300,330,R867,B867,True,330.0,False,176700
300,330,R868,B868,True,327.0,False,177250
300,330,R869,B869,True,327.0,False,178050
300,330,R870,B870,True,327.0,False,176250
300,330,R871,B871,True,327.0,False,176700
300,330,R872,B872,True,329.0,False,177250
300,330,R873,B873,True,327.0,False,177350
300,330,R874,B874,True,328.0,False,178400
300,330,R875,B875,True,328.0,False,353400
300,330,R876,B876,True,329.0,False,175900
300,330,R877,B877,True,330.0,False,178050
300,330,R878,B878,True,329.0,False,354700
300,330,R879,B879,True,329.0,False,354700
300,330,R880,B880,True,330.0,False,178050
300,330,R881,B881,True,330.0,False,178250
300,330,R882,B882,True,330.0,False,174050
300,330,R883,B883,True,330.0,False,177350
320,350,R696,B696,False,,False,218650
320,350,R723,B723,False,,False,206519
320,350,R727,B727,False,,False,218397
320,350,R792,B792,True,320.0,True,196393
320,350,R794,B794,True,321.0,True,182635
320,350,R807,B807,True,324.0,True,182443
320,350,R808,B808,True,322.0,True,180619
320,350,R809,B809,True,321.0,True,190628
320,350,R810,B810,True,325.0,True,182549
320,350,R811,B811,True,321.0,True,179579
320,350,R813,B813,True,320.0,True,186075
320,350,R818,B818,True,326.0,True,182322
320,350,R820,B820,True,323.0,True,186218
320,350,R822,B822,True,327.0,True,181627
320,350,R825,B825,True,326.0,True,198044
320,350,R826,B826,True,326.0,True,187221
320,350,R827,B827,True,327.0,True,181773
320,350,R829,B829,True,327.0,True,184339
320,350,R830,B830,True,327.0,True,182549
320,350,R831,B831,True,320.0,True,186218
320,350,R832,B832,True,320.0,True,199633
320,350,R833,B833,True,325.0,True,183170
320,350,R834,B834,True,323.0,True,187221
320,350,R835,B835,True,328.0,True,186516
320,350,R836,B836,False,,False,178750
320,350,R837,B837,True,321.0,True,182443
320,350,R838,B838,True,322.0,True,370806
320,350,R839,B839,True,323.0,True,188222
320,350,R840,B840,True,322.0,True,183170
320,350,R841,B841,True,323.0,True,173798
320,350,R842,B842,True,330.0,True,365271
320,350,R843,B843,True,323.0,True,182322
320,350,R844,B844,True,327.0,True,190857
320,350,R845,B845,True,332.0,True,181924
320,350,R846,B846,True,323.0,True,368678
320,350,R847,B847,True,325.0,True,186516
320,350,R848,B848,True,323.0,True,186218
320,350,R849,B849,True,329.0,True,181562
320,350,R850,B850,True,326.0,True,187638
320,350,R851,B851,True,324.0,True,182549
320,350,R852,B852,True,324.0,True,359159
320,350,R853,B853,True,329.0,True,176192
320,350,R854,B854,True,331.0,True,179405
320,350,R855,B855,True,333.0,True,182635
320,350,R856,B856,False,,False,161470
320,350,R857,B857,True,330.0,True,178088
320,350,R858,B858,True,332.0,True,182488
320,350,R859,B859,True,330.0,True,185945
320,350,R860,B860,True,332.0,True,199633
320,350,R861,B861,True,325.0,True,184155
320,350,R862,B862,True,326.0,True,182337
320,350,R863,B863,True,325.0,True,185749
320,350,R864,B864,True,326.0,True,180619
320,350,R865,B865,True,331.0,True,182337
320,350,R866,B866,True,326.0,True,179579
320,350,R867,B867,True,327.0,True,183170
320,350,R868,B868,True,327.0,True,182322
320,350,R869,B869,True,334.0,True,184339
320,350,R870,B870,True,327.0,True,185051
320,350,R871,B871,True,327.0,True,183170
320,350,R872,B872,True,337.0,True,182443
320,350,R873,B873,True,334.0,True,185749
320,350,R874,B874,True,335.0,True,188222
320,350,R875,B875,True,330.0,True,366340
320,350,R876,B876,True,329.0,True,180619
320,350,R877,B877,True,329.0,True,184339
320,350,R878,B878,True,329.0,True,364976
320,350,R879,B879,True,329.0,True,371498
320,350,R880,B880,True,331.0,True,184339
320,350,R881,B881,True,330.0,True,187638
320,350,R882,B882,True,338.0,True,179579
320,350,R883,B883,True,331.0,True,185749
320,350,R884,B884,True,332.0,True,173350
320,350,R885,B885,True,333.0,True,178050
320,350,R886,B886,True,331.0,True,176700
320,350,R887,B887,True,335.0,True,167450
320,350,R888,B888,True,337.0,True,177950
320,350,R889,B889,True,332.0,True,175500
320,350,R890,B890,True,332.0,True,175900
320,350,R891,B891,True,332.0,True,177250
320,350,R892,B892,True,333.0,True,176250
320,350,R893,B893,True,339.0,True,176700
320,350,R894,B894,True,334.0,True,177950
320,350,R895,B895,True,342.0,False,176300
320,350,R896,B896,True,334.0,True,177250
320,350,R897,B897,True,342.0,False,173350
320,350,R898,B898,True,335.0,True,177350
320,350,R899,B899,True,339.0,True,174050
320,350,R900,B900,True,335.0,True,177250
320,350,R901,B901,True,341.0,False,157500
320,350,R902,B902,True,339.0,True,176800
320,350,R903,B903,True,336.0,True,351800
320,350,R904,B904,True,336.0,True,176250
320,350,R905,B905,True,343.0,False,178050
320,350,R906,B906,True,336.0,True,174050
320,350,R907,B907,True,336.0,True,176700
320,350,R908,B908,True,338.0,True,167450
320,350,R909,B909,True,337.0,True,177250
320,350,R910,B910,True,337.0,True,178150
320,350,R911,B911,True,344.0,False,176250
320,350,R912,B912,True,344.0,False,178050
320,350,R913,B913,True,338.0,True,177150
320,350,R914,B914,True,338.0,True,173650
320,350,R915,B915,True,341.0,False,157500
320,350,R916,B916,True,339.0,True,356100
320,350,R917,B917,True,343.0,False,176700
320,350,R918,B918,True,339.0,True,173650
320,350,R919,B919,True,340.0,False,178300
320,350,R920,B920,True,340.0,False,178050
320,350,R921,B921,True,341.0,False,176250
320,350,R922,B922,True,340.0,False,176700
320,350,R923,B923,True,341.0,False,178250
320,350,R924,B924,True,341.0,False,178050
320,350,R925,B925,True,341.0,False,177150
320,350,R926,B926,True,341.0,False,175400
320,350,R927,B927,True,344.0,False,175500
320,350,R928,B928,True,341.0,False,171000
320,350,R929,B929,True,341.0,False,174450
320,350,R930,B930,True,342.0,False,178250
320,350,R931,B931,True,342.0,False,178400
320,350,R932,B932,True,347.0,False,178050
320,350,R933,B933,True,342.0,False,176250
320,350,R934,B934,True,344.0,False,177450
320,350,R935,B935,True,342.0,False,176100
320,350,R936,B936,True,346.0,False,178050
320,350,R937,B937,True,349.0,False,175800
320,350,R938,B938,True,347.0,False,177250
320,350,R939,B939,True,343.0,False,178150
320,350,R940,B940,True,343.0,False,178050
320,350,R941,B941,True,348.0,False,176800
320,350,R942,B942,True,344.0,False,178050
320,350,R943,B943,True,350.0,False,354700
320,350,R944,B944,True,344.0,False,174050
320,350,R945,B945,True,346.0,False,176300
320,350,R946,B946,True,344.0,False,177250
320,350,R947,B947,True,345.0,False,355900
320,350,R948,B948,True,347.0,False,174050
320,350,R949,B949,True,345.0,False,176800
320,350,R950,B950,True,345.0,False,176700
320,350,R951,B951,True,346.0,False,175500
320,350,R952,B952,True,346.0,False,175900
320,350,R953,B953,True,346.0,False,176250
320,350,R954,B954,True,347.0,False,176250
320,350,R955,B955,True,347.0,False,178050
320,350,R956,B956,True,347.0,False,176250
320,350,R957,B957,True,347.0,False,178050
320,350,R958,B958,True,348.0,False,353400
320,350,R959,B959,True,350.0,False,178050
320,350,R960,B960,True,349.0,False,352500
320,350,R961,B961,True,350.0,False,176700
320,350,R962,B962,True,348.0,False,173600
320,350,R963,B963,True,349.0,False,177950
320,350,R964,B964,True,350.0,False,177950
320,350,R965,B965,True,350.0,False,177450
320,350,R966,B966,True,350.0,False,176800
320,350,R967,B967,True,350.0,False,177250
340,370,R836,B836,False,,False,204253
340,370,R856,B856,False,,False,173382
340,370,R895,B895,False,,False,181627
340,370,R897,B897,True,340.0,True,179965
340,370,R901,B901,True,340.0,True,161470
340,370,R905,B905,True,343.0,True,190628
340,370,R911,B911,True,343.0,True,193852
340,370,R912,B912,True,344.0,True,186516
340,370,R915,B915,True,343.0,True,161470
340,370,R917,B917,True,344.0,True,189640
340,370,R919,B919,True,340.0,True,186475
340,370,R920,B920,True,340.0,True,184339
340,370,R921,B921,True,340.0,True,185051
340,370,R922,B922,True,342.0,True,183170
340,370,R923,B923,True,341.0,True,187442
340,370,R924,B924,True,341.0,True,186516
340,370,R925,B925,True,341.0,True,182337
340,370,R926,B926,True,347.0,True,181773
340,370,R927,B927,True,348.0,True,181356
340,370,R928,B928,True,347.0,True,176192
340,370,R929,B929,True,346.0,True,179794
340,370,R930,B930,True,342.0,True,188278
340,370,R931,B931,True,346.0,True,188222
340,370,R932,B932,True,347.0,True,184339
340,370,R933,B933,True,346.0,True,185051
340,370,R934,B934,True,344.0,True,184618
340,370,R935,B935,True,342.0,True,196600
340,370,R936,B936,True,346.0,True,186516
340,370,R937,B937,True,342.0,True,199633
340,370,R938,B938,True,351.0,True,182635
340,370,R939,B939,True,349.0,True,187527
340,370,R940,B940,True,343.0,True,186516
340,370,R941,B941,True,348.0,True,184155
340,370,R942,B942,True,344.0,True,184339
340,370,R943,B943,True,344.0,True,365098
340,370,R944,B944,True,350.0,True,179579
340,370,R945,B945,True,352.0,True,181627
340,370,R946,B946,True,344.0,True,182635
340,370,R947,B947,True,354.0,True,371063
340,370,R948,B948,True,347.0,True,179653
340,370,R949,B949,True,345.0,True,184155
340,370,R950,B950,True,345.0,True,183170
340,370,R951,B951,True,346.0,True,182625
340,370,R952,B952,True,346.0,True,180619
340,370,R953,B953,True,350.0,True,185051
340,370,R954,B954,True,349.0,True,181924
340,370,R955,B955,True,350.0,True,184339
340,370,R956,B956,True,347.0,True,185051
340,370,R957,B957,True,354.0,True,186516
340,370,R958,B958,True,348.0,True,366340
340,370,R959,B959,True,355.0,True,184339
340,370,R960,B960,True,349.0,True,370102
340,370,R961,B961,True,348.0,True,183170
340,370,R962,B962,True,348.0,True,179405
340,370,R963,B963,True,351.0,True,185531
340,370,R964,B964,True,355.0,True,185403
340,370,R965,B965,True,350.0,True,184618
340,370,R966,B966,True,350.0,True,184155
340,370,R967,B967,True,350.0,True,182635
340,370,R968,B968,True,351.0,True,177350
340,370,R969,B969,True,353.0,True,177450
340,370,R970,B970,True,355.0,True,176300
340,370,R971,B971,True,352.0,True,177950
340,370,R972,B972,True,352.0,True,178050
340,370,R973,B973,True,352.0,True,176700
340,370,R974,B974,True,353.0,True,354500
340,370,R975,B975,True,352.0,True,177250
340,370,R976,B976,True,360.0,False,157500
340,370,R977,B977,True,360.0,False,177350
340,370,R978,B978,True,353.0,True,175500
340,370,R979,B979,True,359.0,True,174050
340,370,R980,B980,True,355.0,True,176800
340,370,R981,B981,True,353.0,True,167450
340,370,R982,B982,True,354.0,True,178050
340,370,R983,B983,True,358.0,True,178050
340,370,R984,B984,True,354.0,True,178250
340,370,R985,B985,True,354.0,True,176250
340,370,R986,B986,True,354.0,True,175800
340,370,R987,B987,True,354.0,True,169000
340,370,R988,B988,True,357.0,True,173650
340,370,R989,B989,True,355.0,True,175800
340,370,R990,B990,True,355.0,True,178050
340,370,R991,B991,True,358.0,True,176800
340,370,R992,B992,True,355.0,True,176700
340,370,R993,B993,True,363.0,False,177250
340,370,R994,B994,True,357.0,True,177350
340,370,R995,B995,True,356.0,True,174500
340,370,R996,B996,True,356.0,True,174450
340,370,R997,B997,True,362.0,False,177250
340,370,R998,B998,True,361.0,False,175500
340,370,R999,B999,True,357.0,True,176250
340,370,R1000,B1000,True,357.0,True,157500
340,370,R1001,B1001,True,359.0,True,177250
340,370,R1002,B1002,True,359.0,True,175800
340,370,R1003,B1003,True,366.0,False,178050
340,370,R1004,B1004,True,365.0,False,355900
340,370,R1005,B1005,True,361.0,False,178050
340,370,R1006,B1006,True,361.0,False,352500
340,370,R1007,B1007,True,361.0,False,177150
340,370,R1008,B1008,True,362.0,False,178250
340,370,R1009,B1009,True,362.0,False,355900
340,370,R1010,B1010,True,370.0,False,177150
340,370,R1011,B1011,True,367.0,False,177250
340,370,R1012,B1012,True,363.0,False,178050
340,370,R1013,B1013,True,363.0,False,176250
340,370,R1014,B1014,True,369.0,False,175800
340,370,R1015,B1015,True,363.0,False,176700
340,370,R1016,B1016,True,363.0,False,176400
340,370,R1017,B1017,True,364.0,False,177250
340,370,R1018,B1018,True,364.0,False,177950
340,370,R1019,B1019,True,365.0,False,175800
340,370,R1020,B1020,True,365.0,False,177250
340,370,R1021,B1021,True,370.0,False,178050
340,370,R1022,B1022,True,365.0,False,174050
340,370,R1023,B1023,True,365.0,False,176700
340,370,R1024,B1024,True,366.0,False,178250
340,370,R1025,B1025,True,366.0,False,174850
340,370,R1026,B1026,True,369.0,False,175800
340,370,R1027,B1027,True,366.0,False,174050
340,370,R1028,B1028,True,366.0,False,174450
340,370,R1029,B1029,True,367.0,False,177150
340,370,R1030,B1030,True,368.0,False,178050
340,370,R1031,B1031,True,368.0,False,178250
340,370,R1032,B1032,True,369.0,False,176800
340,370,R1033,B1033,True,369.0,False,177250
340,370,R1034,B1034,True,370.0,False,177350
340,370,R1035,B1035,True,370.0,False,177450
340,370,R1036,B1036,True,370.0,False,348100
340,370,R1037,B1037,True,370.0,False,353400
360,390,R976,B976,False,,False,161470
360,390,R977,B977,False,,False,182488
360,390,R993,B993,True,360.0,True,182570
360,390,R997,B997,True,360.0,True,182322
360,390,R998,B998,True,360.0,True,182625
360,390,R1003,B1003,True,364.0,True,184339
360,390,R1004,B1004,True,365.0,True,371063
360,390,R1005,B1005,True,361.0,True,184339
360,390,R1006,B1006,True,367.0,True,370102
360,390,R1007,B1007,True,363.0,True,182337
360,390,R1008,B1008,True,362.0,True,188278
360,390,R1009,B1009,True,362.0,True,370806
360,390,R1010,B1010,False,,False,182337
360,390,R1011,B1011,True,366.0,True,182635
360,390,R1012,B1012,True,363.0,True,184339
360,390,R1013,B1013,True,364.0,True,185051
360,390,R1014,B1014,True,369.0,True,199633
360,390,R1015,B1015,True,368.0,True,183170
360,390,R1016,B1016,True,363.0,True,182160
360,390,R1017,B1017,True,363.0,True,182570
360,390,R1018,B1018,True,364.0,True,185403
360,390,R1019,B1019,True,365.0,True,181758
360,390,R1020,B1020,True,365.0,True,182322
360,390,R1021,B1021,True,373.0,True,187221
360,390,R1022,B1022,True,374.0,True,179653
360,390,R1023,B1023,True,365.0,True,183170
360,390,R1024,B1024,True,366.0,True,190857
360,390,R1025,B1025,False,,False,181278
360,390,R1026,B1026,True,366.0,True,199633
360,390,R1027,B1027,True,366.0,True,179579
360,390,R1028,B1028,False,,False,179794
360,390,R1029,B1029,False,,False,182337
360,390,R1030,B1030,True,368.0,True,184339
360,390,R1031,B1031,True,374.0,True,187638
360,390,R1032,B1032,True,369.0,True,184282
360,390,R1033,B1033,True,371.0,True,182570
360,390,R1034,B1034,True,370.0,True,182549
360,390,R1035,B1035,True,370.0,True,184618
360,390,R1036,B1036,True,370.0,True,359159
360,390,R1037,B1037,True,370.0,True,366340
360,390,R1038,B1038,True,371.0,True,178250
360,390,R1039,B1039,True,377.0,True,175800
360,390,R1040,B1040,True,371.0,True,174050
360,390,R1041,B1041,True,372.0,True,177950
360,390,R1042,B1042,True,372.0,True,176300
360,390,R1043,B1043,True,380.0,False,178050
360,390,R1044,B1044,True,373.0,True,176250
360,390,R1045,B1045,True,373.0,True,353600
360,390,R1046,B1046,True,373.0,True,176700
360,390,R1047,B1047,True,377.0,True,177250
360,390,R1048,B1048,True,374.0,True,178300
360,390,R1049,B1049,True,374.0,True,175500
360,390,R1050,B1050,True,374.0,True,177250
360,390,R1051,B1051,True,379.0,True,175400
360,390,R1052,B1052,True,383.0,False,177950
360,390,R1053,B1053,True,380.0,False,174050
360,390,R1054,B1054,True,377.0,True,176700
360,390,R1055,B1055,True,376.0,True,175400
360,390,R1056,B1056,True,376.0,True,177450
360,390,R1057,B1057,True,376.0,True,178050
360,390,R1058,B1058,True,376.0,True,348100
360,390,R1059,B1059,True,376.0,True,177150
360,390,R1060,B1060,True,377.0,True,177350
360,390,R1061,B1061,True,377.0,True,178400
360,390,R1062,B1062,True,380.0,False,178250
360,390,R1063,B1063,True,378.0,True,352500
360,390,R1064,B1064,True,378.0,True,177350
360,390,R1065,B1065,True,383.0,False,177250
360,390,R1066,B1066,True,379.0,True,176250
360,390,R1067,B1067,True,380.0,False,177950
360,390,R1068,B1068,True,380.0,False,176400
360,390,R1069,B1069,True,380.0,False,173600
360,390,R1070,B1070,True,380.0,False,177250
360,390,R1071,B1071,False,,False,162250
360,390,R1072,B1072,True,388.0,False,177350
360,390,R1073,B1073,True,381.0,False,176800
360,390,R1074,B1074,False,,False,177250
360,390,R1075,B1075,True,381.0,False,177350
360,390,R1076,B1076,True,383.0,False,169000
360,390,R1077,B1077,True,389.0,False,175400
360,390,R1078,B1078,False,,False,177250
360,390,R1079,B1079,True,385.0,False,177350
360,390,R1080,B1080,True,386.0,False,175400
360,390,R1081,B1081,False,,False,177250
360,390,R1082,B1082,True,387.0,False,176400
360,390,R1083,B1083,True,388.0,False,176800
360,390,R1084,B1084,True,389.0,False,177950
360,390,R1085,B1085,False,,False,176250
360,390,R1086,B1086,True,390.0,False,175400
360,390,R1087,B1087,False,,False,175200
360,390,R1088,B1088,True,390.0,False,176800
380,410,R976,B976,False,,False,189264
380,410,R1010,B1010,False,,False,197900
380,410,R1025,B1025,False,,False,213418
380,410,R1028,B1028,False,,False,195829
380,410,R1029,B1029,False,,False,187525
380,410,R1043,B1043,True,380.0,True,196917
380,410,R1052,B1052,True,383.0,True,193113
380,410,R1053,B1053,True,380.0,True,179653
380,410,R1062,B1062,True,380.0,True,197026
380,410,R1065,B1065,True,383.0,True,182635
380,410,R1067,B1067,True,380.0,True,185403
380,410,R1068,B1068,True,380.0,True,186218
380,410,R1069,B1069,True,386.0,True,179405
380,410,R1070,B1070,True,380.0,True,182635
380,410,R1071,B1071,True,380.0,True,166450
380,410,R1072,B1072,True,388.0,True,182488
380,410,R1073,B1073,True,383.0,True,184155
380,410,R1074,B1074,True,381.0,True,182570
380,410,R1075,B1075,True,383.0,True,185749
380,410,R1076,B1076,True,383.0,True,175269
380,410,R1077,B1077,True,389.0,True,186348
380,410,R1078,B1078,True,386.0,True,182443
380,410,R1079,B1079,True,385.0,True,182488
380,410,R1080,B1080,True,386.0,True,186348
380,410,R1081,B1081,True,387.0,True,182322
380,410,R1082,B1082,True,387.0,True,182160
380,410,R1083,B1083,True,393.0,True,184282
380,410,R1084,B1084,True,389.0,True,185531
380,410,R1085,B1085,True,389.0,True,181924
380,410,R1086,B1086,True,391.0,True,186348
380,410,R1087,B1087,True,395.0,True,180153
380,410,R1088,B1088,True,390.0,True,184155
380,410,R1089,B1089,True,394.0,True,177450
380,410,R1090,B1090,True,397.0,True,176700
380,410,R1091,B1091,True,391.0,True,173599
380,410,R1092,B1092,False,,False,174500
380,410,R1093,B1093,True,392.0,True,176700
380,410,R1094,B1094,True,393.0,True,173650
380,410,R1095,B1095,True,397.0,True,177250
380,410,R1096,B1096,True,395.0,True,175800
380,410,R1097,B1097,True,395.0,True,178050
380,410,R1098,B1098,True,395.0,True,174050
380,410,R1099,B1099,True,395.0,True,176300
380,410,R1100,B1100,True,396.0,True,175900
380,410,R1101,B1101,True,396.0,True,176700
380,410,R1102,B1102,True,396.0,True,173600
380,410,R1103,B1103,True,396.0,True,172700
380,410,R1104,B1104,True,397.0,True,176800
380,410,R1105,B1105,True,397.0,True,175900
380,410,R1106,B1106,True,398.0,True,177950
380,410,R1107,B1107,True,397.0,True,176800
380,410,R1108,B1108,True,397.0,True,176700
380,410,R1109,B1109,True,401.0,False,177350
380,410,R1110,B1110,True,398.0,True,175400
380,410,R1111,B1111,True,399.0,True,175900
380,410,R1112,B1112,True,399.0,True,177250
380,410,R1113,B1113,True,400.0,False,174200
380,410,R1114,B1114,True,400.0,False,169000
380,410,R1115,B1115,True,404.0,False,175400
380,410,R1116,B1116,True,401.0,False,176700
380,410,R1117,B1117,True,402.0,False,348100
380,410,R1118,B1118,True,408.0,False,176400
380,410,R1119,B1119,True,402.0,False,167450
380,410,R1120,B1120,True,402.0,False,354500
380,410,R1121,B1121,True,407.0,False,177250
380,410,R1122,B1122,True,409.0,False,176800
380,410,R1123,B1123,True,404.0,False,176700
380,410,R1124,B1124,True,404.0,False,177250
380,410,R1125,B1125,True,404.0,False,177350
380,410,R1126,B1126,True,407.0,False,175400
380,410,R1127,B1127,True,405.0,False,174050
380,410,R1128,B1128,True,405.0,False,176400
380,410,R1129,B1129,True,405.0,False,175450
380,410,R1130,B1130,True,405.0,False,177250
380,410,R1131,B1131,True,406.0,False,177950
380,410,R1132,B1132,True,406.0,False,176800
380,410,R1133,B1133,True,407.0,False,177250
380,410,R1134,B1134,True,407.0,False,175900
380,410,R1135,B1135,True,407.0,False,176300
380,410,R1136,B1136,True,408.0,False,178050
380,410,R1137,B1137,True,408.0,False,177250
380,410,R1138,B1138,True,409.0,False,177950
380,410,R1139,B1139,True,410.0,False,177450
380,410,R1140,B1140,True,409.0,False,176700
380,410,R1141,B1141,True,410.0,False,175900
380,410,R1142,B1142,True,410.0,False,178050
380,410,R1143,B1143,True,410.0,False,176700
380,410,R1144,B1144,True,410.0,False,173600
400,430,R1092,B1092,False,,False,178485
400,430,R1109,B1109,True,401.0,True,185749
400,430,R1113,B1113,True,401.0,True,184725
400,430,R1114,B1114,False,,False,175269
400,430,R1115,B1115,True,408.0,True,186075
400,430,R1116,B1116,True,401.0,True,183170
400,430,R1117,B1117,True,408.0,True,359159
400,430,R1118,B1118,True,404.0,True,186218
400,430,R1119,B1119,True,402.0,True,173798
400,430,R1120,B1120,True,411.0,True,364886
400,430,R1121,B1121,True,405.0,True,182443
400,430,R1122,B1122,True,409.0,True,184155
400,430,R1123,B1123,True,406.0,True,183170
400,430,R1124,B1124,True,408.0,True,182443
400,430,R1125,B1125,True,404.0,True,185749
400,430,R1126,B1126,True,405.0,True,186075
400,430,R1127,B1127,True,405.0,True,179653
400,430,R1128,B1128,True,410.0,True,186218
400,430,R1129,B1129,True,411.0,True,185622
400,430,R1130,B1130,True,408.0,True,182443
400,430,R1131,B1131,True,406.0,True,185403
400,430,R1132,B1132,True,406.0,True,184155
400,430,R1133,B1133,True,407.0,True,182322
400,430,R1134,B1134,True,407.0,True,180619
400,430,R1135,B1135,True,413.0,True,184005
400,430,R1136,B1136,True,408.0,True,187221
400,430,R1137,B1137,True,412.0,True,182635
400,430,R1138,B1138,True,414.0,True,185531
400,430,R1139,B1139,True,409.0,True,184618
400,430,R1140,B1140,True,413.0,True,183170
400,430,R1141,B1141,True,410.0,True,180619
400,430,R1142,B1142,True,410.0,True,184339
400,430,R1143,B1143,True,410.0,True,183170
400,430,R1144,B1144,True,410.0,True,179405
400,430,R1145,B1145,True,418.0,True,175400
400,430,R1146,B1146,True,416.0,True,171000
400,430,R1147,B1147,True,412.0,True,176250
400,430,R1148,B1148,True,415.0,True,176300
400,430,R1149,B1149,True,413.0,True,176700
400,430,R1150,B1150,True,414.0,True,177950
400,430,R1151,B1151,True,419.0,True,177150
400,430,R1152,B1152,True,415.0,True,177250
400,430,R1153,B1153,True,415.0,True,177250
400,430,R1154,B1154,True,415.0,True,175400
400,430,R1155,B1155,True,420.0,False,176800
400,430,R1156,B1156,True,423.0,False,177950
400,430,R1157,B1157,True,416.0,True,177150
400,430,R1158,B1158,True,420.0,False,176700
400,430,R1159,B1159,True,417.0,True,176800
400,430,R1160,B1160,True,417.0,True,176700
400,430,R1161,B1161,True,418.0,True,354700
400,430,R1162,B1162,True,421.0,False,175400
400,430,R1163,B1163,True,419.0,True,177350
400,430,R1164,B1164,True,425.0,False,176700
400,430,R1165,B1165,True,427.0,False,177250
400,430,R1166,B1166,True,420.0,False,177950
400,430,R1167,B1167,True,425.0,False,177150
400,430,R1168,B1168,True,420.0,False,175450
400,430,R1169,B1169,True,427.0,False,178050
400,430,R1170,B1170,True,422.0,False,176400
400,430,R1171,B1171,True,428.0,False,177950
400,430,R1172,B1172,True,422.0,False,177150
400,430,R1173,B1173,True,422.0,False,169000
400,430,R1174,B1174,True,425.0,False,167450
400,430,R1175,B1175,True,430.0,False,175900
400,430,R1176,B1176,True,424.0,False,178050
400,430,R1177,B1177,True,424.0,False,177350
400,430,R1178,B1178,True,424.0,False,177150
400,430,R1179,B1179,True,424.0,False,175800
400,430,R1180,B1180,True,424.0,False,175450
400,430,R1181,B1181,True,424.0,False,354500
400,430,R1182,B1182,True,425.0,False,177950
400,430,R1183,B1183,True,425.0,False,175500
400,430,R1184,B1184,True,426.0,False,177950
400,430,R1185,B1185,True,427.0,False,175900
400,430,R1186,B1186,True,428.0,False,176250
400,430,R1187,B1187,True,427.0,False,175450
400,430,R1188,B1188,True,429.0,False,177950
400,430,R1189,B1189,True,429.0,False,176300
400,430,R1190,B1190,True,430.0,False,176800
400,430,R1191,B1191,True,430.0,False,176700
400,430,R1192,B1192,True,430.0,False,354700
420,450,R1092,B1092,False,,False,206386
420,450,R1114,B1114,False,,False,206619
420,450,R1155,B1155,True,420.0,True,191511
420,450,R1156,B1156,True,423.0,True,192856
420,450,R1158,B1158,False,,False,189640
420,450,R1162,B1162,True,420.0,True,186075
420,450,R1164,B1164,False,,False,189640
420,450,R1165,B1165,True,420.0,True,182443
420,450,R1166,B1166,True,420.0,True,185403
420,450,R1167,B1167,True,425.0,True,182337
420,450,R1168,B1168,False,,False,185622
420,450,R1169,B1169,True,427.0,True,184339
420,450,R1170,B1170,True,422.0,True,181868
420,450,R1171,B1171,True,429.0,True,185403
420,450,R1172,B1172,True,422.0,True,182337
420,450,R1173,B1173,False,,False,175269
420,450,R1174,B1174,False,,False,173798
420,450,R1175,B1175,False,,False,180619
420,450,R1176,B1176,True,424.0,True,184339
420,450,R1177,B1177,True,425.0,True,182549
420,450,R1178,B1178,False,,False,182337
420,450,R1179,B1179,True,426.0,True,188800
420,450,R1180,B1180,True,426.0,True,185622
420,450,R1181,B1181,True,424.0,True,364886
420,450,R1182,B1182,True,425.0,True,185531
420,450,R1183,B1183,True,425.0,True,182625
420,450,R1184,B1184,True,426.0,True,185403
420,450,R1185,B1185,True,427.0,True,180619
420,450,R1186,B1186,True,428.0,True,181924
420,450,R1187,B1187,True,429.0,True,185622
420,450,R1188,B1188,True,429.0,True,185531
420,450,R1189,B1189,True,429.0,True,184005
420,450,R1190,B1190,True,430.0,True,184282
420,450,R1191,B1191,True,436.0,True,183170
420,450,R1192,B1192,True,434.0,True,371498
420,450,R1193,B1193,True,431.0,True,175800
420,450,R1194,B1194,True,431.0,True,177450
420,450,R1195,B1195,True,431.0,True,177350
420,450,R1196,B1196,True,432.0,True,355900
420,450,R1197,B1197,True,432.0,True,177350
420,450,R1198,B1198,True,433.0,True,169100
420,450,R1199,B1199,True,433.0,True,176700
420,450,R1200,B1200,True,433.0,True,177350
420,450,R1201,B1201,True,434.0,True,177150
420,450,R1202,B1202,True,439.0,True,177450
420,450,R1203,B1203,True,436.0,True,177450
420,450,R1204,B1204,True,436.0,True,162250
420,450,R1205,B1205,True,442.0,False,177950
420,450,R1206,B1206,True,437.0,True,175900
420,450,R1207,B1207,True,440.0,False,176800
420,450,R1208,B1208,True,438.0,True,176800
420,450,R1209,B1209,True,438.0,True,175500
420,450,R1210,B1210,True,438.0,True,177250
420,450,R1211,B1211,True,439.0,True,178250
420,450,R1212,B1212,True,439.0,True,177950
420,450,R1213,B1213,True,439.0,True,176700
420,450,R1214,B1214,True,441.0,False,177350
420,450,R1215,B1215,True,441.0,False,177150
420,450,R1216,B1216,True,445.0,False,352400
420,450,R1217,B1217,True,442.0,False,175800
420,450,R1218,B1218,True,442.0,False,174050
420,450,R1219,B1219,True,442.0,False,177250
420,450,R1220,B1220,True,450.0,False,176250
420,450,R1221,B1221,True,445.0,False,167450
420,450,R1222,B1222,True,444.0,False,178050
420,450,R1223,B1223,True,444.0,False,177150
420,450,R1224,B1224,True,445.0,False,177950
420,450,R1225,B1225,True,448.0,False,176700
420,450,R1226,B1226,False,,False,176400
420,450,R1227,B1227,True,446.0,False,175800
420,450,R1228,B1228,True,447.0,False,176250
420,450,R1229,B1229,True,447.0,False,356100
420,450,R1230,B1230,True,447.0,False,353600
420,450,R1231,B1231,True,448.0,False,176250
420,450,R1232,B1232,True,448.0,False,167450
440,470,R1168,B1168,False,,False,256830
440,470,R1173,B1173,False,,False,206619
440,470,R1174,B1174,False,,False,205540
440,470,R1175,B1175,False,,False,204218
440,470,R1178,B1178,False,,False,197900
440,470,R1205,B1205,True,442.0,True,185531
440,470,R1207,B1207,True,440.0,True,191511
440,470,R1214,B1214,True,441.0,True,182488
440,470,R1215,B1215,True,447.0,True,182337
440,470,R1216,B1216,True,441.0,True,361977
440,470,R1217,B1217,True,442.0,True,199633
440,470,R1218,B1218,True,442.0,True,179579
440,470,R1219,B1219,True,442.0,True,182443
440,470,R1220,B1220,True,451.0,True,181924
440,470,R1221,B1221,True,444.0,True,173798
440,470,R1222,B1222,True,444.0,True,184339
440,470,R1223,B1223,True,444.0,True,182337
440,470,R1224,B1224,True,445.0,True,185531
440,470,R1225,B1225,True,447.0,True,183170
440,470,R1226,B1226,False,,False,186218
440,470,R1227,B1227,True,446.0,True,188800
440,470,R1228,B1228,True,448.0,True,181924
440,470,R1229,B1229,True,447.0,True,368678
440,470,R1230,B1230,True,447.0,True,368311
440,470,R1231,B1231,True,451.0,True,185051
440,470,R1232,B1232,True,454.0,True,173798
440,470,R1233,B1233,True,452.0,True,177150
440,470,R1234,B1234,True,451.0,True,174050
440,470,R1235,B1235,True,451.0,True,167450
440,470,R1236,B1236,True,452.0,True,175800
440,470,R1237,B1237,True,454.0,True,348100
440,470,R1238,B1238,True,453.0,True,178050
440,470,R1239,B1239,True,461.0,False,174050
440,470,R1240,B1240,True,453.0,True,176800
440,470,R1241,B1241,True,459.0,True,177350
440,470,R1242,B1242,True,456.0,True,177250
440,470,R1243,B1243,True,457.0,True,176250
440,470,R1244,B1244,True,458.0,True,174050
440,470,R1245,B1245,True,458.0,True,176200
440,470,R1246,B1246,True,466.0,False,176400
440,470,R1247,B1247,True,459.0,True,177950
440,470,R1248,B1248,True,459.0,True,176700
440,470,R1249,B1249,True,460.0,False,177350
440,470,R1250,B1250,True,460.0,False,176300
440,470,R1251,B1251,True,461.0,False,175400
440,470,R1252,B1252,True,462.0,False,353400
440,470,R1253,B1253,True,467.0,False,176700
440,470,R1254,B1254,True,462.0,False,177250
440,470,R1255,B1255,True,463.0,False,177250
440,470,R1256,B1256,True,464.0,False,176700
440,470,R1257,B1257,True,465.0,False,177250
440,470,R1258,B1258,True,465.0,False,177150
440,470,R1259,B1259,True,466.0,False,177350
440,470,R1260,B1260,True,467.0,False,175450
440,470,R1261,B1261,True,467.0,False,178050
440,470,R1262,B1262,True,467.0,False,177350
440,470,R1263,B1263,True,467.0,False,176400
440,470,R1264,B1264,True,467.0,False,173650
440,470,R1265,B1265,True,468.0,False,177250
440,470,R1266,B1266,True,467.0,False,354700
440,470,R1267,B1267,True,468.0,False,175500
440,470,R1268,B1268,True,468.0,False,174050
440,470,R1269,B1269,True,469.0,False,354500
440,470,R1270,B1270,True,470.0,False,356500
460,490,R1226,B1226,False,,False,235309
460,490,R1239,B1239,False,,False,179653
460,490,R1246,B1246,True,466.0,True,181868
460,490,R1249,B1249,True,460.0,True,182549
460,490,R1250,B1250,True,460.0,True,184290
460,490,R1251,B1251,True,461.0,True,186075
460,490,R1252,B1252,True,467.0,True,366340
460,490,R1253,B1253,True,462.0,True,183170
460,490,R1254,B1254,True,463.0,True,182443
460,490,R1255,B1255,True,463.0,True,182322
460,490,R1256,B1256,True,464.0,True,183170
460,490,R1257,B1257,True,474.0,True,182443
460,490,R1258,B1258,True,465.0,True,182337
460,490,R1259,B1259,True,466.0,True,182549
460,490,R1260,B1260,True,466.0,True,185622
460,490,R1261,B1261,True,467.0,True,184339
460,490,R1262,B1262,True,467.0,True,182488
460,490,R1263,B1263,True,467.0,True,186218
460,490,R1264,B1264,True,467.0,True,178750
460,490,R1265,B1265,True,468.0,True,182570
460,490,R1266,B1266,True,467.0,True,371498
460,490,R1267,B1267,True,470.0,True,182625
460,490,R1268,B1268,False,,False,179579
460,490,R1269,B1269,True,471.0,True,364886
460,490,R1270,B1270,True,475.0,True,375276
460,490,R1271,B1271,True,471.0,True,175200
460,490,R1272,B1272,True,471.0,True,178050
460,490,R1273,B1273,False,,False,174050
460,490,R1274,B1274,True,471.0,True,176700
460,490,R1275,B1275,True,478.0,True,175400
460,490,R1276,B1276,True,474.0,True,177950
460,490,R1277,B1277,True,477.0,True,174050
460,490,R1278,B1278,True,474.0,True,176400
460,490,R1279,B1279,False,,False,176200
460,490,R1280,B1280,True,474.0,True,174050
460,490,R1281,B1281,True,475.0,True,175400
460,490,R1282,B1282,True,475.0,True,176800
460,490,R1283,B1283,False,,False,176250
460,490,R1284,B1284,True,476.0,True,347300
460,490,R1285,B1285,False,,False,174050
460,490,R1286,B1286,True,477.0,True,176400
460,490,R1287,B1287,True,478.0,True,176250
460,490,R1288,B1288,True,480.0,False,175800
460,490,R1289,B1289,True,483.0,False,175800
460,490,R1290,B1290,True,482.0,False,176250
460,490,R1291,B1291,True,483.0,False,176700
460,490,R1292,B1292,True,483.0,False,177250
460,490,R1293,B1293,True,484.0,False,176250
460,490,R1294,B1294,True,484.0,False,175450
460,490,R1295,B1295,True,484.0,False,173650
460,490,R1296,B1296,True,484.0,False,177250
460,490,R1297,B1297,True,486.0,False,177350
460,490,R1298,B1298,True,485.0,False,178250
460,490,R1299,B1299,True,486.0,False,176400
460,490,R1300,B1300,True,486.0,False,178050
460,490,R1301,B1301,False,,False,172700
460,490,R1302,B1302,True,487.0,False,175800
460,490,R1303,B1303,True,487.0,False,174050
460,490,R1304,B1304,True,488.0,False,175800
460,490,R1305,B1305,False,,False,174500
460,490,R1306,B1306,True,488.0,False,173650
460,490,R1307,B1307,True,488.0,False,177250
460,490,R1308,B1308,True,489.0,False,178250
460,490,R1309,B1309,True,489.0,False,176250
460,490,R1310,B1310,True,489.0,False,173350
460,490,R1311,B1311,True,489.0,False,173650
460,490,R1312,B1312,True,490.0,False,176250
460,490,R1313,B1313,False,,False,177350
460,490,R1314,B1314,True,490.0,False,177950
460,490,R1315,B1315,True,490.0,False,174050
460,490,R1316,B1316,False,,False,176200
480,510,R1268,B1268,False,,False,207227
480,510,R1273,B1273,False,,False,185256
480,510,R1279,B1279,False,,False,180988
480,510,R1283,B1283,True,480.0,True,181924
480,510,R1285,B1285,False,,False,179653
480,510,R1288,B1288,True,483.0,True,181758
480,510,R1289,B1289,True,483.0,True,181758
480,510,R1290,B1290,True,487.0,True,185051
480,510,R1291,B1291,True,483.0,True,183170
480,510,R1292,B1292,True,483.0,True,182443
480,510,R1293,B1293,True,484.0,True,185051
480,510,R1294,B1294,True,486.0,True,185622
480,510,R1295,B1295,True,486.0,True,178750
480,510,R1296,B1296,True,484.0,True,182635
480,510,R1297,B1297,True,484.0,True,185749
480,510,R1298,B1298,True,492.0,True,187442
480,510,R1299,B1299,True,485.0,True,186218
480,510,R1300,B1300,True,486.0,True,184339
480,510,R1301,B1301,True,486.0,True,176714
480,510,R1302,B1302,True,490.0,True,199633
480,510,R1303,B1303,True,487.0,True,179653
480,510,R1304,B1304,True,488.0,True,181758
480,510,R1305,B1305,True,488.0,True,178485
480,510,R1306,B1306,True,489.0,True,178750
480,510,R1307,B1307,True,488.0,True,182635
480,510,R1308,B1308,True,489.0,True,187442
480,510,R1309,B1309,True,493.0,True,185051
480,510,R1310,B1310,True,493.0,True,179965
480,510,R1311,B1311,True,489.0,True,178750
480,510,R1312,B1312,True,490.0,True,185051
480,510,R1313,B1313,True,490.0,True,182549
480,510,R1314,B1314,True,490.0,True,185802
480,510,R1315,B1315,True,497.0,True,179579
480,510,R1316,B1316,True,490.0,True,180988
480,510,R1317,B1317,True,491.0,True,178050
480,510,R1318,B1318,True,491.0,True,176400
480,510,R1319,B1319,True,491.0,True,354500
480,510,R1320,B1320,True,492.0,True,175500
480,510,R1321,B1321,True,499.0,True,174050
480,510,R1322,B1322,True,495.0,True,176700
480,510,R1323,B1323,True,495.0,True,178050
480,510,R1324,B1324,True,495.0,True,176250
480,510,R1325,B1325,True,498.0,True,177350
480,510,R1326,B1326,True,503.0,False,177250
480,510,R1327,B1327,True,501.0,False,354700
480,510,R1328,B1328,True,497.0,True,174050
480,510,R1329,B1329,True,496.0,True,167450
480,510,R1330,B1330,True,497.0,True,177950
480,510,R1331,B1331,False,,False,171000
480,510,R1332,B1332,True,500.0,False,177250
480,510,R1333,B1333,False,,False,174050
480,510,R1334,B1334,True,498.0,True,171000
480,510,R1335,B1335,True,498.0,True,176700
480,510,R1336,B1336,True,501.0,False,173600
480,510,R1337,B1337,True,499.0,True,175400
480,510,R1338,B1338,True,499.0,True,175500
480,510,R1339,B1339,True,501.0,False,355900
480,510,R1340,B1340,True,508.0,False,177950
480,510,R1341,B1341,True,501.0,False,353400
480,510,R1342,B1342,True,502.0,False,176250
480,510,R1343,B1343,True,503.0,False,178250
480,510,R1344,B1344,True,503.0,False,178150
480,510,R1345,B1345,True,504.0,False,177950
480,510,R1346,B1346,True,503.0,False,178050
480,510,R1347,B1347,True,505.0,False,352500
480,510,R1348,B1348,True,503.0,False,174050
480,510,R1349,B1349,True,503.0,False,354700
480,510,R1350,B1350,True,504.0,False,351800
480,510,R1351,B1351,True,505.0,False,353600
480,510,R1352,B1352,True,505.0,False,177250
480,510,R1353,B1353,True,505.0,False,175400
480,510,R1354,B1354,True,505.0,False,176250
480,510,R1355,B1355,True,505.0,False,177450
480,510,R1356,B1356,True,505.0,False,177950
480,510,R1357,B1357,True,505.0,False,175500
480,510,R1358,B1358,True,506.0,False,178050
480,510,R1359,B1359,False,,False,176300
480,510,R1360,B1360,True,506.0,False,167450
480,510,R1361,B1361,True,507.0,False,356500
480,510,R1362,B1362,True,508.0,False,177950
480,510,R1363,B1363,True,509.0,False,175800
480,510,R1364,B1364,True,508.0,False,178400
480,510,R1365,B1365,True,510.0,False,178250
480,510,R1366,B1366,True,508.0,False,178050
480,510,R1367,B1367,True,508.0,False,177250
480,510,R1368,B1368,True,509.0,False,178250
480,510,R1369,B1369,True,509.0,False,176250
480,510,R1370,B1370,True,509.0,False,174050
480,510,R1371,B1371,True,509.0,False,177150
480,510,R1372,B1372,True,509.0,False,177250
480,510,R1373,B1373,True,510.0,False,176800
480,510,R1374,B1374,True,510.0,False,178250
480,510,R1375,B1375,True,510.0,False,178050
480,510,R1376,B1376,True,510.0,False,177250
500,530,R1285,B1285,False,,False,218876
500,530,R1326,B1326,True,503.0,True,182443
500,530,R1327,B1327,True,501.0,True,371498
500,530,R1331,B1331,False,,False,176192
500,530,R1332,B1332,True,500.0,True,182443
500,530,R1333,B1333,False,,False,179579
500,530,R1336,B1336,False,,False,179405
500,530,R1339,B1339,True,503.0,True,371063
500,530,R1340,B1340,True,508.0,True,185945
500,530,R1341,B1341,True,503.0,True,366340
500,530,R1342,B1342,True,502.0,True,185051
500,530,R1343,B1343,True,506.0,True,188278
500,530,R1344,B1344,True,508.0,True,187527
500,530,R1345,B1345,True,506.0,True,185531
500,530,R1346,B1346,True,508.0,True,184339
500,530,R1347,B1347,True,505.0,True,370102
500,530,R1348,B1348,True,507.0,True,179653
500,530,R1349,B1349,True,503.0,True,371498
500,530,R1350,B1350,True,504.0,True,361239
500,530,R1351,B1351,True,505.0,True,368565
500,530,R1352,B1352,True,514.0,True,182322
500,530,R1353,B1353,True,505.0,True,186075
500,530,R1354,B1354,True,505.0,True,185051
500,530,R1355,B1355,True,505.0,True,184618
500,530,R1356,B1356,True,505.0,True,185945
500,530,R1357,B1357,True,507.0,True,181356
500,530,R1358,B1358,True,513.0,True,187221
500,530,R1359,B1359,True,506.0,True,181627
500,530,R1360,B1360,True,506.0,True,173798
500,530,R1361,B1361,True,507.0,True,381714
500,530,R1362,B1362,True,508.0,True,185403
500,530,R1363,B1363,True,509.0,True,181758
500,530,R1364,B1364,True,508.0,True,188222
500,530,R1365,B1365,True,515.0,True,190857
500,530,R1366,B1366,True,512.0,True,184339
500,530,R1367,B1367,True,508.0,True,182443
500,530,R1368,B1368,True,514.0,True,190857
500,530,R1369,B1369,True,509.0,True,185051
500,530,R1370,B1370,True,510.0,True,179653
500,530,R1371,B1371,True,509.0,True,182337
500,530,R1372,B1372,True,515.0,True,182443
500,530,R1373,B1373,True,510.0,True,184282
500,530,R1374,B1374,True,511.0,True,190857
500,530,R1375,B1375,True,510.0,True,187221
500,530,R1376,B1376,True,510.0,True,182635
500,530,R1377,B1377,True,511.0,True,178300
500,530,R1378,B1378,True,511.0,True,177250
500,530,R1379,B1379,True,511.0,True,178250
500,530,R1380,B1380,True,511.0,True,175900
500,530,R1381,B1381,True,511.0,True,178050
500,530,R1382,B1382,True,512.0,True,178250
500,530,R1383,B1383,True,513.0,True,530400
500,530,R1384,B1384,True,512.0,True,355900
500,530,R1385,B1385,True,512.0,True,356100
500,530,R1386,B1386,True,513.0,True,176700
500,530,R1387,B1387,True,515.0,True,175450
500,530,R1388,B1388,True,512.0,True,177250
500,530,R1389,B1389,True,513.0,True,176800
500,530,R1390,B1390,True,513.0,True,172700
500,530,R1391,B1391,True,515.0,True,177950
500,530,R1392,B1392,True,521.0,False,175900
500,530,R1393,B1393,True,514.0,True,173350
500,530,R1394,B1394,True,514.0,True,176800
500,530,R1395,B1395,True,514.0,True,177150
500,530,R1396,B1396,True,516.0,True,353600
500,530,R1397,B1397,True,515.0,True,175400
500,530,R1398,B1398,True,515.0,True,177350
500,530,R1399,B1399,True,516.0,True,356500
500,530,R1400,B1400,True,516.0,True,177950
500,530,R1401,B1401,True,516.0,True,178250
500,530,R1402,B1402,True,518.0,True,354700
500,530,R1403,B1403,True,517.0,True,176800
500,530,R1404,B1404,True,516.0,True,353400
500,530,R1405,B1405,True,516.0,True,162250
500,530,R1406,B1406,True,521.0,False,178050
500,530,R1407,B1407,True,523.0,False,176250
500,530,R1408,B1408,True,517.0,True,176700
500,530,R1409,B1409,True,519.0,True,178250
500,530,R1410,B1410,True,518.0,True,175800
500,530,R1411,B1411,True,518.0,True,178050
500,530,R1412,B1412,True,518.0,True,175900
500,530,R1413,B1413,True,518.0,True,174050
500,530,R1414,B1414,True,521.0,False,178250
500,530,R1415,B1415,True,519.0,True,177150
500,530,R1416,B1416,True,521.0,False,174050
500,530,R1417,B1417,True,520.0,False,175400
500,530,R1418,B1418,True,520.0,False,178250
500,530,R1419,B1419,True,520.0,False,175800
500,530,R1420,B1420,True,520.0,False,178250
500,530,R1421,B1421,True,520.0,False,176250
500,530,R1422,B1422,True,520.0,False,174050
500,530,R1423,B1423,True,523.0,False,175400
500,530,R1424,B1424,True,521.0,False,176250
500,530,R1425,B1425,True,525.0,False,177450
500,530,R1426,B1426,True,528.0,False,176800
500,530,R1427,B1427,True,524.0,False,177950
500,530,R1428,B1428,True,526.0,False,176250
500,530,R1429,B1429,True,522.0,False,177350
500,530,R1430,B1430,True,522.0,False,177450
500,530,R1431,B1431,True,522.0,False,174500
500,530,R1432,B1432,True,523.0,False,178250
500,530,R1433,B1433,True,528.0,False,534150
500,530,R1434,B1434,True,523.0,False,176250
500,530,R1435,B1435,True,524.0,False,348100
500,530,R1436,B1436,True,529.0,False,177250
500,530,R1437,B1437,True,524.0,False,175400
500,530,R1438,B1438,True,528.0,False,176800
500,530,R1439,B1439,True,525.0,False,176800
500,530,R1440,B1440,True,525.0,False,178050
500,530,R1441,B1441,True,525.0,False,177150
500,530,R1442,B1442,True,525.0,False,176800
500,530,R1443,B1443,True,526.0,False,176800
500,530,R1444,B1444,True,530.0,False,177950
500,530,R1445,B1445,True,526.0,False,356500
500,530,R1446,B1446,True,526.0,False,178050
500,530,R1447,B1447,True,530.0,False,175900
500,530,R1448,B1448,True,526.0,False,352500
500,530,R1449,B1449,True,526.0,False,177250
500,530,R1450,B1450,True,527.0,False,177250
500,530,R1451,B1451,True,527.0,False,177950
500,530,R1452,B1452,True,527.0,False,175900
500,530,R1453,B1453,True,527.0,False,174500
500,530,R1454,B1454,True,527.0,False,177250
500,530,R1455,B1455,True,528.0,False,176700
500,530,R1456,B1456,True,528.0,False,177150
500,530,R1457,B1457,True,529.0,False,176800
500,530,R1458,B1458,True,529.0,False,177950
500,530,R1459,B1459,True,529.0,False,178050
500,530,R1460,B1460,True,529.0,False,178050
500,530,R1461,B1461,True,529.0,False,176250
500,530,R1462,B1462,True,529.0,False,354700
500,530,R1463,B1463,True,529.0,False,176700
500,530,R1464,B1464,True,530.0,False,177250
500,530,R1465,B1465,True,529.0,False,177350
500,530,R1466,B1466,True,529.0,False,175800
500,530,R1467,B1467,True,530.0,False,350800
500,530,R1468,B1468,True,530.0,False,178050
520,550,R1331,B1331,False,,False,212538
520,550,R1333,B1333,False,,False,218286
520,550,R1336,B1336,False,,False,220044
520,550,R1392,B1392,False,,False,180619
520,550,R1406,B1406,True,520.0,True,187221
520,550,R1407,B1407,True,523.0,True,193852
520,550,R1414,B1414,True,521.0,True,190857
520,550,R1416,B1416,True,520.0,True,179653
520,550,R1417,B1417,True,528.0,True,186348
520,550,R1418,B1418,True,520.0,True,188278
520,550,R1419,B1419,True,526.0,True,181758
520,550,R1420,B1420,True,522.0,True,190857
520,550,R1421,B1421,True,520.0,True,185051
520,550,R1422,B1422,True,527.0,True,179579
520,550,R1423,B1423,True,528.0,True,186075
520,550,R1424,B1424,True,523.0,True,181924
520,550,R1425,B1425,True,521.0,True,184618
520,550,R1426,B1426,True,528.0,True,184282
520,550,R1427,B1427,True,523.0,True,185403
520,550,R1428,B1428,True,526.0,True,185051
520,550,R1429,B1429,True,526.0,True,182549
520,550,R1430,B1430,True,524.0,True,184618
520,550,R1431,B1431,True,522.0,True,178485
520,550,R1432,B1432,True,523.0,True,187442
520,550,R1433,B1433,True,528.0,True,553017
520,550,R1434,B1434,True,523.0,True,185051
520,550,R1435,B1435,True,523.0,True,359306
520,550,R1436,B1436,True,531.0,True,182322
520,550,R1437,B1437,True,532.0,True,186348
520,550,R1438,B1438,True,531.0,True,184155
520,550,R1439,B1439,True,525.0,True,184282
520,550,R1440,B1440,True,525.0,True,184339
520,550,R1441,B1441,True,525.0,True,182337
520,550,R1442,B1442,True,525.0,True,184155
520,550,R1443,B1443,True,532.0,True,184282
520,550,R1444,B1444,True,526.0,True,185403
520,550,R1445,B1445,True,526.0,True,381714
520,550,R1446,B1446,True,526.0,True,187221
520,550,R1447,B1447,True,531.0,True,180619
520,550,R1448,B1448,True,532.0,True,370102
520,550,R1449,B1449,True,530.0,True,182443
520,550,R1450,B1450,True,528.0,True,182322
520,550,R1451,B1451,True,529.0,True,185531
520,550,R1452,B1452,True,528.0,True,180619
520,550,R1453,B1453,True,527.0,True,178485
520,550,R1454,B1454,True,527.0,True,182443
520,550,R1455,B1455,True,529.0,True,183170
520,550,R1456,B1456,True,538.0,True,182337
520,550,R1457,B1457,True,529.0,True,184282
520,550,R1458,B1458,True,529.0,True,185531
520,550,R1459,B1459,True,534.0,True,187221
520,550,R1460,B1460,True,533.0,True,184339
520,550,R1461,B1461,True,529.0,True,185051
520,550,R1462,B1462,True,529.0,True,364976
520,550,R1463,B1463,True,529.0,True,183170
520,550,R1464,B1464,True,534.0,True,182443
520,550,R1465,B1465,True,534.0,True,185749
520,550,R1466,B1466,True,529.0,True,188800
520,550,R1467,B1467,True,539.0,True,372697
520,550,R1468,B1468,True,530.0,True,184339
520,550,R1469,B1469,True,538.0,True,177250
520,550,R1470,B1470,True,531.0,True,175800
520,550,R1471,B1471,True,531.0,True,178050
520,550,R1472,B1472,True,531.0,True,173599
520,550,R1473,B1473,True,531.0,True,175450
520,550,R1474,B1474,True,535.0,True,177150
520,550,R1475,B1475,True,531.0,True,177250
520,550,R1476,B1476,True,531.0,True,177350
520,550,R1477,B1477,True,532.0,True,176800
520,550,R1478,B1478,True,532.0,True,177950
520,550,R1479,B1479,True,533.0,True,177450
520,550,R1480,B1480,True,538.0,True,178250
520,550,R1481,B1481,True,537.0,True,178050
520,550,R1482,B1482,True,533.0,True,176250
520,550,R1483,B1483,True,542.0,False,177150
520,550,R1484,B1484,True,533.0,True,177350
520,550,R1485,B1485,True,538.0,True,176800
520,550,R1486,B1486,True,534.0,True,178050
520,550,R1487,B1487,True,538.0,True,348100
520,550,R1488,B1488,True,534.0,True,353600
520,550,R1489,B1489,True,534.0,True,176400
520,550,R1490,B1490,True,542.0,False,176800
520,550,R1491,B1491,True,542.0,False,175400
520,550,R1492,B1492,True,535.0,True,174050
520,550,R1493,B1493,True,542.0,False,178050
520,550,R1494,B1494,True,537.0,True,178150
520,550,R1495,B1495,True,537.0,True,178050
520,550,R1496,B1496,True,537.0,True,157500
520,550,R1497,B1497,True,539.0,True,175400
520,550,R1498,B1498,True,538.0,True,175800
520,550,R1499,B1499,True,538.0,True,178250
520,550,R1500,B1500,True,539.0,True,178050
520,550,R1501,B1501,True,538.0,True,175500
520,550,R1502,B1502,True,539.0,True,177250
520,550,R1503,B1503,True,539.0,True,178050
520,550,R1504,B1504,True,539.0,True,176250
520,550,R1505,B1505,True,539.0,True,177350
520,550,R1506,B1506,True,539.0,True,177250
520,550,R1507,B1507,True,539.0,True,177350
520,550,R1508,B1508,True,546.0,False,175900
520,550,R1509,B1509,True,542.0,False,528750
520,550,R1510,B1510,True,542.0,False,177250
520,550,R1511,B1511,True,541.0,False,175400
520,550,R1512,B1512,True,544.0,False,175800
520,550,R1513,B1513,True,541.0,False,178400
520,550,R1514,B1514,True,542.0,False,178050
520,550,R1515,B1515,True,545.0,False,178050
520,550,R1516,B1516,True,545.0,False,352500
520,550,R1517,B1517,True,542.0,False,178300
520,550,R1518,B1518,True,549.0,False,176800
520,550,R1519,B1519,True,542.0,False,178050
520,550,R1520,B1520,True,542.0,False,176250
520,550,R1521,B1521,True,549.0,False,177150
520,550,R1522,B1522,True,548.0,False,177250
520,550,R1523,B1523,True,543.0,False,178250
520,550,R1524,B1524,True,543.0,False,174050
520,550,R1525,B1525,True,550.0,False,176250
520,550,R1526,B1526,True,549.0,False,177350
520,550,R1527,B1527,True,544.0,False,177450
520,550,R1528,B1528,True,544.0,False,175500
520,550,R1529,B1529,True,545.0,False,355900
520,550,R1530,B1530,True,545.0,False,178050
520,550,R1531,B1531,True,546.0,False,176800
520,550,R1532,B1532,True,546.0,False,177950
520,550,R1533,B1533,True,546.0,False,177150
520,550,R1534,B1534,True,547.0,False,178250
520,550,R1535,B1535,True,547.0,False,178300
520,550,R1536,B1536,True,549.0,False,533850
520,550,R1537,B1537,True,547.0,False,176250
520,550,R1538,B1538,True,547.0,False,176800
520,550,R1539,B1539,True,547.0,False,176700
520,550,R1540,B1540,True,548.0,False,356500
520,550,R1541,B1541,True,548.0,False,178400
520,550,R1542,B1542,True,548.0,False,175200
520,550,R1543,B1543,True,550.0,False,178250
520,550,R1544,B1544,True,549.0,False,176800
520,550,R1545,B1545,True,549.0,False,176250
520,550,R1546,B1546,True,550.0,False,178250
520,550,R1547,B1547,True,550.0,False,178250
520,550,R1548,B1548,True,550.0,False,178050
520,550,R1549,B1549,True,550.0,False,178050
520,550,R1550,B1550,True,550.0,False,157500
540,570,R1483,B1483,True,540.0,True,182337
540,570,R1490,B1490,True,540.0,True,191765
540,570,R1491,B1491,False,,False,186075
540,570,R1493,B1493,True,540.0,True,196393
540,570,R1508,B1508,False,,False,180619
540,570,R1509,B1509,True,545.0,True,555153
540,570,R1510,B1510,True,547.0,True,182443
540,570,R1511,B1511,True,548.0,True,186075
540,570,R1512,B1512,True,548.0,True,181758
540,570,R1513,B1513,True,541.0,True,188222
540,570,R1514,B1514,True,547.0,True,187221
540,570,R1515,B1515,True,545.0,True,184339
540,570,R1516,B1516,True,547.0,True,370102
540,570,R1517,B1517,True,544.0,True,186475
540,570,R1518,B1518,True,549.0,True,184282
540,570,R1519,B1519,True,542.0,True,184339
540,570,R1520,B1520,True,542.0,True,185051
540,570,R1521,B1521,True,549.0,True,182337
540,570,R1522,B1522,True,548.0,True,182635
540,570,R1523,B1523,True,543.0,True,190857
540,570,R1524,B1524,True,543.0,True,179653
540,570,R1525,B1525,True,544.0,True,185051
540,570,R1526,B1526,True,546.0,True,182549
540,570,R1527,B1527,True,546.0,True,184618
540,570,R1528,B1528,True,544.0,True,181356
540,570,R1529,B1529,True,545.0,True,371063
540,570,R1530,B1530,True,551.0,True,187221
540,570,R1531,B1531,True,546.0,True,184282
540,570,R1532,B1532,True,546.0,True,185403
540,570,R1533,B1533,True,546.0,True,182337
540,570,R1534,B1534,True,554.0,True,187442
540,570,R1535,B1535,True,547.0,True,186475
540,570,R1536,B1536,True,549.0,True,556595
540,570,R1537,B1537,True,552.0,True,185051
540,570,R1538,B1538,True,547.0,True,184155
540,570,R1539,B1539,True,548.0,True,183170
540,570,R1540,B1540,True,548.0,True,376556
540,570,R1541,B1541,True,548.0,True,188222
540,570,R1542,B1542,True,550.0,True,180096
540,570,R1543,B1543,True,549.0,True,187442
540,570,R1544,B1544,True,549.0,True,184282
540,570,R1545,B1545,True,549.0,True,185051
540,570,R1546,B1546,True,551.0,True,187442
540,570,R1547,B1547,True,550.0,True,190857
540,570,R1548,B1548,True,550.0,True,187221
540,570,R1549,B1549,True,550.0,True,184339
540,570,R1550,B1550,True,550.0,True,161470
540,570,R1551,B1551,True,552.0,True,176800
540,570,R1552,B1552,True,556.0,True,176250
540,570,R1553,B1553,True,552.0,True,177950
540,570,R1554,B1554,True,552.0,True,177150
540,570,R1555,B1555,True,556.0,True,175800
540,570,R1556,B1556,True,552.0,True,175450
540,570,R1557,B1557,True,555.0,True,177150
540,570,R1558,B1558,True,554.0,True,178250
540,570,R1559,B1559,True,553.0,True,175500
540,570,R1560,B1560,True,559.0,True,175900
540,570,R1561,B1561,True,553.0,True,174050
540,570,R1562,B1562,True,553.0,True,353400
540,570,R1563,B1563,True,554.0,True,178250
540,570,R1564,B1564,True,559.0,True,175400
540,570,R1565,B1565,True,559.0,True,178050
540,570,R1566,B1566,True,559.0,True,176800
540,570,R1567,B1567,True,563.0,False,177950
540,570,R1568,B1568,True,555.0,True,177350
540,570,R1569,B1569,True,559.0,True,176700
540,570,R1570,B1570,True,556.0,True,177150
540,570,R1571,B1571,True,555.0,True,177250
540,570,R1572,B1572,True,555.0,True,177350
540,570,R1573,B1573,True,556.0,True,175900
540,570,R1574,B1574,True,561.0,False,177250
540,570,R1575,B1575,True,556.0,True,177250
540,570,R1576,B1576,True,560.0,False,176400
540,570,R1577,B1577,True,557.0,True,178250
540,570,R1578,B1578,True,562.0,False,178050
540,570,R1579,B1579,True,562.0,False,174050
540,570,R1580,B1580,True,563.0,False,178250
540,570,R1581,B1581,True,558.0,True,534150
540,570,R1582,B1582,True,558.0,True,177250
540,570,R1583,B1583,True,563.0,False,178150
540,570,R1584,B1584,True,559.0,True,178050
540,570,R1585,B1585,True,563.0,False,176250
540,570,R1586,B1586,True,559.0,True,174050
540,570,R1587,B1587,True,561.0,False,175400
540,570,R1588,B1588,True,560.0,False,177950
540,570,R1589,B1589,True,560.0,False,356100
540,570,R1590,B1590,True,560.0,False,176250
540,570,R1591,B1591,True,560.0,False,173350
540,570,R1592,B1592,True,566.0,False,174050
540,570,R1593,B1593,True,562.0,False,176700
540,570,R1594,B1594,True,562.0,False,178050
540,570,R1595,B1595,True,566.0,False,178050
540,570,R1596,B1596,True,561.0,False,175800
540,570,R1597,B1597,True,561.0,False,176800
540,570,R1598,B1598,True,562.0,False,356600
540,570,R1599,B1599,True,562.0,False,175800
540,570,R1600,B1600,True,562.0,False,178400
540,570,R1601,B1601,True,564.0,False,353600
540,570,R1602,B1602,True,563.0,False,178050
540,570,R1603,B1603,True,563.0,False,176250
540,570,R1604,B1604,True,563.0,False,174050
540,570,R1605,B1605,True,565.0,False,534150
540,570,R1606,B1606,True,568.0,False,178050
540,570,R1607,B1607,True,564.0,False,176250
540,570,R1608,B1608,True,565.0,False,177350
540,570,R1609,B1609,True,569.0,False,174050
540,570,R1610,B1610,True,568.0,False,177250
540,570,R1611,B1611,True,564.0,False,177250
540,570,R1612,B1612,True,565.0,False,178050
540,570,R1613,B1613,True,565.0,False,177350
540,570,R1614,B1614,True,565.0,False,177250
540,570,R1615,B1615,True,566.0,False,178250
540,570,R1616,B1616,True,566.0,False,355900
540,570,R1617,B1617,True,566.0,False,174050
540,570,R1618,B1618,True,567.0,False,175800
540,570,R1619,B1619,True,568.0,False,177350
540,570,R1620,B1620,True,567.0,False,175500
540,570,R1621,B1621,True,567.0,False,174050
540,570,R1622,B1622,True,568.0,False,175400
540,570,R1623,B1623,True,569.0,False,178050
540,570,R1624,B1624,True,568.0,False,178250
540,570,R1625,B1625,True,570.0,False,176250
540,570,R1626,B1626,True,569.0,False,177350
540,570,R1627,B1627,True,568.0,False,176300
540,570,R1628,B1628,True,568.0,False,162250
540,570,R1629,B1629,True,569.0,False,352500
540,570,R1630,B1630,True,569.0,False,177250
540,570,R1631,B1631,True,570.0,False,178050
540,570,R1632,B1632,True,570.0,False,174500
540,570,R1633,B1633,True,570.0,False,176700
540,570,R1634,B1634,True,570.0,False,177250
540,570,R1635,B1635,True,570.0,False,162250
560,590,R1508,B1508,False,,False,213658
560,590,R1567,B1567,True,563.0,True,193113
560,590,R1574,B1574,True,560.0,True,182635
560,590,R1576,B1576,False,,False,181868
560,590,R1578,B1578,True,560.0,True,190628
560,590,R1579,B1579,True,565.0,True,179653
560,590,R1580,B1580,False,,False,196635
560,590,R1583,B1583,True,562.0,True,196905
560,590,R1585,B1585,True,563.0,True,193852
560,590,R1587,B1587,True,560.0,True,186348
560,590,R1588,B1588,True,566.0,True,185403
560,590,R1589,B1589,True,568.0,True,374443
560,590,R1590,B1590,True,560.0,True,185051
560,590,R1591,B1591,True,566.0,True,180071
560,590,R1592,B1592,True,567.0,True,179579
560,590,R1593,B1593,True,561.0,True,183170
560,590,R1594,B1594,True,567.0,True,187221
560,590,R1595,B1595,True,563.0,True,184339
560,590,R1596,B1596,True,561.0,True,199633
560,590,R1597,B1597,True,561.0,True,184155
560,590,R1598,B1598,True,562.0,True,372951
560,590,R1599,B1599,True,567.0,True,201035
560,590,R1600,B1600,True,562.0,True,188222
560,590,R1601,B1601,True,564.0,True,368311
560,590,R1602,B1602,True,567.0,True,184339
560,590,R1603,B1603,True,567.0,True,185051
560,590,R1604,B1604,True,570.0,True,179653
560,590,R1605,B1605,True,571.0,True,561665
560,590,R1606,B1606,True,564.0,True,184339
560,590,R1607,B1607,True,564.0,True,185051
560,590,R1608,B1608,True,569.0,True,182549
560,590,R1609,B1609,True,570.0,True,179579
560,590,R1610,B1610,True,564.0,True,182635
560,590,R1611,B1611,True,572.0,True,182443
560,590,R1612,B1612,True,565.0,True,184339
560,590,R1613,B1613,True,566.0,True,182488
560,590,R1614,B1614,True,567.0,True,182570
560,590,R1615,B1615,True,566.0,True,187442
560,590,R1616,B1616,True,566.0,True,370806
560,590,R1617,B1617,True,567.0,True,179579
560,590,R1618,B1618,True,570.0,True,181758
560,590,R1619,B1619,True,571.0,True,182488
560,590,R1620,B1620,True,567.0,True,181356
560,590,R1621,B1621,True,567.0,True,179653
560,590,R1622,B1622,True,568.0,True,186348
560,590,R1623,B1623,True,568.0,True,187221
560,590,R1624,B1624,True,568.0,True,187638
560,590,R1625,B1625,True,569.0,True,185051
560,590,R1626,B1626,True,568.0,True,182549
560,590,R1627,B1627,True,573.0,True,181627
560,590,R1628,B1628,True,575.0,True,166450
560,590,R1629,B1629,True,572.0,True,370102
560,590,R1630,B1630,True,569.0,True,182443
560,590,R1631,B1631,True,570.0,True,187221
560,590,R1632,B1632,True,570.0,True,178485
560,590,R1633,B1633,True,575.0,True,183170
560,590,R1634,B1634,True,570.0,True,182635
560,590,R1635,B1635,True,574.0,True,166450
560,590,R1636,B1636,True,571.0,True,355900
560,590,R1637,B1637,True,571.0,True,177450
560,590,R1638,B1638,True,573.0,True,177250
560,590,R1639,B1639,True,571.0,True,162250
560,590,R1640,B1640,True,581.0,False,177250
560,590,R1641,B1641,True,577.0,True,178300
560,590,R1642,B1642,True,572.0,True,176800
560,590,R1643,B1643,True,573.0,True,176250
560,590,R1644,B1644,True,572.0,True,176700
560,590,R1645,B1645,True,573.0,True,178250
560,590,R1646,B1646,True,573.0,True,177950
560,590,R1647,B1647,True,574.0,True,355900
560,590,R1648,B1648,True,574.0,True,356100
560,590,R1649,B1649,True,574.0,True,356100
560,590,R1650,B1650,True,574.0,True,171000
560,590,R1651,B1651,True,574.0,True,172700
560,590,R1652,B1652,True,576.0,True,178250
560,590,R1653,B1653,True,575.0,True,177350
560,590,R1654,B1654,True,577.0,True,177950
560,590,R1655,B1655,True,576.0,True,175500
560,590,R1656,B1656,True,576.0,True,178250
560,590,R1657,B1657,True,577.0,True,178150
560,590,R1658,B1658,True,581.0,False,177250
560,590,R1659,B1659,True,579.0,True,356500
560,590,R1660,B1660,True,578.0,True,176250
560,590,R1661,B1661,True,585.0,False,174050
560,590,R1662,B1662,True,579.0,True,176700
560,590,R1663,B1663,True,578.0,True,177250
560,590,R1664,B1664,True,585.0,False,178400
560,590,R1665,B1665,True,579.0,True,356100
560,590,R1666,B1666,True,584.0,False,174050
560,590,R1667,B1667,True,579.0,True,176800
560,590,R1668,B1668,True,582.0,False,353400
560,590,R1669,B1669,True,580.0,False,177950
560,590,R1670,B1670,True,586.0,False,178050
560,590,R1671,B1671,True,580.0,False,176250
560,590,R1672,B1672,True,581.0,False,177950
560,590,R1673,B1673,True,581.0,False,157500
560,590,R1674,B1674,True,582.0,False,174050
560,590,R1675,B1675,True,589.0,False,178050
560,590,R1676,B1676,True,583.0,False,175500
560,590,R1677,B1677,True,584.0,False,356100
560,590,R1678,B1678,True,584.0,False,177250
560,590,R1679,B1679,True,584.0,False,177250
560,590,R1680,B1680,True,590.0,False,178250
560,590,R1681,B1681,True,587.0,False,175900
560,590,R1682,B1682,True,585.0,False,176250
560,590,R1683,B1683,True,585.0,False,176700
560,590,R1684,B1684,True,585.0,False,176300
560,590,R1685,B1685,True,586.0,False,178050
560,590,R1686,B1686,True,586.0,False,178050
560,590,R1687,B1687,True,590.0,False,174050
560,590,R1688,B1688,True,586.0,False,176200
560,590,R1689,B1689,True,587.0,False,178250
560,590,R1690,B1690,True,589.0,False,178050
560,590,R1691,B1691,True,587.0,False,174050
560,590,R1692,B1692,True,589.0,False,167450
560,590,R1693,B1693,True,589.0,False,175800
560,590,R1694,B1694,True,588.0,False,178250
560,590,R1695,B1695,True,588.0,False,176250
560,590,R1696,B1696,True,588.0,False,175500
560,590,R1697,B1697,True,589.0,False,174050
560,590,R1698,B1698,True,588.0,False,169000
560,590,R1699,B1699,True,589.0,False,178400
560,590,R1700,B1700,True,589.0,False,178250
560,590,R1701,B1701,True,589.0,False,178250
560,590,R1702,B1702,True,589.0,False,176250
560,590,R1703,B1703,True,589.0,False,174050
560,590,R1704,B1704,True,589.0,False,176700
560,590,R1705,B1705,True,590.0,False,178250
560,590,R1706,B1706,True,590.0,False,176700
560,590,R1707,B1707,True,590.0,False,176300
560,590,R1708,B1708,True,590.0,False,177350
580,610,R1640,B1640,True,580.0,True,182443
580,610,R1658,B1658,True,587.0,True,182443
580,610,R1661,B1661,True,580.0,True,179579
580,610,R1664,B1664,True,586.0,True,198044
580,610,R1666,B1666,True,583.0,True,179653
580,610,R1668,B1668,True,585.0,True,379280
580,610,R1669,B1669,True,580.0,True,185403
580,610,R1670,B1670,True,587.0,True,187221
580,610,R1671,B1671,True,580.0,True,185051
580,610,R1672,B1672,True,587.0,True,185531
580,610,R1673,B1673,True,581.0,True,161470
580,610,R1674,B1674,True,587.0,True,179579
580,610,R1675,B1675,True,584.0,True,187221
580,610,R1676,B1676,True,590.0,True,182625
580,610,R1677,B1677,True,584.0,True,368678
580,610,R1678,B1678,True,584.0,True,182635
580,610,R1679,B1679,True,584.0,True,182443
580,610,R1680,B1680,True,592.0,True,190857
580,610,R1681,B1681,True,588.0,True,180619
580,610,R1682,B1682,True,585.0,True,185051
580,610,R1683,B1683,True,585.0,True,183170
580,610,R1684,B1684,True,585.0,True,184441
580,610,R1685,B1685,True,586.0,True,187221
580,610,R1686,B1686,True,586.0,True,186516
580,610,R1687,B1687,True,591.0,True,179579
580,610,R1688,B1688,True,586.0,True,180988
580,610,R1689,B1689,True,589.0,True,190857
580,610,R1690,B1690,True,594.0,True,187221
580,610,R1691,B1691,True,593.0,True,179653
580,610,R1692,B1692,True,589.0,True,173798
580,610,R1693,B1693,True,588.0,True,181758
580,610,R1694,B1694,True,589.0,True,190857
580,610,R1695,B1695,True,593.0,True,185051
580,610,R1696,B1696,True,588.0,True,181356
580,610,R1697,B1697,True,588.0,True,179579
580,610,R1698,B1698,True,588.0,True,175269
580,610,R1699,B1699,True,589.0,True,188222
580,610,R1700,B1700,True,596.0,True,190857
580,610,R1701,B1701,True,589.0,True,187638
580,610,R1702,B1702,True,589.0,True,185051
580,610,R1703,B1703,True,590.0,True,179653
580,610,R1704,B1704,True,591.0,True,183170
580,610,R1705,B1705,True,590.0,True,187638
580,610,R1706,B1706,True,590.0,True,183170
580,610,R1707,B1707,True,595.0,True,181627
580,610,R1708,B1708,True,596.0,True,185749
580,610,R1709,B1709,True,596.0,True,178250
580,610,R1710,B1710,True,591.0,True,178050
580,610,R1711,B1711,True,591.0,True,177350
580,610,R1712,B1712,True,591.0,True,177150
580,610,R1713,B1713,True,598.0,True,174050
580,610,R1714,B1714,True,591.0,True,353600
580,610,R1715,B1715,True,597.0,True,177250
580,610,R1716,B1716,True,598.0,True,352500
580,610,R1717,B1717,True,592.0,True,176300
580,610,R1718,B1718,True,596.0,True,354500
580,610,R1719,B1719,True,600.0,False,177250
580,610,R1720,B1720,True,593.0,True,178250
580,610,R1721,B1721,True,595.0,True,178250
580,610,R1722,B1722,True,597.0,True,178050
580,610,R1723,B1723,True,593.0,True,176250
580,610,R1724,B1724,True,593.0,True,354500
580,610,R1725,B1725,True,593.0,True,177350
580,610,R1726,B1726,True,593.0,True,157500
580,610,R1727,B1727,True,594.0,True,178300
580,610,R1728,B1728,True,603.0,False,177250
580,610,R1729,B1729,True,594.0,True,175500
580,610,R1730,B1730,True,595.0,True,174050
580,610,R1731,B1731,True,594.0,True,176400
580,610,R1732,B1732,True,594.0,True,177250
580,610,R1733,B1733,True,595.0,True,178250
580,610,R1734,B1734,True,598.0,True,177950
580,610,R1735,B1735,True,600.0,False,175900
580,610,R1736,B1736,True,595.0,True,176250
580,610,R1737,B1737,True,595.0,True,169300
580,610,R1738,B1738,True,601.0,False,176200
580,610,R1739,B1739,True,596.0,True,353400
580,610,R1740,B1740,True,596.0,True,177250
580,610,R1741,B1741,True,605.0,False,178050
580,610,R1742,B1742,True,597.0,True,178250
580,610,R1743,B1743,True,601.0,False,176250
580,610,R1744,B1744,True,600.0,False,177350
580,610,R1745,B1745,True,603.0,False,177250
580,610,R1746,B1746,True,600.0,False,178250
580,610,R1747,B1747,True,598.0,True,176250
580,610,R1748,B1748,True,605.0,False,173350
580,610,R1749,B1749,True,598.0,True,176200
580,610,R1750,B1750,True,599.0,True,177350
580,610,R1751,B1751,True,599.0,True,175400
580,610,R1752,B1752,True,599.0,True,355900
580,610,R1753,B1753,True,600.0,False,177250
580,610,R1754,B1754,True,600.0,False,178050
580,610,R1755,B1755,True,600.0,False,177150
580,610,R1756,B1756,True,600.0,False,177250
580,610,R1757,B1757,True,601.0,False,178300
580,610,R1758,B1758,True,604.0,False,175200
580,610,R1759,B1759,True,606.0,False,177350
580,610,R1760,B1760,True,605.0,False,176200
580,610,R1761,B1761,True,601.0,False,177250
580,610,R1762,B1762,True,602.0,False,175800
580,610,R1763,B1763,True,602.0,False,178250
580,610,R1764,B1764,True,602.0,False,177350
580,610,R1765,B1765,True,602.0,False,175500
580,610,R1766,B1766,True,602.0,False,176200
580,610,R1767,B1767,True,608.0,False,177250
580,610,R1768,B1768,True,602.0,False,157500
580,610,R1769,B1769,True,603.0,False,355900
580,610,R1770,B1770,True,603.0,False,175900
580,610,R1771,B1771,True,603.0,False,177350
580,610,R1772,B1772,True,606.0,False,174050
580,610,R1773,B1773,True,603.0,False,176700
580,610,R1774,B1774,True,604.0,False,178150
580,610,R1775,B1775,True,604.0,False,177950
580,610,R1776,B1776,True,610.0,False,178050
580,610,R1777,B1777,True,604.0,False,176400
580,610,R1778,B1778,True,605.0,False,178050
580,610,R1779,B1779,True,609.0,False,176200
580,610,R1780,B1780,True,605.0,False,177250
580,610,R1781,B1781,True,606.0,False,355900
580,610,R1782,B1782,True,606.0,False,176700
580,610,R1783,B1783,True,606.0,False,176200
580,610,R1784,B1784,True,607.0,False,178250
580,610,R1785,B1785,True,607.0,False,177950
580,610,R1786,B1786,True,607.0,False,178250
580,610,R1787,B1787,True,607.0,False,178050
580,610,R1788,B1788,True,610.0,False,176250
580,610,R1789,B1789,True,607.0,False,176250
580,610,R1790,B1790,True,607.0,False,175800
580,610,R1791,B1791,True,607.0,False,176400
580,610,R1792,B1792,True,607.0,False,177350
580,610,R1793,B1793,True,608.0,False,176800
580,610,R1794,B1794,True,609.0,False,176700
580,610,R1795,B1795,True,608.0,False,173600
580,610,R1796,B1796,True,609.0,False,175800
580,610,R1797,B1797,True,610.0,False,352500
580,610,R1798,B1798,True,610.0,False,356100
580,610,R1799,B1799,True,610.0,False,352500
580,610,R1800,B1800,True,610.0,False,177450
580,610,R1801,B1801,True,610.0,False,176700
580,610,R1802,B1802,True,610.0,False,176300
600,630,R1719,B1719,True,600.0,True,182443
600,630,R1728,B1728,False,,False,182322
600,630,R1735,B1735,False,,False,180619
600,630,R1738,B1738,True,600.0,True,180988
600,630,R1741,B1741,True,600.0,True,187221
600,630,R1743,B1743,True,600.0,True,193852
600,630,R1744,B1744,False,,False,182488
600,630,R1745,B1745,True,600.0,True,182570
600,630,R1746,B1746,True,600.0,True,197026
600,630,R1748,B1748,True,606.0,True,180071
600,630,R1753,B1753,True,608.0,True,182322
600,630,R1754,B1754,True,600.0,True,190628
600,630,R1755,B1755,True,600.0,True,182337
600,630,R1756,B1756,True,605.0,True,182635
600,630,R1757,B1757,True,604.0,True,186475
600,630,R1758,B1758,True,608.0,True,180153
600,630,R1759,B1759,True,606.0,True,182488
600,630,R1760,B1760,True,605.0,True,180988
600,630,R1761,B1761,True,602.0,True,182443
600,630,R1762,B1762,True,606.0,True,181758
600,630,R1763,B1763,True,607.0,True,190857
600,630,R1764,B1764,True,603.0,True,182549
600,630,R1765,B1765,True,602.0,True,181356
600,630,R1766,B1766,True,602.0,True,180988
600,630,R1767,B1767,True,602.0,True,182635
600,630,R1768,B1768,True,602.0,True,161470
600,630,R1769,B1769,True,609.0,True,371063
600,630,R1770,B1770,True,608.0,True,180619
600,630,R1771,B1771,True,610.0,True,182488
600,630,R1772,B1772,True,607.0,True,179653
600,630,R1773,B1773,True,603.0,True,183170
600,630,R1774,B1774,True,604.0,True,187527
600,630,R1775,B1775,True,606.0,True,185403
600,630,R1776,B1776,True,604.0,True,187221
600,630,R1777,B1777,True,609.0,True,182400
600,630,R1778,B1778,True,605.0,True,184339
600,630,R1779,B1779,True,612.0,True,180988
600,630,R1780,B1780,True,605.0,True,182570
600,630,R1781,B1781,True,606.0,True,370806
600,630,R1782,B1782,True,611.0,True,183170
600,630,R1783,B1783,True,606.0,True,180988
600,630,R1784,B1784,True,607.0,True,187442
600,630,R1785,B1785,True,607.0,True,185531
600,630,R1786,B1786,True,607.0,True,190857
600,630,R1787,B1787,True,607.0,True,187221
600,630,R1788,B1788,True,608.0,True,181924
600,630,R1789,B1789,True,607.0,True,185051
600,630,R1790,B1790,True,607.0,True,199633
600,630,R1791,B1791,True,607.0,True,186218
600,630,R1792,B1792,True,614.0,True,185749
600,630,R1793,B1793,True,608.0,True,184155
600,630,R1794,B1794,True,608.0,True,183170
600,630,R1795,B1795,True,608.0,True,179405
600,630,R1796,B1796,True,609.0,True,181758
600,630,R1797,B1797,True,613.0,True,370102
600,630,R1798,B1798,True,613.0,True,374443
600,630,R1799,B1799,True,610.0,True,370102
600,630,R1800,B1800,True,610.0,True,184618
600,630,R1801,B1801,True,610.0,True,183170
600,630,R1802,B1802,True,610.0,True,181627
600,630,R1803,B1803,True,611.0,True,176200
600,630,R1804,B1804,True,611.0,True,177250
600,630,R1805,B1805,True,618.0,True,178400
600,630,R1806,B1806,True,616.0,True,176400
600,630,R1807,B1807,True,614.0,True,706800
600,630,R1808,B1808,True,617.0,True,175400
600,630,R1809,B1809,True,617.0,True,178250
600,630,R1810,B1810,True,613.0,True,177350
600,630,R1811,B1811,True,613.0,True,174050
600,630,R1812,B1812,True,614.0,True,175400
600,630,R1813,B1813,True,614.0,True,178150
600,630,R1814,B1814,True,614.0,True,178050
600,630,R1815,B1815,True,614.0,True,175500
600,630,R1816,B1816,True,615.0,True,178400
600,630,R1817,B1817,True,619.0,True,178050
600,630,R1818,B1818,True,615.0,True,174500
600,630,R1819,B1819,True,622.0,False,178250
600,630,R1820,B1820,True,616.0,True,177950
600,630,R1821,B1821,True,616.0,True,178250
600,630,R1822,B1822,True,616.0,True,178050
600,630,R1823,B1823,True,616.0,True,177950
600,630,R1824,B1824,True,616.0,True,176700
600,630,R1825,B1825,True,616.0,True,173600
600,630,R1826,B1826,True,620.0,False,177250
600,630,R1827,B1827,True,617.0,True,176800
600,630,R1828,B1828,True,617.0,True,356100
600,630,R1829,B1829,True,620.0,False,174050
600,630,R1830,B1830,True,617.0,True,177250
600,630,R1831,B1831,True,619.0,True,177950
600,630,R1832,B1832,True,618.0,True,176250
600,630,R1833,B1833,True,622.0,False,176250
600,630,R1834,B1834,True,618.0,True,348100
600,630,R1835,B1835,True,619.0,True,178250
600,630,R1836,B1836,True,625.0,False,177950
600,630,R1837,B1837,True,620.0,False,178250
600,630,R1838,B1838,True,619.0,True,176250
600,630,R1839,B1839,True,626.0,False,178250
600,630,R1840,B1840,True,627.0,False,178050
600,630,R1841,B1841,True,624.0,False,534150
600,630,R1842,B1842,True,627.0,False,175500
600,630,R1843,B1843,True,623.0,False,174050
600,630,R1844,B1844,True,620.0,False,177250
600,630,R1845,B1845,True,622.0,False,355900
600,630,R1846,B1846,True,621.0,False,175800
600,630,R1847,B1847,True,621.0,False,178050
600,630,R1848,B1848,True,626.0,False,177350
600,630,R1849,B1849,True,621.0,False,353600
600,630,R1850,B1850,True,621.0,False,157500
600,630,R1851,B1851,True,628.0,False,178300
600,630,R1852,B1852,True,623.0,False,176800
600,630,R1853,B1853,True,629.0,False,177950
600,630,R1854,B1854,True,622.0,False,178250
600,630,R1855,B1855,True,627.0,False,178050
600,630,R1856,B1856,True,629.0,False,174050
600,630,R1857,B1857,True,622.0,False,176700
600,630,R1858,B1858,True,623.0,False,178250
600,630,R1859,B1859,True,630.0,False,178150
600,630,R1860,B1860,True,623.0,False,356100
600,630,R1861,B1861,True,623.0,False,177950
600,630,R1862,B1862,True,627.0,False,174500
600,630,R1863,B1863,True,625.0,False,530100
600,630,R1864,B1864,True,627.0,False,178250
600,630,R1865,B1865,True,628.0,False,175800
600,630,R1866,B1866,True,624.0,False,178250
600,630,R1867,B1867,True,624.0,False,178050
600,630,R1868,B1868,True,624.0,False,177150
600,630,R1869,B1869,True,624.0,False,175400
600,630,R1870,B1870,True,624.0,False,348100
600,630,R1871,B1871,True,624.0,False,176300
600,630,R1872,B1872,True,624.0,False,176700
600,630,R1873,B1873,True,630.0,False,354500
600,630,R1874,B1874,True,624.0,False,176400
600,630,R1875,B1875,True,624.0,False,177250
600,630,R1876,B1876,True,625.0,False,178300
600,630,R1877,B1877,True,625.0,False,175800
600,630,R1878,B1878,True,625.0,False,178050
600,630,R1879,B1879,True,625.0,False,175500
600,630,R1880,B1880,True,629.0,False,178050
600,630,R1881,B1881,True,625.0,False,177950
600,630,R1882,B1882,True,630.0,False,177350
600,630,R1883,B1883,True,626.0,False,178300
600,630,R1884,B1884,True,626.0,False,177250
600,630,R1885,B1885,True,626.0,False,177950
600,630,R1886,B1886,True,626.0,False,178050
600,630,R1887,B1887,True,627.0,False,354300
600,630,R1888,B1888,True,626.0,False,174050
600,630,R1889,B1889,True,626.0,False,176300
600,630,R1890,B1890,True,627.0,False,178150
600,630,R1891,B1891,True,627.0,False,175900
600,630,R1892,B1892,True,627.0,False,176800
600,630,R1893,B1893,True,627.0,False,176700
600,630,R1894,B1894,True,627.0,False,167450
600,630,R1895,B1895,True,627.0,False,177250
600,630,R1896,B1896,True,627.0,False,177350
600,630,R1897,B1897,True,630.0,False,178250
600,630,R1898,B1898,True,628.0,False,175800
600,630,R1899,B1899,True,630.0,False,175400
600,630,R1900,B1900,True,628.0,False,356100
600,630,R1901,B1901,True,628.0,False,162250
600,630,R1902,B1902,True,629.0,False,178300
600,630,R1903,B1903,True,629.0,False,175800
600,630,R1904,B1904,True,629.0,False,178250
600,630,R1905,B1905,True,629.0,False,178150
600,630,R1906,B1906,True,630.0,False,353400
600,630,R1907,B1907,True,629.0,False,173599
600,630,R1908,B1908,True,630.0,False,175800
600,630,R1909,B1909,True,630.0,False,177950
600,630,R1910,B1910,True,630.0,False,178050
600,630,R1911,B1911,True,630.0,False,176700
620,650,R1728,B1728,False,,False,217831
620,650,R1744,B1744,False,,False,218455
620,650,R1819,B1819,False,,False,196635
620,650,R1826,B1826,True,620.0,True,182443
620,650,R1829,B1829,False,,False,179653
620,650,R1833,B1833,False,,False,193852
620,650,R1836,B1836,True,620.0,True,185531
620,650,R1837,B1837,True,626.0,True,187638
620,650,R1839,B1839,True,627.0,True,187442
620,650,R1840,B1840,True,628.0,True,187221
620,650,R1841,B1841,True,627.0,True,553017
620,650,R1842,B1842,True,626.0,True,181356
620,650,R1843,B1843,False,,False,179579
620,650,R1844,B1844,True,620.0,True,182635
620,650,R1845,B1845,True,623.0,True,371063
620,650,R1846,B1846,False,,False,181758
620,650,R1847,B1847,True,625.0,True,184339
620,650,R1848,B1848,False,,False,182488
620,650,R1849,B1849,True,621.0,True,368311
620,650,R1850,B1850,True,621.0,True,161470
620,650,R1851,B1851,True,622.0,True,186475
620,650,R1852,B1852,True,629.0,True,184282
620,650,R1853,B1853,False,,False,185403
620,650,R1854,B1854,True,623.0,True,190857
620,650,R1855,B1855,True,622.0,True,184339
620,650,R1856,B1856,False,,False,179579
620,650,R1857,B1857,True,627.0,True,183170
620,650,R1858,B1858,True,629.0,True,187442
620,650,R1859,B1859,True,624.0,True,187527
620,650,R1860,B1860,True,623.0,True,368678
620,650,R1861,B1861,True,629.0,True,185945
620,650,R1862,B1862,False,,False,178485
620,650,R1863,B1863,True,629.0,True,549510
620,650,R1864,B1864,True,628.0,True,194008
620,650,R1865,B1865,True,628.0,True,201035
620,650,R1866,B1866,True,624.0,True,188278
620,650,R1867,B1867,True,628.0,True,184339
620,650,R1868,B1868,True,624.0,True,182337
620,650,R1869,B1869,True,631.0,True,181773
620,650,R1870,B1870,True,629.0,True,359159
620,650,R1871,B1871,True,624.0,True,183870
620,650,R1872,B1872,True,624.0,True,183170
620,650,R1873,B1873,True,624.0,True,365271
620,650,R1874,B1874,True,624.0,True,182400
620,650,R1875,B1875,True,624.0,True,182443
620,650,R1876,B1876,True,630.0,True,186475
620,650,R1877,B1877,True,625.0,True,201035
620,650,R1878,B1878,True,625.0,True,187221
620,650,R1879,B1879,True,625.0,True,182625
620,650,R1880,B1880,True,625.0,True,184339
620,650,R1881,B1881,True,626.0,True,185945
620,650,R1882,B1882,True,631.0,True,185749
620,650,R1883,B1883,True,627.0,True,186475
620,650,R1884,B1884,False,,False,182322
620,650,R1885,B1885,True,626.0,True,185403
620,650,R1886,B1886,True,627.0,True,184339
620,650,R1887,B1887,True,627.0,True,364675
620,650,R1888,B1888,True,633.0,True,179579
620,650,R1889,B1889,True,626.0,True,181627
620,650,R1890,B1890,True,632.0,True,187527
620,650,R1891,B1891,False,,False,180619
620,650,R1892,B1892,True,627.0,True,184155
620,650,R1893,B1893,True,633.0,True,183170
620,650,R1894,B1894,True,627.0,True,173798
620,650,R1895,B1895,True,627.0,True,182570
620,650,R1896,B1896,True,628.0,True,185749
620,650,R1897,B1897,True,628.0,True,194008
620,650,R1898,B1898,True,632.0,True,201035
620,650,R1899,B1899,True,633.0,True,186348
620,650,R1900,B1900,True,628.0,True,368678
620,650,R1901,B1901,True,628.0,True,166450
620,650,R1902,B1902,True,629.0,True,186475
620,650,R1903,B1903,True,629.0,True,201035
620,650,R1904,B1904,True,629.0,True,188278
620,650,R1905,B1905,True,629.0,True,187527
620,650,R1906,B1906,True,632.0,True,366340
620,650,R1907,B1907,True,635.0,True,179486
620,650,R1908,B1908,True,630.0,True,201035
620,650,R1909,B1909,True,637.0,True,185403
620,650,R1910,B1910,True,634.0,True,187221
620,650,R1911,B1911,True,630.0,True,183170
620,650,R1912,B1912,True,636.0,True,178250
620,650,R1913,B1913,True,631.0,True,176800
620,650,R1914,B1914,True,632.0,True,178250
620,650,R1915,B1915,True,631.0,True,178050
620,650,R1916,B1916,True,631.0,True,178050
620,650,R1917,B1917,True,631.0,True,178250
620,650,R1918,B1918,True,631.0,True,176250
620,650,R1919,B1919,True,636.0,True,354700
620,650,R1920,B1920,True,638.0,True,176700
620,650,R1921,B1921,True,634.0,True,175200
620,650,R1922,B1922,True,632.0,True,175500
620,650,R1923,B1923,True,632.0,True,178050
620,650,R1924,B1924,True,635.0,True,173350
620,650,R1925,B1925,True,632.0,True,177450
620,650,R1926,B1926,True,632.0,True,174050
620,650,R1927,B1927,True,632.0,True,173600
620,650,R1928,B1928,True,634.0,True,178300
620,650,R1929,B1929,True,637.0,True,178250
620,650,R1930,B1930,True,633.0,True,177350
620,650,R1931,B1931,True,634.0,True,177950
620,650,R1932,B1932,True,640.0,False,176800
620,650,R1933,B1933,True,642.0,False,177250
620,650,R1934,B1934,True,634.0,True,178300
620,650,R1935,B1935,True,639.0,True,176800
620,650,R1936,B1936,True,634.0,True,178250
620,650,R1937,B1937,True,634.0,True,175900
620,650,R1938,B1938,True,642.0,False,176250
620,650,R1939,B1939,True,634.0,True,178050
620,650,R1940,B1940,True,634.0,True,352500
620,650,R1941,B1941,True,634.0,True,176700
620,650,R1942,B1942,True,642.0,False,173600
620,650,R1943,B1943,True,643.0,False,177250
620,650,R1944,B1944,True,635.0,True,175800
620,650,R1945,B1945,True,635.0,True,178050
620,650,R1946,B1946,True,637.0,True,527700
620,650,R1947,B1947,True,635.0,True,178250
620,650,R1948,B1948,True,638.0,True,176250
620,650,R1949,B1949,True,637.0,True,178050
620,650,R1950,B1950,True,635.0,True,167450
620,650,R1951,B1951,True,636.0,True,175500
620,650,R1952,B1952,True,645.0,False,176250
620,650,R1953,B1953,True,640.0,False,178050
620,650,R1954,B1954,True,636.0,True,177450
620,650,R1955,B1955,True,641.0,False,175800
620,650,R1956,B1956,True,636.0,True,353400
620,650,R1957,B1957,True,636.0,True,173650
620,650,R1958,B1958,True,636.0,True,174450
620,650,R1959,B1959,True,639.0,True,177250
620,650,R1960,B1960,True,640.0,False,178300
620,650,R1961,B1961,True,637.0,True,177950
620,650,R1962,B1962,True,637.0,True,178050
620,650,R1963,B1963,True,642.0,False,178250
620,650,R1964,B1964,True,637.0,True,175500
620,650,R1965,B1965,True,637.0,True,176800
620,650,R1966,B1966,True,637.0,True,176300
620,650,R1967,B1967,True,637.0,True,157500
620,650,R1968,B1968,True,640.0,False,178300
620,650,R1969,B1969,True,645.0,False,175800
620,650,R1970,B1970,True,638.0,True,356300
620,650,R1971,B1971,True,639.0,True,177950
620,650,R1972,B1972,True,638.0,True,356100
620,650,R1973,B1973,True,644.0,False,174050
620,650,R1974,B1974,True,639.0,True,173600
620,650,R1975,B1975,True,646.0,False,178300
620,650,R1976,B1976,True,639.0,True,356500
620,650,R1977,B1977,True,643.0,False,178050
620,650,R1978,B1978,True,639.0,True,178250
620,650,R1979,B1979,True,639.0,True,176700
620,650,R1980,B1980,True,640.0,False,178250
620,650,R1981,B1981,True,646.0,False,351600
620,650,R1982,B1982,True,640.0,False,356100
620,650,R1983,B1983,True,640.0,False,178050
620,650,R1984,B1984,True,647.0,False,353400
620,650,R1985,B1985,True,640.0,False,177250
620,650,R1986,B1986,True,647.0,False,178250
620,650,R1987,B1987,True,648.0,False,175800
620,650,R1988,B1988,True,641.0,False,178250
620,650,R1989,B1989,True,642.0,False,355900
620,650,R1990,B1990,True,641.0,False,175500
620,650,R1991,B1991,True,641.0,False,176700
620,650,R1992,B1992,True,641.0,False,167450
620,650,R1993,B1993,True,649.0,False,177250
620,650,R1994,B1994,True,642.0,False,533850
620,650,R1995,B1995,True,642.0,False,176800
620,650,R1996,B1996,True,642.0,False,176700
620,650,R1997,B1997,True,642.0,False,176300
620,650,R1998,B1998,True,646.0,False,177250
620,650,R1999,B1999,True,643.0,False,351600
620,650,R2000,B2000,True,643.0,False,177350
620,650,R2001,B2001,True,643.0,False,177150
620,650,R2002,B2002,True,643.0,False,176700
620,650,R2003,B2003,True,643.0,False,177250
620,650,R2004,B2004,True,643.0,False,162250
620,650,R2005,B2005,True,645.0,False,177950
620,650,R2006,B2006,True,644.0,False,175800
620,650,R2007,B2007,True,648.0,False,174050
620,650,R2008,B2008,True,644.0,False,353400
620,650,R2009,B2009,True,648.0,False,175800
620,650,R2010,B2010,True,646.0,False,177350
620,650,R2011,B2011,True,650.0,False,347300
620,650,R2012,B2012,True,650.0,False,175800
620,650,R2013,B2013,True,646.0,False,177950
620,650,R2014,B2014,True,646.0,False,175900
620,650,R2015,B2015,True,648.0,False,174050
620,650,R2016,B2016,True,647.0,False,178250
620,650,R2017,B2017,True,647.0,False,175400
620,650,R2018,B2018,True,647.0,False,178250
620,650,R2019,B2019,True,647.0,False,178050
620,650,R2020,B2020,True,647.0,False,173650
620,650,R2021,B2021,True,647.0,False,174450
620,650,R2022,B2022,True,648.0,False,178300
620,650,R2023,B2023,True,648.0,False,178250
620,650,R2024,B2024,True,649.0,False,177950
620,650,R2025,B2025,True,649.0,False,177350
620,650,R2026,B2026,True,648.0,False,171000
620,650,R2027,B2027,True,649.0,False,177250
620,650,R2028,B2028,True,648.0,False,176400
620,650,R2029,B2029,True,650.0,False,177250
620,650,R2030,B2030,True,650.0,False,176250
620,650,R2031,B2031,True,649.0,False,173350
620,650,R2032,B2032,True,649.0,False,176700
620,650,R2033,B2033,True,649.0,False,177150
620,650,R2034,B2034,True,649.0,False,157500
620,650,R2035,B2035,True,650.0,False,356600
620,650,R2036,B2036,True,650.0,False,175400
620,650,R2037,B2037,True,650.0,False,178150
620,650,R2038,B2038,True,650.0,False,175800
620,650,R2039,B2039,True,650.0,False,176800
620,650,R2040,B2040,True,650.0,False,173600
620,650,R2041,B2041,True,650.0,False,167450
640,670,R1829,B1829,False,,False,218876
640,670,R1843,B1843,False,,False,218286
640,670,R1846,B1846,False,,False,223466
640,670,R1848,B1848,False,,False,208179
640,670,R1853,B1853,False,,False,237577
640,670,R1856,B1856,False,,False,218286
640,670,R1862,B1862,False,,False,190443
640,670,R1884,B1884,False,,False,197540
640,670,R1891,B1891,False,,False,194779
640,670,R1932,B1932,True,640.0,True,198867
640,670,R1933,B1933,True,640.0,True,182443
640,670,R1938,B1938,False,,False,181924
640,670,R1942,B1942,False,,False,179405
640,670,R1943,B1943,True,641.0,True,182443
640,670,R1952,B1952,False,,False,181924
640,670,R1953,B1953,True,643.0,True,190628
640,670,R1955,B1955,True,641.0,True,223466
640,670,R1960,B1960,True,644.0,True,194651
640,670,R1963,B1963,True,640.0,True,197026
640,670,R1968,B1968,False,,False,194651
640,670,R1969,B1969,True,640.0,True,226270
640,670,R1973,B1973,False,,False,179579
640,670,R1975,B1975,True,646.0,True,194651
640,670,R1977,B1977,True,644.0,True,190628
640,670,R1980,B1980,True,647.0,True,187442
640,670,R1981,B1981,True,646.0,True,402070
640,670,R1982,B1982,True,640.0,True,374443
640,670,R1983,B1983,True,644.0,True,184339
640,670,R1984,B1984,True,647.0,True,366340
640,670,R1985,B1985,True,649.0,True,182443
640,670,R1986,B1986,True,648.0,True,187442
640,670,R1987,B1987,True,647.0,True,201035
640,670,R1988,B1988,True,641.0,True,188278
640,670,R1989,B1989,True,646.0,True,371063
640,670,R1990,B1990,True,645.0,True,182625
640,670,R1991,B1991,True,645.0,True,183170
640,670,R1992,B1992,True,641.0,True,173798
640,670,R1993,B1993,True,650.0,True,182443
640,670,R1994,B1994,True,649.0,True,556210
640,670,R1995,B1995,True,642.0,True,184155
640,670,R1996,B1996,True,642.0,True,183170
640,670,R1997,B1997,True,646.0,True,181627
640,670,R1998,B1998,True,646.0,True,182635
640,670,R1999,B1999,True,643.0,True,402070
640,670,R2000,B2000,False,,False,182488
640,670,R2001,B2001,True,643.0,True,182337
640,670,R2002,B2002,True,647.0,True,183170
640,670,R2003,B2003,True,643.0,True,182570
640,670,R2004,B2004,True,643.0,True,166450
640,670,R2005,B2005,True,648.0,True,185403
640,670,R2006,B2006,False,,False,181758
640,670,R2007,B2007,True,648.0,True,179579
640,670,R2008,B2008,True,644.0,True,366340
640,670,R2009,B2009,True,647.0,True,201035
640,670,R2010,B2010,False,,False,182488
640,670,R2011,B2011,True,650.0,True,357501
640,670,R2012,B2012,True,653.0,True,201035
640,670,R2013,B2013,True,646.0,True,185403
640,670,R2014,B2014,False,,False,180619
640,670,R2015,B2015,False,,False,179579
640,670,R2016,B2016,True,654.0,True,187442
640,670,R2017,B2017,False,,False,186075
640,670,R2018,B2018,True,652.0,True,190857
640,670,R2019,B2019,True,652.0,True,184339
640,670,R2020,B2020,True,647.0,True,178750
640,670,R2021,B2021,True,647.0,True,179794
640,670,R2022,B2022,True,654.0,True,186475
640,670,R2023,B2023,True,648.0,True,194008
640,670,R2024,B2024,True,648.0,True,185403
640,670,R2025,B2025,True,652.0,True,182549
640,670,R2026,B2026,True,654.0,True,176192
640,670,R2027,B2027,True,648.0,True,182635
640,670,R2028,B2028,True,651.0,True,182400
640,670,R2029,B2029,True,656.0,True,182443
640,670,R2030,B2030,False,,False,181924
640,670,R2031,B2031,True,651.0,True,179965
640,670,R2032,B2032,True,649.0,True,183170
640,670,R2033,B2033,True,649.0,True,182337
640,670,R2034,B2034,True,655.0,True,161470
640,670,R2035,B2035,True,656.0,True,372951
640,670,R2036,B2036,False,,False,186348
640,670,R2037,B2037,True,657.0,True,187527
640,670,R2038,B2038,True,651.0,True,181758
640,670,R2039,B2039,True,655.0,True,184155
640,670,R2040,B2040,True,650.0,True,179405
640,670,R2041,B2041,True,650.0,True,173798
640,670,R2042,B2042,True,651.0,True,178300
640,670,R2043,B2043,True,651.0,True,175800
640,670,R2044,B2044,True,654.0,True,176250
640,670,R2045,B2045,True,652.0,True,178250
640,670,R2046,B2046,True,655.0,True,175800
640,670,R2047,B2047,True,658.0,True,177950
640,670,R2048,B2048,True,656.0,True,178050
640,670,R2049,B2049,True,654.0,True,177150
640,670,R2050,B2050,True,652.0,True,176800
640,670,R2051,B2051,True,652.0,True,176700
640,670,R2052,B2052,True,652.0,True,176300
640,670,R2053,B2053,False,,False,175400
640,670,R2054,B2054,True,653.0,True,533850
640,670,R2055,B2055,True,653.0,True,178050
640,670,R2056,B2056,True,653.0,True,178050
640,670,R2057,B2057,True,656.0,True,175800
640,670,R2058,B2058,True,660.0,False,176700
640,670,R2059,B2059,True,653.0,True,177250
640,670,R2060,B2060,True,654.0,True,178250
640,670,R2061,B2061,False,,False,175400
640,670,R2062,B2062,True,654.0,True,178150
640,670,R2063,B2063,True,658.0,True,178050
640,670,R2064,B2064,True,654.0,True,176700
640,670,R2065,B2065,True,662.0,False,162250
640,670,R2066,B2066,True,655.0,True,178250
640,670,R2067,B2067,True,655.0,True,177950
640,670,R2068,B2068,True,655.0,True,178050
640,670,R2069,B2069,True,655.0,True,176800
640,670,R2070,B2070,True,660.0,False,162250
640,670,R2071,B2071,True,661.0,False,178250
640,670,R2072,B2072,True,656.0,True,178250
640,670,R2073,B2073,True,662.0,False,178150
640,670,R2074,B2074,True,664.0,False,175800
640,670,R2075,B2075,True,656.0,True,176700
640,670,R2076,B2076,True,663.0,False,334900
640,670,R2077,B2077,True,666.0,False,177250
640,670,R2078,B2078,True,657.0,True,178300
640,670,R2079,B2079,True,659.0,True,175900
640,670,R2080,B2080,True,657.0,True,534150
640,670,R2081,B2081,True,657.0,True,176250
640,670,R2082,B2082,True,657.0,True,173599
640,670,R2083,B2083,True,657.0,True,175450
640,670,R2084,B2084,True,657.0,True,162250
640,670,R2085,B2085,True,662.0,False,177950
640,670,R2086,B2086,True,666.0,False,176250
640,670,R2087,B2087,True,666.0,False,354700
640,670,R2088,B2088,True,660.0,False,177450
640,670,R2089,B2089,True,658.0,True,175500
640,670,R2090,B2090,True,661.0,False,176700
640,670,R2091,B2091,True,658.0,True,157500
640,670,R2092,B2092,True,663.0,False,178300
640,670,R2093,B2093,True,659.0,True,178250
640,670,R2094,B2094,True,667.0,False,177250
640,670,R2095,B2095,True,659.0,True,178150
640,670,R2096,B2096,True,659.0,True,177950
640,670,R2097,B2097,True,659.0,True,178250
640,670,R2098,B2098,True,666.0,False,178050
640,670,R2099,B2099,False,,False,175900
640,670,R2100,B2100,True,660.0,False,352500
640,670,R2101,B2101,True,659.0,True,178050
640,670,R2102,B2102,True,667.0,False,176400
640,670,R2103,B2103,True,666.0,False,178250
640,670,R2104,B2104,True,668.0,False,177250
640,670,R2105,B2105,True,660.0,False,355900
640,670,R2106,B2106,True,661.0,False,175800
640,670,R2107,B2107,True,661.0,False,178050
640,670,R2108,B2108,True,663.0,False,171000
640,670,R2109,B2109,True,660.0,False,167450
640,670,R2110,B2110,True,661.0,False,356500
640,670,R2111,B2111,True,661.0,False,175800
640,670,R2112,B2112,True,661.0,False,530100
640,670,R2113,B2113,True,662.0,False,173599
640,670,R2114,B2114,True,666.0,False,174450
640,670,R2115,B2115,True,666.0,False,162250
640,670,R2116,B2116,True,669.0,False,175800
640,670,R2117,B2117,True,666.0,False,175400
640,670,R2118,B2118,True,662.0,False,356300
640,670,R2119,B2119,True,662.0,False,178050
640,670,R2120,B2120,True,666.0,False,175500
640,670,R2121,B2121,True,668.0,False,176250
640,670,R2122,B2122,True,662.0,False,176800
640,670,R2123,B2123,True,664.0,False,176700
640,670,R2124,B2124,True,666.0,False,178300
640,670,R2125,B2125,True,664.0,False,175800
640,670,R2126,B2126,True,669.0,False,178400
640,670,R2127,B2127,True,663.0,False,175500
640,670,R2128,B2128,True,663.0,False,177350
640,670,R2129,B2129,True,663.0,False,174050
640,670,R2130,B2130,True,663.0,False,176800
640,670,R2131,B2131,True,663.0,False,176700
640,670,R2132,B2132,True,664.0,False,176400
640,670,R2133,B2133,True,663.0,False,177250
640,670,R2134,B2134,True,663.0,False,174450
640,670,R2135,B2135,True,663.0,False,162250
640,670,R2136,B2136,True,669.0,False,177250
640,670,R2137,B2137,True,666.0,False,178300
640,670,R2138,B2138,True,664.0,False,177950
640,670,R2139,B2139,True,664.0,False,178050
640,670,R2140,B2140,True,665.0,False,178050
640,670,R2141,B2141,True,670.0,False,176700
640,670,R2142,B2142,True,665.0,False,178300
640,670,R2143,B2143,True,665.0,False,351600
640,670,R2144,B2144,True,665.0,False,355900
640,670,R2145,B2145,True,665.0,False,356100
640,670,R2146,B2146,True,669.0,False,178050
640,670,R2147,B2147,True,665.0,False,176250
640,670,R2148,B2148,True,669.0,False,354500
640,670,R2149,B2149,True,667.0,False,178250
640,670,R2150,B2150,True,666.0,False,175800
640,670,R2151,B2151,True,670.0,False,178250
640,670,R2152,B2152,True,669.0,False,175800
640,670,R2153,B2153,True,666.0,False,178400
640,670,R2154,B2154,True,666.0,False,178050
640,670,R2155,B2155,True,666.0,False,177450
640,670,R2156,B2156,True,666.0,False,176700
640,670,R2157,B2157,True,666.0,False,354500
640,670,R2158,B2158,False,,False,162250
640,670,R2159,B2159,True,666.0,False,177250
640,670,R2160,B2160,True,668.0,False,178250
640,670,R2161,B2161,True,667.0,False,178250
640,670,R2162,B2162,True,667.0,False,178150
640,670,R2163,B2163,True,667.0,False,177950
640,670,R2164,B2164,True,667.0,False,175500
640,670,R2165,B2165,True,667.0,False,178050
640,670,R2166,B2166,True,667.0,False,176700
640,670,R2167,B2167,True,667.0,False,173650
640,670,R2168,B2168,True,667.0,False,177250
640,670,R2169,B2169,True,667.0,False,174450
640,670,R2170,B2170,True,667.0,False,177250
640,670,R2171,B2171,True,670.0,False,178150
640,670,R2172,B2172,True,670.0,False,175800
640,670,R2173,B2173,True,668.0,False,534150
640,670,R2174,B2174,True,668.0,False,356100
640,670,R2175,B2175,True,668.0,False,177150
640,670,R2176,B2176,True,670.0,False,177250
640,670,R2177,B2177,True,669.0,False,175800
640,670,R2178,B2178,True,669.0,False,178250
640,670,R2179,B2179,True,670.0,False,177950
640,670,R2180,B2180,True,670.0,False,178050
640,670,R2181,B2181,True,669.0,False,177450
640,670,R2182,B2182,True,669.0,False,174050
640,670,R2183,B2183,True,669.0,False,177250
640,670,R2184,B2184,True,670.0,False,174450
640,670,R2185,B2185,True,670.0,False,177250
640,670,R2186,B2186,True,670.0,False,178250
640,670,R2187,B2187,True,670.0,False,176800
640,670,R2188,B2188,True,670.0,False,175400
640,670,R2189,B2189,True,670.0,False,178150
640,670,R2190,B2190,True,670.0,False,175200
640,670,R2191,B2191,True,670.0,False,351800
640,670,R2192,B2192,True,670.0,False,178050
640,670,R2193,B2193,True,670.0,False,177350
640,670,R2194,B2194,True,670.0,False,353400
640,670,R2195,B2195,True,670.0,False,174450
660,690,R1938,B1938,False,,False,221644
660,690,R1952,B1952,False,,False,221644
660,690,R1973,B1973,False,,False,218286
660,690,R2000,B2000,False,,False,208179
660,690,R2006,B2006,False,,False,211550
660,690,R2010,B2010,False,,False,197902
660,690,R2014,B2014,False,,False,194779
660,690,R2015,B2015,False,,False,207227
660,690,R2017,B2017,False,,False,218100
660,690,R2030,B2030,False,,False,187598
660,690,R2036,B2036,False,,False,197297
660,690,R2053,B2053,False,,False,186075
660,690,R2058,B2058,False,,False,196110
660,690,R2061,B2061,False,,False,186348
660,690,R2065,B2065,False,,False,166450
660,690,R2070,B2070,False,,False,166450
660,690,R2071,B2071,False,,False,209767
660,690,R2073,B2073,True,660.0,True,196905
660,690,R2074,B2074,False,,False,181758
660,690,R2076,B2076,True,663.0,True,347596
660,690,R2077,B2077,True,666.0,True,182635
660,690,R2085,B2085,True,660.0,True,185403
660,690,R2086,B2086,False,,False,181924
660,690,R2087,B2087,True,666.0,True,365098
660,690,R2088,B2088,False,,False,184618
660,690,R2090,B2090,True,660.0,True,189640
660,690,R2092,B2092,True,660.0,True,194651
660,690,R2094,B2094,False,,False,182322
660,690,R2098,B2098,True,660.0,True,187221
660,690,R2099,B2099,False,,False,180619
660,690,R2100,B2100,True,663.0,True,387704
660,690,R2102,B2102,False,,False,186218
660,690,R2103,B2103,False,,False,194008
660,690,R2104,B2104,False,,False,182322
660,690,R2105,B2105,True,663.0,True,370806
660,690,R2106,B2106,False,,False,181758
660,690,R2107,B2107,True,667.0,True,184339
660,690,R2108,B2108,False,,False,176192
660,690,R2109,B2109,True,660.0,True,173798
660,690,R2110,B2110,True,663.0,True,374885
660,690,R2111,B2111,True,667.0,True,201035
660,690,R2112,B2112,True,663.0,True,549510
660,690,R2113,B2113,False,,False,179486
660,690,R2114,B2114,True,666.0,True,179794
660,690,R2115,B2115,False,,False,166450
660,690,R2116,B2116,True,667.0,True,201035
660,690,R2117,B2117,False,,False,186348
660,690,R2118,B2118,True,664.0,True,375055
660,690,R2119,B2119,True,663.0,True,187221
660,690,R2120,B2120,False,,False,182625
660,690,R2121,B2121,True,666.0,True,185051
660,690,R2122,B2122,True,667.0,True,184155
660,690,R2123,B2123,False,,False,183170
660,690,R2124,B2124,True,669.0,True,186475
660,690,R2125,B2125,False,,False,181758
660,690,R2126,B2126,True,669.0,True,188222
660,690,R2127,B2127,False,,False,182625
660,690,R2128,B2128,True,663.0,True,182488
660,690,R2129,B2129,True,663.0,True,179653
660,690,R2130,B2130,True,667.0,True,184155
660,690,R2131,B2131,True,666.0,True,183170
660,690,R2132,B2132,False,,False,186218
660,690,R2133,B2133,True,663.0,True,182570
660,690,R2134,B2134,True,663.0,True,179794
660,690,R2135,B2135,False,,False,166450
660,690,R2136,B2136,True,669.0,True,182443
660,690,R2137,B2137,True,666.0,True,186475
660,690,R2138,B2138,True,665.0,True,185403
660,690,R2139,B2139,True,670.0,True,187221
660,690,R2140,B2140,True,664.0,True,184339
660,690,R2141,B2141,False,,False,183170
660,690,R2142,B2142,True,666.0,True,186475
660,690,R2143,B2143,True,672.0,True,402070
660,690,R2144,B2144,True,673.0,True,371063
660,690,R2145,B2145,True,666.0,True,374443
660,690,R2146,B2146,True,669.0,True,184339
660,690,R2147,B2147,True,666.0,True,185051
660,690,R2148,B2148,True,665.0,True,365140
660,690,R2149,B2149,True,670.0,True,194008
660,690,R2150,B2150,True,673.0,True,201035
660,690,R2151,B2151,True,670.0,True,188278
660,690,R2152,B2152,False,,False,181758
660,690,R2153,B2153,True,666.0,True,188222
660,690,R2154,B2154,True,666.0,True,184339
660,690,R2155,B2155,False,,False,184618
660,690,R2156,B2156,True,672.0,True,183170
660,690,R2157,B2157,True,668.0,True,365271
660,690,R2158,B2158,False,,False,166450
660,690,R2159,B2159,True,666.0,True,182443
660,690,R2160,B2160,True,671.0,True,193465
660,690,R2161,B2161,True,667.0,True,188278
660,690,R2162,B2162,True,667.0,True,187527
660,690,R2163,B2163,True,667.0,True,185531
660,690,R2164,B2164,True,671.0,True,182625
660,690,R2165,B2165,True,669.0,True,184339
660,690,R2166,B2166,False,,False,183170
660,690,R2167,B2167,False,,False,178750
660,690,R2168,B2168,True,672.0,True,182570
660,690,R2169,B2169,False,,False,179794
660,690,R2170,B2170,True,672.0,True,182443
660,690,R2171,B2171,True,674.0,True,187527
660,690,R2172,B2172,False,,False,181758
660,690,R2173,B2173,True,676.0,True,561665
660,690,R2174,B2174,True,674.0,True,368678
660,690,R2175,B2175,True,668.0,True,182337
660,690,R2176,B2176,True,676.0,True,182635
660,690,R2177,B2177,True,670.0,True,201035
660,690,R2178,B2178,True,669.0,True,188278
660,690,R2179,B2179,True,670.0,True,185531
660,690,R2180,B2180,True,677.0,True,187221
660,690,R2181,B2181,False,,False,184618
660,690,R2182,B2182,True,669.0,True,179653
660,690,R2183,B2183,True,669.0,True,182570
660,690,R2184,B2184,False,,False,179794
660,690,R2185,B2185,True,669.0,True,182443
660,690,R2186,B2186,True,674.0,True,187442
660,690,R2187,B2187,True,670.0,True,184282
660,690,R2188,B2188,False,,False,186348
660,690,R2189,B2189,True,675.0,True,187527
660,690,R2190,B2190,False,,False,180153
660,690,R2191,B2191,True,670.0,True,361239
660,690,R2192,B2192,True,675.0,True,184339
660,690,R2193,B2193,False,,False,182549
660,690,R2194,B2194,True,670.0,True,366340
660,690,R2195,B2195,False,,False,179794
660,690,R2196,B2196,True,671.0,True,175800
660,690,R2197,B2197,True,678.0,True,533850
660,690,R2198,B2198,True,675.0,True,178250
660,690,R2199,B2199,True,671.0,True,356100
660,690,R2200,B2200,False,,False,176700
660,690,R2201,B2201,False,,False,176300
660,690,R2202,B2202,True,672.0,True,178300
660,690,R2203,B2203,True,672.0,True,178150
660,690,R2204,B2204,True,672.0,True,178250
660,690,R2205,B2205,True,676.0,True,178050
660,690,R2206,B2206,False,,False,173600
660,690,R2207,B2207,True,674.0,True,178250
660,690,R2208,B2208,False,,False,177250
660,690,R2209,B2209,True,673.0,True,178050
660,690,R2210,B2210,True,678.0,True,356100
660,690,R2211,B2211,True,676.0,True,176700
660,690,R2212,B2212,True,673.0,True,177150
660,690,R2213,B2213,True,676.0,True,177250
660,690,R2214,B2214,False,,False,177250
660,690,R2215,B2215,True,674.0,True,178300
660,690,R2216,B2216,False,,False,177250
660,690,R2217,B2217,True,675.0,True,177950
660,690,R2218,B2218,False,,False,175550
660,690,R2219,B2219,True,674.0,True,178050
660,690,R2220,B2220,True,679.0,True,178050
660,690,R2221,B2221,True,674.0,True,175500
660,690,R2222,B2222,True,680.0,False,174050
660,690,R2223,B2223,True,674.0,True,177250
660,690,R2224,B2224,True,675.0,True,533850
660,690,R2225,B2225,True,683.0,False,178050
660,690,R2226,B2226,True,675.0,True,175900
660,690,R2227,B2227,True,675.0,True,356100
660,690,R2228,B2228,True,675.0,True,176700
660,690,R2229,B2229,False,,False,169000
660,690,R2230,B2230,True,675.0,True,175450
660,690,R2231,B2231,False,,False,177250
660,690,R2232,B2232,True,679.0,True,178300
660,690,R2233,B2233,True,676.0,True,175800
660,690,R2234,B2234,True,678.0,True,177950
660,690,R2235,B2235,False,,False,175900
660,690,R2236,B2236,True,679.0,True,178250
660,690,R2237,B2237,True,679.0,True,176800
660,690,R2238,B2238,True,680.0,False,176700
660,690,R2239,B2239,True,685.0,False,177250
660,690,R2240,B2240,True,681.0,False,356500
660,690,R2241,B2241,True,682.0,False,178150
660,690,R2242,B2242,True,677.0,True,174050
660,690,R2243,B2243,True,683.0,False,176700
660,690,R2244,B2244,False,,False,173599
660,690,R2245,B2245,True,686.0,False,177250
660,690,R2246,B2246,True,684.0,False,178300
660,690,R2247,B2247,True,678.0,True,356500
660,690,R2248,B2248,True,678.0,True,351600
660,690,R2249,B2249,True,678.0,True,177950
660,690,R2250,B2250,True,678.0,True,353400
660,690,R2251,B2251,False,,False,177250
660,690,R2252,B2252,True,679.0,True,356500
660,690,R2253,B2253,True,679.0,True,178150
660,690,R2254,B2254,True,684.0,False,177950
660,690,R2255,B2255,True,680.0,False,178050
660,690,R2256,B2256,True,679.0,True,178050
660,690,R2257,B2257,True,679.0,True,175500
660,690,R2258,B2258,True,687.0,False,177150
660,690,R2259,B2259,True,679.0,True,177250
660,690,R2260,B2260,True,680.0,False,178250
660,690,R2261,B2261,True,685.0,False,178150
660,690,R2262,B2262,True,680.0,False,177950
660,690,R2263,B2263,True,684.0,False,178250
660,690,R2264,B2264,True,683.0,False,175900
660,690,R2265,B2265,True,686.0,False,176250
660,690,R2266,B2266,True,686.0,False,356100
660,690,R2267,B2267,True,686.0,False,178250
660,690,R2268,B2268,True,680.0,False,174050
660,690,R2269,B2269,True,680.0,False,173650
660,690,R2270,B2270,True,680.0,False,354700
660,690,R2271,B2271,True,681.0,False,178250
660,690,R2272,B2272,True,681.0,False,178250
660,690,R2273,B2273,True,681.0,False,177950
660,690,R2274,B2274,True,681.0,False,178400
660,690,R2275,B2275,True,686.0,False,178250
660,690,R2276,B2276,True,688.0,False,356100
660,690,R2277,B2277,True,682.0,False,178250
660,690,R2278,B2278,True,681.0,False,530100
660,690,R2279,B2279,True,681.0,False,176400
660,690,R2280,B2280,True,683.0,False,177250
660,690,R2281,B2281,True,682.0,False,178300
660,690,R2282,B2282,True,684.0,False,178250
660,690,R2283,B2283,True,682.0,False,178150
660,690,R2284,B2284,True,684.0,False,535200
660,690,R2285,B2285,True,687.0,False,178250
660,690,R2286,B2286,True,690.0,False,176250
660,690,R2287,B2287,True,682.0,False,178050
660,690,R2288,B2288,True,682.0,False,175800
660,690,R2289,B2289,True,682.0,False,175800
660,690,R2290,B2290,True,682.0,False,167450
660,690,R2291,B2291,True,690.0,False,178250
660,690,R2292,B2292,True,687.0,False,356600
660,690,R2293,B2293,True,683.0,False,356500
660,690,R2294,B2294,True,689.0,False,353600
660,690,R2295,B2295,True,688.0,False,175400
660,690,R2296,B2296,True,687.0,False,356500
660,690,R2297,B2297,True,687.0,False,534750
660,690,R2298,B2298,True,687.0,False,176250
660,690,R2299,B2299,True,683.0,False,356100
660,690,R2300,B2300,True,687.0,False,177350
660,690,R2301,B2301,True,683.0,False,353400
660,690,R2302,B2302,True,683.0,False,177250
660,690,R2303,B2303,True,688.0,False,162250
660,690,R2304,B2304,True,684.0,False,356600
660,690,R2305,B2305,True,684.0,False,356300
660,690,R2306,B2306,False,,False,176250
660,690,R2307,B2307,True,684.0,False,178050
660,690,R2308,B2308,True,685.0,False,713000
660,690,R2309,B2309,True,690.0,False,176250
660,690,R2310,B2310,True,684.0,False,171000
660,690,R2311,B2311,True,684.0,False,177150
660,690,R2312,B2312,True,684.0,False,354500
660,690,R2313,B2313,True,685.0,False,178250
660,690,R2314,B2314,True,686.0,False,178400
660,690,R2315,B2315,True,685.0,False,178250
660,690,R2316,B2316,True,685.0,False,356100
660,690,R2317,B2317,True,685.0,False,705000
660,690,R2318,B2318,True,685.0,False,356100
660,690,R2319,B2319,True,685.0,False,174050
660,690,R2320,B2320,True,685.0,False,162250
660,690,R2321,B2321,True,686.0,False,178250
660,690,R2322,B2322,True,686.0,False,178300
660,690,R2323,B2323,True,686.0,False,176800
660,690,R2324,B2324,True,686.0,False,177950
660,690,R2325,B2325,True,686.0,False,356800
660,690,R2326,B2326,True,686.0,False,356100
660,690,R2327,B2327,True,686.0,False,534150
660,690,R2328,B2328,True,689.0,False,178250
660,690,R2329,B2329,True,686.0,False,176250
660,690,R2330,B2330,True,686.0,False,175800
660,690,R2331,B2331,True,686.0,False,175500
660,690,R2332,B2332,True,687.0,False,356500
660,690,R2333,B2333,True,687.0,False,356500
660,690,R2334,B2334,True,687.0,False,178150
660,690,R2335,B2335,True,687.0,False,177950
660,690,R2336,B2336,True,689.0,False,178250
660,690,R2337,B2337,True,688.0,False,178050
660,690,R2338,B2338,True,690.0,False,178250
660,690,R2339,B2339,True,687.0,False,175450
660,690,R2340,B2340,True,687.0,False,174450
660,690,R2341,B2341,True,690.0,False,162250
660,690,R2342,B2342,True,687.0,False,354500
660,690,R2343,B2343,True,690.0,False,178150
660,690,R2344,B2344,True,688.0,False,175800
660,690,R2345,B2345,True,689.0,False,178400
660,690,R2346,B2346,True,689.0,False,356500
660,690,R2347,B2347,True,688.0,False,178050
660,690,R2348,B2348,True,688.0,False,178250
660,690,R2349,B2349,True,688.0,False,353400
660,690,R2350,B2350,True,690.0,False,173650
660,690,R2351,B2351,True,688.0,False,334900
660,690,R2352,B2352,True,688.0,False,177250
660,690,R2353,B2353,True,689.0,False,356600
660,690,R2354,B2354,True,689.0,False,178250
660,690,R2355,B2355,True,690.0,False,356500
660,690,R2356,B2356,True,689.0,False,355900
660,690,R2357,B2357,True,689.0,False,356100
660,690,R2358,B2358,True,689.0,False,528750
660,690,R2359,B2359,True,689.0,False,174050
660,690,R2360,B2360,True,689.0,False,176700
660,690,R2361,B2361,False,,False,177250
660,690,R2362,B2362,True,690.0,False,178300
660,690,R2363,B2363,True,690.0,False,530400
660,690,R2364,B2364,True,690.0,False,178150
660,690,R2365,B2365,True,690.0,False,178400
660,690,R2366,B2366,True,690.0,False,178250
660,690,R2367,B2367,True,690.0,False,356100
660,690,R2368,B2368,True,690.0,False,175900
660,690,R2369,B2369,True,690.0,False,178050
660,690,R2370,B2370,True,690.0,False,176100
660,690,R2371,B2371,True,690.0,False,177950
660,690,R2372,B2372,True,690.0,False,175400
660,690,R2373,B2373,True,690.0,False,348100
660,690,R2374,B2374,True,690.0,False,176800
660,690,R2375,B2375,True,690.0,False,176700
660,690,R2376,B2376,False,,False,173600
660,690,R2377,B2377,True,690.0,False,709000
660,690,R2378,B2378,True,690.0,False,177350
680,710,R2061,B2061,False,,False,262989
680,710,R2065,B2065,False,,False,187453
680,710,R2070,B2070,False,,False,187453
680,710,R2086,B2086,False,,False,210296
680,710,R2088,B2088,False,,False,234794
680,710,R2094,B2094,False,,False,207686
680,710,R2099,B2099,False,,False,213658
680,710,R2102,B2102,False,,False,254945
680,710,R2104,B2104,False,,False,207686
680,710,R2106,B2106,False,,False,223466
680,710,R2108,B2108,False,,False,202153
680,710,R2113,B2113,False,,False,220697
680,710,R2115,B2115,False,,False,179052
680,710,R2117,B2117,False,,False,241092
680,710,R2120,B2120,False,,False,232500
680,710,R2125,B2125,False,,False,223466
680,710,R2127,B2127,False,,False,232500
680,710,R2132,B2132,False,,False,254945
680,710,R2135,B2135,False,,False,179052
680,710,R2141,B2141,False,,False,228461
680,710,R2152,B2152,False,,False,211550
680,710,R2155,B2155,False,,False,220458
680,710,R2158,B2158,False,,False,170651
680,710,R2166,B2166,False,,False,228461
680,710,R2167,B2167,False,,False,194052
680,710,R2169,B2169,False,,False,195829
680,710,R2172,B2172,False,,False,211550
680,710,R2181,B2181,False,,False,206122
680,710,R2184,B2184,False,,False,185139
680,710,R2188,B2188,False,,False,197297
680,710,R2190,B2190,False,,False,185106
680,710,R2193,B2193,False,,False,187748
680,710,R2195,B2195,False,,False,185139
680,710,R2200,B2200,False,,False,196110
680,710,R2201,B2201,False,,False,186824
680,710,R2206,B2206,False,,False,185211
680,710,R2208,B2208,False,,False,182322
680,710,R2214,B2214,False,,False,182443
680,710,R2216,B2216,False,,False,182322
680,710,R2218,B2218,False,,False,212745
680,710,R2222,B2222,True,680.0,True,179579
680,710,R2225,B2225,False,,False,196393
680,710,R2229,B2229,False,,False,175269
680,710,R2231,B2231,False,,False,182443
680,710,R2235,B2235,False,,False,180619
680,710,R2238,B2238,True,680.0,True,189640
680,710,R2239,B2239,False,,False,182443
680,710,R2240,B2240,True,680.0,True,417362
680,710,R2241,B2241,True,682.0,True,196905
680,710,R2243,B2243,False,,False,189640
680,710,R2244,B2244,False,,False,179486
680,710,R2245,B2245,False,,False,182570
680,710,R2246,B2246,True,685.0,True,194651
680,710,R2251,B2251,False,,False,182443
680,710,R2254,B2254,False,,False,185531
680,710,R2255,B2255,False,,False,187221
680,710,R2258,B2258,False,,False,182337
680,710,R2260,B2260,False,,False,188278
680,710,R2261,B2261,True,687.0,True,187527
680,710,R2262,B2262,False,,False,185403
680,710,R2263,B2263,True,684.0,True,190857
680,710,R2264,B2264,False,,False,180619
680,710,R2265,B2265,False,,False,181924
680,710,R2266,B2266,True,686.0,True,368678
680,710,R2267,B2267,True,686.0,True,187638
680,710,R2268,B2268,True,680.0,True,179579
680,710,R2269,B2269,False,,False,178750
680,710,R2270,B2270,True,680.0,True,371498
680,710,R2271,B2271,False,,False,187442
680,710,R2272,B2272,False,,False,193465
680,710,R2273,B2273,False,,False,185531
680,710,R2274,B2274,True,681.0,True,188222
680,710,R2275,B2275,False,,False,190857
680,710,R2276,B2276,True,688.0,True,374443
680,710,R2277,B2277,True,686.0,True,187638
680,710,R2278,B2278,True,683.0,True,549510
680,710,R2279,B2279,False,,False,183722
680,710,R2280,B2280,False,,False,182570
680,710,R2281,B2281,True,682.0,True,186475
680,710,R2282,B2282,False,,False,194008
680,710,R2283,B2283,True,688.0,True,187527
680,710,R2284,B2284,True,682.0,True,564666
680,710,R2285,B2285,False,,False,190857
680,710,R2286,B2286,False,,False,181924
680,710,R2287,B2287,True,682.0,True,184339
680,710,R2288,B2288,True,682.0,True,188800
680,710,R2289,B2289,True,682.0,True,199633
680,710,R2290,B2290,False,,False,173798
680,710,R2291,B2291,False,,False,187442
680,710,R2292,B2292,True,687.0,True,372951
680,710,R2293,B2293,True,690.0,True,386931
680,710,R2294,B2294,True,683.0,True,368565
680,710,R2295,B2295,False,,False,186075
680,710,R2296,B2296,True,691.0,True,376556
680,710,R2297,B2297,True,687.0,True,572571
680,710,R2298,B2298,False,,False,181924
680,710,R2299,B2299,True,683.0,True,368678
680,710,R2300,B2300,False,,False,182488
680,710,R2301,B2301,True,686.0,True,366340
680,710,R2302,B2302,False,,False,182570
680,710,R2303,B2303,False,,False,166450
680,710,R2304,B2304,True,684.0,True,372951
680,710,R2305,B2305,True,684.0,True,375055
680,710,R2306,B2306,False,,False,181924
680,710,R2307,B2307,True,686.0,True,184339
680,710,R2308,B2308,True,685.0,True,750553
680,710,R2309,B2309,True,690.0,True,185051
680,710,R2310,B2310,False,,False,176192
680,710,R2311,B2311,False,,False,182337
680,710,R2312,B2312,True,691.0,True,365271
680,710,R2313,B2313,False,,False,188278
680,710,R2314,B2314,True,693.0,True,188222
680,710,R2315,B2315,False,,False,190857
680,710,R2316,B2316,True,685.0,True,374443
680,710,R2317,B2317,True,685.0,True,727697
680,710,R2318,B2318,True,690.0,True,368678
680,710,R2319,B2319,True,685.0,True,179653
680,710,R2320,B2320,False,,False,166450
680,710,R2321,B2321,False,,False,187442
680,710,R2322,B2322,True,686.0,True,186475
680,710,R2323,B2323,True,686.0,True,184282
680,710,R2324,B2324,False,,False,185403
680,710,R2325,B2325,True,686.0,True,376444
680,710,R2326,B2326,True,692.0,True,374443
680,710,R2327,B2327,True,686.0,True,553017
680,710,R2328,B2328,True,692.0,True,187638
680,710,R2329,B2329,True,690.0,True,185051
680,710,R2330,B2330,True,686.0,True,199633
680,710,R2331,B2331,True,692.0,True,181356
680,710,R2332,B2332,True,687.0,True,386931
680,710,R2333,B2333,True,692.0,True,376556
680,710,R2334,B2334,True,687.0,True,187527
680,710,R2335,B2335,False,,False,185531
680,710,R2336,B2336,False,,False,190857
680,710,R2337,B2337,True,692.0,True,184339
680,710,R2338,B2338,True,689.0,True,187638
680,710,R2339,B2339,True,687.0,True,185622
680,710,R2340,B2340,False,,False,179794
680,710,R2341,B2341,False,,False,166450
680,710,R2342,B2342,True,687.0,True,364886
680,710,R2343,B2343,True,688.0,True,187527
680,710,R2344,B2344,False,,False,181758
680,710,R2345,B2345,True,696.0,True,188222
680,710,R2346,B2346,True,689.0,True,381714
680,710,R2347,B2347,False,,False,187221
680,710,R2348,B2348,True,688.0,True,187638
680,710,R2349,B2349,True,689.0,True,366340
680,710,R2350,B2350,False,,False,178750
680,710,R2351,B2351,True,690.0,True,347596
680,710,R2352,B2352,True,688.0,True,182635
680,710,R2353,B2353,True,696.0,True,372951
680,710,R2354,B2354,False,,False,193465
680,710,R2355,B2355,True,689.0,True,376556
680,710,R2356,B2356,True,695.0,True,371063
680,710,R2357,B2357,True,689.0,True,374443
680,710,R2358,B2358,True,701.0,False,545773
680,710,R2359,B2359,True,689.0,True,179653
680,710,R2360,B2360,False,,False,183170
680,710,R2361,B2361,False,,False,182443
680,710,R2362,B2362,True,690.0,True,186475
680,710,R2363,B2363,True,690.0,True,552848
680,710,R2364,B2364,True,691.0,True,187527
680,710,R2365,B2365,True,698.0,True,188222
680,710,R2366,B2366,False,,False,190857
680,710,R2367,B2367,True,696.0,True,374443
680,710,R2368,B2368,False,,False,180619
680,710,R2369,B2369,True,696.0,True,184339
680,710,R2370,B2370,True,693.0,True,196600
680,710,R2371,B2371,True,695.0,True,185802
680,710,R2372,B2372,True,694.0,True,181773
680,710,R2373,B2373,True,692.0,True,359159
680,710,R2374,B2374,False,,False,184155
680,710,R2375,B2375,False,,False,183170
680,710,R2376,B2376,False,,False,179405
680,710,R2377,B2377,True,690.0,True,730543
680,710,R2378,B2378,True,695.0,True,185749
680,710,R2379,B2379,False,,False,178250
680,710,R2380,B2380,True,691.0,True,178300
680,710,R2381,B2381,False,,False,178250
680,710,R2382,B2382,False,,False,175800
680,710,R2383,B2383,False,,False,175400
680,710,R2384,B2384,False,,False,178150
680,710,R2385,B2385,False,,False,177950
680,710,R2386,B2386,False,,False,178250
680,710,R2387,B2387,False,,False,178050
680,710,R2388,B2388,True,694.0,True,352500
680,710,R2389,B2389,True,697.0,True,178050
680,710,R2390,B2390,True,691.0,True,356500
680,710,R2391,B2391,False,,False,176250
680,710,R2392,B2392,False,,False,177150
680,710,R2393,B2393,False,,False,175399
680,710,R2394,B2394,True,698.0,True,356500
680,710,R2395,B2395,False,,False,176800
680,710,R2396,B2396,True,692.0,True,356300
680,710,R2397,B2397,True,692.0,True,355900
680,710,R2398,B2398,True,699.0,True,178400
680,710,R2399,B2399,False,,False,178050
680,710,R2400,B2400,False,,False,175500
680,710,R2401,B2401,True,698.0,True,534150
680,710,R2402,B2402,True,699.0,True,352500
680,710,R2403,B2403,False,,False,177350
680,710,R2404,B2404,False,,False,176700
680,710,R2405,B2405,False,,False,173600
680,710,R2406,B2406,False,,False,176400
680,710,R2407,B2407,True,692.0,True,177350
680,710,R2408,B2408,False,,False,176800
680,710,R2409,B2409,False,,False,177250
680,710,R2410,B2410,False,,False,175400
680,710,R2411,B2411,True,698.0,True,178150
680,710,R2412,B2412,True,699.0,True,178400
680,710,R2413,B2413,True,693.0,True,356100
680,710,R2414,B2414,False,,False,175500
680,710,R2415,B2415,True,696.0,True,356100
680,710,R2416,B2416,True,693.0,True,178250
680,710,R2417,B2417,True,697.0,True,176250
680,710,R2418,B2418,False,,False,177150
680,710,R2419,B2419,True,699.0,True,174050
680,710,R2420,B2420,False,,False,176400
680,710,R2421,B2421,False,,False,177150
680,710,R2422,B2422,False,,False,178300
680,710,R2423,B2423,False,,False,175800
680,710,R2424,B2424,True,699.0,True,178150
680,710,R2425,B2425,True,702.0,False,178400
680,710,R2426,B2426,False,,False,178250
680,710,R2427,B2427,False,,False,178050
680,710,R2428,B2428,True,698.0,True,176250
680,710,R2429,B2429,True,694.0,True,356100
680,710,R2430,B2430,True,694.0,True,175800
680,710,R2431,B2431,False,,False,173650
680,710,R2432,B2432,False,,False,176800
680,710,R2433,B2433,True,701.0,False,178150
680,710,R2434,B2434,True,700.0,False,356500
680,710,R2435,B2435,False,,False,176250
680,710,R2436,B2436,True,695.0,True,178050
680,710,R2437,B2437,False,,False,176250
680,710,R2438,B2438,False,,False,177350
680,710,R2439,B2439,True,698.0,True,176800
680,710,R2440,B2440,False,,False,178250
680,710,R2441,B2441,True,696.0,True,178250
680,710,R2442,B2442,False,,False,176800
680,710,R2443,B2443,False,,False,177950
680,710,R2444,B2444,True,700.0,False,178400
680,710,R2445,B2445,False,,False,178250
680,710,R2446,B2446,True,701.0,False,356100
680,710,R2447,B2447,True,699.0,True,178050
680,710,R2448,B2448,True,696.0,True,352500
680,710,R2449,B2449,True,698.0,True,178050
680,710,R2450,B2450,True,696.0,True,175800
680,710,R2451,B2451,True,696.0,True,174050
680,710,R2452,B2452,False,,False,177250
680,710,R2453,B2453,True,704.0,False,356500
680,710,R2454,B2454,False,,False,178250
680,710,R2455,B2455,True,697.0,True,353600
680,710,R2456,B2456,True,703.0,False,350800
680,710,R2457,B2457,True,705.0,False,178400
680,710,R2458,B2458,True,697.0,True,356500
680,710,R2459,B2459,False,,False,176250
680,710,R2460,B2460,False,,False,177350
680,710,R2461,B2461,True,697.0,True,175500
680,710,R2462,B2462,False,,False,177250
680,710,R2463,B2463,False,,False,178250
680,710,R2464,B2464,True,708.0,False,350800
680,710,R2465,B2465,True,698.0,True,356500
680,710,R2466,B2466,True,698.0,True,178150
680,710,R2467,B2467,True,698.0,True,356100
680,710,R2468,B2468,True,699.0,True,356100
680,710,R2469,B2469,False,,False,177350
680,710,R2470,B2470,False,,False,178250
680,710,R2471,B2471,True,699.0,True,178300
680,710,R2472,B2472,True,699.0,True,534750
680,710,R2473,B2473,False,,False,175400
680,710,R2474,B2474,True,703.0,False,356300
680,710,R2475,B2475,True,702.0,False,356100
680,710,R2476,B2476,True,700.0,False,352500
680,710,R2477,B2477,True,703.0,False,176800
680,710,R2478,B2478,False,,False,157500
680,710,R2479,B2479,True,704.0,False,178250
680,710,R2480,B2480,False,,False,178250
680,710,R2481,B2481,True,700.0,False,534750
680,710,R2482,B2482,True,700.0,False,356300
680,710,R2483,B2483,True,701.0,False,356500
680,710,R2484,B2484,True,706.0,False,178050
680,710,R2485,B2485,True,700.0,False,178050
680,710,R2486,B2486,True,703.0,False,178250
680,710,R2487,B2487,True,704.0,False,352500
680,710,R2488,B2488,True,700.0,False,178050
680,710,R2489,B2489,True,706.0,False,176800
680,710,R2490,B2490,False,,False,174450
680,710,R2491,B2491,False,,False,175400
680,710,R2492,B2492,True,702.0,False,534450
680,710,R2493,B2493,True,701.0,False,178250
680,710,R2494,B2494,False,,False,176250
680,710,R2495,B2495,True,708.0,False,356100
680,710,R2496,B2496,True,705.0,False,178250
680,710,R2497,B2497,True,702.0,False,176250
680,710,R2498,B2498,False,,False,177350
680,710,R2499,B2499,True,701.0,False,177950
680,710,R2500,B2500,True,701.0,False,176800
680,710,R2501,B2501,True,706.0,False,530100
680,710,R2502,B2502,False,,False,177250
680,710,R2503,B2503,False,,False,175400
680,710,R2504,B2504,True,702.0,False,178250
680,710,R2505,B2505,False,,False,176250
680,710,R2506,B2506,False,,False,177350
680,710,R2507,B2507,True,702.0,False,175800
680,710,R2508,B2508,True,702.0,False,174050
680,710,R2509,B2509,True,706.0,False,176800
680,710,R2510,B2510,True,708.0,False,353400
680,710,R2511,B2511,False,,False,175450
680,710,R2512,B2512,False,,False,175400
680,710,R2513,B2513,False,,False,178250
680,710,R2514,B2514,True,708.0,False,356300
680,710,R2515,B2515,True,708.0,False,177950
680,710,R2516,B2516,True,708.0,False,175800
680,710,R2517,B2517,True,706.0,False,178400
680,710,R2518,B2518,False,,False,176250
680,710,R2519,B2519,True,703.0,False,178050
680,710,R2520,B2520,True,703.0,False,178250
680,710,R2521,B2521,True,704.0,False,177450
680,710,R2522,B2522,True,703.0,False,176700
680,710,R2523,B2523,False,,False,178250
680,710,R2524,B2524,False,,False,175400
680,710,R2525,B2525,True,704.0,False,178150
680,710,R2526,B2526,True,708.0,False,178400
680,710,R2527,B2527,True,704.0,False,178250
680,710,R2528,B2528,True,704.0,False,178050
680,710,R2529,B2529,True,704.0,False,176250
680,710,R2530,B2530,False,,False,174050
680,710,R2531,B2531,False,,False,169000
680,710,R2532,B2532,False,,False,176300
680,710,R2533,B2533,True,705.0,False,356300
680,710,R2534,B2534,True,705.0,False,178250
680,710,R2535,B2535,True,707.0,False,178050
680,710,R2536,B2536,True,705.0,False,176250
680,710,R2537,B2537,True,705.0,False,175500
680,710,R2538,B2538,False,,False,174050
680,710,R2539,B2539,True,705.0,False,176700
680,710,R2540,B2540,False,,False,167450
680,710,R2541,B2541,True,706.0,False,178250
680,710,R2542,B2542,True,706.0,False,178300
680,710,R2543,B2543,True,706.0,False,178250
680,710,R2544,B2544,True,706.0,False,534450
680,710,R2545,B2545,True,708.0,False,355900
680,710,R2546,B2546,True,708.0,False,178400
680,710,R2547,B2547,True,706.0,False,534750
680,710,R2548,B2548,True,706.0,False,534150
680,710,R2549,B2549,False,,False,174050
680,710,R2550,B2550,True,706.0,False,177250
680,710,R2551,B2551,True,707.0,False,530400
680,710,R2552,B2552,True,709.0,False,534750
680,710,R2553,B2553,True,707.0,False,356300
680,710,R2554,B2554,True,708.0,False,178400
680,710,R2555,B2555,True,707.0,False,178250
680,710,R2556,B2556,True,707.0,False,351000
680,710,R2557,B2557,True,707.0,False,176250
680,710,R2558,B2558,True,707.0,False,178050
680,710,R2559,B2559,True,707.0,False,356500
680,710,R2560,B2560,True,707.0,False,176250
680,710,R2561,B2561,False,,False,176700
680,710,R2562,B2562,False,,False,169000
680,710,R2563,B2563,False,,False,177250
680,710,R2564,B2564,False,,False,178250
680,710,R2565,B2565,True,710.0,False,176800
680,710,R2566,B2566,True,710.0,False,356300
680,710,R2567,B2567,True,708.0,False,356500
680,710,R2568,B2568,False,,False,178050
680,710,R2569,B2569,True,710.0,False,356500
680,710,R2570,B2570,True,708.0,False,178050
680,710,R2571,B2571,True,708.0,False,175800
680,710,R2572,B2572,False,,False,174050
680,710,R2573,B2573,False,,False,167450
680,710,R2574,B2574,True,709.0,False,178300
680,710,R2575,B2575,True,710.0,False,176800
680,710,R2576,B2576,True,709.0,False,178250
680,710,R2577,B2577,True,709.0,False,356300
680,710,R2578,B2578,True,709.0,False,177950
680,710,R2579,B2579,False,,False,175800
680,710,R2580,B2580,True,710.0,False,178250
680,710,R2581,B2581,False,,False,178050
680,710,R2582,B2582,False,,False,176250
680,710,R2583,B2583,True,710.0,False,178050
680,710,R2584,B2584,True,710.0,False,352500
680,710,R2585,B2585,True,709.0,False,176700
680,710,R2586,B2586,False,,False,167450
680,710,R2587,B2587,False,,False,177250
680,710,R2588,B2588,False,,False,177250
680,710,R2589,B2589,True,710.0,False,178300
680,710,R2590,B2590,False,,False,178250
680,710,R2591,B2591,True,710.0,False,353600
680,710,R2592,B2592,True,710.0,False,178150
680,710,R2593,B2593,False,,False,177950
680,710,R2594,B2594,True,710.0,False,356500
680,710,R2595,B2595,True,710.0,False,356100
680,710,R2596,B2596,False,,False,176250
680,710,R2597,B2597,True,710.0,False,178050
680,710,R2598,B2598,True,710.0,False,352500
680,710,R2599,B2599,False,,False,176700
680,710,R2600,B2600,False,,False,177150
680,710,R2601,B2601,True,710.0,False,177350
700,730,R2208,B2208,False,,False,217831
700,730,R2214,B2214,False,,False,218797
700,730,R2216,B2216,False,,False,217831
700,730,R2229,B2229,False,,False,219158
700,730,R2231,B2231,False,,False,218797
700,730,R2235,B2235,False,,False,213658
700,730,R2239,B2239,False,,False,218797
700,730,R2244,B2244,False,,False,220697
700,730,R2245,B2245,False,,False,219810
700,730,R2251,B2251,False,,False,218797
700,730,R2258,B2258,False,,False,208275
700,730,R2264,B2264,False,,False,204218
700,730,R2265,B2265,False,,False,210296
700,730,R2269,B2269,False,,False,204253
700,730,R2273,B2273,False,,False,238605
700,730,R2279,B2279,False,,False,234976
700,730,R2280,B2280,False,,False,209170
700,730,R2282,B2282,False,,False,304321
700,730,R2285,B2285,False,,False,279107
700,730,R2286,B2286,False,,False,198947
700,730,R2290,B2290,False,,False,205540
700,730,R2291,B2291,False,,False,251791
700,730,R2295,B2295,False,,False,239450
700,730,R2298,B2298,False,,False,198947
700,730,R2300,B2300,False,,False,208179
700,730,R2302,B2302,False,,False,209170
700,730,R2303,B2303,False,,False,179052
700,730,R2306,B2306,False,,False,198947
700,730,R2310,B2310,False,,False,191769
700,730,R2311,B2311,False,,False,197900
700,730,R2313,B2313,False,,False,258477
700,730,R2315,B2315,False,,False,279107
700,730,R2320,B2320,False,,False,170651
700,730,R2321,B2321,False,,False,251791
700,730,R2324,B2324,False,,False,237577
700,730,R2335,B2335,False,,False,223441
700,730,R2336,B2336,False,,False,279107
700,730,R2340,B2340,False,,False,195829
700,730,R2341,B2341,False,,False,170651
700,730,R2344,B2344,False,,False,199633
700,730,R2347,B2347,False,,False,233081
700,730,R2350,B2350,False,,False,183851
700,730,R2354,B2354,False,,False,269543
700,730,R2358,B2358,True,700.0,True,562796
700,730,R2360,B2360,False,,False,215520
700,730,R2361,B2361,False,,False,187636
700,730,R2366,B2366,False,,False,253892
700,730,R2368,B2368,False,,False,185339
700,730,R2374,B2374,False,,False,220935
700,730,R2375,B2375,False,,False,215520
700,730,R2376,B2376,False,,False,196822
700,730,R2379,B2379,False,,False,205828
700,730,R2381,B2381,False,,False,223896
700,730,R2382,B2382,False,,False,251505
700,730,R2383,B2383,False,,False,186075
700,730,R2384,B2384,False,,False,206282
700,730,R2385,B2385,False,,False,193113
700,730,R2386,B2386,False,,False,216071
700,730,R2387,B2387,False,,False,196393
700,730,R2391,B2391,False,,False,202653
700,730,R2392,B2392,False,,False,182337
700,730,R2393,B2393,False,,False,198480
700,730,R2395,B2395,False,,False,199248
700,730,R2399,B2399,False,,False,196393
700,730,R2400,B2400,False,,False,189750
700,730,R2403,B2403,False,,False,182549
700,730,R2404,B2404,False,,False,196110
700,730,R2405,B2405,False,,False,185211
700,730,R2406,B2406,False,,False,191044
700,730,R2408,B2408,False,,False,199248
700,730,R2409,B2409,False,,False,182322
700,730,R2410,B2410,False,,False,186075
700,730,R2414,B2414,False,,False,189750
700,730,R2418,B2418,False,,False,182337
700,730,R2420,B2420,False,,False,196036
700,730,R2421,B2421,False,,False,182337
700,730,R2422,B2422,False,,False,202827
700,730,R2423,B2423,False,,False,226270
700,730,R2425,B2425,False,,False,198044
700,730,R2426,B2426,False,,False,203464
700,730,R2427,B2427,False,,False,196393
700,730,R2431,B2431,False,,False,178750
700,730,R2432,B2432,False,,False,191765
700,730,R2433,B2433,True,700.0,True,196905
700,730,R2434,B2434,True,703.0,True,406928
700,730,R2435,B2435,False,,False,181924
700,730,R2437,B2437,True,700.0,True,193852
700,730,R2438,B2438,False,,False,182488
700,730,R2440,B2440,False,,False,196635
700,730,R2442,B2442,False,,False,191765
700,730,R2443,B2443,False,,False,192856
700,730,R2444,B2444,False,,False,198044
700,730,R2445,B2445,False,,False,203464
700,730,R2446,B2446,True,705.0,True,374443
700,730,R2452,B2452,False,,False,182635
700,730,R2453,B2453,True,704.0,True,393270
700,730,R2454,B2454,False,,False,208681
700,730,R2456,B2456,True,705.0,True,372150
700,730,R2457,B2457,False,,False,198044
700,730,R2459,B2459,True,700.0,True,193852
700,730,R2460,B2460,False,,False,182488
700,730,R2462,B2462,False,,False,182443
700,730,R2463,B2463,False,,False,194008
700,730,R2464,B2464,True,708.0,True,372697
700,730,R2469,B2469,False,,False,182549
700,730,R2470,B2470,False,,False,187442
700,730,R2473,B2473,False,,False,186075
700,730,R2474,B2474,True,703.0,True,375055
700,730,R2475,B2475,True,708.0,True,374443
700,730,R2476,B2476,True,703.0,True,370102
700,730,R2477,B2477,True,704.0,True,184155
700,730,R2478,B2478,False,,False,161470
700,730,R2479,B2479,False,,False,187442
700,730,R2480,B2480,False,,False,194008
700,730,R2481,B2481,True,700.0,True,564835
700,730,R2482,B2482,True,700.0,True,375055
700,730,R2483,B2483,True,700.0,True,381714
700,730,R2484,B2484,True,702.0,True,187221
700,730,R2485,B2485,True,700.0,True,184339
700,730,R2486,B2486,False,,False,187638
700,730,R2487,B2487,True,703.0,True,370102
700,730,R2488,B2488,False,,False,186516
700,730,R2489,B2489,True,701.0,True,184155
700,730,R2490,B2490,False,,False,179794
700,730,R2491,B2491,False,,False,186075
700,730,R2492,B2492,True,703.0,True,562582
700,730,R2493,B2493,False,,False,190857
700,730,R2494,B2494,False,,False,181924
700,730,R2495,B2495,True,708.0,True,368678
700,730,R2496,B2496,False,,False,187638
700,730,R2497,B2497,False,,False,185051
700,730,R2498,B2498,False,,False,182488
700,730,R2499,B2499,False,,False,185945
700,730,R2500,B2500,True,706.0,True,184155
700,730,R2501,B2501,True,706.0,True,549510
700,730,R2502,B2502,False,,False,182443
700,730,R2503,B2503,True,702.0,True,186348
700,730,R2504,B2504,True,707.0,True,190857
700,730,R2505,B2505,False,,False,181924
700,730,R2506,B2506,False,,False,182549
700,730,R2507,B2507,True,702.0,True,199633
700,730,R2508,B2508,False,,False,179579
700,730,R2509,B2509,True,706.0,True,184155
700,730,R2510,B2510,True,709.0,True,366340
700,730,R2511,B2511,False,,False,185622
700,730,R2512,B2512,False,,False,187261
700,730,R2513,B2513,False,,False,193465
700,730,R2514,B2514,True,703.0,True,375055
700,730,R2515,B2515,False,,False,185531
700,730,R2516,B2516,False,,False,181758
700,730,R2517,B2517,True,706.0,True,188222
700,730,R2518,B2518,False,,False,181924
700,730,R2519,B2519,True,710.0,True,184339
700,730,R2520,B2520,False,,False,187638
700,730,R2521,B2521,False,,False,184618
700,730,R2522,B2522,True,703.0,True,183170
700,730,R2523,B2523,False,,False,194008
700,730,R2524,B2524,False,,False,186348
700,730,R2525,B2525,False,,False,187527
700,730,R2526,B2526,False,,False,188222
700,730,R2527,B2527,False,,False,190857
700,730,R2528,B2528,False,,False,187221
700,730,R2529,B2529,True,708.0,True,185051
700,730,R2530,B2530,False,,False,179579
700,730,R2531,B2531,False,,False,175269
700,730,R2532,B2532,False,,False,181627
700,730,R2533,B2533,True,713.0,True,375055
700,730,R2534,B2534,False,,False,190857
700,730,R2535,B2535,False,,False,187221
700,730,R2536,B2536,True,706.0,True,185051
700,730,R2537,B2537,True,705.0,True,181356
700,730,R2538,B2538,False,,False,179653
700,730,R2539,B2539,False,,False,183170
700,730,R2540,B2540,False,,False,173798
700,730,R2541,B2541,False,,False,187442
700,730,R2542,B2542,True,711.0,True,186475
700,730,R2543,B2543,True,706.0,True,188278
700,730,R2544,B2544,True,713.0,True,562582
700,730,R2545,B2545,True,714.0,True,370806
700,730,R2546,B2546,False,,False,188222
700,730,R2547,B2547,True,710.0,True,572571
700,730,R2548,B2548,True,706.0,True,553017
700,730,R2549,B2549,False,,False,179579
700,730,R2550,B2550,False,,False,182443
700,730,R2551,B2551,True,713.0,True,552848
700,730,R2552,B2552,True,709.0,True,564835
700,730,R2553,B2553,True,714.0,True,375055
700,730,R2554,B2554,False,,False,188222
700,730,R2555,B2555,False,,False,190857
700,730,R2556,B2556,True,714.0,True,365250
700,730,R2557,B2557,False,,False,181924
700,730,R2558,B2558,True,707.0,True,184339
700,730,R2559,B2559,True,713.0,True,375276
700,730,R2560,B2560,False,,False,185051
700,730,R2561,B2561,True,713.0,True,183170
700,730,R2562,B2562,False,,False,175269
700,730,R2563,B2563,False,,False,182443
700,730,R2564,B2564,False,,False,194008
700,730,R2565,B2565,True,710.0,True,184282
700,730,R2566,B2566,True,714.0,True,375055
700,730,R2567,B2567,True,713.0,True,381714
700,730,R2568,B2568,False,,False,187221
700,730,R2569,B2569,True,710.0,True,375276
700,730,R2570,B2570,False,,False,186516
700,730,R2571,B2571,False,,False,188800
700,730,R2572,B2572,False,,False,179579
700,730,R2573,B2573,False,,False,173798
700,730,R2574,B2574,True,714.0,True,186475
700,730,R2575,B2575,True,710.0,True,184282
700,730,R2576,B2576,False,,False,188278
700,730,R2577,B2577,True,709.0,True,375055
700,730,R2578,B2578,False,,False,185531
700,730,R2579,B2579,False,,False,181758
700,730,R2580,B2580,False,,False,190857
700,730,R2581,B2581,False,,False,187221
700,730,R2582,B2582,True,718.0,True,181924
700,730,R2583,B2583,True,713.0,True,184339
700,730,R2584,B2584,True,715.0,True,370102
700,730,R2585,B2585,True,709.0,True,183170
700,730,R2586,B2586,False,,False,173798
700,730,R2587,B2587,False,,False,182570
700,730,R2588,B2588,False,,False,182443
700,730,R2589,B2589,True,710.0,True,186475
700,730,R2590,B2590,False,,False,194008
700,730,R2591,B2591,True,713.0,True,368565
700,730,R2592,B2592,False,,False,187527
700,730,R2593,B2593,False,,False,185403
700,730,R2594,B2594,True,710.0,True,381714
700,730,R2595,B2595,True,716.0,True,374443
700,730,R2596,B2596,False,,False,181924
700,730,R2597,B2597,True,710.0,True,184339
700,730,R2598,B2598,True,711.0,True,370102
700,730,R2599,B2599,True,713.0,True,183170
700,730,R2600,B2600,False,,False,182337
700,730,R2601,B2601,False,,False,185749
700,730,R2602,B2602,False,,False,178250
700,730,R2603,B2603,True,715.0,True,356500
700,730,R2604,B2604,True,711.0,True,355900
700,730,R2605,B2605,False,,False,175800
700,730,R2606,B2606,False,,False,178400
700,730,R2607,B2607,False,,False,178250
700,730,R2608,B2608,True,711.0,True,351000
700,730,R2609,B2609,True,715.0,True,178250
700,730,R2610,B2610,False,,False,178050
700,730,R2611,B2611,False,,False,175500
700,730,R2612,B2612,False,,False,174050
700,730,R2613,B2613,False,,False,176800
700,730,R2614,B2614,False,,False,176700
700,730,R2615,B2615,False,,False,177250
700,730,R2616,B2616,False,,False,175400
700,730,R2617,B2617,False,,False,178150
700,730,R2618,B2618,False,,False,177950
700,730,R2619,B2619,False,,False,178400
700,730,R2620,B2620,False,,False,178050
700,730,R2621,B2621,True,720.0,False,352500
700,730,R2622,B2622,True,716.0,True,178050
700,730,R2623,B2623,False,,False,177350
700,730,R2624,B2624,False,,False,174050
700,730,R2625,B2625,True,712.0,True,175450
700,730,R2626,B2626,False,,False,177250
700,730,R2627,B2627,False,,False,178250
700,730,R2628,B2628,False,,False,178250
700,730,R2629,B2629,False,,False,177950
700,730,R2630,B2630,False,,False,178400
700,730,R2631,B2631,True,713.0,True,356100
700,730,R2632,B2632,False,,False,176250
700,730,R2633,B2633,True,713.0,True,712200
700,730,R2634,B2634,True,713.0,True,178050
700,730,R2635,B2635,False,,False,176100
700,730,R2636,B2636,True,720.0,False,530100
700,730,R2637,B2637,True,718.0,True,354500
700,730,R2638,B2638,False,,False,162250
700,730,R2639,B2639,False,,False,175400
700,730,R2640,B2640,True,718.0,True,356300
700,730,R2641,B2641,True,722.0,False,356500
700,730,R2642,B2642,True,721.0,False,356100
700,730,R2643,B2643,False,,False,176250
700,730,R2644,B2644,True,715.0,True,350900
700,730,R2645,B2645,True,714.0,True,177150
700,730,R2646,B2646,True,720.0,False,354500
700,730,R2647,B2647,False,,False,178250
700,730,R2648,B2648,True,715.0,True,356300
700,730,R2649,B2649,True,720.0,False,177950
700,730,R2650,B2650,False,,False,176250
700,730,R2651,B2651,False,,False,175400
700,730,R2652,B2652,True,715.0,True,173599
700,730,R2653,B2653,True,715.0,True,354500
700,730,R2654,B2654,False,,False,162250
700,730,R2655,B2655,True,716.0,True,178300
700,730,R2656,B2656,True,716.0,True,356300
700,730,R2657,B2657,False,,False,178250
700,730,R2658,B2658,False,,False,178050
700,730,R2659,B2659,False,,False,176250
700,730,R2660,B2660,True,716.0,True,178250
700,730,R2661,B2661,False,,False,177350
700,730,R2662,B2662,False,,False,176300
700,730,R2663,B2663,True,718.0,True,173600
700,730,R2664,B2664,False,,False,176300
700,730,R2665,B2665,False,,False,164100
700,730,R2666,B2666,True,719.0,True,178300
700,730,R2667,B2667,True,717.0,True,176800
700,730,R2668,B2668,False,,False,178250
700,730,R2669,B2669,True,723.0,False,355900
700,730,R2670,B2670,False,,False,178250
700,730,R2671,B2671,True,718.0,True,712200
700,730,R2672,B2672,False,,False,178050
700,730,R2673,B2673,True,721.0,False,528750
700,730,R2674,B2674,True,723.0,False,178250
700,730,R2675,B2675,True,717.0,True,176800
700,730,R2676,B2676,True,717.0,True,176700
700,730,R2677,B2677,True,717.0,True,354500
700,730,R2678,B2678,False,,False,178250
700,730,R2679,B2679,True,718.0,True,178150
700,730,R2680,B2680,True,722.0,False,356500
700,730,R2681,B2681,True,718.0,True,356100
700,730,R2682,B2682,True,718.0,True,178050
700,730,R2683,B2683,False,,False,173350
700,730,R2684,B2684,False,,False,177150
700,730,R2685,B2685,True,723.0,False,176800
700,730,R2686,B2686,False,,False,176400
700,730,R2687,B2687,True,718.0,True,175450
700,730,R2688,B2688,True,719.0,True,178150
700,730,R2689,B2689,True,719.0,True,351600
700,730,R2690,B2690,False,,False,175200
700,730,R2691,B2691,True,727.0,False,178400
700,730,R2692,B2692,True,719.0,True,356500
700,730,R2693,B2693,True,723.0,False,356100
700,730,R2694,B2694,True,723.0,False,178050
700,730,R2695,B2695,True,719.0,True,176250
700,730,R2696,B2696,True,719.0,True,174050
700,730,R2697,B2697,True,720.0,False,176800
700,730,R2698,B2698,False,,False,173650
700,730,R2699,B2699,True,722.0,False,178250
700,730,R2700,B2700,True,720.0,False,353600
700,730,R2701,B2701,True,724.0,False,178150
700,730,R2702,B2702,True,726.0,False,178400
700,730,R2703,B2703,True,720.0,False,178250
700,730,R2704,B2704,True,720.0,False,356100
700,730,R2705,B2705,False,,False,176250
700,730,R2706,B2706,True,720.0,False,178050
700,730,R2707,B2707,True,720.0,False,178250
700,730,R2708,B2708,False,,False,177450
700,730,R2709,B2709,False,,False,174050
700,730,R2710,B2710,False,,False,178250
700,730,R2711,B2711,False,,False,175800
700,730,R2712,B2712,False,,False,175400
700,730,R2713,B2713,True,728.0,False,178150
700,730,R2714,B2714,False,,False,178250
700,730,R2715,B2715,True,721.0,False,534150
700,730,R2716,B2716,True,721.0,False,356500
700,730,R2717,B2717,False,,False,175800
700,730,R2718,B2718,False,,False,176300
700,730,R2719,B2719,True,724.0,False,176700
700,730,R2720,B2720,True,721.0,False,347199
700,730,R2721,B2721,False,,False,173650
700,730,R2722,B2722,True,721.0,False,354300
700,730,R2723,B2723,True,721.0,False,177250
700,730,R2724,B2724,False,,False,174450
700,730,R2725,B2725,True,723.0,False,178400
700,730,R2726,B2726,False,,False,178250
700,730,R2727,B2727,False,,False,178050
700,730,R2728,B2728,False,,False,175500
700,730,R2729,B2729,True,726.0,False,178250
700,730,R2730,B2730,False,,False,175800
700,730,R2731,B2731,False,,False,167450
700,730,R2732,B2732,False,,False,178250
700,730,R2733,B2733,True,725.0,False,178150
700,730,R2734,B2734,False,,False,177950
700,730,R2735,B2735,True,723.0,False,356800
700,730,R2736,B2736,False,,False,178050
700,730,R2737,B2737,True,723.0,False,178050
700,730,R2738,B2738,True,723.0,False,178250
700,730,R2739,B2739,True,723.0,False,176250
700,730,R2740,B2740,False,,False,176400
700,730,R2741,B2741,False,,False,175400
700,730,R2742,B2742,True,729.0,False,178400
700,730,R2743,B2743,True,729.0,False,356100
700,730,R2744,B2744,True,724.0,False,178050
700,730,R2745,B2745,True,729.0,False,178250
700,730,R2746,B2746,False,,False,176250
700,730,R2747,B2747,True,724.0,False,522150
700,730,R2748,B2748,True,724.0,False,353400
700,730,R2749,B2749,False,,False,175450
700,730,R2750,B2750,False,,False,177250
700,730,R2751,B2751,False,,False,157500
700,730,R2752,B2752,True,725.0,False,178300
700,730,R2753,B2753,True,729.0,False,356500
700,730,R2754,B2754,True,725.0,False,356300
700,730,R2755,B2755,True,725.0,False,713000
700,730,R2756,B2756,True,725.0,False,712200
700,730,R2757,B2757,False,,False,176250
700,730,R2758,B2758,True,725.0,False,356100
700,730,R2759,B2759,True,725.0,False,528750
700,730,R2760,B2760,False,,False,177350
700,730,R2761,B2761,True,729.0,False,176800
700,730,R2762,B2762,False,,False,176400
700,730,R2763,B2763,False,,False,177150
700,730,R2764,B2764,False,,False,177250
700,730,R2765,B2765,True,730.0,False,178250
700,730,R2766,B2766,True,728.0,False,356500
700,730,R2767,B2767,True,726.0,False,178400
700,730,R2768,B2768,False,,False,178250
700,730,R2769,B2769,True,726.0,False,356100
700,730,R2770,B2770,True,726.0,False,178250
700,730,R2771,B2771,True,726.0,False,176250
700,730,R2772,B2772,False,,False,175400
700,730,R2773,B2773,False,,False,174500
700,730,R2774,B2774,True,726.0,False,176800
700,730,R2775,B2775,False,,False,176300
700,730,R2776,B2776,True,727.0,False,178250
700,730,R2777,B2777,False,,False,178250
700,730,R2778,B2778,True,727.0,False,178250
700,730,R2779,B2779,True,727.0,False,534450
700,730,R2780,B2780,False,,False,175800
700,730,R2781,B2781,True,728.0,False,178400
700,730,R2782,B2782,True,727.0,False,356100
700,730,R2783,B2783,False,,False,176250
700,730,R2784,B2784,False,,False,176250
700,730,R2785,B2785,False,,False,176700
700,730,R2786,B2786,True,727.0,False,531750
700,730,R2787,B2787,True,727.0,False,354500
700,730,R2788,B2788,False,,False,178250
700,730,R2789,B2789,False,,False,175800
700,730,R2790,B2790,True,728.0,False,178150
700,730,R2791,B2791,False,,False,177950
700,730,R2792,B2792,True,728.0,False,356500
700,730,R2793,B2793,True,730.0,False,356100
700,730,R2794,B2794,False,,False,176250
700,730,R2795,B2795,True,728.0,False,534150
700,730,R2796,B2796,True,728.0,False,356500
700,730,R2797,B2797,True,729.0,False,352500
700,730,R2798,B2798,False,,False,174050
700,730,R2799,B2799,False,,False,176700
700,730,R2800,B2800,False,,False,173600
700,730,R2801,B2801,False,,False,177250
700,730,R2802,B2802,True,730.0,False,354500
700,730,R2803,B2803,True,730.0,False,356500
700,730,R2804,B2804,True,729.0,False,178150
700,730,R2805,B2805,False,,False,177950
700,730,R2806,B2806,False,,False,178250
700,730,R2807,B2807,True,729.0,False,178050
700,730,R2808,B2808,False,,False,176250
700,730,R2809,B2809,True,729.0,False,176800
700,730,R2810,B2810,True,729.0,False,353400
700,730,R2811,B2811,False,,False,176400
700,730,R2812,B2812,False,,False,177250
700,730,R2813,B2813,True,730.0,False,178300
700,730,R2814,B2814,False,,False,178150
700,730,R2815,B2815,False,,False,178250
700,730,R2816,B2816,False,,False,178050
700,730,R2817,B2817,False,,False,176250
700,730,R2818,B2818,False,,False,176250
700,730,R2819,B2819,False,,False,171000
700,730,R2820,B2820,False,,False,177250
720,750,R2392,B2392,False,,False,218650
720,750,R2409,B2409,False,,False,217831
720,750,R2418,B2418,False,,False,218650
720,750,R2421,B2421,False,,False,218650
720,750,R2431,B2431,False,,False,214454
720,750,R2435,B2435,False,,False,221644
720,750,R2438,B2438,False,,False,218455
720,750,R2452,B2452,False,,False,220336
720,750,R2460,B2460,False,,False,218455
720,750,R2462,B2462,False,,False,208410
720,750,R2469,B2469,False,,False,218945
720,750,R2473,B2473,False,,False,260800
720,750,R2478,B2478,False,,False,181323
720,750,R2490,B2490,False,,False,206519
720,750,R2491,B2491,False,,False,239450
720,750,R2494,B2494,False,,False,198947
720,750,R2498,B2498,False,,False,208179
720,750,R2499,B2499,False,,False,241913
720,750,R2502,B2502,False,,False,208410
720,750,R2505,B2505,False,,False,198947
720,750,R2506,B2506,False,,False,208546
720,750,R2508,B2508,False,,False,218286
720,750,R2511,B2511,False,,False,256830
720,750,R2512,B2512,False,,False,246566
720,750,R2513,B2513,False,,False,299974
720,750,R2515,B2515,False,,False,238605
720,750,R2516,B2516,False,,False,211550
720,750,R2518,B2518,False,,False,198947
720,750,R2520,B2520,False,,False,253356
720,750,R2521,B2521,False,,False,220458
720,750,R2523,B2523,False,,False,304321
720,750,R2524,B2524,False,,False,241092
720,750,R2525,B2525,False,,False,253171
720,750,R2526,B2526,False,,False,256977
720,750,R2527,B2527,False,,False,279107
720,750,R2528,B2528,False,,False,251425
720,750,R2530,B2530,False,,False,207227
720,750,R2531,B2531,False,,False,194079
720,750,R2532,B2532,False,,False,208262
720,750,R2534,B2534,False,,False,279107
720,750,R2535,B2535,False,,False,251425
720,750,R2538,B2538,False,,False,207670
720,750,R2539,B2539,False,,False,228461
720,750,R2540,B2540,False,,False,192843
720,750,R2541,B2541,False,,False,251791
720,750,R2546,B2546,False,,False,256977
720,750,R2549,B2549,False,,False,207227
720,750,R2550,B2550,False,,False,198023
720,750,R2554,B2554,False,,False,256977
720,750,R2555,B2555,False,,False,279107
720,750,R2557,B2557,False,,False,187598
720,750,R2560,B2560,False,,False,246658
720,750,R2562,B2562,False,,False,181539
720,750,R2563,B2563,False,,False,187636
720,750,R2564,B2564,False,,False,272803
720,750,R2568,B2568,False,,False,233081
720,750,R2570,B2570,False,,False,228848
720,750,R2571,B2571,False,,False,253800
720,750,R2572,B2572,False,,False,196168
720,750,R2573,B2573,False,,False,192843
720,750,R2576,B2576,False,,False,238420
720,750,R2578,B2578,False,,False,223441
720,750,R2579,B2579,False,,False,199633
720,750,R2580,B2580,False,,False,253892
720,750,R2581,B2581,False,,False,233081
720,750,R2586,B2586,False,,False,192843
720,750,R2587,B2587,False,,False,187890
720,750,R2588,B2588,False,,False,187636
720,750,R2590,B2590,False,,False,272803
720,750,R2592,B2592,False,,False,234415
720,750,R2593,B2593,False,,False,222670
720,750,R2596,B2596,False,,False,187598
720,750,R2600,B2600,False,,False,187525
720,750,R2601,B2601,False,,False,210946
720,750,R2602,B2602,False,,False,223896
720,750,R2605,B2605,False,,False,187716
720,750,R2606,B2606,False,,False,207866
720,750,R2607,B2607,False,,False,216071
720,750,R2610,B2610,False,,False,203449
720,750,R2611,B2611,False,,False,187212
720,750,R2612,B2612,False,,False,185256
720,750,R2613,B2613,False,,False,198867
720,750,R2614,B2614,False,,False,196110
720,750,R2615,B2615,False,,False,182443
720,750,R2616,B2616,False,,False,186348
720,750,R2617,B2617,False,,False,206282
720,750,R2618,B2618,False,,False,192856
720,750,R2619,B2619,False,,False,207866
720,750,R2620,B2620,False,,False,196393
720,750,R2621,B2621,False,,False,363848
720,750,R2623,B2623,False,,False,182549
720,750,R2624,B2624,False,,False,185109
720,750,R2626,B2626,False,,False,182635
720,750,R2627,B2627,False,,False,208681
720,750,R2628,B2628,False,,False,198306
720,750,R2629,B2629,False,,False,193113
720,750,R2630,B2630,False,,False,207866
720,750,R2632,B2632,False,,False,181924
720,750,R2635,B2635,False,,False,234804
720,750,R2636,B2636,True,720.0,True,588331
720,750,R2638,B2638,False,,False,166450
720,750,R2639,B2639,False,,False,186348
720,750,R2641,B2641,True,720.0,True,406928
720,750,R2642,B2642,True,723.0,True,392787
720,750,R2643,B2643,False,,False,181924
720,750,R2646,B2646,True,720.0,True,364886
720,750,R2647,B2647,False,,False,198306
720,750,R2649,B2649,True,720.0,True,193113
720,750,R2650,B2650,True,720.0,True,193852
720,750,R2651,B2651,False,,False,181773
720,750,R2654,B2654,False,,False,166450
720,750,R2657,B2657,False,,False,203464
720,750,R2658,B2658,False,,False,187221
720,750,R2659,B2659,False,,False,181924
720,750,R2661,B2661,False,,False,182549
720,750,R2662,B2662,True,720.0,True,183870
720,750,R2664,B2664,False,,False,181627
720,750,R2665,B2665,False,,False,169629
720,750,R2668,B2668,False,,False,198306
720,750,R2669,B2669,True,723.0,True,371063
720,750,R2670,B2670,False,,False,203464
720,750,R2672,B2672,False,,False,187221
720,750,R2673,B2673,True,729.0,True,545773
720,750,R2674,B2674,True,723.0,True,197026
720,750,R2678,B2678,False,,False,194008
720,750,R2680,B2680,True,726.0,True,381714
720,750,R2683,B2683,False,,False,180071
720,750,R2684,B2684,False,,False,182337
720,750,R2685,B2685,True,723.0,True,191511
720,750,R2686,B2686,False,,False,186218
720,750,R2690,B2690,False,,False,180153
720,750,R2691,B2691,True,727.0,True,188222
720,750,R2693,B2693,True,720.0,True,374443
720,750,R2694,B2694,True,722.0,True,190628
720,750,R2697,B2697,True,720.0,True,184155
720,750,R2698,B2698,False,,False,178750
720,750,R2699,B2699,False,,False,187442
720,750,R2700,B2700,True,721.0,True,368565
720,750,R2701,B2701,True,726.0,True,187527
720,750,R2702,B2702,True,726.0,True,188222
720,750,R2703,B2703,False,,False,190857
720,750,R2704,B2704,True,727.0,True,374443
720,750,R2705,B2705,True,726.0,True,181924
720,750,R2706,B2706,True,724.0,True,184339
720,750,R2707,B2707,True,720.0,True,187638
720,750,R2708,B2708,False,,False,184618
720,750,R2709,B2709,True,720.0,True,179579
720,750,R2710,B2710,False,,False,193465
720,750,R2711,B2711,True,721.0,True,201035
720,750,R2712,B2712,False,,False,186075
720,750,R2713,B2713,True,726.0,True,187527
720,750,R2714,B2714,False,,False,190857
720,750,R2715,B2715,True,728.0,True,553017
720,750,R2716,B2716,True,726.0,True,375276
720,750,R2717,B2717,True,725.0,True,188800
720,750,R2718,B2718,True,723.0,True,184005
720,750,R2719,B2719,False,,False,183170
720,750,R2720,B2720,True,728.0,True,358973
720,750,R2721,B2721,False,,False,178750
720,750,R2722,B2722,True,728.0,True,364675
720,750,R2723,B2723,False,,False,182570
720,750,R2724,B2724,False,,False,179794
720,750,R2725,B2725,False,,False,188222
720,750,R2726,B2726,False,,False,190857
720,750,R2727,B2727,False,,False,187221
720,750,R2728,B2728,False,,False,182625
720,750,R2729,B2729,True,727.0,True,187638
720,750,R2730,B2730,True,722.0,True,188800
720,750,R2731,B2731,False,,False,173798
720,750,R2732,B2732,False,,False,193465
720,750,R2733,B2733,False,,False,187527
720,750,R2734,B2734,False,,False,185531
720,750,R2735,B2735,True,723.0,True,376444
720,750,R2736,B2736,False,,False,187221
720,750,R2737,B2737,True,726.0,True,184339
720,750,R2738,B2738,True,725.0,True,187638
720,750,R2739,B2739,True,723.0,True,185051
720,750,R2740,B2740,False,,False,183722
720,750,R2741,B2741,True,724.0,True,186348
720,750,R2742,B2742,True,731.0,True,188222
720,750,R2743,B2743,True,724.0,True,374443
720,750,R2744,B2744,True,725.0,True,184339
720,750,R2745,B2745,True,724.0,True,187638
720,750,R2746,B2746,True,726.0,True,185051
720,750,R2747,B2747,True,724.0,True,538738
720,750,R2748,B2748,True,729.0,True,366340
720,750,R2749,B2749,False,,False,185622
720,750,R2750,B2750,True,724.0,True,182635
720,750,R2751,B2751,False,,False,161470
720,750,R2752,B2752,False,,False,186475
720,750,R2753,B2753,True,729.0,True,376556
720,750,R2754,B2754,True,725.0,True,375055
720,750,R2755,B2755,True,725.0,True,763428
720,750,R2756,B2756,True,731.0,True,748887
720,750,R2757,B2757,False,,False,181924
720,750,R2758,B2758,True,726.0,True,368678
720,750,R2759,B2759,True,726.0,True,555153
720,750,R2760,B2760,False,,False,182488
720,750,R2761,B2761,True,732.0,True,184155
720,750,R2762,B2762,False,,False,186218
720,750,R2763,B2763,True,725.0,True,182337
720,750,R2764,B2764,False,,False,182570
720,750,R2765,B2765,False,,False,187442
720,750,R2766,B2766,True,726.0,True,376556
720,750,R2767,B2767,True,734.0,True,188222
720,750,R2768,B2768,True,726.0,True,190857
720,750,R2769,B2769,True,730.0,True,374443
720,750,R2770,B2770,True,727.0,True,187638
720,750,R2771,B2771,True,733.0,True,185051
720,750,R2772,B2772,False,,False,181773
720,750,R2773,B2773,False,,False,178485
720,750,R2774,B2774,True,733.0,True,184155
720,750,R2775,B2775,False,,False,181627
720,750,R2776,B2776,False,,False,187442
720,750,R2777,B2777,False,,False,193465
720,750,R2778,B2778,False,,False,188278
720,750,R2779,B2779,True,733.0,True,562582
720,750,R2780,B2780,False,,False,181758
720,750,R2781,B2781,False,,False,188222
720,750,R2782,B2782,True,727.0,True,374443
720,750,R2783,B2783,False,,False,181924
720,750,R2784,B2784,True,733.0,True,185051
720,750,R2785,B2785,True,733.0,True,183170
720,750,R2786,B2786,True,727.0,True,547710
720,750,R2787,B2787,True,731.0,True,364886
720,750,R2788,B2788,False,,False,194008
720,750,R2789,B2789,True,728.0,True,201035
720,750,R2790,B2790,True,729.0,True,187527
720,750,R2791,B2791,False,,False,185403
720,750,R2792,B2792,True,728.0,True,381714
720,750,R2793,B2793,True,737.0,True,374443
720,750,R2794,B2794,False,,False,181924
720,750,R2795,B2795,True,729.0,True,553017
720,750,R2796,B2796,True,729.0,True,375276
720,750,R2797,B2797,True,734.0,True,370102
720,750,R2798,B2798,True,733.0,True,179579
720,750,R2799,B2799,True,731.0,True,183170
720,750,R2800,B2800,False,,False,179405
720,750,R2801,B2801,True,728.0,True,182635
720,750,R2802,B2802,True,728.0,True,364886
720,750,R2803,B2803,True,734.0,True,376556
720,750,R2804,B2804,True,735.0,True,187527
720,750,R2805,B2805,False,,False,185531
720,750,R2806,B2806,False,,False,190857
720,750,R2807,B2807,True,736.0,True,184339
720,750,R2808,B2808,True,735.0,True,185051
720,750,R2809,B2809,True,729.0,True,184155
720,750,R2810,B2810,True,729.0,True,366340
720,750,R2811,B2811,False,,False,186218
720,750,R2812,B2812,False,,False,182570
720,750,R2813,B2813,False,,False,186475
720,750,R2814,B2814,True,730.0,True,187527
720,750,R2815,B2815,True,730.0,True,190857
720,750,R2816,B2816,False,,False,187221
720,750,R2817,B2817,False,,False,181924
720,750,R2818,B2818,True,730.0,True,185051
720,750,R2819,B2819,False,,False,176192
720,750,R2820,B2820,True,730.0,True,182443
720,750,R2821,B2821,False,,False,178250
720,750,R2822,B2822,True,731.0,True,356500
720,750,R2823,B2823,True,731.0,True,356300
720,750,R2824,B2824,False,,False,177950
720,750,R2825,B2825,True,731.0,True,534750
720,750,R2826,B2826,False,,False,176250
720,750,R2827,B2827,True,731.0,True,356100
720,750,R2828,B2828,True,738.0,True,178250
720,750,R2829,B2829,True,731.0,True,352500
720,750,R2830,B2830,True,731.0,True,176100
720,750,R2831,B2831,True,732.0,True,177950
720,750,R2832,B2832,False,,False,174050
720,750,R2833,B2833,False,,False,176800
720,750,R2834,B2834,False,,False,176700
720,750,R2835,B2835,False,,False,177150
720,750,R2836,B2836,False,,False,178150
720,750,R2837,B2837,True,738.0,True,356800
720,750,R2838,B2838,True,739.0,True,178250
720,750,R2839,B2839,True,734.0,True,356100
720,750,R2840,B2840,False,,False,176250
720,750,R2841,B2841,True,732.0,True,356100
720,750,R2842,B2842,True,739.0,True,178250
720,750,R2843,B2843,True,732.0,True,352500
720,750,R2844,B2844,True,736.0,True,348100
720,750,R2845,B2845,False,,False,177150
720,750,R2846,B2846,False,,False,177250
720,750,R2847,B2847,False,,False,162250
720,750,R2848,B2848,False,,False,177250
720,750,R2849,B2849,True,733.0,True,177350
720,750,R2850,B2850,True,739.0,True,178300
720,750,R2851,B2851,False,,False,178250
720,750,R2852,B2852,False,,False,176800
720,750,R2853,B2853,True,733.0,True,350800
720,750,R2854,B2854,False,,False,178250
720,750,R2855,B2855,False,,False,178150
720,750,R2856,B2856,True,740.0,False,178400
720,750,R2857,B2857,True,739.0,True,178250
720,750,R2858,B2858,False,,False,176250
720,750,R2859,B2859,True,733.0,True,178050
720,750,R2860,B2860,False,,False,175400
720,750,R2861,B2861,True,742.0,False,348100
720,750,R2862,B2862,False,,False,176800
720,750,R2863,B2863,True,734.0,True,712600
720,750,R2864,B2864,False,,False,178250
720,750,R2865,B2865,False,,False,178050
720,750,R2866,B2866,False,,False,175900
720,750,R2867,B2867,False,,False,176250
720,750,R2868,B2868,False,,False,176250
720,750,R2869,B2869,False,,False,176800
720,750,R2870,B2870,True,734.0,True,353400
720,750,R2871,B2871,False,,False,162250
720,750,R2872,B2872,False,,False,178250
720,750,R2873,B2873,False,,False,178250
720,750,R2874,B2874,True,735.0,True,356800
720,750,R2875,B2875,True,743.0,False,178250
720,750,R2876,B2876,False,,False,178050
720,750,R2877,B2877,False,,False,176250
720,750,R2878,B2878,False,,False,177150
720,750,R2879,B2879,True,741.0,False,174050
720,750,R2880,B2880,False,,False,177250
720,750,R2881,B2881,False,,False,178250
720,750,R2882,B2882,False,,False,178250
720,750,R2883,B2883,True,741.0,False,178150
720,750,R2884,B2884,False,,False,175800
720,750,R2885,B2885,True,743.0,False,178250
720,750,R2886,B2886,False,,False,178050
720,750,R2887,B2887,True,741.0,False,178050
720,750,R2888,B2888,True,736.0,True,178250
720,750,R2889,B2889,True,741.0,False,353400
720,750,R2890,B2890,False,,False,173650
720,750,R2891,B2891,False,,False,167450
720,750,R2892,B2892,False,,False,177250
720,750,R2893,B2893,True,738.0,True,178400
720,750,R2894,B2894,True,741.0,False,712200
720,750,R2895,B2895,True,738.0,True,178050
720,750,R2896,B2896,False,,False,171000
720,750,R2897,B2897,True,738.0,True,176700
720,750,R2898,B2898,True,737.0,True,348900
720,750,R2899,B2899,True,743.0,False,178300
720,750,R2900,B2900,False,,False,177250
720,750,R2901,B2901,True,738.0,True,534450
720,750,R2902,B2902,True,738.0,True,534750
720,750,R2903,B2903,False,,False,178050
720,750,R2904,B2904,True,745.0,False,178050
720,750,R2905,B2905,True,738.0,True,352500
720,750,R2906,B2906,False,,False,177150
720,750,R2907,B2907,True,746.0,False,174050
720,750,R2908,B2908,False,,False,174500
720,750,R2909,B2909,False,,False,177150
720,750,R2910,B2910,True,746.0,False,178250
720,750,R2911,B2911,True,743.0,False,178150
720,750,R2912,B2912,True,745.0,False,178250
720,750,R2913,B2913,True,739.0,True,356100
720,750,R2914,B2914,True,739.0,True,176700
720,750,R2915,B2915,False,,False,175200
720,750,R2916,B2916,False,,False,178250
720,750,R2917,B2917,True,740.0,False,534750
720,750,R2918,B2918,True,743.0,False,176250
720,750,R2919,B2919,True,745.0,False,173350
720,750,R2920,B2920,False,,False,177250
720,750,R2921,B2921,True,741.0,False,178300
720,750,R2922,B2922,False,,False,175200
720,750,R2923,B2923,False,,False,178250
720,750,R2924,B2924,True,747.0,False,178250
720,750,R2925,B2925,True,746.0,False,173350
720,750,R2926,B2926,True,742.0,False,176800
720,750,R2927,B2927,True,742.0,False,176800
720,750,R2928,B2928,True,741.0,False,173599
720,750,R2929,B2929,False,,False,177250
720,750,R2930,B2930,False,,False,169000
720,750,R2931,B2931,True,745.0,False,178250
720,750,R2932,B2932,True,748.0,False,178250
720,750,R2933,B2933,True,742.0,False,175800
720,750,R2934,B2934,True,748.0,False,353600
720,750,R2935,B2935,True,743.0,False,178250
720,750,R2936,B2936,True,746.0,False,177950
720,750,R2937,B2937,True,742.0,False,178050
720,750,R2938,B2938,True,749.0,False,520800
720,750,R2939,B2939,False,,False,176400
720,750,R2940,B2940,False,,False,177250
720,750,R2941,B2941,True,746.0,False,178250
720,750,R2942,B2942,True,750.0,False,176800
720,750,R2943,B2943,True,743.0,False,177950
720,750,R2944,B2944,True,743.0,False,178050
720,750,R2945,B2945,True,747.0,False,178250
720,750,R2946,B2946,True,744.0,False,178300
720,750,R2947,B2947,True,749.0,False,178250
720,750,R2948,B2948,False,,False,178050
720,750,R2949,B2949,True,744.0,False,178250
720,750,R2950,B2950,True,748.0,False,352500
720,750,R2951,B2951,False,,False,176300
720,750,R2952,B2952,False,,False,173650
720,750,R2953,B2953,False,,False,177250
720,750,R2954,B2954,True,745.0,False,353600
720,750,R2955,B2955,True,746.0,False,178150
720,750,R2956,B2956,False,,False,177950
720,750,R2957,B2957,True,745.0,False,178250
720,750,R2958,B2958,True,745.0,False,175700
720,750,R2959,B2959,True,745.0,False,352500
720,750,R2960,B2960,False,,False,173650
720,750,R2961,B2961,False,,False,177250
720,750,R2962,B2962,True,747.0,False,178300
720,750,R2963,B2963,True,746.0,False,351600
720,750,R2964,B2964,False,,False,176400
720,750,R2965,B2965,True,746.0,False,178250
720,750,R2966,B2966,True,746.0,False,356500
720,750,R2967,B2967,True,746.0,False,351600
720,750,R2968,B2968,True,746.0,False,173600
720,750,R2969,B2969,True,747.0,False,178300
720,750,R2970,B2970,False,,False,174200
720,750,R2971,B2971,True,747.0,False,356500
720,750,R2972,B2972,False,,False,176300
720,750,R2973,B2973,True,748.0,False,178300
720,750,R2974,B2974,True,748.0,False,178250
720,750,R2975,B2975,True,749.0,False,355900
720,750,R2976,B2976,True,748.0,False,347200
720,750,R2977,B2977,False,,False,178250
720,750,R2978,B2978,False,,False,176250
720,750,R2979,B2979,True,749.0,False,178050
720,750,R2980,B2980,True,749.0,False,713000
720,750,R2981,B2981,True,750.0,False,356500
720,750,R2982,B2982,True,749.0,False,173350
720,750,R2983,B2983,True,749.0,False,173599
720,750,R2984,B2984,False,,False,176400
720,750,R2985,B2985,True,750.0,False,356600
720,750,R2986,B2986,True,750.0,False,178050
720,750,R2987,B2987,True,750.0,False,176250
720,750,R2988,B2988,False,,False,174500
740,770,R2596,B2596,False,,False,244342
740,770,R2615,B2615,False,,False,218797
740,770,R2621,B2621,False,,False,443289
740,770,R2626,B2626,False,,False,220336
740,770,R2632,B2632,False,,False,221644
740,770,R2638,B2638,False,,False,195854
740,770,R2639,B2639,False,,False,262989
740,770,R2643,B2643,False,,False,221644
740,770,R2654,B2654,False,,False,187453
740,770,R2659,B2659,False,,False,210296
740,770,R2661,B2661,False,,False,218945
740,770,R2665,B2665,False,,False,208338
740,770,R2683,B2683,False,,False,227124
740,770,R2684,B2684,False,,False,208275
740,770,R2690,B2690,False,,False,204920
740,770,R2698,B2698,False,,False,204253
740,770,R2708,B2708,False,,False,234794
740,770,R2712,B2712,False,,False,239450
740,770,R2721,B2721,False,,False,204253
740,770,R2723,B2723,False,,False,209170
740,770,R2724,B2724,False,,False,206519
740,770,R2726,B2726,False,,False,279107
740,770,R2727,B2727,False,,False,251425
740,770,R2728,B2728,False,,False,232500
740,770,R2731,B2731,False,,False,205540
740,770,R2732,B2732,False,,False,299974
740,770,R2733,B2733,False,,False,253171
740,770,R2734,B2734,False,,False,238605
740,770,R2736,B2736,False,,False,251425
740,770,R2740,B2740,False,,False,220332
740,770,R2749,B2749,False,,False,256830
740,770,R2751,B2751,False,,False,173382
740,770,R2752,B2752,False,,False,243707
740,770,R2757,B2757,False,,False,198947
740,770,R2760,B2760,False,,False,197902
740,770,R2762,B2762,False,,False,235309
740,770,R2764,B2764,False,,False,198530
740,770,R2765,B2765,False,,False,251791
740,770,R2772,B2772,False,,False,213638
740,770,R2773,B2773,False,,False,182471
740,770,R2775,B2775,False,,False,208262
740,770,R2776,B2776,False,,False,251791
740,770,R2777,B2777,False,,False,299974
740,770,R2778,B2778,False,,False,258477
740,770,R2780,B2780,False,,False,199633
740,770,R2781,B2781,False,,False,256977
740,770,R2783,B2783,False,,False,187598
740,770,R2788,B2788,False,,False,272803
740,770,R2791,B2791,False,,False,222670
740,770,R2794,B2794,False,,False,187598
740,770,R2800,B2800,False,,False,196822
740,770,R2805,B2805,False,,False,223441
740,770,R2806,B2806,False,,False,253892
740,770,R2811,B2811,False,,False,235309
740,770,R2812,B2812,False,,False,187890
740,770,R2813,B2813,False,,False,227355
740,770,R2816,B2816,False,,False,233081
740,770,R2817,B2817,False,,False,187598
740,770,R2819,B2819,False,,False,181384
740,770,R2821,B2821,False,,False,205828
740,770,R2824,B2824,False,,False,193113
740,770,R2826,B2826,False,,False,181924
740,770,R2832,B2832,False,,False,185256
740,770,R2833,B2833,False,,False,198867
740,770,R2834,B2834,False,,False,196110
740,770,R2835,B2835,False,,False,182337
740,770,R2836,B2836,True,740.0,True,206282
740,770,R2840,B2840,False,,False,181924
740,770,R2845,B2845,False,,False,182337
740,770,R2846,B2846,False,,False,182635
740,770,R2847,B2847,False,,False,166450
740,770,R2848,B2848,True,742.0,True,182443
740,770,R2851,B2851,False,,False,208681
740,770,R2852,B2852,False,,False,199248
740,770,R2854,B2854,False,,False,198306
740,770,R2855,B2855,False,,False,206282
740,770,R2856,B2856,True,740.0,True,207866
740,770,R2858,B2858,False,,False,181924
740,770,R2860,B2860,False,,False,188146
740,770,R2861,B2861,True,742.0,True,359306
740,770,R2862,B2862,False,,False,191765
740,770,R2864,B2864,False,,False,203464
740,770,R2865,B2865,False,,False,196393
740,770,R2866,B2866,False,,False,180619
740,770,R2867,B2867,False,,False,181924
740,770,R2868,B2868,True,740.0,True,193852
740,770,R2869,B2869,False,,False,191511
740,770,R2871,B2871,False,,False,166450
740,770,R2872,B2872,False,,False,208681
740,770,R2873,B2873,False,,False,198306
740,770,R2875,B2875,True,743.0,True,203464
740,770,R2876,B2876,False,,False,196393
740,770,R2877,B2877,True,742.0,True,193852
740,770,R2878,B2878,True,743.0,True,182337
740,770,R2879,B2879,False,,False,179653
740,770,R2880,B2880,False,,False,182570
740,770,R2881,B2881,True,740.0,True,209767
740,770,R2882,B2882,False,,False,198306
740,770,R2883,B2883,False,,False,196905
740,770,R2884,B2884,False,,False,181758
740,770,R2885,B2885,True,743.0,True,203464
740,770,R2886,B2886,False,,False,187221
740,770,R2887,B2887,True,740.0,True,190628
740,770,R2889,B2889,True,740.0,True,379280
740,770,R2890,B2890,False,,False,178750
740,770,R2891,B2891,False,,False,173798
740,770,R2892,B2892,False,,False,182635
740,770,R2894,B2894,True,741.0,True,748887
740,770,R2896,B2896,False,,False,176192
740,770,R2899,B2899,True,744.0,True,194651
740,770,R2900,B2900,False,,False,182322
740,770,R2903,B2903,False,,False,187221
740,770,R2904,B2904,True,744.0,True,190628
740,770,R2906,B2906,True,740.0,True,182337
740,770,R2907,B2907,False,,False,179579
740,770,R2908,B2908,False,,False,178485
740,770,R2909,B2909,False,,False,182337
740,770,R2910,B2910,True,746.0,True,187442
740,770,R2911,B2911,False,,False,187527
740,770,R2912,B2912,True,745.0,True,190857
740,770,R2915,B2915,True,748.0,True,180153
740,770,R2916,B2916,True,748.0,True,190857
740,770,R2917,B2917,True,745.0,True,562914
740,770,R2918,B2918,True,746.0,True,185051
740,770,R2919,B2919,True,746.0,True,180071
740,770,R2920,B2920,False,,False,182635
740,770,R2921,B2921,True,741.0,True,186475
740,770,R2922,B2922,True,748.0,True,180153
740,770,R2923,B2923,True,748.0,True,190857
740,770,R2924,B2924,True,746.0,True,187638
740,770,R2925,B2925,True,746.0,True,179965
740,770,R2926,B2926,True,748.0,True,184155
740,770,R2927,B2927,True,742.0,True,187133
740,770,R2928,B2928,True,741.0,True,179486
740,770,R2929,B2929,False,,False,182570
740,770,R2930,B2930,True,741.0,True,175269
740,770,R2931,B2931,True,748.0,True,187442
740,770,R2932,B2932,True,743.0,True,194008
740,770,R2933,B2933,True,745.0,True,201035
740,770,R2934,B2934,True,748.0,True,368565
740,770,R2935,B2935,True,748.0,True,188278
740,770,R2936,B2936,True,748.0,True,185403
740,770,R2937,B2937,True,743.0,True,184339
740,770,R2938,B2938,True,744.0,True,538216
740,770,R2939,B2939,False,,False,183722
740,770,R2940,B2940,False,,False,182635
740,770,R2941,B2941,True,748.0,True,187442
740,770,R2942,B2942,True,743.0,True,184282
740,770,R2943,B2943,True,751.0,True,185531
740,770,R2944,B2944,True,747.0,True,184339
740,770,R2945,B2945,True,747.0,True,187638
740,770,R2946,B2946,True,750.0,True,186475
740,770,R2947,B2947,True,748.0,True,188278
740,770,R2948,B2948,True,752.0,True,187221
740,770,R2949,B2949,True,746.0,True,187638
740,770,R2950,B2950,True,751.0,True,370102
740,770,R2951,B2951,False,,False,181627
740,770,R2952,B2952,False,,False,178750
740,770,R2953,B2953,False,,False,182635
740,770,R2954,B2954,True,745.0,True,368565
740,770,R2955,B2955,True,748.0,True,187527
740,770,R2956,B2956,True,748.0,True,185531
740,770,R2957,B2957,True,751.0,True,190857
740,770,R2958,B2958,True,752.0,True,186976
740,770,R2959,B2959,True,747.0,True,370102
740,770,R2960,B2960,False,,False,178750
740,770,R2961,B2961,False,,False,182570
740,770,R2962,B2962,True,753.0,True,186475
740,770,R2963,B2963,True,748.0,True,402070
740,770,R2964,B2964,True,748.0,True,181868
740,770,R2965,B2965,True,746.0,True,188278
740,770,R2966,B2966,True,750.0,True,375276
740,770,R2967,B2967,True,746.0,True,399266
740,770,R2968,B2968,True,753.0,True,179405
740,770,R2969,B2969,True,747.0,True,186475
740,770,R2970,B2970,True,748.0,True,184725
740,770,R2971,B2971,True,747.0,True,375276
740,770,R2972,B2972,True,754.0,True,181562
740,770,R2973,B2973,True,754.0,True,186475
740,770,R2974,B2974,True,752.0,True,194008
740,770,R2975,B2975,True,757.0,True,370806
740,770,R2976,B2976,True,752.0,True,358811
740,770,R2977,B2977,True,751.0,True,188278
740,770,R2978,B2978,True,759.0,True,181924
740,770,R2979,B2979,True,755.0,True,184339
740,770,R2980,B2980,True,749.0,True,750553
740,770,R2981,B2981,True,754.0,True,375276
740,770,R2982,B2982,True,749.0,True,179965
740,770,R2983,B2983,True,749.0,True,179486
740,770,R2984,B2984,True,754.0,True,183722
740,770,R2985,B2985,True,751.0,True,372951
740,770,R2986,B2986,True,750.0,True,184339
740,770,R2987,B2987,True,750.0,True,185051
740,770,R2988,B2988,True,754.0,True,178485
740,770,R2989,B2989,True,756.0,True,178250
740,770,R2990,B2990,True,751.0,True,178300
740,770,R2991,B2991,True,751.0,True,353600
740,770,R2992,B2992,True,752.0,True,178150
740,770,R2993,B2993,True,751.0,True,175500
740,770,R2994,B2994,True,751.0,True,356500
740,770,R2995,B2995,True,757.0,True,176250
740,770,R2996,B2996,True,751.0,True,173350
740,770,R2997,B2997,True,759.0,True,172700
740,770,R2998,B2998,True,752.0,True,176800
740,770,R2999,B2999,True,755.0,True,178150
740,770,R3000,B3000,True,753.0,True,178250
740,770,R3001,B3001,True,757.0,True,356100
740,770,R3002,B3002,True,753.0,True,178250
740,770,R3003,B3003,True,761.0,False,178250
740,770,R3004,B3004,True,757.0,True,178300
740,770,R3005,B3005,True,761.0,False,176800
740,770,R3006,B3006,True,753.0,True,534750
740,770,R3007,B3007,True,755.0,True,534450
740,770,R3008,B3008,True,761.0,False,533850
740,770,R3009,B3009,True,756.0,True,356500
740,770,R3010,B3010,True,753.0,True,176800
740,770,R3011,B3011,True,754.0,True,178300
740,770,R3012,B3012,True,754.0,True,355900
740,770,R3013,B3013,True,755.0,True,175800
740,770,R3014,B3014,True,761.0,False,178050
740,770,R3015,B3015,True,754.0,True,356100
740,770,R3016,B3016,True,754.0,True,173350
740,770,R3017,B3017,True,754.0,True,174500
740,770,R3018,B3018,True,759.0,True,178300
740,770,R3019,B3019,True,755.0,True,178250
740,770,R3020,B3020,True,758.0,True,176800
740,770,R3021,B3021,True,755.0,True,176400
740,770,R3022,B3022,True,760.0,False,355900
740,770,R3023,B3023,True,757.0,True,173650
740,770,R3024,B3024,True,756.0,True,178300
740,770,R3025,B3025,True,764.0,False,176800
740,770,R3026,B3026,True,763.0,False,178150
740,770,R3027,B3027,True,758.0,True,177950
740,770,R3028,B3028,True,757.0,True,355900
740,770,R3029,B3029,True,757.0,True,175500
740,770,R3030,B3030,True,757.0,True,356500
740,770,R3031,B3031,True,757.0,True,353400
740,770,R3032,B3032,True,762.0,False,178300
740,770,R3033,B3033,True,760.0,False,178250
740,770,R3034,B3034,True,758.0,True,177350
740,770,R3035,B3035,True,758.0,True,173600
740,770,R3036,B3036,True,761.0,False,173650
740,770,R3037,B3037,True,759.0,True,178300
740,770,R3038,B3038,True,759.0,True,356300
740,770,R3039,B3039,True,763.0,False,355900
740,770,R3040,B3040,True,759.0,True,178250
740,770,R3041,B3041,True,763.0,False,178050
740,770,R3042,B3042,True,759.0,True,175800
740,770,R3043,B3043,True,760.0,False,176400
740,770,R3044,B3044,True,763.0,False,173650
740,770,R3045,B3045,True,767.0,False,178250
740,770,R3046,B3046,True,760.0,False,178300
740,770,R3047,B3047,True,765.0,False,176800
740,770,R3048,B3048,True,760.0,False,178250
740,770,R3049,B3049,True,760.0,False,178150
740,770,R3050,B3050,True,760.0,False,355900
740,770,R3051,B3051,True,760.0,False,177950
740,770,R3052,B3052,True,763.0,False,178250
740,770,R3053,B3053,True,761.0,False,349000
740,770,R3054,B3054,True,761.0,False,531750
740,770,R3055,B3055,True,761.0,False,177350
740,770,R3056,B3056,True,769.0,False,176400
740,770,R3057,B3057,True,762.0,False,356500
740,770,R3058,B3058,True,762.0,False,356500
740,770,R3059,B3059,True,767.0,False,176250
740,770,R3060,B3060,True,767.0,False,173350
740,770,R3061,B3061,True,762.0,False,177350
740,770,R3062,B3062,True,762.0,False,174500
740,770,R3063,B3063,True,769.0,False,176800
740,770,R3064,B3064,True,763.0,False,178150
740,770,R3065,B3065,True,763.0,False,178050
740,770,R3066,B3066,True,763.0,False,178250
740,770,R3067,B3067,True,764.0,False,175700
740,770,R3068,B3068,True,764.0,False,178250
740,770,R3069,B3069,True,764.0,False,175800
740,770,R3070,B3070,True,766.0,False,356500
740,770,R3071,B3071,True,764.0,False,177950
740,770,R3072,B3072,True,764.0,False,178250
740,770,R3073,B3073,True,764.0,False,176250
740,770,R3074,B3074,True,770.0,False,173350
740,770,R3075,B3075,True,764.0,False,176800
740,770,R3076,B3076,True,764.0,False,173600
740,770,R3077,B3077,True,769.0,False,178250
740,770,R3078,B3078,True,769.0,False,178150
740,770,R3079,B3079,True,770.0,False,178250
740,770,R3080,B3080,True,765.0,False,178050
740,770,R3081,B3081,True,766.0,False,178250
740,770,R3082,B3082,True,765.0,False,173350
740,770,R3083,B3083,True,766.0,False,178300
740,770,R3084,B3084,True,767.0,False,178150
740,770,R3085,B3085,True,766.0,False,178250
740,770,R3086,B3086,True,766.0,False,176800
740,770,R3087,B3087,True,766.0,False,176800
740,770,R3088,B3088,True,766.0,False,176400
740,770,R3089,B3089,True,768.0,False,177250
740,770,R3090,B3090,True,767.0,False,177950
740,770,R3091,B3091,True,767.0,False,175800
740,770,R3092,B3092,True,767.0,False,178250
740,770,R3093,B3093,True,767.0,False,178250
740,770,R3094,B3094,True,770.0,False,176400
740,770,R3095,B3095,True,767.0,False,347300
740,770,R3096,B3096,True,768.0,False,178300
740,770,R3097,B3097,True,770.0,False,178150
740,770,R3098,B3098,True,768.0,False,177950
740,770,R3099,B3099,True,768.0,False,175500
740,770,R3100,B3100,True,768.0,False,356500
740,770,R3101,B3101,True,768.0,False,173600
740,770,R3102,B3102,True,768.0,False,175400
740,770,R3103,B3103,True,769.0,False,178250
740,770,R3104,B3104,True,769.0,False,178250
740,770,R3105,B3105,True,769.0,False,174200
740,770,R3106,B3106,True,769.0,False,178050
740,770,R3107,B3107,True,769.0,False,356500
740,770,R3108,B3108,True,769.0,False,176700
740,770,R3109,B3109,True,770.0,False,173650
740,770,R3110,B3110,True,770.0,False,356600
740,770,R3111,B3111,True,770.0,False,176800
740,770,R3112,B3112,True,770.0,False,176400
740,770,R3113,B3113,True,770.0,False,178150
740,770,R3114,B3114,True,770.0,False,355900
740,770,R3115,B3115,True,770.0,False,178050
740,770,R3116,B3116,True,770.0,False,178250
760,790,R2817,B2817,False,,False,244342
760,790,R2826,B2826,False,,False,221644
760,790,R2835,B2835,False,,False,218650
760,790,R2840,B2840,False,,False,221644
760,790,R2845,B2845,False,,False,218650
760,790,R2846,B2846,False,,False,220336
760,790,R2847,B2847,False,,False,195854
760,790,R2858,B2858,False,,False,221644
760,790,R2866,B2866,False,,False,213658
760,790,R2867,B2867,False,,False,221644
760,790,R2871,B2871,False,,False,195854
760,790,R2880,B2880,False,,False,219810
760,790,R2884,B2884,False,,False,223466
760,790,R2890,B2890,False,,False,214454
760,790,R2891,B2891,False,,False,218236
760,790,R2892,B2892,False,,False,220336
760,790,R2896,B2896,False,,False,212538
760,790,R2900,B2900,False,,False,207686
760,790,R2907,B2907,False,,False,218286
760,790,R2908,B2908,False,,False,198415
760,790,R2909,B2909,False,,False,208275
760,790,R2920,B2920,False,,False,209564
760,790,R2929,B2929,False,,False,209170
760,790,R2939,B2939,False,,False,220332
760,790,R2940,B2940,False,,False,209564
760,790,R2951,B2951,False,,False,208262
760,790,R2952,B2952,False,,False,194052
760,790,R2953,B2953,False,,False,198793
760,790,R2960,B2960,False,,False,194052
760,790,R2961,B2961,False,,False,198530
760,790,R3003,B3003,True,760.0,True,196635
760,790,R3005,B3005,False,,False,191765
760,790,R3008,B3008,True,760.0,True,579341
760,790,R3014,B3014,True,760.0,True,196393
760,790,R3022,B3022,True,763.0,True,371063
760,790,R3025,B3025,True,764.0,True,191765
760,790,R3026,B3026,True,763.0,True,196905
760,790,R3032,B3032,True,766.0,True,194651
760,790,R3033,B3033,True,760.0,True,197026
760,790,R3036,B3036,False,,False,178750
760,790,R3039,B3039,True,760.0,True,371063
760,790,R3041,B3041,True,763.0,True,186516
760,790,R3043,B3043,True,766.0,True,183722
760,790,R3044,B3044,False,,False,178750
760,790,R3045,B3045,True,767.0,True,187442
760,790,R3046,B3046,True,761.0,True,186475
760,790,R3047,B3047,True,767.0,True,184282
760,790,R3048,B3048,True,766.0,True,188278
760,790,R3049,B3049,True,768.0,True,187527
760,790,R3050,B3050,True,761.0,True,370806
760,790,R3051,B3051,True,760.0,True,185802
760,790,R3052,B3052,True,763.0,True,188278
760,790,R3053,B3053,True,768.0,True,356971
760,790,R3054,B3054,True,769.0,True,547710
760,790,R3055,B3055,True,761.0,True,185749
760,790,R3056,B3056,True,768.0,True,181868
760,790,R3057,B3057,True,767.0,True,376556
760,790,R3058,B3058,True,762.0,True,375276
760,790,R3059,B3059,True,767.0,True,185051
760,790,R3060,B3060,True,766.0,True,180071
760,790,R3061,B3061,True,766.0,True,182549
760,790,R3062,B3062,True,771.0,True,178485
760,790,R3063,B3063,True,769.0,True,187133
760,790,R3064,B3064,True,763.0,True,187527
760,790,R3065,B3065,True,763.0,True,184339
760,790,R3066,B3066,True,763.0,True,187638
760,790,R3067,B3067,True,763.0,True,186976
760,790,R3068,B3068,True,772.0,True,187442
760,790,R3069,B3069,True,767.0,True,201035
760,790,R3070,B3070,True,772.0,True,376556
760,790,R3071,B3071,True,764.0,True,185403
760,790,R3072,B3072,True,768.0,True,187638
760,790,R3073,B3073,True,764.0,True,185051
760,790,R3074,B3074,True,768.0,True,180071
760,790,R3075,B3075,True,764.0,True,184155
760,790,R3076,B3076,True,771.0,True,179405
760,790,R3077,B3077,True,767.0,True,187442
760,790,R3078,B3078,True,773.0,True,187527
760,790,R3079,B3079,True,770.0,True,190857
760,790,R3080,B3080,True,772.0,True,187221
760,790,R3081,B3081,True,765.0,True,187638
760,790,R3082,B3082,True,769.0,True,179965
760,790,R3083,B3083,True,769.0,True,186475
760,790,R3084,B3084,True,772.0,True,187527
760,790,R3085,B3085,True,770.0,True,187638
760,790,R3086,B3086,True,766.0,True,184155
760,790,R3087,B3087,True,766.0,True,187133
760,790,R3088,B3088,True,770.0,True,183722
760,790,R3089,B3089,True,773.0,True,182322
760,790,R3090,B3090,True,767.0,True,185531
760,790,R3091,B3091,True,767.0,True,181758
760,790,R3092,B3092,True,767.0,True,190857
760,790,R3093,B3093,True,767.0,True,187638
760,790,R3094,B3094,True,767.0,True,183722
760,790,R3095,B3095,True,769.0,True,357501
760,790,R3096,B3096,True,771.0,True,186475
760,790,R3097,B3097,True,775.0,True,187527
760,790,R3098,B3098,True,774.0,True,185403
760,790,R3099,B3099,True,774.0,True,182625
760,790,R3100,B3100,True,774.0,True,375276
760,790,R3101,B3101,True,768.0,True,179405
760,790,R3102,B3102,True,768.0,True,187261
760,790,R3103,B3103,True,770.0,True,187442
760,790,R3104,B3104,True,770.0,True,188278
760,790,R3105,B3105,True,774.0,True,184725
760,790,R3106,B3106,True,769.0,True,184339
760,790,R3107,B3107,True,769.0,True,375276
760,790,R3108,B3108,True,769.0,True,183170
760,790,R3109,B3109,True,772.0,True,178750
760,790,R3110,B3110,True,772.0,True,372951
760,790,R3111,B3111,True,774.0,True,184282
760,790,R3112,B3112,True,776.0,True,181868
760,790,R3113,B3113,True,770.0,True,187527
760,790,R3114,B3114,True,776.0,True,370806
760,790,R3115,B3115,True,770.0,True,184339
760,790,R3116,B3116,True,773.0,True,187638
760,790,R3117,B3117,True,778.0,True,178250
760,790,R3118,B3118,True,771.0,True,178300
760,790,R3119,B3119,True,771.0,True,176800
760,790,R3120,B3120,True,771.0,True,177950
760,790,R3121,B3121,True,777.0,True,178250
760,790,R3122,B3122,True,778.0,True,178250
760,790,R3123,B3123,True,777.0,True,175800
760,790,R3124,B3124,True,772.0,True,176400
760,790,R3125,B3125,True,771.0,True,176400
760,790,R3126,B3126,True,775.0,True,175800
760,790,R3127,B3127,True,780.0,False,176800
760,790,R3128,B3128,True,778.0,True,178050
760,790,R3129,B3129,True,779.0,True,176250
760,790,R3130,B3130,True,772.0,True,174500
760,790,R3131,B3131,True,780.0,False,177250
760,790,R3132,B3132,True,777.0,True,176800
760,790,R3133,B3133,True,773.0,True,176400
760,790,R3134,B3134,True,773.0,True,355900
760,790,R3135,B3135,True,776.0,True,534750
760,790,R3136,B3136,True,775.0,True,349000
760,790,R3137,B3137,True,774.0,True,178300
760,790,R3138,B3138,True,775.0,True,353600
760,790,R3139,B3139,True,782.0,False,178250
760,790,R3140,B3140,True,774.0,True,177950
760,790,R3141,B3141,True,774.0,True,178250
760,790,R3142,B3142,True,777.0,True,356100
760,790,R3143,B3143,True,775.0,True,178250
760,790,R3144,B3144,True,775.0,True,178250
760,790,R3145,B3145,True,781.0,False,178150
760,790,R3146,B3146,True,775.0,True,178250
760,790,R3147,B3147,True,775.0,True,178050
760,790,R3148,B3148,True,780.0,False,178250
760,790,R3149,B3149,True,784.0,False,176800
760,790,R3150,B3150,True,780.0,False,178250
760,790,R3151,B3151,True,776.0,True,176250
760,790,R3152,B3152,True,781.0,False,173350
760,790,R3153,B3153,True,786.0,False,177250
760,790,R3154,B3154,True,777.0,True,534900
760,790,R3155,B3155,True,783.0,False,176800
760,790,R3156,B3156,True,781.0,False,178150
760,790,R3157,B3157,True,777.0,True,356500
760,790,R3158,B3158,True,777.0,True,178050
760,790,R3159,B3159,True,784.0,False,178250
760,790,R3160,B3160,True,782.0,False,176800
760,790,R3161,B3161,True,778.0,True,178300
760,790,R3162,B3162,True,778.0,True,352800
760,790,R3163,B3163,True,787.0,False,177950
760,790,R3164,B3164,True,780.0,False,356500
760,790,R3165,B3165,True,778.0,True,173350
760,790,R3166,B3166,True,779.0,True,534900
760,790,R3167,B3167,True,785.0,False,178250
760,790,R3168,B3168,True,779.0,True,356300
760,790,R3169,B3169,True,783.0,False,178050
760,790,R3170,B3170,True,779.0,True,178250
760,790,R3171,B3171,True,779.0,True,176800
760,790,R3172,B3172,True,785.0,False,356600
760,790,R3173,B3173,True,780.0,False,176400
760,790,R3174,B3174,True,782.0,False,175500
760,790,R3175,B3175,True,780.0,False,178050
760,790,R3176,B3176,True,781.0,False,178250
760,790,R3177,B3177,True,781.0,False,178300
760,790,R3178,B3178,True,782.0,False,178250
760,790,R3179,B3179,True,781.0,False,178150
760,790,R3180,B3180,True,786.0,False,178250
760,790,R3181,B3181,True,786.0,False,176800
760,790,R3182,B3182,True,782.0,False,356600
760,790,R3183,B3183,True,782.0,False,178050
760,790,R3184,B3184,True,787.0,False,176250
760,790,R3185,B3185,True,790.0,False,178250
760,790,R3186,B3186,True,786.0,False,175800
760,790,R3187,B3187,True,783.0,False,176800
760,790,R3188,B3188,True,783.0,False,178150
760,790,R3189,B3189,True,783.0,False,533850
760,790,R3190,B3190,True,784.0,False,176250
760,790,R3191,B3191,True,783.0,False,176800
760,790,R3192,B3192,True,783.0,False,175450
760,790,R3193,B3193,True,784.0,False,178250
760,790,R3194,B3194,True,784.0,False,356600
760,790,R3195,B3195,True,789.0,False,175800
760,790,R3196,B3196,True,784.0,False,355900
760,790,R3197,B3197,True,784.0,False,356100
760,790,R3198,B3198,True,784.0,False,177950
760,790,R3199,B3199,True,789.0,False,178300
760,790,R3200,B3200,True,785.0,False,356500
760,790,R3201,B3201,True,790.0,False,175800
760,790,R3202,B3202,True,787.0,False,178250
760,790,R3203,B3203,True,785.0,False,178050
760,790,R3204,B3204,True,785.0,False,178250
760,790,R3205,B3205,True,785.0,False,173350
760,790,R3206,B3206,True,787.0,False,177250
760,790,R3207,B3207,True,786.0,False,178250
760,790,R3208,B3208,True,786.0,False,178300
760,790,R3209,B3209,True,787.0,False,178250
760,790,R3210,B3210,True,786.0,False,175800
760,790,R3211,B3211,True,786.0,False,176800
760,790,R3212,B3212,True,789.0,False,178250
760,790,R3213,B3213,True,786.0,False,177950
760,790,R3214,B3214,True,786.0,False,178050
760,790,R3215,B3215,True,786.0,False,534750
760,790,R3216,B3216,True,787.0,False,176250
760,790,R3217,B3217,True,789.0,False,176700
760,790,R3218,B3218,True,786.0,False,173600
760,790,R3219,B3219,True,787.0,False,356500
760,790,R3220,B3220,True,787.0,False,175800
760,790,R3221,B3221,True,787.0,False,534150
760,790,R3222,B3222,True,788.0,False,178250
760,790,R3223,B3223,True,787.0,False,177350
760,790,R3224,B3224,True,790.0,False,173599
760,790,R3225,B3225,True,787.0,False,176400
760,790,R3226,B3226,True,789.0,False,178300
760,790,R3227,B3227,True,789.0,False,177950
760,790,R3228,B3228,True,790.0,False,173350
760,790,R3229,B3229,True,789.0,False,178300
760,790,R3230,B3230,True,790.0,False,356500
760,790,R3231,B3231,True,789.0,False,355900
760,790,R3232,B3232,True,789.0,False,356500
760,790,R3233,B3233,True,790.0,False,176250
760,790,R3234,B3234,True,790.0,False,353600
760,790,R3235,B3235,True,790.0,False,177950
760,790,R3236,B3236,True,790.0,False,178050
760,790,R3237,B3237,True,790.0,False,346700
760,790,R3238,B3238,True,790.0,False,174500
760,790,R3239,B3239,True,790.0,False,347300
780,810,R3036,B3036,False,,False,214454
780,810,R3044,B3044,False,,False,204253
780,810,R3127,B3127,False,,False,199248
780,810,R3131,B3131,True,780.0,True,182635
780,810,R3139,B3139,False,,False,198306
780,810,R3145,B3145,True,780.0,True,196905
780,810,R3148,B3148,True,780.0,True,197026
780,810,R3149,B3149,False,,False,191765
780,810,R3150,B3150,False,,False,197026
780,810,R3152,B3152,False,,False,180071
780,810,R3153,B3153,True,786.0,True,182635
780,810,R3155,B3155,False,,False,191765
780,810,R3156,B3156,True,783.0,True,196905
780,810,R3159,B3159,True,784.0,True,197026
780,810,R3160,B3160,True,784.0,True,197466
780,810,R3163,B3163,True,783.0,True,185403
780,810,R3164,B3164,True,780.0,True,394053
780,810,R3167,B3167,True,786.0,True,188278
780,810,R3169,B3169,True,788.0,True,187221
780,810,R3172,B3172,True,785.0,True,372951
780,810,R3173,B3173,False,,False,181868
780,810,R3174,B3174,True,787.0,True,182625
780,810,R3175,B3175,True,780.0,True,184339
780,810,R3176,B3176,True,787.0,True,187442
780,810,R3177,B3177,True,789.0,True,186475
780,810,R3178,B3178,True,783.0,True,188278
780,810,R3179,B3179,True,783.0,True,187527
780,810,R3180,B3180,True,786.0,True,187638
780,810,R3181,B3181,True,781.0,True,187133
780,810,R3182,B3182,True,782.0,True,372951
780,810,R3183,B3183,True,785.0,True,187221
780,810,R3184,B3184,True,786.0,True,185051
780,810,R3185,B3185,True,790.0,True,187442
780,810,R3186,B3186,True,787.0,True,201035
780,810,R3187,B3187,True,787.0,True,184282
780,810,R3188,B3188,True,786.0,True,187527
780,810,R3189,B3189,True,786.0,True,556595
780,810,R3190,B3190,True,789.0,True,185051
780,810,R3191,B3191,True,783.0,True,187133
780,810,R3192,B3192,True,789.0,True,185622
780,810,R3193,B3193,True,792.0,False,187442
780,810,R3194,B3194,True,790.0,True,372951
780,810,R3195,B3195,True,784.0,True,201035
780,810,R3196,B3196,True,789.0,True,370806
780,810,R3197,B3197,True,784.0,True,368678
780,810,R3198,B3198,True,784.0,True,185802
780,810,R3199,B3199,True,789.0,True,186475
780,810,R3200,B3200,True,790.0,True,376556
780,810,R3201,B3201,True,792.0,True,181758
780,810,R3202,B3202,True,792.0,True,190857
780,810,R3203,B3203,True,793.0,True,184339
780,810,R3204,B3204,True,786.0,True,187638
780,810,R3205,B3205,True,786.0,True,179965
780,810,R3206,B3206,True,794.0,True,182570
780,810,R3207,B3207,True,791.0,True,187442
780,810,R3208,B3208,True,786.0,True,186475
780,810,R3209,B3209,True,787.0,True,194008
780,810,R3210,B3210,True,792.0,True,201035
780,810,R3211,B3211,True,790.0,True,184282
780,810,R3212,B3212,True,787.0,True,188278
780,810,R3213,B3213,True,786.0,True,185403
780,810,R3214,B3214,True,787.0,True,187221
780,810,R3215,B3215,True,789.0,True,562914
780,810,R3216,B3216,True,786.0,True,185051
780,810,R3217,B3217,True,790.0,True,183170
780,810,R3218,B3218,True,786.0,True,179405
780,810,R3219,B3219,True,787.0,True,376556
780,810,R3220,B3220,True,789.0,True,181758
780,810,R3221,B3221,True,787.0,True,553017
780,810,R3222,B3222,True,787.0,True,187638
780,810,R3223,B3223,True,789.0,True,182488
780,810,R3224,B3224,True,787.0,True,179486
780,810,R3225,B3225,True,787.0,True,183722
780,810,R3226,B3226,True,796.0,True,186475
780,810,R3227,B3227,True,793.0,True,185403
780,810,R3228,B3228,True,788.0,True,180071
780,810,R3229,B3229,True,794.0,True,186475
780,810,R3230,B3230,True,790.0,True,376556
780,810,R3231,B3231,True,798.0,True,371063
780,810,R3232,B3232,True,796.0,True,375276
780,810,R3233,B3233,True,795.0,True,185051
780,810,R3234,B3234,True,798.0,True,368565
780,810,R3235,B3235,True,792.0,True,185403
780,810,R3236,B3236,True,790.0,True,184339
780,810,R3237,B3237,True,797.0,True,360143
780,810,R3238,B3238,True,790.0,True,178485
780,810,R3239,B3239,True,790.0,True,357501
780,810,R3240,B3240,True,794.0,True,356500
780,810,R3241,B3241,True,791.0,True,178250
780,810,R3242,B3242,True,793.0,True,178250
780,810,R3243,B3243,True,791.0,True,178150
780,810,R3244,B3244,True,791.0,True,178250
780,810,R3245,B3245,True,795.0,True,178050
780,810,R3246,B3246,True,796.0,True,356500
780,810,R3247,B3247,True,791.0,True,174500
780,810,R3248,B3248,True,795.0,True,355900
780,810,R3249,B3249,True,792.0,True,178050
780,810,R3250,B3250,True,792.0,True,174500
780,810,R3251,B3251,True,797.0,False,177250
780,810,R3252,B3252,True,793.0,True,178250
780,810,R3253,B3253,True,797.0,True,356600
780,810,R3254,B3254,True,797.0,True,178050
780,810,R3255,B3255,True,793.0,True,356500
780,810,R3256,B3256,True,793.0,True,173599
780,810,R3257,B3257,True,794.0,True,356600
780,810,R3258,B3258,True,794.0,True,178050
780,810,R3259,B3259,True,794.0,True,174850
780,810,R3260,B3260,True,796.0,True,173600
780,810,R3261,B3261,True,798.0,True,177250
780,810,R3262,B3262,True,795.0,True,176800
780,810,R3263,B3263,True,795.0,True,178150
780,810,R3264,B3264,True,795.0,True,178250
780,810,R3265,B3265,True,795.0,True,176700
780,810,R3266,B3266,True,802.0,False,178250
780,810,R3267,B3267,True,802.0,False,176800
780,810,R3268,B3268,True,797.0,True,176400
780,810,R3269,B3269,True,803.0,False,178250
780,810,R3270,B3270,True,801.0,False,173350
780,810,R3271,B3271,True,797.0,True,178300
780,810,R3272,B3272,True,797.0,True,178250
780,810,R3273,B3273,True,799.0,True,176800
780,810,R3274,B3274,True,801.0,False,178250
780,810,R3275,B3275,True,797.0,True,346700
780,810,R3276,B3276,True,797.0,True,173599
780,810,R3277,B3277,True,798.0,True,178300
780,810,R3278,B3278,True,798.0,True,177950
780,810,R3279,B3279,True,805.0,False,178250
780,810,R3280,B3280,True,798.0,True,176400
780,810,R3281,B3281,True,803.0,False,176800
780,810,R3282,B3282,True,799.0,True,176400
780,810,R3283,B3283,True,799.0,True,533850
780,810,R3284,B3284,True,800.0,False,178250
780,810,R3285,B3285,True,801.0,False,177950
780,810,R3286,B3286,True,800.0,False,175800
780,810,R3287,B3287,True,800.0,False,175700
780,810,R3288,B3288,True,800.0,False,176250
780,810,R3290,B3290,True,800.0,False,352800
780,810,R3291,B3291,True,806.0,False,178300
780,810,R3292,B3292,True,803.0,False,175700
780,810,R3293,B3293,True,803.0,False,176250
780,810,R3294,B3294,True,801.0,False,173350
780,810,R3295,B3295,True,802.0,False,356600
780,810,R3296,B3296,True,806.0,False,175800
780,810,R3297,B3297,True,806.0,False,176800
780,810,R3298,B3298,True,802.0,False,177950
780,810,R3299,B3299,True,802.0,False,178250
780,810,R3300,B3300,True,802.0,False,175700
780,810,R3301,B3301,True,803.0,False,356600
780,810,R3303,B3303,True,803.0,False,178050
780,810,R3304,B3304,True,803.0,False,175700
780,810,R3305,B3305,True,804.0,False,178300
780,810,R3306,B3306,True,804.0,False,175800
780,810,R3307,B3307,True,804.0,False,177950
780,810,R3308,B3308,True,804.0,False,178250
780,810,R3309,B3309,True,804.0,False,178050
780,810,R3310,B3310,True,804.0,False,175700
780,810,R3311,B3311,True,805.0,False,178300
780,810,R3312,B3312,True,805.0,False,176800
780,810,R3313,B3313,True,805.0,False,178150
780,810,R3314,B3314,True,806.0,False,178250
780,810,R3315,B3315,True,805.0,False,175700
780,810,R3316,B3316,True,805.0,False,176250
780,810,R3319,B3319,True,806.0,False,178250
780,810,R3320,B3320,False,,False,177950
780,810,R3322,B3322,True,806.0,False,351400
780,810,R3324,B3324,False,,False,178250
780,810,R3325,B3325,True,807.0,False,178150
780,810,R3330,B3330,False,,False,178300
800,816,R3173,B3173,False,,False,220146
800,816,R3193,B3193,False,,False,251791
800,816,R3251,B3251,False,,False,182635
800,816,R3266,B3266,False,,False,209767
800,816,R3267,B3267,False,,False,191765
800,816,R3269,B3269,False,,False,197026
800,816,R3270,B3270,False,,False,180071
800,816,R3274,B3274,False,,False,203464
800,816,R3279,B3279,False,,False,197026
800,816,R3281,B3281,False,,False,184282
800,816,R3284,B3284,False,,False,194008
800,816,R3285,B3285,False,,False,185403
800,816,R3286,B3286,False,,False,181758
800,816,R3287,B3287,False,,False,186976
800,816,R3288,B3288,False,,False,185051
800,816,R3290,B3290,False,,False,367444
800,816,R3291,B3291,False,,False,186475
800,816,R3292,B3292,False,,False,186976
800,816,R3293,B3293,False,,False,185051
800,816,R3294,B3294,False,,False,179965
800,816,R3295,B3295,False,,False,372951
800,816,R3296,B3296,False,,False,201035
800,816,R3297,B3297,False,,False,184282
800,816,R3298,B3298,False,,False,185403
800,816,R3299,B3299,False,,False,190857
800,816,R3300,B3300,False,,False,186976
800,816,R3301,B3301,False,,False,372951
800,816,R3303,B3303,False,,False,187221
800,816,R3304,B3304,False,,False,186976
800,816,R3305,B3305,False,,False,186475
800,816,R3306,B3306,False,,False,201035
800,816,R3307,B3307,False,,False,185403
800,816,R3308,B3308,False,,False,190857
800,816,R3309,B3309,False,,False,184339
800,816,R3310,B3310,False,,False,186976
800,816,R3311,B3311,False,,False,186475
800,816,R3312,B3312,False,,False,184282
800,816,R3313,B3313,False,,False,187527
800,816,R3314,B3314,False,,False,187638
800,816,R3315,B3315,False,,False,186976
800,816,R3316,B3316,False,,False,185051
800,816,R3319,B3319,False,,False,187442
800,816,R3320,B3320,False,,False,185403
800,816,R3322,B3322,False,,False,373952
800,816,R3324,B3324,False,,False,193465
800,816,R3325,B3325,False,,False,187527
800,816,R3330,B3330,False,,False,186475
