horizon_start,horizon_end,request_id,batch_id,planned_visit,planned_pickup_time,committed,drop_penalty
0,30,R1,B1,True,22.0,False,1816500
0,30,R2,B2,True,23.0,False,2090400
0,30,R3,B3,True,26.0,False,2090400
0,30,R4,B4,True,24.0,False,1650300
0,30,R5,B5,True,24.0,False,1924100
0,30,R6,B6,True,25.0,False,1679800
0,30,R7,B7,True,27.0,False,2100400
0,30,R8,B8,True,29.0,False,1679800
0,30,R9,B9,True,30.0,False,1650300
0,30,R10,B10,True,30.0,False,1541900
20,50,R1,B1,True,22.0,True,1816500
20,50,R2,B2,True,23.0,True,2090400
20,50,R3,B3,True,26.0,True,2090400
20,50,R4,B4,True,24.0,True,1650300
20,50,R5,B5,True,24.0,True,1924100
20,50,R6,B6,True,25.0,True,1679800
20,50,R7,B7,True,27.0,True,2100400
20,50,R8,B8,True,29.0,True,1679800
20,50,R9,B9,True,30.0,True,1650300
20,50,R10,B10,True,30.0,True,1541900
20,50,R11,B11,True,33.0,True,1650300
20,50,R12,B12,True,32.0,True,1690700
20,50,R13,B13,True,36.0,True,1974700
20,50,R14,B14,True,36.0,True,1480400
20,50,R15,B15,True,37.0,True,2214000
20,50,R16,B16,True,38.0,True,1650300
20,50,R17,B17,True,40.0,False,1933400
20,50,R18,B18,True,40.0,False,1680800
20,50,R19,B19,True,41.0,False,1650300
20,50,R20,B20,True,44.0,False,1480400
20,50,R21,B21,True,48.0,False,1933400
20,50,R22,B22,True,49.0,False,1480400
20,50,R23,B23,True,50.0,False,1650300
40,70,R17,B17,True,40.0,True,1933400
40,70,R18,B18,True,40.0,True,1680800
40,70,R19,B19,True,40.0,True,1650300
40,70,R20,B20,True,44.0,True,1480400
40,70,R21,B21,True,48.0,True,1933400
40,70,R22,B22,True,49.0,True,1480400
40,70,R23,B23,True,50.0,True,1650300
40,70,R24,B24,True,52.0,True,1480400
40,70,R25,B25,True,53.0,True,2262100
40,70,R26,B26,True,53.0,True,1541900
40,70,R27,B27,True,54.0,True,1650300
40,70,R28,B28,True,55.0,True,2090400
40,70,R29,B29,True,55.0,True,1679800
40,70,R30,B30,True,57.0,True,1541900
40,70,R31,B31,True,60.0,False,1680800
40,70,R32,B32,True,60.0,False,1679800
40,70,R33,B33,True,62.0,False,1480400
40,70,R34,B34,True,63.0,False,1650300
40,70,R35,B35,True,63.0,False,1679800
40,70,R36,B36,True,64.0,False,2090400
40,70,R37,B37,True,64.0,False,2583300
40,70,R38,B38,True,64.0,False,1679800
40,70,R39,B39,True,65.0,False,1480400
40,70,R40,B40,True,68.0,False,1679800
40,70,R41,B41,True,70.0,False,2090400
40,70,R42,B42,True,70.0,False,1679800
60,90,R31,B31,True,60.0,True,1680800
60,90,R32,B32,True,66.0,True,1679800
60,90,R33,B33,True,62.0,True,1480400
60,90,R34,B34,True,63.0,True,1650300
60,90,R35,B35,True,63.0,True,1679800
60,90,R36,B36,True,64.0,True,2090400
60,90,R37,B37,True,64.0,True,2583300
60,90,R38,B38,True,64.0,True,1679800
60,90,R39,B39,True,65.0,True,1480400
60,90,R40,B40,True,74.0,True,1679800
60,90,R41,B41,True,70.0,True,2090400
60,90,R42,B42,True,70.0,True,1679800
60,90,R43,B43,True,71.0,True,1679800
60,90,R44,B44,True,71.0,True,1541900
60,90,R45,B45,True,73.0,True,2090400
60,90,R46,B46,True,72.0,True,1541900
60,90,R47,B47,True,73.0,True,1650300
60,90,R48,B48,True,74.0,True,1650200
60,90,R49,B49,True,81.0,False,1538500
60,90,R50,B50,True,82.0,False,1199900
60,90,R51,B51,True,82.0,False,1188100
60,90,R52,B52,True,84.0,False,1716600
60,90,R53,B53,True,84.0,False,1649300
60,90,R54,B54,True,84.0,False,2523300
60,90,R55,B55,True,87.0,False,2523300
60,90,R56,B56,True,86.0,False,1680800
60,90,R57,B57,True,88.0,False,1716600
60,90,R58,B58,True,90.0,False,1489700
60,90,R59,B59,True,90.0,False,1496500
60,90,R60,B60,True,90.0,False,1188100
60,90,R61,B61,True,90.0,False,2523300
80,110,R49,B49,True,81.0,True,1538500
80,110,R50,B50,True,82.0,True,1199900
80,110,R51,B51,True,82.0,True,1188100
80,110,R52,B52,True,84.0,True,1716600
80,110,R53,B53,True,84.0,True,1649300
80,110,R54,B54,True,84.0,True,2523300
80,110,R55,B55,True,87.0,True,2523300
80,110,R56,B56,True,86.0,True,1680800
80,110,R57,B57,True,88.0,True,1716600
80,110,R58,B58,True,90.0,True,1489700
80,110,R59,B59,True,90.0,True,1496500
80,110,R60,B60,True,90.0,True,1188100
80,110,R61,B61,True,90.0,True,2523300
80,110,R62,B62,True,91.0,True,1489700
80,110,R63,B63,True,91.0,True,1716600
80,110,R64,B64,True,91.0,True,1649300
80,110,R65,B65,True,93.0,True,1817500
80,110,R66,B66,True,94.0,True,1971700
80,110,R67,B67,True,94.0,True,2523300
80,110,R68,B68,True,97.0,True,1160600
80,110,R69,B69,True,97.0,True,1649300
80,110,R70,B70,True,98.0,True,1188100
80,110,R71,B71,True,100.0,False,2260100
80,110,R72,B72,True,100.0,False,1660300
80,110,R73,B73,True,101.0,False,1188100
80,110,R74,B74,True,101.0,False,1489700
80,110,R75,B75,True,101.0,False,2523300
80,110,R76,B76,True,104.0,False,2523300
80,110,R77,B77,True,103.0,False,1188100
80,110,R78,B78,True,104.0,False,2078100
80,110,R79,B79,True,108.0,False,1489700
80,110,R80,B80,True,108.0,False,1160600
80,110,R81,B81,True,108.0,False,2523300
80,110,R82,B82,True,109.0,False,1160600
80,110,R83,B83,True,109.0,False,1649300
80,110,R84,B84,True,109.0,False,1188100
80,110,R85,B85,True,110.0,False,1971700
100,130,R71,B71,True,100.0,True,2260100
100,130,R72,B72,True,100.0,True,1660300
100,130,R73,B73,True,100.0,True,1188100
100,130,R74,B74,True,101.0,True,1489700
100,130,R75,B75,True,101.0,True,2523300
100,130,R76,B76,True,104.0,True,2523300
100,130,R77,B77,True,103.0,True,1188100
100,130,R78,B78,True,104.0,True,2078100
100,130,R79,B79,True,108.0,True,1489700
100,130,R80,B80,True,108.0,True,1160600
100,130,R81,B81,True,108.0,True,2523300
100,130,R82,B82,True,109.0,True,1160600
100,130,R83,B83,True,109.0,True,1649300
100,130,R84,B84,True,109.0,True,1188100
100,130,R85,B85,True,110.0,True,1971700
100,130,R86,B86,True,111.0,True,1538500
100,130,R87,B87,True,111.0,True,1506500
100,130,R88,B88,True,112.0,True,1188100
100,130,R89,B89,True,111.0,True,2523300
100,130,R90,B90,True,113.0,True,1160600
100,130,R91,B91,True,113.0,True,1188100
100,130,R92,B92,True,116.0,True,1472100
100,130,R93,B93,True,117.0,True,1472100
100,130,R94,B94,True,118.0,True,2272100
100,130,R95,B95,True,119.0,True,1506500
100,130,R96,B96,True,119.0,True,2272100
100,130,R97,B97,True,120.0,False,1160600
100,130,R98,B98,True,121.0,False,1160600
100,130,R99,B99,True,122.0,False,1472100
100,130,R100,B100,True,122.0,False,2272100
100,130,R101,B101,True,124.0,False,1160600
100,130,R102,B102,True,123.0,False,2260100
100,130,R103,B103,True,123.0,False,1506500
100,130,R104,B104,True,124.0,False,1506500
100,130,R105,B105,True,125.0,False,1506500
100,130,R106,B106,True,125.0,False,1188100
100,130,R107,B107,True,126.0,False,1680800
100,130,R108,B108,True,127.0,False,1649300
100,130,R109,B109,True,128.0,False,2272100
100,130,R110,B110,True,129.0,False,1489700
100,130,R111,B111,True,130.0,False,1649300
100,130,R112,B112,True,129.0,False,1496500
100,130,R113,B113,True,129.0,False,1188100
120,150,R97,B97,True,120.0,True,1160600
120,150,R98,B98,True,121.0,True,1160600
120,150,R99,B99,True,122.0,True,1472100
120,150,R100,B100,True,122.0,True,2272100
120,150,R101,B101,True,124.0,True,1160600
120,150,R102,B102,True,123.0,True,2260100
120,150,R103,B103,True,123.0,True,1506500
120,150,R104,B104,True,127.0,True,1506500
120,150,R105,B105,True,125.0,True,1506500
120,150,R106,B106,True,125.0,True,1188100
120,150,R107,B107,True,126.0,True,1680800
120,150,R108,B108,True,132.0,True,1649300
120,150,R109,B109,True,132.0,True,2272100
120,150,R110,B110,True,129.0,True,1489700
120,150,R111,B111,True,129.0,True,1649300
120,150,R112,B112,True,129.0,True,1496500
120,150,R113,B113,True,129.0,True,1188100
120,150,R114,B114,True,132.0,True,1650200
120,150,R115,B115,True,134.0,True,1507100
120,150,R116,B116,True,134.0,True,2260100
120,150,R117,B117,True,135.0,True,1530100
120,150,R118,B118,True,138.0,True,1160600
120,150,R119,B119,True,143.0,False,1983700
120,150,R120,B120,True,139.0,True,2523300
120,150,R121,B121,True,140.0,False,1488700
120,150,R122,B122,True,140.0,False,1387400
120,150,R123,B123,True,140.0,False,1470100
120,150,R124,B124,True,140.0,False,1981700
120,150,R125,B125,True,144.0,False,2270100
120,150,R126,B126,True,141.0,False,1488700
120,150,R127,B127,True,141.0,False,1428200
120,150,R128,B128,True,145.0,False,1716600
120,150,R129,B129,True,141.0,False,1413900
120,150,R130,B130,True,141.0,False,1496500
120,150,R131,B131,True,141.0,False,2270100
120,150,R132,B132,True,144.0,False,1970700
120,150,R133,B133,True,142.0,False,1427200
120,150,R134,B134,True,142.0,False,1649200
120,150,R135,B135,True,142.0,False,1678600
120,150,R136,B136,True,143.0,False,1160600
120,150,R137,B137,True,144.0,False,1387400
120,150,R138,B138,True,144.0,False,1472100
120,150,R139,B139,True,144.0,False,1428200
120,150,R140,B140,True,144.0,False,1649300
120,150,R141,B141,True,144.0,False,1496500
120,150,R142,B142,True,144.0,False,1505500
120,150,R143,B143,True,145.0,False,1488700
120,150,R144,B144,True,145.0,False,1428200
120,150,R145,B145,True,145.0,False,1160600
120,150,R146,B146,True,145.0,False,1716600
120,150,R147,B147,True,145.0,False,1505500
120,150,R148,B148,True,145.0,False,1187100
120,150,R149,B149,True,146.0,False,1488700
120,150,R150,B150,True,146.0,False,1458100
120,150,R151,B151,True,146.0,False,1472100
120,150,R152,B152,True,146.0,False,1428200
120,150,R153,B153,True,146.0,False,1160600
120,150,R154,B154,True,146.0,False,1649200
120,150,R155,B155,True,147.0,False,1160600
120,150,R156,B156,True,149.0,False,1488700
120,150,R157,B157,True,149.0,False,1458100
120,150,R158,B158,True,148.0,False,1428200
120,150,R159,B159,True,148.0,False,1160600
120,150,R160,B160,True,148.0,False,1678600
120,150,R161,B161,True,149.0,False,1505100
120,150,R162,B162,True,149.0,False,1716600
120,150,R163,B163,True,149.0,False,1496500
120,150,R164,B164,True,150.0,False,1474000
120,150,R165,B165,True,150.0,False,1387400
120,150,R166,B166,True,150.0,False,1160600
120,150,R167,B167,True,150.0,False,1649300
120,150,R168,B168,True,150.0,False,2260100
120,150,R169,B169,True,150.0,False,2270100
140,170,R119,B119,True,143.0,True,1983700
140,170,R121,B121,True,140.0,True,1488700
140,170,R122,B122,True,140.0,True,1387400
140,170,R123,B123,True,140.0,True,1470100
140,170,R124,B124,True,140.0,True,1981700
140,170,R125,B125,True,144.0,True,2270100
140,170,R126,B126,True,141.0,True,1488700
140,170,R127,B127,True,141.0,True,1428200
140,170,R128,B128,True,141.0,True,1716600
140,170,R129,B129,False,,False,1413900
140,170,R130,B130,True,141.0,True,1496500
140,170,R131,B131,True,141.0,True,2270100
140,170,R132,B132,True,142.0,True,1970700
140,170,R133,B133,True,142.0,True,1427200
140,170,R134,B134,True,142.0,True,1649200
140,170,R135,B135,True,142.0,True,1678600
140,170,R136,B136,True,147.0,True,1160600
140,170,R137,B137,True,144.0,True,1387400
140,170,R138,B138,True,144.0,True,1472100
140,170,R139,B139,True,144.0,True,1428200
140,170,R140,B140,True,147.0,True,1649300
140,170,R141,B141,True,144.0,True,1496500
140,170,R142,B142,True,144.0,True,1505500
140,170,R143,B143,True,145.0,True,1488700
140,170,R144,B144,True,145.0,True,1428200
140,170,R145,B145,True,148.0,True,1160600
140,170,R146,B146,True,145.0,True,1716600
140,170,R147,B147,True,145.0,True,1505500
140,170,R148,B148,True,145.0,True,1187100
140,170,R149,B149,True,146.0,True,1488700
140,170,R150,B150,True,146.0,True,1458100
140,170,R151,B151,True,146.0,True,1472100
140,170,R152,B152,True,146.0,True,1428200
140,170,R153,B153,True,147.0,True,1160600
140,170,R154,B154,True,146.0,True,1649200
140,170,R155,B155,True,147.0,True,1160600
140,170,R156,B156,True,149.0,True,1488700
140,170,R157,B157,True,149.0,True,1458100
140,170,R158,B158,True,148.0,True,1428200
140,170,R159,B159,True,148.0,True,1160600
140,170,R160,B160,True,148.0,True,1678600
140,170,R161,B161,True,149.0,True,1505100
140,170,R162,B162,True,149.0,True,1716600
140,170,R163,B163,True,149.0,True,1496500
140,170,R164,B164,True,150.0,True,1474000
140,170,R165,B165,True,150.0,True,1387400
140,170,R166,B166,True,150.0,True,1160600
140,170,R167,B167,True,150.0,True,1649300
140,170,R168,B168,True,150.0,True,2260100
140,170,R169,B169,True,150.0,True,2270100
140,170,R170,B170,True,151.0,True,1428200
140,170,R171,B171,True,151.0,True,1160600
140,170,R172,B172,True,151.0,True,1815500
140,170,R173,B173,True,152.0,True,1716600
140,170,R174,B174,True,151.0,True,1470100
140,170,R175,B175,True,153.0,True,1387400
140,170,R176,B176,True,152.0,True,1715400
140,170,R177,B177,True,153.0,True,1387400
140,170,R178,B178,True,153.0,True,1472100
140,170,R179,B179,True,153.0,True,1428200
140,170,R180,B180,True,155.0,True,1715400
140,170,R181,B181,True,154.0,True,1474000
140,170,R182,B182,True,154.0,True,1387400
140,170,R183,B183,True,154.0,True,1649300
140,170,R184,B184,True,154.0,True,1505500
140,170,R185,B185,True,154.0,True,1981700
140,170,R186,B186,True,155.0,True,1160600
140,170,R187,B187,True,155.0,True,1649300
140,170,R188,B188,True,155.0,True,1496500
140,170,R189,B189,True,155.0,True,1659300
140,170,R190,B190,True,155.0,True,1649200
140,170,R191,B191,True,156.0,True,1427200
140,170,R192,B192,True,156.0,True,1160600
140,170,R193,B193,True,156.0,True,1716600
140,170,R194,B194,True,158.0,True,1649300
140,170,R195,B195,True,156.0,True,1496500
140,170,R196,B196,True,156.0,True,1187100
140,170,R197,B197,True,157.0,True,1428200
140,170,R198,B198,True,157.0,True,1505500
140,170,R199,B199,True,157.0,True,1715400
140,170,R200,B200,True,157.0,True,2521300
140,170,R201,B201,True,158.0,True,1458100
140,170,R202,B202,True,158.0,True,2077100
140,170,R203,B203,True,158.0,True,1689700
140,170,R204,B204,True,158.0,True,1505500
140,170,R205,B205,True,159.0,True,1474000
140,170,R206,B206,True,159.0,True,1387400
140,170,R207,B207,True,159.0,True,1160600
140,170,R208,B208,True,160.0,False,1387400
140,170,R209,B209,True,160.0,False,1428200
140,170,R210,B210,True,160.0,False,1160600
140,170,R211,B211,True,160.0,False,1716600
140,170,R212,B212,True,160.0,False,1649300
140,170,R213,B213,True,160.0,False,1496500
140,170,R214,B214,True,160.0,False,1838700
140,170,R215,B215,True,161.0,False,1458100
140,170,R216,B216,True,162.0,False,1387400
140,170,R217,B217,True,161.0,False,1160600
140,170,R218,B218,True,161.0,False,1505500
140,170,R219,B219,True,161.0,False,1678600
140,170,R220,B220,True,162.0,False,1474000
140,170,R221,B221,True,162.0,False,1428200
140,170,R222,B222,True,162.0,False,1715400
140,170,R223,B223,True,162.0,False,1649200
140,170,R224,B224,True,163.0,False,1838700
140,170,R225,B225,True,163.0,False,1387400
140,170,R226,B226,True,165.0,False,1428200
140,170,R227,B227,True,163.0,False,1716600
140,170,R228,B228,True,163.0,False,1496500
140,170,R229,B229,True,164.0,False,1458100
140,170,R230,B230,True,164.0,False,1529100
140,170,R231,B231,True,164.0,False,1413900
140,170,R232,B232,True,164.0,False,1649300
140,170,R233,B233,True,165.0,False,1160600
140,170,R234,B234,True,165.0,False,1649200
140,170,R235,B235,True,165.0,False,1678600
140,170,R236,B236,True,166.0,False,1474000
140,170,R237,B237,True,166.0,False,1428200
140,170,R238,B238,True,166.0,False,1160600
140,170,R239,B239,True,166.0,False,1496500
140,170,R240,B240,True,166.0,False,1505500
140,170,R241,B241,True,167.0,False,2077100
140,170,R242,B242,True,167.0,False,1428200
140,170,R243,B243,True,169.0,False,1160600
140,170,R244,B244,True,167.0,False,2260100
140,170,R245,B245,True,170.0,False,2077100
140,170,R246,B246,True,170.0,False,1160600
140,170,R247,B247,True,169.0,False,1505500
140,170,R248,B248,True,170.0,False,1488700
140,170,R249,B249,True,170.0,False,1387400
140,170,R250,B250,True,170.0,False,1160600
140,170,R251,B251,True,170.0,False,1505500
160,190,R208,B208,True,160.0,True,1387400
160,190,R209,B209,True,160.0,True,1428200
160,190,R210,B210,False,,False,1160600
160,190,R211,B211,False,,False,1716600
160,190,R212,B212,False,,False,1649300
160,190,R213,B213,True,160.0,True,1496500
160,190,R214,B214,True,160.0,True,1838700
160,190,R215,B215,True,161.0,True,1458100
160,190,R216,B216,True,161.0,True,1387400
160,190,R217,B217,False,,False,1160600
160,190,R218,B218,True,161.0,True,1505500
160,190,R219,B219,True,161.0,True,1678600
160,190,R220,B220,True,162.0,True,1474000
160,190,R221,B221,True,163.0,True,1428200
160,190,R222,B222,True,162.0,True,1715400
160,190,R223,B223,True,162.0,True,1649200
160,190,R224,B224,True,163.0,True,1838700
160,190,R225,B225,True,163.0,True,1387400
160,190,R226,B226,True,163.0,True,1428200
160,190,R227,B227,True,167.0,True,1716600
160,190,R228,B228,True,163.0,True,1496500
160,190,R229,B229,True,164.0,True,1458100
160,190,R230,B230,True,164.0,True,1529100
160,190,R231,B231,True,167.0,True,1413900
160,190,R232,B232,True,167.0,True,1649300
160,190,R233,B233,True,167.0,True,1160600
160,190,R234,B234,True,165.0,True,1649200
160,190,R235,B235,True,169.0,True,1678600
160,190,R236,B236,True,166.0,True,1474000
160,190,R237,B237,True,166.0,True,1428200
160,190,R238,B238,True,167.0,True,1160600
160,190,R239,B239,True,166.0,True,1496500
160,190,R240,B240,True,166.0,True,1505500
160,190,R241,B241,True,167.0,True,2077100
160,190,R242,B242,True,167.0,True,1428200
160,190,R243,B243,True,167.0,True,1160600
160,190,R244,B244,True,167.0,True,2260100
160,190,R245,B245,True,170.0,True,2077100
160,190,R246,B246,True,170.0,True,1160600
160,190,R247,B247,True,169.0,True,1505500
160,190,R248,B248,True,170.0,True,1488700
160,190,R249,B249,True,174.0,True,1387400
160,190,R250,B250,True,170.0,True,1160600
160,190,R251,B251,True,170.0,True,1505500
160,190,R252,B252,True,171.0,True,2077100
160,190,R253,B253,True,171.0,True,1160600
160,190,R254,B254,True,176.0,True,2270100
160,190,R255,B255,True,172.0,True,1970700
160,190,R256,B256,True,172.0,True,2077100
160,190,R257,B257,True,173.0,True,1815500
160,190,R258,B258,True,172.0,True,1536500
160,190,R259,B259,True,173.0,True,1458100
160,190,R260,B260,True,173.0,True,1387400
160,190,R261,B261,True,173.0,True,2260100
160,190,R262,B262,True,173.0,True,1496500
160,190,R263,B263,True,174.0,True,1474000
160,190,R264,B264,True,174.0,True,1387400
160,190,R265,B265,True,174.0,True,1529100
160,190,R266,B266,True,174.0,True,1160600
160,190,R267,B267,True,174.0,True,1649200
160,190,R268,B268,True,175.0,True,1488700
160,190,R269,B269,True,176.0,True,1387400
160,190,R270,B270,True,175.0,True,1678600
160,190,R271,B271,True,175.0,True,2521300
160,190,R272,B272,True,176.0,True,1488700
160,190,R273,B273,True,176.0,True,1458100
160,190,R274,B274,True,177.0,True,1387400
160,190,R275,B275,True,176.0,True,1428200
160,190,R276,B276,True,178.0,True,1678600
160,190,R277,B277,True,177.0,True,1387400
160,190,R278,B278,True,177.0,True,1428200
160,190,R279,B279,True,177.0,True,1649300
160,190,R280,B280,True,177.0,True,1505500
160,190,R281,B281,True,178.0,True,2270100
160,190,R282,B282,True,180.0,False,1387400
160,190,R283,B283,True,180.0,False,1428200
160,190,R284,B284,True,179.0,True,1716600
160,190,R285,B285,True,179.0,True,1413900
160,190,R286,B286,True,179.0,True,1649200
160,190,R287,B287,True,180.0,False,1413900
160,190,R288,B288,True,181.0,False,1458100
160,190,R289,B289,True,181.0,False,1529100
160,190,R290,B290,True,182.0,False,1160600
160,190,R291,B291,True,182.0,False,1838700
160,190,R292,B292,True,182.0,False,2521300
160,190,R293,B293,True,183.0,False,1474000
160,190,R294,B294,True,183.0,False,2077100
160,190,R295-1,B295-1,True,183.0,False,1160600
160,190,R295-2,B295-2,True,183.0,False,1160600
160,190,R296,B296,True,183.0,False,1649300
160,190,R297,B297,True,184.0,False,1488700
160,190,R298,B298,True,184.0,False,1387400
160,190,R299,B299,True,184.0,False,1472100
160,190,R300,B300,True,185.0,False,1160600
160,190,R301,B301,True,184.0,False,1815500
160,190,R302,B302,True,185.0,False,1981700
160,190,R303,B303,True,186.0,False,1538500
160,190,R304,B304,True,186.0,False,1716600
160,190,R305,B305,True,187.0,False,1387400
160,190,R306,B306,True,187.0,False,1838700
160,190,R307,B307,True,188.0,False,1458100
160,190,R308,B308,True,188.0,False,2077100
160,190,R309,B309,True,189.0,False,1716600
160,190,R310,B310,True,188.0,False,1187100
160,190,R311,B311,True,189.0,False,1488700
160,190,R312,B312,True,189.0,False,1427200
160,190,R313,B313,True,189.0,False,1716600
160,190,R314,B314,True,189.0,False,1715400
160,190,R315,B315,True,190.0,False,1428200
160,190,R316,B316,True,190.0,False,1160600
180,210,R212,B212,False,,False,1649300
180,210,R282,B282,True,180.0,True,1387400
180,210,R283,B283,False,,False,1428200
180,210,R287,B287,True,180.0,True,1413900
180,210,R288,B288,True,183.0,True,1458100
180,210,R289,B289,True,181.0,True,1529100
180,210,R290,B290,False,,False,1160600
180,210,R291,B291,True,182.0,True,1838700
180,210,R292,B292,True,182.0,True,2521300
180,210,R293,B293,True,183.0,True,1474000
180,210,R294,B294,True,183.0,True,2077100
180,210,R295-1,B295-1,True,187.0,True,1160600
180,210,R295-2,B295-2,True,187.0,True,1160600
180,210,R296,B296,True,183.0,True,1649300
180,210,R297,B297,True,184.0,True,1488700
180,210,R298,B298,True,184.0,True,1387400
180,210,R299,B299,True,184.0,True,1472100
180,210,R300,B300,True,187.0,True,1160600
180,210,R301,B301,True,187.0,True,1815500
180,210,R302,B302,True,185.0,True,1981700
180,210,R303,B303,True,189.0,True,1538500
180,210,R304,B304,True,187.0,True,1716600
180,210,R305,B305,True,187.0,True,1387400
180,210,R306,B306,True,187.0,True,1838700
180,210,R307,B307,True,188.0,True,1458100
180,210,R308,B308,True,188.0,True,2077100
180,210,R309,B309,True,188.0,True,1716600
180,210,R310,B310,True,188.0,True,1187100
180,210,R311,B311,True,190.0,True,1488700
180,210,R312,B312,True,189.0,True,1427200
180,210,R313,B313,True,189.0,True,1716600
180,210,R314,B314,True,189.0,True,1715400
180,210,R315,B315,True,190.0,True,1428200
180,210,R316,B316,True,190.0,True,1160600
180,210,R317,B317,True,193.0,True,1428200
180,210,R318,B318,True,194.0,True,1160600
180,210,R319,B319,True,191.0,True,1649200
180,210,R320,B320,True,192.0,True,1387400
180,210,R321,B321,True,192.0,True,1160600
180,210,R322,B322,True,192.0,True,1413900
180,210,R323,B323,True,192.0,True,1505500
180,210,R324,B324,True,192.0,True,1715400
180,210,R325,B325,True,193.0,True,1970700
180,210,R326,B326,True,194.0,True,1428200
180,210,R327,B327,True,193.0,True,1716600
180,210,R328,B328,True,193.0,True,1649300
180,210,R329,B329,True,193.0,True,1981700
180,210,R330,B330,True,194.0,True,2270100
180,210,R331,B331,True,195.0,True,1458100
180,210,R332,B332,True,195.0,True,1387400
180,210,R333,B333,True,195.0,True,1160600
180,210,R334,B334,True,194.0,True,1716600
180,210,R335,B335,True,195.0,True,1474000
180,210,R336,B336,True,195.0,True,1387400
180,210,R337,B337,True,195.0,True,2077100
180,210,R338,B338,True,197.0,True,1428200
180,210,R339,B339,True,195.0,True,1649200
180,210,R340,B340,True,196.0,True,1488700
180,210,R341,B341,True,196.0,True,1838700
180,210,R342,B342,True,197.0,True,1428200
180,210,R343,B343,True,197.0,True,1413900
180,210,R344,B344,True,197.0,True,1505500
180,210,R345,B345,True,199.0,True,1488700
180,210,R346,B346,True,198.0,True,1387400
180,210,R347,B347,True,202.0,False,1951400
180,210,R348,B348,True,199.0,True,1488700
180,210,R349,B349,True,199.0,True,1387400
180,210,R350,B350,True,199.0,True,1472100
180,210,R351,B351,True,200.0,False,1428200
180,210,R352-1,B352-1,True,199.0,True,1160600
180,210,R352-2,B352-2,True,199.0,True,1160600
180,210,R353,B353,True,200.0,False,1413900
180,210,R354,B354,True,199.0,True,1678600
180,210,R355,B355,True,200.0,False,1488700
180,210,R356,B356,True,200.0,False,1387400
180,210,R357,B357,True,204.0,False,1716600
180,210,R358,B358,True,202.0,False,1715400
180,210,R359,B359,True,201.0,False,1508700
180,210,R360,B360,True,202.0,False,1505500
180,210,R361,B361,True,203.0,False,2260100
180,210,R362,B362,True,203.0,False,1187100
180,210,R363,B363,True,204.0,False,1488700
180,210,R364,B364,True,204.0,False,1387400
180,210,R365,B365,True,205.0,False,1488700
180,210,R366,B366,True,205.0,False,1458100
180,210,R367,B367,True,205.0,False,1387400
180,210,R368,B368,True,205.0,False,1508700
180,210,R369,B369,True,206.0,False,1488700
180,210,R370,B370,True,206.0,False,1537500
180,210,R371,B371,True,207.0,False,1505500
180,210,R372,B372,True,210.0,False,1160600
180,210,R373,B373,True,208.0,False,1187100
180,210,R374,B374,True,208.0,False,1681800
180,210,R375,B375,True,208.0,False,2523300
180,210,R376,B376,True,209.0,False,1488700
180,210,R377,B377,True,209.0,False,1387400
180,210,R378,B378,True,209.0,False,1716600
200,230,R347,B347,True,200.0,True,1951400
200,230,R351,B351,False,,False,1428200
200,230,R353,B353,False,,False,1413900
200,230,R355,B355,True,204.0,True,1488700
200,230,R356,B356,True,200.0,True,1387400
200,230,R357,B357,False,,False,1716600
200,230,R358,B358,True,200.0,True,1715400
200,230,R359,B359,True,201.0,True,1508700
200,230,R360,B360,True,206.0,True,1505500
200,230,R361,B361,True,204.0,True,2260100
200,230,R362,B362,True,203.0,True,1187100
200,230,R363,B363,True,204.0,True,1488700
200,230,R364,B364,True,204.0,True,1387400
200,230,R365,B365,True,205.0,True,1488700
200,230,R366,B366,True,205.0,True,1458100
200,230,R367,B367,True,205.0,True,1387400
200,230,R368,B368,True,205.0,True,1508700
200,230,R369,B369,True,207.0,True,1488700
200,230,R370,B370,True,206.0,True,1537500
200,230,R371,B371,True,207.0,True,1505500
200,230,R372,B372,True,208.0,True,1160600
200,230,R373,B373,True,208.0,True,1187100
200,230,R374,B374,True,208.0,True,1681800
200,230,R375,B375,True,208.0,True,2523300
200,230,R376,B376,True,209.0,True,1488700
200,230,R377,B377,True,210.0,True,1387400
200,230,R378,B378,True,213.0,True,1716600
200,230,R379,B379,True,211.0,True,1474000
200,230,R380,B380,True,211.0,True,1488700
200,230,R381,B381,True,211.0,True,1505500
200,230,R382,B382,True,211.0,True,1716600
200,230,R383,B383,True,211.0,True,1837700
200,230,R384,B384,True,212.0,True,1488700
200,230,R385,B385,True,213.0,True,1387400
200,230,R386,B386,True,212.0,True,1530100
200,230,R387,B387,True,212.0,True,1160600
200,230,R388,B388,True,214.0,True,1488700
200,230,R389,B389,True,215.0,True,1715400
200,230,R390,B390,True,214.0,True,1387400
200,230,R391,B391,True,214.0,True,1716600
200,230,R392,B392,True,215.0,True,1480400
200,230,R393,B393,True,217.0,True,1387400
200,230,R394,B394,True,216.0,True,1505500
200,230,R395,B395,True,216.0,True,1952400
200,230,R396,B396,True,217.0,True,1474000
200,230,R397,B397,True,217.0,True,1508700
200,230,R398,B398,True,218.0,True,1387400
200,230,R399,B399,True,218.0,True,1187100
200,230,R400,B400,True,219.0,True,1537500
200,230,R401,B401,True,219.0,True,1496500
200,230,R402,B402,True,219.0,True,1505500
200,230,R403,B403,True,221.0,False,1160600
200,230,R404,B404,True,221.0,False,2523300
200,230,R405,B405,True,223.0,False,1474000
200,230,R406,B406,True,223.0,False,2089400
200,230,R407,B407,True,223.0,False,1428200
200,230,R408,B408,True,223.0,False,1271400
200,230,R409,B409,True,224.0,False,1971700
200,230,R410,B410,True,230.0,False,2270100
200,230,R411,B411,True,225.0,False,1488700
200,230,R412,B412,True,225.0,False,1387400
200,230,R413,B413,True,225.0,False,1505500
200,230,R414,B414,True,225.0,False,1160600
200,230,R415,B415,True,225.0,False,1837700
200,230,R416,B416,True,226.0,False,1488700
200,230,R417,B417,True,226.0,False,1387400
200,230,R418,B418,True,226.0,False,1505500
200,230,R419,B419,True,226.0,False,1187100
200,230,R420,B420,True,228.0,False,1488700
200,230,R421,B421,True,228.0,False,1387400
200,230,R422,B422,True,227.0,False,1508700
200,230,R423,B423,True,227.0,False,1496500
200,230,R424,B424,True,227.0,False,2270100
200,230,R425,B425,True,229.0,False,1387400
200,230,R426,B426,True,228.0,False,2075100
200,230,R427,B427,True,228.0,False,2270100
200,230,R428,B428,True,228.0,False,1837700
200,230,R429,B429,True,230.0,False,1508700
200,230,R430,B430,True,230.0,False,1387400
220,250,R403,B403,True,221.0,True,1160600
220,250,R404,B404,True,221.0,True,2523300
220,250,R405,B405,True,223.0,True,1474000
220,250,R406,B406,True,223.0,True,2089400
220,250,R407,B407,True,226.0,True,1428200
220,250,R408,B408,True,226.0,True,1271400
220,250,R409,B409,True,224.0,True,1971700
220,250,R410,B410,True,230.0,True,2270100
220,250,R411,B411,True,225.0,True,1488700
220,250,R412,B412,True,225.0,True,1387400
220,250,R413,B413,True,225.0,True,1505500
220,250,R414,B414,True,225.0,True,1160600
220,250,R415,B415,True,225.0,True,1837700
220,250,R416,B416,True,229.0,True,1488700
220,250,R417,B417,True,229.0,True,1387400
220,250,R418,B418,True,229.0,True,1505500
220,250,R419,B419,True,226.0,True,1187100
220,250,R420,B420,True,228.0,True,1488700
220,250,R421,B421,True,228.0,True,1387400
220,250,R422,B422,True,229.0,True,1508700
220,250,R423,B423,True,227.0,True,1496500
220,250,R424,B424,True,227.0,True,2270100
220,250,R425,B425,True,228.0,True,1387400
220,250,R426,B426,True,228.0,True,2075100
220,250,R427,B427,True,228.0,True,2270100
220,250,R428,B428,True,228.0,True,1837700
220,250,R429,B429,True,229.0,True,1508700
220,250,R430,B430,True,231.0,True,1387400
220,250,R431,B431,True,231.0,True,1488700
220,250,R432,B432,True,232.0,True,1508700
220,250,R433,B433,True,231.0,True,1649300
220,250,R434,B434,True,236.0,True,1488700
220,250,R435,B435,True,232.0,True,2270100
220,250,R436,B436,True,233.0,True,1187100
220,250,R437,B437,True,234.0,True,1488700
220,250,R438,B438,True,234.0,True,1387400
220,250,R439,B439,True,234.0,True,1508700
220,250,R440,B440,True,235.0,True,1477400
220,250,R441,B441,True,235.0,True,2523300
220,250,R442,B442,True,237.0,True,1387400
220,250,R443,B443,True,238.0,True,1488700
220,250,R444,B444,True,239.0,True,1488700
220,250,R445,B445,True,239.0,True,1387400
220,250,R446,B446,True,239.0,True,1716600
220,250,R447,B447,True,240.0,False,2523300
220,250,R448,B448,True,241.0,False,1837700
220,250,R449,B449,True,246.0,False,1981700
220,250,R450,B450,True,242.0,False,2523300
220,250,R451,B451,True,243.0,False,1387400
220,250,R452,B452,True,243.0,False,1428200
220,250,R453,B453,True,243.0,False,1981700
220,250,R454,B454,True,244.0,False,1474000
220,250,R455,B455,True,244.0,False,1458100
220,250,R456,B456,True,244.0,False,1387400
220,250,R457,B457,True,244.0,False,1187100
220,250,R458,B458,True,246.0,False,1428200
220,250,R459,B459,True,245.0,False,1537500
220,250,R460,B460,True,245.0,False,1649300
220,250,R461,B461,True,246.0,False,1428200
220,250,R462,B462,True,246.0,False,1160600
220,250,R463,B463,True,246.0,False,2523300
220,250,R464,B464,True,247.0,False,1488700
220,250,R465,B465,True,247.0,False,1736600
220,250,R466,B466,True,248.0,False,1486500
220,250,R467,B467,True,248.0,False,1387400
220,250,R468,B468,True,248.0,False,1496500
220,250,R469,B469,True,249.0,False,1649300
220,250,R470,B470,True,249.0,False,2260100
220,250,R471,B471,True,250.0,False,1474000
220,250,R472,B472,True,250.0,False,1488700
220,250,R473,B473,True,250.0,False,1815500
240,270,R447,B447,True,240.0,True,2523300
240,270,R448,B448,True,241.0,True,1837700
240,270,R449,B449,True,246.0,True,1981700
240,270,R450,B450,True,243.0,True,2523300
240,270,R451,B451,True,243.0,True,1387400
240,270,R452,B452,True,246.0,True,1428200
240,270,R453,B453,True,243.0,True,1981700
240,270,R454,B454,True,244.0,True,1474000
240,270,R455,B455,True,244.0,True,1458100
240,270,R456,B456,True,244.0,True,1387400
240,270,R457,B457,True,246.0,True,1187100
240,270,R458,B458,True,246.0,True,1428200
240,270,R459,B459,True,246.0,True,1537500
240,270,R460,B460,True,247.0,True,1649300
240,270,R461,B461,True,246.0,True,1428200
240,270,R462,B462,True,250.0,True,1160600
240,270,R463,B463,True,246.0,True,2523300
240,270,R464,B464,True,247.0,True,1488700
240,270,R465,B465,True,247.0,True,1736600
240,270,R466,B466,True,248.0,True,1486500
240,270,R467,B467,True,248.0,True,1387400
240,270,R468,B468,True,248.0,True,1496500
240,270,R469,B469,True,250.0,True,1649300
240,270,R470,B470,True,249.0,True,2260100
240,270,R471,B471,True,250.0,True,1474000
240,270,R472,B472,True,250.0,True,1488700
240,270,R473,B473,True,250.0,True,1815500
240,270,R474,B474,True,251.0,True,1387400
240,270,R475,B475,True,251.0,True,1160600
240,270,R476,B476,True,253.0,True,1561900
240,270,R477,B477,True,252.0,True,1160600
240,270,R478,B478,True,253.0,True,1488700
240,270,R479,B479,True,254.0,True,1387400
240,270,R480,B480,True,253.0,True,1508700
240,270,R481,B481,True,253.0,True,1187100
240,270,R482,B482,True,254.0,True,1387400
240,270,R483,B483,True,256.0,True,1488700
240,270,R484,B484,True,256.0,True,1508700
240,270,R485,B485,True,255.0,True,1537500
240,270,R486,B486,True,260.0,False,1387400
240,270,R487,B487,True,257.0,True,1488700
240,270,R488,B488,True,257.0,True,1387400
240,270,R489,B489,True,257.0,True,1537500
240,270,R490,B490,True,257.0,True,1160600
240,270,R491,B491,True,258.0,True,1488700
240,270,R492,B492,True,258.0,True,1649200
240,270,R493,B493,True,259.0,True,1474000
240,270,R494-1,B494-1,True,260.0,False,1387400
240,270,R494-2,B494-2,True,259.0,True,1387400
240,270,R495,B495,True,260.0,False,2077100
240,270,R496,B496,True,260.0,False,1387400
240,270,R497,B497,True,260.0,False,1496500
240,270,R498,B498,True,260.0,False,1982700
240,270,R499,B499,True,262.0,False,1474000
240,270,R500,B500,True,261.0,False,1509100
240,270,R501,B501,True,261.0,False,1458100
240,270,R502,B502,True,261.0,False,1508700
240,270,R503,B503,True,261.0,False,1198900
240,270,R504,B504,True,261.0,False,1716600
240,270,R505,B505,True,262.0,False,1428200
240,270,R506,B506,True,262.0,False,1561900
240,270,R507,B507,True,262.0,False,1538500
240,270,R508,B508,True,262.0,False,1541900
240,270,R509,B509,True,263.0,False,1489700
240,270,R510,B510,True,263.0,False,1816500
240,270,R511,B511,True,263.0,False,1716600
240,270,R512,B512,True,263.0,False,1977000
240,270,R513,B513,True,263.0,False,1659300
240,270,R514,B514,True,264.0,False,1736600
240,270,R515,B515,True,264.0,False,1508700
240,270,R516,B516,True,264.0,False,2213000
240,270,R517,B517,True,264.0,False,1982700
240,270,R518,B518,True,265.0,False,1541900
240,270,R519,B519,True,265.0,False,1509100
240,270,R520,B520,True,265.0,False,1387400
240,270,R521,B521,True,265.0,False,1815500
240,270,R522,B522,True,265.0,False,1496500
240,270,R523,B523,True,265.0,False,1505500
240,270,R524,B524,True,269.0,False,2099400
240,270,R525,B525,True,266.0,False,1487500
240,270,R526,B526,True,266.0,False,1649200
240,270,R527,B527,True,266.0,False,2099400
240,270,R528,B528,True,266.0,False,1677800
240,270,R529,B529,True,267.0,False,1479400
240,270,R530,B530,True,267.0,False,1428200
240,270,R531,B531,True,267.0,False,1716600
240,270,R532,B532,True,267.0,False,2260100
240,270,R533,B533,True,267.0,False,1937000
240,270,R534,B534,True,267.0,False,1541900
240,270,R535,B535,True,268.0,False,1508700
240,270,R536,B536,True,268.0,False,1530100
240,270,R537,B537,True,268.0,False,1160600
240,270,R538,B538,True,268.0,False,1716600
240,270,R539,B539,True,268.0,False,1505500
240,270,R540,B540,True,268.0,False,1818700
240,270,R541,B541,True,268.0,False,2223000
240,270,R542,B542,True,269.0,False,1677800
240,270,R543,B543,True,269.0,False,1509100
240,270,R544,B544,True,269.0,False,1428200
240,270,R545,B545,True,269.0,False,1736600
240,270,R546,B546,True,269.0,False,1649300
240,270,R547,B547,True,269.0,False,1505500
240,270,R548,B548,True,270.0,False,1541900
240,270,R549,B549,True,270.0,False,1479400
240,270,R550,B550,True,270.0,False,1509100
240,270,R551,B551,True,270.0,False,1816500
240,270,R552,B552,True,270.0,False,1458100
240,270,R553,B553,True,270.0,False,1387400
240,270,R554,B554,True,270.0,False,1508700
240,270,R555,B555,True,270.0,False,1387400
240,270,R556,B556,True,270.0,False,1505500
240,270,R557,B557,True,270.0,False,1688700
240,270,R558,B558,True,270.0,False,2583300
240,270,R559,B559,True,270.0,False,1677800
260,290,R486,B486,True,260.0,True,1387400
260,290,R494-1,B494-1,True,260.0,True,1387400
260,290,R495,B495,True,260.0,True,2077100
260,290,R496,B496,True,260.0,True,1387400
260,290,R497,B497,True,260.0,True,1496500
260,290,R498,B498,True,260.0,True,1982700
260,290,R499,B499,True,263.0,True,1474000
260,290,R500,B500,True,261.0,True,1509100
260,290,R501,B501,True,261.0,True,1458100
260,290,R502,B502,True,261.0,True,1508700
260,290,R503,B503,False,,False,1198900
260,290,R504,B504,True,261.0,True,1716600
260,290,R505,B505,True,267.0,True,1428200
260,290,R506,B506,True,262.0,True,1561900
260,290,R507,B507,True,266.0,True,1538500
260,290,R508,B508,True,262.0,True,1541900
260,290,R509,B509,True,263.0,True,1489700
260,290,R510,B510,True,267.0,True,1816500
260,290,R511,B511,True,267.0,True,1716600
260,290,R512,B512,True,263.0,True,1977000
260,290,R513,B513,True,263.0,True,1659300
260,290,R514,B514,True,264.0,True,1736600
260,290,R515,B515,True,264.0,True,1508700
260,290,R516,B516,True,266.0,True,2213000
260,290,R517,B517,True,264.0,True,1982700
260,290,R518,B518,True,265.0,True,1541900
260,290,R519,B519,True,265.0,True,1509100
260,290,R520,B520,True,267.0,True,1387400
260,290,R521,B521,True,267.0,True,1815500
260,290,R522,B522,True,265.0,True,1496500
260,290,R523,B523,True,265.0,True,1505500
260,290,R524,B524,True,269.0,True,2099400
260,290,R525,B525,True,266.0,True,1487500
260,290,R526,B526,True,266.0,True,1649200
260,290,R527,B527,True,266.0,True,2099400
260,290,R528,B528,True,274.0,True,1677800
260,290,R529,B529,True,267.0,True,1479400
260,290,R530,B530,True,267.0,True,1428200
260,290,R531,B531,True,267.0,True,1716600
260,290,R532,B532,True,267.0,True,2260100
260,290,R533,B533,True,267.0,True,1937000
260,290,R534,B534,True,267.0,True,1541900
260,290,R535,B535,True,268.0,True,1508700
260,290,R536,B536,True,268.0,True,1530100
260,290,R537,B537,True,268.0,True,1160600
260,290,R538,B538,True,268.0,True,1716600
260,290,R539,B539,True,271.0,True,1505500
260,290,R540,B540,True,268.0,True,1818700
260,290,R541,B541,True,268.0,True,2223000
260,290,R542,B542,True,268.0,True,1677800
260,290,R543,B543,True,269.0,True,1509100
260,290,R544,B544,True,269.0,True,1428200
260,290,R545,B545,True,269.0,True,1736600
260,290,R546,B546,True,269.0,True,1649300
260,290,R547,B547,True,269.0,True,1505500
260,290,R548,B548,True,270.0,True,1541900
260,290,R549,B549,True,270.0,True,1479400
260,290,R550,B550,True,272.0,True,1509100
260,290,R551,B551,True,270.0,True,1816500
260,290,R552,B552,True,270.0,True,1458100
260,290,R553,B553,True,270.0,True,1387400
260,290,R554,B554,True,271.0,True,1508700
260,290,R555,B555,True,270.0,True,1387400
260,290,R556,B556,True,270.0,True,1505500
260,290,R557,B557,True,270.0,True,1688700
260,290,R558,B558,True,270.0,True,2583300
260,290,R559,B559,True,271.0,True,1677800
260,290,R560,B560,True,271.0,True,1474000
260,290,R561,B561,True,271.0,True,1816500
260,290,R562,B562,True,271.0,True,1458100
260,290,R563,B563,True,273.0,True,1428200
260,290,R564,B564,True,271.0,True,1505500
260,290,R565,B565,True,271.0,True,2089400
260,290,R566,B566,True,271.0,True,1198900
260,290,R567,B567,True,271.0,True,1505500
260,290,R568,B568,True,271.0,True,1953400
260,290,R569,B569,True,271.0,True,1541900
260,290,R570,B570,True,273.0,True,1458100
260,290,R571,B571,True,272.0,True,1736600
260,290,R572,B572,True,272.0,True,1508700
260,290,R573,B573,True,273.0,True,1387400
260,290,R574,B574,True,272.0,True,1937000
260,290,R575,B575,True,274.0,True,1477400
260,290,R576,B576,True,273.0,True,1816500
260,290,R577,B577,True,273.0,True,1508700
260,290,R578,B578,True,273.0,True,1505500
260,290,R579,B579,True,274.0,True,1198900
260,290,R580,B580,True,276.0,True,1160600
260,290,R581,B581,True,273.0,True,1716600
260,290,R582,B582,True,273.0,True,1496500
260,290,R583,B583,True,274.0,True,1458100
260,290,R584,B584,True,274.0,True,1505500
260,290,R585,B585,True,274.0,True,1649300
260,290,R586,B586,True,274.0,True,1505500
260,290,R587,B587,True,274.0,True,1715400
260,290,R588,B588,True,275.0,True,1428200
260,290,R589,B589,True,275.0,True,1505500
260,290,R590,B590,True,275.0,True,1688700
260,290,R591,B591,True,277.0,True,1387400
260,290,R592,B592,True,276.0,True,1387400
260,290,R593,B593,True,276.0,True,1505500
260,290,R594,B594,True,277.0,True,1716600
260,290,R595,B595,True,276.0,True,1536500
260,290,R596,B596,True,276.0,True,2271100
260,290,R597,B597,True,277.0,True,1509100
260,290,R598,B598,True,280.0,False,1458100
260,290,R599,B599,True,277.0,True,1387400
260,290,R600,B600,True,278.0,True,1428200
260,290,R601,B601,True,277.0,True,1387400
260,290,R602,B602,True,277.0,True,1198900
260,290,R603,B603,True,279.0,True,1428200
260,290,R604,B604,True,279.0,True,1387400
260,290,R605,B605,True,278.0,True,2089400
260,290,R606,B606,True,280.0,False,1198900
260,290,R607,B607,True,278.0,True,1649300
260,290,R608,B608,True,278.0,True,1505500
260,290,R609,B609,True,279.0,True,1428200
260,290,R610,B610,True,279.0,True,1649200
260,290,R611,B611,True,279.0,True,2068100
260,290,R612,B612,True,279.0,True,1677800
260,290,R613,B613,True,280.0,False,1489700
260,290,R614,B614,True,280.0,False,1509100
260,290,R615,B615,True,283.0,False,1458100
260,290,R616,B616,True,280.0,False,1387400
260,290,R617,B617,True,280.0,False,1508700
260,290,R618,B618,True,286.0,False,1509100
260,290,R619,B619,True,281.0,False,2077100
260,290,R620,B620,True,281.0,False,1508700
260,290,R621,B621,True,281.0,False,1505500
260,290,R622,B622,True,282.0,False,1428200
260,290,R623,B623,True,281.0,False,1538500
260,290,R624,B624,True,282.0,False,1489700
260,290,R625,B625,True,282.0,False,1816500
260,290,R626,B626,True,285.0,False,1387400
260,290,R627,B627,True,282.0,False,1428200
260,290,R628,B628,True,282.0,False,2089400
260,290,R629,B629,True,283.0,False,1538500
260,290,R630,B630,True,282.0,False,1160600
260,290,R631,B631,True,283.0,False,1509100
260,290,R632,B632,True,284.0,False,2077100
260,290,R633,B633,True,283.0,False,1699600
260,290,R634,B634,True,288.0,False,1649300
260,290,R635,B635,True,284.0,False,1479400
260,290,R636,B636,True,287.0,False,2077100
260,290,R637,B637,True,284.0,False,1508700
260,290,R638,B638,True,284.0,False,1505500
260,290,R639,B639,True,289.0,False,1198900
260,290,R640,B640,True,284.0,False,1649300
260,290,R641,B641,True,284.0,False,1496500
260,290,R642,B642,True,284.0,False,1649200
260,290,R643,B643,True,284.0,False,2583300
260,290,R644,B644,True,287.0,False,1479400
260,290,R645,B645,True,285.0,False,1458100
260,290,R646,B646,True,286.0,False,1428200
260,290,R647,B647,True,285.0,False,1508700
260,290,R648,B648,True,285.0,False,2089400
260,290,R649,B649,True,285.0,False,1505500
260,290,R650,B650,True,286.0,False,1474000
260,290,R651,B651,True,286.0,False,2089400
260,290,R652,B652,True,287.0,False,1530100
260,290,R653,B653,True,286.0,False,1428200
260,290,R654,B654,True,286.0,False,1538500
260,290,R655,B655,True,286.0,False,2068100
260,290,R656,B656,True,287.0,False,1387400
260,290,R657,B657,True,287.0,False,1505500
260,290,R658,B658,True,287.0,False,1649300
260,290,R659,B659,True,287.0,False,1715400
260,290,R660,B660,True,287.0,False,1677800
260,290,R661,B661,True,289.0,False,1428200
260,290,R662,B662,True,288.0,False,1508700
260,290,R663,B663,True,288.0,False,1699600
260,290,R664,B664,True,289.0,False,1428200
260,290,R665,B665,True,289.0,False,1815500
260,290,R666,B666,True,289.0,False,1677800
260,290,R667,B667,True,290.0,False,1505500
260,290,R668,B668,True,290.0,False,1428200
260,290,R669,B669,True,290.0,False,1716600
260,290,R670,B670,True,290.0,False,1649300
260,290,R671,B671,True,290.0,False,2260100
260,290,R672,B672,True,290.0,False,1677800
280,310,R598,B598,False,,False,1458100
280,310,R606,B606,False,,False,1198900
280,310,R613,B613,True,282.0,True,1489700
280,310,R614,B614,True,284.0,True,1509100
280,310,R615,B615,True,283.0,True,1458100
280,310,R616,B616,True,283.0,True,1387400
280,310,R617,B617,True,280.0,True,1508700
280,310,R618,B618,True,281.0,True,1509100
280,310,R619,B619,True,281.0,True,2077100
280,310,R620,B620,True,281.0,True,1508700
280,310,R621,B621,True,281.0,True,1505500
280,310,R622,B622,True,286.0,True,1428200
280,310,R623,B623,False,,False,1538500
280,310,R624,B624,True,284.0,True,1489700
280,310,R625,B625,True,284.0,True,1816500
280,310,R626,B626,True,286.0,True,1387400
280,310,R627,B627,True,287.0,True,1428200
280,310,R628,B628,True,282.0,True,2089400
280,310,R629,B629,True,283.0,True,1538500
280,310,R630,B630,False,,False,1160600
280,310,R631,B631,True,283.0,True,1509100
280,310,R632,B632,True,284.0,True,2077100
280,310,R633,B633,True,283.0,True,1699600
280,310,R634,B634,True,288.0,True,1649300
280,310,R635,B635,True,284.0,True,1479400
280,310,R636,B636,True,284.0,True,2077100
280,310,R637,B637,True,284.0,True,1508700
280,310,R638,B638,True,284.0,True,1505500
280,310,R639,B639,True,287.0,True,1198900
280,310,R640,B640,True,287.0,True,1649300
280,310,R641,B641,True,284.0,True,1496500
280,310,R642,B642,True,286.0,True,1649200
280,310,R643,B643,True,284.0,True,2583300
280,310,R644,B644,True,287.0,True,1479400
280,310,R645,B645,True,288.0,True,1458100
280,310,R646,B646,True,289.0,True,1428200
280,310,R647,B647,True,285.0,True,1508700
280,310,R648,B648,True,290.0,True,2089400
280,310,R649,B649,True,285.0,True,1505500
280,310,R650,B650,True,286.0,True,1474000
280,310,R651,B651,True,286.0,True,2089400
280,310,R652,B652,True,286.0,True,1530100
280,310,R653,B653,True,286.0,True,1428200
280,310,R654,B654,True,286.0,True,1538500
280,310,R655,B655,True,286.0,True,2068100
280,310,R656,B656,True,287.0,True,1387400
280,310,R657,B657,True,287.0,True,1505500
280,310,R658,B658,True,287.0,True,1649300
280,310,R659,B659,True,287.0,True,1715400
280,310,R660,B660,True,295.0,True,1677800
280,310,R661,B661,True,289.0,True,1428200
280,310,R662,B662,True,290.0,True,1508700
280,310,R663,B663,True,289.0,True,1699600
280,310,R664,B664,True,290.0,True,1428200
280,310,R665,B665,True,289.0,True,1815500
280,310,R666,B666,True,289.0,True,1677800
280,310,R667,B667,True,290.0,True,1505500
280,310,R668,B668,True,290.0,True,1428200
280,310,R669,B669,True,291.0,True,1716600
280,310,R670,B670,True,290.0,True,1649300
280,310,R671,B671,True,290.0,True,2260100
280,310,R672,B672,True,292.0,True,1677800
280,310,R673,B673,True,292.0,True,1458100
280,310,R674,B674,True,291.0,True,1508700
280,310,R675,B675,True,291.0,True,1198900
280,310,R676,B676,True,291.0,True,2099400
280,310,R677,B677,True,292.0,True,1387400
280,310,R678,B678,True,292.0,True,1815500
280,310,R679,B679,True,292.0,True,1715400
280,310,R680,B680,True,297.0,True,1972700
280,310,R681,B681,True,293.0,True,1479400
280,310,R682,B682,True,296.0,True,1428200
280,310,R683,B683,True,293.0,True,2089400
280,310,R684,B684,True,293.0,True,1505500
280,310,R685,B685,True,293.0,True,1937000
280,310,R686,B686,True,294.0,True,2099400
280,310,R687,B687,True,294.0,True,1972700
280,310,R688,B688,True,295.0,True,1458100
280,310,R689,B689,True,295.0,True,1428200
280,310,R690,B690,True,294.0,True,1508700
280,310,R691,B691,True,295.0,True,1496500
280,310,R692,B692,True,294.0,True,1649200
280,310,R693,B693,True,295.0,True,1509100
280,310,R694,B694,True,295.0,True,1387400
280,310,R695,B695,True,295.0,True,1198900
280,310,R696,B696,True,295.0,True,2213000
280,310,R697,B697,True,301.0,False,1649300
280,310,R698,B698,True,296.0,True,1505500
280,310,R699,B699,True,300.0,False,1982700
280,310,R700,B700,True,295.0,True,1677800
280,310,R701,B701,True,297.0,True,1474000
280,310,R702,B702,True,296.0,True,1489700
280,310,R703,B703,True,300.0,False,2077100
280,310,R704,B704,True,296.0,True,1508700
280,310,R705,B705,True,296.0,True,1530100
280,310,R706,B706,True,296.0,True,1688700
280,310,R707,B707,True,296.0,True,1715400
280,310,R708,B708,True,297.0,True,1670200
280,310,R709,B709,True,297.0,True,1198900
280,310,R710,B710,True,299.0,True,1538500
280,310,R711,B711,True,297.0,True,1649300
280,310,R712,B712,True,298.0,True,1496500
280,310,R713,B713,True,297.0,True,1471100
280,310,R714,B714,True,297.0,True,1982700
280,310,R715,B715,True,298.0,True,1816500
280,310,R716,B716,True,299.0,True,1530100
280,310,R717,B717,True,299.0,True,1972700
280,310,R718,B718,True,299.0,True,1387400
280,310,R719,B719,True,299.0,True,1496500
280,310,R720,B720,True,300.0,False,1505500
280,310,R721,B721,True,300.0,False,1198900
280,310,R722,B722,True,300.0,False,2068100
280,310,R723,B723,True,302.0,False,2223000
280,310,R724,B724,True,301.0,False,1428200
280,310,R725,B725,True,301.0,False,1508700
280,310,R726,B726,True,302.0,False,1387400
280,310,R727,B727,True,303.0,False,1649200
280,310,R728,B728,True,301.0,False,1677800
280,310,R729,B729,True,302.0,False,1487500
280,310,R730,B730,True,302.0,False,1972700
280,310,R731,B731,True,302.0,False,1198900
280,310,R732,B732,True,302.0,False,1496500
280,310,R733,B733,True,302.0,False,1471100
280,310,R734,B734,True,306.0,False,1982700
280,310,R735,B735,True,303.0,False,1509100
280,310,R736,B736,True,304.0,False,1508700
280,310,R737,B737,True,303.0,False,1428200
280,310,R738,B738,True,303.0,False,2213000
280,310,R739,B739,True,303.0,False,1982700
280,310,R740,B740,True,307.0,False,2099400
280,310,R741,B741,True,303.0,False,1541900
280,310,R742,B742,True,304.0,False,1489700
280,310,R743,B743,True,308.0,False,1387400
280,310,R744,B744,True,306.0,False,1428200
280,310,R745,B745,True,304.0,False,1160600
280,310,R746,B746,True,304.0,False,1815500
280,310,R747,B747,True,305.0,False,1649300
280,310,R748,B748,True,304.0,False,2260100
280,310,R749,B749,True,304.0,False,1496500
280,310,R750,B750,True,305.0,False,1471100
280,310,R751,B751,True,304.0,False,2068100
280,310,R752,B752,True,304.0,False,2099400
280,310,R753,B753,True,305.0,False,1428200
280,310,R754,B754,True,305.0,False,2089400
280,310,R755,B755,True,305.0,False,1530100
280,310,R756,B756,True,305.0,False,1715400
280,310,R757,B757,True,306.0,False,2077100
280,310,R758,B758,True,306.0,False,1508700
280,310,R759,B759,True,306.0,False,1428200
280,310,R760,B760,True,306.0,False,1649200
280,310,R761,B761,True,306.0,False,1982700
280,310,R762,B762,True,307.0,False,1474000
280,310,R763,B763,True,309.0,False,1428200
280,310,R764,B764,True,307.0,False,1508700
280,310,R765,B765,True,307.0,False,1387400
280,310,R766,B766,True,307.0,False,1505500
280,310,R767,B767,True,310.0,False,1198900
280,310,R768,B768,True,307.0,False,1287300
280,310,R769,B769,True,307.0,False,1505500
280,310,R770,B770,True,308.0,False,1489700
280,310,R771,B771,True,308.0,False,1428200
280,310,R772,B772,True,309.0,False,2077100
280,310,R773,B773,True,309.0,False,1508700
280,310,R774,B774,True,308.0,False,1505500
280,310,R775,B775,True,308.0,False,1815500
280,310,R776,B776,True,310.0,False,1474000
280,310,R777,B777,True,309.0,False,1649200
280,310,R778,B778,True,309.0,False,1541900
280,310,R779,B779,True,309.0,False,1729700
280,310,R780,B780,True,310.0,False,1479400
280,310,R781,B781,True,310.0,False,1509100
280,310,R782,B782,True,310.0,False,1508700
280,310,R783,B783,True,310.0,False,1561900
280,310,R784,B784,True,310.0,False,1649300
300,330,R697,B697,False,,False,1649300
300,330,R699,B699,True,300.0,True,1982700
300,330,R703,B703,True,300.0,True,2077100
300,330,R720,B720,True,300.0,True,1505500
300,330,R721,B721,True,300.0,True,1198900
300,330,R722,B722,True,300.0,True,2068100
300,330,R723,B723,True,302.0,True,2223000
300,330,R724,B724,True,306.0,True,1428200
300,330,R725,B725,True,301.0,True,1508700
300,330,R726,B726,True,304.0,True,1387400
300,330,R727,B727,True,303.0,True,1649200
300,330,R728,B728,True,309.0,True,1677800
300,330,R729,B729,True,302.0,True,1487500
300,330,R730,B730,True,302.0,True,1972700
300,330,R731,B731,True,303.0,True,1198900
300,330,R732,B732,True,302.0,True,1496500
300,330,R733,B733,True,306.0,True,1471100
300,330,R734,B734,True,308.0,True,1982700
300,330,R735,B735,True,309.0,True,1509100
300,330,R736,B736,True,304.0,True,1508700
300,330,R737,B737,True,306.0,True,1428200
300,330,R738,B738,True,303.0,True,2213000
300,330,R739,B739,True,309.0,True,1982700
300,330,R740,B740,True,307.0,True,2099400
300,330,R741,B741,True,303.0,True,1541900
300,330,R742,B742,True,304.0,True,1489700
300,330,R743,B743,True,307.0,True,1387400
300,330,R744,B744,True,306.0,True,1428200
300,330,R745,B745,True,307.0,True,1160600
300,330,R746,B746,True,304.0,True,1815500
300,330,R747,B747,True,308.0,True,1649300
300,330,R748,B748,True,304.0,True,2260100
300,330,R749,B749,True,305.0,True,1496500
300,330,R750,B750,True,306.0,True,1471100
300,330,R751,B751,True,304.0,True,2068100
300,330,R752,B752,True,304.0,True,2099400
300,330,R753,B753,True,306.0,True,1428200
300,330,R754,B754,True,305.0,True,2089400
300,330,R755,B755,True,305.0,True,1530100
300,330,R756,B756,True,309.0,True,1715400
300,330,R757,B757,True,306.0,True,2077100
300,330,R758,B758,True,306.0,True,1508700
300,330,R759,B759,True,306.0,True,1428200
300,330,R760,B760,True,306.0,True,1649200
300,330,R761,B761,True,306.0,True,1982700
300,330,R762,B762,True,307.0,True,1474000
300,330,R763,B763,True,311.0,True,1428200
300,330,R764,B764,True,311.0,True,1508700
300,330,R765,B765,True,307.0,True,1387400
300,330,R766,B766,True,307.0,True,1505500
300,330,R767,B767,True,307.0,True,1198900
300,330,R768,B768,True,307.0,True,1287300
300,330,R769,B769,True,307.0,True,1505500
300,330,R770,B770,True,308.0,True,1489700
300,330,R771,B771,True,309.0,True,1428200
300,330,R772,B772,True,309.0,True,2077100
300,330,R773,B773,True,312.0,True,1508700
300,330,R774,B774,True,308.0,True,1505500
300,330,R775,B775,True,308.0,True,1815500
300,330,R776,B776,True,310.0,True,1474000
300,330,R777,B777,True,309.0,True,1649200
300,330,R778,B778,True,309.0,True,1541900
300,330,R779,B779,True,309.0,True,1729700
300,330,R780,B780,True,310.0,True,1479400
300,330,R781,B781,True,310.0,True,1509100
300,330,R782,B782,True,310.0,True,1508700
300,330,R783,B783,True,310.0,True,1561900
300,330,R784,B784,True,313.0,True,1649300
300,330,R785,B785,True,311.0,True,1458100
300,330,R786,B786,True,315.0,True,1428200
300,330,R787,B787,True,311.0,True,1287300
300,330,R788,B788,True,315.0,True,1688700
300,330,R789,B789,True,311.0,True,1536500
300,330,R790,B790,True,313.0,True,1509100
300,330,R791,B791,True,312.0,True,1458100
300,330,R792,B792,True,317.0,True,1428200
300,330,R793,B793,True,312.0,True,1505500
300,330,R794,B794,True,312.0,True,2099400
300,330,R795,B795,True,314.0,True,1458100
300,330,R796,B796,True,314.0,True,2089400
300,330,R797,B797,True,316.0,True,1815500
300,330,R798,B798,True,313.0,True,1505500
300,330,R799,B799,True,314.0,True,1479400
300,330,R800,B800,True,314.0,True,1736600
300,330,R801,B801,True,314.0,True,1387400
300,330,R802-1,B802-1,True,314.0,True,1505500
300,330,R802-2,B802-2,True,314.0,True,1505500
300,330,R803,B803,True,314.0,True,1561900
300,330,R804,B804,True,315.0,True,1508700
300,330,R805,B805,True,318.0,True,2089400
300,330,R806,B806,True,320.0,False,1428200
300,330,R807,B807,True,315.0,True,1677800
300,330,R808,B808,True,319.0,True,2077100
300,330,R809,B809,True,316.0,True,1508700
300,330,R810,B810,True,316.0,True,2089400
300,330,R811,B811,True,316.0,True,1649300
300,330,R812,B812,True,316.0,True,1541900
300,330,R813,B813,True,317.0,True,1479400
300,330,R814,B814,True,317.0,True,1387400
300,330,R815,B815,True,318.0,True,1508700
300,330,R816,B816,True,317.0,True,1198900
300,330,R817,B817,True,317.0,True,1530100
300,330,R818,B818,True,318.0,True,1972700
300,330,R819,B819,True,318.0,True,1509100
300,330,R820,B820,True,318.0,True,1538500
300,330,R821,B821,True,318.0,True,1649300
300,330,R822,B822,True,318.0,True,1649200
300,330,R823,B823,True,318.0,True,2522300
300,330,R824,B824,True,320.0,False,1479400
300,330,R825,B825,True,319.0,True,1458100
300,330,R826,B826,True,321.0,False,1428200
300,330,R827,B827,True,319.0,True,1815500
300,330,R828,B828,True,319.0,True,1649300
300,330,R829,B829,True,320.0,False,1508700
300,330,R830,B830,True,320.0,False,2089400
300,330,R831,B831,True,321.0,False,1538500
300,330,R832,B832,True,323.0,False,1160600
300,330,R833,B833,True,320.0,False,1506500
300,330,R834,B834,True,322.0,False,1428200
300,330,R835,B835,True,323.0,False,1428200
300,330,R836,B836,True,321.0,False,1938000
300,330,R837,B837,True,321.0,False,1678800
300,330,R838,B838,True,322.0,False,1509100
300,330,R839,B839,True,322.0,False,1458100
300,330,R840,B840,True,322.0,False,1506500
300,330,R841,B841,True,322.0,False,2067100
300,330,R842,B842,True,327.0,False,2099400
300,330,R843,B843,True,323.0,False,1972700
300,330,R844,B844,True,323.0,False,1388400
300,330,R845,B845,True,324.0,False,1678800
300,330,R846,B846,True,323.0,False,1508700
300,330,R847,B847,True,325.0,False,1428200
300,330,R848,B848,True,323.0,False,1538500
300,330,R849,B849,True,323.0,False,1650200
300,330,R850,B850,True,324.0,False,1388400
300,330,R851,B851,True,324.0,False,2089400
300,330,R852,B852,True,324.0,False,1649300
300,330,R853,B853,True,324.0,False,1978000
300,330,R854,B854,True,324.0,False,1660300
300,330,R855,B855,True,324.0,False,2099400
300,330,R856,B856,True,324.0,False,2523300
300,330,R857,B857,True,325.0,False,1932400
300,330,R858,B858,True,327.0,False,2089400
300,330,R859,B859,True,325.0,False,1529100
300,330,R860,B860,True,328.0,False,1160600
300,330,R861,B861,True,325.0,False,1496500
300,330,R862,B862,True,325.0,False,1981700
300,330,R863,B863,True,325.0,False,1541900
300,330,R864,B864,True,326.0,False,2077100
300,330,R865,B865,True,330.0,False,2212000
300,330,R866,B866,True,327.0,False,1649300
300,330,R867,B867,True,326.0,False,1506500
300,330,R868,B868,True,327.0,False,1972700
300,330,R869,B869,True,327.0,False,1508700
300,330,R870,B870,True,328.0,False,1505500
300,330,R871,B871,True,327.0,False,1506500
300,330,R872,B872,True,327.0,False,1678800
300,330,R873,B873,True,328.0,False,1541900
300,330,R874,B874,True,328.0,False,1458100
300,330,R875,B875,True,328.0,False,1506500
300,330,R876,B876,True,329.0,False,2077100
300,330,R877,B877,True,329.0,False,1508700
300,330,R878,B878,True,330.0,False,2089400
300,330,R879,B879,True,329.0,False,1541900
300,330,R880,B880,True,330.0,False,1508700
300,330,R881,B881,True,330.0,False,1388400
300,330,R882,B882,True,330.0,False,1649300
300,330,R883,B883,True,330.0,False,1541900
320,350,R806,B806,True,320.0,True,1428200
320,350,R824,B824,True,320.0,True,1479400
320,350,R826,B826,True,320.0,True,1428200
320,350,R829,B829,True,320.0,True,1508700
320,350,R830,B830,True,320.0,True,2089400
320,350,R831,B831,False,,False,1538500
320,350,R832,B832,False,,False,1160600
320,350,R833,B833,True,320.0,True,1506500
320,350,R834,B834,True,323.0,True,1428200
320,350,R835,B835,False,,False,1428200
320,350,R836,B836,False,,False,1938000
320,350,R837,B837,True,327.0,True,1678800
320,350,R838,B838,True,322.0,True,1509100
320,350,R839,B839,True,322.0,True,1458100
320,350,R840,B840,True,322.0,True,1506500
320,350,R841,B841,True,322.0,True,2067100
320,350,R842,B842,True,327.0,True,2099400
320,350,R843,B843,True,323.0,True,1972700
320,350,R844,B844,True,323.0,True,1388400
320,350,R845,B845,True,323.0,True,1678800
320,350,R846,B846,True,323.0,True,1508700
320,350,R847,B847,True,323.0,True,1428200
320,350,R848,B848,True,325.0,True,1538500
320,350,R849,B849,True,326.0,True,1650200
320,350,R850,B850,True,327.0,True,1388400
320,350,R851,B851,True,324.0,True,2089400
320,350,R852,B852,True,327.0,True,1649300
320,350,R853,B853,True,324.0,True,1978000
320,350,R854,B854,True,324.0,True,1660300
320,350,R855,B855,True,324.0,True,2099400
320,350,R856,B856,True,324.0,True,2523300
320,350,R857,B857,True,328.0,True,1932400
320,350,R858,B858,True,325.0,True,2089400
320,350,R859,B859,True,329.0,True,1529100
320,350,R860,B860,True,327.0,True,1160600
320,350,R861,B861,True,325.0,True,1496500
320,350,R862,B862,True,325.0,True,1981700
320,350,R863,B863,True,325.0,True,1541900
320,350,R864,B864,True,326.0,True,2077100
320,350,R865,B865,True,326.0,True,2212000
320,350,R866,B866,True,327.0,True,1649300
320,350,R867,B867,True,326.0,True,1506500
320,350,R868,B868,True,327.0,True,1972700
320,350,R869,B869,True,327.0,True,1508700
320,350,R870,B870,True,327.0,True,1505500
320,350,R871,B871,True,327.0,True,1506500
320,350,R872,B872,True,327.0,True,1678800
320,350,R873,B873,True,328.0,True,1541900
320,350,R874,B874,True,328.0,True,1458100
320,350,R875,B875,True,328.0,True,1506500
320,350,R876,B876,True,329.0,True,2077100
320,350,R877,B877,True,330.0,True,1508700
320,350,R878,B878,True,329.0,True,2089400
320,350,R879,B879,True,332.0,True,1541900
320,350,R880,B880,True,330.0,True,1508700
320,350,R881,B881,True,331.0,True,1388400
320,350,R882,B882,True,330.0,True,1649300
320,350,R883,B883,True,330.0,True,1541900
320,350,R884,B884,True,331.0,True,1670200
320,350,R885,B885,True,333.0,True,1428200
320,350,R886,B886,True,331.0,True,1506500
320,350,R887,B887,True,331.0,True,2067100
320,350,R888,B888,True,333.0,True,1509100
320,350,R889,B889,True,332.0,True,1736600
320,350,R890,B890,True,332.0,True,2077100
320,350,R891,B891,True,332.0,True,1678800
320,350,R892,B892,True,333.0,True,1505500
320,350,R893,B893,True,333.0,True,1506500
320,350,R894,B894,True,336.0,True,1509100
320,350,R895,B895,True,334.0,True,1650200
320,350,R896,B896,True,334.0,True,1678800
320,350,R897,B897,True,335.0,True,1670200
320,350,R898,B898,True,338.0,True,2089400
320,350,R899,B899,True,338.0,True,1649300
320,350,R900,B900,True,339.0,True,2099400
320,350,R901,B901,True,335.0,True,2523300
320,350,R902,B902,True,336.0,True,1487500
320,350,R903,B903,True,336.0,True,2077100
320,350,R904,B904,True,336.0,True,1678800
320,350,R905,B905,True,336.0,True,1508700
320,350,R906,B906,True,337.0,True,1649300
320,350,R907,B907,True,336.0,True,1506500
320,350,R908,B908,True,336.0,True,2067100
320,350,R909,B909,True,336.0,True,2099400
320,350,R910,B910,True,341.0,False,1488700
320,350,R911,B911,True,337.0,True,1505500
320,350,R912,B912,True,337.0,True,1428200
320,350,R913,B913,True,344.0,False,2212000
320,350,R914,B914,True,338.0,True,1938000
320,350,R915,B915,True,338.0,True,2523300
320,350,R916,B916,True,339.0,True,1508700
320,350,R917,B917,True,340.0,False,1506500
320,350,R918,B918,True,339.0,True,1938000
320,350,R919,B919,True,340.0,False,1438100
320,350,R920,B920,True,340.0,False,1508700
320,350,R921,B921,True,340.0,False,1505500
320,350,R922,B922,True,340.0,False,1506500
320,350,R923,B923,True,341.0,False,1475000
320,350,R924,B924,True,341.0,False,1428200
320,350,R925,B925,True,341.0,False,2212000
320,350,R926,B926,True,341.0,False,1815500
320,350,R927,B927,True,341.0,False,1716600
320,350,R928,B928,True,341.0,False,1978000
320,350,R929,B929,True,341.0,False,2224000
320,350,R930,B930,True,342.0,False,1474000
320,350,R931,B931,True,342.0,False,1458100
320,350,R932,B932,True,343.0,False,1508700
320,350,R933,B933,True,343.0,False,1505500
320,350,R934,B934,True,342.0,False,1561900
320,350,R935,B935,True,342.0,False,1198900
320,350,R936,B936,True,342.0,False,1428200
320,350,R937,B937,True,343.0,False,1160600
320,350,R938,B938,True,342.0,False,2099400
320,350,R939,B939,True,343.0,False,1488700
320,350,R940,B940,True,345.0,False,1428200
320,350,R941,B941,True,343.0,False,1496500
320,350,R942,B942,True,344.0,False,1508700
320,350,R943,B943,True,344.0,False,2089400
320,350,R944,B944,True,348.0,False,1649300
320,350,R945,B945,True,344.0,False,1650200
320,350,R946,B946,True,344.0,False,2099400
320,350,R947,B947,True,345.0,False,1509100
320,350,R948,B948,True,345.0,False,1649300
320,350,R949,B949,True,346.0,False,1496500
320,350,R950,B950,True,345.0,False,1506500
320,350,R951,B951,True,346.0,False,1736600
320,350,R952,B952,True,346.0,False,2077100
320,350,R953,B953,True,346.0,False,1505500
320,350,R954,B954,True,347.0,False,1678800
320,350,R955,B955,True,347.0,False,1508700
320,350,R956,B956,True,347.0,False,1505500
320,350,R957,B957,True,347.0,False,1428200
320,350,R958,B958,True,347.0,False,1506500
320,350,R959,B959,True,348.0,False,1508700
320,350,R960,B960,True,349.0,False,1505500
320,350,R961,B961,True,348.0,False,1506500
320,350,R962,B962,True,348.0,False,1660300
320,350,R963,B963,True,349.0,False,1509100
320,350,R964,B964,True,350.0,False,1509100
320,350,R965,B965,True,350.0,False,1561900
320,350,R966,B966,True,350.0,False,1496500
320,350,R967,B967,True,350.0,False,2099400
340,370,R836,B836,False,,False,1938000
340,370,R910,B910,True,340.0,True,1488700
340,370,R913,B913,True,344.0,True,2212000
340,370,R917,B917,True,340.0,True,1506500
340,370,R919,B919,True,340.0,True,1438100
340,370,R920,B920,True,340.0,True,1508700
340,370,R921,B921,True,340.0,True,1505500
340,370,R922,B922,True,340.0,True,1506500
340,370,R923,B923,True,341.0,True,1475000
340,370,R924,B924,True,341.0,True,1428200
340,370,R925,B925,True,341.0,True,2212000
340,370,R926,B926,True,341.0,True,1815500
340,370,R927,B927,False,,False,1716600
340,370,R928,B928,True,342.0,True,1978000
340,370,R929,B929,True,341.0,True,2224000
340,370,R930,B930,True,342.0,True,1474000
340,370,R931,B931,True,342.0,True,1458100
340,370,R932,B932,True,343.0,True,1508700
340,370,R933,B933,True,343.0,True,1505500
340,370,R934,B934,True,342.0,True,1561900
340,370,R935,B935,True,346.0,True,1198900
340,370,R936,B936,True,344.0,True,1428200
340,370,R937,B937,False,,False,1160600
340,370,R938,B938,True,347.0,True,2099400
340,370,R939,B939,True,343.0,True,1488700
340,370,R940,B940,True,343.0,True,1428200
340,370,R941,B941,True,343.0,True,1496500
340,370,R942,B942,True,344.0,True,1508700
340,370,R943,B943,True,344.0,True,2089400
340,370,R944,B944,True,347.0,True,1649300
340,370,R945,B945,True,346.0,True,1650200
340,370,R946,B946,True,344.0,True,2099400
340,370,R947,B947,True,345.0,True,1509100
340,370,R948,B948,True,347.0,True,1649300
340,370,R949,B949,True,346.0,True,1496500
340,370,R950,B950,True,345.0,True,1506500
340,370,R951,B951,True,346.0,True,1736600
340,370,R952,B952,True,346.0,True,2077100
340,370,R953,B953,True,346.0,True,1505500
340,370,R954,B954,True,347.0,True,1678800
340,370,R955,B955,True,347.0,True,1508700
340,370,R956,B956,True,347.0,True,1505500
340,370,R957,B957,True,347.0,True,1428200
340,370,R958,B958,True,347.0,True,1506500
340,370,R959,B959,True,348.0,True,1508700
340,370,R960,B960,True,349.0,True,1505500
340,370,R961,B961,True,348.0,True,1506500
340,370,R962,B962,True,348.0,True,1660300
340,370,R963,B963,True,349.0,True,1509100
340,370,R964,B964,True,350.0,True,1509100
340,370,R965,B965,True,350.0,True,1561900
340,370,R966,B966,True,350.0,True,1496500
340,370,R967,B967,True,355.0,True,2099400
340,370,R968,B968,True,351.0,True,2089400
340,370,R969,B969,True,351.0,True,1561900
340,370,R970,B970,True,351.0,True,1650200
340,370,R971,B971,True,353.0,True,1509100
340,370,R972,B972,True,352.0,True,1508700
340,370,R973,B973,True,353.0,True,1506500
340,370,R974,B974,True,352.0,True,2099400
340,370,R975,B975,True,352.0,True,1678800
340,370,R976,B976,True,352.0,True,2523300
340,370,R977,B977,True,354.0,True,2089400
340,370,R978,B978,True,353.0,True,1716600
340,370,R979,B979,True,354.0,True,1649300
340,370,R980,B980,True,353.0,True,1496500
340,370,R981,B981,True,353.0,True,2067100
340,370,R982,B982,True,357.0,True,1428200
340,370,R983,B983,True,354.0,True,1508700
340,370,R984,B984,True,354.0,True,1388400
340,370,R985,B985,True,354.0,True,1505500
340,370,R986,B986,True,354.0,True,1160600
340,370,R987,B987,True,354.0,True,1923100
340,370,R988,B988,True,354.0,True,1938000
340,370,R989,B989,True,355.0,True,1816500
340,370,R990,B990,True,355.0,True,1508700
340,370,R991,B991,True,355.0,True,1496500
340,370,R992,B992,True,356.0,True,1506500
340,370,R993,B993,True,355.0,True,2099400
340,370,R994,B994,True,360.0,False,2089400
340,370,R995,B995,True,356.0,True,2260100
340,370,R996,B996,True,358.0,True,2224000
340,370,R997,B997,True,362.0,False,1972700
340,370,R998,B998,True,357.0,True,1736600
340,370,R999,B999,True,357.0,True,1505500
340,370,R1000,B1000,True,357.0,True,2523300
340,370,R1001,B1001,True,359.0,True,1972700
340,370,R1002,B1002,True,359.0,True,1160600
340,370,R1003,B1003,True,360.0,False,1508700
340,370,R1004,B1004,True,361.0,False,1509100
340,370,R1005,B1005,True,361.0,False,1508700
340,370,R1006,B1006,True,361.0,False,1505500
340,370,R1007,B1007,True,361.0,False,1981700
340,370,R1008,B1008,True,362.0,False,1474000
340,370,R1009,B1009,True,362.0,False,1509100
340,370,R1010,B1010,True,362.0,False,2212000
340,370,R1011,B1011,True,362.0,False,2099400
340,370,R1012,B1012,True,363.0,False,1508700
340,370,R1013,B1013,True,364.0,False,1505500
340,370,R1014,B1014,True,363.0,False,1160600
340,370,R1015,B1015,True,363.0,False,1506500
340,370,R1016,B1016,True,363.0,False,1817700
340,370,R1017,B1017,True,365.0,False,2099400
340,370,R1018,B1018,True,364.0,False,1509100
340,370,R1019,B1019,True,364.0,False,1816500
340,370,R1020,B1020,True,366.0,False,1972700
340,370,R1021,B1021,True,365.0,False,1428200
340,370,R1022,B1022,True,365.0,False,1649300
340,370,R1023,B1023,True,365.0,False,1506500
340,370,R1024,B1024,True,366.0,False,1388400
340,370,R1025,B1025,True,366.0,False,1699600
340,370,R1026,B1026,True,366.0,False,1160600
340,370,R1027,B1027,True,368.0,False,1649300
340,370,R1028,B1028,True,366.0,False,2224000
340,370,R1029,B1029,True,367.0,False,2212000
340,370,R1030,B1030,True,368.0,False,1508700
340,370,R1031,B1031,True,368.0,False,1388400
340,370,R1032,B1032,True,369.0,False,1487500
340,370,R1033,B1033,True,369.0,False,2099400
340,370,R1034,B1034,True,370.0,False,2089400
340,370,R1035,B1035,True,370.0,False,1561900
340,370,R1036,B1036,True,370.0,False,1649300
340,370,R1037,B1037,True,370.0,False,1506500
360,390,R994,B994,True,360.0,True,2089400
360,390,R997,B997,True,360.0,True,1972700
360,390,R1003,B1003,True,360.0,True,1508700
360,390,R1004,B1004,True,361.0,True,1509100
360,390,R1005,B1005,True,364.0,True,1508700
360,390,R1006,B1006,True,361.0,True,1505500
360,390,R1007,B1007,True,361.0,True,1981700
360,390,R1008,B1008,True,362.0,True,1474000
360,390,R1009,B1009,True,362.0,True,1509100
360,390,R1010,B1010,True,364.0,True,2212000
360,390,R1011,B1011,True,362.0,True,2099400
360,390,R1012,B1012,True,363.0,True,1508700
360,390,R1013,B1013,True,364.0,True,1505500
360,390,R1014,B1014,True,367.0,True,1160600
360,390,R1015,B1015,True,365.0,True,1506500
360,390,R1016,B1016,True,363.0,True,1817700
360,390,R1017,B1017,True,365.0,True,2099400
360,390,R1018,B1018,True,364.0,True,1509100
360,390,R1019,B1019,True,364.0,True,1816500
360,390,R1020,B1020,True,367.0,True,1972700
360,390,R1021,B1021,True,365.0,True,1428200
360,390,R1022,B1022,True,365.0,True,1649300
360,390,R1023,B1023,True,365.0,True,1506500
360,390,R1024,B1024,True,366.0,True,1388400
360,390,R1025,B1025,True,366.0,True,1699600
360,390,R1026,B1026,True,369.0,True,1160600
360,390,R1027,B1027,True,368.0,True,1649300
360,390,R1028,B1028,True,367.0,True,2224000
360,390,R1029,B1029,True,367.0,True,2212000
360,390,R1030,B1030,True,369.0,True,1508700
360,390,R1031,B1031,True,368.0,True,1388400
360,390,R1032,B1032,True,369.0,True,1487500
360,390,R1033,B1033,True,369.0,True,2099400
360,390,R1034,B1034,True,370.0,True,2089400
360,390,R1035,B1035,True,370.0,True,1561900
360,390,R1036,B1036,True,373.0,True,1649300
360,390,R1037,B1037,True,370.0,True,1506500
360,390,R1038,B1038,True,371.0,True,1388400
360,390,R1039,B1039,True,373.0,True,1160600
360,390,R1040,B1040,True,371.0,True,1649300
360,390,R1041,B1041,True,372.0,True,1509100
360,390,R1042,B1042,True,372.0,True,1650200
360,390,R1043,B1043,True,376.0,True,1508700
360,390,R1044,B1044,True,373.0,True,1505500
360,390,R1045,B1045,True,373.0,True,1496500
360,390,R1046,B1046,True,373.0,True,1506500
360,390,R1047,B1047,True,377.0,True,1678800
360,390,R1048,B1048,True,374.0,True,1438100
360,390,R1049,B1049,True,374.0,True,1736600
360,390,R1050,B1050,True,374.0,True,1678800
360,390,R1051,B1051,True,379.0,True,1478400
360,390,R1052,B1052,True,375.0,True,1509100
360,390,R1053,B1053,True,375.0,True,1649300
360,390,R1054,B1054,True,375.0,True,1506500
360,390,R1055,B1055,True,376.0,True,1478400
360,390,R1056,B1056,True,379.0,True,1561900
360,390,R1057,B1057,True,376.0,True,1428200
360,390,R1058,B1058,True,376.0,True,1649300
360,390,R1059,B1059,True,376.0,True,1981700
360,390,R1060,B1060,True,376.0,True,1541900
360,390,R1061,B1061,True,377.0,True,1458100
360,390,R1062,B1062,True,378.0,True,1388400
360,390,R1063,B1063,True,378.0,True,1678800
360,390,R1064,B1064,True,378.0,True,2089400
360,390,R1065,B1065,True,378.0,True,2099400
360,390,R1066,B1066,True,379.0,True,1505500
360,390,R1067,B1067,True,380.0,False,1509100
360,390,R1068,B1068,True,380.0,False,1537500
360,390,R1069,B1069,True,380.0,False,1660300
360,390,R1070,B1070,True,381.0,False,2100400
360,390,R1071,B1071,True,380.0,False,2582300
360,390,R1072,B1072,True,381.0,False,2090400
360,390,R1073,B1073,True,381.0,False,1496500
360,390,R1074,B1074,True,381.0,False,2100400
360,390,R1075,B1075,True,381.0,False,1541900
360,390,R1076,B1076,True,383.0,False,1922100
360,390,R1077,B1077,True,384.0,False,1480400
360,390,R1078,B1078,True,384.0,False,1679800
360,390,R1079,B1079,True,385.0,False,2090400
360,390,R1080,B1080,True,387.0,False,1480400
360,390,R1081,B1081,True,387.0,False,1973700
360,390,R1082,B1082,True,387.0,False,1818700
360,390,R1083,B1083,True,388.0,False,1486500
360,390,R1084,B1084,True,389.0,False,1509100
360,390,R1085,B1085,True,389.0,False,1677800
360,390,R1086,B1086,True,390.0,False,1480400
360,390,R1087,B1087,True,390.0,False,1901900
360,390,R1088,B1088,True,390.0,False,1496500
380,410,R1067,B1067,True,380.0,True,1509100
380,410,R1068,B1068,True,380.0,True,1537500
380,410,R1069,B1069,True,380.0,True,1660300
380,410,R1070,B1070,True,380.0,True,2100400
380,410,R1071,B1071,True,380.0,True,2582300
380,410,R1072,B1072,True,381.0,True,2090400
380,410,R1073,B1073,True,381.0,True,1496500
380,410,R1074,B1074,True,381.0,True,2100400
380,410,R1075,B1075,True,381.0,True,1541900
380,410,R1076,B1076,True,383.0,True,1922100
380,410,R1077,B1077,True,384.0,True,1480400
380,410,R1078,B1078,True,384.0,True,1679800
380,410,R1079,B1079,True,385.0,True,2090400
380,410,R1080,B1080,True,387.0,True,1480400
380,410,R1081,B1081,True,387.0,True,1973700
380,410,R1082,B1082,True,389.0,True,1818700
380,410,R1083,B1083,True,389.0,True,1486500
380,410,R1084,B1084,True,389.0,True,1509100
380,410,R1085,B1085,True,389.0,True,1677800
380,410,R1086,B1086,True,390.0,True,1480400
380,410,R1087,B1087,True,392.0,True,1901900
380,410,R1088,B1088,True,390.0,True,1496500
380,410,R1089,B1089,True,391.0,True,1561900
380,410,R1090,B1090,True,391.0,True,1506500
380,410,R1091,B1091,True,396.0,True,1660300
380,410,R1092,B1092,True,397.0,True,2261100
380,410,R1093,B1093,True,392.0,True,1506500
380,410,R1094,B1094,True,393.0,True,1938000
380,410,R1095,B1095,True,397.0,True,1679800
380,410,R1096,B1096,True,395.0,True,1816500
380,410,R1097,B1097,True,395.0,True,1429200
380,410,R1098,B1098,True,395.0,True,1650300
380,410,R1099,B1099,True,395.0,True,1689700
380,410,R1100,B1100,True,396.0,True,2077100
380,410,R1101,B1101,True,396.0,True,1506500
380,410,R1102,B1102,True,396.0,True,1660300
380,410,R1103,B1103,True,396.0,True,2272100
380,410,R1104,B1104,True,398.0,True,1486500
380,410,R1105,B1105,True,401.0,False,2077100
380,410,R1106,B1106,True,397.0,True,1530100
380,410,R1107,B1107,True,397.0,True,1496500
380,410,R1108,B1108,True,397.0,True,1506500
380,410,R1109,B1109,True,397.0,True,1541900
380,410,R1110,B1110,True,398.0,True,1480400
380,410,R1111,B1111,True,399.0,True,2077100
380,410,R1112,B1112,True,399.0,True,2100400
380,410,R1113,B1113,True,400.0,False,1471100
380,410,R1114,B1114,True,400.0,False,1922100
380,410,R1115,B1115,True,401.0,False,1480400
380,410,R1116,B1116,True,401.0,False,1506500
380,410,R1117,B1117,True,402.0,False,1650300
380,410,R1118,B1118,True,402.0,False,1537500
380,410,R1119,B1119,True,402.0,False,2067100
380,410,R1120,B1120,True,406.0,False,1679800
380,410,R1121,B1121,True,403.0,False,1679800
380,410,R1122,B1122,True,404.0,False,1496500
380,410,R1123,B1123,True,404.0,False,1506500
380,410,R1124,B1124,True,408.0,False,1679800
380,410,R1125,B1125,True,404.0,False,1541900
380,410,R1126,B1126,True,405.0,False,1480400
380,410,R1127,B1127,True,405.0,False,1650300
380,410,R1128,B1128,True,405.0,False,1537500
380,410,R1129,B1129,True,405.0,False,1471100
380,410,R1130,B1130,True,405.0,False,1679800
380,410,R1131,B1131,True,406.0,False,1509100
380,410,R1132,B1132,True,407.0,False,1496500
380,410,R1133,B1133,True,407.0,False,1973700
380,410,R1134,B1134,True,407.0,False,2077100
380,410,R1135,B1135,True,407.0,False,1689700
380,410,R1136,B1136,True,408.0,False,1428200
380,410,R1137,B1137,True,408.0,False,2100400
380,410,R1138,B1138,True,409.0,False,1509100
380,410,R1139,B1139,True,410.0,False,1561900
380,410,R1140,B1140,True,409.0,False,1506500
380,410,R1141,B1141,True,410.0,False,2077100
380,410,R1142,B1142,True,410.0,False,1509700
380,410,R1143,B1143,True,410.0,False,1506500
380,410,R1144,B1144,True,410.0,False,1660300
400,430,R1105,B1105,True,401.0,True,2077100
400,430,R1113,B1113,True,400.0,True,1471100
400,430,R1114,B1114,True,400.0,True,1922100
400,430,R1115,B1115,True,401.0,True,1480400
400,430,R1116,B1116,True,401.0,True,1506500
400,430,R1117,B1117,False,,False,1650300
400,430,R1118,B1118,True,402.0,True,1537500
400,430,R1119,B1119,True,402.0,True,2067100
400,430,R1120,B1120,True,408.0,True,1679800
400,430,R1121,B1121,True,409.0,True,1679800
400,430,R1122,B1122,True,404.0,True,1496500
400,430,R1123,B1123,True,404.0,True,1506500
400,430,R1124,B1124,True,405.0,True,1679800
400,430,R1125,B1125,True,404.0,True,1541900
400,430,R1126,B1126,True,405.0,True,1480400
400,430,R1127,B1127,True,407.0,True,1650300
400,430,R1128,B1128,True,405.0,True,1537500
400,430,R1129,B1129,True,406.0,True,1471100
400,430,R1130,B1130,True,405.0,True,1679800
400,430,R1131,B1131,True,411.0,True,1509100
400,430,R1132,B1132,True,407.0,True,1496500
400,430,R1133,B1133,True,407.0,True,1973700
400,430,R1134,B1134,True,407.0,True,2077100
400,430,R1135,B1135,True,407.0,True,1689700
400,430,R1136,B1136,True,408.0,True,1428200
400,430,R1137,B1137,True,409.0,True,2100400
400,430,R1138,B1138,True,409.0,True,1509100
400,430,R1139,B1139,True,410.0,True,1561900
400,430,R1140,B1140,True,409.0,True,1506500
400,430,R1141,B1141,True,410.0,True,2077100
400,430,R1142,B1142,True,410.0,True,1509700
400,430,R1143,B1143,True,410.0,True,1506500
400,430,R1144,B1144,True,410.0,True,1660300
400,430,R1145,B1145,True,411.0,True,1480400
400,430,R1146,B1146,True,414.0,True,1978000
400,430,R1147,B1147,True,412.0,True,1677800
400,430,R1148,B1148,True,412.0,True,1650200
400,430,R1149,B1149,True,413.0,True,1506500
400,430,R1150,B1150,True,414.0,True,1509100
400,430,R1151,B1151,True,414.0,True,2214000
400,430,R1152,B1152,True,414.0,True,2100400
400,430,R1153,B1153,True,415.0,True,1973700
400,430,R1154,B1154,True,415.0,True,1480400
400,430,R1155,B1155,True,415.0,True,1496500
400,430,R1156,B1156,True,416.0,True,1509100
400,430,R1157,B1157,True,417.0,True,2214000
400,430,R1158,B1158,True,416.0,True,1506500
400,430,R1159,B1159,True,418.0,True,1496500
400,430,R1160,B1160,True,417.0,True,1506500
400,430,R1161,B1161,True,418.0,True,1541900
400,430,R1162,B1162,True,419.0,True,1480400
400,430,R1163,B1163,True,420.0,False,2090400
400,430,R1164,B1164,True,419.0,True,1506500
400,430,R1165,B1165,True,419.0,True,1679800
400,430,R1166,B1166,True,420.0,False,1509100
400,430,R1167,B1167,True,420.0,False,2214000
400,430,R1168,B1168,True,420.0,False,1471100
400,430,R1169,B1169,True,421.0,False,1509700
400,430,R1170,B1170,True,422.0,False,1706400
400,430,R1171,B1171,True,422.0,False,1509100
400,430,R1172,B1172,True,423.0,False,2214000
400,430,R1173,B1173,True,422.0,False,1922100
400,430,R1174,B1174,True,423.0,False,2067100
400,430,R1175,B1175,True,424.0,False,2077100
400,430,R1176,B1176,True,424.0,False,1509700
400,430,R1177,B1177,True,424.0,False,2090400
400,430,R1178,B1178,True,424.0,False,2214000
400,430,R1179,B1179,True,424.0,False,1286300
400,430,R1180,B1180,True,424.0,False,1471100
400,430,R1181,B1181,True,424.0,False,1679800
400,430,R1182,B1182,True,425.0,False,1509100
400,430,R1183,B1183,True,425.0,False,1737600
400,430,R1184,B1184,True,426.0,False,1509100
400,430,R1185,B1185,True,427.0,False,2077100
400,430,R1186,B1186,True,427.0,False,1677800
400,430,R1187,B1187,True,427.0,False,1471100
400,430,R1188,B1188,True,429.0,False,1509100
400,430,R1189,B1189,True,429.0,False,1689700
400,430,R1190,B1190,True,430.0,False,1486500
400,430,R1191,B1191,True,430.0,False,1506500
400,430,R1192,B1192,True,430.0,False,1541900
420,450,R1117,B1117,False,,False,1650300
420,450,R1163,B1163,True,420.0,True,2090400
420,450,R1166,B1166,True,420.0,True,1509100
420,450,R1167,B1167,True,424.0,True,2214000
420,450,R1168,B1168,True,420.0,True,1471100
420,450,R1169,B1169,True,421.0,True,1509700
420,450,R1170,B1170,True,422.0,True,1706400
420,450,R1171,B1171,True,423.0,True,1509100
420,450,R1172,B1172,True,422.0,True,2214000
420,450,R1173,B1173,True,422.0,True,1922100
420,450,R1174,B1174,True,422.0,True,2067100
420,450,R1175,B1175,True,424.0,True,2077100
420,450,R1176,B1176,True,424.0,True,1509700
420,450,R1177,B1177,True,424.0,True,2090400
420,450,R1178,B1178,True,425.0,True,2214000
420,450,R1179,B1179,True,424.0,True,1286300
420,450,R1180,B1180,True,424.0,True,1471100
420,450,R1181,B1181,True,424.0,True,1679800
420,450,R1182,B1182,True,425.0,True,1509100
420,450,R1183,B1183,True,428.0,True,1737600
420,450,R1184,B1184,True,428.0,True,1509100
420,450,R1185,B1185,True,427.0,True,2077100
420,450,R1186,B1186,True,427.0,True,1677800
420,450,R1187,B1187,True,427.0,True,1471100
420,450,R1188,B1188,True,429.0,True,1509100
420,450,R1189,B1189,True,429.0,True,1689700
420,450,R1190,B1190,True,430.0,True,1486500
420,450,R1191,B1191,True,430.0,True,1506500
420,450,R1192,B1192,True,430.0,True,1541900
420,450,R1193,B1193,True,431.0,True,1816500
420,450,R1194,B1194,True,431.0,True,1561900
420,450,R1195,B1195,True,431.0,True,1541900
420,450,R1196,B1196,True,432.0,True,1509100
420,450,R1197,B1197,True,432.0,True,2090400
420,450,R1198,B1198,True,433.0,True,1933400
420,450,R1199,B1199,True,433.0,True,1506500
420,450,R1200,B1200,True,433.0,True,1541900
420,450,R1201,B1201,True,434.0,True,1982700
420,450,R1202,B1202,True,435.0,True,1561900
420,450,R1203,B1203,True,437.0,True,1561900
420,450,R1204,B1204,True,436.0,True,2582300
420,450,R1205,B1205,True,442.0,False,1509100
420,450,R1206,B1206,True,437.0,True,2077100
420,450,R1207,B1207,True,437.0,True,1496500
420,450,R1208,B1208,True,438.0,True,1486500
420,450,R1209,B1209,True,438.0,True,1737600
420,450,R1210,B1210,True,443.0,False,2100400
420,450,R1211,B1211,True,439.0,True,1474000
420,450,R1212,B1212,True,439.0,True,1509100
420,450,R1213,B1213,True,439.0,True,1506500
420,450,R1214,B1214,True,441.0,False,2090400
420,450,R1215,B1215,True,447.0,False,1982700
420,450,R1216,B1216,True,441.0,False,1953400
420,450,R1217,B1217,True,442.0,False,1161600
420,450,R1218,B1218,True,442.0,False,1650300
420,450,R1219,B1219,True,442.0,False,1678800
420,450,R1220,B1220,True,445.0,False,1680800
420,450,R1221,B1221,True,443.0,False,2068100
420,450,R1222,B1222,True,444.0,False,1509700
420,450,R1223,B1223,True,444.0,False,1982700
420,450,R1224,B1224,True,445.0,False,1509100
420,450,R1225,B1225,True,446.0,False,1506500
420,450,R1226,B1226,True,446.0,False,1538500
420,450,R1227,B1227,True,446.0,False,1286300
420,450,R1228,B1228,True,448.0,False,1680800
420,450,R1229,B1229,True,447.0,False,1509700
420,450,R1230,B1230,True,447.0,False,1496500
420,450,R1231,B1231,True,448.0,False,1506500
420,450,R1232,B1232,True,448.0,False,2068100
440,470,R1205,B1205,True,440.0,True,1509100
440,470,R1210,B1210,True,443.0,True,2100400
440,470,R1214,B1214,True,441.0,True,2090400
440,470,R1215,B1215,True,447.0,True,1982700
440,470,R1216,B1216,True,441.0,True,1953400
440,470,R1217,B1217,True,442.0,True,1161600
440,470,R1218,B1218,True,444.0,True,1650300
440,470,R1219,B1219,True,442.0,True,1678800
440,470,R1220,B1220,True,443.0,True,1680800
440,470,R1221,B1221,True,443.0,True,2068100
440,470,R1222,B1222,True,444.0,True,1509700
440,470,R1223,B1223,True,444.0,True,1982700
440,470,R1224,B1224,True,445.0,True,1509100
440,470,R1225,B1225,True,446.0,True,1506500
440,470,R1226,B1226,True,446.0,True,1538500
440,470,R1227,B1227,True,446.0,True,1286300
440,470,R1228,B1228,True,447.0,True,1680800
440,470,R1229,B1229,True,447.0,True,1509700
440,470,R1230,B1230,True,447.0,True,1496500
440,470,R1231,B1231,True,449.0,True,1506500
440,470,R1232,B1232,True,448.0,True,2068100
440,470,R1233,B1233,True,451.0,True,2214000
440,470,R1234,B1234,True,454.0,True,1650300
440,470,R1235,B1235,True,451.0,True,2068100
440,470,R1236,B1236,True,452.0,True,1816500
440,470,R1237,B1237,True,452.0,True,1650300
440,470,R1238,B1238,True,453.0,True,1509700
440,470,R1239,B1239,True,455.0,True,1650300
440,470,R1240,B1240,True,453.0,True,1496500
440,470,R1241,B1241,True,454.0,True,1541900
440,470,R1242,B1242,True,461.0,False,1678800
440,470,R1243,B1243,True,457.0,True,1506500
440,470,R1244,B1244,True,458.0,True,1650300
440,470,R1245,B1245,True,458.0,True,1953400
440,470,R1246,B1246,True,459.0,True,1706400
440,470,R1247,B1247,True,459.0,True,1509100
440,470,R1248,B1248,True,459.0,True,1506500
440,470,R1249,B1249,True,460.0,False,2090400
440,470,R1250,B1250,True,460.0,False,1728700
440,470,R1251,B1251,True,461.0,False,1480400
440,470,R1252,B1252,True,461.0,False,1506500
440,470,R1253,B1253,True,462.0,False,1506500
440,470,R1254,B1254,True,467.0,False,1678800
440,470,R1255,B1255,True,463.0,False,1972700
440,470,R1256,B1256,True,464.0,False,1506500
440,470,R1257,B1257,True,464.0,False,1678800
440,470,R1258,B1258,True,465.0,False,1982700
440,470,R1259,B1259,True,466.0,False,2090400
440,470,R1260,B1260,True,466.0,False,1471100
440,470,R1261,B1261,True,467.0,False,1509700
440,470,R1262,B1262,True,467.0,False,2090400
440,470,R1263,B1263,True,467.0,False,1538500
440,470,R1264,B1264,True,467.0,False,1938000
440,470,R1265,B1265,True,467.0,False,2099400
440,470,R1266,B1266,True,467.0,False,1541900
440,470,R1267,B1267,True,468.0,False,1737600
440,470,R1268,B1268,True,468.0,False,1650300
440,470,R1269,B1269,True,469.0,False,1678800
440,470,R1270,B1270,True,470.0,False,1388400
460,490,R1242,B1242,True,461.0,True,1678800
460,490,R1249,B1249,True,464.0,True,2090400
460,490,R1250,B1250,True,460.0,True,1728700
460,490,R1251,B1251,True,461.0,True,1480400
460,490,R1252,B1252,True,461.0,True,1506500
460,490,R1253,B1253,True,462.0,True,1506500
460,490,R1254,B1254,True,467.0,True,1678800
460,490,R1255,B1255,True,463.0,True,1972700
460,490,R1256,B1256,True,464.0,True,1506500
460,490,R1257,B1257,True,464.0,True,1678800
460,490,R1258,B1258,True,465.0,True,1982700
460,490,R1259,B1259,True,466.0,True,2090400
460,490,R1260,B1260,True,466.0,True,1471100
460,490,R1261,B1261,True,467.0,True,1509700
460,490,R1262,B1262,True,467.0,True,2090400
460,490,R1263,B1263,True,470.0,True,1538500
460,490,R1264,B1264,True,467.0,True,1938000
460,490,R1265,B1265,True,467.0,True,2099400
460,490,R1266,B1266,True,467.0,True,1541900
460,490,R1267,B1267,True,468.0,True,1737600
460,490,R1268,B1268,True,468.0,True,1650300
460,490,R1269,B1269,True,469.0,True,1678800
460,490,R1270,B1270,True,470.0,True,1388400
460,490,R1271,B1271,True,471.0,True,1903900
460,490,R1272,B1272,True,471.0,True,1509700
460,490,R1273,B1273,True,471.0,True,1650300
460,490,R1274,B1274,True,471.0,True,1506500
460,490,R1275,B1275,True,472.0,True,1480400
460,490,R1276,B1276,True,472.0,True,1509100
460,490,R1277,B1277,True,473.0,True,1650300
460,490,R1278,B1278,True,473.0,True,1538500
460,490,R1279,B1279,True,473.0,True,1953400
460,490,R1280,B1280,True,474.0,True,1650300
460,490,R1281,B1281,True,475.0,True,1480400
460,490,R1282,B1282,True,475.0,True,1496500
460,490,R1283,B1283,True,477.0,True,1680800
460,490,R1284,B1284,True,476.0,True,1938000
460,490,R1285,B1285,True,477.0,True,1650300
460,490,R1286,B1286,True,477.0,True,1819700
460,490,R1287,B1287,True,478.0,True,1506500
460,490,R1288,B1288,True,480.0,False,1816500
460,490,R1289,B1289,True,481.0,False,1816500
460,490,R1290,B1290,True,482.0,False,1506500
460,490,R1291,B1291,True,483.0,False,1506500
460,490,R1292,B1292,True,483.0,False,1678800
460,490,R1293,B1293,True,484.0,False,1506500
460,490,R1294,B1294,True,484.0,False,1471100
460,490,R1295,B1295,True,484.0,False,1938000
460,490,R1296,B1296,True,484.0,False,2099400
460,490,R1297,B1297,True,484.0,False,1541900
460,490,R1298,B1298,True,485.0,False,1474000
460,490,R1299,B1299,True,485.0,False,1538500
460,490,R1300,B1300,True,486.0,False,1509700
460,490,R1301,B1301,True,486.0,False,2272100
460,490,R1302,B1302,True,487.0,False,1161600
460,490,R1303,B1303,True,487.0,False,1650300
460,490,R1304,B1304,True,488.0,False,1816500
460,490,R1305,B1305,True,488.0,False,2261100
460,490,R1306,B1306,True,488.0,False,1938000
460,490,R1307,B1307,True,488.0,False,2099400
460,490,R1308,B1308,True,489.0,False,1474000
460,490,R1309,B1309,True,489.0,False,1506500
460,490,R1310,B1310,True,489.0,False,1670200
460,490,R1311,B1311,True,489.0,False,1938000
460,490,R1312,B1312,True,490.0,False,1506500
460,490,R1313,B1313,True,490.0,False,2090400
460,490,R1314,B1314,True,490.0,False,1530100
460,490,R1315,B1315,True,490.0,False,1650300
460,490,R1316,B1316,True,490.0,False,1953400
480,510,R1288,B1288,True,480.0,True,1816500
480,510,R1289,B1289,True,481.0,True,1816500
480,510,R1290,B1290,True,482.0,True,1506500
480,510,R1291,B1291,True,483.0,True,1506500
480,510,R1292,B1292,True,483.0,True,1678800
480,510,R1293,B1293,True,484.0,True,1506500
480,510,R1294,B1294,True,486.0,True,1471100
480,510,R1295,B1295,True,484.0,True,1938000
480,510,R1296,B1296,True,484.0,True,2099400
480,510,R1297,B1297,True,484.0,True,1541900
480,510,R1298,B1298,True,485.0,True,1474000
480,510,R1299,B1299,True,485.0,True,1538500
480,510,R1300,B1300,True,486.0,True,1509700
480,510,R1301,B1301,True,486.0,True,2272100
480,510,R1302,B1302,True,487.0,True,1161600
480,510,R1303,B1303,True,487.0,True,1650300
480,510,R1304,B1304,True,488.0,True,1816500
480,510,R1305,B1305,True,488.0,True,2261100
480,510,R1306,B1306,True,488.0,True,1938000
480,510,R1307,B1307,True,488.0,True,2099400
480,510,R1308,B1308,True,489.0,True,1474000
480,510,R1309,B1309,True,489.0,True,1506500
480,510,R1310,B1310,True,489.0,True,1670200
480,510,R1311,B1311,True,489.0,True,1938000
480,510,R1312,B1312,True,490.0,True,1506500
480,510,R1313,B1313,True,490.0,True,2090400
480,510,R1314,B1314,True,490.0,True,1530100
480,510,R1315,B1315,True,493.0,True,1650300
480,510,R1316,B1316,True,490.0,True,1953400
480,510,R1317,B1317,True,491.0,True,1509700
480,510,R1318,B1318,True,491.0,True,1538500
480,510,R1319,B1319,True,498.0,True,1678800
480,510,R1320,B1320,True,492.0,True,1717600
480,510,R1321,B1321,True,492.0,True,1650300
480,510,R1322,B1322,True,493.0,True,1506500
480,510,R1323,B1323,True,495.0,True,1509700
480,510,R1324,B1324,True,495.0,True,1506500
480,510,R1325,B1325,True,495.0,True,2090400
480,510,R1326,B1326,True,495.0,True,1678800
480,510,R1327,B1327,True,495.0,True,1541900
480,510,R1328,B1328,True,496.0,True,1650300
480,510,R1329,B1329,True,496.0,True,2068100
480,510,R1330,B1330,True,497.0,True,1509100
480,510,R1331,B1331,True,497.0,True,1979000
480,510,R1332,B1332,True,497.0,True,1678800
480,510,R1333,B1333,True,499.0,True,1650300
480,510,R1334,B1334,True,498.0,True,1979000
480,510,R1335,B1335,True,498.0,True,1506500
480,510,R1336,B1336,True,498.0,True,1660300
480,510,R1337,B1337,True,499.0,True,1480400
480,510,R1338,B1338,True,499.0,True,1717600
480,510,R1339,B1339,True,501.0,False,1510100
480,510,R1340,B1340,True,501.0,False,1530100
480,510,R1341,B1341,True,501.0,False,1505500
480,510,R1342,B1342,True,502.0,False,1506500
480,510,R1343,B1343,True,503.0,False,1474000
480,510,R1344,B1344,True,503.0,False,1488700
480,510,R1345,B1345,True,503.0,False,1510100
480,510,R1346,B1346,True,503.0,False,1509700
480,510,R1347,B1347,True,503.0,False,1506500
480,510,R1348,B1348,True,503.0,False,1650300
480,510,R1349,B1349,True,503.0,False,1541900
480,510,R1350,B1350,True,504.0,False,2077100
480,510,R1351,B1351,True,505.0,False,1486500
480,510,R1352,B1352,True,505.0,False,1972700
480,510,R1353,B1353,True,505.0,False,1479400
480,510,R1354,B1354,True,505.0,False,1506500
480,510,R1355,B1355,True,505.0,False,1561900
480,510,R1356,B1356,True,505.0,False,1530100
480,510,R1357,B1357,True,505.0,False,1717600
480,510,R1358,B1358,True,506.0,False,1428200
480,510,R1359,B1359,True,506.0,False,1650200
480,510,R1360,B1360,True,506.0,False,2068100
480,510,R1361,B1361,True,507.0,False,1387400
480,510,R1362,B1362,True,508.0,False,1510100
480,510,R1363,B1363,True,508.0,False,1816500
480,510,R1364,B1364,True,508.0,False,1458100
480,510,R1365,B1365,True,508.0,False,1387400
480,510,R1366,B1366,True,508.0,False,1509700
480,510,R1367,B1367,True,508.0,False,1679800
480,510,R1368,B1368,True,510.0,False,1387400
480,510,R1369,B1369,True,509.0,False,1506500
480,510,R1370,B1370,True,509.0,False,1650300
480,510,R1371,B1371,True,509.0,False,1981700
480,510,R1372,B1372,True,509.0,False,1679800
480,510,R1373,B1373,True,510.0,False,1486500
480,510,R1374,B1374,True,510.0,False,1387400
480,510,R1375,B1375,True,510.0,False,1428200
480,510,R1376,B1376,True,510.0,False,2099400
500,530,R1339,B1339,True,501.0,True,1510100
500,530,R1340,B1340,True,501.0,True,1530100
500,530,R1341,B1341,True,501.0,True,1505500
500,530,R1342,B1342,True,502.0,True,1506500
500,530,R1343,B1343,True,504.0,True,1474000
500,530,R1344,B1344,True,505.0,True,1488700
500,530,R1345,B1345,True,504.0,True,1510100
500,530,R1346,B1346,True,503.0,True,1509700
500,530,R1347,B1347,True,503.0,True,1506500
500,530,R1348,B1348,True,503.0,True,1650300
500,530,R1349,B1349,True,503.0,True,1541900
500,530,R1350,B1350,True,504.0,True,2077100
500,530,R1351,B1351,True,505.0,True,1486500
500,530,R1352,B1352,True,505.0,True,1972700
500,530,R1353,B1353,True,505.0,True,1479400
500,530,R1354,B1354,True,505.0,True,1506500
500,530,R1355,B1355,True,505.0,True,1561900
500,530,R1356,B1356,True,505.0,True,1530100
500,530,R1357,B1357,True,505.0,True,1717600
500,530,R1358,B1358,True,506.0,True,1428200
500,530,R1359,B1359,True,506.0,True,1650200
500,530,R1360,B1360,True,506.0,True,2068100
500,530,R1361,B1361,True,507.0,True,1387400
500,530,R1362,B1362,True,508.0,True,1510100
500,530,R1363,B1363,True,508.0,True,1816500
500,530,R1364,B1364,True,508.0,True,1458100
500,530,R1365,B1365,True,508.0,True,1387400
500,530,R1366,B1366,True,508.0,True,1509700
500,530,R1367,B1367,True,512.0,True,1679800
500,530,R1368,B1368,True,510.0,True,1387400
500,530,R1369,B1369,True,509.0,True,1506500
500,530,R1370,B1370,True,514.0,True,1650300
500,530,R1371,B1371,True,509.0,True,1981700
500,530,R1372,B1372,True,509.0,True,1679800
500,530,R1373,B1373,True,510.0,True,1486500
500,530,R1374,B1374,True,511.0,True,1387400
500,530,R1375,B1375,True,510.0,True,1428200
500,530,R1376,B1376,True,510.0,True,2099400
500,530,R1377,B1377,True,511.0,True,1438100
500,530,R1378,B1378,True,511.0,True,1972700
500,530,R1379,B1379,True,511.0,True,1387400
500,530,R1380,B1380,True,511.0,True,2077100
500,530,R1381,B1381,True,511.0,True,1509700
500,530,R1382,B1382,True,512.0,True,1474000
500,530,R1383,B1383,True,512.0,True,1486500
500,530,R1384,B1384,True,512.0,True,1510100
500,530,R1385,B1385,True,512.0,True,1428200
500,530,R1386,B1386,True,512.0,True,1505500
500,530,R1387,B1387,True,512.0,True,1471100
500,530,R1388,B1388,True,512.0,True,1679800
500,530,R1389,B1389,True,513.0,True,1486500
500,530,R1390,B1390,True,514.0,True,2272100
500,530,R1391,B1391,True,514.0,True,1510100
500,530,R1392,B1392,True,514.0,True,2077100
500,530,R1393,B1393,True,514.0,True,1670200
500,530,R1394,B1394,True,514.0,True,1496500
500,530,R1395,B1395,True,514.0,True,1981700
500,530,R1396,B1396,True,515.0,True,1486500
500,530,R1397,B1397,True,515.0,True,1479400
500,530,R1398,B1398,True,515.0,True,2090400
500,530,R1399,B1399,True,516.0,True,1474000
500,530,R1400,B1400,True,517.0,True,1510100
500,530,R1401,B1401,True,516.0,True,1387400
500,530,R1402,B1402,True,518.0,True,2090400
500,530,R1403,B1403,True,517.0,True,1496500
500,530,R1404,B1404,True,516.0,True,1505500
500,530,R1405,B1405,True,516.0,True,2582300
500,530,R1406,B1406,True,517.0,True,1428200
500,530,R1407,B1407,True,517.0,True,1506500
500,530,R1408,B1408,True,517.0,True,1505500
500,530,R1409,B1409,True,518.0,True,1474000
500,530,R1410,B1410,True,518.0,True,1161600
500,530,R1411,B1411,True,518.0,True,1428200
500,530,R1412,B1412,True,518.0,True,2077100
500,530,R1413,B1413,True,518.0,True,1650300
500,530,R1414,B1414,True,519.0,True,1387400
500,530,R1415,B1415,True,519.0,True,2214000
500,530,R1416,B1416,True,521.0,False,1650300
500,530,R1417,B1417,True,520.0,False,1479400
500,530,R1418,B1418,True,520.0,False,1474000
500,530,R1419,B1419,True,520.0,False,1816500
500,530,R1420,B1420,True,520.0,False,1387400
500,530,R1421,B1421,True,520.0,False,1506500
500,530,R1422,B1422,True,520.0,False,1650300
500,530,R1423,B1423,True,521.0,False,1479400
500,530,R1424,B1424,True,521.0,False,1680800
500,530,R1425,B1425,True,521.0,False,1561900
500,530,R1426,B1426,True,522.0,False,1486500
500,530,R1427,B1427,True,522.0,False,1510100
500,530,R1428,B1428,True,522.0,False,1506500
500,530,R1429,B1429,True,522.0,False,2090400
500,530,R1430,B1430,True,522.0,False,1561900
500,530,R1431,B1431,True,524.0,False,2262100
500,530,R1432,B1432,True,523.0,False,1474000
500,530,R1433,B1433,True,523.0,False,1509700
500,530,R1434,B1434,True,523.0,False,1506500
500,530,R1435,B1435,True,523.0,False,1650300
500,530,R1436,B1436,True,530.0,False,1972700
500,530,R1437,B1437,True,524.0,False,1479400
500,530,R1438,B1438,True,524.0,False,1496500
500,530,R1439,B1439,True,525.0,False,1486500
500,530,R1440,B1440,True,525.0,False,1509700
500,530,R1441,B1441,True,525.0,False,2214000
500,530,R1442,B1442,True,525.0,False,1496500
500,530,R1443,B1443,True,526.0,False,1486500
500,530,R1444,B1444,True,526.0,False,1510100
500,530,R1445,B1445,True,526.0,False,1387400
500,530,R1446,B1446,True,526.0,False,1428200
500,530,R1447,B1447,True,526.0,False,2077100
500,530,R1448,B1448,True,526.0,False,1506500
500,530,R1449,B1449,True,530.0,False,1679800
500,530,R1450,B1450,True,527.0,False,1972700
500,530,R1451,B1451,True,527.0,False,1510100
500,530,R1452,B1452,True,527.0,False,2077100
500,530,R1453,B1453,True,527.0,False,2262100
500,530,R1454,B1454,True,527.0,False,1679800
500,530,R1455,B1455,True,528.0,False,1505500
500,530,R1456,B1456,True,528.0,False,1981700
500,530,R1457,B1457,True,529.0,False,1486500
500,530,R1458,B1458,True,530.0,False,1510100
500,530,R1459,B1459,True,529.0,False,1428200
500,530,R1460,B1460,True,529.0,False,1509700
500,530,R1461,B1461,True,529.0,False,1506500
500,530,R1462,B1462,True,529.0,False,2090400
500,530,R1463,B1463,True,529.0,False,1505500
500,530,R1464,B1464,True,529.0,False,1679800
500,530,R1465,B1465,True,529.0,False,1541900
500,530,R1466,B1466,True,529.0,False,1286300
500,530,R1467,B1467,True,530.0,False,1479400
500,530,R1468,B1468,True,530.0,False,1509700
520,550,R1416,B1416,True,520.0,True,1650300
520,550,R1417,B1417,True,520.0,True,1479400
520,550,R1418,B1418,True,523.0,True,1474000
520,550,R1419,B1419,True,520.0,True,1816500
520,550,R1420,B1420,True,520.0,True,1387400
520,550,R1421,B1421,True,520.0,True,1506500
520,550,R1422,B1422,False,,False,1650300
520,550,R1423,B1423,True,523.0,True,1479400
520,550,R1424,B1424,True,521.0,True,1680800
520,550,R1425,B1425,True,521.0,True,1561900
520,550,R1426,B1426,True,522.0,True,1486500
520,550,R1427,B1427,True,522.0,True,1510100
520,550,R1428,B1428,True,522.0,True,1506500
520,550,R1429,B1429,True,526.0,True,2090400
520,550,R1430,B1430,True,522.0,True,1561900
520,550,R1431,B1431,True,524.0,True,2262100
520,550,R1432,B1432,True,523.0,True,1474000
520,550,R1433,B1433,True,523.0,True,1509700
520,550,R1434,B1434,True,523.0,True,1506500
520,550,R1435,B1435,True,523.0,True,1650300
520,550,R1436,B1436,True,530.0,True,1972700
520,550,R1437,B1437,True,524.0,True,1479400
520,550,R1438,B1438,True,524.0,True,1496500
520,550,R1439,B1439,True,525.0,True,1486500
520,550,R1440,B1440,True,525.0,True,1509700
520,550,R1441,B1441,True,527.0,True,2214000
520,550,R1442,B1442,True,529.0,True,1496500
520,550,R1443,B1443,True,526.0,True,1486500
520,550,R1444,B1444,True,526.0,True,1510100
520,550,R1445,B1445,True,526.0,True,1387400
520,550,R1446,B1446,True,528.0,True,1428200
520,550,R1447,B1447,True,526.0,True,2077100
520,550,R1448,B1448,True,526.0,True,1506500
520,550,R1449,B1449,True,530.0,True,1679800
520,550,R1450,B1450,True,527.0,True,1972700
520,550,R1451,B1451,True,527.0,True,1510100
520,550,R1452,B1452,True,527.0,True,2077100
520,550,R1453,B1453,True,527.0,True,2262100
520,550,R1454,B1454,True,527.0,True,1679800
520,550,R1455,B1455,True,528.0,True,1505500
520,550,R1456,B1456,True,534.0,True,1981700
520,550,R1457,B1457,True,529.0,True,1486500
520,550,R1458,B1458,True,530.0,True,1510100
520,550,R1459,B1459,True,531.0,True,1428200
520,550,R1460,B1460,True,530.0,True,1509700
520,550,R1461,B1461,True,529.0,True,1506500
520,550,R1462,B1462,True,529.0,True,2090400
520,550,R1463,B1463,True,529.0,True,1505500
520,550,R1464,B1464,True,534.0,True,1679800
520,550,R1465,B1465,True,529.0,True,1541900
520,550,R1466,B1466,True,529.0,True,1286300
520,550,R1467,B1467,True,530.0,True,1479400
520,550,R1468,B1468,True,530.0,True,1509700
520,550,R1469,B1469,True,531.0,True,1972700
520,550,R1470,B1470,True,531.0,True,1816500
520,550,R1471,B1471,True,531.0,True,1428200
520,550,R1472,B1472,True,532.0,True,1660300
520,550,R1473,B1473,True,531.0,True,1471100
520,550,R1474,B1474,True,531.0,True,1981700
520,550,R1475,B1475,True,531.0,True,1679800
520,550,R1476,B1476,True,532.0,True,1541900
520,550,R1477,B1477,True,532.0,True,1486500
520,550,R1478,B1478,True,532.0,True,1510100
520,550,R1479,B1479,True,535.0,True,1561900
520,550,R1480,B1480,True,533.0,True,1474000
520,550,R1481,B1481,True,533.0,True,1509700
520,550,R1482,B1482,True,533.0,True,1506500
520,550,R1483,B1483,True,538.0,True,1981700
520,550,R1484,B1484,True,533.0,True,1541900
520,550,R1485,B1485,True,535.0,True,1486500
520,550,R1486,B1486,True,534.0,True,1509700
520,550,R1487,B1487,True,534.0,True,1650300
520,550,R1488,B1488,True,534.0,True,1496500
520,550,R1489,B1489,True,534.0,True,1716400
520,550,R1490,B1490,True,535.0,True,1486500
520,550,R1491,B1491,True,535.0,True,1479400
520,550,R1492,B1492,True,537.0,True,1650300
520,550,R1493,B1493,True,536.0,True,1428200
520,550,R1494,B1494,True,537.0,True,1488700
520,550,R1495,B1495,True,537.0,True,1428200
520,550,R1496,B1496,True,541.0,False,2524300
520,550,R1497,B1497,True,538.0,True,1479400
520,550,R1498,B1498,True,538.0,True,1816500
520,550,R1499,B1499,True,538.0,True,1387400
520,550,R1500,B1500,True,540.0,False,1428200
520,550,R1501,B1501,True,538.0,True,1736600
520,550,R1502,B1502,True,539.0,True,1972700
520,550,R1503,B1503,True,539.0,True,1428200
520,550,R1504,B1504,True,539.0,True,1506500
520,550,R1505,B1505,True,539.0,True,2090400
520,550,R1506,B1506,True,543.0,False,1679800
520,550,R1507,B1507,True,539.0,True,1541900
520,550,R1508,B1508,True,540.0,False,2077100
520,550,R1509,B1509,True,542.0,False,1506500
520,550,R1510,B1510,True,540.0,False,1679800
520,550,R1511,B1511,True,541.0,False,1479400
520,550,R1512,B1512,True,541.0,False,1816500
520,550,R1513,B1513,True,541.0,False,1458100
520,550,R1514,B1514,True,542.0,False,1428200
520,550,R1515,B1515,True,541.0,False,1509700
520,550,R1516,B1516,True,541.0,False,1506500
520,550,R1517,B1517,True,542.0,False,1438100
520,550,R1518,B1518,True,542.0,False,1486500
520,550,R1519,B1519,True,542.0,False,1509700
520,550,R1520,B1520,True,542.0,False,1506500
520,550,R1521,B1521,True,542.0,False,2214000
520,550,R1522,B1522,True,542.0,False,2099400
520,550,R1523,B1523,True,543.0,False,1387400
520,550,R1524,B1524,True,544.0,False,1650300
520,550,R1525,B1525,True,544.0,False,1506500
520,550,R1526,B1526,True,546.0,False,2090400
520,550,R1527,B1527,True,544.0,False,1561900
520,550,R1528,B1528,True,544.0,False,1717600
520,550,R1529,B1529,True,545.0,False,1510100
520,550,R1530,B1530,True,545.0,False,1428200
520,550,R1531,B1531,True,546.0,False,1486500
520,550,R1532,B1532,True,546.0,False,1510100
520,550,R1533,B1533,True,546.0,False,2214000
520,550,R1534,B1534,True,547.0,False,1474000
520,550,R1535,B1535,True,547.0,False,1438100
520,550,R1536,B1536,True,547.0,False,1510100
520,550,R1537,B1537,True,547.0,False,1506500
520,550,R1538,B1538,True,547.0,False,1496500
520,550,R1539,B1539,True,547.0,False,1505500
520,550,R1540,B1540,True,548.0,False,1474000
520,550,R1541,B1541,True,548.0,False,1458100
520,550,R1542,B1542,True,548.0,False,1781900
520,550,R1543,B1543,True,550.0,False,1474000
520,550,R1544,B1544,True,549.0,False,1486500
520,550,R1545,B1545,True,549.0,False,1506500
520,550,R1546,B1546,True,550.0,False,1474000
520,550,R1547,B1547,True,550.0,False,1387400
520,550,R1548,B1548,True,550.0,False,1428200
520,550,R1549,B1549,True,550.0,False,1509700
520,550,R1550,B1550,True,550.0,False,2524300
540,570,R1496,B1496,True,541.0,True,2524300
540,570,R1500,B1500,True,540.0,True,1428200
540,570,R1506,B1506,True,543.0,True,1679800
540,570,R1508,B1508,True,540.0,True,2077100
540,570,R1509,B1509,True,540.0,True,1506500
540,570,R1510,B1510,True,540.0,True,1679800
540,570,R1511,B1511,True,541.0,True,1479400
540,570,R1512,B1512,True,542.0,True,1816500
540,570,R1513,B1513,True,541.0,True,1458100
540,570,R1514,B1514,True,543.0,True,1428200
540,570,R1515,B1515,True,541.0,True,1509700
540,570,R1516,B1516,True,544.0,True,1506500
540,570,R1517,B1517,True,542.0,True,1438100
540,570,R1518,B1518,True,542.0,True,1486500
540,570,R1519,B1519,True,544.0,True,1509700
540,570,R1520,B1520,True,544.0,True,1506500
540,570,R1521,B1521,True,542.0,True,2214000
540,570,R1522,B1522,True,547.0,True,2099400
540,570,R1523,B1523,True,543.0,True,1387400
540,570,R1524,B1524,True,543.0,True,1650300
540,570,R1525,B1525,True,546.0,True,1506500
540,570,R1526,B1526,True,544.0,True,2090400
540,570,R1527,B1527,True,544.0,True,1561900
540,570,R1528,B1528,True,544.0,True,1717600
540,570,R1529,B1529,True,545.0,True,1510100
540,570,R1530,B1530,True,545.0,True,1428200
540,570,R1531,B1531,True,546.0,True,1486500
540,570,R1532,B1532,True,548.0,True,1510100
540,570,R1533,B1533,True,546.0,True,2214000
540,570,R1534,B1534,True,547.0,True,1474000
540,570,R1535,B1535,True,547.0,True,1438100
540,570,R1536,B1536,True,547.0,True,1510100
540,570,R1537,B1537,True,547.0,True,1506500
540,570,R1538,B1538,True,547.0,True,1496500
540,570,R1539,B1539,True,547.0,True,1505500
540,570,R1540,B1540,True,550.0,True,1474000
540,570,R1541,B1541,True,548.0,True,1458100
540,570,R1542,B1542,True,553.0,True,1781900
540,570,R1543,B1543,True,550.0,True,1474000
540,570,R1544,B1544,True,549.0,True,1486500
540,570,R1545,B1545,True,551.0,True,1506500
540,570,R1546,B1546,True,550.0,True,1474000
540,570,R1547,B1547,True,550.0,True,1387400
540,570,R1548,B1548,True,550.0,True,1428200
540,570,R1549,B1549,True,553.0,True,1509700
540,570,R1550,B1550,True,550.0,True,2524300
540,570,R1551,B1551,True,552.0,True,1486500
540,570,R1552,B1552,True,551.0,True,1506500
540,570,R1553,B1553,True,552.0,True,1510100
540,570,R1554,B1554,True,552.0,True,2214000
540,570,R1555,B1555,True,552.0,True,1161600
540,570,R1556,B1556,True,552.0,True,1471100
540,570,R1557,B1557,True,558.0,True,1981700
540,570,R1558,B1558,True,553.0,True,1387400
540,570,R1559,B1559,True,553.0,True,1736600
540,570,R1560,B1560,True,553.0,True,2077100
540,570,R1561,B1561,True,553.0,True,1650300
540,570,R1562,B1562,True,553.0,True,1505500
540,570,R1563,B1563,True,554.0,True,1474000
540,570,R1564,B1564,True,554.0,True,1479400
540,570,R1565,B1565,True,558.0,True,1428200
540,570,R1566,B1566,True,555.0,True,1486500
540,570,R1567,B1567,True,555.0,True,1510100
540,570,R1568,B1568,True,555.0,True,2090400
540,570,R1569,B1569,True,556.0,True,1505500
540,570,R1570,B1570,True,555.0,True,1981700
540,570,R1571,B1571,True,559.0,True,1679800
540,570,R1572,B1572,True,555.0,True,1541900
540,570,R1573,B1573,True,556.0,True,2077100
540,570,R1574,B1574,True,561.0,False,2099400
540,570,R1575,B1575,True,556.0,True,1679800
540,570,R1576,B1576,True,559.0,True,1706400
540,570,R1577,B1577,True,557.0,True,1387400
540,570,R1578,B1578,True,557.0,True,1509700
540,570,R1579,B1579,True,557.0,True,1650300
540,570,R1580,B1580,True,558.0,True,1474000
540,570,R1581,B1581,True,558.0,True,1428200
540,570,R1582,B1582,True,558.0,True,2099400
540,570,R1583,B1583,True,559.0,True,1488700
540,570,R1584,B1584,True,559.0,True,1509700
540,570,R1585,B1585,True,560.0,False,1506500
540,570,R1586,B1586,True,559.0,True,1650300
540,570,R1587,B1587,True,560.0,False,1480400
540,570,R1588,B1588,True,560.0,False,1510100
540,570,R1589,B1589,True,560.0,False,1428200
540,570,R1590,B1590,True,560.0,False,1506500
540,570,R1591,B1591,True,560.0,False,1670200
540,570,R1592,B1592,True,560.0,False,1650300
540,570,R1593,B1593,True,560.0,False,1506500
540,570,R1594,B1594,True,563.0,False,1428200
540,570,R1595,B1595,True,561.0,False,1509700
540,570,R1596,B1596,True,561.0,False,1160600
540,570,R1597,B1597,True,561.0,False,1496500
540,570,R1598,B1598,True,562.0,False,1438100
540,570,R1599,B1599,True,562.0,False,1161600
540,570,R1600,B1600,True,562.0,False,1458100
540,570,R1601,B1601,True,562.0,False,1496500
540,570,R1602,B1602,True,563.0,False,1509700
540,570,R1603,B1603,True,563.0,False,1506500
540,570,R1604,B1604,True,563.0,False,1650300
540,570,R1605,B1605,True,564.0,False,1428200
540,570,R1606,B1606,True,564.0,False,1509700
540,570,R1607,B1607,True,564.0,False,1506500
540,570,R1608,B1608,True,564.0,False,2090400
540,570,R1609,B1609,True,564.0,False,1650300
540,570,R1610,B1610,True,564.0,False,2099400
540,570,R1611,B1611,True,564.0,False,1678800
540,570,R1612,B1612,True,568.0,False,1509700
540,570,R1613,B1613,True,565.0,False,2090400
540,570,R1614,B1614,True,567.0,False,2099400
540,570,R1615,B1615,True,566.0,False,1474000
540,570,R1616,B1616,True,566.0,False,1510100
540,570,R1617,B1617,True,566.0,False,1650300
540,570,R1618,B1618,True,567.0,False,1816500
540,570,R1619,B1619,True,567.0,False,2090400
540,570,R1620,B1620,True,567.0,False,1716600
540,570,R1621,B1621,True,569.0,False,1650300
540,570,R1622,B1622,True,568.0,False,1480400
540,570,R1623,B1623,True,568.0,False,1428200
540,570,R1624,B1624,True,568.0,False,1387400
540,570,R1625,B1625,True,568.0,False,1506500
540,570,R1626,B1626,True,568.0,False,2090400
540,570,R1627,B1627,True,568.0,False,1650200
540,570,R1628,B1628,True,568.0,False,2582300
540,570,R1629,B1629,True,569.0,False,1506500
540,570,R1630,B1630,True,569.0,False,1678800
540,570,R1631,B1631,True,570.0,False,1428200
540,570,R1632,B1632,True,570.0,False,2262100
540,570,R1633,B1633,True,570.0,False,1506500
540,570,R1634,B1634,True,570.0,False,2099400
540,570,R1635,B1635,True,570.0,False,2582300
560,590,R1574,B1574,True,560.0,True,2099400
560,590,R1585,B1585,False,,False,1506500
560,590,R1587,B1587,True,560.0,True,1480400
560,590,R1588,B1588,True,560.0,True,1510100
560,590,R1589,B1589,True,560.0,True,1428200
560,590,R1590,B1590,False,,False,1506500
560,590,R1591,B1591,True,560.0,True,1670200
560,590,R1592,B1592,True,560.0,True,1650300
560,590,R1593,B1593,True,560.0,True,1506500
560,590,R1594,B1594,True,563.0,True,1428200
560,590,R1595,B1595,True,561.0,True,1509700
560,590,R1596,B1596,True,561.0,True,1160600
560,590,R1597,B1597,True,564.0,True,1496500
560,590,R1598,B1598,True,562.0,True,1438100
560,590,R1599,B1599,True,562.0,True,1161600
560,590,R1600,B1600,True,562.0,True,1458100
560,590,R1601,B1601,True,562.0,True,1496500
560,590,R1602,B1602,True,563.0,True,1509700
560,590,R1603,B1603,True,564.0,True,1506500
560,590,R1604,B1604,True,563.0,True,1650300
560,590,R1605,B1605,True,564.0,True,1428200
560,590,R1606,B1606,True,564.0,True,1509700
560,590,R1607,B1607,True,567.0,True,1506500
560,590,R1608,B1608,True,564.0,True,2090400
560,590,R1609,B1609,True,567.0,True,1650300
560,590,R1610,B1610,True,566.0,True,2099400
560,590,R1611,B1611,True,564.0,True,1678800
560,590,R1612,B1612,True,565.0,True,1509700
560,590,R1613,B1613,True,565.0,True,2090400
560,590,R1614,B1614,True,565.0,True,2099400
560,590,R1615,B1615,True,566.0,True,1474000
560,590,R1616,B1616,True,566.0,True,1510100
560,590,R1617,B1617,True,567.0,True,1650300
560,590,R1618,B1618,True,567.0,True,1816500
560,590,R1619,B1619,True,567.0,True,2090400
560,590,R1620,B1620,True,569.0,True,1716600
560,590,R1621,B1621,True,567.0,True,1650300
560,590,R1622,B1622,True,568.0,True,1480400
560,590,R1623,B1623,True,568.0,True,1428200
560,590,R1624,B1624,True,572.0,True,1387400
560,590,R1625,B1625,True,569.0,True,1506500
560,590,R1626,B1626,True,568.0,True,2090400
560,590,R1627,B1627,True,568.0,True,1650200
560,590,R1628,B1628,True,573.0,True,2582300
560,590,R1629,B1629,True,570.0,True,1506500
560,590,R1630,B1630,True,569.0,True,1678800
560,590,R1631,B1631,True,571.0,True,1428200
560,590,R1632,B1632,True,570.0,True,2262100
560,590,R1633,B1633,True,570.0,True,1506500
560,590,R1634,B1634,True,570.0,True,2099400
560,590,R1635,B1635,True,570.0,True,2582300
560,590,R1636,B1636,True,571.0,True,1510100
560,590,R1637,B1637,True,571.0,True,1561900
560,590,R1638,B1638,True,571.0,True,2099400
560,590,R1639,B1639,True,571.0,True,2582300
560,590,R1640,B1640,True,571.0,True,1678800
560,590,R1641,B1641,True,572.0,True,1438100
560,590,R1642,B1642,True,572.0,True,1486500
560,590,R1643,B1643,True,573.0,True,1506500
560,590,R1644,B1644,True,572.0,True,1506500
560,590,R1645,B1645,True,573.0,True,1474000
560,590,R1646,B1646,True,573.0,True,1530100
560,590,R1647,B1647,True,574.0,True,1510100
560,590,R1648,B1648,True,574.0,True,1428200
560,590,R1649,B1649,True,574.0,True,1509700
560,590,R1650,B1650,True,574.0,True,1978000
560,590,R1651,B1651,True,574.0,True,2272100
560,590,R1652,B1652,True,576.0,True,1474000
560,590,R1653,B1653,True,575.0,True,2090400
560,590,R1654,B1654,True,576.0,True,1530100
560,590,R1655,B1655,True,576.0,True,1736600
560,590,R1656,B1656,True,576.0,True,1387400
560,590,R1657,B1657,True,577.0,True,1489700
560,590,R1658,B1658,True,577.0,True,1678800
560,590,R1659,B1659,True,578.0,True,1474000
560,590,R1660,B1660,True,581.0,False,1506500
560,590,R1661,B1661,True,578.0,True,1650300
560,590,R1662,B1662,True,578.0,True,1506500
560,590,R1663,B1663,True,578.0,True,1678800
560,590,R1664,B1664,True,583.0,False,1458100
560,590,R1665,B1665,True,580.0,False,1509700
560,590,R1666,B1666,True,581.0,False,1650300
560,590,R1667,B1667,True,579.0,True,1496500
560,590,R1668,B1668,True,579.0,True,1506500
560,590,R1669,B1669,True,580.0,False,1510100
560,590,R1670,B1670,True,580.0,False,1428200
560,590,R1671,B1671,True,580.0,False,1506500
560,590,R1672,B1672,True,583.0,False,1510100
560,590,R1673,B1673,True,581.0,False,2522300
560,590,R1674,B1674,True,582.0,False,1650300
560,590,R1675,B1675,True,583.0,False,1428200
560,590,R1676,B1676,True,583.0,False,1736600
560,590,R1677,B1677,True,585.0,False,1509700
560,590,R1678,B1678,True,584.0,False,2099400
560,590,R1679,B1679,True,584.0,False,1678800
560,590,R1680,B1680,True,585.0,False,1387400
560,590,R1681,B1681,True,585.0,False,2078100
560,590,R1682,B1682,True,585.0,False,1506500
560,590,R1683,B1683,True,585.0,False,1506500
560,590,R1684,B1684,True,585.0,False,1728700
560,590,R1685,B1685,True,586.0,False,1428200
560,590,R1686,B1686,True,586.0,False,1428200
560,590,R1687,B1687,True,586.0,False,1650300
560,590,R1688,B1688,True,586.0,False,1953400
560,590,R1689,B1689,True,588.0,False,1387400
560,590,R1690,B1690,True,589.0,False,1428200
560,590,R1691,B1691,True,587.0,False,1650300
560,590,R1692,B1692,True,587.0,False,2067100
560,590,R1693,B1693,True,588.0,False,1816500
560,590,R1694,B1694,True,588.0,False,1387400
560,590,R1695,B1695,True,588.0,False,1506500
560,590,R1696,B1696,True,588.0,False,1716600
560,590,R1697,B1697,True,589.0,False,1650300
560,590,R1698,B1698,True,588.0,False,1923100
560,590,R1699,B1699,True,589.0,False,1458100
560,590,R1700,B1700,True,590.0,False,1387400
560,590,R1701,B1701,True,589.0,False,1387400
560,590,R1702,B1702,True,589.0,False,1506500
560,590,R1703,B1703,True,590.0,False,1650300
560,590,R1704,B1704,True,589.0,False,1506500
560,590,R1705,B1705,True,590.0,False,1387400
560,590,R1706,B1706,True,590.0,False,1506500
560,590,R1707,B1707,True,590.0,False,1650200
560,590,R1708,B1708,True,590.0,False,1541900
580,610,R1660,B1660,True,581.0,True,1506500
580,610,R1664,B1664,True,580.0,True,1458100
580,610,R1665,B1665,True,580.0,True,1509700
580,610,R1666,B1666,True,580.0,True,1650300
580,610,R1669,B1669,True,580.0,True,1510100
580,610,R1670,B1670,True,584.0,True,1428200
580,610,R1671,B1671,False,,False,1506500
580,610,R1672,B1672,True,583.0,True,1510100
580,610,R1673,B1673,True,581.0,True,2522300
580,610,R1674,B1674,True,583.0,True,1650300
580,610,R1675,B1675,True,583.0,True,1428200
580,610,R1676,B1676,True,583.0,True,1736600
580,610,R1677,B1677,True,586.0,True,1509700
580,610,R1678,B1678,True,584.0,True,2099400
580,610,R1679,B1679,True,589.0,True,1678800
580,610,R1680,B1680,True,585.0,True,1387400
580,610,R1681,B1681,True,585.0,True,2078100
580,610,R1682,B1682,True,585.0,True,1506500
580,610,R1683,B1683,True,585.0,True,1506500
580,610,R1684,B1684,True,585.0,True,1728700
580,610,R1685,B1685,True,586.0,True,1428200
580,610,R1686,B1686,True,586.0,True,1428200
580,610,R1687,B1687,True,587.0,True,1650300
580,610,R1688,B1688,True,586.0,True,1953400
580,610,R1689,B1689,True,588.0,True,1387400
580,610,R1690,B1690,True,589.0,True,1428200
580,610,R1691,B1691,True,587.0,True,1650300
580,610,R1692,B1692,True,587.0,True,2067100
580,610,R1693,B1693,True,588.0,True,1816500
580,610,R1694,B1694,True,588.0,True,1387400
580,610,R1695,B1695,True,588.0,True,1506500
580,610,R1696,B1696,True,592.0,True,1716600
580,610,R1697,B1697,True,588.0,True,1650300
580,610,R1698,B1698,True,588.0,True,1923100
580,610,R1699,B1699,True,589.0,True,1458100
580,610,R1700,B1700,True,589.0,True,1387400
580,610,R1701,B1701,True,589.0,True,1387400
580,610,R1702,B1702,True,592.0,True,1506500
580,610,R1703,B1703,True,590.0,True,1650300
580,610,R1704,B1704,True,589.0,True,1506500
580,610,R1705,B1705,True,590.0,True,1387400
580,610,R1706,B1706,True,590.0,True,1506500
580,610,R1707,B1707,True,590.0,True,1650200
580,610,R1708,B1708,True,590.0,True,1541900
580,610,R1709,B1709,True,591.0,True,1474000
580,610,R1710,B1710,True,592.0,True,1428200
580,610,R1711,B1711,True,591.0,True,2090400
580,610,R1712,B1712,True,591.0,True,2214000
580,610,R1713,B1713,True,591.0,True,1650300
580,610,R1714,B1714,True,591.0,True,1496500
580,610,R1715,B1715,True,595.0,True,1678800
580,610,R1716,B1716,True,592.0,True,1506500
580,610,R1717,B1717,True,593.0,True,1650200
580,610,R1718,B1718,True,596.0,True,2099400
580,610,R1719,B1719,True,592.0,True,1678800
580,610,R1720,B1720,True,594.0,True,1474000
580,610,R1721,B1721,True,593.0,True,1474000
580,610,R1722,B1722,True,593.0,True,1428200
580,610,R1723,B1723,True,593.0,True,1506500
580,610,R1724,B1724,True,593.0,True,2099400
580,610,R1725,B1725,True,593.0,True,1541900
580,610,R1726,B1726,True,596.0,True,2522300
580,610,R1727,B1727,True,594.0,True,1438100
580,610,R1728,B1728,True,594.0,True,1972700
580,610,R1729,B1729,True,594.0,True,1716600
580,610,R1730,B1730,True,594.0,True,1650300
580,610,R1731,B1731,True,594.0,True,1537500
580,610,R1732,B1732,True,599.0,True,1678800
580,610,R1733,B1733,True,596.0,True,1474000
580,610,R1734,B1734,True,595.0,True,1510100
580,610,R1735,B1735,True,595.0,True,2078100
580,610,R1736,B1736,True,595.0,True,1506500
580,610,R1737,B1737,True,595.0,True,1678600
580,610,R1738,B1738,True,595.0,True,1953400
580,610,R1739,B1739,True,596.0,True,1506500
580,610,R1740,B1740,True,596.0,True,1678800
580,610,R1741,B1741,True,597.0,True,1428200
580,610,R1742,B1742,True,598.0,True,1387400
580,610,R1743,B1743,True,598.0,True,1506500
580,610,R1744,B1744,True,597.0,True,2090400
580,610,R1745,B1745,True,597.0,True,2099400
580,610,R1746,B1746,True,599.0,True,1387400
580,610,R1747,B1747,True,598.0,True,1506500
580,610,R1748,B1748,True,598.0,True,1670200
580,610,R1749,B1749,True,598.0,True,1953400
580,610,R1750,B1750,True,598.0,True,1541900
580,610,R1751,B1751,True,599.0,True,1480400
580,610,R1752,B1752,True,599.0,True,1510100
580,610,R1753,B1753,True,600.0,False,1972700
580,610,R1754,B1754,True,600.0,False,1509700
580,610,R1755,B1755,True,600.0,False,1981700
580,610,R1756,B1756,True,605.0,False,2099400
580,610,R1757,B1757,True,601.0,False,1438100
580,610,R1758,B1758,True,601.0,False,1903900
580,610,R1759,B1759,True,601.0,False,2090400
580,610,R1760,B1760,True,601.0,False,1953400
580,610,R1761,B1761,True,601.0,False,1678800
580,610,R1762,B1762,True,602.0,False,1816500
580,610,R1763,B1763,True,602.0,False,1387400
580,610,R1764,B1764,True,602.0,False,2090400
580,610,R1765,B1765,True,602.0,False,1716600
580,610,R1766,B1766,True,602.0,False,1953400
580,610,R1767,B1767,True,602.0,False,2099400
580,610,R1768,B1768,True,606.0,False,2522300
580,610,R1769,B1769,True,603.0,False,1510100
580,610,R1770,B1770,True,603.0,False,2078100
580,610,R1771,B1771,True,603.0,False,2090400
580,610,R1772,B1772,True,603.0,False,1650300
580,610,R1773,B1773,True,603.0,False,1506500
580,610,R1774,B1774,True,604.0,False,1489700
580,610,R1775,B1775,True,604.0,False,1510100
580,610,R1776,B1776,True,605.0,False,1428200
580,610,R1777,B1777,True,604.0,False,1838700
580,610,R1778,B1778,True,605.0,False,1509700
580,610,R1779,B1779,True,605.0,False,1953400
580,610,R1780,B1780,True,605.0,False,2099400
580,610,R1781,B1781,True,607.0,False,1510100
580,610,R1782,B1782,True,606.0,False,1506500
580,610,R1783,B1783,True,606.0,False,1953400
580,610,R1784,B1784,True,607.0,False,1474000
580,610,R1785,B1785,True,607.0,False,1510100
580,610,R1786,B1786,True,610.0,False,1387400
580,610,R1787,B1787,True,608.0,False,1428200
580,610,R1788,B1788,True,607.0,False,1678800
580,610,R1789,B1789,True,607.0,False,1506500
580,610,R1790,B1790,True,607.0,False,1160600
580,610,R1791,B1791,True,607.0,False,1537500
580,610,R1792,B1792,True,607.0,False,1541900
580,610,R1793,B1793,True,608.0,False,1496500
580,610,R1794,B1794,True,608.0,False,1506500
580,610,R1795,B1795,True,608.0,False,1660300
580,610,R1796,B1796,True,609.0,False,1816500
580,610,R1797,B1797,True,609.0,False,1506500
580,610,R1798,B1798,True,610.0,False,1428200
580,610,R1799,B1799,True,610.0,False,1506500
580,610,R1800,B1800,True,610.0,False,1561900
580,610,R1801,B1801,True,610.0,False,1506500
580,610,R1802,B1802,True,610.0,False,1650200
600,630,R1753,B1753,True,604.0,True,1972700
600,630,R1754,B1754,True,603.0,True,1509700
600,630,R1755,B1755,True,600.0,True,1981700
600,630,R1756,B1756,True,606.0,True,2099400
600,630,R1757,B1757,True,601.0,True,1438100
600,630,R1758,B1758,True,601.0,True,1903900
600,630,R1759,B1759,True,601.0,True,2090400
600,630,R1760,B1760,True,601.0,True,1953400
600,630,R1761,B1761,True,601.0,True,1678800
600,630,R1762,B1762,True,602.0,True,1816500
600,630,R1763,B1763,True,602.0,True,1387400
600,630,R1764,B1764,True,604.0,True,2090400
600,630,R1765,B1765,True,602.0,True,1716600
600,630,R1766,B1766,True,602.0,True,1953400
600,630,R1767,B1767,True,602.0,True,2099400
600,630,R1768,B1768,True,602.0,True,2522300
600,630,R1769,B1769,True,603.0,True,1510100
600,630,R1770,B1770,True,603.0,True,2078100
600,630,R1771,B1771,True,605.0,True,2090400
600,630,R1772,B1772,True,607.0,True,1650300
600,630,R1773,B1773,True,603.0,True,1506500
600,630,R1774,B1774,True,604.0,True,1489700
600,630,R1775,B1775,True,604.0,True,1510100
600,630,R1776,B1776,True,604.0,True,1428200
600,630,R1777,B1777,True,604.0,True,1838700
600,630,R1778,B1778,True,605.0,True,1509700
600,630,R1779,B1779,True,605.0,True,1953400
600,630,R1780,B1780,True,605.0,True,2099400
600,630,R1781,B1781,True,607.0,True,1510100
600,630,R1782,B1782,True,606.0,True,1506500
600,630,R1783,B1783,True,606.0,True,1953400
600,630,R1784,B1784,True,607.0,True,1474000
600,630,R1785,B1785,True,607.0,True,1510100
600,630,R1786,B1786,True,607.0,True,1387400
600,630,R1787,B1787,True,607.0,True,1428200
600,630,R1788,B1788,True,607.0,True,1678800
600,630,R1789,B1789,True,607.0,True,1506500
600,630,R1790,B1790,True,607.0,True,1160600
600,630,R1791,B1791,True,611.0,True,1537500
600,630,R1792,B1792,True,610.0,True,1541900
600,630,R1793,B1793,True,611.0,True,1496500
600,630,R1794,B1794,True,608.0,True,1506500
600,630,R1795,B1795,True,608.0,True,1660300
600,630,R1796,B1796,True,609.0,True,1816500
600,630,R1797,B1797,True,609.0,True,1506500
600,630,R1798,B1798,True,610.0,True,1428200
600,630,R1799,B1799,True,610.0,True,1506500
600,630,R1800,B1800,True,610.0,True,1561900
600,630,R1801,B1801,True,610.0,True,1506500
600,630,R1802,B1802,True,610.0,True,1650200
600,630,R1803,B1803,True,611.0,True,1953400
600,630,R1804,B1804,True,611.0,True,1678800
600,630,R1805,B1805,True,612.0,True,1458100
600,630,R1806,B1806,True,612.0,True,1538500
600,630,R1807-1,B1807-1,True,612.0,True,1506500
600,630,R1807-2,B1807-2,True,612.0,True,1506500
600,630,R1808,B1808,True,613.0,True,1480400
600,630,R1809,B1809,True,613.0,True,1387400
600,630,R1810,B1810,True,617.0,True,2090400
600,630,R1811,B1811,True,613.0,True,1650300
600,630,R1812,B1812,True,616.0,True,1480400
600,630,R1813,B1813,True,615.0,True,1489700
600,630,R1814,B1814,True,614.0,True,1428200
600,630,R1815,B1815,True,614.0,True,1736600
600,630,R1816,B1816,True,615.0,True,1458100
600,630,R1817,B1817,True,615.0,True,1428200
600,630,R1818,B1818,True,615.0,True,2262100
600,630,R1819,B1819,True,616.0,True,1474000
600,630,R1820,B1820,True,616.0,True,1510100
600,630,R1821,B1821,True,616.0,True,1387400
600,630,R1822,B1822,True,616.0,True,1428200
600,630,R1823,B1823,True,616.0,True,1530100
600,630,R1824,B1824,True,616.0,True,1506500
600,630,R1825,B1825,True,616.0,True,1660300
600,630,R1826,B1826,True,616.0,True,1678800
600,630,R1827,B1827,True,617.0,True,1486500
600,630,R1828,B1828,True,619.0,True,1428200
600,630,R1829,B1829,True,617.0,True,1650300
600,630,R1830,B1830,True,617.0,True,1678800
600,630,R1831,B1831,True,618.0,True,1510100
600,630,R1832,B1832,True,618.0,True,1678800
600,630,R1833,B1833,True,618.0,True,1506500
600,630,R1834,B1834,True,618.0,True,1650300
600,630,R1835,B1835,True,619.0,True,1474000
600,630,R1836,B1836,True,619.0,True,1510100
600,630,R1837,B1837,True,619.0,True,1387400
600,630,R1838,B1838,True,622.0,False,1506500
600,630,R1839,B1839,True,620.0,False,1474000
600,630,R1840,B1840,True,623.0,False,1428200
600,630,R1841,B1841,True,620.0,False,1508700
600,630,R1842,B1842,True,620.0,False,1716600
600,630,R1843,B1843,True,620.0,False,1650300
600,630,R1844,B1844,True,627.0,False,2098400
600,630,R1845,B1845,True,621.0,False,1510100
600,630,R1846,B1846,True,621.0,False,1815500
600,630,R1847,B1847,True,621.0,False,1508700
600,630,R1848,B1848,True,621.0,False,2089400
600,630,R1849,B1849,True,621.0,False,1496500
600,630,R1850,B1850,True,621.0,False,2525300
600,630,R1851,B1851,True,622.0,False,1438100
600,630,R1852,B1852,True,622.0,False,1486500
600,630,R1853,B1853,True,622.0,False,1510100
600,630,R1854,B1854,True,622.0,False,1387400
600,630,R1855,B1855,True,622.0,False,1508700
600,630,R1856,B1856,True,623.0,False,1650300
600,630,R1857,B1857,True,622.0,False,1505500
600,630,R1858,B1858,True,623.0,False,1474000
600,630,R1859,B1859,True,623.0,False,1488700
600,630,R1860,B1860,True,624.0,False,1508700
600,630,R1861,B1861,True,623.0,False,1530100
600,630,R1862,B1862,True,623.0,False,2261100
600,630,R1863,B1863,True,623.0,False,1505500
600,630,R1864,B1864,True,624.0,False,1200900
600,630,R1865,B1865,True,624.0,False,1160600
600,630,R1866,B1866,True,624.0,False,1474000
600,630,R1867,B1867,True,625.0,False,1508700
600,630,R1868,B1868,True,624.0,False,2214000
600,630,R1869,B1869,True,624.0,False,1815500
600,630,R1870,B1870,True,624.0,False,1650300
600,630,R1871,B1871,True,624.0,False,1689700
600,630,R1872,B1872,True,625.0,False,1505500
600,630,R1873,B1873,True,624.0,False,2098400
600,630,R1874,B1874,True,624.0,False,1838700
600,630,R1875,B1875,True,624.0,False,1679800
600,630,R1876,B1876,True,625.0,False,1438100
600,630,R1877,B1877,True,625.0,False,1160600
600,630,R1878,B1878,True,625.0,False,1428200
600,630,R1879,B1879,True,625.0,False,1736600
600,630,R1880,B1880,True,625.0,False,1508700
600,630,R1881,B1881,True,626.0,False,1530100
600,630,R1882,B1882,True,625.0,False,1541900
600,630,R1883,B1883,True,626.0,False,1438100
600,630,R1884,B1884,True,626.0,False,1973700
600,630,R1885,B1885,True,626.0,False,1510100
600,630,R1886,B1886,True,626.0,False,1508700
600,630,R1887,B1887,True,627.0,False,2214000
600,630,R1888,B1888,True,627.0,False,1650300
600,630,R1889,B1889,True,626.0,False,1650200
600,630,R1890,B1890,True,627.0,False,1488700
600,630,R1891,B1891,True,627.0,False,2077100
600,630,R1892,B1892,True,627.0,False,1496500
600,630,R1893,B1893,True,627.0,False,1505500
600,630,R1894,B1894,True,627.0,False,2067100
600,630,R1895,B1895,True,627.0,False,2098400
600,630,R1896,B1896,True,628.0,False,1541900
600,630,R1897,B1897,True,628.0,False,1200900
600,630,R1898,B1898,True,628.0,False,1160600
600,630,R1899,B1899,True,628.0,False,1478400
600,630,R1900,B1900,True,628.0,False,1508700
600,630,R1901,B1901,True,628.0,False,2581300
600,630,R1902,B1902,True,629.0,False,1438100
600,630,R1903,B1903,True,629.0,False,1160600
600,630,R1904,B1904,True,629.0,False,1474000
600,630,R1905,B1905,True,629.0,False,1488700
600,630,R1906,B1906,True,630.0,False,1505500
600,630,R1907,B1907,True,630.0,False,1659300
600,630,R1908,B1908,True,630.0,False,1160600
600,630,R1909,B1909,True,630.0,False,1510100
600,630,R1910,B1910,True,630.0,False,1428200
600,630,R1911,B1911,True,630.0,False,1505500
620,650,R1838,B1838,True,620.0,True,1506500
620,650,R1839,B1839,True,620.0,True,1474000
620,650,R1840,B1840,True,620.0,True,1428200
620,650,R1841,B1841,True,622.0,True,1508700
620,650,R1842,B1842,True,620.0,True,1716600
620,650,R1843,B1843,False,,False,1650300
620,650,R1844,B1844,True,627.0,True,2098400
620,650,R1845,B1845,True,621.0,True,1510100
620,650,R1846,B1846,True,621.0,True,1815500
620,650,R1847,B1847,True,623.0,True,1508700
620,650,R1848,B1848,True,621.0,True,2089400
620,650,R1849,B1849,True,621.0,True,1496500
620,650,R1850,B1850,True,621.0,True,2525300
620,650,R1851,B1851,True,622.0,True,1438100
620,650,R1852,B1852,True,622.0,True,1486500
620,650,R1853,B1853,True,622.0,True,1510100
620,650,R1854,B1854,True,626.0,True,1387400
620,650,R1855,B1855,True,625.0,True,1508700
620,650,R1856,B1856,False,,False,1650300
620,650,R1857,B1857,True,622.0,True,1505500
620,650,R1858,B1858,True,623.0,True,1474000
620,650,R1859,B1859,True,623.0,True,1488700
620,650,R1860,B1860,True,625.0,True,1508700
620,650,R1861,B1861,True,624.0,True,1530100
620,650,R1862,B1862,True,623.0,True,2261100
620,650,R1863,B1863,True,623.0,True,1505500
620,650,R1864,B1864,True,624.0,True,1200900
620,650,R1865,B1865,True,624.0,True,1160600
620,650,R1866,B1866,True,625.0,True,1474000
620,650,R1867,B1867,True,624.0,True,1508700
620,650,R1868,B1868,True,624.0,True,2214000
620,650,R1869,B1869,True,624.0,True,1815500
620,650,R1870,B1870,True,627.0,True,1650300
620,650,R1871,B1871,True,624.0,True,1689700
620,650,R1872,B1872,True,625.0,True,1505500
620,650,R1873,B1873,True,624.0,True,2098400
620,650,R1874,B1874,True,624.0,True,1838700
620,650,R1875,B1875,True,624.0,True,1679800
620,650,R1876,B1876,True,625.0,True,1438100
620,650,R1877,B1877,True,625.0,True,1160600
620,650,R1878,B1878,True,626.0,True,1428200
620,650,R1879,B1879,True,625.0,True,1736600
620,650,R1880,B1880,True,629.0,True,1508700
620,650,R1881,B1881,True,627.0,True,1530100
620,650,R1882,B1882,False,,False,1541900
620,650,R1883,B1883,True,626.0,True,1438100
620,650,R1884,B1884,True,626.0,True,1973700
620,650,R1885,B1885,True,626.0,True,1510100
620,650,R1886,B1886,True,627.0,True,1508700
620,650,R1887,B1887,True,627.0,True,2214000
620,650,R1888,B1888,True,630.0,True,1650300
620,650,R1889,B1889,True,626.0,True,1650200
620,650,R1890,B1890,True,627.0,True,1488700
620,650,R1891,B1891,True,627.0,True,2077100
620,650,R1892,B1892,True,627.0,True,1496500
620,650,R1893,B1893,True,627.0,True,1505500
620,650,R1894,B1894,True,627.0,True,2067100
620,650,R1895,B1895,True,627.0,True,2098400
620,650,R1896,B1896,True,630.0,True,1541900
620,650,R1897,B1897,True,628.0,True,1200900
620,650,R1898,B1898,True,628.0,True,1160600
620,650,R1899,B1899,True,628.0,True,1478400
620,650,R1900,B1900,True,628.0,True,1508700
620,650,R1901,B1901,True,628.0,True,2581300
620,650,R1902,B1902,True,629.0,True,1438100
620,650,R1903,B1903,True,629.0,True,1160600
620,650,R1904,B1904,True,629.0,True,1474000
620,650,R1905,B1905,True,629.0,True,1488700
620,650,R1906,B1906,True,630.0,True,1505500
620,650,R1907,B1907,True,629.0,True,1659300
620,650,R1908,B1908,True,630.0,True,1160600
620,650,R1909,B1909,True,631.0,True,1510100
620,650,R1910,B1910,True,630.0,True,1428200
620,650,R1911,B1911,True,634.0,True,1505500
620,650,R1912,B1912,True,631.0,True,1474000
620,650,R1913,B1913,True,631.0,True,1486500
620,650,R1914,B1914,True,632.0,True,1387400
620,650,R1915,B1915,True,631.0,True,1428200
620,650,R1916,B1916,True,631.0,True,1508700
620,650,R1917,B1917,True,631.0,True,1388400
620,650,R1918,B1918,True,631.0,True,1506500
620,650,R1919,B1919,True,631.0,True,2089400
620,650,R1920,B1920,True,631.0,True,1505500
620,650,R1921,B1921,True,632.0,True,1901900
620,650,R1922,B1922,True,632.0,True,1736600
620,650,R1923,B1923,True,632.0,True,1508700
620,650,R1924,B1924,True,632.0,True,1670200
620,650,R1925,B1925,True,632.0,True,1561900
620,650,R1926,B1926,True,633.0,True,1650300
620,650,R1927,B1927,True,632.0,True,1659300
620,650,R1928,B1928,True,633.0,True,1438100
620,650,R1929,B1929,True,633.0,True,1474000
620,650,R1930,B1930,True,634.0,True,2089400
620,650,R1931,B1931,True,636.0,True,1530100
620,650,R1932,B1932,True,633.0,True,1496500
620,650,R1933,B1933,True,638.0,True,1679800
620,650,R1934,B1934,True,634.0,True,1438100
620,650,R1935,B1935,True,634.0,True,1486500
620,650,R1936,B1936,True,637.0,True,1474000
620,650,R1937,B1937,True,634.0,True,2077100
620,650,R1938,B1938,True,638.0,True,1678800
620,650,R1939,B1939,True,635.0,True,1508700
620,650,R1940,B1940,True,634.0,True,1506500
620,650,R1941,B1941,True,634.0,True,1505500
620,650,R1942,B1942,True,634.0,True,1659300
620,650,R1943,B1943,True,637.0,True,1679800
620,650,R1944,B1944,True,635.0,True,1160600
620,650,R1945,B1945,True,640.0,False,1428200
620,650,R1946,B1946,True,635.0,True,2077100
620,650,R1947,B1947,True,635.0,True,1388400
620,650,R1948,B1948,True,636.0,True,1506500
620,650,R1949,B1949,True,637.0,True,1428200
620,650,R1950,B1950,True,635.0,True,2067100
620,650,R1951,B1951,True,636.0,True,1736600
620,650,R1952,B1952,True,636.0,True,1678800
620,650,R1953,B1953,True,636.0,True,1508700
620,650,R1954,B1954,True,636.0,True,1561900
620,650,R1955,B1955,True,636.0,True,1160600
620,650,R1956,B1956,True,636.0,True,1505500
620,650,R1957,B1957,True,636.0,True,1937000
620,650,R1958,B1958,True,641.0,False,2223000
620,650,R1959,B1959,True,636.0,True,1679800
620,650,R1960,B1960,True,637.0,True,1438100
620,650,R1961,B1961,True,637.0,True,1510100
620,650,R1962,B1962,True,637.0,True,1508700
620,650,R1963,B1963,True,639.0,True,1388400
620,650,R1964,B1964,True,637.0,True,1716600
620,650,R1965,B1965,True,637.0,True,1496500
620,650,R1966,B1966,True,637.0,True,1650200
620,650,R1967,B1967,True,637.0,True,2525300
620,650,R1968,B1968,True,638.0,True,1438100
620,650,R1969,B1969,True,638.0,True,1160600
620,650,R1970,B1970,True,638.0,True,1488700
620,650,R1971,B1971,True,638.0,True,1510100
620,650,R1972,B1972,True,639.0,True,1508700
620,650,R1973,B1973,True,638.0,True,1650300
620,650,R1974,B1974,True,638.0,True,1659300
620,650,R1975,B1975,True,639.0,True,1438100
620,650,R1976,B1976,True,640.0,False,1387400
620,650,R1977,B1977,True,640.0,False,1508700
620,650,R1978,B1978,True,641.0,False,1388400
620,650,R1979,B1979,True,639.0,True,1505500
620,650,R1980,B1980,True,640.0,False,1474000
620,650,R1981,B1981,True,640.0,False,1160600
620,650,R1982,B1982,True,640.0,False,1428200
620,650,R1983,B1983,True,640.0,False,1508700
620,650,R1984,B1984,True,640.0,False,1505500
620,650,R1985,B1985,True,640.0,False,1679800
620,650,R1986,B1986,True,641.0,False,1474000
620,650,R1987,B1987,True,641.0,False,1160600
620,650,R1988,B1988,True,641.0,False,1474000
620,650,R1989,B1989,True,641.0,False,1510100
620,650,R1990,B1990,True,644.0,False,1736600
620,650,R1991,B1991,True,641.0,False,1505500
620,650,R1992,B1992,True,641.0,False,2067100
620,650,R1993,B1993,True,641.0,False,1679800
620,650,R1994,B1994,True,642.0,False,1510100
620,650,R1995,B1995,True,642.0,False,1496500
620,650,R1996,B1996,True,643.0,False,1505500
620,650,R1997,B1997,True,642.0,False,1650200
620,650,R1998,B1998,True,646.0,False,2098400
620,650,R1999,B1999,True,644.0,False,1160600
620,650,R2000,B2000,True,643.0,False,2089400
620,650,R2001,B2001,True,643.0,False,2214000
620,650,R2002,B2002,True,644.0,False,1505500
620,650,R2003,B2003,True,643.0,False,2098400
620,650,R2004,B2004,True,643.0,False,2581300
620,650,R2005,B2005,True,644.0,False,1510100
620,650,R2006,B2006,True,644.0,False,1815500
620,650,R2007,B2007,True,644.0,False,1650300
620,650,R2008,B2008,True,644.0,False,1505500
620,650,R2009,B2009,True,645.0,False,1160600
620,650,R2010,B2010,True,646.0,False,2089400
620,650,R2011,B2011,True,645.0,False,1937000
620,650,R2012,B2012,True,646.0,False,1160600
620,650,R2013,B2013,True,647.0,False,1510100
620,650,R2014,B2014,True,646.0,False,2077100
620,650,R2015,B2015,True,647.0,False,1650300
620,650,R2016,B2016,True,647.0,False,1474000
620,650,R2017,B2017,True,647.0,False,1478400
620,650,R2018,B2018,True,648.0,False,1387400
620,650,R2019,B2019,True,647.0,False,1508700
620,650,R2020,B2020,True,648.0,False,1937000
620,650,R2021,B2021,True,647.0,False,2223000
620,650,R2022,B2022,True,648.0,False,1438100
620,650,R2023,B2023,True,648.0,False,1200900
620,650,R2024,B2024,True,648.0,False,1510100
620,650,R2025,B2025,True,648.0,False,2089400
620,650,R2026,B2026,True,648.0,False,1978000
620,650,R2027,B2027,True,648.0,False,2098400
620,650,R2028,B2028,True,648.0,False,1838700
620,650,R2029,B2029,True,650.0,False,1679800
620,650,R2030,B2030,True,649.0,False,1678800
620,650,R2031,B2031,True,650.0,False,1670200
620,650,R2032,B2032,True,649.0,False,1505500
620,650,R2033,B2033,True,649.0,False,1981700
620,650,R2034,B2034,True,649.0,False,2525300
620,650,R2035,B2035,True,650.0,False,1438100
620,650,R2036,B2036,True,650.0,False,1478400
620,650,R2037,B2037,True,650.0,False,1488700
620,650,R2038,B2038,True,650.0,False,1815500
620,650,R2039,B2039,True,650.0,False,1496500
620,650,R2040,B2040,True,650.0,False,1659300
620,650,R2041,B2041,True,650.0,False,2067100
640,670,R1856,B1856,False,,False,1650300
640,670,R1882,B1882,False,,False,1541900
640,670,R1945,B1945,True,640.0,True,1428200
640,670,R1958,B1958,True,641.0,True,2223000
640,670,R1976,B1976,True,643.0,True,1387400
640,670,R1977,B1977,True,641.0,True,1508700
640,670,R1978,B1978,True,640.0,True,1388400
640,670,R1980,B1980,True,640.0,True,1474000
640,670,R1981,B1981,True,640.0,True,1160600
640,670,R1982,B1982,True,644.0,True,1428200
640,670,R1983,B1983,True,640.0,True,1508700
640,670,R1984,B1984,True,640.0,True,1505500
640,670,R1985,B1985,True,644.0,True,1679800
640,670,R1986,B1986,True,641.0,True,1474000
640,670,R1987,B1987,True,641.0,True,1160600
640,670,R1988,B1988,True,643.0,True,1474000
640,670,R1989,B1989,True,641.0,True,1510100
640,670,R1990,B1990,True,641.0,True,1736600
640,670,R1991,B1991,True,642.0,True,1505500
640,670,R1992,B1992,True,641.0,True,2067100
640,670,R1993,B1993,True,641.0,True,1679800
640,670,R1994,B1994,True,642.0,True,1510100
640,670,R1995,B1995,True,645.0,True,1496500
640,670,R1996,B1996,True,643.0,True,1505500
640,670,R1997,B1997,True,646.0,True,1650200
640,670,R1998,B1998,True,642.0,True,2098400
640,670,R1999,B1999,True,643.0,True,1160600
640,670,R2000,B2000,True,643.0,True,2089400
640,670,R2001,B2001,True,643.0,True,2214000
640,670,R2002,B2002,True,643.0,True,1505500
640,670,R2003,B2003,True,643.0,True,2098400
640,670,R2004,B2004,True,646.0,True,2581300
640,670,R2005,B2005,True,644.0,True,1510100
640,670,R2006,B2006,True,644.0,True,1815500
640,670,R2007,B2007,True,644.0,True,1650300
640,670,R2008,B2008,True,645.0,True,1505500
640,670,R2009,B2009,True,645.0,True,1160600
640,670,R2010,B2010,True,646.0,True,2089400
640,670,R2011,B2011,True,645.0,True,1937000
640,670,R2012,B2012,True,646.0,True,1160600
640,670,R2013,B2013,True,650.0,True,1510100
640,670,R2014,B2014,True,646.0,True,2077100
640,670,R2015,B2015,True,647.0,True,1650300
640,670,R2016,B2016,True,649.0,True,1474000
640,670,R2017,B2017,True,653.0,True,1478400
640,670,R2018,B2018,True,647.0,True,1387400
640,670,R2019,B2019,True,647.0,True,1508700
640,670,R2020,B2020,True,648.0,True,1937000
640,670,R2021,B2021,True,649.0,True,2223000
640,670,R2022,B2022,True,648.0,True,1438100
640,670,R2023,B2023,True,648.0,True,1200900
640,670,R2024,B2024,True,648.0,True,1510100
640,670,R2025,B2025,True,651.0,True,2089400
640,670,R2026,B2026,True,648.0,True,1978000
640,670,R2027,B2027,True,648.0,True,2098400
640,670,R2028,B2028,True,648.0,True,1838700
640,670,R2029,B2029,True,648.0,True,1679800
640,670,R2030,B2030,True,654.0,True,1678800
640,670,R2031,B2031,True,649.0,True,1670200
640,670,R2032,B2032,True,650.0,True,1505500
640,670,R2033,B2033,True,649.0,True,1981700
640,670,R2034,B2034,True,649.0,True,2525300
640,670,R2035,B2035,True,651.0,True,1438100
640,670,R2036,B2036,True,650.0,True,1478400
640,670,R2037,B2037,True,650.0,True,1488700
640,670,R2038,B2038,True,650.0,True,1815500
640,670,R2039,B2039,True,650.0,True,1496500
640,670,R2040,B2040,True,651.0,True,1659300
640,670,R2041,B2041,True,650.0,True,2067100
640,670,R2042,B2042,True,651.0,True,1438100
640,670,R2043,B2043,True,651.0,True,1160600
640,670,R2044,B2044,True,651.0,True,1506500
640,670,R2045,B2045,True,652.0,True,1200900
640,670,R2046,B2046,True,652.0,True,1160600
640,670,R2047,B2047,True,652.0,True,1510100
640,670,R2048,B2048,True,652.0,True,1428200
640,670,R2049,B2049,True,652.0,True,2214000
640,670,R2050,B2050,True,653.0,True,1496500
640,670,R2051,B2051,True,653.0,True,1505500
640,670,R2052,B2052,True,652.0,True,1650200
640,670,R2053,B2053,True,657.0,True,1478400
640,670,R2054,B2054,True,653.0,True,1510100
640,670,R2055,B2055,True,655.0,True,1428200
640,670,R2056,B2056,True,653.0,True,1508700
640,670,R2057,B2057,True,653.0,True,1286300
640,670,R2058,B2058,True,653.0,True,1505500
640,670,R2059,B2059,True,657.0,True,1679800
640,670,R2060,B2060,True,654.0,True,1474000
640,670,R2061,B2061,True,654.0,True,1478400
640,670,R2062,B2062,True,654.0,True,1488700
640,670,R2063,B2063,True,655.0,True,1508700
640,670,R2064,B2064,True,654.0,True,1505500
640,670,R2065,B2065,True,658.0,True,2581300
640,670,R2066,B2066,True,655.0,True,1200900
640,670,R2067,B2067,True,655.0,True,1510100
640,670,R2068,B2068,True,656.0,True,1508700
640,670,R2069,B2069,True,655.0,True,1496500
640,670,R2070,B2070,True,655.0,True,2581300
640,670,R2071,B2071,True,656.0,True,1200900
640,670,R2072,B2072,True,656.0,True,1474000
640,670,R2073,B2073,True,656.0,True,1488700
640,670,R2074,B2074,True,656.0,True,1815500
640,670,R2075,B2075,True,656.0,True,1505500
640,670,R2076,B2076,True,656.0,True,2067100
640,670,R2077,B2077,True,656.0,True,2098400
640,670,R2078,B2078,True,657.0,True,1438100
640,670,R2079,B2079,True,657.0,True,2077100
640,670,R2080,B2080,True,657.0,True,1508700
640,670,R2081,B2081,True,659.0,True,1506500
640,670,R2082,B2082,True,657.0,True,1659300
640,670,R2083,B2083,True,657.0,True,1471100
640,670,R2084,B2084,True,664.0,False,2581300
640,670,R2085,B2085,True,658.0,True,1510100
640,670,R2086,B2086,True,662.0,False,1678800
640,670,R2087,B2087,True,660.0,False,2089400
640,670,R2088,B2088,True,658.0,True,1561900
640,670,R2089,B2089,True,658.0,True,1716600
640,670,R2090,B2090,True,658.0,True,1505500
640,670,R2091,B2091,True,658.0,True,2525300
640,670,R2092,B2092,True,660.0,False,1438100
640,670,R2093,B2093,True,659.0,True,1200900
640,670,R2094,B2094,True,659.0,True,1973700
640,670,R2095,B2095,True,659.0,True,1488700
640,670,R2096,B2096,True,659.0,True,1510100
640,670,R2097,B2097,True,659.0,True,1387400
640,670,R2098,B2098,True,659.0,True,1428200
640,670,R2099,B2099,True,660.0,False,2077100
640,670,R2100,B2100,True,661.0,False,1506500
640,670,R2101,B2101,True,661.0,False,1428200
640,670,R2102,B2102,True,659.0,True,1537500
640,670,R2103,B2103,True,660.0,False,1200900
640,670,R2104,B2104,True,662.0,False,1973700
640,670,R2105,B2105,True,660.0,False,1510100
640,670,R2106,B2106,True,660.0,False,1815500
640,670,R2107,B2107,True,660.0,False,1508700
640,670,R2108,B2108,True,660.0,False,1978000
640,670,R2109,B2109,True,660.0,False,2067100
640,670,R2110,B2110,True,661.0,False,1474000
640,670,R2111,B2111,True,661.0,False,1160600
640,670,R2112,B2112,True,661.0,False,1505500
640,670,R2113,B2113,True,661.0,False,1659300
640,670,R2114,B2114,True,661.0,False,2223000
640,670,R2115,B2115,True,661.0,False,2581300
640,670,R2116,B2116,True,662.0,False,1160600
640,670,R2117,B2117,True,662.0,False,1478400
640,670,R2118,B2118,True,662.0,False,1488700
640,670,R2119,B2119,True,662.0,False,1428200
640,670,R2120,B2120,True,662.0,False,1736600
640,670,R2121,B2121,True,662.0,False,1506500
640,670,R2122,B2122,True,662.0,False,1496500
640,670,R2123,B2123,True,662.0,False,1505500
640,670,R2124,B2124,True,663.0,False,1438100
640,670,R2125,B2125,True,663.0,False,1815500
640,670,R2126,B2126,True,663.0,False,1458100
640,670,R2127,B2127,True,663.0,False,1736600
640,670,R2128,B2128,True,663.0,False,2089400
640,670,R2129,B2129,True,663.0,False,1650300
640,670,R2130,B2130,True,664.0,False,1496500
640,670,R2131,B2131,True,663.0,False,1505500
640,670,R2132,B2132,True,663.0,False,1537500
640,670,R2133,B2133,True,663.0,False,2098400
640,670,R2134,B2134,True,664.0,False,2223000
640,670,R2135,B2135,True,669.0,False,2581300
640,670,R2136,B2136,True,669.0,False,1679800
640,670,R2137,B2137,True,664.0,False,1438100
640,670,R2138,B2138,True,664.0,False,1510100
640,670,R2139,B2139,True,664.0,False,1428200
640,670,R2140,B2140,True,664.0,False,1508700
640,670,R2141,B2141,True,665.0,False,1505500
640,670,R2142,B2142,True,666.0,False,1438100
640,670,R2143,B2143,True,665.0,False,1160600
640,670,R2144,B2144,True,665.0,False,1510100
640,670,R2145,B2145,True,667.0,False,1428200
640,670,R2146,B2146,True,665.0,False,1508700
640,670,R2147,B2147,True,665.0,False,1506500
640,670,R2148,B2148,True,670.0,False,2098400
640,670,R2149,B2149,True,666.0,False,1200900
640,670,R2150,B2150,True,666.0,False,1160600
640,670,R2151,B2151,True,666.0,False,1474000
640,670,R2152,B2152,True,666.0,False,1815500
640,670,R2153,B2153,True,666.0,False,1458100
640,670,R2154,B2154,True,666.0,False,1508700
640,670,R2155,B2155,True,666.0,False,1561900
640,670,R2156,B2156,True,666.0,False,1505500
640,670,R2157,B2157,True,666.0,False,2098400
640,670,R2158,B2158,True,666.0,False,2581300
640,670,R2159,B2159,True,666.0,False,1679800
640,670,R2160,B2160,True,667.0,False,1200900
640,670,R2161,B2161,True,667.0,False,1474000
640,670,R2162,B2162,True,667.0,False,1488700
640,670,R2163,B2163,True,667.0,False,1510100
640,670,R2164,B2164,True,667.0,False,1736600
640,670,R2165,B2165,True,668.0,False,1508700
640,670,R2166,B2166,True,667.0,False,1505500
640,670,R2167,B2167,True,667.0,False,1937000
640,670,R2168,B2168,True,667.0,False,2098400
640,670,R2169,B2169,True,667.0,False,2223000
640,670,R2170,B2170,True,667.0,False,1679800
640,670,R2171,B2171,True,668.0,False,1488700
640,670,R2172,B2172,True,668.0,False,1815500
640,670,R2173,B2173,True,668.0,False,1428200
640,670,R2174,B2174,True,669.0,False,1508700
640,670,R2175,B2175,True,668.0,False,1981700
640,670,R2176,B2176,True,669.0,False,2098400
640,670,R2177,B2177,True,669.0,False,1160600
640,670,R2178,B2178,True,669.0,False,1474000
640,670,R2179,B2179,True,670.0,False,1510100
640,670,R2180,B2180,True,669.0,False,1428200
640,670,R2181,B2181,True,669.0,False,1561900
640,670,R2182,B2182,True,669.0,False,1650300
640,670,R2183,B2183,True,669.0,False,2098400
640,670,R2184,B2184,True,670.0,False,2223000
640,670,R2185,B2185,True,670.0,False,1679800
640,670,R2186,B2186,True,670.0,False,1474000
640,670,R2187,B2187,True,670.0,False,1486500
640,670,R2188,B2188,True,670.0,False,1478400
640,670,R2189,B2189,True,670.0,False,1488700
640,670,R2190,B2190,True,670.0,False,1901900
640,670,R2191,B2191,True,670.0,False,2077100
640,670,R2192,B2192,True,670.0,False,1508700
640,670,R2193,B2193,True,670.0,False,2089400
640,670,R2194,B2194,True,670.0,False,1505500
640,670,R2195,B2195,True,670.0,False,2223000
660,690,R2084,B2084,True,664.0,True,2581300
660,690,R2086,B2086,True,660.0,True,1678800
660,690,R2087,B2087,True,660.0,True,2089400
660,690,R2092,B2092,True,660.0,True,1438100
660,690,R2099,B2099,True,660.0,True,2077100
660,690,R2100,B2100,True,660.0,True,1506500
660,690,R2101,B2101,True,661.0,True,1428200
660,690,R2103,B2103,True,660.0,True,1200900
660,690,R2104,B2104,True,660.0,True,1973700
660,690,R2105,B2105,True,660.0,True,1510100
660,690,R2106,B2106,True,660.0,True,1815500
660,690,R2107,B2107,True,660.0,True,1508700
660,690,R2108,B2108,True,660.0,True,1978000
660,690,R2109,B2109,True,660.0,True,2067100
660,690,R2110,B2110,True,661.0,True,1474000
660,690,R2111,B2111,True,661.0,True,1160600
660,690,R2112,B2112,True,661.0,True,1505500
660,690,R2113,B2113,True,666.0,True,1659300
660,690,R2114,B2114,True,661.0,True,2223000
660,690,R2115,B2115,True,661.0,True,2581300
660,690,R2116,B2116,True,662.0,True,1160600
660,690,R2117,B2117,True,662.0,True,1478400
660,690,R2118,B2118,True,663.0,True,1488700
660,690,R2119,B2119,True,666.0,True,1428200
660,690,R2120,B2120,True,662.0,True,1736600
660,690,R2121,B2121,True,662.0,True,1506500
660,690,R2122,B2122,True,662.0,True,1496500
660,690,R2123,B2123,True,662.0,True,1505500
660,690,R2124,B2124,True,663.0,True,1438100
660,690,R2125,B2125,True,663.0,True,1815500
660,690,R2126,B2126,True,663.0,True,1458100
660,690,R2127,B2127,True,663.0,True,1736600
660,690,R2128,B2128,True,663.0,True,2089400
660,690,R2129,B2129,True,663.0,True,1650300
660,690,R2130,B2130,True,663.0,True,1496500
660,690,R2131,B2131,True,663.0,True,1505500
660,690,R2132,B2132,True,663.0,True,1537500
660,690,R2133,B2133,True,669.0,True,2098400
660,690,R2134,B2134,True,664.0,True,2223000
660,690,R2135,B2135,True,663.0,True,2581300
660,690,R2136,B2136,True,669.0,True,1679800
660,690,R2137,B2137,True,664.0,True,1438100
660,690,R2138,B2138,True,664.0,True,1510100
660,690,R2139,B2139,True,666.0,True,1428200
660,690,R2140,B2140,True,664.0,True,1508700
660,690,R2141,B2141,True,665.0,True,1505500
660,690,R2142,B2142,True,665.0,True,1438100
660,690,R2143,B2143,True,668.0,True,1160600
660,690,R2144,B2144,True,665.0,True,1510100
660,690,R2145,B2145,True,666.0,True,1428200
660,690,R2146,B2146,True,665.0,True,1508700
660,690,R2147,B2147,True,665.0,True,1506500
660,690,R2148,B2148,True,670.0,True,2098400
660,690,R2149,B2149,True,666.0,True,1200900
660,690,R2150,B2150,True,668.0,True,1160600
660,690,R2151,B2151,True,666.0,True,1474000
660,690,R2152,B2152,True,666.0,True,1815500
660,690,R2153,B2153,True,666.0,True,1458100
660,690,R2154,B2154,True,666.0,True,1508700
660,690,R2155,B2155,True,666.0,True,1561900
660,690,R2156,B2156,True,666.0,True,1505500
660,690,R2157,B2157,True,666.0,True,2098400
660,690,R2158,B2158,True,672.0,True,2581300
660,690,R2159,B2159,True,666.0,True,1679800
660,690,R2160,B2160,True,668.0,True,1200900
660,690,R2161,B2161,True,667.0,True,1474000
660,690,R2162,B2162,True,667.0,True,1488700
660,690,R2163,B2163,True,671.0,True,1510100
660,690,R2164,B2164,True,667.0,True,1736600
660,690,R2165,B2165,True,668.0,True,1508700
660,690,R2166,B2166,True,668.0,True,1505500
660,690,R2167,B2167,True,671.0,True,1937000
660,690,R2168,B2168,True,667.0,True,2098400
660,690,R2169,B2169,True,670.0,True,2223000
660,690,R2170,B2170,True,672.0,True,1679800
660,690,R2171,B2171,True,668.0,True,1488700
660,690,R2172,B2172,True,669.0,True,1815500
660,690,R2173,B2173,True,668.0,True,1428200
660,690,R2174,B2174,True,669.0,True,1508700
660,690,R2175,B2175,True,668.0,True,1981700
660,690,R2176,B2176,True,672.0,True,2098400
660,690,R2177,B2177,True,669.0,True,1160600
660,690,R2178,B2178,True,669.0,True,1474000
660,690,R2179,B2179,True,669.0,True,1510100
660,690,R2180,B2180,True,669.0,True,1428200
660,690,R2181,B2181,True,669.0,True,1561900
660,690,R2182,B2182,True,669.0,True,1650300
660,690,R2183,B2183,True,669.0,True,2098400
660,690,R2184,B2184,True,669.0,True,2223000
660,690,R2185,B2185,True,669.0,True,1679800
660,690,R2186,B2186,True,670.0,True,1474000
660,690,R2187,B2187,True,670.0,True,1486500
660,690,R2188,B2188,True,670.0,True,1478400
660,690,R2189,B2189,True,670.0,True,1488700
660,690,R2190,B2190,True,670.0,True,1901900
660,690,R2191,B2191,True,674.0,True,2077100
660,690,R2192,B2192,True,670.0,True,1508700
660,690,R2193,B2193,True,672.0,True,2089400
660,690,R2194,B2194,True,671.0,True,1505500
660,690,R2195,B2195,True,672.0,True,2223000
660,690,R2196,B2196,True,672.0,True,1160600
660,690,R2197,B2197,True,671.0,True,1510100
660,690,R2198,B2198,True,671.0,True,1387400
660,690,R2199,B2199,True,672.0,True,1508700
660,690,R2200,B2200,True,671.0,True,1505500
660,690,R2201,B2201,True,671.0,True,1650200
660,690,R2202,B2202,True,672.0,True,1438100
660,690,R2203,B2203,True,672.0,True,1488700
660,690,R2204,B2204,True,672.0,True,1387400
660,690,R2205,B2205,True,673.0,True,1508700
660,690,R2206,B2206,True,672.0,True,1659300
660,690,R2207,B2207,True,673.0,True,1474000
660,690,R2208,B2208,True,677.0,True,1973700
660,690,R2209,B2209,True,675.0,True,1428200
660,690,R2210,B2210,True,673.0,True,1508700
660,690,R2211,B2211,True,674.0,True,1505500
660,690,R2212,B2212,True,673.0,True,1981700
660,690,R2213,B2213,True,674.0,True,2098400
660,690,R2214,B2214,True,675.0,True,1679800
660,690,R2215,B2215,True,675.0,True,1438100
660,690,R2216,B2216,True,674.0,True,1973700
660,690,R2217,B2217,True,674.0,True,1510100
660,690,R2218,B2218,True,674.0,True,1187100
660,690,R2219,B2219,True,674.0,True,1428200
660,690,R2220,B2220,True,675.0,True,1508700
660,690,R2221,B2221,True,674.0,True,1716600
660,690,R2222,B2222,True,674.0,True,1650300
660,690,R2223,B2223,True,681.0,False,2098400
660,690,R2224,B2224,True,675.0,True,1510100
660,690,R2225,B2225,True,677.0,True,1428200
660,690,R2226,B2226,True,675.0,True,2077100
660,690,R2227,B2227,True,675.0,True,1508700
660,690,R2228,B2228,True,675.0,True,1505500
660,690,R2229,B2229,True,675.0,True,1923100
660,690,R2230,B2230,True,675.0,True,1471100
660,690,R2231,B2231,True,679.0,True,1679800
660,690,R2232,B2232,True,676.0,True,1438100
660,690,R2233,B2233,True,676.0,True,1160600
660,690,R2234,B2234,True,676.0,True,1510100
660,690,R2235,B2235,True,676.0,True,2077100
660,690,R2236,B2236,True,676.0,True,1388400
660,690,R2237,B2237,True,676.0,True,1496500
660,690,R2238,B2238,True,676.0,True,1505500
660,690,R2239,B2239,True,676.0,True,1679800
660,690,R2240,B2240,True,677.0,True,1200900
660,690,R2241,B2241,True,677.0,True,1488700
660,690,R2242,B2242,True,677.0,True,1650300
660,690,R2243,B2243,True,678.0,True,1505500
660,690,R2244,B2244,True,677.0,True,1659300
660,690,R2245,B2245,True,677.0,True,2098400
660,690,R2246,B2246,True,679.0,True,1438100
660,690,R2247,B2247,True,678.0,True,1200900
660,690,R2248,B2248,True,679.0,True,1160600
660,690,R2249,B2249,True,678.0,True,1530100
660,690,R2250,B2250,True,679.0,True,1505500
660,690,R2251,B2251,True,678.0,True,1679800
660,690,R2252,B2252,True,679.0,True,1200900
660,690,R2253,B2253,True,683.0,False,1488700
660,690,R2254,B2254,True,679.0,True,1510100
660,690,R2255,B2255,True,684.0,False,1428200
660,690,R2256,B2256,True,679.0,True,1508700
660,690,R2257,B2257,True,679.0,True,1716600
660,690,R2258,B2258,True,679.0,True,1981700
660,690,R2259,B2259,True,684.0,False,2098400
660,690,R2260,B2260,True,680.0,False,1473000
660,690,R2261,B2261,True,684.0,False,1487700
660,690,R2262,B2262,True,684.0,False,1509100
660,690,R2263,B2263,True,680.0,False,1386400
660,690,R2264,B2264,True,680.0,False,2076100
660,690,R2265,B2265,True,685.0,False,1676800
660,690,R2266,B2266,True,680.0,False,1508700
660,690,R2267,B2267,True,680.0,False,1387400
660,690,R2268,B2268,True,680.0,False,1649300
660,690,R2269,B2269,True,680.0,False,1937000
660,690,R2270,B2270,True,680.0,False,1541900
660,690,R2271,B2271,True,681.0,False,1474000
660,690,R2272,B2272,True,685.0,False,1198900
660,690,R2273,B2273,True,681.0,False,1509100
660,690,R2274,B2274,True,681.0,False,1457100
660,690,R2275,B2275,True,683.0,False,1386400
660,690,R2276,B2276,True,681.0,False,1427200
660,690,R2277,B2277,True,681.0,False,1387400
660,690,R2278,B2278,True,681.0,False,1505500
660,690,R2279,B2279,True,681.0,False,1715400
660,690,R2280,B2280,True,681.0,False,2098400
660,690,R2281,B2281,True,682.0,False,1438100
660,690,R2282,B2282,True,682.0,False,1198900
660,690,R2283,B2283,True,682.0,False,1487700
660,690,R2284,B2284,True,682.0,False,1457100
660,690,R2285,B2285,True,682.0,False,1386400
660,690,R2286,B2286,True,682.0,False,1676800
660,690,R2287,B2287,True,683.0,False,1508700
660,690,R2288,B2288,True,682.0,False,1286300
660,690,R2289,B2289,True,682.0,False,1161600
660,690,R2290,B2290,True,682.0,False,2066100
660,690,R2291,B2291,True,684.0,False,1474000
660,690,R2292,B2292,True,683.0,False,1438100
660,690,R2293,B2293,True,683.0,False,1198900
660,690,R2294,B2294,True,683.0,False,1486500
660,690,R2295,B2295,True,683.0,False,1478400
660,690,R2296,B2296,True,683.0,False,1473000
660,690,R2297,B2297,True,688.0,False,1386400
660,690,R2298,B2298,True,687.0,False,1676800
660,690,R2299,B2299,True,683.0,False,1508700
660,690,R2300,B2300,True,684.0,False,2089400
660,690,R2301,B2301,True,683.0,False,1505500
660,690,R2302,B2302,True,687.0,False,2098400
660,690,R2303,B2303,True,688.0,False,2582300
660,690,R2304,B2304,True,685.0,False,1438100
660,690,R2305,B2305,True,684.0,False,1487700
660,690,R2306,B2306,True,684.0,False,1676800
660,690,R2307,B2307,True,684.0,False,1508700
660,690,R2308-1,B2308-1,True,684.0,False,1387400
660,690,R2308-2,B2308-2,True,684.0,False,1387400
660,690,R2309,B2309,True,684.0,False,1505500
660,690,R2310,B2310,True,684.0,False,1978000
660,690,R2311,B2311,True,684.0,False,1981700
660,690,R2312,B2312,True,684.0,False,2098400
660,690,R2313,B2313,True,685.0,False,1473000
660,690,R2314,B2314,True,687.0,False,1457100
660,690,R2315,B2315,True,685.0,False,1386400
660,690,R2316,B2316,True,688.0,False,1427200
660,690,R2317-1,B2317-1,True,685.0,False,1676800
660,690,R2317-2,B2317-2,True,685.0,False,1676800
660,690,R2318,B2318,True,685.0,False,1508700
660,690,R2319,B2319,True,685.0,False,1649300
660,690,R2320,B2320,True,685.0,False,2582300
660,690,R2321,B2321,True,686.0,False,1474000
660,690,R2322,B2322,True,686.0,False,1438100
660,690,R2323,B2323,True,686.0,False,1486500
660,690,R2324,B2324,True,690.0,False,1509100
660,690,R2325,B2325,True,686.0,False,1457100
660,690,R2326,B2326,True,686.0,False,1427200
660,690,R2327,B2327,True,686.0,False,1508700
660,690,R2328,B2328,True,686.0,False,1387400
660,690,R2329,B2329,True,687.0,False,1505500
660,690,R2330,B2330,True,686.0,False,1161600
660,690,R2331,B2331,True,686.0,False,1716600
660,690,R2332,B2332,True,687.0,False,1198900
660,690,R2333,B2333,True,687.0,False,1473000
660,690,R2334,B2334,True,688.0,False,1487700
660,690,R2335,B2335,True,687.0,False,1509100
660,690,R2336,B2336,True,687.0,False,1386400
660,690,R2337,B2337,True,687.0,False,1508700
660,690,R2338,B2338,True,687.0,False,1387400
660,690,R2339,B2339,True,687.0,False,1470100
660,690,R2340,B2340,True,687.0,False,2223000
660,690,R2341,B2341,True,687.0,False,2582300
660,690,R2342,B2342,True,687.0,False,1677800
660,690,R2343,B2343,True,690.0,False,1487700
660,690,R2344,B2344,True,688.0,False,1813500
660,690,R2345,B2345,True,688.0,False,1457100
660,690,R2346,B2346,True,690.0,False,1386400
660,690,R2347,B2347,True,689.0,False,1427200
660,690,R2348,B2348,True,689.0,False,1387400
660,690,R2349,B2349,True,688.0,False,1505500
660,690,R2350,B2350,True,688.0,False,1937000
660,690,R2351,B2351,True,688.0,False,2066100
660,690,R2352,B2352,True,688.0,False,2098400
660,690,R2353,B2353,True,689.0,False,1438100
660,690,R2354,B2354,True,689.0,False,1198900
660,690,R2355,B2355,True,689.0,False,1473000
660,690,R2356,B2356,True,689.0,False,1509100
660,690,R2357,B2357,True,689.0,False,1427200
660,690,R2358,B2358,True,689.0,False,1676800
660,690,R2359,B2359,True,689.0,False,1649300
660,690,R2360,B2360,True,689.0,False,1505500
660,690,R2361,B2361,True,690.0,False,1677800
660,690,R2362,B2362,True,690.0,False,1438100
660,690,R2363,B2363,True,690.0,False,1486500
660,690,R2364,B2364,True,690.0,False,1487700
660,690,R2365,B2365,True,690.0,False,1457100
660,690,R2366,B2366,True,690.0,False,1386400
660,690,R2367,B2367,True,690.0,False,1427200
660,690,R2368,B2368,True,690.0,False,2076100
660,690,R2369,B2369,True,690.0,False,1508700
660,690,R2370,B2370,True,690.0,False,1199900
660,690,R2371,B2371,True,690.0,False,1529100
660,690,R2372,B2372,True,690.0,False,1815500
660,690,R2373,B2373,True,690.0,False,1649300
660,690,R2374,B2374,True,690.0,False,1496500
660,690,R2375,B2375,True,690.0,False,1505500
660,690,R2376,B2376,True,690.0,False,1659300
660,690,R2377-1,B2377-1,True,690.0,False,2098400
660,690,R2377-2,B2377-2,True,690.0,False,2098400
660,690,R2378,B2378,True,690.0,False,1541900
680,710,R2223,B2223,True,681.0,True,2098400
680,710,R2253,B2253,True,680.0,True,1488700
680,710,R2255,B2255,False,,False,1428200
680,710,R2259,B2259,True,684.0,True,2098400
680,710,R2260,B2260,True,683.0,True,1473000
680,710,R2261,B2261,True,680.0,True,1487700
680,710,R2262,B2262,True,683.0,True,1509100
680,710,R2263,B2263,False,,False,1386400
680,710,R2264,B2264,True,680.0,True,2076100
680,710,R2265,B2265,True,685.0,True,1676800
680,710,R2266,B2266,True,680.0,True,1508700
680,710,R2267,B2267,True,680.0,True,1387400
680,710,R2268,B2268,True,683.0,True,1649300
680,710,R2269,B2269,True,680.0,True,1937000
680,710,R2270,B2270,True,680.0,True,1541900
680,710,R2271,B2271,True,681.0,True,1474000
680,710,R2272,B2272,False,,False,1198900
680,710,R2273,B2273,True,684.0,True,1509100
680,710,R2274,B2274,True,681.0,True,1457100
680,710,R2275,B2275,True,686.0,True,1386400
680,710,R2276,B2276,True,687.0,True,1427200
680,710,R2277,B2277,True,681.0,True,1387400
680,710,R2278,B2278,True,683.0,True,1505500
680,710,R2279,B2279,True,681.0,True,1715400
680,710,R2280,B2280,True,681.0,True,2098400
680,710,R2281,B2281,True,682.0,True,1438100
680,710,R2282,B2282,True,687.0,True,1198900
680,710,R2283,B2283,True,683.0,True,1487700
680,710,R2284,B2284,True,687.0,True,1457100
680,710,R2285,B2285,True,687.0,True,1386400
680,710,R2286,B2286,True,682.0,True,1676800
680,710,R2287,B2287,True,683.0,True,1508700
680,710,R2288,B2288,True,682.0,True,1286300
680,710,R2289,B2289,True,682.0,True,1161600
680,710,R2290,B2290,True,682.0,True,2066100
680,710,R2291,B2291,True,684.0,True,1474000
680,710,R2292,B2292,True,683.0,True,1438100
680,710,R2293,B2293,True,687.0,True,1198900
680,710,R2294,B2294,True,683.0,True,1486500
680,710,R2295,B2295,True,688.0,True,1478400
680,710,R2296,B2296,True,683.0,True,1473000
680,710,R2297,B2297,True,687.0,True,1386400
680,710,R2298,B2298,True,687.0,True,1676800
680,710,R2299,B2299,True,683.0,True,1508700
680,710,R2300,B2300,True,684.0,True,2089400
680,710,R2301,B2301,True,683.0,True,1505500
680,710,R2302,B2302,True,687.0,True,2098400
680,710,R2303,B2303,True,688.0,True,2582300
680,710,R2304,B2304,True,687.0,True,1438100
680,710,R2305,B2305,True,684.0,True,1487700
680,710,R2306,B2306,True,684.0,True,1676800
680,710,R2307,B2307,True,684.0,True,1508700
680,710,R2308-1,B2308-1,True,688.0,True,1387400
680,710,R2308-2,B2308-2,True,686.0,True,1387400
680,710,R2309,B2309,True,684.0,True,1505500
680,710,R2310,B2310,True,684.0,True,1978000
680,710,R2311,B2311,True,684.0,True,1981700
680,710,R2312,B2312,True,684.0,True,2098400
680,710,R2313,B2313,True,686.0,True,1473000
680,710,R2314,B2314,True,689.0,True,1457100
680,710,R2315,B2315,True,688.0,True,1386400
680,710,R2316,B2316,True,691.0,True,1427200
680,710,R2317-1,B2317-1,True,685.0,True,1676800
680,710,R2317-2,B2317-2,True,694.0,True,1676800
680,710,R2318,B2318,True,685.0,True,1508700
680,710,R2319,B2319,True,686.0,True,1649300
680,710,R2320,B2320,True,685.0,True,2582300
680,710,R2321,B2321,True,686.0,True,1474000
680,710,R2322,B2322,True,686.0,True,1438100
680,710,R2323,B2323,True,686.0,True,1486500
680,710,R2324,B2324,True,687.0,True,1509100
680,710,R2325,B2325,True,686.0,True,1457100
680,710,R2326,B2326,True,687.0,True,1427200
680,710,R2327,B2327,True,687.0,True,1508700
680,710,R2328,B2328,True,687.0,True,1387400
680,710,R2329,B2329,True,687.0,True,1505500
680,710,R2330,B2330,True,687.0,True,1161600
680,710,R2331,B2331,True,686.0,True,1716600
680,710,R2332,B2332,True,688.0,True,1198900
680,710,R2333,B2333,True,687.0,True,1473000
680,710,R2334,B2334,True,687.0,True,1487700
680,710,R2335,B2335,True,692.0,True,1509100
680,710,R2336,B2336,True,692.0,True,1386400
680,710,R2337,B2337,True,687.0,True,1508700
680,710,R2338,B2338,True,688.0,True,1387400
680,710,R2339,B2339,True,687.0,True,1470100
680,710,R2340,B2340,True,687.0,True,2223000
680,710,R2341,B2341,True,687.0,True,2582300
680,710,R2342,B2342,True,692.0,True,1677800
680,710,R2343,B2343,True,690.0,True,1487700
680,710,R2344,B2344,True,688.0,True,1813500
680,710,R2345,B2345,True,691.0,True,1457100
680,710,R2346,B2346,True,689.0,True,1386400
680,710,R2347,B2347,True,688.0,True,1427200
680,710,R2348,B2348,True,688.0,True,1387400
680,710,R2349,B2349,True,688.0,True,1505500
680,710,R2350,B2350,True,688.0,True,1937000
680,710,R2351,B2351,True,688.0,True,2066100
680,710,R2352,B2352,True,688.0,True,2098400
680,710,R2353,B2353,True,689.0,True,1438100
680,710,R2354,B2354,True,689.0,True,1198900
680,710,R2355,B2355,True,693.0,True,1473000
680,710,R2356,B2356,True,689.0,True,1509100
680,710,R2357,B2357,True,689.0,True,1427200
680,710,R2358,B2358,True,696.0,True,1676800
680,710,R2359,B2359,True,689.0,True,1649300
680,710,R2360,B2360,True,689.0,True,1505500
680,710,R2361,B2361,True,689.0,True,1677800
680,710,R2362,B2362,True,690.0,True,1438100
680,710,R2363,B2363,True,690.0,True,1486500
680,710,R2364,B2364,True,690.0,True,1487700
680,710,R2365,B2365,True,690.0,True,1457100
680,710,R2366,B2366,True,691.0,True,1386400
680,710,R2367,B2367,True,690.0,True,1427200
680,710,R2368,B2368,True,695.0,True,2076100
680,710,R2369,B2369,True,690.0,True,1508700
680,710,R2370,B2370,True,690.0,True,1199900
680,710,R2371,B2371,True,693.0,True,1529100
680,710,R2372,B2372,True,694.0,True,1815500
680,710,R2373,B2373,True,690.0,True,1649300
680,710,R2374,B2374,True,691.0,True,1496500
680,710,R2375,B2375,True,691.0,True,1505500
680,710,R2376,B2376,True,690.0,True,1659300
680,710,R2377-1,B2377-1,True,693.0,True,2098400
680,710,R2377-2,B2377-2,True,696.0,True,2098400
680,710,R2378,B2378,True,690.0,True,1541900
680,710,R2379,B2379,True,691.0,True,1474000
680,710,R2380,B2380,True,691.0,True,1438100
680,710,R2381,B2381,True,691.0,True,1198900
680,710,R2382,B2382,True,692.0,True,1160600
680,710,R2383,B2383,True,697.0,True,1478400
680,710,R2384,B2384,True,693.0,True,1487700
680,710,R2385,B2385,True,691.0,True,1509100
680,710,R2386,B2386,True,694.0,True,1386400
680,710,R2387,B2387,True,691.0,True,1427200
680,710,R2388,B2388,True,691.0,True,1676800
680,710,R2389,B2389,True,691.0,True,1508700
680,710,R2390,B2390,True,691.0,True,1387400
680,710,R2391,B2391,True,691.0,True,1505500
680,710,R2392,B2392,True,691.0,True,1981700
680,710,R2393,B2393,True,691.0,True,1479400
680,710,R2394,B2394,True,692.0,True,1474000
680,710,R2395,B2395,True,692.0,True,1486500
680,710,R2396,B2396,True,692.0,True,1487700
680,710,R2397,B2397,True,694.0,True,1509100
680,710,R2398,B2398,True,693.0,True,1457100
680,710,R2399,B2399,True,692.0,True,1427200
680,710,R2400,B2400,True,694.0,True,1735600
680,710,R2401,B2401,True,694.0,True,1508700
680,710,R2402,B2402,True,692.0,True,1505500
680,710,R2403,B2403,True,693.0,True,2089400
680,710,R2404,B2404,True,692.0,True,1505500
680,710,R2405,B2405,True,695.0,True,1659300
680,710,R2406,B2406,True,693.0,True,1715400
680,710,R2407,B2407,True,693.0,True,1541900
680,710,R2408,B2408,True,693.0,True,1486500
680,710,R2409,B2409,True,699.0,True,1972700
680,710,R2410,B2410,True,693.0,True,1478400
680,710,R2411,B2411,True,695.0,True,1487700
680,710,R2412,B2412,True,693.0,True,1457100
680,710,R2413,B2413,True,693.0,True,1427200
680,710,R2414,B2414,True,693.0,True,1735600
680,710,R2415,B2415,True,693.0,True,1508700
680,710,R2416,B2416,True,693.0,True,1387400
680,710,R2417,B2417,True,694.0,True,1505500
680,710,R2418,B2418,True,693.0,True,2213000
680,710,R2419,B2419,True,693.0,True,1649300
680,710,R2420,B2420,True,698.0,True,1537500
680,710,R2421,B2421,True,693.0,True,1981700
680,710,R2422,B2422,True,694.0,True,1438100
680,710,R2423,B2423,True,694.0,True,1160600
680,710,R2424,B2424,True,698.0,True,1487700
680,710,R2425,B2425,True,694.0,True,1457100
680,710,R2426,B2426,True,699.0,True,1386400
680,710,R2427,B2427,True,694.0,True,1427200
680,710,R2428,B2428,True,703.0,False,1676800
680,710,R2429,B2429,True,694.0,True,1508700
680,710,R2430,B2430,True,694.0,True,1161600
680,710,R2431,B2431,True,694.0,True,1937000
680,710,R2432,B2432,True,698.0,True,1486500
680,710,R2433,B2433,True,696.0,True,1487700
680,710,R2434,B2434,True,695.0,True,1386400
680,710,R2435,B2435,True,704.0,False,1676800
680,710,R2436,B2436,True,695.0,True,1508700
680,710,R2437,B2437,True,695.0,True,1505500
680,710,R2438,B2438,True,696.0,True,2089400
680,710,R2439,B2439,True,695.0,True,1496500
680,710,R2440,B2440,True,696.0,True,1474000
680,710,R2441,B2441,True,696.0,True,1198900
680,710,R2442,B2442,True,696.0,True,1486500
680,710,R2443,B2443,True,697.0,True,1509100
680,710,R2444,B2444,True,701.0,False,1457100
680,710,R2445,B2445,True,698.0,True,1386400
680,710,R2446,B2446,True,696.0,True,1427200
680,710,R2447,B2447,True,696.0,True,1508700
680,710,R2448,B2448,True,700.0,False,1505500
680,710,R2449,B2449,True,696.0,True,1428200
680,710,R2450,B2450,True,696.0,True,1286300
680,710,R2451,B2451,True,698.0,True,1649300
680,710,R2452,B2452,True,701.0,False,2098400
680,710,R2453,B2453,True,697.0,True,1474000
680,710,R2454,B2454,True,700.0,False,1198900
680,710,R2455,B2455,True,697.0,True,1486500
680,710,R2456,B2456,True,702.0,False,1478400
680,710,R2457,B2457,True,699.0,True,1457100
680,710,R2458,B2458,True,699.0,True,1386400
680,710,R2459,B2459,True,697.0,True,1505500
680,710,R2460,B2460,True,701.0,False,2089400
680,710,R2461,B2461,True,697.0,True,1716600
680,710,R2462,B2462,True,704.0,False,1677800
680,710,R2463,B2463,True,699.0,True,1198900
680,710,R2464,B2464,True,704.0,False,1478400
680,710,R2465,B2465,True,700.0,False,1473000
680,710,R2466,B2466,True,699.0,True,1487700
680,710,R2467,B2467,True,700.0,False,1427200
680,710,R2468,B2468,True,698.0,True,1508700
680,710,R2469,B2469,True,698.0,True,2089400
680,710,R2470,B2470,True,700.0,False,1474000
680,710,R2471,B2471,True,703.0,False,1438100
680,710,R2472,B2472,True,699.0,True,1198900
680,710,R2473,B2473,True,702.0,False,1478400
680,710,R2474,B2474,True,699.0,True,1487700
680,710,R2475,B2475,True,701.0,False,1427200
680,710,R2476,B2476,True,700.0,False,1505500
680,710,R2477,B2477,True,699.0,True,1496500
680,710,R2478,B2478,True,699.0,True,2524300
680,710,R2479,B2479,True,703.0,False,1474000
680,710,R2480,B2480,True,701.0,False,1198900
680,710,R2481,B2481,True,700.0,False,1473000
680,710,R2482,B2482,True,700.0,False,1487700
680,710,R2483,B2483,True,700.0,False,1386400
680,710,R2484,B2484,True,700.0,False,1427200
680,710,R2485,B2485,True,700.0,False,1508700
680,710,R2486,B2486,True,700.0,False,1387400
680,710,R2487,B2487,True,702.0,False,1505500
680,710,R2488,B2488,True,700.0,False,1428200
680,710,R2489,B2489,True,700.0,False,1496500
680,710,R2490,B2490,True,700.0,False,2223000
680,710,R2491,B2491,True,701.0,False,1478400
680,710,R2492,B2492,True,702.0,False,1487700
680,710,R2493,B2493,True,703.0,False,1386400
680,710,R2494,B2494,True,701.0,False,1676800
680,710,R2495,B2495,True,701.0,False,1508700
680,710,R2496,B2496,True,705.0,False,1387400
680,710,R2497,B2497,True,701.0,False,1505500
680,710,R2498,B2498,True,705.0,False,2089400
680,710,R2499,B2499,True,701.0,False,1529100
680,710,R2500,B2500,True,701.0,False,1496500
680,710,R2501,B2501,True,701.0,False,1505500
680,710,R2502,B2502,True,701.0,False,1677800
680,710,R2503,B2503,True,706.0,False,1478400
680,710,R2504,B2504,True,702.0,False,1386400
680,710,R2505,B2505,True,706.0,False,1676800
680,710,R2506,B2506,True,702.0,False,2089400
680,710,R2507,B2507,True,702.0,False,1161600
680,710,R2508,B2508,True,702.0,False,1649300
680,710,R2509,B2509,True,703.0,False,1496500
680,710,R2510,B2510,True,702.0,False,1505500
680,710,R2511,B2511,True,702.0,False,1470100
680,710,R2512,B2512,True,702.0,False,1479400
680,710,R2513,B2513,True,705.0,False,1198900
680,710,R2514,B2514,True,707.0,False,1487700
680,710,R2515,B2515,True,703.0,False,1509100
680,710,R2516,B2516,True,705.0,False,1813500
680,710,R2517,B2517,True,703.0,False,1457100
680,710,R2518,B2518,True,703.0,False,1676800
680,710,R2519,B2519,True,704.0,False,1508700
680,710,R2520,B2520,True,707.0,False,1387400
680,710,R2521,B2521,True,703.0,False,1560900
680,710,R2522,B2522,True,703.0,False,1505500
680,710,R2523,B2523,True,706.0,False,1198900
680,710,R2524,B2524,True,707.0,False,1478400
680,710,R2525,B2525,True,704.0,False,1487700
680,710,R2526,B2526,True,706.0,False,1457100
680,710,R2527,B2527,True,707.0,False,1386400
680,710,R2528,B2528,True,704.0,False,1427200
680,710,R2529,B2529,True,704.0,False,1505500
680,710,R2530,B2530,True,705.0,False,1649300
680,710,R2531,B2531,True,710.0,False,1921100
680,710,R2532,B2532,True,704.0,False,1650200
680,710,R2533,B2533,True,706.0,False,1487700
680,710,R2534,B2534,True,707.0,False,1386400
680,710,R2535,B2535,True,705.0,False,1427200
680,710,R2536,B2536,True,705.0,False,1505500
680,710,R2537,B2537,True,705.0,False,1716600
680,710,R2538,B2538,True,705.0,False,1649300
680,710,R2539,B2539,True,705.0,False,1505500
680,710,R2540,B2540,True,705.0,False,2066100
680,710,R2541,B2541,True,706.0,False,1474000
680,710,R2542,B2542,True,707.0,False,1438100
680,710,R2543,B2543,True,706.0,False,1473000
680,710,R2544,B2544,True,708.0,False,1487700
680,710,R2545,B2545,True,706.0,False,1509100
680,710,R2546,B2546,True,706.0,False,1457100
680,710,R2547,B2547,True,708.0,False,1386400
680,710,R2548,B2548,True,707.0,False,1508700
680,710,R2549,B2549,True,708.0,False,1649300
680,710,R2550,B2550,True,710.0,False,1677800
680,710,R2551,B2551,True,707.0,False,1486500
680,710,R2552,B2552,True,707.0,False,1473000
680,710,R2553,B2553,True,709.0,False,1487700
680,710,R2554,B2554,True,709.0,False,1457100
680,710,R2555,B2555,True,709.0,False,1386400
680,710,R2556,B2556,True,707.0,False,1735600
680,710,R2557,B2557,True,707.0,False,1676800
680,710,R2558,B2558,True,707.0,False,1508700
680,710,R2559,B2559,True,708.0,False,1387400
680,710,R2560,B2560,True,708.0,False,1505500
680,710,R2561,B2561,True,707.0,False,1505500
680,710,R2562,B2562,True,707.0,False,1921100
680,710,R2563,B2563,True,707.0,False,1677800
680,710,R2564,B2564,True,708.0,False,1198900
680,710,R2565,B2565,True,708.0,False,1486500
680,710,R2566,B2566,True,708.0,False,1487700
680,710,R2567,B2567,True,710.0,False,1386400
680,710,R2568,B2568,True,710.0,False,1427200
680,710,R2569,B2569,True,708.0,False,1387400
680,710,R2570,B2570,True,708.0,False,1428200
680,710,R2571,B2571,True,708.0,False,1286300
680,710,R2572,B2572,True,708.0,False,1649300
680,710,R2573,B2573,True,708.0,False,2066100
680,710,R2574,B2574,True,709.0,False,1438100
680,710,R2575,B2575,True,709.0,False,1486500
680,710,R2576,B2576,True,709.0,False,1473000
680,710,R2577,B2577,True,709.0,False,1487700
680,710,R2578,B2578,True,709.0,False,1509100
680,710,R2579,B2579,True,709.0,False,1813500
680,710,R2580,B2580,True,710.0,False,1386400
680,710,R2581,B2581,True,709.0,False,1427200
680,710,R2582,B2582,True,710.0,False,1676800
680,710,R2583,B2583,True,710.0,False,1508700
680,710,R2584,B2584,True,709.0,False,1505500
680,710,R2585,B2585,True,709.0,False,1505500
680,710,R2586,B2586,True,709.0,False,2066100
680,710,R2587,B2587,True,709.0,False,2098400
680,710,R2588,B2588,True,709.0,False,1677800
680,710,R2589,B2589,True,710.0,False,1438100
680,710,R2590,B2590,True,710.0,False,1198900
680,710,R2591,B2591,True,710.0,False,1486500
680,710,R2592,B2592,True,710.0,False,1487700
680,710,R2593,B2593,True,710.0,False,1509100
680,710,R2594,B2594,True,710.0,False,1386400
680,710,R2595,B2595,True,710.0,False,1427200
680,710,R2596,B2596,True,710.0,False,1676800
680,710,R2597,B2597,True,710.0,False,1508700
680,710,R2598,B2598,True,710.0,False,1505500
680,710,R2599,B2599,True,710.0,False,1505500
680,710,R2600,B2600,True,710.0,False,1981700
680,710,R2601,B2601,True,710.0,False,1541900
700,730,R2428,B2428,True,703.0,True,1676800
700,730,R2435,B2435,True,703.0,True,1676800
700,730,R2444,B2444,True,700.0,True,1457100
700,730,R2448,B2448,True,700.0,True,1505500
700,730,R2452,B2452,True,701.0,True,2098400
700,730,R2454,B2454,False,,False,1198900
700,730,R2456,B2456,True,701.0,True,1478400
700,730,R2460,B2460,True,702.0,True,2089400
700,730,R2462,B2462,True,704.0,True,1677800
700,730,R2464,B2464,False,,False,1478400
700,730,R2465,B2465,True,700.0,True,1473000
700,730,R2467,B2467,True,702.0,True,1427200
700,730,R2470,B2470,True,700.0,True,1474000
700,730,R2471,B2471,False,,False,1438100
700,730,R2473,B2473,False,,False,1478400
700,730,R2475,B2475,False,,False,1427200
700,730,R2476,B2476,True,700.0,True,1505500
700,730,R2479,B2479,True,700.0,True,1474000
700,730,R2480,B2480,False,,False,1198900
700,730,R2481,B2481,True,704.0,True,1473000
700,730,R2482,B2482,True,700.0,True,1487700
700,730,R2483,B2483,True,705.0,True,1386400
700,730,R2484,B2484,False,,False,1427200
700,730,R2485,B2485,True,700.0,True,1508700
700,730,R2486,B2486,True,701.0,True,1387400
700,730,R2487,B2487,True,700.0,True,1505500
700,730,R2488,B2488,True,704.0,True,1428200
700,730,R2489,B2489,True,700.0,True,1496500
700,730,R2490,B2490,True,700.0,True,2223000
700,730,R2491,B2491,True,706.0,True,1478400
700,730,R2492,B2492,True,701.0,True,1487700
700,730,R2493,B2493,False,,False,1386400
700,730,R2494,B2494,True,705.0,True,1676800
700,730,R2495,B2495,True,701.0,True,1508700
700,730,R2496,B2496,True,701.0,True,1387400
700,730,R2497,B2497,True,705.0,True,1505500
700,730,R2498,B2498,True,701.0,True,2089400
700,730,R2499,B2499,True,701.0,True,1529100
700,730,R2500,B2500,True,701.0,True,1496500
700,730,R2501,B2501,True,702.0,True,1505500
700,730,R2502,B2502,True,701.0,True,1677800
700,730,R2503,B2503,True,708.0,True,1478400
700,730,R2504,B2504,True,707.0,True,1386400
700,730,R2505,B2505,True,702.0,True,1676800
700,730,R2506,B2506,True,708.0,True,2089400
700,730,R2507,B2507,True,702.0,True,1161600
700,730,R2508,B2508,True,702.0,True,1649300
700,730,R2509,B2509,True,703.0,True,1496500
700,730,R2510,B2510,True,703.0,True,1505500
700,730,R2511,B2511,True,706.0,True,1470100
700,730,R2512,B2512,True,706.0,True,1479400
700,730,R2513,B2513,True,707.0,True,1198900
700,730,R2514,B2514,True,704.0,True,1487700
700,730,R2515,B2515,True,703.0,True,1509100
700,730,R2516,B2516,True,707.0,True,1813500
700,730,R2517,B2517,True,703.0,True,1457100
700,730,R2518,B2518,True,703.0,True,1676800
700,730,R2519,B2519,True,703.0,True,1508700
700,730,R2520,B2520,True,706.0,True,1387400
700,730,R2521,B2521,True,703.0,True,1560900
700,730,R2522,B2522,True,703.0,True,1505500
700,730,R2523,B2523,True,708.0,True,1198900
700,730,R2524,B2524,True,708.0,True,1478400
700,730,R2525,B2525,True,704.0,True,1487700
700,730,R2526,B2526,True,706.0,True,1457100
700,730,R2527,B2527,True,708.0,True,1386400
700,730,R2528,B2528,True,708.0,True,1427200
700,730,R2529,B2529,True,708.0,True,1505500
700,730,R2530,B2530,True,705.0,True,1649300
700,730,R2531,B2531,True,710.0,True,1921100
700,730,R2532,B2532,True,706.0,True,1650200
700,730,R2533,B2533,True,705.0,True,1487700
700,730,R2534,B2534,True,708.0,True,1386400
700,730,R2535,B2535,True,709.0,True,1427200
700,730,R2536,B2536,True,707.0,True,1505500
700,730,R2537,B2537,True,705.0,True,1716600
700,730,R2538,B2538,True,705.0,True,1649300
700,730,R2539,B2539,True,706.0,True,1505500
700,730,R2540,B2540,True,705.0,True,2066100
700,730,R2541,B2541,True,707.0,True,1474000
700,730,R2542,B2542,True,706.0,True,1438100
700,730,R2543,B2543,True,708.0,True,1473000
700,730,R2544,B2544,True,706.0,True,1487700
700,730,R2545,B2545,True,706.0,True,1509100
700,730,R2546,B2546,True,706.0,True,1457100
700,730,R2547,B2547,True,708.0,True,1386400
700,730,R2548,B2548,True,710.0,True,1508700
700,730,R2549,B2549,True,708.0,True,1649300
700,730,R2550,B2550,True,712.0,True,1677800
700,730,R2551,B2551,True,707.0,True,1486500
700,730,R2552,B2552,True,710.0,True,1473000
700,730,R2553,B2553,True,712.0,True,1487700
700,730,R2554,B2554,True,707.0,True,1457100
700,730,R2555,B2555,True,712.0,True,1386400
700,730,R2556,B2556,True,707.0,True,1735600
700,730,R2557,B2557,True,716.0,True,1676800
700,730,R2558,B2558,True,707.0,True,1508700
700,730,R2559,B2559,True,709.0,True,1387400
700,730,R2560,B2560,True,707.0,True,1505500
700,730,R2561,B2561,True,707.0,True,1505500
700,730,R2562,B2562,True,707.0,True,1921100
700,730,R2563,B2563,True,712.0,True,1677800
700,730,R2564,B2564,True,708.0,True,1198900
700,730,R2565,B2565,True,708.0,True,1486500
700,730,R2566,B2566,True,713.0,True,1487700
700,730,R2567,B2567,True,708.0,True,1386400
700,730,R2568,B2568,True,712.0,True,1427200
700,730,R2569,B2569,True,708.0,True,1387400
700,730,R2570,B2570,True,710.0,True,1428200
700,730,R2571,B2571,True,708.0,True,1286300
700,730,R2572,B2572,True,708.0,True,1649300
700,730,R2573,B2573,True,708.0,True,2066100
700,730,R2574,B2574,True,709.0,True,1438100
700,730,R2575,B2575,True,709.0,True,1486500
700,730,R2576,B2576,True,710.0,True,1473000
700,730,R2577,B2577,True,709.0,True,1487700
700,730,R2578,B2578,True,714.0,True,1509100
700,730,R2579,B2579,True,714.0,True,1813500
700,730,R2580,B2580,True,711.0,True,1386400
700,730,R2581,B2581,True,709.0,True,1427200
700,730,R2582,B2582,True,717.0,True,1676800
700,730,R2583,B2583,True,712.0,True,1508700
700,730,R2584,B2584,True,710.0,True,1505500
700,730,R2585,B2585,True,709.0,True,1505500
700,730,R2586,B2586,True,709.0,True,2066100
700,730,R2587,B2587,True,709.0,True,2098400
700,730,R2588,B2588,True,709.0,True,1677800
700,730,R2589,B2589,True,711.0,True,1438100
700,730,R2590,B2590,True,710.0,True,1198900
700,730,R2591,B2591,True,714.0,True,1486500
700,730,R2592,B2592,True,710.0,True,1487700
700,730,R2593,B2593,True,710.0,True,1509100
700,730,R2594,B2594,True,710.0,True,1386400
700,730,R2595,B2595,True,716.0,True,1427200
700,730,R2596,B2596,True,710.0,True,1676800
700,730,R2597,B2597,True,714.0,True,1508700
700,730,R2598,B2598,True,710.0,True,1505500
700,730,R2599,B2599,True,712.0,True,1505500
700,730,R2600,B2600,True,717.0,True,1981700
700,730,R2601,B2601,True,710.0,True,1541900
700,730,R2602,B2602,True,711.0,True,1198900
700,730,R2603,B2603,True,711.0,True,1473000
700,730,R2604,B2604,True,711.0,True,1509100
700,730,R2605,B2605,True,711.0,True,1813500
700,730,R2606,B2606,True,711.0,True,1457100
700,730,R2607,B2607,True,711.0,True,1386400
700,730,R2608,B2608,True,716.0,True,1735600
700,730,R2609,B2609,True,711.0,True,1387400
700,730,R2610,B2610,True,713.0,True,1428200
700,730,R2611,B2611,True,711.0,True,1716600
700,730,R2612,B2612,True,711.0,True,1649300
700,730,R2613,B2613,True,711.0,True,1496500
700,730,R2614,B2614,True,712.0,True,1505500
700,730,R2615,B2615,True,717.0,True,1677800
700,730,R2616,B2616,True,712.0,True,1478400
700,730,R2617,B2617,True,712.0,True,1487700
700,730,R2618,B2618,True,713.0,True,1509100
700,730,R2619,B2619,True,714.0,True,1457100
700,730,R2620,B2620,True,718.0,True,1427200
700,730,R2621,B2621,True,714.0,True,1676800
700,730,R2622,B2622,True,716.0,True,1508700
700,730,R2623,B2623,True,717.0,True,2089400
700,730,R2624,B2624,True,712.0,True,1649300
700,730,R2625,B2625,True,712.0,True,1470100
700,730,R2626,B2626,True,716.0,True,2098400
700,730,R2627,B2627,True,713.0,True,1198900
700,730,R2628,B2628,True,713.0,True,1473000
700,730,R2629,B2629,True,713.0,True,1509100
700,730,R2630,B2630,True,714.0,True,1457100
700,730,R2631,B2631,True,717.0,True,1427200
700,730,R2632,B2632,True,717.0,True,1676800
700,730,R2633-1,B2633-1,True,714.0,True,1508700
700,730,R2633-2,B2633-2,True,713.0,True,1508700
700,730,R2634,B2634,True,713.0,True,1508700
700,730,R2635,B2635,True,713.0,True,1199900
700,730,R2636,B2636,True,713.0,True,1505500
700,730,R2637,B2637,True,713.0,True,2098400
700,730,R2638,B2638,True,718.0,True,2582300
700,730,R2639,B2639,True,715.0,True,1478400
700,730,R2640,B2640,True,718.0,True,1487700
700,730,R2641,B2641,True,719.0,True,1386400
700,730,R2642,B2642,True,720.0,False,1427200
700,730,R2643,B2643,True,714.0,True,1676800
700,730,R2644,B2644,True,715.0,True,1470100
700,730,R2645,B2645,True,714.0,True,1981700
700,730,R2646,B2646,True,714.0,True,1677800
700,730,R2647,B2647,True,717.0,True,1473000
700,730,R2648,B2648,True,716.0,True,1487700
700,730,R2649,B2649,True,720.0,False,1509100
700,730,R2650,B2650,True,715.0,True,1505500
700,730,R2651,B2651,True,715.0,True,1815500
700,730,R2652,B2652,True,715.0,True,1659300
700,730,R2653,B2653,True,720.0,False,2098400
700,730,R2654,B2654,True,715.0,True,2582300
700,730,R2655,B2655,True,719.0,True,1438100
700,730,R2656,B2656,True,719.0,True,1487700
700,730,R2657,B2657,True,716.0,True,1386400
700,730,R2658,B2658,True,722.0,False,1427200
700,730,R2659,B2659,True,719.0,True,1676800
700,730,R2660,B2660,True,720.0,False,1387400
700,730,R2661,B2661,True,716.0,True,2089400
700,730,R2662,B2662,True,716.0,True,1688700
700,730,R2663,B2663,True,718.0,True,1659300
700,730,R2664,B2664,True,716.0,True,1650200
700,730,R2665,B2665,True,716.0,True,2179100
700,730,R2666,B2666,True,717.0,True,1438100
700,730,R2667,B2667,True,719.0,True,1486500
700,730,R2668,B2668,True,719.0,True,1473000
700,730,R2669,B2669,True,717.0,True,1509100
700,730,R2670,B2670,True,722.0,False,1386400
700,730,R2671-1,B2671-1,True,723.0,False,1427200
700,730,R2671-2,B2671-2,True,722.0,False,1427200
700,730,R2672,B2672,True,723.0,False,1427200
700,730,R2673,B2673,True,725.0,False,1676800
700,730,R2674,B2674,True,719.0,True,1387400
700,730,R2675,B2675,True,717.0,True,1496500
700,730,R2676,B2676,True,717.0,True,1505500
700,730,R2677,B2677,True,717.0,True,1677800
700,730,R2678,B2678,True,718.0,True,1198900
700,730,R2679,B2679,True,722.0,False,1487700
700,730,R2680,B2680,True,719.0,True,1386400
700,730,R2681,B2681,True,724.0,False,1427200
700,730,R2682,B2682,True,718.0,True,1508700
700,730,R2683,B2683,True,721.0,False,1670200
700,730,R2684,B2684,True,722.0,False,2213000
700,730,R2685,B2685,True,718.0,True,1496500
700,730,R2686,B2686,True,718.0,True,1537500
700,730,R2687,B2687,True,718.0,True,1470100
700,730,R2688,B2688,True,724.0,False,1487700
700,730,R2689,B2689,True,719.0,True,1813500
700,730,R2690,B2690,True,720.0,False,1901900
700,730,R2691,B2691,True,719.0,True,1457100
700,730,R2692,B2692,True,724.0,False,1386400
700,730,R2693,B2693,True,725.0,False,1427200
700,730,R2694,B2694,True,719.0,True,1508700
700,730,R2695,B2695,True,722.0,False,1505500
700,730,R2696,B2696,True,719.0,True,1649300
700,730,R2697,B2697,True,720.0,False,1496500
700,730,R2698,B2698,True,719.0,True,1937000
700,730,R2699,B2699,True,720.0,False,1474000
700,730,R2700,B2700,True,721.0,False,1486500
700,730,R2701,B2701,True,722.0,False,1487700
700,730,R2702,B2702,True,720.0,False,1457100
700,730,R2703,B2703,True,720.0,False,1386400
700,730,R2704,B2704,True,720.0,False,1427200
700,730,R2705,B2705,True,726.0,False,1676800
700,730,R2706,B2706,True,721.0,False,1508700
700,730,R2707,B2707,True,724.0,False,1387400
700,730,R2708,B2708,True,720.0,False,1560900
700,730,R2709,B2709,True,722.0,False,1649300
700,730,R2710,B2710,True,725.0,False,1198900
700,730,R2711,B2711,True,721.0,False,1160600
700,730,R2712,B2712,True,721.0,False,1478400
700,730,R2713,B2713,True,726.0,False,1487700
700,730,R2714,B2714,True,723.0,False,1386400
700,730,R2715,B2715,True,721.0,False,1508700
700,730,R2716,B2716,True,725.0,False,1387400
700,730,R2717,B2717,True,722.0,False,1286300
700,730,R2718,B2718,True,722.0,False,1688700
700,730,R2719,B2719,True,721.0,False,1505500
700,730,R2720,B2720,True,721.0,False,1659300
700,730,R2721,B2721,True,722.0,False,1937000
700,730,R2722,B2722,True,728.0,False,1981700
700,730,R2723,B2723,True,725.0,False,2098400
700,730,R2724,B2724,True,724.0,False,2223000
700,730,R2725,B2725,True,723.0,False,1457100
700,730,R2726,B2726,True,727.0,False,1386400
700,730,R2727,B2727,True,722.0,False,1427200
700,730,R2728,B2728,True,722.0,False,1735600
700,730,R2729,B2729,True,725.0,False,1387400
700,730,R2730,B2730,True,722.0,False,1286300
700,730,R2731,B2731,True,722.0,False,2066100
700,730,R2732,B2732,True,727.0,False,1198900
700,730,R2733,B2733,True,728.0,False,1487700
700,730,R2734,B2734,True,724.0,False,1509100
700,730,R2735,B2735,True,724.0,False,1457100
700,730,R2736,B2736,True,723.0,False,1427200
700,730,R2737,B2737,True,723.0,False,1508700
700,730,R2738,B2738,True,727.0,False,1387400
700,730,R2739,B2739,True,723.0,False,1505500
700,730,R2740,B2740,True,723.0,False,1715400
700,730,R2741,B2741,True,724.0,False,1478400
700,730,R2742,B2742,True,724.0,False,1457100
700,730,R2743,B2743,True,730.0,False,1427200
700,730,R2744,B2744,True,727.0,False,1508700
700,730,R2745,B2745,True,726.0,False,1387400
700,730,R2746,B2746,True,724.0,False,1505500
700,730,R2747,B2747,True,724.0,False,1649300
700,730,R2748,B2748,True,724.0,False,1505500
700,730,R2749,B2749,True,724.0,False,1470100
700,730,R2750,B2750,True,728.0,False,2098400
700,730,R2751,B2751,True,724.0,False,2524300
700,730,R2752,B2752,True,725.0,False,1438100
700,730,R2753,B2753,True,725.0,False,1473000
700,730,R2754,B2754,True,726.0,False,1487700
700,730,R2755-1,B2755-1,True,728.0,False,1386400
700,730,R2755-2,B2755-2,True,727.0,False,1386400
700,730,R2756-1,B2756-1,True,730.0,False,1427200
700,730,R2756-2,B2756-2,True,726.0,False,1427200
700,730,R2757,B2757,True,725.0,False,1676800
700,730,R2758,B2758,True,725.0,False,1508700
700,730,R2759,B2759,True,725.0,False,1505500
700,730,R2760,B2760,True,727.0,False,2089400
700,730,R2761,B2761,True,725.0,False,1496500
700,730,R2762,B2762,True,725.0,False,1537500
700,730,R2763,B2763,True,725.0,False,1981700
700,730,R2764,B2764,True,725.0,False,2098400
700,730,R2765,B2765,True,726.0,False,1474000
700,730,R2766,B2766,True,726.0,False,1473000
700,730,R2767,B2767,True,726.0,False,1457100
700,730,R2768,B2768,True,727.0,False,1386400
700,730,R2769,B2769,True,726.0,False,1427200
700,730,R2770,B2770,True,730.0,False,1387400
700,730,R2771,B2771,True,726.0,False,1505500
700,730,R2772,B2772,True,726.0,False,1815500
700,730,R2773,B2773,True,726.0,False,2261100
700,730,R2774,B2774,True,726.0,False,1496500
700,730,R2775,B2775,True,726.0,False,1650200
700,730,R2776,B2776,True,727.0,False,1474000
700,730,R2777,B2777,True,729.0,False,1198900
700,730,R2778,B2778,True,728.0,False,1473000
700,730,R2779,B2779,True,727.0,False,1487700
700,730,R2780,B2780,True,727.0,False,1813500
700,730,R2781,B2781,True,727.0,False,1457100
700,730,R2782,B2782,True,728.0,False,1427200
700,730,R2783,B2783,True,727.0,False,1676800
700,730,R2784,B2784,True,727.0,False,1505500
700,730,R2785,B2785,True,727.0,False,1505500
700,730,R2786,B2786,True,727.0,False,2098400
700,730,R2787,B2787,True,727.0,False,1677800
700,730,R2788,B2788,True,728.0,False,1198900
700,730,R2789,B2789,True,729.0,False,1160600
700,730,R2790,B2790,True,729.0,False,1487700
700,730,R2791,B2791,True,728.0,False,1509100
700,730,R2792,B2792,True,730.0,False,1386400
700,730,R2793,B2793,True,728.0,False,1427200
700,730,R2794,B2794,True,728.0,False,1676800
700,730,R2795,B2795,True,728.0,False,1508700
700,730,R2796,B2796,True,730.0,False,1387400
700,730,R2797,B2797,True,728.0,False,1505500
700,730,R2798,B2798,True,728.0,False,1649300
700,730,R2799,B2799,True,728.0,False,1505500
700,730,R2800,B2800,True,728.0,False,1659300
700,730,R2801,B2801,True,728.0,False,2098400
700,730,R2802,B2802,True,728.0,False,1677800
700,730,R2803,B2803,True,730.0,False,1473000
700,730,R2804,B2804,True,729.0,False,1487700
700,730,R2805,B2805,True,729.0,False,1509100
700,730,R2806,B2806,True,730.0,False,1386400
700,730,R2807,B2807,True,729.0,False,1508700
700,730,R2808,B2808,True,729.0,False,1505500
700,730,R2809,B2809,True,729.0,False,1496500
700,730,R2810,B2810,True,730.0,False,1505500
700,730,R2811,B2811,True,729.0,False,1537500
700,730,R2812,B2812,True,729.0,False,2098400
700,730,R2813,B2813,True,730.0,False,1438100
700,730,R2814,B2814,True,730.0,False,1487700
700,730,R2815,B2815,True,730.0,False,1386400
700,730,R2816,B2816,True,730.0,False,1427200
700,730,R2817,B2817,True,730.0,False,1676800
700,730,R2818,B2818,True,730.0,False,1505500
700,730,R2819,B2819,True,730.0,False,1978000
700,730,R2820,B2820,True,730.0,False,1677800
720,750,R2464,B2464,False,,False,1478400
720,750,R2473,B2473,False,,False,1478400
720,750,R2642,B2642,False,,False,1427200
720,750,R2649,B2649,True,720.0,True,1509100
720,750,R2653,B2653,True,720.0,True,2098400
720,750,R2658,B2658,False,,False,1427200
720,750,R2660,B2660,False,,False,1387400
720,750,R2670,B2670,False,,False,1386400
720,750,R2671-1,B2671-1,False,,False,1427200
720,750,R2671-2,B2671-2,False,,False,1427200
720,750,R2672,B2672,False,,False,1427200
720,750,R2673,B2673,True,720.0,True,1676800
720,750,R2679,B2679,True,720.0,True,1487700
720,750,R2681,B2681,False,,False,1427200
720,750,R2683,B2683,True,722.0,True,1670200
720,750,R2684,B2684,True,723.0,True,2213000
720,750,R2688,B2688,True,723.0,True,1487700
720,750,R2690,B2690,True,722.0,True,1901900
720,750,R2692,B2692,False,,False,1386400
720,750,R2693,B2693,False,,False,1427200
720,750,R2695,B2695,True,720.0,True,1505500
720,750,R2697,B2697,True,720.0,True,1496500
720,750,R2699,B2699,True,720.0,True,1474000
720,750,R2700,B2700,True,721.0,True,1486500
720,750,R2701,B2701,True,725.0,True,1487700
720,750,R2702,B2702,False,,False,1457100
720,750,R2703,B2703,False,,False,1386400
720,750,R2704,B2704,True,726.0,True,1427200
720,750,R2705,B2705,True,721.0,True,1676800
720,750,R2706,B2706,True,720.0,True,1508700
720,750,R2707,B2707,True,721.0,True,1387400
720,750,R2708,B2708,True,720.0,True,1560900
720,750,R2709,B2709,True,720.0,True,1649300
720,750,R2710,B2710,False,,False,1198900
720,750,R2711,B2711,False,,False,1160600
720,750,R2712,B2712,True,726.0,True,1478400
720,750,R2713,B2713,True,723.0,True,1487700
720,750,R2714,B2714,True,726.0,True,1386400
720,750,R2715,B2715,True,725.0,True,1508700
720,750,R2716,B2716,True,723.0,True,1387400
720,750,R2717,B2717,True,721.0,True,1286300
720,750,R2718,B2718,True,721.0,True,1688700
720,750,R2719,B2719,True,721.0,True,1505500
720,750,R2720,B2720,True,721.0,True,1659300
720,750,R2721,B2721,False,,False,1937000
720,750,R2722,B2722,True,728.0,True,1981700
720,750,R2723,B2723,True,725.0,True,2098400
720,750,R2724,B2724,True,723.0,True,2223000
720,750,R2725,B2725,True,727.0,True,1457100
720,750,R2726,B2726,True,727.0,True,1386400
720,750,R2727,B2727,True,727.0,True,1427200
720,750,R2728,B2728,True,722.0,True,1735600
720,750,R2729,B2729,True,726.0,True,1387400
720,750,R2730,B2730,True,722.0,True,1286300
720,750,R2731,B2731,True,722.0,True,2066100
720,750,R2732,B2732,True,727.0,True,1198900
720,750,R2733,B2733,True,725.0,True,1487700
720,750,R2734,B2734,True,726.0,True,1509100
720,750,R2735,B2735,True,726.0,True,1457100
720,750,R2736,B2736,True,727.0,True,1427200
720,750,R2737,B2737,True,727.0,True,1508700
720,750,R2738,B2738,True,726.0,True,1387400
720,750,R2739,B2739,True,723.0,True,1505500
720,750,R2740,B2740,True,727.0,True,1715400
720,750,R2741,B2741,True,729.0,True,1478400
720,750,R2742,B2742,True,729.0,True,1457100
720,750,R2743,B2743,True,730.0,True,1427200
720,750,R2744,B2744,True,728.0,True,1508700
720,750,R2745,B2745,True,726.0,True,1387400
720,750,R2746,B2746,True,724.0,True,1505500
720,750,R2747,B2747,True,724.0,True,1649300
720,750,R2748,B2748,True,724.0,True,1505500
720,750,R2749,B2749,False,,False,1470100
720,750,R2750,B2750,True,728.0,True,2098400
720,750,R2751,B2751,True,724.0,True,2524300
720,750,R2752,B2752,True,725.0,True,1438100
720,750,R2753,B2753,True,729.0,True,1473000
720,750,R2754,B2754,True,730.0,True,1487700
720,750,R2755-1,B2755-1,True,728.0,True,1386400
720,750,R2755-2,B2755-2,True,730.0,True,1386400
720,750,R2756-1,B2756-1,True,731.0,True,1427200
720,750,R2756-2,B2756-2,True,731.0,True,1427200
720,750,R2757,B2757,True,725.0,True,1676800
720,750,R2758,B2758,True,725.0,True,1508700
720,750,R2759,B2759,True,727.0,True,1505500
720,750,R2760,B2760,True,727.0,True,2089400
720,750,R2761,B2761,True,725.0,True,1496500
720,750,R2762,B2762,True,729.0,True,1537500
720,750,R2763,B2763,True,725.0,True,1981700
720,750,R2764,B2764,True,725.0,True,2098400
720,750,R2765,B2765,True,727.0,True,1474000
720,750,R2766,B2766,True,726.0,True,1473000
720,750,R2767,B2767,True,731.0,True,1457100
720,750,R2768,B2768,True,730.0,True,1386400
720,750,R2769,B2769,True,732.0,True,1427200
720,750,R2770,B2770,True,729.0,True,1387400
720,750,R2771,B2771,True,727.0,True,1505500
720,750,R2772,B2772,True,726.0,True,1815500
720,750,R2773,B2773,True,726.0,True,2261100
720,750,R2774,B2774,True,726.0,True,1496500
720,750,R2775,B2775,True,729.0,True,1650200
720,750,R2776,B2776,True,727.0,True,1474000
720,750,R2777,B2777,True,728.0,True,1198900
720,750,R2778,B2778,True,729.0,True,1473000
720,750,R2779,B2779,True,727.0,True,1487700
720,750,R2780,B2780,True,727.0,True,1813500
720,750,R2781,B2781,True,732.0,True,1457100
720,750,R2782,B2782,True,733.0,True,1427200
720,750,R2783,B2783,True,728.0,True,1676800
720,750,R2784,B2784,True,727.0,True,1505500
720,750,R2785,B2785,True,730.0,True,1505500
720,750,R2786,B2786,True,727.0,True,2098400
720,750,R2787,B2787,True,735.0,True,1677800
720,750,R2788,B2788,True,728.0,True,1198900
720,750,R2789,B2789,True,728.0,True,1160600
720,750,R2790,B2790,True,733.0,True,1487700
720,750,R2791,B2791,True,729.0,True,1509100
720,750,R2792,B2792,True,732.0,True,1386400
720,750,R2793,B2793,True,728.0,True,1427200
720,750,R2794,B2794,True,733.0,True,1676800
720,750,R2795,B2795,True,730.0,True,1508700
720,750,R2796,B2796,True,729.0,True,1387400
720,750,R2797,B2797,True,728.0,True,1505500
720,750,R2798,B2798,True,728.0,True,1649300
720,750,R2799,B2799,True,728.0,True,1505500
720,750,R2800,B2800,True,728.0,True,1659300
720,750,R2801,B2801,True,732.0,True,2098400
720,750,R2802,B2802,True,733.0,True,1677800
720,750,R2803,B2803,True,730.0,True,1473000
720,750,R2804,B2804,True,729.0,True,1487700
720,750,R2805,B2805,True,729.0,True,1509100
720,750,R2806,B2806,True,733.0,True,1386400
720,750,R2807,B2807,True,731.0,True,1508700
720,750,R2808,B2808,True,730.0,True,1505500
720,750,R2809,B2809,True,729.0,True,1496500
720,750,R2810,B2810,True,729.0,True,1505500
720,750,R2811,B2811,True,732.0,True,1537500
720,750,R2812,B2812,True,729.0,True,2098400
720,750,R2813,B2813,True,733.0,True,1438100
720,750,R2814,B2814,True,735.0,True,1487700
720,750,R2815,B2815,True,733.0,True,1386400
720,750,R2816,B2816,True,730.0,True,1427200
720,750,R2817,B2817,True,730.0,True,1676800
720,750,R2818,B2818,True,730.0,True,1505500
720,750,R2819,B2819,True,730.0,True,1978000
720,750,R2820,B2820,True,730.0,True,1677800
720,750,R2821,B2821,True,733.0,True,1474000
720,750,R2822,B2822,True,735.0,True,1473000
720,750,R2823,B2823,True,735.0,True,1487700
720,750,R2824,B2824,True,731.0,True,1509100
720,750,R2825,B2825,True,736.0,True,1386400
720,750,R2826,B2826,True,738.0,True,1676800
720,750,R2827,B2827,True,732.0,True,1508700
720,750,R2828,B2828,True,732.0,True,1387400
720,750,R2829,B2829,True,731.0,True,1505500
720,750,R2830,B2830,True,732.0,True,1199900
720,750,R2831,B2831,True,731.0,True,1529100
720,750,R2832,B2832,True,731.0,True,1649300
720,750,R2833,B2833,True,731.0,True,1496500
720,750,R2834,B2834,True,731.0,True,1505500
720,750,R2835,B2835,True,735.0,True,1981700
720,750,R2836,B2836,True,737.0,True,1487700
720,750,R2837,B2837,True,732.0,True,1457100
720,750,R2838,B2838,True,737.0,True,1386400
720,750,R2839,B2839,True,735.0,True,1427200
720,750,R2840,B2840,True,741.0,False,1676800
720,750,R2841,B2841,True,732.0,True,1508700
720,750,R2842,B2842,True,736.0,True,1387400
720,750,R2843,B2843,True,732.0,True,1505500
720,750,R2844,B2844,True,732.0,True,1649300
720,750,R2845,B2845,True,732.0,True,1981700
720,750,R2846,B2846,True,738.0,True,2098400
720,750,R2847,B2847,True,737.0,True,2582300
720,750,R2848,B2848,True,739.0,True,1677800
720,750,R2849,B2849,True,732.0,True,1541900
720,750,R2850,B2850,True,735.0,True,1438100
720,750,R2851,B2851,True,733.0,True,1198900
720,750,R2852,B2852,True,733.0,True,1486500
720,750,R2853,B2853,True,733.0,True,1478400
720,750,R2854,B2854,True,737.0,True,1473000
720,750,R2855,B2855,True,734.0,True,1487700
720,750,R2856,B2856,True,737.0,True,1457100
720,750,R2857,B2857,True,738.0,True,1386400
720,750,R2858,B2858,True,733.0,True,1676800
720,750,R2859,B2859,True,733.0,True,1508700
720,750,R2860,B2860,True,733.0,True,1815500
720,750,R2861,B2861,True,739.0,True,1649300
720,750,R2862,B2862,True,734.0,True,1486500
720,750,R2863-1,B2863-1,True,739.0,True,1487700
720,750,R2863-2,B2863-2,True,734.0,True,1487700
720,750,R2864,B2864,True,736.0,True,1386400
720,750,R2865,B2865,True,739.0,True,1427200
720,750,R2866,B2866,True,734.0,True,2076100
720,750,R2867,B2867,True,735.0,True,1676800
720,750,R2868,B2868,True,734.0,True,1505500
720,750,R2869,B2869,True,734.0,True,1496500
720,750,R2870,B2870,True,734.0,True,1505500
720,750,R2871,B2871,True,734.0,True,2582300
720,750,R2872,B2872,True,739.0,True,1198900
720,750,R2873,B2873,True,737.0,True,1473000
720,750,R2874,B2874,True,740.0,False,1457100
720,750,R2875,B2875,True,739.0,True,1386400
720,750,R2876,B2876,True,740.0,False,1427200
720,750,R2877,B2877,True,735.0,True,1505500
720,750,R2878,B2878,True,735.0,True,2213000
720,750,R2879,B2879,True,735.0,True,1649300
720,750,R2880,B2880,True,740.0,False,2098400
720,750,R2881,B2881,True,739.0,True,1198900
720,750,R2882,B2882,True,737.0,True,1473000
720,750,R2883,B2883,True,740.0,False,1487700
720,750,R2884,B2884,True,736.0,True,1813500
720,750,R2885,B2885,True,739.0,True,1386400
720,750,R2886,B2886,True,738.0,True,1427200
720,750,R2887,B2887,True,736.0,True,1508700
720,750,R2888,B2888,True,737.0,True,1387400
720,750,R2889,B2889,True,740.0,False,1505500
720,750,R2890,B2890,True,736.0,True,1937000
720,750,R2891,B2891,True,736.0,True,2066100
720,750,R2892,B2892,True,737.0,True,2098400
720,750,R2893,B2893,True,737.0,True,1457100
720,750,R2894-1,B2894-1,True,742.0,False,1427200
720,750,R2894-2,B2894-2,True,741.0,False,1427200
720,750,R2895,B2895,True,737.0,True,1508700
720,750,R2896,B2896,True,737.0,True,1978000
720,750,R2897,B2897,True,737.0,True,1505500
720,750,R2898,B2898,True,737.0,True,2223000
720,750,R2899,B2899,True,738.0,True,1438100
720,750,R2900,B2900,True,738.0,True,1972700
720,750,R2901,B2901,True,742.0,False,1487700
720,750,R2902,B2902,True,742.0,False,1386400
720,750,R2903,B2903,True,744.0,False,1427200
720,750,R2904,B2904,True,741.0,False,1508700
720,750,R2905,B2905,True,738.0,True,1505500
720,750,R2906,B2906,True,738.0,True,2213000
720,750,R2907,B2907,True,743.0,False,1649300
720,750,R2908,B2908,True,738.0,True,2261100
720,750,R2909,B2909,True,738.0,True,1981700
720,750,R2910,B2910,True,739.0,True,1474000
720,750,R2911,B2911,True,739.0,True,1487700
720,750,R2912,B2912,True,739.0,True,1386400
720,750,R2913,B2913,True,739.0,True,1508700
720,750,R2914,B2914,True,739.0,True,1505500
720,750,R2915,B2915,True,744.0,False,1900900
720,750,R2916,B2916,True,745.0,False,1386400
720,750,R2917,B2917,True,741.0,False,1387400
720,750,R2918,B2918,True,741.0,False,1505500
720,750,R2919,B2919,True,740.0,False,1669200
720,750,R2920,B2920,True,744.0,False,2098400
720,750,R2921,B2921,True,741.0,False,1437100
720,750,R2922,B2922,True,741.0,False,1900900
720,750,R2923,B2923,True,745.0,False,1386400
720,750,R2924,B2924,True,741.0,False,1387400
720,750,R2925,B2925,True,743.0,False,1669200
720,750,R2926,B2926,True,741.0,False,1496500
720,750,R2927,B2927,True,741.0,False,1365000
720,750,R2928,B2928,True,742.0,False,1659300
720,750,R2929,B2929,True,741.0,False,2098400
720,750,R2930,B2930,True,746.0,False,1923100
720,750,R2931,B2931,True,742.0,False,1473000
720,750,R2932,B2932,True,745.0,False,1199900
720,750,R2933,B2933,True,745.0,False,1160600
720,750,R2934,B2934,True,742.0,False,1485500
720,750,R2935,B2935,True,746.0,False,1473000
720,750,R2936,B2936,True,748.0,False,1508100
720,750,R2937,B2937,True,743.0,False,1507700
720,750,R2938,B2938,True,742.0,False,1659300
720,750,R2939,B2939,True,742.0,False,1714400
720,750,R2940,B2940,True,747.0,False,2098400
720,750,R2941,B2941,True,743.0,False,1473000
720,750,R2942,B2942,True,745.0,False,1485500
720,750,R2943,B2943,True,743.0,False,1508100
720,750,R2944,B2944,True,743.0,False,1507700
720,750,R2945,B2945,True,744.0,False,1387400
720,750,R2946,B2946,True,744.0,False,1437100
720,750,R2947,B2947,True,744.0,False,1473000
720,750,R2948,B2948,True,744.0,False,1427200
720,750,R2949,B2949,True,746.0,False,1387400
720,750,R2950,B2950,True,744.0,False,1505500
720,750,R2951,B2951,True,744.0,False,1650200
720,750,R2952,B2952,True,744.0,False,1938000
720,750,R2953,B2953,True,744.0,False,2098400
720,750,R2954,B2954,True,745.0,False,1485500
720,750,R2955,B2955,True,745.0,False,1487700
720,750,R2956,B2956,True,745.0,False,1508100
720,750,R2957,B2957,True,747.0,False,1386400
720,750,R2958,B2958,True,745.0,False,1423900
720,750,R2959,B2959,True,745.0,False,1505500
720,750,R2960,B2960,True,745.0,False,1938000
720,750,R2961,B2961,True,745.0,False,2098400
720,750,R2962,B2962,True,747.0,False,1437100
720,750,R2963,B2963,True,746.0,False,1160600
720,750,R2964,B2964,True,746.0,False,1706400
720,750,R2965,B2965,True,746.0,False,1473000
720,750,R2966,B2966,True,746.0,False,1387400
720,750,R2967,B2967,True,746.0,False,1161600
720,750,R2968,B2968,True,746.0,False,1659300
720,750,R2969,B2969,True,747.0,False,1437100
720,750,R2970,B2970,True,747.0,False,1471100
720,750,R2971,B2971,True,747.0,False,1387400
720,750,R2972,B2972,True,747.0,False,1650200
720,750,R2973,B2973,True,750.0,False,1437100
720,750,R2974,B2974,True,748.0,False,1199900
720,750,R2975,B2975,True,750.0,False,1508100
720,750,R2976,B2976,True,749.0,False,1659300
720,750,R2977,B2977,True,749.0,False,1473000
720,750,R2978,B2978,True,749.0,False,1677800
720,750,R2979,B2979,True,749.0,False,1507700
720,750,R2980-1,B2980-1,True,749.0,False,1387400
720,750,R2980-2,B2980-2,True,749.0,False,1387400
720,750,R2981,B2981,True,749.0,False,1387400
720,750,R2982,B2982,True,749.0,False,1669200
720,750,R2983,B2983,True,749.0,False,1659300
720,750,R2984,B2984,True,749.0,False,1714400
720,750,R2985,B2985,True,750.0,False,1437100
720,750,R2986,B2986,True,750.0,False,1507700
720,750,R2987,B2987,True,750.0,False,1505500
720,750,R2988,B2988,True,750.0,False,2260100
740,770,R2721,B2721,False,,False,1937000
740,770,R2749,B2749,False,,False,1470100
740,770,R2840,B2840,True,740.0,True,1676800
740,770,R2874,B2874,False,,False,1457100
740,770,R2876,B2876,False,,False,1427200
740,770,R2880,B2880,True,740.0,True,2098400
740,770,R2883,B2883,True,740.0,True,1487700
740,770,R2889,B2889,True,740.0,True,1505500
740,770,R2894-1,B2894-1,False,,False,1427200
740,770,R2894-2,B2894-2,False,,False,1427200
740,770,R2901,B2901,True,743.0,True,1487700
740,770,R2902,B2902,False,,False,1386400
740,770,R2903,B2903,False,,False,1427200
740,770,R2904,B2904,True,740.0,True,1508700
740,770,R2907,B2907,True,740.0,True,1649300
740,770,R2915,B2915,True,744.0,True,1900900
740,770,R2916,B2916,False,,False,1386400
740,770,R2917,B2917,True,740.0,True,1387400
740,770,R2918,B2918,True,743.0,True,1505500
740,770,R2919,B2919,True,741.0,True,1669200
740,770,R2920,B2920,True,744.0,True,2098400
740,770,R2921,B2921,True,742.0,True,1437100
740,770,R2922,B2922,True,741.0,True,1900900
740,770,R2923,B2923,False,,False,1386400
740,770,R2924,B2924,True,743.0,True,1387400
740,770,R2925,B2925,True,741.0,True,1669200
740,770,R2926,B2926,True,741.0,True,1496500
740,770,R2927,B2927,True,741.0,True,1365000
740,770,R2928,B2928,True,741.0,True,1659300
740,770,R2929,B2929,True,741.0,True,2098400
740,770,R2930,B2930,True,746.0,True,1923100
740,770,R2931,B2931,True,742.0,True,1473000
740,770,R2932,B2932,True,744.0,True,1199900
740,770,R2933,B2933,True,744.0,True,1160600
740,770,R2934,B2934,True,742.0,True,1485500
740,770,R2935,B2935,True,746.0,True,1473000
740,770,R2936,B2936,True,742.0,True,1508100
740,770,R2937,B2937,True,744.0,True,1507700
740,770,R2938,B2938,True,746.0,True,1659300
740,770,R2939,B2939,True,747.0,True,1714400
740,770,R2940,B2940,True,747.0,True,2098400
740,770,R2941,B2941,True,745.0,True,1473000
740,770,R2942,B2942,True,745.0,True,1485500
740,770,R2943,B2943,True,744.0,True,1508100
740,770,R2944,B2944,True,748.0,True,1507700
740,770,R2945,B2945,True,743.0,True,1387400
740,770,R2946,B2946,True,745.0,True,1437100
740,770,R2947,B2947,True,748.0,True,1473000
740,770,R2948,B2948,True,749.0,True,1427200
740,770,R2949,B2949,True,744.0,True,1387400
740,770,R2950,B2950,True,746.0,True,1505500
740,770,R2951,B2951,True,747.0,True,1650200
740,770,R2952,B2952,True,744.0,True,1938000
740,770,R2953,B2953,True,744.0,True,2098400
740,770,R2954,B2954,True,745.0,True,1485500
740,770,R2955,B2955,True,745.0,True,1487700
740,770,R2956,B2956,True,750.0,True,1508100
740,770,R2957,B2957,True,747.0,True,1386400
740,770,R2958,B2958,True,747.0,True,1423900
740,770,R2959,B2959,True,745.0,True,1505500
740,770,R2960,B2960,True,746.0,True,1938000
740,770,R2961,B2961,True,745.0,True,2098400
740,770,R2962,B2962,True,750.0,True,1437100
740,770,R2963,B2963,True,746.0,True,1160600
740,770,R2964,B2964,True,746.0,True,1706400
740,770,R2965,B2965,True,751.0,True,1473000
740,770,R2966,B2966,True,747.0,True,1387400
740,770,R2967,B2967,True,746.0,True,1161600
740,770,R2968,B2968,True,746.0,True,1659300
740,770,R2969,B2969,True,748.0,True,1437100
740,770,R2970,B2970,True,747.0,True,1471100
740,770,R2971,B2971,True,747.0,True,1387400
740,770,R2972,B2972,True,747.0,True,1650200
740,770,R2973,B2973,True,753.0,True,1437100
740,770,R2974,B2974,True,748.0,True,1199900
740,770,R2975,B2975,True,748.0,True,1508100
740,770,R2976,B2976,True,752.0,True,1659300
740,770,R2977,B2977,True,752.0,True,1473000
740,770,R2978,B2978,True,750.0,True,1677800
740,770,R2979,B2979,True,750.0,True,1507700
740,770,R2980-1,B2980-1,True,752.0,True,1387400
740,770,R2980-2,B2980-2,True,749.0,True,1387400
740,770,R2981,B2981,True,749.0,True,1387400
740,770,R2982,B2982,True,749.0,True,1669200
740,770,R2983,B2983,True,749.0,True,1659300
740,770,R2984,B2984,True,749.0,True,1714400
740,770,R2985,B2985,True,751.0,True,1437100
740,770,R2986,B2986,True,751.0,True,1507700
740,770,R2987,B2987,True,751.0,True,1505500
740,770,R2988,B2988,True,750.0,True,2260100
740,770,R2989,B2989,True,751.0,True,1473000
740,770,R2990,B2990,True,751.0,True,1437100
740,770,R2991,B2991,True,753.0,True,1485500
740,770,R2992,B2992,True,751.0,True,1487700
740,770,R2993,B2993,True,751.0,True,1736600
740,770,R2994,B2994,True,752.0,True,1387400
740,770,R2995,B2995,True,751.0,True,1505500
740,770,R2996,B2996,True,755.0,True,1669200
740,770,R2997,B2997,True,751.0,True,2270100
740,770,R2998,B2998,True,752.0,True,1485500
740,770,R2999,B2999,True,752.0,True,1487700
740,770,R3000,B3000,True,757.0,True,1386400
740,770,R3001,B3001,True,756.0,True,1507700
740,770,R3002,B3002,True,752.0,True,1387400
740,770,R3003,B3003,True,754.0,True,1473000
740,770,R3004,B3004,True,754.0,True,1437100
740,770,R3005,B3005,True,755.0,True,1485500
740,770,R3006,B3006,True,753.0,True,1473000
740,770,R3007,B3007,True,755.0,True,1487700
740,770,R3008,B3008,True,755.0,True,1508100
740,770,R3009,B3009,True,753.0,True,1387400
740,770,R3010,B3010,True,753.0,True,1365000
740,770,R3011,B3011,True,754.0,True,1437100
740,770,R3012,B3012,True,759.0,True,1508100
740,770,R3013,B3013,True,754.0,True,1812500
740,770,R3014,B3014,True,757.0,True,1427200
740,770,R3015,B3015,True,754.0,True,1507700
740,770,R3016,B3016,True,754.0,True,1669200
740,770,R3017,B3017,True,754.0,True,2260100
740,770,R3018,B3018,True,755.0,True,1437100
740,770,R3019,B3019,True,758.0,True,1199900
740,770,R3020,B3020,True,756.0,True,1485500
740,770,R3021,B3021,True,755.0,True,1706400
740,770,R3022,B3022,True,755.0,True,1508100
740,770,R3023,B3023,True,755.0,True,1938000
740,770,R3024,B3024,True,757.0,True,1437100
740,770,R3025,B3025,True,756.0,True,1485500
740,770,R3026,B3026,True,756.0,True,1487700
740,770,R3027,B3027,True,756.0,True,1508100
740,770,R3028,B3028,True,757.0,True,1508100
740,770,R3029,B3029,True,760.0,False,1736600
740,770,R3030,B3030,True,757.0,True,1387400
740,770,R3031,B3031,True,757.0,True,1505500
740,770,R3032,B3032,True,758.0,True,1437100
740,770,R3033,B3033,True,758.0,True,1387400
740,770,R3034,B3034,True,765.0,False,2086400
740,770,R3035,B3035,True,758.0,True,1659300
740,770,R3036,B3036,True,758.0,True,1938000
740,770,R3037,B3037,True,761.0,False,1437100
740,770,R3038,B3038,True,759.0,True,1487700
740,770,R3039,B3039,True,759.0,True,1508100
740,770,R3040,B3040,True,760.0,False,1387400
740,770,R3041,B3041,True,760.0,False,1427200
740,770,R3042,B3042,True,759.0,True,1161600
740,770,R3043,B3043,True,761.0,False,1714400
740,770,R3044,B3044,True,760.0,False,1938000
740,770,R3045,B3045,True,760.0,False,1473000
740,770,R3046,B3046,True,760.0,False,1437100
740,770,R3047,B3047,True,760.0,False,1485500
740,770,R3048,B3048,True,761.0,False,1473000
740,770,R3049,B3049,True,762.0,False,1487700
740,770,R3050,B3050,True,760.0,False,1508100
740,770,R3051,B3051,True,760.0,False,1528100
740,770,R3052,B3052,True,761.0,False,1473000
740,770,R3053,B3053,True,765.0,False,2260100
740,770,R3054,B3054,True,764.0,False,2098400
740,770,R3055,B3055,True,765.0,False,1541900
740,770,R3056,B3056,True,762.0,False,1706400
740,770,R3057,B3057,True,764.0,False,1473000
740,770,R3058,B3058,True,762.0,False,1387400
740,770,R3059,B3059,True,762.0,False,1505500
740,770,R3060,B3060,True,767.0,False,1669200
740,770,R3061,B3061,True,762.0,False,2086400
740,770,R3062,B3062,True,762.0,False,2260100
740,770,R3063,B3063,True,762.0,False,1365000
740,770,R3064,B3064,True,763.0,False,1487700
740,770,R3065,B3065,True,763.0,False,1507700
740,770,R3066,B3066,True,763.0,False,1387400
740,770,R3067,B3067,True,763.0,False,1423900
740,770,R3068,B3068,True,764.0,False,1473000
740,770,R3069,B3069,True,765.0,False,1160600
740,770,R3070,B3070,True,768.0,False,1473000
740,770,R3071,B3071,True,764.0,False,1508100
740,770,R3072,B3072,True,764.0,False,1387400
740,770,R3073,B3073,True,765.0,False,1505500
740,770,R3074,B3074,True,764.0,False,1669200
740,770,R3075,B3075,True,764.0,False,1496500
740,770,R3076,B3076,True,764.0,False,1659300
740,770,R3077,B3077,True,765.0,False,1473000
740,770,R3078,B3078,True,766.0,False,1487700
740,770,R3079,B3079,True,765.0,False,1386400
740,770,R3080,B3080,True,766.0,False,1427200
740,770,R3081,B3081,True,766.0,False,1387400
740,770,R3082,B3082,True,765.0,False,1669200
740,770,R3083,B3083,True,767.0,False,1437100
740,770,R3084,B3084,True,766.0,False,1487700
740,770,R3085,B3085,True,767.0,False,1387400
740,770,R3086,B3086,True,767.0,False,1496500
740,770,R3087,B3087,True,766.0,False,1365000
740,770,R3088,B3088,True,770.0,False,1714400
740,770,R3089,B3089,True,767.0,False,1969700
740,770,R3090,B3090,True,767.0,False,1508100
740,770,R3091,B3091,True,767.0,False,1812500
740,770,R3092,B3092,True,768.0,False,1386400
740,770,R3093,B3093,True,767.0,False,1387400
740,770,R3094,B3094,True,767.0,False,1714400
740,770,R3095,B3095,True,767.0,False,1938000
740,770,R3096,B3096,True,770.0,False,1437100
740,770,R3097,B3097,True,769.0,False,1487700
740,770,R3098,B3098,True,770.0,False,1508100
740,770,R3099,B3099,True,768.0,False,1736600
740,770,R3100,B3100,True,768.0,False,1387400
740,770,R3101,B3101,True,768.0,False,1659300
740,770,R3102,B3102,True,768.0,False,1479400
740,770,R3103,B3103,True,769.0,False,1473000
740,770,R3104,B3104,True,770.0,False,1473000
740,770,R3105,B3105,True,769.0,False,1471100
740,770,R3106,B3106,True,769.0,False,1507700
740,770,R3107,B3107,True,770.0,False,1387400
740,770,R3108,B3108,True,769.0,False,1505500
740,770,R3109,B3109,True,770.0,False,1938000
740,770,R3110,B3110,True,770.0,False,1437100
740,770,R3111,B3111,True,770.0,False,1485500
740,770,R3112,B3112,True,770.0,False,1706400
740,770,R3113,B3113,True,770.0,False,1487700
740,770,R3114,B3114,True,770.0,False,1508100
740,770,R3115,B3115,True,770.0,False,1507700
740,770,R3116,B3116,True,770.0,False,1387400
760,790,R3029,B3029,True,760.0,True,1736600
760,790,R3034,B3034,True,765.0,True,2086400
760,790,R3037,B3037,True,764.0,True,1437100
760,790,R3040,B3040,True,760.0,True,1387400
760,790,R3041,B3041,True,764.0,True,1427200
760,790,R3043,B3043,True,763.0,True,1714400
760,790,R3044,B3044,True,760.0,True,1938000
760,790,R3045,B3045,True,760.0,True,1473000
760,790,R3046,B3046,True,764.0,True,1437100
760,790,R3047,B3047,True,760.0,True,1485500
760,790,R3048,B3048,True,763.0,True,1473000
760,790,R3049,B3049,True,763.0,True,1487700
760,790,R3050,B3050,True,760.0,True,1508100
760,790,R3051,B3051,True,760.0,True,1528100
760,790,R3052,B3052,True,766.0,True,1473000
760,790,R3053,B3053,True,767.0,True,2260100
760,790,R3054,B3054,True,764.0,True,2098400
760,790,R3055,B3055,True,765.0,True,1541900
760,790,R3056,B3056,True,765.0,True,1706400
760,790,R3057,B3057,True,763.0,True,1473000
760,790,R3058,B3058,True,763.0,True,1387400
760,790,R3059,B3059,True,762.0,True,1505500
760,790,R3060,B3060,True,767.0,True,1669200
760,790,R3061,B3061,True,762.0,True,2086400
760,790,R3062,B3062,True,762.0,True,2260100
760,790,R3063,B3063,True,762.0,True,1365000
760,790,R3064,B3064,True,768.0,True,1487700
760,790,R3065,B3065,True,763.0,True,1507700
760,790,R3066,B3066,True,763.0,True,1387400
760,790,R3067,B3067,True,763.0,True,1423900
760,790,R3068,B3068,True,764.0,True,1473000
760,790,R3069,B3069,True,764.0,True,1160600
760,790,R3070,B3070,True,769.0,True,1473000
760,790,R3071,B3071,True,764.0,True,1508100
760,790,R3072,B3072,True,764.0,True,1387400
760,790,R3073,B3073,True,765.0,True,1505500
760,790,R3074,B3074,True,764.0,True,1669200
760,790,R3075,B3075,True,764.0,True,1496500
760,790,R3076,B3076,True,768.0,True,1659300
760,790,R3077,B3077,True,765.0,True,1473000
760,790,R3078,B3078,True,765.0,True,1487700
760,790,R3079,B3079,True,765.0,True,1386400
760,790,R3080,B3080,True,766.0,True,1427200
760,790,R3081,B3081,True,766.0,True,1387400
760,790,R3082,B3082,True,765.0,True,1669200
760,790,R3083,B3083,True,766.0,True,1437100
760,790,R3084,B3084,True,768.0,True,1487700
760,790,R3085,B3085,True,767.0,True,1387400
760,790,R3086,B3086,True,766.0,True,1496500
760,790,R3087,B3087,True,766.0,True,1365000
760,790,R3088,B3088,True,770.0,True,1714400
760,790,R3089,B3089,True,772.0,True,1969700
760,790,R3090,B3090,True,773.0,True,1508100
760,790,R3091,B3091,True,767.0,True,1812500
760,790,R3092,B3092,True,768.0,True,1386400
760,790,R3093,B3093,True,767.0,True,1387400
760,790,R3094,B3094,True,767.0,True,1714400
760,790,R3095,B3095,True,767.0,True,1938000
760,790,R3096,B3096,True,768.0,True,1437100
760,790,R3097,B3097,True,768.0,True,1487700
760,790,R3098,B3098,True,774.0,True,1508100
760,790,R3099,B3099,True,768.0,True,1736600
760,790,R3100,B3100,True,768.0,True,1387400
760,790,R3101,B3101,True,768.0,True,1659300
760,790,R3102,B3102,True,768.0,True,1479400
760,790,R3103,B3103,True,769.0,True,1473000
760,790,R3104,B3104,True,771.0,True,1473000
760,790,R3105,B3105,True,769.0,True,1471100
760,790,R3106,B3106,True,771.0,True,1507700
760,790,R3107,B3107,True,770.0,True,1387400
760,790,R3108,B3108,True,769.0,True,1505500
760,790,R3109,B3109,True,770.0,True,1938000
760,790,R3110,B3110,True,771.0,True,1437100
760,790,R3111,B3111,True,770.0,True,1485500
760,790,R3112,B3112,True,770.0,True,1706400
760,790,R3113,B3113,True,771.0,True,1487700
760,790,R3114,B3114,True,770.0,True,1508100
760,790,R3115,B3115,True,770.0,True,1507700
760,790,R3116,B3116,True,771.0,True,1387400
760,790,R3117,B3117,True,771.0,True,1473000
760,790,R3118,B3118,True,776.0,True,1437100
760,790,R3119,B3119,True,773.0,True,1485500
760,790,R3120,B3120,True,771.0,True,1508100
760,790,R3121,B3121,True,771.0,True,1386400
760,790,R3122,B3122,True,771.0,True,1387400
760,790,R3123,B3123,True,771.0,True,1161600
760,790,R3124,B3124,True,771.0,True,1538500
760,790,R3125,B3125,True,774.0,True,1714400
760,790,R3126,B3126,True,772.0,True,1160600
760,790,R3127,B3127,True,772.0,True,1485500
760,790,R3128,B3128,True,778.0,True,1427200
760,790,R3129,B3129,True,772.0,True,1505500
760,790,R3130,B3130,True,776.0,True,2260100
760,790,R3131,B3131,True,779.0,True,2098400
760,790,R3132,B3132,True,775.0,True,1485500
760,790,R3133,B3133,True,773.0,True,1706400
760,790,R3134,B3134,True,777.0,True,1508100
760,790,R3135,B3135,True,775.0,True,1387400
760,790,R3136,B3136,True,773.0,True,2260100
760,790,R3137,B3137,True,779.0,True,1437100
760,790,R3138,B3138,True,774.0,True,1485500
760,790,R3139,B3139,True,774.0,True,1473000
760,790,R3140,B3140,True,774.0,True,1508100
760,790,R3141,B3141,True,774.0,True,1386400
760,790,R3142,B3142,True,774.0,True,1507700
760,790,R3143,B3143,True,774.0,True,1387400
760,790,R3144,B3144,True,775.0,True,1199900
760,790,R3145,B3145,True,775.0,True,1487700
760,790,R3146,B3146,True,775.0,True,1386400
760,790,R3147,B3147,True,775.0,True,1427200
760,790,R3148,B3148,True,775.0,True,1387400
760,790,R3149,B3149,True,777.0,True,1485500
760,790,R3150,B3150,True,780.0,False,1387400
760,790,R3151,B3151,True,776.0,True,1505500
760,790,R3152,B3152,True,781.0,False,1669200
760,790,R3153,B3153,True,776.0,True,2098400
760,790,R3154,B3154,True,781.0,False,1437100
760,790,R3155,B3155,True,777.0,True,1485500
760,790,R3156,B3156,True,778.0,True,1487700
760,790,R3157,B3157,True,778.0,True,1386400
760,790,R3158,B3158,True,777.0,True,1507700
760,790,R3159,B3159,True,777.0,True,1387400
760,790,R3160,B3160,True,777.0,True,1365000
760,790,R3161,B3161,True,778.0,True,1437100
760,790,R3162,B3162,True,778.0,True,1706400
760,790,R3163,B3163,True,778.0,True,1508100
760,790,R3164,B3164,True,779.0,True,1387400
760,790,R3165,B3165,True,778.0,True,1669200
760,790,R3166,B3166,True,782.0,False,1437100
760,790,R3167,B3167,True,780.0,False,1473000
760,790,R3168,B3168,True,779.0,True,1487700
760,790,R3169,B3169,True,785.0,False,1427200
760,790,R3170,B3170,True,779.0,True,1387400
760,790,R3171,B3171,True,780.0,False,1365000
760,790,R3172,B3172,True,781.0,False,1437100
760,790,R3173,B3173,True,781.0,False,1706400
760,790,R3174,B3174,True,780.0,False,1736600
760,790,R3175,B3175,True,780.0,False,1507700
760,790,R3176,B3176,True,781.0,False,1473000
760,790,R3177,B3177,True,781.0,False,1437100
760,790,R3178,B3178,True,783.0,False,1473000
760,790,R3179,B3179,True,781.0,False,1487700
760,790,R3180,B3180,True,785.0,False,1387400
760,790,R3181,B3181,True,781.0,False,1365000
760,790,R3182,B3182,True,784.0,False,1437100
760,790,R3183,B3183,True,782.0,False,1427200
760,790,R3184,B3184,True,782.0,False,1505500
760,790,R3185,B3185,True,784.0,False,1473000
760,790,R3186,B3186,True,784.0,False,1160600
760,790,R3187,B3187,True,783.0,False,1485500
760,790,R3188,B3188,True,784.0,False,1487700
760,790,R3189,B3189,True,783.0,False,1508100
760,790,R3190,B3190,True,783.0,False,1505500
760,790,R3191,B3191,True,784.0,False,1365000
760,790,R3192,B3192,True,783.0,False,1470100
760,790,R3193,B3193,True,784.0,False,1473000
760,790,R3194,B3194,True,784.0,False,1437100
760,790,R3195,B3195,True,787.0,False,1160600
760,790,R3196,B3196,True,784.0,False,1508100
760,790,R3197,B3197,True,784.0,False,1507700
760,790,R3198,B3198,True,784.0,False,1528100
760,790,R3199,B3199,True,790.0,False,1437100
760,790,R3200,B3200,True,785.0,False,1473000
760,790,R3201,B3201,True,790.0,False,1812500
760,790,R3202,B3202,True,785.0,False,1386400
760,790,R3203,B3203,True,787.0,False,1507700
760,790,R3204,B3204,True,785.0,False,1387400
760,790,R3205,B3205,True,785.0,False,1669200
760,790,R3206,B3206,True,785.0,False,2098400
760,790,R3207,B3207,True,787.0,False,1473000
760,790,R3208,B3208,True,786.0,False,1437100
760,790,R3209,B3209,True,786.0,False,1199900
760,790,R3210,B3210,True,787.0,False,1160600
760,790,R3211,B3211,True,786.0,False,1485500
760,790,R3212,B3212,True,788.0,False,1473000
760,790,R3213,B3213,True,786.0,False,1508100
760,790,R3214,B3214,True,786.0,False,1427200
760,790,R3215,B3215,True,786.0,False,1387400
760,790,R3216,B3216,True,786.0,False,1505500
760,790,R3217,B3217,True,786.0,False,1505500
760,790,R3218,B3218,True,790.0,False,1659300
760,790,R3219,B3219,True,789.0,False,1473000
760,790,R3220,B3220,True,787.0,False,1812500
760,790,R3221,B3221,True,787.0,False,1507700
760,790,R3222,B3222,True,788.0,False,1387400
760,790,R3223,B3223,True,787.0,False,2086400
760,790,R3224,B3224,True,787.0,False,1659300
760,790,R3225,B3225,True,787.0,False,1714400
760,790,R3226,B3226,True,789.0,False,1437100
760,790,R3227,B3227,True,789.0,False,1508100
760,790,R3228,B3228,True,788.0,False,1669200
760,790,R3229,B3229,True,789.0,False,1437100
760,790,R3230,B3230,True,789.0,False,1473000
760,790,R3231,B3231,True,789.0,False,1508100
760,790,R3232,B3232,True,789.0,False,1387400
760,790,R3233,B3233,True,789.0,False,1505500
760,790,R3234,B3234,True,790.0,False,1485500
760,790,R3235,B3235,True,790.0,False,1508100
760,790,R3236,B3236,True,790.0,False,1507700
760,790,R3237,B3237,True,790.0,False,1669200
760,790,R3238,B3238,True,790.0,False,2260100
760,790,R3239,B3239,True,790.0,False,1938000
780,810,R3150,B3150,False,,False,1387400
780,810,R3152,B3152,True,780.0,True,1669200
780,810,R3154,B3154,True,780.0,True,1437100
780,810,R3166,B3166,True,780.0,True,1437100
780,810,R3167,B3167,True,783.0,True,1473000
780,810,R3169,B3169,True,785.0,True,1427200
780,810,R3171,B3171,True,780.0,True,1365000
780,810,R3172,B3172,True,784.0,True,1437100
780,810,R3173,B3173,True,784.0,True,1706400
780,810,R3174,B3174,True,780.0,True,1736600
780,810,R3175,B3175,True,780.0,True,1507700
780,810,R3176,B3176,True,781.0,True,1473000
780,810,R3177,B3177,True,786.0,True,1437100
780,810,R3178,B3178,True,783.0,True,1473000
780,810,R3179,B3179,True,783.0,True,1487700
780,810,R3180,B3180,True,783.0,True,1387400
780,810,R3181,B3181,True,781.0,True,1365000
780,810,R3182,B3182,True,786.0,True,1437100
780,810,R3183,B3183,True,782.0,True,1427200
780,810,R3184,B3184,True,782.0,True,1505500
780,810,R3185,B3185,True,784.0,True,1473000
780,810,R3186,B3186,True,786.0,True,1160600
780,810,R3187,B3187,True,783.0,True,1485500
780,810,R3188,B3188,True,785.0,True,1487700
780,810,R3189,B3189,True,783.0,True,1508100
780,810,R3190,B3190,True,783.0,True,1505500
780,810,R3191,B3191,True,783.0,True,1365000
780,810,R3192,B3192,True,783.0,True,1470100
780,810,R3193,B3193,True,784.0,True,1473000
780,810,R3194,B3194,True,788.0,True,1437100
780,810,R3195,B3195,True,788.0,True,1160600
780,810,R3196,B3196,True,784.0,True,1508100
780,810,R3197,B3197,True,784.0,True,1507700
780,810,R3198,B3198,True,784.0,True,1528100
780,810,R3199,B3199,True,789.0,True,1437100
780,810,R3200,B3200,True,786.0,True,1473000
780,810,R3201,B3201,True,792.0,True,1812500
780,810,R3202,B3202,True,785.0,True,1386400
780,810,R3203,B3203,True,785.0,True,1507700
780,810,R3204,B3204,True,786.0,True,1387400
780,810,R3205,B3205,True,786.0,True,1669200
780,810,R3206,B3206,True,785.0,True,2098400
780,810,R3207,B3207,True,787.0,True,1473000
780,810,R3208,B3208,True,786.0,True,1437100
780,810,R3209,B3209,True,788.0,True,1199900
780,810,R3210,B3210,True,788.0,True,1160600
780,810,R3211,B3211,True,786.0,True,1485500
780,810,R3212,B3212,True,791.0,True,1473000
780,810,R3213,B3213,True,791.0,True,1508100
780,810,R3214,B3214,True,786.0,True,1427200
780,810,R3215,B3215,True,786.0,True,1387400
780,810,R3216,B3216,True,786.0,True,1505500
780,810,R3217,B3217,True,786.0,True,1505500
780,810,R3218,B3218,True,790.0,True,1659300
780,810,R3219,B3219,True,787.0,True,1473000
780,810,R3220,B3220,True,787.0,True,1812500
780,810,R3221,B3221,True,787.0,True,1507700
780,810,R3222,B3222,True,789.0,True,1387400
780,810,R3223,B3223,True,787.0,True,2086400
780,810,R3224,B3224,True,787.0,True,1659300
780,810,R3225,B3225,True,787.0,True,1714400
780,810,R3226,B3226,True,789.0,True,1437100
780,810,R3227,B3227,True,788.0,True,1508100
780,810,R3228,B3228,True,789.0,True,1669200
780,810,R3229,B3229,True,794.0,True,1437100
780,810,R3230,B3230,True,794.0,True,1473000
780,810,R3231,B3231,True,793.0,True,1508100
780,810,R3232,B3232,True,789.0,True,1387400
780,810,R3233,B3233,True,789.0,True,1505500
780,810,R3234,B3234,True,790.0,True,1485500
780,810,R3235,B3235,True,790.0,True,1508100
780,810,R3236,B3236,True,794.0,True,1507700
780,810,R3237,B3237,True,790.0,True,1669200
780,810,R3238,B3238,True,794.0,True,2260100
780,810,R3239,B3239,True,790.0,True,1938000
780,810,R3240,B3240,True,791.0,True,1473000
780,810,R3241,B3241,True,792.0,True,1199900
780,810,R3242,B3242,True,796.0,True,1473000
780,810,R3243,B3243,True,791.0,True,1487700
780,810,R3244,B3244,True,793.0,True,1386400
780,810,R3245,B3245,True,791.0,True,1507700
780,810,R3246,B3246,True,791.0,True,1387400
780,810,R3247,B3247,True,791.0,True,2260100
780,810,R3248,B3248,True,792.0,True,1508100
780,810,R3249,B3249,True,794.0,True,1507700
780,810,R3250,B3250,True,792.0,True,2260100
780,810,R3251,B3251,True,797.0,True,2098400
780,810,R3252,B3252,True,794.0,True,1473000
780,810,R3253,B3253,True,796.0,True,1437100
780,810,R3254,B3254,True,793.0,True,1507700
780,810,R3255,B3255,True,793.0,True,1387400
780,810,R3256,B3256,True,793.0,True,1659300
780,810,R3257,B3257,True,798.0,True,1437100
780,810,R3258,B3258,True,796.0,True,1507700
780,810,R3259,B3259,True,794.0,True,1700600
780,810,R3260,B3260,True,796.0,True,1659300
780,810,R3261,B3261,True,794.0,True,2098400
780,810,R3262,B3262,True,795.0,True,1485500
780,810,R3263,B3263,True,795.0,True,1487700
780,810,R3264,B3264,True,795.0,True,1387400
780,810,R3265,B3265,True,795.0,True,1505500
780,810,R3266,B3266,True,800.0,False,1199900
780,810,R3267,B3267,True,796.0,True,1485500
780,810,R3268,B3268,True,796.0,True,1706400
780,810,R3269,B3269,True,796.0,True,1387400
780,810,R3270,B3270,True,796.0,True,1669200
780,810,R3271,B3271,True,802.0,False,1437100
780,810,R3272,B3272,True,797.0,True,1199900
780,810,R3273,B3273,True,799.0,True,1485500
780,810,R3274,B3274,True,797.0,True,1386400
780,810,R3275,B3275,True,797.0,True,1669200
780,810,R3276,B3276,True,798.0,True,1659300
780,810,R3277,B3277,True,798.0,True,1437100
780,810,R3278,B3278,True,798.0,True,1508100
780,810,R3279,B3279,True,798.0,True,1387400
780,810,R3280,B3280,True,798.0,True,1714400
780,810,R3281,B3281,True,799.0,True,1485500
780,810,R3282,B3282,True,799.0,True,1706400
780,810,R3283,B3283,True,799.0,True,1508100
780,810,R3284,B3284,True,800.0,False,1198900
780,810,R3285,B3285,True,805.0,False,1508100
780,810,R3286,B3286,True,800.0,False,1813500
780,810,R3287,B3287,True,800.0,False,1423900
780,810,R3288,B3288,True,800.0,False,1505500
780,810,R3289,B3289,True,800.0,False,2261100
780,810,R3290,B3290,True,801.0,False,1715400
780,810,R3291,B3291,True,804.0,False,1437100
780,810,R3292,B3292,True,801.0,False,1423900
780,810,R3293,B3293,True,801.0,False,1505500
780,810,R3294,B3294,True,801.0,False,1669200
780,810,R3295,B3295,True,807.0,False,1437100
780,810,R3296,B3296,True,802.0,False,1160600
780,810,R3297,B3297,True,802.0,False,1486500
780,810,R3298,B3298,True,802.0,False,1508100
780,810,R3299,B3299,True,802.0,False,1387400
780,810,R3300,B3300,True,803.0,False,1423900
780,810,R3301,B3301,True,803.0,False,1437100
780,810,R3302,B3302,True,803.0,False,1706400
780,810,R3303,B3303,True,803.0,False,1427200
780,810,R3304,B3304,True,804.0,False,1423900
780,810,R3305,B3305,True,804.0,False,1437100
780,810,R3306,B3306,True,805.0,False,1160600
780,810,R3307,B3307,True,809.0,False,1508100
780,810,R3308,B3308,True,805.0,False,1387400
780,810,R3309,B3309,True,804.0,False,1508700
780,810,R3310,B3310,True,804.0,False,1423900
780,810,R3311,B3311,True,806.0,False,1437100
780,810,R3312,B3312,True,805.0,False,1486500
780,810,R3313,B3313,True,806.0,False,1487700
780,810,R3314,B3314,True,806.0,False,1387400
780,810,R3315,B3315,True,805.0,False,1423900
780,810,R3316,B3316,True,805.0,False,1505500
780,810,R3317,B3317,True,810.0,False,2087400
780,810,R3318,B3318,True,805.0,False,2100400
780,810,R3319,B3319,True,806.0,False,1474000
780,810,R3320,B3320,True,806.0,False,1508100
780,810,R3321,B3321,True,806.0,False,1813500
780,810,R3322,B3322,True,807.0,False,1423900
780,810,R3323,B3323,True,810.0,False,1659300
780,810,R3324,B3324,True,807.0,False,1198900
780,810,R3325,B3325,True,809.0,False,1487700
780,810,R3326,B3326,True,807.0,False,1813500
780,810,R3327,B3327,True,807.0,False,1659300
780,810,R3328,B3328,True,807.0,False,1480400
780,810,R3329,B3329,True,809.0,False,1474000
780,810,R3330,B3330,True,808.0,False,1437100
780,810,R3331,B3331,True,808.0,False,1508100
780,810,R3332,B3332,True,808.0,False,1505500
780,810,R3333,B3333,True,808.0,False,2100400
780,810,R3334,B3334,True,809.0,False,1487700
780,810,R3335,B3335,True,810.0,False,1813500
780,810,R3336,B3336,True,809.0,False,1427200
780,810,R3337,B3337,True,810.0,False,1437100
780,810,R3338,B3338,True,810.0,False,1487700
780,810,R3339,B3339,True,810.0,False,1508100
780,810,R3340,B3340,True,810.0,False,1387400
780,810,R3341,B3341,True,810.0,False,2100400
800,830,R3266,B3266,False,,False,1199900
800,830,R3271,B3271,True,800.0,True,1437100
800,830,R3284,B3284,False,,False,1198900
800,830,R3285,B3285,True,805.0,True,1508100
800,830,R3286,B3286,True,800.0,True,1813500
800,830,R3287,B3287,True,803.0,True,1423900
800,830,R3288,B3288,True,800.0,True,1505500
800,830,R3289,B3289,True,800.0,True,2261100
800,830,R3290,B3290,True,800.0,True,1715400
800,830,R3291,B3291,True,806.0,True,1437100
800,830,R3292,B3292,True,801.0,True,1423900
800,830,R3293,B3293,True,801.0,True,1505500
800,830,R3294,B3294,True,801.0,True,1669200
800,830,R3295,B3295,True,806.0,True,1437100
800,830,R3296,B3296,False,,False,1160600
800,830,R3297,B3297,True,804.0,True,1486500
800,830,R3298,B3298,True,802.0,True,1508100
800,830,R3299,B3299,True,802.0,True,1387400
800,830,R3300,B3300,True,806.0,True,1423900
800,830,R3301,B3301,True,807.0,True,1437100
800,830,R3302,B3302,True,803.0,True,1706400
800,830,R3303,B3303,True,803.0,True,1427200
800,830,R3304,B3304,True,804.0,True,1423900
800,830,R3305,B3305,True,806.0,True,1437100
800,830,R3306,B3306,True,808.0,True,1160600
800,830,R3307,B3307,True,804.0,True,1508100
800,830,R3308,B3308,True,806.0,True,1387400
800,830,R3309,B3309,True,806.0,True,1508700
800,830,R3310,B3310,True,806.0,True,1423900
800,830,R3311,B3311,True,806.0,True,1437100
800,830,R3312,B3312,True,809.0,True,1486500
800,830,R3313,B3313,True,805.0,True,1487700
800,830,R3314,B3314,True,806.0,True,1387400
800,830,R3315,B3315,True,808.0,True,1423900
800,830,R3316,B3316,True,806.0,True,1505500
800,830,R3317,B3317,True,805.0,True,2087400
800,830,R3318,B3318,True,805.0,True,2100400
800,830,R3319,B3319,True,806.0,True,1474000
800,830,R3320,B3320,True,807.0,True,1508100
800,830,R3321,B3321,True,806.0,True,1813500
800,830,R3322,B3322,True,806.0,True,1423900
800,830,R3323,B3323,True,810.0,True,1659300
800,830,R3324,B3324,True,808.0,True,1198900
800,830,R3325,B3325,True,808.0,True,1487700
800,830,R3326,B3326,True,812.0,True,1813500
800,830,R3327,B3327,True,807.0,True,1659300
800,830,R3328,B3328,True,807.0,True,1480400
800,830,R3329,B3329,True,809.0,True,1474000
800,830,R3330,B3330,True,809.0,True,1437100
800,830,R3331,B3331,True,814.0,True,1508100
800,830,R3332,B3332,True,809.0,True,1505500
800,830,R3333,B3333,True,808.0,True,2100400
800,830,R3334,B3334,True,809.0,True,1487700
800,830,R3335,B3335,True,809.0,True,1813500
800,830,R3336,B3336,True,809.0,True,1427200
800,830,R3337,B3337,True,810.0,True,1437100
800,830,R3338,B3338,True,812.0,True,1487700
800,830,R3339,B3339,True,810.0,True,1508100
800,830,R3340,B3340,True,810.0,True,1387400
800,830,R3341,B3341,True,810.0,True,2100400
800,830,R3342,B3342,True,811.0,True,1437100
800,830,R3343,B3343,True,811.0,True,1508100
800,830,R3344,B3344,True,811.0,True,1387400
800,830,R3345,B3345,True,811.0,True,1676800
800,830,R3346,B3346,True,811.0,True,1505500
800,830,R3347,B3347,True,814.0,True,1427200
800,830,R3348,B3348,True,811.0,True,2261100
800,830,R3349,B3349,True,814.0,True,1437100
800,830,R3350,B3350,True,812.0,True,1487700
800,830,R3351,B3351,True,812.0,True,1813500
800,830,R3352,B3352,True,815.0,True,1387400
800,830,R3353,B3353,True,812.0,True,1423900
800,830,R3354,B3354,True,813.0,True,1706400
800,830,R3355,B3355,True,813.0,True,1423900
800,830,R3356,B3356,True,813.0,True,1252500
800,830,R3357,B3357,True,814.0,True,1160600
800,830,R3358,B3358,True,814.0,True,1486500
800,830,R3359,B3359,True,815.0,True,1487700
800,830,R3360,B3360,True,814.0,True,1508100
800,830,R3361,B3361,True,818.0,True,1813500
800,830,R3362,B3362,True,814.0,True,1427200
800,830,R3363,B3363,True,815.0,True,1160600
800,830,R3364,B3364,True,815.0,True,1813500
800,830,R3365,B3365,True,815.0,True,1423900
800,830,R3366,B3366,True,815.0,True,2100400
800,830,R3367,B3367,True,819.0,True,1437100
800,830,R3368,B3368,True,816.0,True,1387400
800,830,R3369,B3369,True,816.0,True,1529100
800,830,R3370,B3370,True,817.0,True,1437100
800,830,R3371,B3371,True,817.0,True,1970700
800,830,R3372,B3372,True,821.0,False,1508100
800,830,R3373,B3373,True,818.0,True,1474000
800,830,R3374,B3374,True,818.0,True,1487700
800,830,R3375,B3375,True,818.0,True,1508100
800,830,R3376,B3376,True,818.0,True,1813500
800,830,R3377,B3377,True,821.0,False,1508700
800,830,R3378,B3378,True,818.0,True,1387400
800,830,R3379,B3379,True,819.0,True,1474000
800,830,R3380,B3380,True,819.0,True,1706400
800,830,R3381,B3381,True,819.0,True,1187100
800,830,R3382,B3382,True,819.0,True,1508700
800,830,R3383,B3383,True,820.0,False,1387400
800,830,R3384,B3384,True,819.0,True,1423900
800,830,R3385,B3385,True,819.0,True,2100400
800,830,R3386,B3386,True,820.0,False,1474000
800,830,R3387,B3387,True,820.0,False,1160600
800,830,R3388,B3388,True,820.0,False,1423900
800,830,R3389,B3389,True,822.0,False,2100400
800,830,R3390,B3390,True,822.0,False,1474000
800,830,R3391,B3391,True,825.0,False,1486500
800,830,R3392,B3392,True,824.0,False,1387400
800,830,R3393,B3393,True,821.0,False,1387400
800,830,R3394,B3394,True,822.0,False,1423900
800,830,R3395,B3395,True,821.0,False,2261100
800,830,R3396,B3396,True,821.0,False,1471100
800,830,R3397,B3397,True,823.0,False,1474000
800,830,R3398,B3398,True,822.0,False,1487700
800,830,R3399,B3399,True,822.0,False,1508100
800,830,R3400,B3400,True,823.0,False,1423900
800,830,R3401,B3401,True,823.0,False,1160600
800,830,R3402,B3402,True,823.0,False,1487700
800,830,R3403,B3403,True,823.0,False,1813500
800,830,R3404,B3404,True,823.0,False,1387400
800,830,R3405,B3405,True,823.0,False,1715400
800,830,R3406,B3406,True,825.0,False,1198900
800,830,R3407,B3407,True,824.0,False,1487700
800,830,R3408,B3408,True,827.0,False,1423900
800,830,R3409,B3409,True,824.0,False,1669200
800,830,R3410,B3410,True,826.0,False,1437100
800,830,R3411,B3411,True,825.0,False,1474000
800,830,R3412,B3412,True,826.0,False,1487700
800,830,R3413,B3413,True,825.0,False,1387400
800,830,R3414,B3414,True,825.0,False,1423900
800,830,R3415,B3415,True,826.0,False,1160600
800,830,R3416,B3416,True,826.0,False,1474000
800,830,R3417,B3417,True,827.0,False,1487700
800,830,R3418,B3418,True,826.0,False,1508100
800,830,R3419,B3419,True,830.0,False,1813500
800,830,R3420,B3420,True,826.0,False,1508700
800,830,R3421,B3421,True,826.0,False,1423900
800,830,R3422,B3422,True,829.0,False,1437100
800,830,R3423,B3423,True,827.0,False,1160600
800,830,R3424,B3424,True,827.0,False,1486500
800,830,R3425,B3425,True,827.0,False,1813500
800,830,R3426,B3426,True,828.0,False,1427200
800,830,R3427,B3427,True,828.0,False,1423900
800,830,R3428,B3428,True,827.0,False,1471100
800,830,R3429,B3429,True,828.0,False,1437100
800,830,R3430,B3430,True,828.0,False,1486500
800,830,R3431,B3431,True,828.0,False,1487700
800,830,R3432,B3432,True,829.0,False,1423900
800,830,R3433,B3433,True,828.0,False,2100400
800,830,R3434,B3434,True,829.0,False,1437100
800,830,R3435,B3435,True,829.0,False,1160600
800,830,R3436,B3436,True,829.0,False,1508100
800,830,R3437,B3437,True,829.0,False,1387400
800,830,R3438,B3438,True,830.0,False,1423900
800,830,R3439,B3439,True,829.0,False,1538500
800,830,R3440,B3440,True,829.0,False,1659300
800,830,R3441,B3441,True,829.0,False,1715400
800,830,R3442,B3442,True,830.0,False,1160600
800,830,R3443,B3443,True,830.0,False,1486500
800,830,R3444,B3444,True,830.0,False,1508100
800,830,R3445,B3445,True,830.0,False,1813500
800,830,R3446,B3446,True,830.0,False,1508700
800,830,R3447,B3447,True,830.0,False,1387400
800,830,R3448,B3448,True,830.0,False,1529100
800,830,R3449,B3449,True,830.0,False,2261100
800,830,R3450,B3450,True,830.0,False,1659300
820,850,R3372,B3372,True,820.0,True,1508100
820,850,R3377,B3377,True,820.0,True,1508700
820,850,R3383,B3383,False,,False,1387400
820,850,R3386,B3386,True,820.0,True,1474000
820,850,R3387,B3387,False,,False,1160600
820,850,R3388,B3388,True,824.0,True,1423900
820,850,R3389,B3389,True,823.0,True,2100400
820,850,R3390,B3390,False,,False,1474000
820,850,R3391,B3391,False,,False,1486500
820,850,R3392,B3392,True,823.0,True,1387400
820,850,R3393,B3393,False,,False,1387400
820,850,R3394,B3394,False,,False,1423900
820,850,R3395,B3395,True,821.0,True,2261100
820,850,R3396,B3396,True,821.0,True,1471100
820,850,R3397,B3397,True,826.0,True,1474000
820,850,R3398,B3398,True,823.0,True,1487700
820,850,R3399,B3399,True,823.0,True,1508100
820,850,R3400,B3400,True,826.0,True,1423900
820,850,R3401,B3401,True,827.0,True,1160600
820,850,R3402,B3402,True,823.0,True,1487700
820,850,R3403,B3403,True,829.0,True,1813500
820,850,R3404,B3404,True,826.0,True,1387400
820,850,R3405,B3405,True,823.0,True,1715400
820,850,R3406,B3406,True,828.0,True,1198900
820,850,R3407,B3407,True,826.0,True,1487700
820,850,R3408,B3408,True,826.0,True,1423900
820,850,R3409,B3409,True,824.0,True,1669200
820,850,R3410,B3410,True,826.0,True,1437100
820,850,R3411,B3411,True,828.0,True,1474000
820,850,R3412,B3412,True,826.0,True,1487700
820,850,R3413,B3413,True,826.0,True,1387400
820,850,R3414,B3414,True,826.0,True,1423900
820,850,R3415,B3415,True,828.0,True,1160600
820,850,R3416,B3416,True,826.0,True,1474000
820,850,R3417,B3417,True,826.0,True,1487700
820,850,R3418,B3418,True,832.0,True,1508100
820,850,R3419,B3419,True,826.0,True,1813500
820,850,R3420,B3420,True,826.0,True,1508700
820,850,R3421,B3421,True,826.0,True,1423900
820,850,R3422,B3422,True,830.0,True,1437100
820,850,R3423,B3423,True,828.0,True,1160600
820,850,R3424,B3424,True,828.0,True,1486500
820,850,R3425,B3425,True,833.0,True,1813500
820,850,R3426,B3426,True,827.0,True,1427200
820,850,R3427,B3427,True,827.0,True,1423900
820,850,R3428,B3428,True,827.0,True,1471100
820,850,R3429,B3429,True,828.0,True,1437100
820,850,R3430,B3430,True,828.0,True,1486500
820,850,R3431,B3431,True,829.0,True,1487700
820,850,R3432,B3432,True,829.0,True,1423900
820,850,R3433,B3433,True,828.0,True,2100400
820,850,R3434,B3434,True,831.0,True,1437100
820,850,R3435,B3435,True,829.0,True,1160600
820,850,R3436,B3436,True,835.0,True,1508100
820,850,R3437,B3437,True,829.0,True,1387400
820,850,R3438,B3438,True,829.0,True,1423900
820,850,R3439,B3439,True,829.0,True,1538500
820,850,R3440,B3440,True,829.0,True,1659300
820,850,R3441,B3441,True,829.0,True,1715400
820,850,R3442,B3442,True,831.0,True,1160600
820,850,R3443,B3443,True,831.0,True,1486500
820,850,R3444,B3444,True,833.0,True,1508100
820,850,R3445,B3445,True,830.0,True,1813500
820,850,R3446,B3446,True,830.0,True,1508700
820,850,R3447,B3447,True,830.0,True,1387400
820,850,R3448,B3448,True,830.0,True,1529100
820,850,R3449,B3449,True,830.0,True,2261100
820,850,R3450,B3450,True,832.0,True,1659300
820,850,R3451,B3451,True,835.0,True,1508100
820,850,R3452,B3452,True,838.0,True,1813500
820,850,R3453,B3453,True,831.0,True,1387400
820,850,R3454,B3454,True,831.0,True,1365000
820,850,R3455,B3455,True,832.0,True,1715400
820,850,R3456,B3456,True,831.0,True,2100400
820,850,R3457,B3457,True,832.0,True,1487700
820,850,R3458,B3458,True,832.0,True,1508100
820,850,R3459,B3459,True,832.0,True,1387400
820,850,R3460,B3460,True,833.0,True,1387400
820,850,R3461,B3461,True,832.0,True,1423900
820,850,R3462,B3462,True,833.0,True,2261100
820,850,R3463,B3463,True,832.0,True,1715400
820,850,R3464,B3464,True,833.0,True,1437100
820,850,R3465,B3465,True,833.0,True,1160600
820,850,R3466,B3466,True,838.0,True,1813500
820,850,R3467,B3467,True,833.0,True,1508700
820,850,R3468,B3468,True,834.0,True,1387400
820,850,R3469,B3469,True,833.0,True,1423900
820,850,R3470,B3470,True,835.0,True,1715400
820,850,R3471,B3471,True,834.0,True,1437100
820,850,R3472,B3472,True,834.0,True,1160600
820,850,R3473,B3473,True,834.0,True,1970700
820,850,R3474,B3474,True,835.0,True,1487700
820,850,R3475,B3475,True,835.0,True,1813500
820,850,R3476,B3476,True,834.0,True,1508700
820,850,R3477,B3477,True,834.0,True,1387400
820,850,R3478,B3478,True,834.0,True,1505500
820,850,R3479,B3479,True,835.0,True,1486500
820,850,R3480,B3480,True,835.0,True,1813500
820,850,R3481,B3481,True,835.0,True,1423900
820,850,R3482,B3482,True,836.0,True,1437100
820,850,R3483,B3483,True,836.0,True,1486500
820,850,R3484,B3484,True,840.0,False,1706400
820,850,R3485,B3485,True,836.0,True,1387400
820,850,R3486,B3486,True,836.0,True,1423900
820,850,R3487,B3487,True,837.0,True,1160600
820,850,R3488,B3488,True,838.0,True,1486500
820,850,R3489,B3489,True,841.0,False,1813500
820,850,R3490,B3490,True,841.0,False,1427200
820,850,R3491,B3491,True,837.0,True,1423900
820,850,R3492,B3492,True,838.0,True,1437100
820,850,R3493,B3493,True,838.0,True,1160600
820,850,R3494,B3494,True,838.0,True,1487700
820,850,R3495,B3495,True,842.0,False,1508100
820,850,R3496,B3496,True,838.0,True,1813500
820,850,R3497,B3497,True,838.0,True,1427200
820,850,R3498,B3498,True,838.0,True,1387400
820,850,R3499,B3499,True,841.0,False,2087400
820,850,R3500,B3500,True,839.0,True,1437100
820,850,R3501,B3501,True,841.0,False,1487700
820,850,R3502,B3502,True,841.0,False,1508100
820,850,R3503,B3503,True,839.0,True,1387400
820,850,R3504,B3504,True,840.0,False,1423900
820,850,R3505,B3505,True,839.0,True,1659300
820,850,R3506,B3506,True,840.0,False,1486500
820,850,R3507,B3507,True,845.0,False,1813500
820,850,R3508,B3508,True,840.0,False,1423900
820,850,R3509,B3509,True,842.0,False,1659300
820,850,R3510,B3510,True,841.0,False,1198900
820,850,R3511,B3511,True,841.0,False,1160600
820,850,R3512,B3512,True,842.0,False,1508100
820,850,R3513,B3513,True,846.0,False,1427200
820,850,R3514,B3514,True,842.0,False,1387400
820,850,R3515,B3515,True,841.0,False,1423900
820,850,R3516,B3516,True,841.0,False,1700600
820,850,R3517,B3517,True,841.0,False,2100400
820,850,R3518,B3518,True,842.0,False,1437100
820,850,R3519,B3519,True,842.0,False,1474000
820,850,R3520,B3520,True,843.0,False,1508100
820,850,R3521,B3521,True,842.0,False,1813500
820,850,R3522,B3522,True,842.0,False,1387400
820,850,R3523,B3523,True,843.0,False,1423900
820,850,R3524,B3524,True,847.0,False,1669200
820,850,R3525,B3525,True,842.0,False,1659300
820,850,R3526,B3526,True,848.0,False,1437100
820,850,R3527,B3527,True,844.0,False,1198900
820,850,R3528,B3528,True,843.0,False,1706400
820,850,R3529,B3529,True,843.0,False,1387400
820,850,R3530,B3530,True,844.0,False,1423900
820,850,R3531,B3531,True,844.0,False,2100400
820,850,R3532,B3532,True,845.0,False,1437100
820,850,R3533,B3533,True,845.0,False,1458100
820,850,R3534,B3534,True,844.0,False,1427200
820,850,R3535,B3535,True,844.0,False,1508700
820,850,R3536,B3536,True,844.0,False,1669200
820,850,R3537,B3537,True,844.0,False,2261100
820,850,R3538,B3538,True,845.0,False,1474000
820,850,R3539,B3539,True,845.0,False,1437100
820,850,R3540,B3540,True,845.0,False,1813500
820,850,R3541,B3541,True,845.0,False,1387400
820,850,R3542,B3542,True,845.0,False,1423900
820,850,R3543,B3543,True,845.0,False,1505500
820,850,R3544,B3544,True,845.0,False,1700600
820,850,R3545,B3545,True,848.0,False,1437100
820,850,R3546,B3546,True,846.0,False,1706400
820,850,R3547,B3547,True,846.0,False,1487700
820,850,R3548,B3548,True,846.0,False,1387400
820,850,R3549,B3549,True,846.0,False,1423900
820,850,R3550,B3550,True,850.0,False,1505500
820,850,R3551,B3551,True,847.0,False,1437100
820,850,R3552,B3552,True,847.0,False,1160600
820,850,R3553,B3553,True,847.0,False,1508700
820,850,R3554,B3554,True,847.0,False,1387400
820,850,R3555,B3555,True,847.0,False,1985700
820,850,R3556,B3556,True,848.0,False,1486500
820,850,R3557,B3557,True,848.0,False,1970700
820,850,R3558,B3558,True,849.0,False,1487700
820,850,R3559,B3559,True,848.0,False,1813500
820,850,R3560,B3560,True,848.0,False,1458100
820,850,R3561,B3561,True,848.0,False,1387400
820,850,R3562,B3562,True,848.0,False,1508700
820,850,R3563,B3563,True,848.0,False,1423900
820,850,R3564,B3564,True,850.0,False,1437100
820,850,R3565,B3565,True,850.0,False,1198900
820,850,R3566,B3566,True,850.0,False,1160600
820,850,R3567,B3567,True,849.0,False,1487700
820,850,R3568,B3568,True,850.0,False,1508100
820,850,R3569,B3569,True,849.0,False,1813500
820,850,R3570,B3570,True,849.0,False,1423900
820,850,R3571,B3571,True,850.0,False,1437100
820,850,R3572,B3572,True,850.0,False,1487700
820,850,R3573,B3573,True,850.0,False,1536500
840,870,R3484,B3484,True,840.0,True,1706400
840,870,R3489,B3489,True,840.0,True,1813500
840,870,R3490,B3490,False,,False,1427200
840,870,R3495,B3495,True,843.0,True,1508100
840,870,R3499,B3499,True,840.0,True,2087400
840,870,R3501,B3501,True,840.0,True,1487700
840,870,R3502,B3502,True,846.0,True,1508100
840,870,R3504,B3504,False,,False,1423900
840,870,R3506,B3506,True,841.0,True,1486500
840,870,R3507,B3507,True,847.0,True,1813500
840,870,R3508,B3508,False,,False,1423900
840,870,R3509,B3509,True,840.0,True,1659300
840,870,R3510,B3510,False,,False,1198900
840,870,R3511,B3511,False,,False,1160600
840,870,R3512,B3512,True,846.0,True,1508100
840,870,R3513,B3513,True,845.0,True,1427200
840,870,R3514,B3514,False,,False,1387400
840,870,R3515,B3515,False,,False,1423900
840,870,R3516,B3516,True,841.0,True,1700600
840,870,R3517,B3517,True,841.0,True,2100400
840,870,R3518,B3518,True,846.0,True,1437100
840,870,R3519,B3519,True,845.0,True,1474000
840,870,R3520,B3520,True,848.0,True,1508100
840,870,R3521,B3521,True,843.0,True,1813500
840,870,R3522,B3522,True,846.0,True,1387400
840,870,R3523,B3523,True,842.0,True,1423900
840,870,R3524,B3524,True,847.0,True,1669200
840,870,R3525,B3525,True,843.0,True,1659300
840,870,R3526,B3526,True,846.0,True,1437100
840,870,R3527,B3527,True,846.0,True,1198900
840,870,R3528,B3528,True,843.0,True,1706400
840,870,R3529,B3529,True,845.0,True,1387400
840,870,R3530,B3530,True,846.0,True,1423900
840,870,R3531,B3531,True,844.0,True,2100400
840,870,R3532,B3532,True,844.0,True,1437100
840,870,R3533,B3533,True,844.0,True,1458100
840,870,R3534,B3534,True,849.0,True,1427200
840,870,R3535,B3535,True,844.0,True,1508700
840,870,R3536,B3536,True,844.0,True,1669200
840,870,R3537,B3537,True,844.0,True,2261100
840,870,R3538,B3538,True,848.0,True,1474000
840,870,R3539,B3539,True,850.0,True,1437100
840,870,R3540,B3540,True,852.0,True,1813500
840,870,R3541,B3541,True,846.0,True,1387400
840,870,R3542,B3542,True,846.0,True,1423900
840,870,R3543,B3543,True,845.0,True,1505500
840,870,R3544,B3544,True,845.0,True,1700600
840,870,R3545,B3545,True,848.0,True,1437100
840,870,R3546,B3546,True,846.0,True,1706400
840,870,R3547,B3547,True,846.0,True,1487700
840,870,R3548,B3548,True,846.0,True,1387400
840,870,R3549,B3549,True,846.0,True,1423900
840,870,R3550,B3550,True,850.0,True,1505500
840,870,R3551,B3551,True,848.0,True,1437100
840,870,R3552,B3552,True,848.0,True,1160600
840,870,R3553,B3553,True,847.0,True,1508700
840,870,R3554,B3554,True,847.0,True,1387400
840,870,R3555,B3555,True,847.0,True,1985700
840,870,R3556,B3556,True,848.0,True,1486500
840,870,R3557,B3557,True,848.0,True,1970700
840,870,R3558,B3558,True,848.0,True,1487700
840,870,R3559,B3559,True,849.0,True,1813500
840,870,R3560,B3560,True,848.0,True,1458100
840,870,R3561,B3561,True,848.0,True,1387400
840,870,R3562,B3562,True,848.0,True,1508700
840,870,R3563,B3563,True,849.0,True,1423900
840,870,R3564,B3564,True,853.0,True,1437100
840,870,R3565,B3565,True,849.0,True,1198900
840,870,R3566,B3566,True,849.0,True,1160600
840,870,R3567,B3567,True,849.0,True,1487700
840,870,R3568,B3568,True,852.0,True,1508100
840,870,R3569,B3569,True,854.0,True,1813500
840,870,R3570,B3570,True,849.0,True,1423900
840,870,R3571,B3571,True,851.0,True,1437100
840,870,R3572,B3572,True,850.0,True,1487700
840,870,R3573,B3573,True,850.0,True,1536500
840,870,R3574,B3574,True,851.0,True,1437100
840,870,R3575,B3575,True,851.0,True,1813500
840,870,R3576,B3576,True,851.0,True,1508700
840,870,R3577,B3577,True,851.0,True,1387400
840,870,R3578,B3578,True,852.0,True,1437100
840,870,R3579,B3579,True,852.0,True,1813500
840,870,R3580,B3580,True,852.0,True,1736600
840,870,R3581,B3581,True,852.0,True,1387400
840,870,R3582,B3582,True,852.0,True,1659300
840,870,R3583,B3583,True,853.0,True,1160600
840,870,R3584,B3584,True,856.0,True,1486500
840,870,R3585,B3585,True,857.0,True,1813500
840,870,R3586,B3586,True,853.0,True,1387400
840,870,R3587,B3587,True,856.0,True,1437100
840,870,R3588,B3588,True,854.0,True,1198900
840,870,R3589,B3589,True,854.0,True,1160600
840,870,R3590,B3590,True,856.0,True,1474000
840,870,R3591,B3591,True,854.0,True,1813500
840,870,R3592,B3592,True,855.0,True,1387400
840,870,R3593,B3593,True,855.0,True,1487700
840,870,R3594,B3594,True,855.0,True,1508100
840,870,R3595,B3595,True,855.0,True,1508700
840,870,R3596,B3596,True,855.0,True,1423900
840,870,R3597,B3597,True,855.0,True,1715400
840,870,R3598,B3598,True,855.0,True,2100400
840,870,R3599,B3599,True,856.0,True,1474000
840,870,R3600,B3600,True,857.0,True,1437100
840,870,R3601,B3601,True,860.0,False,1508100
840,870,R3602,B3602,True,856.0,True,1508700
840,870,R3603,B3603,True,856.0,True,1505500
840,870,R3604,B3604,True,856.0,True,2261100
840,870,R3605,B3605,True,857.0,True,1474000
840,870,R3606,B3606,True,857.0,True,1160600
840,870,R3607,B3607,True,858.0,True,1487700
840,870,R3608,B3608,True,857.0,True,1508100
840,870,R3609,B3609,True,857.0,True,1387400
840,870,R3610,B3610,True,861.0,False,1423900
840,870,R3611,B3611,True,857.0,True,1252500
840,870,R3612,B3612,True,858.0,True,2100400
840,870,R3613,B3613,True,859.0,True,1437100
840,870,R3614,B3614,True,858.0,True,1508700
840,870,R3615,B3615,True,862.0,False,2100400
840,870,R3616,B3616,True,859.0,True,1474000
840,870,R3617,B3617,True,859.0,True,1160600
840,870,R3618,B3618,True,861.0,False,1427200
840,870,R3619,B3619,True,861.0,False,1423900
840,870,R3620,B3620,True,860.0,False,1160600
840,870,R3621,B3621,True,862.0,False,1510100
840,870,R3622,B3622,True,860.0,False,2091400
840,870,R3623,B3623,True,860.0,False,2263100
840,870,R3624,B3624,True,862.0,False,2100400
840,870,R3625,B3625,True,862.0,False,1160600
840,870,R3626,B3626,True,866.0,False,1510100
840,870,R3627,B3627,True,867.0,False,1679800
840,870,R3628,B3628,True,861.0,False,1529100
840,870,R3629,B3629,True,862.0,False,1510100
840,870,R3630,B3630,True,862.0,False,1816500
840,870,R3631,B3631,True,862.0,False,2263100
840,870,R3632,B3632,True,862.0,False,2100400
840,870,R3633,B3633,True,865.0,False,1510100
840,870,R3634,B3634,True,863.0,False,1429200
840,870,R3635,B3635,True,863.0,False,2091400
840,870,R3636,B3636,True,863.0,False,2263100
840,870,R3637,B3637,True,863.0,False,2100400
840,870,R3638,B3638,True,864.0,False,1160600
840,870,R3639,B3639,True,864.0,False,1487500
840,870,R3640,B3640,True,864.0,False,1510100
840,870,R3641,B3641,True,864.0,False,1679800
840,870,R3642,B3642,True,870.0,False,1679800
840,870,R3643,B3643,True,865.0,False,1160600
840,870,R3644,B3644,True,865.0,False,1510100
840,870,R3645,B3645,True,866.0,False,1429200
840,870,R3646,B3646,True,865.0,False,1529100
840,870,R3647,B3647,True,865.0,False,2263100
840,870,R3648,B3648,True,865.0,False,2100400
840,870,R3649,B3649,True,869.0,False,1160600
840,870,R3650,B3650,True,867.0,False,1510100
840,870,R3651,B3651,True,867.0,False,1561900
840,870,R3652,B3652,True,866.0,False,2100400
840,870,R3653,B3653,True,869.0,False,1160600
840,870,R3654-1,B3654-1,True,869.0,False,1510100
840,870,R3654-2,B3654-2,True,868.0,False,1510100
840,870,R3655,B3655,True,867.0,False,2263100
840,870,R3656,B3656,True,867.0,False,1679800
840,870,R3657,B3657,True,868.0,False,1160600
840,870,R3658,B3658,True,870.0,False,1510100
840,870,R3659,B3659,True,868.0,False,2100400
840,870,R3660,B3660,True,869.0,False,1510100
840,870,R3661,B3661,True,869.0,False,1429200
840,870,R3662,B3662,True,869.0,False,2100400
840,870,R3663,B3663,True,870.0,False,1160600
840,870,R3664,B3664,True,870.0,False,1510100
840,870,R3665,B3665,True,870.0,False,1816500
860,890,R3601,B3601,False,,False,1508100
860,890,R3610,B3610,True,860.0,True,1423900
860,890,R3615,B3615,True,862.0,True,2100400
860,890,R3618,B3618,True,862.0,True,1427200
860,890,R3619,B3619,True,861.0,True,1423900
860,890,R3620,B3620,False,,False,1160600
860,890,R3621,B3621,True,861.0,True,1510100
860,890,R3622,B3622,True,860.0,True,2091400
860,890,R3623,B3623,True,860.0,True,2263100
860,890,R3624,B3624,True,861.0,True,2100400
860,890,R3625,B3625,False,,False,1160600
860,890,R3626,B3626,True,863.0,True,1510100
860,890,R3627,B3627,True,867.0,True,1679800
860,890,R3628,B3628,True,861.0,True,1529100
860,890,R3629,B3629,True,863.0,True,1510100
860,890,R3630,B3630,True,862.0,True,1816500
860,890,R3631,B3631,True,862.0,True,2263100
860,890,R3632,B3632,True,862.0,True,2100400
860,890,R3633,B3633,True,864.0,True,1510100
860,890,R3634,B3634,True,866.0,True,1429200
860,890,R3635,B3635,True,863.0,True,2091400
860,890,R3636,B3636,True,863.0,True,2263100
860,890,R3637,B3637,True,864.0,True,2100400
860,890,R3638,B3638,True,868.0,True,1160600
860,890,R3639,B3639,True,864.0,True,1487500
860,890,R3640,B3640,True,867.0,True,1510100
860,890,R3641,B3641,True,864.0,True,1679800
860,890,R3642,B3642,True,870.0,True,1679800
860,890,R3643,B3643,True,868.0,True,1160600
860,890,R3644,B3644,True,866.0,True,1510100
860,890,R3645,B3645,True,865.0,True,1429200
860,890,R3646,B3646,True,865.0,True,1529100
860,890,R3647,B3647,True,865.0,True,2263100
860,890,R3648,B3648,True,865.0,True,2100400
860,890,R3649,B3649,True,868.0,True,1160600
860,890,R3650,B3650,True,866.0,True,1510100
860,890,R3651,B3651,True,870.0,True,1561900
860,890,R3652,B3652,True,868.0,True,2100400
860,890,R3653,B3653,True,868.0,True,1160600
860,890,R3654-1,B3654-1,True,867.0,True,1510100
860,890,R3654-2,B3654-2,True,868.0,True,1510100
860,890,R3655,B3655,True,867.0,True,2263100
860,890,R3656,B3656,True,867.0,True,1679800
860,890,R3657,B3657,True,868.0,True,1160600
860,890,R3658,B3658,True,870.0,True,1510100
860,890,R3659,B3659,True,868.0,True,2100400
860,890,R3660,B3660,True,869.0,True,1510100
860,890,R3661,B3661,True,869.0,True,1429200
860,890,R3662,B3662,True,869.0,True,2100400
860,890,R3663,B3663,True,871.0,True,1160600
860,890,R3664,B3664,True,870.0,True,1510100
860,890,R3665,B3665,True,870.0,True,1816500
860,890,R3666,B3666,True,871.0,True,1160600
860,890,R3667,B3667,True,876.0,True,1510100
860,890,R3668,B3668,True,873.0,True,1816500
860,890,R3669,B3669,True,871.0,True,1902900
860,890,R3670,B3670,True,871.0,True,2091400
860,890,R3671,B3671,True,872.0,True,1160600
860,890,R3672-1,B3672-1,True,872.0,True,1510100
860,890,R3672-2,B3672-2,True,872.0,True,1510100
860,890,R3673,B3673,True,872.0,True,1510100
860,890,R3674,B3674,True,872.0,True,1429200
860,890,R3675,B3675,True,873.0,True,1160600
860,890,R3676,B3676,True,873.0,True,1510100
860,890,R3677,B3677,True,873.0,True,1429200
860,890,R3678,B3678,True,873.0,True,1529100
860,890,R3679,B3679,True,874.0,True,1200900
860,890,R3680,B3680,True,874.0,True,1510100
860,890,R3681,B3681,True,874.0,True,1816500
860,890,R3682,B3682,True,874.0,True,1538500
860,890,R3683,B3683,True,877.0,True,1510100
860,890,R3684,B3684,True,875.0,True,2100400
860,890,R3685,B3685,True,876.0,True,1160600
860,890,R3686,B3686,True,876.0,True,1510100
860,890,R3687,B3687,True,876.0,True,1902900
860,890,R3688,B3688,True,876.0,True,2091400
860,890,R3689,B3689,True,876.0,True,1714400
860,890,R3690,B3690,True,880.0,False,1160600
860,890,R3691,B3691,True,879.0,True,1510100
860,890,R3692,B3692,True,877.0,True,2091400
860,890,R3693,B3693,True,877.0,True,2263100
860,890,R3694,B3694,True,877.0,True,1660300
860,890,R3695,B3695,True,878.0,True,2100400
860,890,R3696,B3696,True,878.0,True,1160600
860,890,R3697,B3697,True,878.0,True,1510100
860,890,R3698,B3698,True,878.0,True,1429200
860,890,R3699,B3699,True,882.0,False,1561900
860,890,R3700,B3700,True,878.0,True,1529100
860,890,R3701,B3701,True,878.0,True,2263100
860,890,R3702,B3702,True,878.0,True,2100400
860,890,R3703,B3703,True,879.0,True,1200900
860,890,R3704,B3704,True,879.0,True,1510100
860,890,R3705,B3705,True,879.0,True,2100400
860,890,R3706-1,B3706-1,True,883.0,False,1510100
860,890,R3706-2,B3706-2,True,881.0,False,1510100
860,890,R3707,B3707,True,880.0,False,1510100
860,890,R3708,B3708,True,880.0,False,1816500
860,890,R3709,B3709,True,885.0,False,1679800
860,890,R3710,B3710,True,880.0,False,1714400
860,890,R3711,B3711,True,881.0,False,2100400
860,890,R3712,B3712,True,881.0,False,1160600
860,890,R3713,B3713,True,883.0,False,1510100
860,890,R3714,B3714,True,882.0,False,2091400
860,890,R3715,B3715,True,881.0,False,1714400
860,890,R3716,B3716,True,882.0,False,1510100
860,890,R3717,B3717,True,883.0,False,1816500
860,890,R3718,B3718,True,882.0,False,1679800
860,890,R3719,B3719,True,883.0,False,1160600
860,890,R3720,B3720,True,883.0,False,1510100
860,890,R3721,B3721,True,883.0,False,1429200
860,890,R3722,B3722,True,888.0,False,1529100
860,890,R3723,B3723,True,883.0,False,1660300
860,890,R3724,B3724,True,884.0,False,1160600
860,890,R3725,B3725,True,884.0,False,1816500
860,890,R3726,B3726,True,884.0,False,1424900
860,890,R3727,B3727,True,886.0,False,1160600
860,890,R3728-1,B3728-1,True,885.0,False,1510100
860,890,R3728-2,B3728-2,True,885.0,False,1510100
860,890,R3729,B3729,True,885.0,False,1510100
860,890,R3730,B3730,True,886.0,False,1429200
860,890,R3731,B3731,True,885.0,False,2091400
860,890,R3732,B3732,True,886.0,False,1510100
860,890,R3733,B3733,True,886.0,False,1816500
860,890,R3734,B3734,True,886.0,False,2263100
860,890,R3735,B3735,True,886.0,False,1714400
860,890,R3736,B3736,True,886.0,False,2100400
860,890,R3737-1,B3737-1,True,887.0,False,1510100
860,890,R3737-2,B3737-2,True,888.0,False,1510100
860,890,R3738,B3738,True,887.0,False,1679800
860,890,R3739,B3739,True,887.0,False,1561900
860,890,R3740,B3740,True,887.0,False,2100400
860,890,R3741,B3741,True,888.0,False,1510100
860,890,R3742,B3742,True,889.0,False,1510100
860,890,R3743-1,B3743-1,True,890.0,False,1510100
860,890,R3743-2,B3743-2,True,890.0,False,1510100
860,890,R3744,B3744,True,890.0,False,2091400
860,890,R3745,B3745,True,890.0,False,1561900
860,890,R3746,B3746,True,890.0,False,2100400
880,910,R3690,B3690,False,,False,1160600
880,910,R3699,B3699,True,880.0,True,1561900
880,910,R3706-1,B3706-1,True,883.0,True,1510100
880,910,R3706-2,B3706-2,True,883.0,True,1510100
880,910,R3707,B3707,False,,False,1510100
880,910,R3708,B3708,True,880.0,True,1816500
880,910,R3709,B3709,True,885.0,True,1679800
880,910,R3710,B3710,True,884.0,True,1714400
880,910,R3711,B3711,True,880.0,True,2100400
880,910,R3712,B3712,True,881.0,True,1160600
880,910,R3713,B3713,True,886.0,True,1510100
880,910,R3714,B3714,True,883.0,True,2091400
880,910,R3715,B3715,True,881.0,True,1714400
880,910,R3716,B3716,True,886.0,True,1510100
880,910,R3717,B3717,True,883.0,True,1816500
880,910,R3718,B3718,True,882.0,True,1679800
880,910,R3719,B3719,True,887.0,True,1160600
880,910,R3720,B3720,True,886.0,True,1510100
880,910,R3721,B3721,True,883.0,True,1429200
880,910,R3722,B3722,True,888.0,True,1529100
880,910,R3723,B3723,True,883.0,True,1660300
880,910,R3724,B3724,True,888.0,True,1160600
880,910,R3725,B3725,True,884.0,True,1816500
880,910,R3726,B3726,True,886.0,True,1424900
880,910,R3727,B3727,True,885.0,True,1160600
880,910,R3728-1,B3728-1,True,886.0,True,1510100
880,910,R3728-2,B3728-2,True,886.0,True,1510100
880,910,R3729,B3729,True,886.0,True,1510100
880,910,R3730,B3730,True,886.0,True,1429200
880,910,R3731,B3731,True,885.0,True,2091400
880,910,R3732,B3732,True,886.0,True,1510100
880,910,R3733,B3733,True,886.0,True,1816500
880,910,R3734,B3734,True,886.0,True,2263100
880,910,R3735,B3735,True,886.0,True,1714400
880,910,R3736,B3736,True,887.0,True,2100400
880,910,R3737-1,B3737-1,True,887.0,True,1510100
880,910,R3737-2,B3737-2,True,889.0,True,1510100
880,910,R3738,B3738,True,888.0,True,1679800
880,910,R3739,B3739,True,889.0,True,1561900
880,910,R3740,B3740,True,887.0,True,2100400
880,910,R3741,B3741,True,889.0,True,1510100
880,910,R3742,B3742,True,889.0,True,1510100
880,910,R3743-1,B3743-1,True,890.0,True,1510100
880,910,R3743-2,B3743-2,True,890.0,True,1510100
880,910,R3744,B3744,True,890.0,True,2091400
880,910,R3745,B3745,True,892.0,True,1561900
880,910,R3746,B3746,True,892.0,True,2100400
880,910,R3747-1,B3747-1,True,891.0,True,1510100
880,910,R3747-2,B3747-2,True,893.0,True,1510100
880,910,R3748,B3748,True,891.0,True,1510100
880,910,R3749,B3749,True,891.0,True,1660300
880,910,R3750,B3750,True,891.0,True,2100400
880,910,R3751,B3751,True,893.0,True,1160600
880,910,R3752,B3752,True,892.0,True,1510100
880,910,R3753,B3753,True,892.0,True,1429200
880,910,R3754,B3754,True,895.0,True,2263100
880,910,R3755,B3755,True,897.0,True,2100400
880,910,R3756,B3756,True,897.0,True,1160600
880,910,R3757,B3757,True,896.0,True,1510100
880,910,R3758,B3758,True,898.0,True,1160600
880,910,R3759,B3759,True,894.0,True,1510100
880,910,R3760,B3760,True,894.0,True,2091400
880,910,R3761,B3761,True,894.0,True,1714400
880,910,R3762,B3762,True,895.0,True,2100400
880,910,R3763,B3763,True,895.0,True,2263100
880,910,R3764,B3764,True,896.0,True,1160600
880,910,R3765,B3765,True,896.0,True,2100400
880,910,R3766,B3766,True,902.0,False,1510100
880,910,R3767,B3767,True,899.0,True,1160600
880,910,R3768,B3768,True,901.0,False,1510100
880,910,R3769,B3769,True,898.0,True,2263100
880,910,R3770,B3770,True,899.0,True,1160600
880,910,R3771,B3771,True,904.0,False,1510100
880,910,R3772,B3772,True,899.0,True,1816500
880,910,R3773,B3773,True,900.0,False,1510100
880,910,R3774,B3774,True,900.0,False,2263100
880,910,R3775,B3775,True,901.0,False,1160600
880,910,R3776-1,B3776-1,True,901.0,False,1510100
880,910,R3776-2,B3776-2,True,906.0,False,1510100
880,910,R3777,B3777,True,901.0,False,2263100
880,910,R3778,B3778,True,901.0,False,2100400
880,910,R3779,B3779,True,902.0,False,1160600
880,910,R3780,B3780,True,903.0,False,1510100
880,910,R3781,B3781,True,902.0,False,1429200
880,910,R3782,B3782,True,902.0,False,1714400
880,910,R3783,B3783,True,903.0,False,2100400
880,910,R3784,B3784,True,902.0,False,1924100
880,910,R3785,B3785,True,903.0,False,1510100
880,910,R3786,B3786,True,903.0,False,2100400
880,910,R3787,B3787,True,908.0,False,1510100
880,910,R3788,B3788,True,904.0,False,1660300
880,910,R3789,B3789,True,905.0,False,1924100
880,910,R3790,B3790,True,907.0,False,1510100
880,910,R3791,B3791,True,906.0,False,2100400
880,910,R3792,B3792,True,906.0,False,1160600
880,910,R3793,B3793,True,906.0,False,1510100
880,910,R3794,B3794,True,910.0,False,1679800
880,910,R3795,B3795,True,906.0,False,2100400
880,910,R3796,B3796,True,909.0,False,1510100
880,910,R3797,B3797,True,907.0,False,1679800
880,910,R3798,B3798,True,907.0,False,2091400
880,910,R3799,B3799,True,907.0,False,2263100
880,910,R3800,B3800,True,908.0,False,1510100
880,910,R3801,B3801,True,908.0,False,2263100
880,910,R3802,B3802,True,909.0,False,2100400
880,910,R3803,B3803,True,909.0,False,1510100
880,910,R3804,B3804,True,909.0,False,1424900
880,910,R3805,B3805,True,909.0,False,1714400
880,910,R3806,B3806,True,910.0,False,1510100
880,910,R3807,B3807,True,910.0,False,2263100
900,930,R3766,B3766,True,902.0,True,1510100
900,930,R3768,B3768,False,,False,1510100
900,930,R3771,B3771,False,,False,1510100
900,930,R3773,B3773,False,,False,1510100
900,930,R3774,B3774,True,901.0,True,2263100
900,930,R3775,B3775,True,905.0,True,1160600
900,930,R3776-1,B3776-1,False,,False,1510100
900,930,R3776-2,B3776-2,False,,False,1510100
900,930,R3777,B3777,True,901.0,True,2263100
900,930,R3778,B3778,True,903.0,True,2100400
900,930,R3779,B3779,True,904.0,True,1160600
900,930,R3780,B3780,False,,False,1510100
900,930,R3781,B3781,False,,False,1429200
900,930,R3782,B3782,True,902.0,True,1714400
900,930,R3783,B3783,True,906.0,True,2100400
900,930,R3784,B3784,True,902.0,True,1924100
900,930,R3785,B3785,True,908.0,True,1510100
900,930,R3786,B3786,True,903.0,True,2100400
900,930,R3787,B3787,True,908.0,True,1510100
900,930,R3788,B3788,True,904.0,True,1660300
900,930,R3789,B3789,True,905.0,True,1924100
900,930,R3790,B3790,True,908.0,True,1510100
900,930,R3791,B3791,True,906.0,True,2100400
900,930,R3792,B3792,True,908.0,True,1160600
900,930,R3793,B3793,True,908.0,True,1510100
900,930,R3794,B3794,True,910.0,True,1679800
900,930,R3795,B3795,True,906.0,True,2100400
900,930,R3796,B3796,True,911.0,True,1510100
900,930,R3797,B3797,True,907.0,True,1679800
900,930,R3798,B3798,True,907.0,True,2091400
900,930,R3799,B3799,True,907.0,True,2263100
900,930,R3800,B3800,True,908.0,True,1510100
900,930,R3801,B3801,True,908.0,True,2263100
900,930,R3802,B3802,True,909.0,True,2100400
900,930,R3803,B3803,True,909.0,True,1510100
900,930,R3804,B3804,True,909.0,True,1424900
900,930,R3805,B3805,True,909.0,True,1714400
900,930,R3806,B3806,True,911.0,True,1510100
900,930,R3807,B3807,True,910.0,True,2263100
900,930,R3808,B3808,True,911.0,True,1200900
900,930,R3809,B3809,True,916.0,True,1510100
900,930,R3810,B3810,True,911.0,True,1509700
900,930,R3811,B3811,True,911.0,True,1529100
900,930,R3812,B3812,True,911.0,True,2263100
900,930,R3813,B3813,True,911.0,True,2100400
900,930,R3814,B3814,True,911.0,True,2171100
900,930,R3815,B3815,True,912.0,True,1160600
900,930,R3816,B3816,True,912.0,True,1510100
900,930,R3817,B3817,True,912.0,True,1679800
900,930,R3818,B3818,True,912.0,True,2263100
900,930,R3819,B3819,True,912.0,True,2100400
900,930,R3820,B3820,True,913.0,True,1816500
900,930,R3821,B3821,True,914.0,True,2100400
900,930,R3822,B3822,True,913.0,True,2225000
900,930,R3823,B3823,True,914.0,True,1510100
900,930,R3824,B3824,True,914.0,True,1816500
900,930,R3825,B3825,True,914.0,True,1429200
900,930,R3826,B3826,True,917.0,True,1510100
900,930,R3827,B3827,True,918.0,True,2091400
900,930,R3828,B3828,True,918.0,True,2100400
900,930,R3829,B3829,True,916.0,True,1510100
900,930,R3830,B3830,True,916.0,True,2091400
900,930,R3831,B3831,True,916.0,True,1529100
900,930,R3832,B3832,True,917.0,True,1160600
900,930,R3833,B3833,True,919.0,True,1510100
900,930,R3834,B3834,True,917.0,True,2091400
900,930,R3835,B3835,True,917.0,True,1529100
900,930,R3836,B3836,True,917.0,True,2263100
900,930,R3837,B3837,True,918.0,True,1160600
900,930,R3838-1,B3838-1,True,918.0,True,1510100
900,930,R3838-2,B3838-2,True,918.0,True,1510100
900,930,R3839,B3839,True,918.0,True,1510100
900,930,R3840,B3840,True,918.0,True,2263100
900,930,R3841,B3841,True,921.0,False,1510100
900,930,R3842,B3842,True,919.0,True,1429200
900,930,R3843,B3843,True,920.0,False,1479400
900,930,R3844,B3844,True,920.0,False,2090400
900,930,R3845,B3845,True,920.0,False,1561900
900,930,R3846,B3846,True,920.0,False,1650300
900,930,R3847,B3847,True,920.0,False,1680800
900,930,R3848,B3848,True,920.0,False,1541900
900,930,R3849,B3849,True,922.0,False,2090400
900,930,R3850,B3850,True,924.0,False,1561900
900,930,R3851,B3851,True,923.0,False,1650300
900,930,R3852,B3852,True,923.0,False,1680800
900,930,R3853,B3853,True,922.0,False,1479400
900,930,R3854,B3854,True,925.0,False,1286300
900,930,R3855,B3855,True,922.0,False,1680800
900,930,R3856,B3856,True,925.0,False,1161600
900,930,R3857,B3857,True,925.0,False,1479400
900,930,R3858,B3858,True,923.0,False,1903900
900,930,R3859,B3859,True,924.0,False,1161600
900,930,R3860,B3860,True,924.0,False,1428200
900,930,R3861,B3861,True,924.0,False,1650300
900,930,R3862,B3862,True,924.0,False,2100400
900,930,R3863,B3863,True,925.0,False,1161600
900,930,R3864,B3864,True,925.0,False,1680800
900,930,R3865,B3865,True,925.0,False,1680800
900,930,R3866,B3866,True,925.0,False,1541900
900,930,R3867,B3867,True,926.0,False,1479400
900,930,R3868,B3868,True,927.0,False,1428200
900,930,R3869,B3869,True,927.0,False,2090400
900,930,R3870,B3870,True,926.0,False,1529100
900,930,R3871,B3871,True,927.0,False,1650300
900,930,R3872,B3872,True,926.0,False,1680800
900,930,R3873,B3873,True,926.0,False,1541900
900,930,R3874,B3874,True,927.0,False,1650300
900,930,R3875,B3875,True,929.0,False,1680800
900,930,R3876,B3876,True,928.0,False,1541900
900,930,R3877,B3877,True,929.0,False,1933400
900,930,R3878,B3878,True,930.0,False,2090400
900,930,R3879,B3879,True,929.0,False,1479400
900,930,R3880,B3880,True,929.0,False,1680800
900,930,R3881,B3881,True,930.0,False,1479400
900,930,R3882,B3882,True,930.0,False,2100400
900,930,R3883,B3883,True,930.0,False,1680800
920,950,R3841,B3841,False,,False,1510100
920,950,R3843,B3843,False,,False,1479400
920,950,R3844,B3844,True,922.0,True,2090400
920,950,R3845,B3845,False,,False,1561900
920,950,R3846,B3846,True,920.0,True,1650300
920,950,R3847,B3847,True,920.0,True,1680800
920,950,R3848,B3848,True,920.0,True,1541900
920,950,R3849,B3849,True,924.0,True,2090400
920,950,R3850,B3850,False,,False,1561900
920,950,R3851,B3851,True,923.0,True,1650300
920,950,R3852,B3852,True,923.0,True,1680800
920,950,R3853,B3853,True,928.0,True,1479400
920,950,R3854,B3854,True,922.0,True,1286300
920,950,R3855,B3855,True,922.0,True,1680800
920,950,R3856,B3856,True,926.0,True,1161600
920,950,R3857,B3857,True,928.0,True,1479400
920,950,R3858,B3858,True,928.0,True,1903900
920,950,R3859,B3859,True,927.0,True,1161600
920,950,R3860,B3860,True,928.0,True,1428200
920,950,R3861,B3861,True,924.0,True,1650300
920,950,R3862,B3862,True,928.0,True,2100400
920,950,R3863,B3863,True,928.0,True,1161600
920,950,R3864,B3864,True,930.0,True,1680800
920,950,R3865,B3865,True,925.0,True,1680800
920,950,R3866,B3866,True,925.0,True,1541900
920,950,R3867,B3867,True,927.0,True,1479400
920,950,R3868,B3868,True,928.0,True,1428200
920,950,R3869,B3869,True,929.0,True,2090400
920,950,R3870,B3870,True,926.0,True,1529100
920,950,R3871,B3871,True,927.0,True,1650300
920,950,R3872,B3872,True,926.0,True,1680800
920,950,R3873,B3873,True,926.0,True,1541900
920,950,R3874,B3874,True,927.0,True,1650300
920,950,R3875,B3875,True,929.0,True,1680800
920,950,R3876,B3876,True,928.0,True,1541900
920,950,R3877,B3877,True,929.0,True,1933400
920,950,R3878,B3878,True,930.0,True,2090400
920,950,R3879,B3879,True,929.0,True,1479400
920,950,R3880,B3880,True,934.0,True,1680800
920,950,R3881,B3881,True,930.0,True,1479400
920,950,R3882,B3882,True,930.0,True,2100400
920,950,R3883,B3883,True,930.0,True,1680800
920,950,R3884,B3884,True,933.0,True,1479400
920,950,R3885,B3885,True,933.0,True,2090400
920,950,R3886,B3886,True,931.0,True,2100400
920,950,R3887,B3887,True,933.0,True,1680800
920,950,R3888,B3888,True,931.0,True,1541900
920,950,R3889,B3889,True,932.0,True,1479400
920,950,R3890,B3890,True,933.0,True,1903900
920,950,R3891,B3891,True,932.0,True,1680800
920,950,R3892,B3892,True,933.0,True,1161600
920,950,R3893,B3893,True,935.0,True,1479400
920,950,R3894,B3894,True,933.0,True,2078100
920,950,R3895,B3895,True,933.0,True,1561900
920,950,R3896,B3896,True,935.0,True,1680800
920,950,R3897,B3897,True,934.0,True,1541900
920,950,R3898,B3898,True,940.0,False,1479400
920,950,R3899,B3899,True,939.0,True,2090400
920,950,R3900,B3900,True,934.0,True,1650300
920,950,R3901,B3901,True,934.0,True,1690700
920,950,R3902,B3902,True,934.0,True,1680800
920,950,R3903,B3903,True,940.0,False,1479400
920,950,R3904,B3904,True,935.0,True,1428200
920,950,R3905,B3905,True,938.0,True,2078100
920,950,R3906,B3906,True,935.0,True,1541900
920,950,R3907,B3907,True,941.0,False,2100400
920,950,R3908,B3908,True,937.0,True,1561900
920,950,R3909,B3909,True,937.0,True,1650300
920,950,R3910,B3910,True,937.0,True,1680800
920,950,R3911,B3911,True,944.0,False,1479400
920,950,R3912,B3912,True,938.0,True,2078100
920,950,R3913,B3913,True,940.0,False,2090400
920,950,R3914,B3914,True,938.0,True,1529100
920,950,R3915,B3915,True,938.0,True,2100400
920,950,R3916,B3916,True,942.0,False,1479400
920,950,R3917,B3917,True,941.0,False,1816500
920,950,R3918,B3918,True,939.0,True,2090400
920,950,R3919,B3919,True,939.0,True,1680800
920,950,R3920,B3920,True,944.0,False,1479400
920,950,R3921,B3921,True,940.0,False,1650300
920,950,R3922,B3922,True,941.0,False,2100400
920,950,R3923,B3923,True,941.0,False,2078100
920,950,R3924,B3924,True,942.0,False,2090400
920,950,R3925,B3925,True,942.0,False,1903900
920,950,R3926,B3926,True,945.0,False,2078100
920,950,R3927,B3927,True,942.0,False,1690700
920,950,R3928,B3928,True,942.0,False,1680800
920,950,R3929,B3929,True,942.0,False,1541900
920,950,R3930,B3930,True,943.0,False,2090400
920,950,R3931,B3931,True,943.0,False,1286300
920,950,R3932,B3932,True,943.0,False,1680800
920,950,R3933,B3933,True,943.0,False,1541900
920,950,R3934,B3934,True,944.0,False,1707400
920,950,R3935,B3935,True,948.0,False,1479400
920,950,R3936,B3936,True,944.0,False,2090400
920,950,R3937,B3937,True,944.0,False,1286300
920,950,R3938,B3938,True,946.0,False,1680800
920,950,R3939,B3939,True,945.0,False,1161600
920,950,R3940,B3940,True,945.0,False,2090400
920,950,R3941,B3941,True,946.0,False,1479400
920,950,R3942,B3942,True,949.0,False,2078100
920,950,R3943,B3943,True,946.0,False,1783900
920,950,R3944,B3944,True,949.0,False,1561900
920,950,R3945-1,B3945-1,True,947.0,False,1680800
920,950,R3945-2,B3945-2,True,947.0,False,1680800
920,950,R3946,B3946,True,949.0,False,1924100
920,950,R3947,B3947,True,949.0,False,1479400
920,950,R3948,B3948,True,950.0,False,1680800
920,950,R3949,B3949,True,950.0,False,1428200
920,950,R3950,B3950,True,950.0,False,1561900
920,950,R3951,B3951,True,950.0,False,1680800
940,970,R3843,B3843,False,,False,1479400
940,970,R3850,B3850,False,,False,1561900
940,970,R3898,B3898,False,,False,1479400
940,970,R3903,B3903,False,,False,1479400
940,970,R3907,B3907,True,941.0,True,2100400
940,970,R3911,B3911,False,,False,1479400
940,970,R3913,B3913,True,940.0,True,2090400
940,970,R3916,B3916,False,,False,1479400
940,970,R3917,B3917,False,,False,1816500
940,970,R3920,B3920,False,,False,1479400
940,970,R3921,B3921,True,940.0,True,1650300
940,970,R3922,B3922,True,943.0,True,2100400
940,970,R3923,B3923,True,943.0,True,2078100
940,970,R3924,B3924,True,941.0,True,2090400
940,970,R3925,B3925,True,946.0,True,1903900
940,970,R3926,B3926,False,,False,2078100
940,970,R3927,B3927,True,942.0,True,1690700
940,970,R3928,B3928,True,942.0,True,1680800
940,970,R3929,B3929,True,942.0,True,1541900
940,970,R3930,B3930,True,943.0,True,2090400
940,970,R3931,B3931,True,943.0,True,1286300
940,970,R3932,B3932,True,945.0,True,1680800
940,970,R3933,B3933,True,943.0,True,1541900
940,970,R3934,B3934,True,947.0,True,1707400
940,970,R3935,B3935,True,948.0,True,1479400
940,970,R3936,B3936,True,949.0,True,2090400
940,970,R3937,B3937,True,944.0,True,1286300
940,970,R3938,B3938,True,944.0,True,1680800
940,970,R3939,B3939,True,948.0,True,1161600
940,970,R3940,B3940,True,945.0,True,2090400
940,970,R3941,B3941,True,948.0,True,1479400
940,970,R3942,B3942,True,947.0,True,2078100
940,970,R3943,B3943,True,951.0,True,1783900
940,970,R3944,B3944,True,947.0,True,1561900
940,970,R3945-1,B3945-1,True,947.0,True,1680800
940,970,R3945-2,B3945-2,True,947.0,True,1680800
940,970,R3946,B3946,True,949.0,True,1924100
940,970,R3947,B3947,True,949.0,True,1479400
940,970,R3948,B3948,True,949.0,True,1680800
940,970,R3949,B3949,True,952.0,True,1428200
940,970,R3950,B3950,True,950.0,True,1561900
940,970,R3951,B3951,True,955.0,True,1680800
940,970,R3952,B3952,True,951.0,True,1161600
940,970,R3953,B3953,True,951.0,True,1680800
940,970,R3954,B3954,True,952.0,True,1479400
940,970,R3955,B3955,True,956.0,True,2090400
940,970,R3956,B3956,True,953.0,True,1561900
940,970,R3957,B3957,True,952.0,True,1650300
940,970,R3958,B3958,True,952.0,True,1680800
940,970,R3959,B3959,True,957.0,True,1479400
940,970,R3960,B3960,True,954.0,True,1680800
940,970,R3961,B3961,True,953.0,True,2090400
940,970,R3962,B3962,True,955.0,True,1650300
940,970,R3963,B3963,True,954.0,True,1479400
940,970,R3964,B3964,True,956.0,True,2090400
940,970,R3965,B3965,True,954.0,True,1650300
940,970,R3966,B3966,True,954.0,True,1286300
940,970,R3967,B3967,True,955.0,True,1973700
940,970,R3968,B3968,True,959.0,True,1479400
940,970,R3969,B3969,True,957.0,True,1650300
940,970,R3970,B3970,True,955.0,True,1680800
940,970,R3971,B3971,True,957.0,True,1161600
940,970,R3972,B3972,True,956.0,True,1479400
940,970,R3973,B3973,True,957.0,True,2090400
940,970,R3974,B3974,True,957.0,True,1650300
940,970,R3975,B3975,True,957.0,True,1939000
940,970,R3976,B3976,True,958.0,True,1680800
940,970,R3977,B3977,True,964.0,False,1479400
940,970,R3978,B3978,True,958.0,True,2090400
940,970,R3979,B3979,True,958.0,True,1650300
940,970,R3980,B3980,True,959.0,True,1707400
940,970,R3981,B3981,True,960.0,False,2090400
940,970,R3982,B3982,True,960.0,False,1650300
940,970,R3983,B3983,True,959.0,True,1680800
940,970,R3984,B3984,True,959.0,True,1541900
940,970,R3985,B3985,True,965.0,False,1479400
940,970,R3986,B3986,True,961.0,False,2090400
940,970,R3987,B3987,True,961.0,False,1650300
940,970,R3988,B3988,True,961.0,False,2090400
940,970,R3989,B3989,True,961.0,False,1680800
940,970,R3990,B3990,True,962.0,False,1561900
940,970,R3991,B3991,True,963.0,False,1650300
940,970,R3992,B3992,True,963.0,False,1286300
940,970,R3993,B3993,True,965.0,False,1561900
940,970,R3994,B3994,True,965.0,False,2100400
940,970,R3995,B3995,True,966.0,False,1161600
940,970,R3996,B3996,True,966.0,False,2078100
940,970,R3997,B3997,True,966.0,False,1650300
940,970,R3998,B3998,True,966.0,False,1939000
940,970,R3999,B3999,True,966.0,False,1680800
940,970,R4000,B4000,True,966.0,False,1541900
940,970,R4001,B4001,True,967.0,False,1479400
940,970,R4002,B4002,True,967.0,False,1933400
940,970,R4003,B4003,True,967.0,False,1660300
940,970,R4004,B4004,True,967.0,False,1680800
940,970,R4005,B4005,True,967.0,False,1541900
940,970,R4006,B4006,True,968.0,False,1286300
940,970,R4007,B4007,True,970.0,False,1680800
940,970,R4008,B4008,True,969.0,False,1541900
940,970,R4009,B4009,True,970.0,False,1479400
940,970,R4010,B4010,True,969.0,False,1680800
940,970,R4011,B4011,True,969.0,False,2090400
940,970,R4012,B4012,True,969.0,False,1561900
940,970,R4013,B4013,True,969.0,False,1650300
940,970,R4014,B4014,True,969.0,False,1939000
940,970,R4015,B4015,True,969.0,False,1680800
940,970,R4016,B4016,True,970.0,False,1541900
940,970,R4017,B4017,True,970.0,False,1650300
940,970,R4018,B4018,True,970.0,False,2100400
940,970,R4019,B4019,True,970.0,False,1783900
940,970,R4020,B4020,True,970.0,False,1680800
960,990,R3911,B3911,False,,False,1479400
960,990,R3916,B3916,False,,False,1479400
960,990,R3920,B3920,False,,False,1479400
960,990,R3926,B3926,False,,False,2078100
960,990,R3977,B3977,False,,False,1479400
960,990,R3981,B3981,True,960.0,True,2090400
960,990,R3982,B3982,True,960.0,True,1650300
960,990,R3985,B3985,True,966.0,True,1479400
960,990,R3986,B3986,True,960.0,True,2090400
960,990,R3987,B3987,True,960.0,True,1650300
960,990,R3988,B3988,True,961.0,True,2090400
960,990,R3989,B3989,True,961.0,True,1680800
960,990,R3990,B3990,True,966.0,True,1561900
960,990,R3991,B3991,True,963.0,True,1650300
960,990,R3992,B3992,True,963.0,True,1286300
960,990,R3993,B3993,True,966.0,True,1561900
960,990,R3994,B3994,True,965.0,True,2100400
960,990,R3995,B3995,True,968.0,True,1161600
960,990,R3996,B3996,True,969.0,True,2078100
960,990,R3997,B3997,True,966.0,True,1650300
960,990,R3998,B3998,True,966.0,True,1939000
960,990,R3999,B3999,True,966.0,True,1680800
960,990,R4000,B4000,True,966.0,True,1541900
960,990,R4001,B4001,True,968.0,True,1479400
960,990,R4002,B4002,True,967.0,True,1933400
960,990,R4003,B4003,True,967.0,True,1660300
960,990,R4004,B4004,True,971.0,True,1680800
960,990,R4005,B4005,True,967.0,True,1541900
960,990,R4006,B4006,True,968.0,True,1286300
960,990,R4007,B4007,True,968.0,True,1680800
960,990,R4008,B4008,True,969.0,True,1541900
960,990,R4009,B4009,True,971.0,True,1479400
960,990,R4010,B4010,True,969.0,True,1680800
960,990,R4011,B4011,True,969.0,True,2090400
960,990,R4012,B4012,True,969.0,True,1561900
960,990,R4013,B4013,True,969.0,True,1650300
960,990,R4014,B4014,True,969.0,True,1939000
960,990,R4015,B4015,True,971.0,True,1680800
960,990,R4016,B4016,True,970.0,True,1541900
960,990,R4017,B4017,True,970.0,True,1650300
960,990,R4018,B4018,True,970.0,True,2100400
960,990,R4019,B4019,True,970.0,True,1783900
960,990,R4020,B4020,True,971.0,True,1680800
960,990,R4021,B4021,True,974.0,True,1479400
960,990,R4022,B4022,True,973.0,True,1783900
960,990,R4023,B4023,True,972.0,True,1428200
960,990,R4024,B4024,True,972.0,True,1939000
960,990,R4025,B4025,True,973.0,True,2100400
960,990,R4026,B4026,True,972.0,True,1541900
960,990,R4027,B4027,True,973.0,True,1716400
960,990,R4028,B4028,True,977.0,True,1479400
960,990,R4029,B4029,True,974.0,True,1680800
960,990,R4030,B4030,True,974.0,True,1479400
960,990,R4031,B4031,True,974.0,True,1680800
960,990,R4032,B4032,True,975.0,True,1161600
960,990,R4033,B4033,True,975.0,True,1479400
960,990,R4034,B4034,True,977.0,True,2090400
960,990,R4035,B4035,True,975.0,True,1541900
960,990,R4036,B4036,True,982.0,False,1479400
960,990,R4037,B4037,True,976.0,True,1680800
960,990,R4038,B4038,True,977.0,True,1161600
960,990,R4039,B4039,True,978.0,True,1479400
960,990,R4040,B4040,True,982.0,False,1783900
960,990,R4041,B4041,True,979.0,True,1680800
960,990,R4042,B4042,True,978.0,True,1479400
960,990,R4043,B4043,True,978.0,True,1561900
960,990,R4044,B4044,True,978.0,True,1680800
960,990,R4045,B4045,True,978.0,True,1541900
960,990,R4046,B4046,True,979.0,True,1707400
960,990,R4047,B4047,True,979.0,True,1538500
960,990,R4048,B4048,True,979.0,True,1680800
960,990,R4049,B4049,True,979.0,True,1541900
960,990,R4050,B4050,True,982.0,False,1480400
960,990,R4051,B4051,True,981.0,False,2091400
960,990,R4052,B4052,True,982.0,False,1680800
960,990,R4053,B4053,True,985.0,False,1510100
960,990,R4054,B4054,True,983.0,False,1480400
960,990,R4055,B4055,True,983.0,False,2091400
960,990,R4056,B4056,True,983.0,False,1562900
960,990,R4057,B4057,True,983.0,False,1680800
960,990,R4058,B4058,True,985.0,False,1480400
960,990,R4059,B4059,True,984.0,False,1650300
960,990,R4060,B4060,True,985.0,False,1816500
960,990,R4061,B4061,True,985.0,False,1562900
960,990,R4062,B4062,True,986.0,False,1680800
960,990,R4063,B4063,True,986.0,False,1542900
960,990,R4064,B4064,True,988.0,False,1480400
960,990,R4065,B4065,True,990.0,False,1562900
960,990,R4066,B4066,True,987.0,False,2100400
960,990,R4067,B4067,True,987.0,False,1680800
960,990,R4068,B4068,True,990.0,False,1480400
960,990,R4069,B4069,True,988.0,False,2091400
960,990,R4070,B4070,True,989.0,False,1680800
960,990,R4071,B4071,True,989.0,False,1510100
960,990,R4072,B4072,True,989.0,False,1650300
960,990,R4073,B4073,True,990.0,False,1510100
960,990,R4074,B4074,True,990.0,False,2091400
960,990,R4075,B4075,True,990.0,False,1680800
980,1010,R3977,B3977,False,,False,1479400
980,1010,R4036,B4036,False,,False,1479400
980,1010,R4040,B4040,True,982.0,True,1783900
980,1010,R4050,B4050,False,,False,1480400
980,1010,R4051,B4051,True,981.0,True,2091400
980,1010,R4052,B4052,True,981.0,True,1680800
980,1010,R4053,B4053,True,983.0,True,1510100
980,1010,R4054,B4054,True,986.0,True,1480400
980,1010,R4055,B4055,True,983.0,True,2091400
980,1010,R4056,B4056,True,983.0,True,1562900
980,1010,R4057,B4057,True,984.0,True,1680800
980,1010,R4058,B4058,True,988.0,True,1480400
980,1010,R4059,B4059,True,984.0,True,1650300
980,1010,R4060,B4060,True,985.0,True,1816500
980,1010,R4061,B4061,True,986.0,True,1562900
980,1010,R4062,B4062,True,986.0,True,1680800
980,1010,R4063,B4063,True,986.0,True,1542900
980,1010,R4064,B4064,True,988.0,True,1480400
980,1010,R4065,B4065,True,990.0,True,1562900
980,1010,R4066,B4066,True,987.0,True,2100400
980,1010,R4067,B4067,True,989.0,True,1680800
980,1010,R4068,B4068,True,988.0,True,1480400
980,1010,R4069,B4069,True,988.0,True,2091400
980,1010,R4070,B4070,True,993.0,True,1680800
980,1010,R4071,B4071,True,989.0,True,1510100
980,1010,R4072,B4072,True,993.0,True,1650300
980,1010,R4073,B4073,True,990.0,True,1510100
980,1010,R4074,B4074,True,991.0,True,2091400
980,1010,R4075,B4075,True,990.0,True,1680800
980,1010,R4076,B4076,True,996.0,True,1680800
980,1010,R4077,B4077,True,992.0,True,1530100
980,1010,R4078,B4078,True,992.0,True,1924100
980,1010,R4079,B4079,True,993.0,True,1510100
980,1010,R4080,B4080,True,993.0,True,1680800
980,1010,R4081,B4081,True,994.0,True,1480400
980,1010,R4082,B4082,True,994.0,True,1510100
980,1010,R4083,B4083,True,994.0,True,1903900
980,1010,R4084,B4084,True,995.0,True,1161600
980,1010,R4085,B4085,True,995.0,True,1480400
980,1010,R4086,B4086,True,997.0,True,1510100
980,1010,R4087,B4087,True,995.0,True,1650300
980,1010,R4088,B4088,True,995.0,True,1680800
980,1010,R4089,B4089,True,996.0,True,1706400
980,1010,R4090,B4090,True,996.0,True,2214000
980,1010,R4091,B4091,True,996.0,True,1542900
980,1010,R4092,B4092,True,997.0,True,1480400
980,1010,R4093,B4093,True,998.0,True,1480400
980,1010,R4094,B4094,True,999.0,True,1717600
980,1010,R4095,B4095,True,999.0,True,1650300
980,1010,R4096,B4096,True,1002.0,False,1680800
980,1010,R4097,B4097,True,1001.0,False,1480400
980,1010,R4098,B4098,True,1000.0,False,1542900
980,1010,R4099,B4099,True,1001.0,False,1680800
980,1010,R4100,B4100,True,1001.0,False,2091400
980,1010,R4101,B4101,True,1001.0,False,1680800
980,1010,R4102,B4102,True,1002.0,False,1562900
980,1010,R4103,B4103,True,1003.0,False,1816500
980,1010,R4104,B4104,True,1004.0,False,1680800
980,1010,R4105,B4105,True,1004.0,False,1480400
980,1010,R4106,B4106,True,1004.0,False,1903900
980,1010,R4107,B4107,True,1004.0,False,1680800
980,1010,R4108,B4108,True,1004.0,False,2091400
980,1010,R4109,B4109,True,1004.0,False,1542900
980,1010,R4110,B4110,True,1005.0,False,1510100
980,1010,R4111,B4111,True,1005.0,False,1680800
980,1010,R4112,B4112,True,1006.0,False,1480400
980,1010,R4113,B4113,True,1006.0,False,1510100
980,1010,R4114,B4114,True,1008.0,False,1680800
980,1010,R4115,B4115,True,1007.0,False,1480400
980,1010,R4116,B4116,True,1007.0,False,1680800
980,1010,R4117,B4117,True,1008.0,False,1480400
980,1010,R4118,B4118,True,1008.0,False,1510100
980,1010,R4119,B4119,True,1010.0,False,1680800
980,1010,R4120,B4120,True,1009.0,False,1973700
980,1010,R4121,B4121,True,1009.0,False,1480400
980,1010,R4122,B4122,True,1009.0,False,1650300
980,1010,R4123,B4123,True,1009.0,False,2100400
980,1010,R4124,B4124,True,1009.0,False,1680800
980,1010,R4125,B4125,True,1010.0,False,1480400
980,1010,R4126,B4126,True,1010.0,False,1470100
980,1010,R4127,B4127,True,1010.0,False,1680800
980,1010,R4128,B4128,True,1010.0,False,2100400
1000,1030,R4050,B4050,False,,False,1480400
1000,1030,R4096,B4096,True,1000.0,True,1680800
1000,1030,R4097,B4097,False,,False,1480400
1000,1030,R4098,B4098,True,1000.0,True,1542900
1000,1030,R4099,B4099,True,1001.0,True,1680800
1000,1030,R4100,B4100,True,1001.0,True,2091400
1000,1030,R4101,B4101,True,1003.0,True,1680800
1000,1030,R4102,B4102,True,1002.0,True,1562900
1000,1030,R4103,B4103,True,1003.0,True,1816500
1000,1030,R4104,B4104,True,1003.0,True,1680800
1000,1030,R4105,B4105,True,1008.0,True,1480400
1000,1030,R4106,B4106,True,1004.0,True,1903900
1000,1030,R4107,B4107,True,1004.0,True,1680800
1000,1030,R4108,B4108,True,1004.0,True,2091400
1000,1030,R4109,B4109,True,1004.0,True,1542900
1000,1030,R4110,B4110,True,1006.0,True,1510100
1000,1030,R4111,B4111,True,1006.0,True,1680800
1000,1030,R4112,B4112,True,1006.0,True,1480400
1000,1030,R4113,B4113,True,1006.0,True,1510100
1000,1030,R4114,B4114,True,1006.0,True,1680800
1000,1030,R4115,B4115,True,1009.0,True,1480400
1000,1030,R4116,B4116,True,1009.0,True,1680800
1000,1030,R4117,B4117,True,1009.0,True,1480400
1000,1030,R4118,B4118,True,1009.0,True,1510100
1000,1030,R4119,B4119,True,1008.0,True,1680800
1000,1030,R4120,B4120,True,1009.0,True,1973700
1000,1030,R4121,B4121,True,1009.0,True,1480400
1000,1030,R4122,B4122,True,1009.0,True,1650300
1000,1030,R4123,B4123,True,1009.0,True,2100400
1000,1030,R4124,B4124,True,1011.0,True,1680800
1000,1030,R4125,B4125,True,1012.0,True,1480400
1000,1030,R4126,B4126,True,1010.0,True,1470100
1000,1030,R4127,B4127,True,1010.0,True,1680800
1000,1030,R4128,B4128,True,1012.0,True,2100400
1000,1030,R4129,B4129,True,1011.0,True,1480400
1000,1030,R4130,B4130,True,1012.0,True,1510100
1000,1030,R4131,B4131,True,1012.0,True,2091400
1000,1030,R4132,B4132,True,1012.0,True,1542900
1000,1030,R4133,B4133,True,1013.0,True,1650300
1000,1030,R4134,B4134,True,1014.0,True,2100400
1000,1030,R4135,B4135,True,1014.0,True,1680800
1000,1030,R4136,B4136,True,1015.0,True,1480400
1000,1030,R4137,B4137,True,1015.0,True,1542900
1000,1030,R4138,B4138,True,1016.0,True,1161600
1000,1030,R4139,B4139,True,1016.0,True,1480400
1000,1030,R4140,B4140,True,1016.0,True,1660300
1000,1030,R4141,B4141,True,1017.0,True,2100400
1000,1030,R4142,B4142,True,1020.0,False,1680800
1000,1030,R4143,B4143,True,1018.0,True,1480400
1000,1030,R4144,B4144,True,1021.0,False,1680800
1000,1030,R4145,B4145,True,1018.0,True,2100400
1000,1030,R4146,B4146,True,1018.0,True,1680800
1000,1030,R4147,B4147,True,1019.0,True,1510100
1000,1030,R4148,B4148,True,1019.0,True,1680800
1000,1030,R4149,B4149,True,1020.0,False,1480400
1000,1030,R4150,B4150,True,1020.0,False,2091400
1000,1030,R4151,B4151,True,1020.0,False,1660300
1000,1030,R4152,B4152,True,1021.0,False,2091400
1000,1030,R4153,B4153,True,1022.0,False,1680800
1000,1030,R4154,B4154,True,1026.0,False,1480400
1000,1030,R4155,B4155,True,1023.0,False,1562900
1000,1030,R4156,B4156,True,1023.0,False,1650300
1000,1030,R4157,B4157,True,1024.0,False,1542900
1000,1030,R4158,B4158,True,1030.0,False,1428200
1000,1030,R4159,B4159,True,1025.0,False,1680800
1000,1030,R4160,B4160,True,1026.0,False,1650300
1000,1030,R4161,B4161,True,1027.0,False,1480400
1000,1030,R4162,B4162,True,1028.0,False,1717600
1000,1030,R4163,B4163,True,1030.0,False,1480400
1000,1030,R4164,B4164,True,1029.0,False,1542900
1020,1050,R4097,B4097,False,,False,1480400
1020,1050,R4142,B4142,True,1020.0,True,1680800
1020,1050,R4144,B4144,True,1021.0,True,1680800
1020,1050,R4149,B4149,True,1024.0,True,1480400
1020,1050,R4150,B4150,True,1020.0,True,2091400
1020,1050,R4151,B4151,True,1020.0,True,1660300
1020,1050,R4152,B4152,True,1022.0,True,2091400
1020,1050,R4153,B4153,True,1021.0,True,1680800
1020,1050,R4154,B4154,True,1024.0,True,1480400
1020,1050,R4155,B4155,True,1023.0,True,1562900
1020,1050,R4156,B4156,True,1023.0,True,1650300
1020,1050,R4157,B4157,True,1024.0,True,1542900
1020,1050,R4158,B4158,True,1025.0,True,1428200
1020,1050,R4159,B4159,True,1025.0,True,1680800
1020,1050,R4160,B4160,True,1026.0,True,1650300
1020,1050,R4161,B4161,True,1027.0,True,1480400
1020,1050,R4162,B4162,True,1028.0,True,1717600
1020,1050,R4163,B4163,True,1029.0,True,1480400
1020,1050,R4164,B4164,True,1029.0,True,1542900
1020,1050,R4165,B4165,True,1032.0,True,1480400
1020,1050,R4166,B4166,True,1031.0,True,1510100
1020,1050,R4167,B4167,True,1031.0,True,2100400
1020,1050,R4168,B4168,True,1033.0,True,1510100
1020,1050,R4169,B4169,True,1032.0,True,1680800
1020,1050,R4170,B4170,True,1032.0,True,1542900
1020,1050,R4171,B4171,True,1033.0,True,1680800
1020,1050,R4172,B4172,True,1038.0,True,1650300
1020,1050,R4173,B4173,True,1036.0,True,2091400
1020,1050,R4174,B4174,True,1034.0,True,1650300
1020,1050,R4175,B4175,True,1036.0,True,2091400
1020,1050,R4176,B4176,True,1037.0,True,1510100
1020,1050,R4177,B4177,True,1037.0,True,1680800
1020,1050,R4178,B4178,True,1038.0,True,1510100
1020,1050,R4179,B4179,True,1043.0,False,1480400
1020,1050,R4180,B4180,True,1045.0,False,1479400
1020,1050,R4181,B4181,True,1047.0,False,1680800
1020,1050,R4182,B4182,True,1045.0,False,1542900
1020,1050,R4183,B4183,True,1047.0,False,1679800
1020,1050,R4184,B4184,True,1050.0,False,1680800
1020,1050,R4185,B4185,True,1048.0,False,1542900
1020,1050,R4186,B4186,True,1049.0,False,1479400
1020,1050,R4187,B4187,True,1049.0,False,1542900
1040,1070,R4179,B4179,False,,False,1480400
1040,1070,R4180,B4180,True,1046.0,True,1479400
1040,1070,R4181,B4181,True,1046.0,True,1680800
1040,1070,R4182,B4182,True,1045.0,True,1542900
1040,1070,R4183,B4183,True,1050.0,True,1679800
1040,1070,R4184,B4184,True,1049.0,True,1680800
1040,1070,R4185,B4185,True,1048.0,True,1542900
1040,1070,R4186,B4186,True,1049.0,True,1479400
1040,1070,R4187,B4187,True,1049.0,True,1542900
1040,1070,R4188,B4188,True,1052.0,True,1479400
1040,1070,R4189,B4189,True,1054.0,True,1680800
1040,1070,R4190,B4190,True,1052.0,True,1729700
1040,1070,R4191,B4191,True,1055.0,True,2091400
1040,1070,R4192,B4192,True,1057.0,True,1479400
1040,1070,R4193,B4193,True,1058.0,True,1680800
1040,1070,R4194,B4194,True,1059.0,True,2091400
1040,1070,R4195,B4195,True,1060.0,False,2091400
1040,1070,R4196,B4196,True,1061.0,False,1542900
1040,1070,R4197,B4197,True,1062.0,False,1690700
1040,1070,R4198,B4198,True,1067.0,False,1479400
1040,1070,R4199,B4199,True,1065.0,False,1651300
1040,1070,R4200,B4200,True,1069.0,False,2091400
1060,1090,R4195,B4195,True,1060.0,True,2091400
1060,1090,R4196,B4196,True,1061.0,True,1542900
1060,1090,R4197,B4197,True,1062.0,True,1690700
1060,1090,R4198,B4198,True,1067.0,True,1479400
1060,1090,R4199,B4199,True,1069.0,True,1651300
1060,1090,R4200,B4200,True,1069.0,True,2091400
1060,1090,R4201,B4201,True,1074.0,True,1542900
1060,1090,R4202,B4202,True,1074.0,True,1479400
1060,1090,R4203,B4203,True,1077.0,True,1479400
1060,1090,R4204,B4204,True,1077.0,True,1679800
1060,1090,R4205,B4205,True,1079.0,True,1429200
1060,1090,R4206,B4206,True,1080.0,False,1680800
1060,1090,R4207,B4207,True,1080.0,False,1561900
1060,1090,R4208,B4208,True,1081.0,False,2091400
1080,1110,R4206,B4206,True,1080.0,True,1680800
1080,1110,R4207,B4207,True,1080.0,True,1561900
1080,1110,R4208,B4208,True,1081.0,True,2091400
